1000
868 872
120 137
141 144
907 911
993 995
738 746
729 747
747 765
128 135
896 924
552 561
523 551
663 675
924 947
128 158
159 164
63 84
795 824
154 161
664 667
397 425
594 598
441 446
377 390
475 496
983 987
570 582
505 512
430 436
147 159
837 839
170 175
169 172
790 795
483 486
872 876
290 314
755 777
785 809
77 104
52 56
309 310
532 550
747 769
926 944
649 676
237 255
451 454
681 711
765 789
767 787
93 103
88 94
816 818
431 448
528 557
555 559
771 777
276 295
316 326
349 376
336 365
799 815
589 615
855 864
586 601
365 370
818 836
748 754
340 351
819 832
526 539
927 930
470 479
769 799
350 359
930 955
540 552
27 39
660 679
913 921
152 175
563 580
59 80
751 760
75 81
987 1009
499 522
495 503
295 298
634 636
422 446
838 853
536 543
430 450
747 759
879 893
611 628
713 727
330 333
159 177
239 269
15 37
24 52
338 360
451 470
967 968
213 242
774 790
367 371
592 616
996 1013
551 560
950 954
598 607
474 482
826 849
43 72
693 695
586 608
799 811
203 226
862 873
647 674
721 731
595 600
912 929
835 836
104 133
211 239
945 958
415 424
73 101
50 72
893 910
699 713
781 786
939 955
622 637
567 579
79 98
360 373
669 679
634 645
298 324
389 419
721 722
907 917
819 849
319 327
773 775
589 615
490 510
686 704
431 458
632 656
727 745
824 836
302 312
549 560
843 870
576 603
804 824
665 693
717 727
838 843
149 169
485 513
503 511
399 419
719 724
996 999
72 98
376 406
403 424
255 263
843 850
86 92
498 522
277 307
831 839
433 459
395 397
509 510
273 287
249 277
605 614
672 681
344 349
465 480
297 318
322 325
928 936
675 701
522 534
793 810
73 87
363 364
887 900
288 308
432 437
607 635
32 53
741 771
575 596
502 516
576 586
809 824
625 639
897 915
827 845
320 350
801 808
607 628
368 383
617 622
67 88
172 174
440 465
183 189
963 970
148 174
535 545
553 571
333 354
787 808
123 142
165 179
262 284
312 335
852 866
211 233
481 497
651 667
131 137
625 640
12 30
988 999
614 638
450 480
461 471
757 762
858 865
964 990
495 516
458 485
834 859
458 460
241 262
583 586
248 276
398 399
273 293
970 975
762 768
682 712
789 801
274 279
351 353
200 219
235 237
767 779
426 446
167 186
10 17
395 424
838 861
592 621
872 898
776 804
115 129
834 861
686 700
684 702
1 16
954 956
281 283
298 321
186 211
238 249
683 710
154 165
597 605
740 763
793 807
723 736
896 921
117 120
470 493
502 531
814 839
735 765
473 486
502 508
402 409
35 56
594 601
551 581
235 254
475 476
707 733
204 634
553 555
887 913
85 88
700 727
222 230
689 712
824 852
903 909
385 389
743 754
656 663
564 591
615 645
449 454
412 427
590 609
731 733
235 257
1 9
688 700
840 869
964 994
127 147
758 760
445 457
895 898
258 284
838 859
192 209
689 707
204 212
838 841
575 597
739 754
657 675
910 937
979 982
154 161
924 954
440 442
565 571
189 201
176 188
343 359
918 946
118 131
314 338
685 711
234 252
451 480
757 761
824 838
245 268
430 440
878 903
399 416
697 698
403 430
9 13
825 854
607 627
306 325
348 369
871 892
932 961
22 32
851 852
962 989
751 781
220 228
676 692
774 802
272 278
62 90
244 266
97 123
914 915
529 544
818 847
350 370
245 271
150 158
795 796
214 240
710 730
566 578
5 30
521 540
336 346
880 901
304 331
856 875
167 184
751 774
722 737
958 971
90 91
638 647
331 361
584 607
345 363
343 368
313 337
929 942
688 696
820 850
540 563
675 679
804 820
749 772
540 542
554 576
780 787
683 687
618 646
242 247
97 122
386 410
621 625
611 640
17 31
917 939
47 52
819 824
280 290
798 805
511 523
685 702
848 863
925 935
976 980
47 61
523 533
403 433
594 604
625 630
639 640
959 961
959 971
772 800
506 522
263 289
698 711
729 734
727 752
442 459
715 732
67 78
367 379
332 344
438 444
623 641
35 37
611 615
125 127
218 219
682 710
114 122
963 993
794 809
182 184
795 812
883 912
633 660
836 865
97 115
648 676
510 523
356 363
173 183
846 870
630 657
270 276
913 940
569 597
699 728
150 167
787 794
790 797
394 413
201 219
660 667
767 790
131 145
792 798
793 801
643 647
28 36
365 389
712 715
157 172
494 513
476 481
822 840
827 839
4 14
164 188
776 782
666 692
392 395
479 482
128 149
529 544
31 59
830 838
658 688
572 586
519 537
985 1006
815 832
994 996
8 15
69 82
512 525
449 459
712 728
399 401
31 61
384 400
610 629
809 826
962 976
309 319
385 391
986 999
856 1722
105 107
65 88
571 587
608 635
977 991
310 328
288 290
63 90
319 339
840 861
484 491
810 831
416 432
870 883
344 349
125 153
927 947
2 10
237 264
154 182
459 478
565 588
304 325
629 649
117 139
796 805
822 832
423 424
396 823
531 543
912 917
248 262
156 173
567 592
985 1003
186 213
437 446
697 722
934 963
651 664
904 913
697 712
246 253
570 594
648 660
897 910
443 451
53 62
943 973
251 274
455 456
202 211
838 849
356 383
899 912
396 405
57 78
802 819
468 478
167 173
298 309
387 405
791 817
87 115
405 430
40 43
518 535
685 705
269 288
145 169
515 534
531 548
29 54
322 331
462 465
489 506
410 435
669 672
210 235
672 683
535 536
706 718
37 53
390 419
225 252
139 149
448 453
875 882
637 666
84 95
67 77
459 461
422 423
642 643
101 117
427 441
28 35
322 344
147 164
401 409
761 779
942 958
998 1016
919 926
350 352
979 992
963 968
472 479
446 463
189 202
910 935
557 568
490 501
94 103
550 551
112 126
861 880
204 207
623 627
114 133
272 287
713 726
731 760
146 154
545 552
841 853
963 993
367 368
112 117
567 593
30 59
519 536
571 585
608 618
760 767
927 953
738 767
707 723
604 616
845 868
565 585
384 399
981 1002
788 796
269 292
224 253
818 829
808 820
513 533
229 248
504 515
130 141
523 532
771 779
829 856
964 976
811 819
526 533
138 159
432 453
961 969
469 478
424 433
806 815
416 443
750 766
47 69
12 32
514 517
163 183
803 814
754 781
175 193
341 356
272 275
646 657
251 258
448 459
457 469
340 362
855 878
822 825
811 834
209 232
6 26
416 435
519 522
2 10
122 147
633 659
792 794
960 970
865 895
36 37
842 855
686 710
851 864
977 994
820 840
757 778
749 753
11 37
695 725
463 464
747 754
613 618
40 63
682 709
866 877
430 432
107 121
926 936
84 99
289 310
904 933
610 636
480 504
817 843
219 230
235 255
521 534
796 809
735 763
718 724
557 565
358 368
282 310
168 175
26 40
57 81
607 618
858 870
428 455
227 250
744 753
122 146
122 145
912 915
875 893
720 740
154 159
377 380
200 220
365 367
538 555
629 650
552 560
90 98
922 930
525 551
135 140
455 472
878 907
805 819
413 425
746 764
224 232
762 764
538 563
378 383
157 167
918 925
881 903
140 165
287 299
867 880
134 139
5 909
204 230
878 899
851 873
248 250
981 988
578 596
656 678
650 666
617 622
465 486
161 191
147 152
291 301
334 356
733 751
879 909
898 915
150 173
684 689
589 590
32 60
423 450
960 964
335 357
829 850
184 203
752 776
770 772
509 523
994 1013
609 625
967 992
727 750
79 108
375 393
563 588
48 67
330 351
419 422
52 53
784 814
654 667
549 557
780 807
996 1021
114 134
267 268
306 320
116 142
13 21
579 602
990 991
597 612
598 611
622 628
404 432
690 710
174 196
510 534
580 606
958 983
753 775
938 949
521 551
262 264
778 807
30 39
696 720
117 130
775 802
993 1013
267 285
640 646
980 1007
938 941
726 743
892 907
283 304
251 273
424 449
901 915
202 223
233 240
501 531
752 755
783 789
155 160
75 93
987 998
602 631
545 558
443 460
252 262
369 371
143 158
530 551
511 535
400 402
42 54
880 908
860 889
601 612
370 400
343 344
313 314
851 864
426 448
688 702
588 602
335 1237
220 248
41 42
220 229
527 531
960 989
107 135
545 560
89 108
679 689
955 961
33 47
642 645
659 686
430 432
220 244
839 864
505 522
210 215
707 719
834 853
810 836
618 635
933 958
274 286
335 355
449 459
298 303
674 689
515 517
410 416
372 378
774 791
502 503
550 566
874 903
419 447
711 726
295 323
471 498
638 641
641 648
772 802
739 742
631 657
826 853
421 428
609 633
478 501
401 409
897 905
449 451
589 592
606 635
918 943
671 699
104 120
694 720
104 133
459 463
250 395
887 909
836 851
979 998
722 746
681 709
230 234
726 754
773 779
310 334
825 854
243 245
628 639
211 212
607 620
850 878
832 852
128 146
961 965
912 937
373 381
389 408
584 610
402 404
412 416
574 604
524 532
930 946
181 208
512 535
716 741
421 423
307 315
325 326
183 188
