100
16 25
23 28
77 79
72 81
19 25
41 48
6 16
28 37
25 35
29 36
73 81
1 2
39 43
63 67
67 68
38 46
53 54
86 92
34 41
82 85
40 41
26 35
45 49
94 101
71 81
56 57
79 80
7 12
81 86
64 65
33 42
91 96
36 40
52 56
61 63
48 51
17 23
80 81
72 78
85 94
67 68
36 44
85 94
88 89
57 60
41 44
66 67
27 35
68 74
5 13
30 40
36 40
1 10
76 86
8 14
30 34
59 60
12 18
23 25
82 90
17 18
32 42
47 51
15 24
65 70
42 45
51 53
10 17
43 48
91 98
0 10
73 83
28 37
66 69
2 9
74 76
90 91
98 102
84 89
46 52
29 32
65 71
21 25
63 71
31 116
24 32
84 87
66 68
92 99
11 16
84 94
13 21
31 34
87 89
9 11
96 97
20 24
91 93
49 56
25 35
