50 22 10
159 4372
8070 1833
8297 7487
8177 7518
2270 7773
2668 1763
3985 7192
8480 3102
7627 9213
4099 4802
2625 527
1924 1543
9972 1023
4181 3061
7432 1003
7593 7505
3031 2725
142 8492
1286 7222
7900 3064
8360 9187
974 2413
9170 4270
833 235
5760 9711
4667 8896
2550 7285
3694 140
1624 2695
2125 8019
1694 6576
6302 2658
2466 7371
2593 4678
5484 3851
8464 1018
3152 1119
8087 2800
1926 1060
4757 9010
315 2170
227 9576
2758 2043
5109 7164
7086 7882
3487 9565
4474 9577
5627 2625
1928 5629
8520 5423
4962 6902
4596 123
3261 3737
2525 195
8260 1264
8116 6202
326 5030
771 9011
5547 6411
1520 1153
4924 9790
1763 188
851 4940
3829 8662
7713 900
7578 8958
3007 8365
1200 1477
6439 6058
2760 2303
2324 9357
5108 6477
