50 23 10
4887 1113
2850 9801
2428 4460
7384 2993
6540 9405
8704 1111
2356 2835
9350 6072
4485 8823
3216 556
9357 1626
3357 8526
3271 9337
9361 3869
3022 2896
112 9617
8696 2717
4041 1585
4129 4423
4565 4229
8932 6559
9855 2296
6962 2053
9734 3584
6972 6654
4369 1457
2963 2532
2483 2607
1635 911
2848 67
2938 4675
2142 2223
6511 3754
175 2741
7825 1459
7870 3221
1934 1626
1783 5205
7398 3850
2701 2279
2734 2193
6534 1637
1993 5556
5705 176
548 6962
300 5881
6641 4413
4855 9855
1462 3142
877 7611
2678 424
8443 1752
2673 8296
9313 40
72 875
610 2818
4932 1017
695 8112
3831 3169
6488 40
9090 8685
2589 9497
5145 5990
9314 9353
6740 8651
1258 2044
8759 335
7605 1192
2181 5264
3829 8503
608 3775
5997 9292
9556 7549
