50 25 10
1196 6142
5072 1948
4606 426
4429 6173
6705 2404
9812 626
93 9375
6036 6565
9141 4736
5994 814
6652 8256
838 3936
1355 482
1131 1015
7841 8230
2011 4625
4186 2637
1650 9690
1634 5662
353 893
3452 1416
7262 4008
5454 2233
6634 6303
4256 6303
1124 148
4213 2317
4028 7109
1080 9200
6858 1318
4155 4050
5264 1361
3676 1903
6909 9643
3561 4902
4948 8489
3653 1282
2220 674
6923 5402
9369 3831
259 3878
2619 9008
3 3971
9781 1945
2392 6504
5313 2685
5589 6698
5938 2722
6410 9037
6234 1461
9961 2508
6493 3959
5269 1515
8869 4937
4700 58
6264 3971
6215 5117
7815 4555
3039 8330
9288 212
1954 8082
710 6085
4774 4484
9815 8380
6541 5951
1679 8115
5898 7110
788 3073
8132 3977
8689 9956
8 6113
5790 2941
1363 1723
5184 28
7200 4778
