59 450
1 51
2 51
3 51
4 51
5 51
6 51
7 51
8 51
9 51
10 51
11 51
12 51
13 51
14 51
15 51
16 51
17 51
18 51
19 51
20 51
21 51
22 51
23 51
24 51
25 51
26 51
27 51
28 51
29 51
30 51
31 51
32 51
33 51
34 51
35 51
36 51
37 51
38 51
39 51
40 51
41 51
42 51
43 51
44 51
45 51
46 51
47 51
48 51
49 51
50 51
1 52
2 52
3 52
4 52
5 52
6 52
7 52
8 52
9 52
10 52
11 52
12 52
13 52
14 52
15 52
16 52
17 52
18 52
19 52
20 52
21 52
22 52
23 52
24 52
25 52
26 52
27 52
28 52
29 52
30 52
31 52
32 52
33 52
34 52
35 52
36 52
37 52
38 52
39 52
40 52
41 52
42 52
43 52
44 52
45 52
46 52
47 52
48 52
49 52
50 52
1 53
2 53
3 53
4 53
5 53
6 53
7 53
8 53
9 53
10 53
11 53
12 53
13 53
14 53
15 53
16 53
17 53
18 53
19 53
20 53
21 53
22 53
23 53
24 53
25 53
26 53
27 53
28 53
29 53
30 53
31 53
32 53
33 53
34 53
35 53
36 53
37 53
38 53
39 53
40 53
41 53
42 53
43 53
44 53
45 53
46 53
47 53
48 53
49 53
50 53
1 54
2 54
3 54
4 54
5 54
6 54
7 54
8 54
9 54
10 54
11 54
12 54
13 54
14 54
15 54
16 54
17 54
18 54
19 54
20 54
21 54
22 54
23 54
24 54
25 54
26 54
27 54
28 54
29 54
30 54
31 54
32 54
33 54
34 54
35 54
36 54
37 54
38 54
39 54
40 54
41 54
42 54
43 54
44 54
45 54
46 54
47 54
48 54
49 54
50 54
1 55
2 55
3 55
4 55
5 55
6 55
7 55
8 55
9 55
10 55
11 55
12 55
13 55
14 55
15 55
16 55
17 55
18 55
19 55
20 55
21 55
22 55
23 55
24 55
25 55
26 55
27 55
28 55
29 55
30 55
31 55
32 55
33 55
34 55
35 55
36 55
37 55
38 55
39 55
40 55
41 55
42 55
43 55
44 55
45 55
46 55
47 55
48 55
49 55
50 55
1 56
2 56
3 56
4 56
5 56
6 56
7 56
8 56
9 56
10 56
11 56
12 56
13 56
14 56
15 56
16 56
17 56
18 56
19 56
20 56
21 56
22 56
23 56
24 56
25 56
26 56
27 56
28 56
29 56
30 56
31 56
32 56
33 56
34 56
35 56
36 56
37 56
38 56
39 56
40 56
41 56
42 56
43 56
44 56
45 56
46 56
47 56
48 56
49 56
50 56
1 57
2 57
3 57
4 57
5 57
6 57
7 57
8 57
9 57
10 57
11 57
12 57
13 57
14 57
15 57
16 57
17 57
18 57
19 57
20 57
21 57
22 57
23 57
24 57
25 57
26 57
27 57
28 57
29 57
30 57
31 57
32 57
33 57
34 57
35 57
36 57
37 57
38 57
39 57
40 57
41 57
42 57
43 57
44 57
45 57
46 57
47 57
48 57
49 57
50 57
1 58
2 58
3 58
4 58
5 58
6 58
7 58
8 58
9 58
10 58
11 58
12 58
13 58
14 58
15 58
16 58
17 58
18 58
19 58
20 58
21 58
22 58
23 58
24 58
25 58
26 58
27 58
28 58
29 58
30 58
31 58
32 58
33 58
34 58
35 58
36 58
37 58
38 58
39 58
40 58
41 58
42 58
43 58
44 58
45 58
46 58
47 58
48 58
49 58
50 58
1 59
2 59
3 59
4 59
5 59
6 59
7 59
8 59
9 59
10 59
11 59
12 59
13 59
14 59
15 59
16 59
17 59
18 59
19 59
20 59
21 59
22 59
23 59
24 59
25 59
26 59
27 59
28 59
29 59
30 59
31 59
32 59
33 59
34 59
35 59
36 59
37 59
38 59
39 59
40 59
41 59
42 59
43 59
44 59
45 59
46 59
47 59
48 59
49 59
50 59
