99 300
33 27
34 25
1 71
52 82
44 14
26 7
36 25
15 90
54 29
85 43
39 36
11 14
34 98
31 4
62 68
21 74
3 90
81 68
43 56
6 74
73 67
22 70
33 7
93 35
45 68
48 7
52 68
9 74
9 57
54 12
22 79
31 34
81 12
85 9
88 12
8 25
1 32
6 45
2 27
73 32
9 27
85 73
97 9
30 51
53 71
51 42
23 28
94 13
18 96
83 24
19 20
77 72
30 86
16 5
85 58
15 1
99 10
4 87
13 41
59 2
66 31
96 65
16 38
43 38
6 21
1 76
62 31
22 36
53 40
2 76
99 21
97 99
10 9
34 40
77 25
55 78
83 13
48 36
48 56
61 52
52 67
68 89
33 29
8 45
93 90
97 74
34 78
18 49
23 38
2 95
81 28
66 14
92 57
48 93
19 98
9 95
91 12
63 12
51 14
22 78
17 9
59 60
50 40
60 46
43 13
19 99
43 10
21 26
81 27
19 67
77 45
90 26
17 88
72 49
60 75
23 8
43 35
34 70
99 47
20 42
43 96
42 26
2 27
1 53
23 12
61 76
93 76
59 26
92 79
6 53
81 50
99 45
78 38
30 51
53 38
61 95
97 71
34 4
10 41
96 86
30 88
46 37
43 87
55 58
82 87
83 34
84 42
80 35
39 95
32 41
6 47
88 86
60 56
75 21
3 51
2 90
56 7
56 26
84 7
99 73
72 8
3 92
82 29
55 27
89 57
93 77
70 7
97 76
61 14
45 42
77 27
91 98
32 25
61 98
44 62
23 86
38 25
49 50
2 49
36 50
77 57
30 3
35 45
1 65
2 76
20 4
3 9
1 42
32 72
70 89
81 39
30 46
19 37
49 70
23 76
80 24
15 79
94 7
78 8
4 7
51 24
54 96
61 13
52 29
77 10
47 89
3 92
33 89
55 25
8 12
5 67
30 39
99 47
55 34
24 29
97 62
36 70
86 92
60 62
97 41
87 65
16 60
11 93
58 50
1 68
94 87
62 10
5 54
62 55
16 98
97 87
82 98
11 24
99 55
9 41
9 49
36 56
52 28
85 19
6 79
6 49
75 41
16 3
75 90
16 13
81 94
52 12
51 87
55 41
82 32
27 25
39 51
16 99
94 28
38 42
85 37
60 10
6 73
22 65
16 8
8 29
3 27
85 25
8 50
75 73
94 57
67 95
5 50
91 8
14 56
82 39
31 38
23 24
94 56
30 74
37 32
83 96
16 1
18 56
23 67
58 8
36 95
18 97
62 92
82 84
43 23
5 99
5 75
91 45
69 71
84 45
81 69
59 29
59 67
67 36
44 21
18 24
61 84
16 26
6 63
