100
7 8 25 23 29 19 28
9 20 8 28 22 3 23
8 18 4 17 13 9 14
7 25 23 24 21 4 10
30 15 14 3 1 29 23
10 21 19 5 11 17 30
1 26 7 23 18 30 29
2 30 9 3 1 5 21
21 24 17 10 2 31 23
12 29 10 11 30 26 8
24 10 28 1 9 13 21
17 12 11 26 28 10 25
16 27 9 6 1 22 29
31 23 7 1 30 24 15
16 6 3 28 11 9 15
15 25 7 28 29 5 26
28 8 1 22 5 4 9
16 28 9 23 19 18 13
28 22 8 30 5 31 21
19 11 20 27 8 31 12
4 2 19 27 12 15 17
13 10 27 20 24 18 25
17 14 11 9 29 2 30
24 9 26 22 28 6 20
25 12 11 7 31 22 2
13 30 23 25 10 18 5
8 6 9 31 30 20 27
26 17 24 3 6 19 12
15 21 10 29 5 1 16
8 3 18 23 16 12 20
1 24 4 16 27 5 10
22 6 25 9 21 27 4
17 10 4 25 18 11 7
21 6 5 23 4 20 19
30 29 26 14 9 19 2
19 28 13 27 26 1 10
16 27 26 4 30 25 20
24 27 4 2 13 26 14
31 23 1 7 28 25 13
6 11 12 21 2 31 15
11 17 28 26 22 3 10
1 19 9 8 20 15 18
7 16 4 5 15 13 25
3 29 27 1 26 18 6
5 24 7 9 28 23 10
17 19 26 1 15 3 16
2 19 28 27 26 18 23
4 26 15 17 2 27 13
7 8 26 20 6 22 21
11 31 22 27 23 2 4
18 20 24 29 22 8 31
17 30 29 31 15 18 9
15 5 16 28 23 30 25
16 4 22 15 11 29 8
8 9 4 7 29 3 30
18 14 5 9 4 19 20
27 26 29 20 15 23 5
7 18 3 17 22 25 8
24 2 17 3 14 31 6
14 25 6 21 7 1 24
30 19 10 6 26 18 14
28 18 17 26 19 4 5
26 20 9 28 5 29 2
5 25 27 16 28 23 19
23 28 7 30 3 27 14
12 14 29 15 31 21 20
29 2 24 16 17 28 25
12 30 15 22 13 23 4
31 6 21 17 30 29 27
7 14 20 13 4 22 29
17 18 30 9 29 11 15
31 27 29 26 2 28 19
30 24 3 5 4 2 31
24 13 1 15 11 25 9
1 7 22 8 19 11 26
9 1 8 18 4 30 2
24 7 19 11 16 9 20
31 13 3 12 17 16 8
9 21 6 3 27 20 13
28 11 9 3 29 24 22
23 25 19 7 28 6 30
17 11 9 27 7 23 2
25 27 7 23 29 24 20
5 22 29 26 8 15 4
15 29 25 10 17 12 31
5 27 11 25 29 21 17
16 23 18 5 30 24 1
19 30 22 21 12 25 3
1 3 18 9 14 13 26
13 10 18 31 19 25 16
17 25 10 1 21 9 14
15 12 21 20 14 11 25
26 2 12 9 10 6 4
12 29 24 7 25 3 11
15 24 27 29 10 20 14
1 7 3 5 9 29 24
20 12 27 13 8 9 18
21 9 19 4 12 11 22
30 8 10 25 15 6 26
31 20 7 2 17 11 21
28 16 17 5 10 20 18
