500
22 9 6 2 14 13 7
4 19 6 3 14 10 27
16 9 2 7 15 17 10
24 13 20 4 21 15 30
20 12 21 10 23 7 19
5 6 29 9 16 1 30
22 12 24 27 18 7 29
17 5 27 12 10 18 29
31 14 19 7 24 23 1
10 17 28 23 15 7 4
21 8 30 13 15 10 17
11 26 29 13 30 28 1
29 20 16 2 27 15 8
7 5 10 22 20 3 4
8 4 10 14 31 12 9
7 29 30 27 14 3 16
21 7 24 2 8 31 13
30 11 27 5 3 14 31
30 25 24 3 29 15 20
17 23 9 27 25 14 22
20 29 26 9 30 5 15
14 8 22 23 9 24 26
28 15 6 2 20 22 19
14 26 28 24 6 7 21
5 29 28 24 16 9 27
12 29 30 1 24 31 17
23 3 21 10 14 26 29
26 24 9 4 27 15 5
8 4 21 5 7 9 30
28 20 10 13 12 17 4
18 30 11 20 1 17 23
8 30 18 29 15 26 31
2 7 29 21 1 3 25
12 5 31 30 2 11 24
6 28 9 8 23 19 15
24 3 30 6 22 7 15
25 4 30 14 26 22 9
20 25 29 8 27 3 14
17 24 11 22 30 1 29
5 22 27 1 15 11 12
3 12 5 21 9 29 15
26 5 1 19 11 7 31
30 12 14 22 15 25 6
24 23 4 15 13 5 12
16 28 1 31 20 26 21
28 15 30 21 10 24 9
25 13 11 26 27 17 7
28 26 13 11 2 3 8
19 15 5 17 14 25 27
1 8 14 23 22 17 10
8 14 28 10 23 13 2
3 18 22 13 25 16 6
19 15 26 25 10 8 21
30 10 28 13 24 23 3
19 18 20 4 2 27 11
20 12 26 21 16 29 14
3 28 14 15 20 17 2
10 27 23 31 20 29 16
11 4 10 15 29 17 20
29 5 21 26 4 18 13
29 18 11 30 31 26 6
12 31 2 11 7 14 29
30 18 29 19 27 8 1
14 23 6 9 25 21 1
8 22 12 14 28 21 24
26 29 21 11 10 15 1
25 13 24 28 18 3 1
24 3 11 28 7 25 18
12 29 25 28 8 30 14
21 7 26 12 1 2 6
28 13 6 24 12 23 25
9 26 6 23 19 27 30
18 15 2 3 21 19 29
14 5 4 8 27 31 12
20 12 25 4 15 1 31
19 2 25 18 5 12 7
4 14 5 13 20 10 26
6 25 11 15 17 23 14
31 25 12 26 13 30 23
14 4 26 17 28 23 12
7 9 22 15 2 18 5
7 14 29 5 16 11 31
13 9 11 24 28 18 4
6 13 15 8 26 14 1
1 19 8 20 21 7 25
10 9 30 29 19 11 3
4 19 30 15 18 31 16
8 3 19 23 5 13 29
31 22 25 15 16 7 30
23 28 4 16 17 25 20
7 24 29 17 25 4 8
5 7 8 1 14 29 31
11 6 1 14 13 10 27
8 1 23 25 2 11 17
14 9 4 19 28 29 24
3 6 10 17 15 29 1
26 30 24 2 13 17 27
14 26 17 1 2 6 25
19 12 8 28 14 26 5
17 19 6 13 22 26 9
6 18 5 4 8 19 21
11 23 10 29 12 30 13
13 9 12 7 6 28 23
31 28 29 15 23 1 27
17 24 2 4 9 23 20
30 27 16 22 29 24 5
21 12 19 30 18 17 5
23 31 28 8 26 18 21
18 16 12 9 2 29 1
9 20 14 23 13 21 5
11 25 17 14 15 8 28
27 7 9 8 6 12 10
25 29 5 10 31 26 23
22 4 6 14 3 2 12
19 11 5 15 9 6 17
22 16 28 26 29 21 20
27 17 25 6 14 10 18
24 13 7 15 30 2 21
29 27 15 9 4 11 21
24 14 21 7 10 29 8
18 15 21 30 9 17 11
3 21 9 7 27 5 20
31 30 5 14 20 24 16
25 28 31 12 13 1 10
9 17 20 19 18 25 15
16 24 3 31 9 14 23
8 2 20 10 5 26 30
16 22 14 12 26 24 31
28 24 25 15 16 11 26
3 27 21 26 23 14 17
12 14 21 2 11 7 16
18 22 27 5 28 24 23
2 9 31 14 12 15 1
30 13 9 29 1 28 2
8 17 18 3 28 13 20
20 14 11 5 19 31 7
26 5 31 11 21 24 15
18 1 3 23 15 4 21
13 8 23 9 14 17 30
23 17 14 29 10 27 11
24 4 2 17 6 27 5
25 3 29 12 4 21 14
22 3 23 8 7 4 9
5 22 11 18 1 12 4
10 5 15 1 22 13 16
8 21 19 17 14 1 9
24 27 7 9 19 6 14
18 15 29 11 7 20 12
9 3 1 7 28 25 6
3 7 28 20 25 21 17
1 18 8 4 15 12 23
28 9 13 14 25 7 31
14 19 17 3 28 22 9
28 22 23 15 8 25 17
14 4 21 10 29 25 30
8 5 13 28 21 23 24
30 6 3 12 29 20 19
1 15 28 10 4 20 8
18 8 3 14 28 25 6
18 4 13 5 9 14 15
15 7 24 17 13 6 29
8 16 3 23 22 6 10
2 11 25 4 27 22 9
26 2 13 16 25 6 31
29 15 9 13 19 26 6
1 30 6 12 31 14 27
8 14 20 27 22 28 24
29 21 10 30 19 25 18
19 20 1 14 28 6 11
18 29 1 21 4 28 17
25 17 24 13 28 10 19
20 19 16 26 4 1 17
15 1 2 3 8 28 19
25 21 7 10 29 31 24
2 5 29 27 20 8 10
18 6 7 8 27 13 21
23 19 30 9 3 29 8
15 1 2 26 9 14 22
5 22 16 26 4 1 20
19 26 9 1 29 7 22
15 13 22 9 2 1 3
29 25 27 19 6 12 8
16 23 20 30 22 4 15
13 4 11 17 26 30 2
9 5 27 29 12 4 18
6 14 31 5 4 17 20
20 11 23 10 25 30 18
20 1 11 22 9 3 7
29 12 21 28 10 19 4
10 21 20 14 6 26 12
30 10 2 3 14 6 16
15 27 17 6 28 12 5
10 9 7 11 1 12 25
7 10 23 16 25 27 28
15 1 22 3 24 17 14
12 20 1 3 11 10 18
18 19 24 30 1 15 2
19 29 5 8 25 14 24
2 15 27 4 21 14 11
29 17 23 31 4 21 15
24 25 4 7 11 15 12
3 24 2 14 15 31 13
20 11 9 18 28 24 26
9 3 16 1 5 26 8
22 10 4 23 14 1 18
27 10 2 7 22 3 26
20 21 8 29 19 26 18
1 18 24 19 17 28 14
22 21 17 31 27 6 8
21 15 25 9 10 11 30
2 16 17 5 13 28 20
27 10 13 18 30 17 12
14 16 29 24 12 8 5
10 2 12 21 4 27 1
22 8 31 24 21 7 12
25 18 31 6 9 7 17
13 2 12 18 3 7 17
17 27 8 26 14 21 16
6 7 4 15 9 26 10
10 28 8 12 22 7 5
7 6 24 26 15 28 13
2 12 16 20 26 22 25
26 1 4 17 8 29 22
28 7 17 6 31 12 25
13 21 15 17 22 9 27
15 8 22 23 11 10 19
22 29 14 13 27 17 1
6 7 14 4 13 22 27
5 15 13 31 22 25 28
31 25 21 23 3 18 27
13 6 14 28 18 29 9
22 26 11 6 13 25 16
15 31 16 14 20 7 23
8 4 26 28 14 25 13
13 10 18 21 28 11 3
16 25 13 26 30 24 28
2 8 22 23 21 14 15
29 11 19 17 1 8 10
8 11 12 15 2 9 25
31 7 24 28 8 1 29
19 31 5 24 30 13 3
16 17 1 10 21 22 25
5 21 10 12 11 16 20
27 23 6 22 8 26 5
21 28 17 13 16 7 25
29 2 22 10 7 26 12
26 7 9 19 30 6 15
8 19 2 31 24 18 17
5 14 8 31 21 12 17
22 5 28 11 21 8 24
15 20 13 5 14 19 7
19 21 2 29 20 10 30
9 3 24 23 28 19 16
20 11 23 18 6 14 3
31 6 26 13 28 1 7
6 11 1 14 3 21 24
18 9 20 25 24 13 19
27 4 3 12 13 15 1
10 28 12 2 7 29 30
15 6 17 11 8 24 7
16 8 4 11 31 2 9
30 28 29 20 16 21 3
4 13 11 30 2 23 9
10 19 14 9 30 17 12
15 17 31 22 9 20 12
28 2 7 22 17 4 5
25 12 23 16 30 5 22
26 8 31 6 14 22 20
9 17 25 20 6 14 28
28 17 15 7 4 18 1
10 12 25 31 2 7 4
22 12 25 2 6 18 14
11 19 4 30 31 10 14
24 12 5 27 13 16 23
22 29 19 30 9 7 27
6 5 7 11 24 16 26
30 3 7 22 24 31 25
3 24 19 12 1 20 7
4 2 27 12 22 15 28
10 2 19 8 15 14 5
22 12 3 31 24 6 23
25 19 30 16 5 22 17
10 21 16 6 8 13 18
22 17 16 2 28 18 14
8 25 31 13 6 22 12
16 8 24 3 9 26 23
11 19 26 27 8 16 4
23 17 29 9 27 12 14
6 16 11 1 7 10 22
21 7 24 8 22 9 6
16 3 1 28 18 31 7
2 26 8 13 16 4 3
15 11 7 12 31 25 27
18 4 20 5 3 1 22
16 14 10 8 20 30 25
16 25 26 13 17 11 29
23 27 17 29 24 19 1
6 18 20 17 1 16 2
12 7 2 3 17 6 13
3 4 6 2 31 29 24
9 1 23 31 20 22 11
25 2 20 26 5 18 4
2 1 4 3 10 21 23
9 3 6 5 12 14 17
12 17 24 15 6 22 27
11 12 24 5 29 7 31
4 27 19 23 20 21 12
20 28 30 15 16 1 31
20 4 29 5 9 6 7
12 17 13 29 3 19 1
3 14 6 12 8 18 13
5 7 10 14 25 15 23
8 7 14 24 31 27 29
19 20 18 14 6 24 15
27 17 31 12 25 2 15
1 19 11 26 12 14 10
9 22 16 4 23 5 19
28 1 22 12 11 19 15
5 28 7 8 11 10 20
26 1 24 18 29 25 6
30 20 5 17 7 31 27
28 22 9 31 30 27 18
20 26 31 22 6 2 5
24 21 4 5 31 3 29
10 18 9 11 5 16 13
14 22 15 26 8 23 17
30 31 11 17 8 16 7
7 19 23 29 30 11 13
18 23 28 25 7 4 22
23 6 24 26 10 9 16
28 16 17 7 11 13 25
19 12 11 6 21 28 30
11 6 1 5 13 31 27
31 21 18 15 13 26 29
11 12 24 5 28 29 9
17 5 16 6 3 18 24
22 4 21 26 27 11 9
4 23 10 5 27 30 24
19 21 3 16 8 30 29
3 2 11 26 12 16 24
3 23 16 24 13 9 17
28 15 25 12 17 18 26
31 17 16 27 3 21 26
7 15 29 6 21 9 23
5 7 20 18 25 11 24
13 21 7 27 11 25 31
9 28 4 18 20 23 14
7 22 15 12 11 20 9
7 29 19 5 26 21 15
9 19 6 31 26 18 29
17 28 26 24 5 14 19
3 17 22 26 18 31 27
4 22 18 1 7 6 19
18 3 30 17 22 27 29
14 21 30 31 18 26 8
17 31 28 2 24 23 20
10 25 8 15 18 2 9
12 22 27 7 16 31 10
26 19 22 3 9 13 5
27 19 11 14 10 30 9
15 20 3 5 24 30 11
31 3 15 18 22 23 10
15 17 31 30 1 7 22
17 19 10 9 31 20 24
20 21 19 22 15 14 24
5 20 1 12 18 3 27
28 14 8 30 25 3 9
6 8 28 18 7 26 4
15 27 17 24 22 6 14
18 25 26 16 1 28 20
7 21 20 5 25 6 24
8 27 12 22 15 5 17
5 6 2 23 31 9 11
3 20 1 10 4 31 13
5 20 15 12 27 7 11
31 28 14 9 6 23 12
9 3 12 7 18 14 16
6 9 12 21 19 13 30
2 10 1 4 23 7 5
16 21 25 24 5 22 8
9 11 16 3 4 6 20
17 5 11 30 23 18 6
19 18 27 23 26 20 5
2 6 15 19 1 17 27
28 31 7 4 22 23 24
26 10 13 22 29 30 23
22 4 26 23 7 5 1
21 2 31 22 6 19 8
8 3 30 21 9 7 27
13 14 31 17 7 1 25
5 30 7 26 3 31 18
4 20 3 6 8 21 12
9 18 24 10 2 29 30
9 1 24 25 19 18 11
13 1 15 2 8 10 28
24 23 21 13 14 10 19
29 24 27 26 11 15 2
25 3 26 28 13 11 31
21 17 11 14 4 13 28
12 26 29 17 14 3 11
7 24 2 13 1 12 18
30 10 22 21 18 13 27
25 23 17 15 26 18 6
7 12 31 24 22 16 28
25 10 27 9 1 20 13
23 3 25 27 11 30 8
21 11 27 12 13 4 30
18 10 8 27 2 13 7
20 16 2 22 10 21 7
31 30 3 20 23 7 12
15 17 20 7 2 30 10
17 21 15 27 4 23 14
2 24 17 8 19 22 20
1 5 23 6 25 13 7
21 26 14 15 27 7 9
12 5 3 16 26 2 23
8 29 7 5 18 25 28
13 27 25 12 4 11 10
28 25 8 12 3 26 14
20 31 18 8 15 6 26
11 28 14 2 25 18 16
11 21 7 25 24 3 15
28 17 24 12 9 13 8
17 25 23 5 22 26 15
5 20 23 4 26 9 10
14 8 26 13 18 25 1
15 22 11 30 28 23 19
30 15 23 12 9 31 5
8 22 26 27 3 2 15
26 17 29 25 22 11 10
7 24 13 5 19 30 9
6 17 15 21 1 27 4
3 10 8 21 22 16 28
1 6 20 7 17 29 13
26 21 3 29 15 31 25
21 25 15 30 23 27 13
22 1 28 18 5 15 31
20 25 18 8 10 21 6
28 17 24 26 5 9 11
25 5 13 7 10 14 16
27 23 16 10 11 17 3
17 2 18 26 29 8 24
31 10 15 12 28 25 29
3 5 17 7 30 31 20
1 31 5 20 21 22 19
26 1 22 19 21 25 17
9 13 14 31 2 16 23
3 21 24 15 17 28 9
30 2 27 7 20 13 21
24 19 15 18 31 17 8
31 7 21 8 4 19 22
15 11 16 4 7 3 8
11 9 18 17 31 26 19
20 9 16 6 17 29 10
24 31 23 8 19 16 5
19 15 5 18 11 22 13
21 11 31 28 3 12 26
24 17 25 27 29 5 7
11 3 26 1 25 8 23
18 12 26 5 23 28 6
31 29 25 21 12 20 10
24 19 20 13 31 22 30
12 28 31 16 1 24 5
11 1 9 18 25 3 28
17 12 7 6 18 31 23
3 30 1 23 10 5 28
29 15 11 25 16 7 23
15 25 13 24 2 3 20
26 31 25 6 23 30 22
11 24 19 16 2 8 23
1 14 11 27 16 28 20
16 1 20 29 2 14 25
22 10 28 13 11 3 6
17 16 10 3 8 30 19
3 6 31 1 2 26 11
11 27 5 22 4 18 3
3 26 19 5 25 12 16
17 29 15 22 16 5 14
3 23 4 24 1 9 27
31 10 30 1 22 25 17
4 15 27 31 16 19 3
24 27 15 16 20 17 4
8 7 30 14 31 22 18
10 12 29 8 7 17 27
2 30 31 4 15 8 3
23 20 16 28 9 22 3
31 2 3 24 15 26 30
28 5 6 14 4 29 3
4 13 8 19 21 22 18
18 19 1 15 13 24 2
10 4 23 12 28 31 16
9 14 13 24 12 23 8
2 3 25 8 4 27 12
26 17 9 19 27 29 20
10 7 4 9 27 16 2
31 30 8 7 27 17 28
3 14 25 23 18 27 4
28 25 29 14 8 13 6
5 3 28 22 12 14 18
22 18 31 10 20 13 28
28 14 4 10 15 20 17
