1000
4 30 25 11 29 13 10
4 30 25 11 29 13 10
20 28 17 16 21 29 27
16 10 19 21 13 2 5
5 25 11 6 12 22 2
24 31 14 17 21 19 26
25 20 3 16 28 5 7
28 3 16 20 8 18 26
1 25 30 18 19 21 15
3 22 7 2 1 13 14
26 2 7 12 27 28 29
2 5 15 22 10 30 14
19 16 13 30 25 17 11
14 9 20 30 10 28 21
17 4 7 22 13 6 21
8 26 17 20 30 4 31
13 28 22 5 17 11 18
24 8 31 30 20 28 4
30 17 2 12 6 19 15
14 7 17 22 1 19 16
23 21 10 14 27 7 31
23 11 17 18 4 6 10
22 25 7 16 19 20 17
25 17 15 4 9 23 26
12 30 18 6 20 4 26
26 4 28 3 5 21 12
6 14 29 13 25 17 19
4 27 1 13 24 6 10
24 1 15 13 28 20 17
29 20 18 9 15 10 8
19 30 20 9 12 5 2
13 1 10 31 12 3 17
26 12 5 11 19 20 25
30 23 19 18 9 2 24
16 20 12 23 21 31 13
6 16 7 1 4 2 25
23 27 26 13 15 20 31
19 24 1 13 28 23 26
19 29 2 26 12 14 28
21 4 1 11 31 13 23
14 1 9 12 2 20 31
7 29 3 8 10 2 20
19 18 27 8 6 23 5
30 1 12 17 9 11 18
1 21 29 15 22 24 31
27 4 12 21 8 14 11
2 1 23 31 12 5 28
30 10 18 5 11 13 9
1 9 28 13 4 24 25
4 2 31 18 24 6 26
25 1 28 17 10 9 30
3 4 29 28 8 11 15
29 2 10 15 19 30 28
28 21 14 23 15 12 26
11 1 28 16 21 27 30
28 7 22 18 23 14 20
17 21 14 16 30 29 4
3 29 1 25 20 10 7
16 24 9 27 21 11 1
31 1 24 19 9 16 20
24 18 15 11 16 9 28
22 13 4 6 31 25 24
14 25 20 21 27 1 9
11 19 27 23 8 31 6
24 26 10 31 13 7 9
3 18 27 31 26 5 19
30 24 22 20 15 26 12
6 2 26 21 4 22 20
28 5 26 14 9 23 25
22 18 16 31 24 15 3
31 12 16 6 13 18 22
17 27 8 23 30 18 14
9 1 17 22 10 26 6
24 28 15 14 10 27 9
30 7 31 13 16 11 24
7 21 19 28 10 14 22
25 16 22 6 26 18 5
14 23 24 31 17 18 9
25 6 22 27 8 26 24
9 8 31 26 28 16 22
1 19 21 2 18 30 25
26 16 20 4 13 27 29
3 10 7 17 11 5 29
14 30 10 18 4 3 24
27 22 16 30 25 29 3
24 3 7 11 8 29 23
13 16 28 26 11 22 12
18 1 2 11 10 19 26
23 26 8 21 13 15 18
15 9 3 1 2 7 28
5 24 8 4 15 20 22
3 22 10 12 26 1 19
25 13 4 17 18 2 14
22 31 19 23 9 14 8
21 14 28 17 26 16 9
15 29 13 10 18 26 5
26 27 18 13 24 20 17
1 21 10 18 26 22 30
7 31 28 27 20 19 9
16 1 21 29 14 5 7
15 24 22 13 5 17 2
12 27 8 16 23 4 29
28 3 20 13 22 24 10
3 25 26 16 27 24 30
30 1 20 14 21 15 27
8 19 3 11 2 20 14
31 29 16 12 2 21 11
2 13 19 24 10 6 9
24 18 30 9 20 22 12
17 16 3 25 23 21 9
16 28 5 9 30 8 21
24 19 31 30 8 23 27
19 16 1 23 26 20 13
28 15 24 26 8 2 27
12 11 30 28 22 27 20
22 2 27 29 8 25 13
4 16 20 26 11 18 1
23 8 31 3 27 19 13
15 28 5 8 17 6 9
25 3 21 9 7 26 18
17 12 1 24 31 27 8
23 31 13 16 21 15 26
6 15 27 4 12 16 3
14 29 26 12 25 2 10
30 29 27 6 24 13 17
13 5 11 4 8 25 23
21 20 6 5 9 8 11
28 1 29 5 4 24 9
3 20 25 18 7 11 17
19 12 31 24 6 3 16
7 21 11 24 12 14 4
27 8 11 6 3 21 24
18 30 10 16 5 26 22
11 13 10 27 22 23 18
16 22 5 30 6 25 13
15 5 11 30 28 12 22
25 18 24 23 12 15 5
27 3 10 7 28 24 17
20 23 3 19 18 1 9
31 21 1 6 13 17 22
10 27 24 20 26 12 18
31 12 13 19 11 8 6
10 17 26 9 3 1 19
17 13 9 28 31 30 24
12 20 6 10 2 14 7
9 22 16 20 15 11 10
17 15 30 27 11 5 12
22 18 31 2 23 26 29
31 19 16 28 14 10 27
10 9 3 25 17 8 28
11 20 17 5 22 14 9
12 4 3 10 22 21 15
26 10 9 17 24 27 30
27 22 14 29 18 1 4
9 4 22 12 23 25 30
25 24 4 30 26 14 20
17 30 12 26 24 1 31
30 4 13 11 28 5 14
26 7 3 2 16 29 23
12 11 26 25 13 4 9
11 30 21 14 17 23 3
25 24 13 18 11 21 31
24 22 20 15 26 29 10
23 29 22 15 6 13 25
7 31 16 27 18 15 17
15 21 19 22 1 18 9
26 14 5 31 25 22 8
1 2 11 24 27 17 25
23 25 3 27 13 20 28
14 22 13 28 19 20 15
8 6 24 10 26 16 31
3 29 30 10 25 1 13
7 9 5 31 2 14 12
29 30 20 5 18 2 11
7 31 3 15 10 18 2
15 19 1 27 7 29 20
28 19 21 5 3 15 4
19 12 3 24 6 25 22
20 10 5 24 6 26 4
20 4 30 2 16 8 29
8 5 17 24 22 27 19
29 18 5 13 22 30 12
30 12 10 1 24 8 23
2 13 23 30 9 4 24
26 23 29 12 19 18 21
25 24 7 31 18 15 21
10 19 23 7 8 30 2
28 2 29 17 1 13 24
11 30 28 7 26 29 20
8 3 24 22 13 14 2
31 28 24 1 26 17 8
24 9 5 25 8 15 27
17 16 12 2 23 8 31
13 5 17 27 20 1 15
11 26 21 9 24 23 5
29 22 31 4 19 2 12
18 8 22 1 15 19 12
20 2 14 15 3 21 22
31 12 14 5 7 22 23
11 21 22 10 16 17 25
10 26 24 17 27 8 23
22 7 16 5 24 6 10
18 12 15 29 8 11 6
22 20 7 25 14 13 6
27 6 29 12 23 3 9
16 14 13 9 7 31 10
5 17 25 7 12 30 1
23 16 28 27 26 4 7
13 23 3 21 6 30 17
10 25 20 4 26 31 14
20 10 24 14 29 21 7
14 9 12 24 8 6 2
31 14 5 26 20 9 19
9 25 17 11 28 14 13
5 6 11 14 29 31 3
28 9 3 27 17 18 14
27 16 1 31 26 21 12
29 25 30 4 21 15 18
7 23 21 14 16 12 27
20 8 5 29 21 23 17
10 23 7 20 14 17 13
27 31 11 15 23 7 22
21 11 31 7 30 27 15
12 6 15 26 11 10 23
2 18 8 29 16 14 22
4 26 19 1 17 8 5
6 30 5 11 13 9 1
21 12 15 25 1 26 24
5 9 1 16 8 14 29
22 12 26 28 20 14 10
20 17 27 29 6 4 10
15 21 5 26 27 9 17
16 24 12 3 25 9 4
17 29 27 7 31 16 26
28 30 27 12 25 22 9
2 4 6 19 10 1 23
23 21 19 17 10 16 5
1 24 2 20 14 30 28
6 31 16 9 19 2 1
30 24 10 23 25 18 29
21 15 10 7 2 24 1
13 12 24 3 27 16 15
4 14 13 31 9 22 29
27 21 11 7 23 26 5
8 25 9 7 5 26 10
9 29 1 15 31 14 3
29 26 15 8 7 14 2
14 28 2 24 30 7 11
13 29 4 20 9 27 30
15 21 3 24 20 18 8
27 26 1 24 28 2 5
22 25 18 8 21 10 16
10 14 31 21 28 18 24
24 16 28 18 12 6 20
9 29 7 13 22 28 25
26 11 13 5 16 31 17
8 22 13 15 3 28 25
10 12 7 25 5 15 30
7 24 3 2 15 20 10
24 5 8 23 17 12 6
14 27 10 16 7 6 3
29 6 25 2 13 21 8
24 11 28 25 20 17 4
14 16 22 10 5 28 24
6 8 23 10 4 27 29
26 19 21 25 5 4 29
13 10 5 29 17 25 16
14 1 27 7 11 26 13
16 22 12 14 4 19 1
15 19 1 7 24 28 30
27 6 31 24 28 9 2
1 15 11 27 2 30 4
30 3 12 27 23 2 25
24 15 14 29 5 11 26
10 13 14 11 18 16 6
22 7 3 15 25 30 27
26 4 25 9 15 11 6
9 11 21 1 24 29 13
9 23 30 4 22 14 19
25 5 24 27 10 23 11
19 26 2 16 6 3 11
10 30 23 21 17 26 20
5 24 1 27 6 2 10
10 29 19 9 6 1 5
27 2 14 29 10 28 4
27 17 13 5 4 16 8
14 7 8 5 6 28 9
31 9 7 6 26 29 12
28 14 24 27 23 6 16
18 2 30 5 17 1 4
25 16 8 21 29 12 14
22 16 19 20 12 1 15
15 5 13 23 26 24 19
6 22 9 16 12 5 4
15 13 7 26 1 17 16
31 8 1 29 24 5 26
20 18 8 1 4 10 28
7 12 20 27 19 5 6
30 14 11 23 27 3 16
15 3 7 2 22 25 6
11 28 31 26 15 20 21
14 1 17 12 8 30 10
8 6 14 23 30 10 1
28 9 15 4 21 20 5
30 27 19 1 24 26 8
2 14 19 20 12 28 7
12 1 3 5 11 20 21
13 30 2 9 12 23 14
2 22 3 31 23 12 17
18 15 16 12 23 31 11
22 28 30 17 1 23 24
10 25 12 11 21 30 29
2 25 18 29 6 3 15
4 10 29 15 13 20 28
16 18 20 21 5 25 9
17 24 20 18 10 13 8
8 30 19 2 21 4 23
5 7 11 28 30 15 18
28 19 14 2 4 17 6
31 8 16 1 25 15 11
22 26 20 4 27 17 8
4 3 11 20 27 18 31
5 13 21 12 10 15 28
29 9 31 11 2 27 21
5 7 23 9 3 2 16
16 29 30 27 11 23 31
28 31 23 22 11 20 29
10 16 15 23 26 5 9
2 6 10 28 8 30 27
1 20 10 4 19 18 21
14 2 29 7 10 30 27
4 21 30 20 29 7 10
24 7 17 12 27 8 10
14 10 20 3 2 7 27
15 24 26 21 28 9 30
3 23 14 27 25 15 11
14 21 10 27 13 30 16
7 21 3 25 8 11 29
9 12 26 16 20 14 23
19 12 22 13 25 1 4
23 10 3 16 5 25 19
4 7 20 15 17 12 29
29 19 23 15 18 2 27
1 17 16 30 21 23 24
5 2 6 15 4 23 3
20 31 10 28 8 7 30
29 12 21 1 10 15 14
5 1 13 15 9 19 23
2 9 16 26 29 4 31
30 31 17 25 3 13 15
19 16 6 26 14 25 30
30 26 9 21 5 2 29
15 26 23 9 29 19 17
6 8 26 4 9 20 19
17 22 31 14 2 16 24
9 5 28 17 6 19 25
28 9 23 16 10 13 5
3 10 8 13 19 31 30
17 24 4 16 15 19 20
29 18 25 8 14 3 4
13 10 31 22 30 27 4
8 15 16 22 30 11 7
25 2 18 28 12 20 14
18 26 13 23 11 25 9
15 29 1 17 7 14 25
18 21 30 22 13 15 20
22 18 2 7 23 14 28
8 17 25 14 23 16 11
3 9 10 29 18 25 17
2 3 22 19 11 30 9
15 31 4 24 1 26 18
25 5 11 18 21 17 4
28 6 4 18 21 12 29
10 16 11 28 27 22 8
24 16 31 10 14 29 13
1 15 10 13 4 24 30
10 1 2 8 26 13 3
17 30 8 5 26 28 23
3 8 29 26 10 30 14
18 16 17 7 24 6 13
29 25 27 16 3 20 17
10 3 12 30 22 20 11
19 16 26 27 17 11 5
6 4 2 16 26 10 25
18 29 21 1 4 25 12
3 20 16 7 8 28 10
2 1 25 5 6 12 24
24 30 10 17 13 6 18
19 21 7 16 23 13 2
16 15 2 27 14 23 10
16 12 5 13 10 23 4
7 6 16 22 23 13 5
11 20 14 1 2 9 18
28 31 15 24 25 10 12
27 1 10 15 19 18 28
24 4 27 14 17 23 6
31 4 24 10 7 8 6
24 17 19 13 29 2 1
10 13 25 3 26 17 8
1 31 10 4 21 30 13
4 17 31 22 15 10 14
11 31 18 20 10 26 21
23 10 19 2 7 28 18
11 28 31 1 29 27 3
28 27 23 4 2 14 8
28 18 21 22 2 26 12
30 27 10 8 3 18 29
20 4 26 28 5 15 8
24 1 21 7 3 12 8
24 26 4 8 12 6 17
8 15 27 9 30 13 25
1 18 9 4 20 11 30
8 27 31 10 2 12 22
10 24 13 4 7 21 5
14 3 21 25 4 7 9
7 25 9 5 17 14 4
13 27 23 14 16 22 5
28 14 4 16 23 22 27
18 11 6 20 29 2 5
18 1 12 10 23 19 9
30 26 23 11 7 14 22
9 8 4 3 19 31 2
4 27 24 9 25 22 1
19 11 16 7 5 1 29
19 4 3 17 26 21 31
5 14 28 29 20 23 11
14 30 24 2 25 1 17
28 18 12 10 16 22 27
9 26 4 15 10 3 16
27 15 6 25 4 1 2
1 4 10 29 9 3 21
20 4 12 11 22 25 9
20 18 14 10 15 9 7
18 29 6 31 30 3 19
2 29 31 23 22 12 30
21 7 12 23 2 31 9
13 30 22 1 8 17 5
2 22 26 20 1 9 29
8 19 30 4 1 31 29
24 17 16 9 1 18 12
26 6 7 23 18 1 10
26 12 15 17 14 31 10
8 24 13 9 26 25 12
9 22 29 26 10 31 16
5 15 13 2 16 14 3
16 20 18 8 5 9 29
2 15 25 26 17 28 1
30 12 23 17 13 7 24
22 23 17 10 3 8 25
11 23 28 4 31 20 1
19 8 4 18 6 30 17
13 6 24 7 10 25 12
30 17 26 9 19 21 12
18 20 21 16 24 3 12
24 6 5 10 20 12 22
16 3 31 26 12 28 24
4 2 19 3 17 5 31
21 7 27 30 25 14 10
5 15 11 13 29 26 28
3 2 15 7 22 26 23
15 31 11 7 5 24 4
2 23 21 9 19 27 5
28 10 21 24 20 15 12
12 23 11 2 5 26 10
24 29 8 14 15 5 22
11 22 29 3 20 19 21
19 15 26 7 23 5 29
3 13 4 27 1 2 30
1 4 31 2 15 16 24
30 23 15 5 29 18 9
28 10 3 5 12 17 21
30 15 7 6 11 19 29
13 16 30 10 7 28 12
9 14 21 15 12 19 13
30 1 21 24 28 31 14
21 19 22 6 9 11 4
17 23 24 14 28 22 25
30 25 19 11 23 10 17
25 7 21 30 26 17 15
4 21 14 27 18 15 10
8 2 21 3 11 22 14
1 24 31 13 23 15 21
3 9 14 18 19 23 17
13 11 30 7 18 15 12
23 31 28 14 21 5 24
6 13 31 1 27 5 30
17 1 11 26 4 13 21
29 25 31 11 30 7 13
19 3 6 27 18 5 21
22 20 11 8 18 15 4
18 9 1 17 5 29 23
24 11 27 7 5 2 31
29 9 12 30 28 5 3
4 20 1 3 8 23 28
14 10 4 13 15 19 26
30 9 16 5 7 26 18
24 7 28 23 16 22 4
16 5 3 10 24 19 6
5 14 23 20 13 4 21
4 15 12 31 23 18 14
1 23 7 20 27 26 24
25 17 6 9 28 8 12
19 31 4 16 18 1 10
22 20 27 8 18 15 5
7 10 30 21 8 5 19
15 22 20 11 17 31 1
30 8 13 20 31 24 23
29 13 2 11 8 24 21
16 19 7 28 21 11 17
21 16 23 18 6 7 14
27 12 19 30 13 6 21
11 16 5 9 7 12 17
10 15 11 19 8 31 28
28 24 10 16 1 12 21
22 5 11 10 21 14 9
30 12 15 18 10 2 7
12 27 30 22 4 25 18
10 20 24 8 5 28 12
13 14 22 19 11 8 26
18 25 4 10 30 28 6
13 18 2 7 6 5 1
11 14 9 25 15 7 23
22 28 23 11 30 20 26
28 3 24 16 19 15 4
12 7 19 5 23 3 13
3 28 21 18 2 14 27
13 18 4 14 23 27 24
20 24 22 23 5 29 10
22 6 11 4 21 12 26
21 2 3 24 19 30 27
8 22 6 30 12 11 20
3 5 12 27 10 15 19
24 27 12 2 26 29 18
7 9 16 14 23 4 28
18 21 22 10 23 13 25
18 25 4 1 26 7 22
20 21 25 28 15 27 26
27 31 7 9 13 15 3
8 17 19 30 23 24 11
16 24 17 28 27 15 12
30 24 9 25 1 10 11
6 26 14 1 24 27 4
15 24 7 3 29 27 18
29 11 12 14 24 27 3
4 27 26 31 23 9 16
30 23 12 27 3 1 10
4 23 27 21 12 2 14
18 23 6 22 10 20 30
14 25 19 17 18 2 3
5 26 8 17 6 7 25
12 14 11 7 30 29 26
8 4 30 1 19 14 11
9 1 24 30 8 14 29
28 6 1 30 16 13 14
26 25 9 22 17 13 18
12 13 22 6 14 18 10
4 22 6 11 24 29 14
27 1 30 14 31 4 12
21 14 13 16 7 6 25
4 21 29 24 10 31 13
27 19 28 14 22 1 30
31 15 26 8 3 24 30
13 7 17 31 1 2 15
26 6 30 3 8 29 24
18 17 8 10 26 30 27
29 9 13 19 6 10 22
11 15 24 6 16 8 20
1 7 29 6 19 25 21
8 10 9 25 28 3 2
26 14 8 2 16 13 6
2 8 25 14 16 26 4
21 8 26 1 15 2 25
9 29 17 13 31 28 18
15 19 4 27 28 1 12
9 1 31 30 21 20 5
13 9 15 22 20 6 18
21 2 29 20 9 26 23
12 4 3 20 19 11 17
11 10 4 25 24 27 15
28 8 27 29 24 25 16
16 6 25 5 1 20 15
28 13 6 20 15 26 5
4 30 14 15 13 25 6
6 14 10 3 23 30 17
5 26 17 23 9 31 14
27 23 19 11 31 16 22
2 14 8 4 18 6 29
12 7 29 6 30 23 24
29 31 26 10 19 17 30
19 29 13 20 30 6 10
31 21 16 14 11 24 27
9 28 11 16 10 19 5
12 21 11 5 1 20 16
27 25 9 30 3 23 20
8 5 12 27 6 20 18
28 20 2 18 24 8 1
6 8 11 30 22 4 23
5 3 31 17 20 14 11
12 27 23 26 21 30 14
24 17 4 26 14 21 10
11 3 17 12 10 26 13
9 14 23 26 1 27 19
26 16 22 14 4 8 25
2 27 10 21 18 26 13
23 16 3 28 17 29 2
14 30 28 1 17 11 2
19 17 23 21 16 15 24
12 28 19 26 1 5 9
24 11 27 21 2 17 8
10 14 24 1 17 6 11
10 18 30 29 14 2 26
26 16 23 19 8 6 4
20 27 7 9 28 22 14
25 9 16 11 1 13 23
26 12 29 19 24 13 28
22 8 26 18 11 24 19
4 8 18 12 6 11 25
1 6 22 23 13 21 25
4 24 13 22 9 17 21
3 12 13 8 2 25 22
15 8 10 4 20 23 11
21 18 25 14 13 4 26
17 11 13 15 1 5 30
11 21 6 20 24 25 15
5 1 22 18 23 9 4
26 20 22 19 12 16 30
9 8 26 28 5 1 24
18 23 15 21 16 9 13
31 7 12 8 29 28 30
17 16 27 29 26 12 5
14 21 17 7 22 23 25
28 11 22 29 4 7 25
17 8 21 6 11 1 13
26 4 9 15 5 30 19
29 13 3 8 6 21 19
30 27 29 26 10 28 4
23 14 24 30 26 29 19
10 25 28 1 4 31 26
28 18 11 1 23 22 21
9 15 23 20 12 27 10
7 3 14 12 19 1 23
2 14 7 4 11 8 5
9 3 23 24 20 14 12
5 14 22 24 27 11 20
25 3 10 22 18 24 16
21 14 2 17 10 3 23
30 20 31 19 24 1 28
22 2 20 31 27 8 11
10 11 15 20 6 16 5
31 29 27 10 2 24 19
14 28 22 24 7 19 16
19 29 8 4 11 18 6
22 14 26 13 12 20 25
13 15 7 24 16 26 31
25 23 5 19 16 1 27
19 9 22 4 6 1 31
18 21 8 3 27 4 30
20 11 31 9 27 19 15
16 5 10 9 14 20 1
20 9 8 26 11 18 19
26 23 29 16 6 22 5
8 18 29 3 12 9 2
8 19 21 15 14 16 3
29 17 11 22 8 7 4
5 30 8 14 25 9 1
29 4 2 20 21 8 7
14 21 7 22 13 27 31
1 23 28 3 19 16 26
27 5 17 21 10 9 20
24 11 13 28 7 14 27
3 7 19 21 27 26 24
10 25 21 16 22 27 14
29 24 8 31 30 25 21
6 8 15 1 28 5 7
15 18 7 22 13 8 27
3 7 24 18 30 5 20
14 9 15 29 2 16 30
12 13 31 3 24 1 7
26 23 19 29 10 21 15
30 4 21 24 19 7 3
23 1 24 6 9 26 11
7 6 23 24 18 27 9
10 25 13 4 24 28 30
28 31 1 7 6 4 5
12 11 3 2 6 17 15
12 2 8 29 20 7 13
16 14 23 18 22 21 5
14 5 15 27 17 29 19
16 15 24 17 11 26 28
9 6 28 17 23 5 8
4 17 26 30 15 13 14
4 18 10 26 7 19 31
17 28 30 29 25 11 1
14 24 1 26 7 2 3
28 27 4 20 31 30 11
8 29 27 16 15 20 6
8 24 12 11 28 2 22
2 11 5 12 22 6 10
14 30 29 23 11 13 25
8 18 6 14 25 3 13
15 20 10 23 22 4 17
3 24 6 4 20 23 5
9 19 13 14 28 1 3
10 11 18 2 24 4 25
21 6 8 9 5 29 7
9 12 29 20 30 16 28
28 1 17 8 21 14 22
20 28 12 1 30 9 13
29 11 27 22 6 25 16
24 8 31 2 13 12 11
20 16 12 4 1 15 17
11 12 27 14 25 31 3
24 3 8 29 22 12 19
12 11 13 18 28 17 5
3 26 13 15 17 20 5
30 21 31 12 5 4 11
31 19 8 2 29 16 11
10 19 15 4 22 1 8
3 20 10 9 18 6 8
13 30 28 31 21 1 24
15 28 4 10 21 31 6
2 3 20 11 9 24 26
28 7 19 3 29 10 8
5 21 2 22 26 19 7
20 27 28 4 25 6 26
28 11 12 5 18 19 7
28 13 10 18 24 6 4
2 23 4 19 18 11 3
4 13 25 28 3 6 26
7 1 25 13 4 22 3
20 27 4 8 22 6 3
20 18 17 16 28 4 1
25 12 13 15 23 22 20
3 6 23 16 30 5 21
8 6 24 18 29 25 4
6 3 27 2 20 24 13
14 24 15 1 27 21 25
4 15 7 24 9 8 1
20 7 23 17 31 1 4
5 25 3 22 8 12 20
28 12 10 2 20 31 8
22 14 17 23 8 26 16
26 25 20 4 27 31 24
20 31 19 13 25 21 29
16 23 1 22 4 15 10
27 3 17 26 30 14 25
12 25 5 1 14 15 28
5 23 24 8 17 7 4
20 19 10 13 11 26 27
1 27 24 6 15 31 17
10 24 30 5 15 18 7
24 6 31 30 16 2 21
5 1 19 12 21 9 22
1 17 27 6 23 18 29
25 27 21 3 28 16 23
30 9 5 6 28 8 22
9 15 7 25 11 29 12
7 19 27 5 26 9 2
30 25 1 10 12 7 19
22 19 9 12 1 14 15
18 10 27 25 14 22 2
8 24 25 21 17 11 20
30 18 22 6 4 29 28
2 26 23 22 11 30 16
20 18 29 6 15 14 16
19 16 22 12 26 25 8
30 15 12 4 28 8 22
10 29 8 16 24 5 28
6 24 22 18 23 27 10
13 29 19 6 31 16 1
17 10 25 11 7 19 27
1 27 10 11 7 9 18
6 19 14 22 30 12 18
6 10 2 23 21 18 20
8 15 13 11 6 24 27
5 2 9 15 20 18 27
29 13 2 30 11 3 4
1 28 4 2 3 26 10
2 30 28 7 9 12 22
4 1 16 22 23 8 11
29 27 9 15 11 8 6
30 1 19 11 10 2 27
26 31 9 14 23 30 3
19 8 1 26 16 15 23
20 13 4 6 17 1 16
18 23 29 4 19 7 9
3 2 16 17 8 13 27
31 9 13 10 26 12 11
30 22 12 13 15 17 21
4 22 25 23 13 18 8
13 29 30 18 22 8 9
18 23 31 15 7 21 3
9 5 11 3 26 25 15
5 28 15 9 2 19 11
20 4 15 23 18 16 8
14 2 19 23 13 8 15
7 4 23 16 12 15 31
23 24 27 22 7 26 18
6 15 22 2 29 4 18
23 12 11 29 31 17 7
28 8 13 29 15 27 12
7 25 22 31 2 18 16
14 23 28 6 30 9 16
10 24 17 1 22 7 6
17 14 10 22 25 12 28
28 24 14 2 7 20 31
14 20 29 3 1 18 7
18 6 10 2 20 27 14
13 21 9 2 31 24 4
21 11 7 6 9 20 22
13 22 21 11 4 26 10
6 1 25 27 24 28 17
3 1 8 22 18 14 25
22 14 15 30 17 24 10
22 30 12 26 25 4 9
17 8 19 6 13 5 9
6 23 11 8 13 25 12
24 3 29 2 8 18 21
2 18 3 11 10 8 9
3 13 7 16 27 24 31
14 7 19 31 29 6 21
15 27 16 1 5 28 24
23 26 15 14 3 20 8
3 25 14 31 4 11 10
17 5 6 14 13 28 20
15 8 3 25 30 12 9
6 5 9 3 25 16 26
13 12 30 7 3 6 29
26 20 30 25 7 14 21
6 29 15 24 10 8 13
25 27 12 2 19 9 8
13 1 24 25 9 10 26
16 27 19 6 26 20 21
18 16 1 2 14 26 24
16 17 7 20 12 27 3
27 19 9 6 31 5 17
23 18 9 3 15 5 16
3 9 1 8 5 30 16
8 21 14 1 13 25 7
4 16 15 31 1 10 20
29 17 2 21 20 1 24
10 14 25 12 11 4 6
5 25 18 11 3 13 21
23 4 22 27 26 3 2
2 1 11 23 29 19 3
20 18 22 16 8 31 14
21 25 17 6 18 28 20
31 4 3 20 14 21 28
28 10 19 5 22 2 29
24 3 4 21 15 14 5
16 25 8 20 24 28 10
14 9 12 21 8 11 18
25 15 4 2 26 29 17
17 15 12 31 2 7 20
12 8 27 6 14 4 17
22 30 8 20 5 25 18
27 13 24 22 12 5 3
20 21 1 12 26 14 17
8 16 30 27 22 25 28
17 29 15 9 14 10 6
5 7 27 30 10 25 23
27 24 23 9 19 31 12
7 6 18 14 27 16 24
18 26 27 25 22 20 5
26 3 25 20 24 12 16
25 4 3 22 29 20 26
6 7 30 1 17 16 13
2 1 21 19 11 29 6
23 13 24 12 1 4 16
2 7 5 26 12 4 24
28 1 22 31 23 11 14
4 15 29 22 6 26 7
30 7 17 8 22 2 31
31 4 2 25 24 5 3
18 10 12 9 1 24 11
3 23 20 13 30 18 10
22 21 19 27 20 31 16
23 10 16 9 8 15 13
20 18 29 11 24 5 13
4 26 1 17 16 25 12
27 30 29 15 28 6 13
30 16 5 27 14 25 28
2 13 16 4 10 3 8
3 14 28 25 31 16 6
7 13 21 11 9 4 8
18 19 15 17 2 20 23
3 28 17 7 11 31 18
23 27 3 31 22 10 5
30 12 21 14 4 5 1
31 20 10 26 15 18 6
3 16 14 6 26 15 11
28 27 20 18 15 30 19
4 21 18 8 31 13 10
11 21 9 24 7 17 15
26 7 31 2 30 13 8
14 8 5 1 7 2 23
15 16 3 28 26 10 8
24 25 27 15 8 5 19
18 12 10 22 11 17 9
24 6 29 12 21 2 30
1 21 17 5 13 27 8
11 19 9 22 18 16 12
7 2 15 25 26 12 3
9 31 6 7 3 25 5
16 11 22 28 23 14 25
28 19 9 17 30 24 18
15 10 21 26 18 17 14
29 15 4 13 3 16 11
20 14 5 15 1 17 31
26 28 24 4 23 30 29
13 28 24 21 14 11 17
31 3 29 17 5 25 2
4 25 29 30 13 7 3
9 24 25 5 28 19 12
2 5 26 13 18 20 8
10 4 30 29 14 31 7
8 9 29 4 18 25 16
13 6 23 3 1 11 4
22 29 31 9 3 30 21
4 27 7 28 2 9 20
7 21 22 29 10 4 27
22 7 3 1 25 15 2
15 5 23 1 20 2 6
18 7 22 28 6 15 19
27 6 1 13 2 10 9
28 7 5 10 19 27 23
6 2 21 3 19 18 13
6 16 12 17 30 2 13
30 27 26 21 8 31 24
4 6 9 16 5 21 14
22 9 26 30 23 4 20
30 14 5 15 19 31 22
7 22 31 3 29 2 9
30 2 15 11 21 8 16
18 27 26 11 25 17 30
13 29 12 6 9 8 11
24 4 26 13 15 6 8
11 23 31 4 12 13 8
14 17 12 1 5 3 22
19 17 1 16 27 25 13
9 8 16 4 18 15 17
6 22 27 31 20 19 21
18 6 5 25 27 28 2
31 11 1 12 28 16 27
24 3 21 27 23 12 10
18 21 7 1 2 25 30
4 28 30 12 23 17 20
25 20 2 21 26 22 3
17 10 24 26 6 16 30
24 14 5 27 17 23 13
31 4 7 12 28 21 9
21 2 3 9 17 20 19
26 10 15 21 2 30 16
30 13 4 21 23 10 26
8 16 13 25 11 19 18
29 24 1 6 18 4 21
1 9 19 16 12 8 7
24 6 25 11 5 28 16
15 22 23 5 10 21 30
14 26 20 12 27 10 13
1 9 2 30 10 21 20
19 20 23 27 26 10 17
4 31 16 24 6 1 20
10 3 11 24 28 13 22
28 15 21 3 29 12 23
27 25 18 20 22 9 5
10 21 23 22 1 27 15
19 27 4 26 22 2 29
5 27 4 8 13 15 10
29 26 25 24 8 1 30
28 24 7 9 11 8 18
11 15 1 5 8 14 13
14 18 1 24 31 19 13
13 16 21 19 29 27 24
11 17 18 13 24 31 21
20 21 19 9 16 25 22
28 19 30 5 4 3 21
19 23 14 16 31 15 5
21 13 16 12 1 3 14
20 26 18 7 9 29 16
10 29 9 6 28 22 30
6 11 13 3 5 9 29
22 19 30 16 5 11 2
11 27 13 29 31 30 8
29 28 4 7 11 19 31
2 11 27 25 30 15 5
23 12 19 5 25 24 31
7 4 11 29 26 10 25
14 11 19 4 1 9 26
24 5 28 8 29 4 16
13 25 1 10 19 27 17
20 23 1 5 15 16 28
1 21 11 2 4 25 22
21 18 24 3 10 15 5
1 7 20 8 29 4 23
10 20 22 19 14 13 9
8 19 16 4 7 21 23
13 26 1 20 19 3 2
14 30 6 23 17 26 3
8 12 29 14 24 10 30
26 11 20 17 1 14 29
