1000
28 16 10 30 21 9 8
9 20 22 23 12 26 11
24 3 25 10 7 31 11
6 11 9 15 24 14 16
26 10 30 25 9 28 7
30 1 25 21 29 4 3
26 30 25 2 11 27 8
6 20 19 30 28 3 12
15 8 17 5 31 9 6
28 21 14 31 30 16 19
29 17 16 27 2 8 4
11 30 25 2 9 22 8
4 10 30 1 25 16 23
21 12 25 31 16 23 1
22 2 12 1 13 18 28
10 17 31 3 13 28 2
7 13 25 16 22 5 31
22 24 8 25 27 21 29
25 31 23 17 18 2 26
17 29 10 26 23 14 31
6 28 22 3 18 8 5
26 23 22 4 15 6 28
6 8 13 27 19 4 30
19 31 3 2 15 9 22
20 26 5 23 4 11 3
10 11 23 4 20 24 13
5 13 10 6 15 28 3
1 19 15 21 18 31 27
31 8 23 20 5 28 30
11 5 25 14 26 20 23
16 3 22 24 8 31 15
19 13 23 14 30 21 11
23 9 15 3 21 6 17
29 7 14 21 15 6 8
1 28 22 3 15 2 5
16 4 29 18 30 13 10
13 4 15 10 21 19 17
11 24 21 13 18 6 9
29 9 4 23 27 12 18
29 10 1 28 15 9 5
26 8 19 5 6 4 24
24 30 15 10 27 6 14
2 7 22 6 20 21 23
31 23 18 7 27 5 8
30 7 31 26 15 8 18
7 14 11 31 20 4 25
10 19 13 1 15 18 29
27 17 11 12 25 16 6
9 7 19 11 1 27 23
8 5 22 17 7 23 13
25 4 31 19 15 8 2
11 21 15 2 3 20 19
1 18 31 8 22 15 30
1 15 4 7 29 10 30
19 7 4 24 6 3 28
15 27 21 14 28 29 30
1 17 30 11 4 29 3
26 25 6 30 31 7 16
29 8 23 5 22 31 6
28 19 21 26 7 1 11
5 3 14 6 7 18 13
12 31 27 9 30 7 17
31 17 1 11 28 22 3
4 15 23 18 13 3 9
20 2 5 10 12 18 28
29 18 31 6 19 4 11
5 4 31 15 21 22 12
4 1 30 11 5 7 8
11 4 21 28 30 24 31
26 19 25 11 14 5 23
29 14 9 6 21 10 13
17 15 30 29 3 28 27
24 11 29 22 20 8 16
7 8 27 23 26 11 19
26 16 23 13 5 15 12
3 26 8 4 28 18 16
4 29 24 20 26 2 3
28 17 4 8 21 20 2
18 13 7 23 25 1 24
8 17 13 30 22 28 2
25 27 21 6 20 11 5
23 25 13 31 27 24 14
23 14 6 10 24 5 27
24 11 10 31 30 5 14
5 30 25 10 8 15 31
14 1 4 28 3 10 18
22 17 30 20 16 23 10
1 8 22 13 10 16 27
30 21 8 25 20 18 9
15 28 1 13 27 3 10
30 22 15 21 31 6 23
23 3 31 27 29 19 30
4 7 24 30 13 15 10
5 20 27 31 7 24 22
9 12 31 20 28 13 17
11 15 31 9 8 23 2
3 18 28 16 10 22 6
29 28 7 8 1 26 18
7 2 24 15 13 1 5
30 23 15 14 8 13 20
31 26 3 8 20 10 4
12 26 21 27 19 2 31
22 4 1 13 16 15 18
5 18 12 4 8 1 7
26 29 12 15 2 7 6
16 1 15 5 9 14 20
12 31 1 2 23 9 4
29 27 1 5 31 7 4
27 3 5 24 11 2 14
23 7 22 30 8 4 3
20 24 28 14 21 30 15
25 11 14 7 27 4 17
19 16 10 20 4 6 29
9 4 22 28 1 5 26
28 1 10 5 15 3 19
23 16 27 18 9 26 2
8 2 3 14 15 9 21
12 15 8 7 19 29 28
22 23 29 9 19 28 26
10 27 3 1 4 18 5
8 4 19 27 26 10 30
1 3 5 26 16 31 11
18 13 5 24 25 2 22
3 15 19 7 6 13 8
4 14 13 20 29 19 18
19 9 3 1 11 8 2
6 24 11 27 15 10 21
17 6 19 24 31 30 29
15 4 5 30 3 9 29
6 15 29 26 30 17 13
6 8 13 17 22 11 19
11 16 7 19 29 3 17
24 21 2 14 30 6 26
5 13 17 2 29 30 31
3 21 29 24 25 14 13
23 2 11 30 29 7 28
11 26 5 21 16 15 22
7 2 1 8 13 10 28
12 13 14 27 16 3 25
28 26 16 24 6 10 18
22 20 6 3 24 12 9
3 24 17 22 27 23 11
1 13 8 23 9 21 5
18 26 29 22 23 3 16
6 23 9 14 21 30 11
12 3 17 27 19 30 14
3 11 2 12 16 21 5
12 25 7 18 4 20 21
6 1 2 13 5 26 30
14 26 13 25 20 8 1
26 29 14 21 20 4 16
23 15 13 29 22 31 27
21 2 25 15 13 10 22
11 5 14 17 27 19 21
24 9 22 1 10 4 29
14 17 27 8 10 16 23
14 24 21 15 5 12 6
20 23 30 29 13 27 18
12 18 30 11 3 25 27
22 20 5 15 17 4 24
25 8 5 4 7 30 26
3 6 28 4 27 11 30
14 10 7 15 11 3 30
29 11 2 16 19 18 4
26 23 25 14 27 1 18
9 22 14 17 13 16 31
26 9 12 15 19 23 28
4 2 22 24 20 11 19
22 11 4 6 7 9 31
27 28 13 12 16 8 19
13 23 19 30 29 20 9
30 7 29 26 1 15 8
29 17 23 8 24 27 10
12 24 22 5 14 3 21
13 9 1 6 12 25 2
21 12 20 14 23 25 2
1 17 5 2 8 7 24
11 31 8 6 24 13 3
14 27 11 25 22 7 12
4 30 15 3 11 24 7
9 20 21 13 18 29 26
1 29 3 26 17 12 10
4 7 31 28 1 29 20
23 17 10 25 2 14 26
22 19 13 1 17 24 21
3 17 2 19 16 30 14
26 31 23 7 11 10 6
14 17 19 6 18 29 2
25 16 30 9 12 29 24
27 31 1 14 26 21 2
3 15 29 4 26 14 5
14 28 31 8 21 29 2
19 16 5 26 14 9 6
13 10 6 11 14 3 21
6 22 1 17 2 8 11
6 13 28 10 27 31 11
20 13 27 4 9 7 11
21 11 1 19 7 22 3
31 23 11 24 15 3 20
20 30 28 17 11 6 19
13 3 18 14 2 5 10
17 3 24 21 9 4 30
14 19 23 10 26 1 27
19 5 17 9 31 8 26
17 21 13 28 8 25 26
31 30 6 18 9 21 20
28 24 23 19 31 3 12
16 4 8 19 31 3 26
10 25 28 21 1 11 31
30 4 20 15 8 23 11
17 6 11 18 2 13 8
3 6 20 16 25 5 7
8 27 13 2 1 9 22
11 14 2 15 18 1 8
12 23 10 30 6 28 17
24 26 25 3 23 1 10
20 30 16 24 28 29 6
9 21 10 18 3 27 28
12 19 17 16 3 21 6
18 26 9 31 1 28 12
24 3 7 8 17 16 22
28 26 29 15 22 16 6
2 26 17 30 4 23 5
15 22 17 21 29 30 26
2 21 14 8 13 7 30
29 23 8 10 13 15 5
14 25 22 11 6 18 28
7 3 22 12 24 21 23
13 26 17 3 29 15 12
2 27 25 3 7 23 30
17 31 8 9 12 1 25
4 11 26 25 8 24 10
21 27 17 2 12 18 11
25 11 7 24 26 23 19
14 27 3 23 10 12 11
29 14 1 24 26 21 20
23 31 13 27 28 20 6
23 8 15 19 29 12 25
17 21 26 10 31 19 25
7 29 20 18 1 22 4
28 4 13 18 27 20 12
10 8 3 19 7 24 9
22 31 20 17 15 6 18
6 14 19 7 16 4 30
16 18 24 30 28 22 26
28 26 31 8 2 9 19
12 4 17 11 20 5 9
18 22 9 15 3 30 28
30 18 16 2 14 19 29
3 21 4 13 8 26 30
25 15 30 27 21 11 22
6 13 3 10 4 31 15
19 17 13 24 7 29 27
17 1 6 21 16 4 8
31 14 26 29 18 24 8
1 17 4 14 30 12 3
11 10 13 4 16 1 17
31 25 2 29 23 21 13
12 13 17 11 15 31 30
20 28 27 26 22 16 13
23 24 7 12 29 9 3
5 2 13 10 21 4 8
3 31 7 4 23 27 9
16 22 13 23 10 8 21
27 20 29 28 2 24 10
7 20 28 8 30 23 16
16 20 17 24 9 13 15
22 26 12 24 4 9 5
17 19 28 14 8 21 23
21 2 29 22 4 6 26
20 9 26 19 1 15 11
5 28 30 8 13 14 26
25 6 9 2 10 5 4
31 6 22 11 1 20 16
18 22 23 7 24 21 30
5 12 23 15 30 7 24
27 20 17 7 2 28 22
30 29 20 7 21 19 26
22 10 31 21 13 2 12
20 14 30 25 4 13 24
8 17 9 5 21 28 20
10 2 28 16 14 27 19
25 6 28 16 27 21 3
1 22 13 27 29 25 20
9 14 7 5 16 17 15
20 28 11 17 15 8 27
6 21 10 29 19 30 11
11 22 30 19 16 6 21
24 8 12 11 22 31 1
2 16 19 8 15 6 25
18 19 9 27 23 17 6
17 20 5 16 21 26 25
1 11 10 29 19 5 14
18 8 29 15 26 4 5
2 26 29 5 25 8 28
24 8 2 27 31 25 3
6 10 12 27 2 24 15
23 22 7 12 19 29 20
14 16 20 22 31 13 25
14 9 12 31 10 26 28
10 9 3 7 19 5 24
17 25 31 6 10 12 24
22 15 8 19 25 18 28
22 19 30 14 24 23 27
9 7 2 3 25 16 23
29 14 24 19 18 10 21
5 17 15 10 16 20 24
9 7 15 14 19 11 31
30 5 22 4 24 12 1
17 22 8 25 6 10 14
13 28 1 7 25 31 6
17 25 10 3 7 4 14
25 22 8 6 27 29 24
21 24 22 1 17 3 5
3 19 21 17 8 25 30
8 10 12 13 1 7 16
9 17 1 5 3 29 23
14 24 2 16 20 17 31
7 31 9 24 18 28 1
22 19 10 3 4 23 9
5 6 28 24 16 29 14
10 12 28 7 25 16 11
14 29 30 27 4 22 18
13 31 10 28 20 30 17
5 21 11 3 18 29 25
7 24 10 9 28 19 12
27 3 10 28 23 16 15
31 6 12 26 7 27 18
22 17 15 4 24 9 20
21 26 15 2 30 24 27
13 24 14 18 12 16 4
22 13 7 9 31 24 21
6 23 22 9 4 29 19
7 3 20 6 14 26 31
14 11 2 20 22 31 8
5 11 2 31 29 26 8
16 14 26 29 20 31 15
15 13 28 9 3 29 10
2 17 14 16 6 18 3
6 14 13 3 21 1 30
14 1 28 21 10 12 5
9 28 19 3 29 18 8
11 17 28 15 16 7 10
6 29 15 30 8 27 17
27 2 28 17 5 22 1
18 21 22 29 17 1 4
15 18 11 20 21 23 6
24 31 1 28 25 8 14
19 28 6 10 16 29 14
25 18 4 24 31 28 2
29 28 26 16 6 13 27
25 23 15 30 5 1 21
10 3 5 12 7 6 9
17 15 26 28 30 31 3
25 2 22 10 12 9 23
26 30 17 18 14 4 15
1 20 23 30 8 17 31
16 8 3 6 9 25 27
28 26 30 4 19 10 14
28 5 4 20 6 26 25
9 30 5 29 11 6 27
17 9 1 10 7 23 12
14 27 11 5 12 2 8
17 24 31 12 1 7 18
24 8 23 14 18 28 26
19 30 8 4 11 21 3
18 7 9 1 26 4 20
20 1 23 22 6 27 13
24 6 25 30 13 12 10
23 5 24 30 14 1 15
18 12 27 9 4 30 20
28 10 4 30 21 6 3
17 14 21 25 5 30 19
8 18 11 26 20 27 14
2 20 10 30 25 5 18
17 9 16 15 29 4 14
11 13 2 29 8 18 3
10 13 21 28 26 17 31
28 20 25 4 9 31 15
29 21 3 12 5 16 19
7 18 14 22 26 24 2
24 13 25 28 9 11 5
15 8 3 25 27 22 24
28 21 30 25 8 19 14
22 3 10 23 1 11 20
19 24 5 23 27 8 13
20 2 9 10 6 23 12
15 10 21 14 26 24 27
15 23 27 20 11 1 29
12 30 23 4 20 17 14
12 3 19 25 8 29 30
31 16 15 25 23 29 17
26 25 28 2 12 11 20
8 7 26 30 1 22 27
23 30 29 5 18 24 27
20 30 28 17 29 6 7
3 2 8 11 12 5 10
5 10 12 18 1 13 20
8 3 27 20 13 30 7
10 27 9 19 25 15 7
29 18 19 9 16 22 21
27 23 8 12 26 29 28
6 26 18 23 31 27 9
8 16 21 29 17 25 6
21 5 31 29 20 30 6
22 15 6 19 5 8 26
3 23 1 11 17 20 7
3 19 14 20 24 27 26
22 29 20 13 7 28 24
18 8 3 2 16 7 14
16 27 25 29 2 18 15
26 18 3 16 24 28 20
4 12 24 5 28 1 23
24 25 30 23 21 29 2
10 20 30 21 9 15 14
3 22 12 10 20 29 31
22 1 6 2 20 15 10
17 6 26 12 15 8 31
17 19 15 27 13 7 14
17 9 8 14 12 16 10
7 1 22 4 9 25 14
2 1 3 11 26 21 27
8 26 27 13 29 11 24
1 3 23 4 2 20 7
7 1 22 4 10 13 24
15 1 18 4 20 10 24
8 4 14 24 7 18 23
3 11 14 30 5 7 4
8 20 6 18 27 22 10
25 20 26 3 6 23 12
13 20 25 26 29 28 6
31 8 29 5 24 18 11
1 28 6 27 3 14 19
24 10 16 11 23 3 28
14 19 31 23 2 1 29
30 10 2 24 20 8 27
20 11 9 15 23 6 18
8 11 30 21 29 25 22
28 12 22 3 25 10 21
4 7 27 28 30 23 21
19 2 31 3 9 27 16
15 3 6 27 1 2 4
14 2 29 3 7 23 30
12 4 8 30 20 16 6
12 10 2 28 18 23 7
5 22 27 28 8 9 17
17 29 31 14 18 1 10
30 16 9 29 23 28 7
14 28 21 1 30 19 4
7 1 25 10 3 6 26
12 20 9 31 22 23 27
22 26 25 19 24 31 23
31 27 22 28 15 7 3
29 10 30 21 7 11 24
10 18 16 4 22 17 15
3 10 6 26 18 7 12
21 12 31 15 7 2 1
26 1 20 17 25 8 9
28 31 19 1 3 18 5
27 7 8 11 6 16 3
24 15 23 5 18 30 29
14 8 16 18 7 11 24
3 6 5 24 8 20 14
25 5 31 24 3 26 19
2 3 6 8 14 21 1
14 30 2 11 21 16 15
29 9 1 28 23 22 6
18 20 14 3 31 7 28
18 19 20 2 24 1 23
5 3 22 8 9 14 31
10 31 29 15 21 23 20
18 10 27 28 31 30 25
11 26 20 15 5 27 12
4 17 24 14 27 1 22
14 21 31 26 19 23 6
1 10 25 9 2 12 29
20 5 3 30 10 7 27
18 25 19 6 7 23 2
22 16 11 25 1 29 9
12 26 13 3 9 16 11
6 21 14 19 5 29 24
19 17 4 16 25 28 20
31 8 20 26 22 14 16
5 2 20 15 13 23 25
23 18 16 30 31 5 1
27 15 7 9 6 29 19
10 9 14 15 4 23 2
14 6 25 23 13 9 31
14 21 18 24 20 11 25
2 11 31 7 5 3 10
15 22 23 18 3 13 10
16 13 6 10 15 31 9
19 11 12 24 26 29 1
1 4 6 14 15 10 5
27 24 6 13 19 29 10
8 9 26 14 19 2 10
20 9 17 5 31 16 25
16 13 8 17 5 22 30
12 10 16 8 17 1 28
14 25 12 1 11 21 2
15 28 23 5 17 31 13
8 2 12 4 27 11 30
27 3 29 15 16 10 26
11 6 3 14 1 5 18
16 29 14 22 8 4 11
12 21 17 5 23 31 13
31 16 8 11 4 25 21
28 26 10 20 29 14 21
7 25 27 14 21 12 5
19 20 13 30 21 24 18
22 25 16 5 12 20 29
19 11 2 23 5 17 8
14 5 10 11 2 22 15
22 18 24 8 13 6 28
27 14 28 5 6 19 4
7 15 8 27 22 18 31
27 14 29 23 1 15 2
9 7 19 31 11 3 24
20 14 11 10 2 7 27
5 29 11 26 30 24 12
11 7 6 9 8 12 13
17 1 12 18 23 24 28
17 12 25 7 29 26 13
15 18 24 5 23 28 31
3 6 26 29 27 23 22
15 11 2 12 24 25 29
30 26 8 11 9 7 20
2 24 10 29 31 20 23
29 24 30 31 26 10 17
13 14 22 7 18 24 4
28 25 14 9 15 6 26
31 1 28 15 16 9 24
17 29 8 24 7 22 27
13 21 12 10 28 30 3
24 22 1 13 30 21 28
27 11 16 1 10 25 3
25 13 5 21 14 17 3
22 8 20 30 17 16 6
9 27 11 3 8 29 5
30 13 24 9 14 16 27
19 25 16 4 24 18 26
28 21 8 6 2 23 31
31 13 2 27 20 29 28
29 25 19 4 5 10 24
28 30 23 8 13 19 25
30 18 12 5 7 26 8
20 29 28 12 13 17 8
29 27 8 4 11 30 7
17 13 27 7 3 4 29
13 4 14 9 21 18 2
10 9 13 20 24 27 12
26 16 24 21 27 7 19
24 10 30 2 15 31 21
3 19 25 11 30 15 20
25 22 1 31 19 11 15
24 19 31 6 27 4 1
25 3 29 14 24 12 5
1 11 21 23 20 29 5
21 24 6 30 10 5 16
28 17 23 24 18 3 12
22 24 31 25 20 26 12
12 8 23 14 31 19 9
2 25 7 5 12 3 8
15 10 14 8 20 21 25
2 25 18 17 7 11 5
30 15 16 6 12 24 1
28 6 26 7 1 27 8
27 31 4 3 20 18 26
30 13 11 25 20 21 29
2 30 26 27 14 24 18
10 29 21 2 28 7 14
13 30 16 17 5 22 25
3 17 11 6 30 5 7
3 10 18 25 11 29 2
28 31 17 23 8 13 24
17 23 14 7 20 26 8
8 4 2 17 12 19 27
8 9 17 12 5 26 7
2 26 17 8 7 13 6
18 15 19 26 25 29 3
3 23 6 8 27 2 24
31 4 15 3 30 24 19
22 31 14 12 2 26 20
8 4 1 6 24 18 5
25 29 9 27 26 2 11
8 21 1 10 27 29 16
16 18 31 22 27 23 2
28 29 6 1 2 26 10
26 23 18 21 22 19 16
24 21 31 6 28 7 15
20 8 31 12 24 7 25
20 11 17 19 16 25 23
11 29 24 15 23 12 22
18 14 25 28 3 13 9
25 2 4 11 26 10 9
22 28 12 17 3 24 11
23 19 29 14 6 13 3
13 8 3 25 14 31 7
1 15 13 7 25 3 16
15 7 13 5 26 2 8
22 5 27 28 24 23 19
29 9 11 7 18 2 16
9 23 1 22 26 14 10
20 7 27 9 4 25 16
10 16 26 12 8 29 31
19 27 1 26 7 16 11
28 13 21 19 6 8 26
17 16 30 1 9 19 24
19 22 20 13 28 17 26
24 2 29 21 6 26 3
1 13 7 19 20 29 8
7 15 26 30 12 1 27
6 30 31 23 18 15 25
23 31 25 9 19 1 18
7 8 18 4 13 28 11
13 7 22 23 4 14 30
3 28 23 5 24 19 22
20 31 15 4 7 25 11
2 5 28 26 6 21 14
22 16 20 25 12 11 19
25 11 19 4 28 29 26
2 5 15 19 27 29 11
17 4 8 11 14 18 15
8 21 17 19 26 6 14
22 8 30 3 2 6 26
27 21 9 15 24 6 12
6 31 19 26 29 25 15
24 22 4 26 21 1 18
30 17 27 13 24 2 1
23 30 4 20 28 25 10
10 14 15 19 16 30 3
3 13 11 23 14 1 5
27 6 18 29 16 4 9
1 6 19 3 18 24 11
18 11 14 17 15 2 26
7 5 2 14 9 19 4
27 8 13 12 1 30 16
28 19 1 30 10 11 22
25 31 26 10 12 24 6
24 16 1 14 23 30 13
24 17 14 26 16 7 10
21 31 19 6 30 26 12
2 27 16 6 10 13 19
21 2 12 4 10 8 13
9 14 31 21 7 19 2
15 25 18 16 4 9 28
22 19 26 18 25 12 21
11 1 15 27 13 23 4
30 28 18 29 6 23 2
19 16 7 13 25 22 3
23 31 20 8 6 12 5
21 19 2 14 28 22 17
25 8 29 21 18 30 13
22 9 16 28 23 15 30
20 1 10 7 18 27 15
8 16 20 23 11 6 31
30 1 19 5 18 16 15
15 28 19 20 10 2 8
28 8 27 12 24 7 15
25 1 31 24 18 3 21
23 7 24 20 5 26 28
23 8 17 29 22 27 16
12 31 8 24 28 29 17
15 29 16 21 19 24 27
18 10 15 29 22 9 17
25 15 10 19 30 14 4
20 21 12 29 25 28 3
15 25 30 2 9 6 28
8 20 25 2 13 3 28
9 10 24 11 27 17 21
4 29 2 6 13 22 31
22 15 31 16 24 11 6
11 15 7 18 14 9 8
23 7 27 20 9 5 12
6 5 24 8 28 21 19
19 31 13 25 28 23 10
12 3 21 29 11 30 5
26 4 27 15 7 8 24
3 12 28 2 19 5 18
15 10 28 18 14 25 1
21 6 25 18 29 14 2
31 29 1 22 15 12 23
29 30 12 25 20 28 23
3 9 1 13 25 26 31
1 2 14 31 17 21 4
29 22 15 12 9 4 10
26 28 21 8 24 13 9
28 4 1 23 19 15 31
24 15 25 27 16 10 3
6 27 20 18 4 8 10
17 11 3 12 9 22 19
27 14 13 9 26 2 11
9 11 8 3 5 29 10
29 22 31 3 30 2 26
18 9 30 15 4 12 3
29 16 18 10 28 9 7
3 19 6 7 13 10 31
7 9 16 4 2 25 26
2 3 14 9 23 4 19
13 27 28 8 2 23 1
19 11 15 1 12 31 5
5 13 31 19 20 9 28
26 8 20 25 1 22 14
1 29 20 22 8 5 15
11 13 8 31 30 25 24
3 9 17 19 29 20 26
3 14 12 11 21 2 27
4 26 5 19 3 7 23
19 31 21 22 3 11 27
21 5 18 12 22 13 19
1 6 24 16 17 10 18
12 28 27 6 26 4 21
26 20 15 14 18 30 10
25 28 2 9 13 30 15
18 7 14 6 31 10 13
31 3 2 17 16 27 29
22 20 2 14 27 11 6
12 11 16 27 18 25 28
26 23 4 31 12 24 30
27 14 31 25 23 5 18
25 28 3 22 16 14 20
18 2 26 17 27 7 14
26 20 4 5 16 28 8
6 24 5 17 16 13 11
10 12 4 22 27 21 16
29 27 19 13 25 6 28
25 5 15 9 24 27 22
10 4 13 27 20 1 11
6 1 28 17 7 29 26
31 14 28 3 10 1 24
5 31 16 4 10 27 11
17 11 9 27 6 8 23
1 21 20 12 31 11 7
30 28 9 22 31 8 15
20 21 6 25 23 24 11
11 7 1 25 8 10 9
29 11 17 20 24 9 3
22 19 29 18 21 31 16
8 16 24 11 21 25 20
22 26 5 25 12 1 27
15 27 26 4 6 22 7
18 21 20 22 28 8 19
13 10 2 20 25 31 18
15 26 12 4 31 13 14
19 15 3 13 11 7 8
8 17 31 10 19 5 16
13 6 12 17 4 9 11
21 19 12 14 3 6 30
11 31 9 23 17 13 20
20 31 1 23 14 8 29
18 22 5 1 6 28 21
10 28 31 14 13 21 30
13 15 29 11 23 24 20
7 6 10 25 22 2 5
26 8 31 4 24 6 2
6 12 15 19 7 31 11
16 3 2 23 6 4 26
15 14 4 23 17 19 31
12 24 6 27 4 15 1
7 31 17 23 1 3 12
13 2 31 27 29 6 18
26 10 2 13 24 21 11
28 23 1 16 6 17 26
5 12 23 1 30 14 29
2 30 11 14 3 28 5
22 8 25 21 24 19 11
23 31 7 28 27 12 1
14 11 5 12 2 23 27
7 6 18 3 14 27 13
9 8 20 21 13 18 23
13 28 15 11 4 31 20
31 12 13 17 2 18 28
6 7 22 30 3 16 26
11 21 25 19 9 4 13
14 20 8 12 25 13 5
8 10 12 27 16 25 13
30 17 18 29 27 8 10
30 19 1 9 21 16 15
2 10 4 31 5 26 1
13 23 11 19 7 2 28
19 10 20 21 14 2 13
12 7 26 30 18 20 15
30 2 5 16 29 27 1
9 1 28 30 23 10 2
28 27 22 16 21 18 29
31 26 19 5 9 6 14
21 3 4 25 24 8 2
5 3 20 14 8 9 15
6 24 9 7 22 26 5
16 15 27 20 29 1 13
13 3 6 30 31 1 22
28 22 24 23 27 5 3
22 17 23 7 12 15 5
15 21 12 13 17 24 31
10 15 9 21 20 28 23
30 20 4 3 24 11 25
1 25 8 5 11 13 15
20 7 19 13 4 16 11
1 17 10 18 20 9 4
14 23 21 26 4 10 6
12 1 29 7 13 11 3
3 30 21 2 5 23 7
4 12 6 14 7 22 28
6 12 2 26 13 11 16
22 8 15 24 30 26 21
11 4 13 12 7 18 3
19 27 20 18 2 11 9
30 19 26 27 14 1 4
12 4 27 17 5 30 19
10 13 14 1 30 2 12
1 15 21 26 29 7 30
6 19 23 11 13 4 28
25 12 19 17 23 22 31
22 5 18 26 3 29 8
13 17 2 14 30 8 11
16 9 7 27 12 18 3
21 27 6 10 8 13 5
26 14 6 18 27 8 23
5 23 17 16 11 7 21
20 14 5 28 25 15 8
29 3 2 5 24 22 13
18 5 21 19 1 28 30
17 12 10 6 24 7 30
27 29 7 1 4 5 23
13 31 19 5 22 23 18
26 29 25 19 11 14 3
25 2 4 5 15 7 30
12 18 26 29 4 17 7
20 29 11 30 21 22 23
23 8 17 2 31 11 20
9 12 15 2 23 21 11
30 12 27 16 5 22 14
6 4 7 15 31 14 26
22 21 9 29 27 16 26
28 23 24 13 22 16 3
14 24 23 19 8 27 15
11 3 4 12 21 15 26
15 9 30 22 2 11 28
5 20 18 29 21 27 19
13 26 19 2 16 27 24
14 1 29 3 22 13 31
31 8 14 18 11 10 26
31 2 22 5 9 12 11
12 27 5 18 8 2 26
14 20 8 7 24 16 22
18 9 26 29 31 16 22
8 13 6 3 16 24 25
28 3 27 19 25 1 24
21 11 1 16 7 20 19
21 4 24 2 11 12 29
29 30 10 15 24 23 19
31 10 29 4 2 27 19
18 27 3 11 22 30 6
10 29 5 4 22 18 6
23 14 4 25 8 17 19
24 22 6 20 23 8 19
20 4 24 31 15 22 9
25 30 1 12 4 9 14
6 2 12 22 28 10 7
27 21 17 18 29 13 5
24 4 8 22 6 2 21
7 22 27 17 12 4 18
4 21 23 10 8 9 19
10 14 23 30 8 18 22
21 1 5 28 17 31 6
14 11 5 24 22 6 3
16 10 31 4 30 7 8
8 19 24 17 20 15 21
5 29 17 9 6 18 30
25 27 20 4 30 6 24
24 16 4 23 27 21 7
6 7 29 24 31 14 13
11 30 31 24 8 14 17
3 24 4 27 12 17 13
25 22 9 27 7 1 21
5 29 16 8 21 1 12
12 14 6 26 8 21 17
9 30 18 6 3 17 21
18 27 12 26 29 30 14
10 19 24 11 30 7 12
18 2 26 1 21 17 22
9 25 19 26 21 13 6
11 27 15 23 29 30 3
4 23 2 25 22 29 31
19 27 30 5 6 2 29
22 5 11 6 2 14 17
29 28 6 5 21 14 27
2 22 8 26 15 5 30
29 3 21 11 22 2 25
25 4 17 22 15 7 19
11 2 20 23 10 9 14
25 3 15 18 26 23 30
24 5 18 2 30 9 4
8 7 10 18 5 16 29
27 29 6 1 15 30 24
4 14 3 13 2 26 16
15 23 5 22 7 29 18
10 7 20 5 9 27 26
1 29 21 17 18 26 16
11 12 16 13 3 24 10
12 5 6 1 20 3 24
23 5 13 27 11 31 9
30 14 9 16 12 23 26
1 23 9 6 17 26 22
19 13 16 30 29 5 14
22 18 16 3 13 8 19
10 7 5 3 31 6 16
18 27 30 29 9 16 28
2 18 6 16 22 31 24
10 12 17 5 25 13 4
27 3 4 7 1 18 12
28 1 17 15 22 13 21
12 20 18 7 21 6 29
21 16 24 3 9 13 19
2 4 24 10 18 13 26
24 3 5 13 25 6 12
9 21 12 30 26 13 23
5 9 22 25 23 31 11
13 4 15 17 7 1 25
30 27 31 22 8 2 18
6 17 5 27 24 8 22
3 11 26 23 31 14 20
21 5 9 2 3 20 30
28 26 1 23 29 22 14
3 16 1 8 4 2 13
24 10 2 6 21 9 4
27 24 4 15 14 12 13
10 20 3 16 23 29 8
2 4 6 31 5 21 30
14 21 13 22 29 15 20
16 17 27 12 6 23 11
6 17 27 14 2 24 1
9 4 7 30 16 23 25
11 1 3 30 13 25 19
28 15 17 5 24 10 9
1 5 13 19 20 26 9
8 25 30 18 9 14 15
9 14 25 22 18 7 2
11 30 5 2 3 29 19
6 14 8 21 7 19 12
22 4 12 31 11 15 7
27 9 25 15 3 7 28
2 5 19 30 12 28 26
7 16 6 10 17 26 9
8 9 31 10 17 11 2
27 2 29 8 20 26 24
1 2 28 20 18 17 9
13 19 6 24 15 3 27
12 10 25 26 14 13 11
8 31 20 3 16 13 17
20 22 12 28 3 13 15
31 17 3 28 22 11 2
24 14 11 16 22 26 19
5 16 8 31 12 6 19
20 28 25 30 17 15 18
22 8 29 10 11 12 2
1 12 30 9 11 17 3
22 25 7 8 13 5 29
14 8 27 1 25 16 7
15 27 16 20 12 23 19
20 17 12 23 31 14 21
2 17 19 28 13 16 18
14 30 31 2 8 7 3
20 15 25 13 19 8 11
26 27 29 25 30 7 23
2 3 1 23 19 7 21
31 11 18 4 16 5 29
16 18 31 13 14 3 24
20 8 23 15 30 25 27
13 15 21 11 4 7 6
1 28 4 19 10 31 23
28 21 4 1 29 16 14
1 30 28 3 18 9 27
16 21 24 18 15 11 31
17 6 18 14 27 16 11
13 10 16 12 29 20 4
1 3 4 21 20 18 27
31 23 26 2 11 3 13
20 8 31 12 24 7 26
21 25 28 13 29 17 11
18 12 28 29 19 6 24
1 26 10 4 20 3 15
26 5 17 27 19 22 9
31 5 11 21 2 17 24
6 11 29 23 20 13 25
18 17 20 16 15 1 9
8 16 3 6 28 1 21
24 15 13 22 19 4 12
19 8 13 12 11 2 6
5 28 9 1 13 24 6
8 30 17 13 2 9 23
8 25 27 2 22 12 3
12 24 3 31 6 23 9
6 16 3 18 24 29 4
14 26 15 23 5 9 1
31 28 22 30 15 7 4
29 18 10 1 19 14 9
1 23 27 11 28 16 25
24 8 4 6 27 23 18
4 1 15 11 10 13 14
28 11 8 19 21 31 22
