500 1229 5 23
465 257 101
425 207 131
355 233 664
250 266 163
379 191 152
281 465 611
218 473 40
455 480 812
59 427 310
126 465 18
290 242 648
250 356 755
237 211 562
379 468 44
205 291 213
199 474 242
6 282 434
46 203 171
11 460 427
489 165 21
368 387 12
387 349 105
275 21 596
481 298 962
341 329 98
138 399 706
321 63 304
283 245 309
321 339 9
216 415 496
305 334 478
481 374 135
442 26 177
165 245 701
156 316 79
233 397 363
204 24 574
112 139 163
138 41 846
51 487 838
297 301 901
236 184 775
336 164 40
29 68 588
500 45 268
119 256 499
242 191 850
325 201 676
105 313 933
309 487 25
152 128 64
403 393 984
136 481 520
435 491 174
42 261 24
267 198 955
168 489 12
98 139 810
258 251 720
26 298 830
415 269 312
394 132 113
73 414 862
54 386 482
466 235 201
131 234 480
469 489 752
292 384 118
154 262 298
311 462 68
411 476 224
440 161 445
391 252 735
311 65 577
160 59 248
331 364 799
270 90 350
194 274 67
153 280 283
299 1 846
10 59 5
487 421 461
476 147 648
464 154 376
171 300 649
246 472 331
325 119 320
94 477 613
325 145 329
138 348 248
229 286 854
302 5 126
98 338 699
234 290 225
342 424 350
8 464 844
317 263 544
481 189 797
130 201 563
498 343 296
435 413 626
448 354 92
283 225 242
412 426 366
195 27 668
145 492 721
381 481 673
62 131 172
97 27 807
91 179 162
37 13 647
326 112 208
236 150 67
375 469 242
440 90 501
133 126 801
95 148 227
468 353 843
277 366 844
74 43 493
370 68 619
313 436 753
44 389 327
275 379 254
500 393 854
379 165 206
451 315 931
449 313 637
282 326 735
420 225 173
245 68 221
11 204 388
247 209 789
356 284 989
445 418 854
269 448 412
431 177 816
149 437 881
85 484 432
184 406 792
326 134 99
480 268 979
324 113 647
107 101 714
18 260 12
422 241 372
439 111 585
339 335 223
230 174 95
288 452 199
407 285 586
75 130 449
414 396 325
472 29 117
440 86 355
110 57 998
163 285 870
180 454 53
182 461 613
264 72 575
447 86 770
314 47 645
38 63 545
491 127 64
189 420 591
210 28 365
223 98 1
122 119 97
394 193 771
87 160 850
93 473 983
220 301 321
16 178 436
19 65 86
421 428 386
366 332 38
430 320 929
281 409 611
276 396 566
311 441 894
401 237 26
302 377 636
66 368 620
456 327 443
428 112 156
340 338 567
291 38 592
77 218 87
308 256 167
87 7 533
299 8 323
127 43 422
266 382 266
71 439 215
243 83 33
297 144 710
268 86 416
393 172 7
322 83 244
444 64 687
121 345 343
368 87 610
196 246 465
64 317 219
182 417 453
400 469 872
402 4 978
142 204 892
477 101 753
41 99 147
459 251 183
200 142 444
426 330 395
43 486 334
421 153 637
216 398 758
372 273 763
50 434 554
401 182 413
318 357 819
284 465 908
71 454 820
46 87 873
432 163 876
39 157 122
176 44 63
288 101 162
97 429 579
282 434 312
188 109 125
90 462 488
142 183 178
371 228 391
234 422 730
212 465 532
114 314 931
18 188 379
442 22 523
76 11 344
300 208 51
248 493 262
498 480 26
318 176 155
80 77 398
210 443 51
175 52 264
410 313 30
105 302 546
374 188 172
408 70 893
500 397 22
296 207 231
369 325 80
26 166 929
76 73 481
116 8 25
10 367 617
175 420 664
363 210 635
227 202 229
26 94 301
268 163 100
237 360 136
450 108 794
97 31 250
119 439 25
468 268 779
75 40 119
444 112 224
237 352 816
431 267 997
158 393 220
54 388 761
363 342 304
459 88 425
72 218 441
164 39 788
13 237 205
483 230 166
324 97 856
450 167 660
63 332 620
461 492 965
237 487 198
370 42 828
365 496 746
140 415 93
385 116 911
495 492 594
380 224 135
201 309 443
146 156 249
139 449 856
212 355 618
131 187 424
490 375 494
413 406 617
267 435 590
204 489 906
259 400 281
260 269 252
208 242 956
45 86 450
475 89 885
267 169 201
29 376 956
372 308 655
316 131 432
380 136 772
493 69 769
392 81 766
377 480 744
75 445 370
147 115 872
221 491 858
267 333 913
231 275 571
23 380 900
130 115 381
259 57 627
338 349 739
331 401 988
103 304 852
50 88 100
302 472 320
362 354 511
366 448 162
375 285 116
480 272 838
308 146 713
270 485 627
74 151 478
247 322 790
118 188 950
46 420 994
144 498 424
171 37 566
140 136 875
377 48 246
359 238 631
65 189 842
83 471 44
294 387 327
421 210 980
147 348 842
32 200 473
242 342 836
208 241 983
158 406 539
464 394 34
276 454 881
380 248 707
429 330 872
313 240 255
164 186 400
224 236 494
338 141 901
168 121 294
427 60 789
188 147 112
235 102 554
292 186 512
108 73 471
169 367 216
249 169 437
227 96 557
435 494 404
238 112 967
15 102 23
398 5 318
484 166 870
35 267 548
353 132 559
126 243 235
141 204 757
12 9 191
293 99 95
366 214 388
1 9 18
118 195 458
11 247 767
84 138 409
361 160 824
229 145 310
201 73 130
313 74 691
223 464 365
247 178 187
157 460 317
216 250 996
280 492 165
75 288 266
481 156 277
221 3 475
144 411 919
134 196 235
495 88 223
415 483 85
176 261 275
231 247 713
465 474 611
338 400 455
263 479 178
385 101 3
397 57 210
94 383 270
338 490 506
23 442 84
61 368 18
193 325 873
82 375 243
328 384 870
400 360 429
44 178 141
185 114 832
463 76 40
496 174 168
179 93 590
59 178 287
88 58 198
298 300 127
29 282 73
339 47 73
67 462 921
245 264 980
19 397 101
383 338 453
23 90 302
424 254 587
167 28 70
213 394 201
488 450 638
332 14 554
271 336 590
160 367 829
332 310 308
399 72 693
173 114 965
27 171 518
155 408 915
221 297 456
413 112 457
320 166 211
374 327 727
343 49 95
125 104 307
201 426 997
256 167 68
35 18 967
476 49 268
390 418 579
230 299 623
191 81 521
221 209 667
48 348 37
200 277 541
166 363 82
55 240 124
97 414 330
6 364 260
147 175 930
270 31 183
114 481 197
430 247 216
438 267 364
269 188 768
149 380 632
120 235 234
273 254 799
269 50 104
362 389 513
2 487 967
467 259 512
413 105 692
428 171 51
154 338 379
236 494 466
23 230 293
216 401 77
97 222 975
354 274 370
461 213 27
378 30 3
43 452 164
356 52 821
207 285 679
13 369 338
100 119 999
451 110 951
350 109 815
468 394 217
310 446 778
230 170 231
393 408 985
430 48 627
257 5 510
263 250 344
115 253 965
200 310 379
87 168 15
376 60 864
19 45 575
272 275 503
12 159 327
8 325 890
464 437 416
476 309 368
435 305 938
418 166 739
76 470 180
92 449 351
180 475 857
102 50 440
320 382 548
211 399 887
356 492 153
395 347 548
461 19 441
166 315 299
143 1 716
187 15 66
114 57 667
305 480 447
208 385 412
465 363 921
284 227 949
481 268 67
197 433 411
135 58 81
336 224 835
463 161 573
307 204 335
336 208 84
26 270 443
64 168 367
289 426 562
375 69 995
55 161 320
460 387 619
193 46 120
85 167 680
54 337 736
399 451 373
42 260 506
464 78 86
76 118 574
16 363 365
415 405 898
68 241 606
359 281 973
290 500 649
142 331 51
372 218 883
333 226 152
482 332 781
181 171 783
490 492 579
24 248 496
81 271 935
352 287 380
455 129 806
346 266 918
475 346 184
435 149 42
244 383 791
371 93 855
152 91 83
136 97 522
38 365 698
207 272 60
94 386 568
371 269 484
325 166 730
211 289 124
145 361 287
411 500 296
155 4 279
23 234 701
192 415 349
219 480 273
88 462 76
361 210 656
344 332 463
263 441 802
146 68 225
245 119 430
393 103 415
391 155 576
340 46 344
496 49 245
100 273 18
292 294 862
70 300 458
286 320 182
396 54 293
165 480 988
297 356 823
119 202 997
480 387 387
104 151 409
416 451 753
299 250 159
50 258 731
350 359 453
269 402 563
117 436 338
4 480 706
406 14 259
464 135 108
435 347 86
441 474 161
150 66 594
173 352 531
338 376 952
359 54 138
228 315 457
21 306 268
315 283 191
478 61 356
476 278 377
266 471 84
151 119 313
360 382 828
397 129 80
46 88 369
360 426 943
430 319 645
16 284 721
311 187 425
393 433 927
90 353 445
347 215 869
326 387 280
351 122 696
170 67 293
126 230 330
95 37 983
497 437 641
283 471 723
429 292 97
358 277 100
203 100 836
17 106 114
197 140 254
405 85 134
425 187 85
304 265 628
255 372 679
243 487 396
307 407 363
435 295 356
382 456 573
265 272 874
228 437 531
184 308 428
7 145 121
136 235 981
321 309 4
368 236 873
93 167 460
315 127 936
170 363 962
256 252 540
407 266 991
158 79 803
91 112 179
127 70 650
53 377 550
232 83 396
124 357 653
55 228 565
112 89 465
18 326 72
439 189 699
230 203 911
393 256 748
447 404 528
478 100 727
459 142 995
432 34 117
414 415 531
206 358 602
371 239 954
306 218 895
346 293 688
94 322 71
200 475 410
351 489 234
168 260 847
328 144 382
372 492 621
103 336 647
394 363 535
476 327 925
315 141 387
119 136 436
234 331 162
43 243 293
404 257 678
136 135 288
355 190 353
372 135 209
270 355 508
99 20 115
255 399 697
209 396 128
412 178 97
259 181 835
183 211 164
459 423 995
71 343 910
296 69 776
149 450 997
445 27 782
66 276 599
213 406 608
378 282 154
86 187 919
273 135 276
219 102 94
450 451 436
366 181 250
6 18 977
298 56 27
9 105 1
63 69 273
222 333 244
318 26 457
387 356 393
383 379 298
206 398 139
298 69 574
147 393 692
492 297 534
456 129 995
112 123 635
274 77 529
461 269 878
323 345 382
344 298 406
456 103 523
142 375 405
145 448 407
269 42 122
365 304 355
307 102 494
137 489 951
131 121 470
230 351 418
435 403 982
499 257 242
387 470 722
284 107 849
471 350 849
141 261 527
22 471 209
171 264 583
432 25 593
200 68 361
221 176 806
269 341 946
328 277 281
65 385 306
72 180 234
6 279 477
207 273 794
485 272 965
273 469 264
137 113 210
305 316 688
129 13 443
394 175 487
184 88 414
51 197 125
385 163 658
55 289 11
85 419 380
196 368 940
214 476 122
439 482 410
475 322 239
399 86 290
372 455 678
367 246 675
135 327 812
431 251 553
111 152 567
450 121 626
206 478 258
7 328 695
332 5 995
267 293 402
172 82 225
154 283 589
34 93 222
172 327 45
105 338 623
484 154 522
187 243 148
209 148 912
483 319 966
36 339 64
384 93 961
8 90 591
262 371 372
149 141 402
41 3 114
45 400 561
311 87 789
151 129 889
361 292 954
37 152 889
5 193 245
410 142 976
333 38 493
165 422 659
96 8 908
317 489 855
468 460 785
454 285 627
110 385 187
65 329 110
100 174 777
450 408 109
487 335 220
14 485 202
431 290 5
131 159 381
254 138 28
178 214 201
209 109 972
332 327 721
85 489 233
307 475 301
432 491 865
299 22 449
365 8 737
242 6 551
195 457 716
129 192 659
443 13 923
334 214 676
282 53 126
192 307 165
113 433 935
310 234 682
319 329 419
189 299 905
433 308 772
89 92 121
391 423 731
104 321 117
19 294 897
435 230 897
106 231 405
416 314 149
317 377 367
491 206 416
104 448 535
461 392 757
307 393 331
498 465 858
417 263 411
125 126 644
170 258 446
309 93 596
392 455 40
57 169 447
492 414 829
225 167 142
467 117 193
5 125 642
494 115 903
304 329 97
418 317 415
478 223 755
84 364 931
194 292 828
276 103 265
460 132 172
56 106 321
30 383 982
462 218 39
458 128 186
117 406 252
48 388 791
427 217 117
28 123 745
397 446 297
338 360 612
491 321 761
253 137 534
404 411 2
38 295 96
85 196 261
477 163 713
308 143 205
398 152 651
344 309 186
438 196 202
344 317 576
192 414 547
79 451 357
81 387 4
464 445 871
198 16 340
188 260 767
354 200 91
249 148 458
302 63 214
142 424 315
214 148 824
110 236 665
302 159 663
474 203 619
24 195 16
127 117 303
247 351 40
282 217 589
297 295 7
325 20 406
213 377 639
248 162 317
166 133 851
381 67 15
126 361 805
495 40 18
352 175 978
290 393 307
362 228 117
121 453 691
485 102 642
94 200 979
276 401 413
410 188 352
311 500 470
237 195 987
124 312 816
202 260 512
424 105 761
277 170 780
37 215 891
387 105 208
210 125 718
170 321 164
234 384 155
103 198 734
459 183 662
219 269 870
89 214 16
201 270 955
175 219 143
327 68 324
499 90 411
119 359 314
64 412 738
320 481 894
500 182 713
56 196 809
387 210 684
51 344 804
14 447 242
42 470 115
500 120 258
128 316 384
201 487 206
9 284 858
226 196 823
187 166 126
493 230 21
475 122 805
485 147 200
458 148 43
451 391 208
56 221 412
91 399 21
182 199 213
391 333 662
235 307 653
151 194 690
6 376 455
429 33 565
491 422 901
435 284 266
217 230 909
98 375 908
484 295 257
208 88 902
186 190 208
261 490 43
489 105 421
68 226 538
453 220 96
83 185 843
443 63 428
431 95 977
206 138 468
239 426 294
153 233 150
238 205 96
279 68 24
280 77 537
117 164 984
337 182 599
219 340 198
289 304 32
110 281 181
47 484 656
435 147 304
232 260 131
174 293 597
406 412 165
187 156 911
262 70 72
346 390 841
11 335 163
342 283 519
419 350 572
62 91 836
456 137 382
280 418 674
337 150 25
17 482 945
443 394 1000
128 167 952
14 195 611
172 63 418
196 29 437
227 325 853
284 194 473
182 63 393
205 411 827
342 13 775
52 277 788
111 454 721
442 114 727
362 463 760
363 17 289
278 41 166
235 183 536
272 83 902
37 201 881
276 289 937
287 67 216
387 405 432
295 332 525
306 166 895
361 355 961
123 479 644
355 173 793
474 214 415
60 336 130
224 437 313
32 189 690
91 464 468
68 490 576
335 300 481
354 429 327
62 143 717
212 467 758
195 17 521
423 402 865
103 99 724
239 326 537
283 39 797
257 396 774
212 378 576
228 266 471
114 111 159
64 459 209
140 491 490
325 493 231
234 195 899
497 254 104
318 356 161
238 244 745
398 474 151
264 87 81
341 116 856
445 483 506
142 36 118
424 71 666
5 142 388
51 80 120
376 421 163
210 84 215
346 53 215
61 243 453
400 153 261
76 217 896
147 84 545
278 301 188
426 188 125
291 2 720
237 82 991
48 231 533
484 64 716
319 56 234
347 263 848
456 452 758
447 478 427
466 5 984
139 107 851
352 158 197
204 18 585
301 136 320
183 443 124
13 240 730
141 99 147
102 395 224
78 252 603
492 172 197
373 199 162
145 168 286
321 108 744
477 306 118
176 55 511
463 454 209
481 132 735
177 412 694
171 103 372
389 350 251
256 45 581
358 121 467
123 312 134
187 496 264
334 312 265
383 271 550
42 155 931
25 392 153
427 189 659
76 263 656
28 497 339
419 154 319
224 94 718
220 372 988
111 401 896
484 212 40
142 323 43
324 460 48
138 54 849
315 51 199
67 181 553
386 436 892
263 58 718
415 471 529
315 143 344
116 60 721
159 402 144
127 373 164
488 292 47
343 303 669
484 78 786
115 400 182
239 31 825
442 298 551
416 166 327
218 181 65
372 328 85
292 224 390
295 52 962
486 170 256
453 457 721
74 283 466
236 79 622
265 357 557
173 133 665
270 45 291
324 85 770
242 408 711
30 482 906
192 372 684
55 90 268
264 428 870
132 317 976
254 358 492
178 230 422
209 454 867
438 278 343
90 162 647
478 427 499
123 6 802
495 281 596
156 228 918
24 316 133
152 448 735
201 229 162
234 158 718
319 19 714
219 227 84
56 289 298
154 233 90
496 342 317
171 16 104
247 171 868
422 409 651
305 136 761
108 72 827
235 125 94
165 88 851
81 222 517
198 400 670
394 119 564
378 386 306
273 285 641
387 350 519
303 227 953
9 450 618
360 380 648
208 303 816
461 428 479
340 308 132
214 330 663
165 112 350
300 241 323
65 367 24
165 234 558
63 389 406
137 233 368
216 307 730
478 237 740
288 65 694
333 33 116
283 305 855
176 126 274
280 438 480
492 167 616
393 277 889
29 262 771
