94 28
598 974 676 482 139 734 323 162 428 83 651 404 588 640 302 220 62 830 964 639 577 31 519 294 624 235 549 299
31 692 515 234 955 49 458 13 985 842 558 633 418 876 819 879 719 341 197 991 832 680 391 103 570 194 579 777
416 169 1000 391 962 471 155 100 596 572 511 284 80 746 619 178 274 108 803 785 678 205 272 49 947 13 387 560
323 124 760 537 661 886 606 512 842 117 566 495 873 380 847 63 142 972 596 791 769 371 218 252 815 776 444 709
918 606 275 851 431 696 64 426 781 601 313 104 39 307 715 978 375 396 503 683 274 330 343 997 524 338 97 86
871 1000 737 892 672 891 361 748 548 893 882 848 349 622 786 728 849 891 151 538 652 824 800 241 434 759 233 723
506 391 955 646 956 956 173 329 461 808 61 669 348 143 713 240 306 184 742 385 508 928 391 795 326 913 540 900
488 708 27 509 931 923 347 313 535 777 392 962 793 6 931 620 882 929 53 736 271 197 978 252 782 342 863 653
266 361 18 462 903 726 240 549 419 893 299 309 378 524 729 550 938 623 261 210 874 804 248 308 115 378 442 860
922 46 373 237 399 221 136 830 570 195 204 76 686 787 441 667 167 567 939 873 181 90 745 304 577 394 659 410
116 56 169 298 548 900 533 34 593 69 401 785 395 59 706 905 98 508 265 937 8 257 453 255 48 582 801 210
656 225 387 354 838 588 410 828 888 331 444 298 171 655 758 325 385 792 753 681 30 240 134 665 857 881 548 654
805 679 896 593 308 350 855 201 172 260 692 618 239 849 423 495 930 883 961 208 319 395 176 525 54 534 145 823
555 983 392 139 985 175 438 102 441 950 393 803 943 241 406 831 772 985 951 962 969 206 185 114 766 717 417 117
201 353 195 488 971 667 5 724 846 824 581 309 774 547 15 908 307 267 288 504 865 805 488 521 612 680 986 809
279 727 723 82 796 847 637 869 542 787 638 38 534 53 332 689 253 981 250 744 945 207 547 807 471 167 696 533
430 38 648 184 553 776 535 148 293 601 121 472 382 235 137 425 691 594 719 449 262 291 655 568 912 213 162 225
694 594 190 259 91 910 302 932 47 453 544 893 477 159 187 107 572 990 316 383 747 846 614 107 362 865 668 221
245 527 568 913 682 430 437 592 224 500 341 791 622 59 254 393 555 179 594 153 535 482 372 632 579 79 336 5
631 548 943 30 606 360 772 493 984 248 418 277 289 463 500 464 723 278 132 566 141 275 532 129 754 110 99 94
639 250 682 551 583 388 112 924 292 121 830 567 195 818 530 796 871 774 402 614 119 565 105 765 954 20 764 237
178 715 826 196 772 154 575 429 415 162 585 445 860 584 676 597 523 496 655 152 170 326 570 766 612 729 171 110
351 463 717 914 407 804 613 325 267 997 370 416 95 972 857 501 364 906 614 9 585 211 40 955 416 422 543 112
724 128 131 938 930 628 297 904 792 921 664 22 446 2 351 717 523 503 95 514 703 563 308 23 469 665 149 118
443 301 153 823 637 304 349 596 568 355 454 567 840 878 140 800 212 340 245 914 889 811 455 609 178 664 713 340
664 424 957 388 147 950 210 609 559 168 799 61 89 884 205 269 13 114 692 966 311 134 204 150 933 699 377 239
494 378 577 777 663 116 650 760 334 490 904 197 515 263 51 769 407 419 871 841 966 886 962 169 813 828 319 336
882 839 793 251 839 593 868 601 328 9 209 468 546 540 70 339 891 760 655 914 198 272 268 54 228 82 71 211
109 269 756 646 104 578 529 147 252 720 512 447 6 241 82 971 809 615 90 617 679 573 641 71 471 43 552 848
673 112 218 564 696 811 381 532 877 218 727 581 551 812 120 745 94 636 183 479 323 36 23 14 750 418 859 600
788 506 620 970 612 227 924 712 17 570 268 514 494 995 611 979 611 386 980 561 770 124 291 34 486 821 478 850
92 35 255 260 570 869 615 873 198 683 13 625 48 624 672 310 959 176 721 449 614 442 260 234 241 598 626 894
508 431 816 648 1000 434 690 931 706 106 739 709 611 408 238 669 14 274 902 420 461 470 806 962 836 164 374 757
230 649 519 865 976 729 186 225 193 395 461 837 780 216 538 47 749 175 665 705 226 327 805 462 274 301 166 527
278 780 925 726 13 983 984 981 481 312 32 256 963 626 391 44 902 414 347 803 871 369 970 838 504 952 216 634
910 895 501 815 671 248 847 454 961 127 710 770 411 119 153 161 33 52 823 275 923 456 689 65 46 523 290 642
231 989 375 471 285 836 727 649 419 496 979 820 349 912 10 225 738 671 382 801 400 507 742 849 906 123 537 344
872 738 606 557 623 498 365 637 908 75 510 774 560 767 307 832 926 166 462 329 86 429 430 9 743 101 684 479
610 31 824 777 124 853 122 568 462 817 128 239 941 899 814 567 622 961 949 696 251 485 490 260 839 303 608 605
432 977 57 157 556 512 282 623 847 478 32 218 401 607 430 322 909 137 923 838 278 992 162 793 397 440 593 626
41 135 733 202 274 585 221 473 527 730 166 826 444 5 27 469 273 812 162 207 229 981 644 663 671 507 928 933
379 516 969 545 585 233 408 867 891 855 555 474 826 738 643 238 287 561 750 567 251 46 546 13 863 423 748 564
568 421 604 535 589 548 359 389 939 884 992 112 111 410 220 285 614 932 30 530 165 429 246 353 521 701 13 688
39 758 631 713 822 721 653 488 188 33 80 421 358 573 481 698 746 116 525 968 947 418 773 817 241 130 262 426
121 189 30 520 420 770 999 553 594 22 467 123 266 234 127 323 749 844 736 949 173 676 50 660 360 645 1 916
126 323 291 601 751 613 907 565 487 407 717 364 938 205 86 556 303 605 449 262 912 300 78 872 778 827 124 207
255 530 608 34 598 350 904 470 522 736 110 849 265 517 745 845 247 283 341 474 266 384 202 608 677 921 78 507
504 374 359 474 204 442 781 297 287 510 772 656 359 35 484 989 625 728 409 641 868 840 908 356 605 962 449 807
193 982 921 267 466 179 369 211 933 590 980 930 989 559 643 398 348 941 859 393 334 970 402 229 643 694 793 166
156 721 230 512 47 619 656 170 379 224 78 74 799 587 771 597 420 551 149 134 732 269 621 604 534 725 169 225
961 49 352 84 832 137 729 20 914 17 280 319 760 838 139 206 501 971 385 494 324 200 994 161 490 868 314 479
554 241 302 953 229 665 987 461 836 522 780 695 249 210 35 773 937 707 991 223 945 514 898 98 557 610 585 715
425 981 116 693 504 750 6 464 599 652 472 156 968 25 670 381 390 556 100 19 13 380 789 231 452 623 779 533
735 153 421 770 355 31 539 487 46 564 237 310 333 971 203 18 262 560 614 484 539 337 293 198 608 716 187 870
462 749 544 479 36 931 924 539 855 102 177 588 407 924 444 603 49 677 261 219 405 256 147 744 897 388 396 935
982 975 231 208 625 386 723 12 202 403 415 378 976 276 516 125 40 894 244 568 310 649 28 45 718 721 796 478
697 604 499 233 130 118 48 499 996 109 957 690 9 76 761 840 965 687 850 494 324 58 475 293 727 971 934 507
647 7 684 568 751 475 488 348 972 725 596 993 412 381 526 643 18 500 194 375 624 343 283 492 241 684 581 947
907 494 986 617 41 398 448 566 64 267 352 128 320 242 569 780 814 313 165 926 638 594 688 85 164 177 953 5
186 363 532 521 954 993 333 107 219 558 483 589 93 173 916 843 717 398 257 148 984 791 775 699 248 33 240 703
851 617 137 68 639 146 65 300 369 126 327 412 345 464 244 948 471 59 835 224 754 218 898 48 339 715 517 918
447 215 952 658 791 374 116 829 55 695 998 177 814 539 245 922 617 267 92 539 644 53 953 404 772 277 884 528
11 450 410 673 308 977 923 170 777 751 5 837 441 282 805 384 613 321 994 113 751 467 64 890 845 944 126 951
374 920 579 63 866 730 592 43 31 121 747 271 406 176 238 718 827 784 871 907 16 491 591 632 323 239 233 782
218 628 174 936 714 786 341 312 775 123 811 635 707 124 464 750 808 255 193 89 379 819 836 555 825 167 427 275
529 711 843 252 518 657 36 455 680 975 939 415 770 611 18 485 827 956 306 916 795 49 34 880 794 692 392 9
329 36 391 628 758 685 703 497 196 454 990 60 51 713 525 817 330 773 536 569 256 526 224 249 144 420 592 837
419 666 816 118 167 389 111 261 543 180 385 583 576 569 579 524 98 285 355 860 417 580 867 371 316 624 740 567
14 500 96 58 654 310 926 281 752 462 691 2 188 130 90 971 357 954 106 238 501 228 288 149 354 180 22 577
758 615 366 74 354 980 859 613 422 709 479 847 484 142 646 183 6 996 436 881 736 29 357 66 175 935 268 961
987 607 725 604 756 216 358 769 408 731 896 352 756 463 560 481 476 937 274 295 591 96 861 42 476 793 712 308
632 803 742 892 765 138 401 768 621 452 660 844 897 822 451 524 360 647 310 119 412 152 931 36 441 437 445 847
428 28 402 432 336 994 813 622 551 944 863 205 597 605 778 867 689 47 848 720 109 485 42 454 927 574 781 483
759 251 297 151 129 105 250 747 832 830 161 800 684 896 716 216 658 903 546 683 494 741 140 13 4 94 17 20
871 600 335 872 345 194 510 545 7 724 226 955 282 484 737 816 936 345 473 111 501 452 766 229 333 834 501 618
801 968 700 174 758 638 736 956 37 880 714 67 288 323 821 531 452 843 940 443 61 633 474 92 340 196 49 25
878 931 503 579 444 443 629 13 966 49 813 778 917 891 8 934 906 836 631 733 765 508 743 635 661 782 145 241
742 406 746 123 58 729 280 181 428 585 30 943 189 784 680 176 477 648 942 475 596 525 430 535 977 698 965 308
840 600 791 556 22 368 147 446 882 318 99 698 749 513 829 260 781 772 263 895 620 107 394 247 451 438 538 439
196 363 548 887 106 944 536 982 505 447 638 604 791 129 167 376 308 449 824 443 206 814 127 151 780 902 797 713
144 307 968 365 506 83 693 799 71 45 3 19 120 160 304 414 388 245 640 862 984 887 313 184 921 317 498 667
660 154 745 481 435 892 259 239 883 868 860 925 300 688 764 480 663 266 507 571 395 993 894 164 847 147 96 262
279 293 127 505 997 359 621 738 366 208 605 170 208 453 368 765 485 700 640 274 142 416 281 674 270 290 44 939
308 752 992 885 243 246 106 238 621 740 358 461 991 899 568 203 535 772 999 793 990 725 981 819 598 552 56 877
34 557 901 90 554 446 162 596 651 911 970 262 141 999 283 9 786 838 381 244 968 211 213 783 724 396 925 426
7 428 57 375 322 277 857 573 677 535 86 736 333 968 151 419 517 195 487 256 175 243 454 733 135 250 230 811
491 593 380 386 344 958 777 789 377 106 243 598 529 343 906 267 299 636 240 158 345 74 282 796 388 74 680 220
953 69 235 502 410 483 213 530 269 652 745 41 611 769 384 448 6 946 206 287 227 406 133 407 489 592 931 969
644 474 968 497 577 284 477 542 787 136 212 335 559 97 940 294 349 646 592 162 160 817 920 678 636 354 806 629
776 247 432 903 164 356 998 20 465 320 133 300 619 539 216 601 58 488 137 815 732 357 370 952 570 426 21 193
634 22 579 938 82 249 441 251 35 151 604 198 406 140 717 977 706 896 975 112 385 579 614 252 696 374 694 967
845 851 735 87 836 828 758 169 478 744 518 389 791 581 490 896 94 159 750 927 1 303 393 932 436 731 824 965
825 584 947 250 779 598 740 893 406 457 712 54 325 811 9 848 119 881 291 42 430 596 781 338 210 48 143 281
416 478 366 72 360 923 207 315 808 7 742 528 290 137 726 985 262 564 661 135 209 529 500 193 473 893 686 918
