34 60
329 342 28 523 138 228 634 573 364 530 984 370 503 195 158 193 486 724 39 40 735 546 591 371 333 22 552 425 333 984 77 84 712 45 404 280 451 529 443 753 787 994 429 469 941 224 977 56 156 525 168 760 666 820 505 182 756 404 708 725
499 583 819 963 110 828 359 524 812 317 838 208 841 333 389 248 403 691 684 860 558 147 499 337 565 98 794 850 116 179 517 101 217 510 584 737 810 26 448 170 959 287 37 687 640 125 728 301 726 713 122 816 857 466 534 829 821 300 518 730
950 109 790 75 427 839 117 439 760 654 161 395 769 235 211 198 603 849 118 871 954 675 608 199 266 427 830 587 806 222 643 101 963 895 884 839 614 433 67 760 929 977 323 672 231 154 877 721 332 912 967 176 718 648 754 452 159 428 829 3
716 684 220 668 925 932 940 805 969 854 480 12 21 655 741 635 667 647 61 155 443 246 252 215 644 641 589 111 217 668 30 150 158 7 555 45 301 455 983 445 486 518 87 998 839 731 788 306 817 784 675 458 749 371 395 304 133 153 962 694
85 949 254 371 295 682 941 162 255 219 318 276 308 897 439 911 319 804 226 33 830 787 483 340 860 509 298 972 25 655 936 125 696 230 767 404 917 773 497 415 377 881 89 726 715 480 388 155 420 464 518 220 277 858 577 330 878 425 666 770
683 724 157 344 24 942 371 392 811 865 555 455 277 892 820 11 310 859 228 250 261 521 575 568 242 654 447 286 343 410 131 790 55 296 631 658 486 636 892 146 431 113 927 548 875 682 783 125 886 966 528 588 234 248 505 729 123 430 744 473
682 700 480 402 380 581 962 920 678 261 585 530 607 825 330 105 600 640 988 732 844 408 113 700 290 684 237 49 97 264 108 271 790 247 312 148 923 676 310 354 744 793 922 283 146 369 189 682 811 426 644 686 92 612 589 396 258 69 979 219
223 529 767 285 796 345 248 479 751 974 546 614 204 935 843 34 985 237 226 948 119 930 166 653 383 5 946 455 748 86 191 813 245 149 221 439 619 521 720 644 589 762 459 24 894 353 9 641 442 51 142 848 71 872 12 716 854 176 609 102
50 201 628 348 342 794 712 134 76 165 926 370 491 683 947 434 155 541 925 207 713 414 589 139 438 815 626 683 305 270 994 764 152 889 112 23 327 278 197 198 427 587 149 350 847 869 997 488 374 784 996 685 767 858 142 278 869 868 232 624
101 132 575 140 195 73 851 293 631 871 987 478 125 777 960 668 311 838 577 698 248 900 671 952 427 113 54 654 112 809 943 222 807 190 44 150 646 723 899 104 636 14 945 963 191 53 854 468 831 815 122 659 759 444 570 611 257 918 633 798
888 665 1000 264 64 233 228 271 292 233 377 507 189 258 161 633 500 775 691 403 14 177 882 179 966 678 113 396 148 231 542 799 924 630 161 512 816 875 68 559 19 197 517 403 423 744 479 344 293 947 439 3 817 811 805 41 15 91 794 684
677 297 977 204 351 386 14 617 872 54 217 839 768 220 57 204 184 447 146 399 702 205 188 102 287 191 180 723 872 442 802 687 814 75 88 755 882 16 869 533 483 903 478 9 839 566 212 898 719 977 151 92 439 943 648 835 295 68 370 303
581 757 100 201 75 652 598 487 771 316 903 46 257 556 858 628 958 262 823 622 589 2 565 200 697 816 549 657 718 504 271 550 63 368 184 241 821 908 675 571 42 487 794 254 901 915 501 957 763 952 694 953 745 977 658 616 116 122 478 930
913 543 733 844 391 397 726 642 468 783 639 212 467 513 52 162 329 391 313 438 810 479 831 237 695 567 840 505 845 575 761 439 314 347 4 450 627 396 630 432 63 191 883 560 622 911 903 682 389 668 78 315 189 455 943 987 335 535 357 569
232 14 973 905 381 138 748 720 80 232 569 973 577 871 708 112 686 33 707 324 141 185 548 154 87 373 789 306 718 81 302 947 287 772 475 9 285 26 113 783 665 353 374 272 350 202 604 434 684 809 342 803 700 445 548 783 312 875 66 320
679 321 600 437 729 518 885 355 482 804 14 630 16 229 362 825 517 728 193 142 780 661 343 247 265 587 348 970 65 28 916 627 940 250 430 255 970 498 937 135 338 693 689 641 694 37 52 228 10 518 740 750 74 186 272 814 6 86 113 88
530 69 275 557 361 784 435 717 644 346 256 577 376 307 262 159 134 444 539 313 212 977 915 877 99 517 939 496 73 295 959 730 43 991 844 927 896 354 521 266 391 850 806 20 409 484 821 877 580 372 286 687 23 751 220 590 845 692 95 187
184 852 566 770 414 740 388 926 240 690 657 329 182 316 655 454 503 700 538 113 314 524 389 350 915 788 447 668 473 591 706 848 579 481 96 267 518 831 802 11 644 148 402 192 348 641 186 984 139 848 558 873 962 441 841 688 158 370 416 982
948 907 215 202 842 218 520 94 42 616 399 646 374 393 32 4 34 28 699 454 18 783 416 266 976 227 621 947 583 234 861 544 10 463 894 384 696 291 449 788 766 432 304 243 238 923 231 844 170 682 784 897 286 258 19 766 859 457 583 945
840 702 659 706 361 321 639 350 343 314 443 550 691 474 916 315 911 420 863 866 179 724 405 926 1000 235 264 411 956 143 554 516 672 779 577 33 530 812 159 462 543 218 268 608 678 904 576 205 4 776 387 32 355 547 395 469 709 835 34 745
949 330 796 453 693 483 447 105 133 590 918 183 813 963 348 383 616 927 848 984 606 711 256 189 518 707 136 851 580 842 922 229 638 575 371 977 184 177 96 469 665 562 118 879 415 897 401 227 86 671 707 310 568 575 409 630 989 675 515 291
555 674 56 465 661 354 428 540 121 945 266 90 711 315 998 623 694 61 500 539 771 242 736 36 32 98 912 589 155 711 574 583 466 973 240 312 578 486 56 386 415 204 187 239 155 998 713 980 164 458 905 752 547 75 258 177 44 310 830 90
133 920 252 472 527 183 877 56 359 464 564 511 412 335 448 483 769 261 153 915 652 826 382 469 893 251 737 658 338 826 795 299 826 35 158 392 340 947 61 911 587 519 955 305 624 68 315 706 646 800 868 895 211 875 374 103 199 300 991 732
570 844 502 249 441 440 861 496 706 488 130 222 790 894 412 658 513 523 893 804 374 214 913 594 206 490 681 822 423 822 943 607 891 503 536 482 823 511 515 1000 312 698 74 919 512 750 260 511 583 732 610 189 880 558 463 629 651 151 623 409
18 719 209 33 362 637 302 311 21 633 491 670 406 168 508 141 685 592 528 228 453 422 759 539 765 650 368 893 417 246 144 971 708 176 872 803 469 349 811 283 222 268 697 186 807 167 181 158 67 374 663 361 144 178 54 717 173 983 325 419
332 140 789 746 816 355 65 137 957 580 787 67 755 889 259 70 810 118 909 755 249 587 616 395 307 555 440 36 371 796 849 777 762 586 2 484 734 752 232 148 426 758 444 857 147 255 499 936 637 964 860 317 707 169 747 32 399 36 996 722
326 778 607 111 360 773 324 400 778 851 9 115 392 407 112 140 868 992 728 131 464 157 278 790 564 312 773 697 830 704 236 613 177 25 613 345 906 661 647 336 670 784 847 907 832 560 491 29 309 546 742 101 356 306 588 556 709 421 17 623
167 366 258 72 707 629 889 970 210 450 950 20 763 200 687 459 50 201 690 898 722 836 527 898 683 700 546 330 157 109 40 715 342 831 887 788 690 6 103 763 982 750 973 421 593 583 11 764 248 614 150 480 163 230 916 836 335 168 398 997
419 497 437 445 735 507 216 737 670 580 58 986 133 749 624 15 897 186 440 672 159 754 264 83 419 49 226 187 401 919 431 154 866 54 23 270 530 96 740 173 461 725 975 666 722 776 893 993 657 298 694 315 662 425 694 921 196 1000 511 662
498 272 490 416 274 569 294 476 748 420 628 827 555 227 289 269 90 111 551 359 488 568 872 93 920 166 474 185 884 571 409 654 78 275 46 679 334 70 816 708 876 901 756 355 785 803 448 186 896 606 957 775 63 828 927 142 640 730 177 542
525 466 814 866 55 516 801 241 5 539 364 846 656 215 116 426 597 127 981 7 629 137 125 618 176 332 17 100 892 353 766 370 288 702 650 931 966 214 924 979 49 765 789 91 823 667 97 660 487 207 877 554 307 899 22 385 943 400 682 723
85 402 496 135 331 267 546 220 745 518 866 738 185 654 923 502 31 947 972 138 89 439 126 329 726 48 768 472 59 192 937 971 755 881 657 888 298 157 497 422 537 562 576 255 423 994 619 682 632 35 274 228 722 275 743 160 581 570 715 7
228 852 335 936 278 774 674 558 695 247 540 481 942 240 14 998 946 327 213 783 688 216 592 84 584 158 175 137 110 875 158 13 139 40 93 143 922 2 553 282 646 55 38 668 844 448 563 854 825 780 160 536 903 911 910 8 214 77 601 397
711 182 941 522 623 582 79 303 873 37 461 829 257 682 65 14 482 920 493 767 662 868 467 112 261 394 523 603 598 104 355 889 15 823 604 384 34 973 987 733 90 833 259 54 104 843 564 223 839 78 561 464 348 367 512 520 177 136 826 376
