97 69
611 771 788 760 759 152 672 702 585 604 925 237 531 997 349 267 64 815 212 333 27 716 696 314 774 75 411 627 235 116 606 695 337 509 693 437 930 926 46 522 822 985 321 860 453 751 90 816 159 389 828 967 757 159 200 740 806 866 777 224 1 730 392 263 192 294 342 562 64
577 227 480 340 395 917 346 556 977 206 927 945 203 893 490 156 788 240 1000 172 658 413 313 584 288 420 387 706 595 124 859 95 143 715 592 846 995 997 757 134 450 6 602 235 159 272 925 265 287 313 322 948 243 159 294 165 970 352 628 447 712 529 809 878 723 533 11 445 981
585 593 612 657 936 306 74 443 700 904 511 647 321 213 749 865 840 815 316 366 442 765 410 510 952 927 707 70 385 657 728 648 772 718 515 697 834 171 788 60 118 110 779 844 513 553 591 304 636 61 447 995 840 546 82 327 865 702 522 149 39 333 620 499 714 882 379 721 585
680 768 284 546 202 183 230 788 629 71 89 540 364 882 438 281 847 596 177 887 677 171 136 57 247 245 982 971 620 732 639 290 683 735 909 175 33 380 719 747 537 731 280 703 951 948 261 511 379 510 664 420 402 364 518 756 392 919 906 499 100 451 143 332 168 65 148 767 53
207 198 871 771 199 909 1 264 469 132 876 783 191 641 836 957 983 906 825 771 792 368 838 846 829 433 723 633 738 881 512 395 728 477 930 575 409 497 216 186 454 558 957 283 615 62 125 841 34 989 800 104 635 230 855 507 50 30 126 228 852 467 656 57 114 769 976 24 993
128 702 838 205 531 482 657 388 504 1000 76 614 688 827 117 596 281 91 396 607 809 944 211 771 485 464 539 663 538 109 890 420 202 136 329 803 679 153 800 477 766 375 546 458 644 730 342 398 288 237 829 442 814 918 615 287 319 945 981 697 819 614 480 557 965 665 204 353 701
919 716 149 25 263 603 492 27 643 814 951 916 175 368 177 979 129 80 747 219 346 740 92 658 378 817 557 673 187 408 279 407 210 329 647 424 451 398 662 441 927 860 145 256 40 416 500 227 402 41 735 646 450 346 838 536 991 452 798 656 412 190 27 10 561 449 495 949 815
919 415 530 230 349 506 653 943 855 363 920 375 16 547 879 913 533 281 899 962 479 130 914 784 384 555 460 964 565 343 526 386 238 306 642 701 540 711 200 158 998 113 27 813 365 457 252 614 546 470 152 588 647 640 188 254 328 505 487 621 518 186 987 985 543 32 216 773 365
877 344 924 30 607 283 922 206 632 659 933 802 658 75 882 217 417 122 860 904 212 831 552 95 18 570 525 926 929 702 173 953 891 178 262 90 832 833 528 155 400 481 642 632 736 184 592 186 121 285 994 189 637 361 390 568 937 504 443 98 574 173 545 663 81 251 720 872 970
889 659 941 900 83 995 547 81 697 608 723 71 841 228 602 500 182 192 111 795 589 984 802 585 650 987 129 881 168 324 609 769 838 677 891 504 282 40 18 74 189 420 7 937 273 850 224 43 96 396 45 38 388 503 878 90 228 631 694 99 464 240 428 391 390 756 426 753 22
534 533 837 542 447 339 763 346 619 550 435 430 937 52 801 518 255 622 722 527 592 342 623 598 408 203 763 624 161 251 842 769 160 737 169 68 940 309 371 721 413 485 689 490 68 584 496 26 843 718 689 418 815 335 968 656 218 979 555 123 999 659 788 407 470 524 139 661 498
346 913 310 21 104 938 681 259 477 365 579 296 156 751 403 353 51 810 410 742 810 323 573 374 841 990 552 215 911 439 167 862 184 391 329 34 218 489 940 74 505 824 292 186 160 977 45 939 61 848 93 161 974 746 875 466 933 997 23 348 344 910 237 297 393 997 123 72 276
352 996 44 509 88 407 676 213 894 358 772 874 428 361 831 326 992 145 14 401 906 403 393 551 294 440 43 433 26 407 978 112 779 363 523 416 926 124 929 645 665 936 704 356 404 227 335 576 196 52 43 492 951 446 63 421 631 724 301 958 801 25 434 65 702 452 225 617 491
803 949 494 622 610 154 6 438 135 781 614 597 898 596 324 488 594 598 195 454 553 773 478 814 726 83 214 920 111 771 922 291 932 124 479 89 439 519 712 646 722 111 703 504 266 28 5 797 329 970 750 948 254 643 795 484 903 314 31 718 16 807 638 23 119 57 821 250 351
253 535 264 725 24 257 610 543 950 850 454 500 116 676 982 592 862 81 977 175 581 157 277 211 437 466 140 711 502 637 757 69 254 352 864 336 209 981 675 310 392 610 429 728 629 40 881 628 717 764 540 775 506 411 220 496 852 711 530 328 570 987 556 100 266 701 734 397 630
495 296 360 900 65 980 571 930 229 473 950 733 394 974 840 870 803 664 224 353 926 551 521 718 918 171 73 589 21 844 984 228 519 436 964 817 257 233 189 673 829 652 366 141 610 745 209 122 584 819 297 457 393 517 22 763 924 113 271 619 616 922 286 251 687 935 261 33 167
175 890 175 75 364 960 564 825 242 799 38 395 880 751 821 344 529 868 723 955 516 416 570 913 627 631 669 139 769 838 252 8 84 748 77 877 115 762 946 382 350 157 740 293 733 109 341 737 397 68 116 885 942 889 210 207 809 196 214 273 946 832 659 464 8 429 330 555 259
516 377 587 754 222 400 733 976 907 779 351 238 784 264 867 521 259 130 990 227 35 666 906 553 131 265 352 435 776 109 421 926 925 655 658 185 249 871 943 709 922 635 686 963 602 440 491 427 295 230 978 346 699 19 354 327 717 443 901 93 335 666 307 671 437 724 794 192 11
697 609 445 792 639 585 353 745 424 863 646 388 238 391 262 807 36 447 770 547 979 909 774 441 885 603 815 528 367 228 47 347 678 454 996 355 289 199 588 731 152 999 328 773 834 94 728 963 518 174 379 573 108 986 101 934 512 940 617 14 886 579 801 227 218 968 208 591 745
708 559 619 97 457 433 480 103 829 28 184 502 167 487 594 161 280 804 264 458 37 80 102 314 614 631 272 660 728 947 401 797 415 964 808 679 479 857 461 49 678 634 706 439 320 532 406 193 103 422 32 649 752 460 633 747 850 851 146 914 48 755 504 550 639 646 640 348 420
310 548 36 689 922 108 929 103 46 253 544 749 417 586 557 918 26 771 926 695 775 562 461 226 320 613 793 286 186 490 746 713 905 809 837 110 115 225 504 511 146 910 639 645 75 653 208 625 323 178 101 358 310 427 915 203 158 374 830 735 578 592 539 52 971 451 908 686 677
164 714 961 554 576 591 874 848 214 608 308 446 642 218 514 42 761 781 265 620 955 612 21 447 407 16 284 266 737 278 541 30 826 264 419 787 739 429 333 957 987 6 904 968 179 983 475 731 442 318 402 682 399 244 422 115 268 269 720 131 908 492 477 36 709 644 460 748 430
41 443 519 570 539 870 436 671 239 235 174 757 68 518 759 749 273 823 630 819 118 77 456 369 894 1 243 154 685 296 690 303 139 329 226 215 596 381 586 814 345 159 109 893 100 775 113 525 719 747 613 407 791 3 626 198 551 592 840 751 511 873 888 156 175 46 267 959 597
410 455 77 804 35 783 391 464 252 608 242 354 224 439 955 313 625 147 139 29 231 219 750 836 246 490 667 3 544 365 216 209 8 45 11 571 454 232 215 952 42 23 707 874 882 642 140 55 427 889 933 107 403 647 710 412 494 578 554 216 150 317 372 595 652 685 834 548 299
995 850 348 916 821 806 885 368 284 365 583 933 257 560 748 81 19 343 260 844 831 154 259 945 858 562 86 950 900 255 101 718 225 170 355 918 248 103 40 973 882 1000 66 826 313 636 659 960 812 205 923 826 840 273 851 184 812 100 608 970 872 965 797 418 728 680 714 432 388
481 247 233 288 857 792 158 319 685 518 192 661 646 955 976 342 60 678 540 510 774 388 123 760 71 880 896 631 534 56 292 378 250 953 321 551 830 378 379 578 144 738 158 625 743 268 836 737 751 965 383 535 24 445 448 514 410 401 199 132 819 894 726 155 374 332 860 216 839
752 59 728 667 442 607 927 884 712 98 186 737 555 540 102 892 817 690 367 19 98 781 450 569 623 327 982 556 294 860 552 574 644 535 261 225 889 129 302 777 417 144 407 473 201 762 17 706 784 151 883 333 87 187 566 186 495 361 504 370 831 415 291 441 888 941 231 774 600
482 542 234 720 697 775 404 703 299 576 31 467 79 810 919 811 802 127 87 942 984 201 358 797 881 615 319 314 450 309 77 892 338 194 261 680 345 244 329 206 754 493 847 346 338 427 921 4 243 977 828 520 694 787 839 462 735 701 300 125 446 595 912 145 868 702 620 596 807
529 896 450 714 383 674 288 540 547 939 819 278 372 369 452 143 848 271 869 682 58 237 747 346 712 59 477 457 441 512 517 192 784 201 199 528 941 790 747 150 80 155 817 31 116 844 44 818 93 21 565 343 286 794 98 883 850 935 135 529 445 172 235 403 793 452 610 36 933
50 711 559 762 452 207 560 264 591 951 564 239 145 859 15 72 717 726 576 649 680 741 389 159 445 699 484 435 66 509 679 458 151 345 335 630 717 721 396 600 812 48 222 149 563 599 188 520 521 352 509 364 617 824 564 569 829 339 753 214 687 322 868 959 170 275 607 966 633
538 641 960 408 533 571 511 158 872 175 890 324 803 750 106 495 162 70 271 801 698 752 497 404 798 384 538 874 930 406 713 235 34 9 767 833 116 259 835 637 33 213 340 699 752 812 947 840 274 197 663 852 305 791 26 898 919 886 810 972 787 908 300 576 274 759 998 911 207
731 327 866 31 726 785 836 46 749 586 653 137 419 771 365 220 79 210 304 103 548 549 578 854 568 2 813 317 65 112 505 122 705 591 558 681 738 714 498 738 985 310 187 608 345 784 250 185 41 458 300 44 357 974 153 562 252 612 242 324 720 251 61 182 592 345 962 295 319
558 459 153 363 581 573 169 495 668 761 838 597 224 18 96 60 490 771 682 230 888 409 606 757 144 379 123 628 1 538 332 493 288 269 285 269 431 801 436 602 223 617 362 607 533 510 381 828 198 638 446 338 127 952 940 804 819 202 555 428 534 611 293 492 770 847 864 410 907
605 998 730 911 587 190 889 331 534 112 253 477 381 293 744 74 39 968 471 957 385 953 33 457 270 165 747 68 382 632 614 280 618 79 275 904 386 629 837 720 60 772 463 318 88 793 7 485 422 514 707 306 360 99 925 983 385 897 585 536 891 245 679 417 183 393 903 565 660
968 903 975 50 849 24 40 894 103 226 863 202 430 103 845 41 610 740 958 899 909 315 753 437 92 101 243 780 504 723 478 513 192 668 504 329 257 650 313 548 123 951 829 668 259 355 611 935 645 16 559 720 181 462 604 623 367 550 732 484 111 799 401 879 565 27 712 825 894
500 919 446 210 487 229 82 479 693 980 409 571 393 746 17 615 682 825 615 713 752 461 149 785 723 858 780 609 954 310 999 33 832 867 834 228 100 399 716 739 73 709 926 849 636 134 631 556 44 718 54 104 912 509 279 323 269 231 903 968 10 497 600 571 754 72 6 155 598
488 921 483 896 582 877 72 560 107 68 959 378 298 896 745 300 361 445 869 628 583 109 814 878 91 950 849 715 64 347 484 913 327 447 415 859 188 248 462 474 948 515 927 864 331 953 90 227 605 113 340 327 831 72 711 544 222 801 313 915 221 799 561 707 593 862 647 615 515
566 362 869 218 866 950 105 340 845 635 253 746 941 794 535 11 849 407 189 310 761 981 269 20 697 398 400 351 878 427 94 526 235 23 726 881 346 56 72 525 445 419 91 32 179 23 174 162 478 254 827 734 621 920 414 507 430 160 317 991 298 156 818 82 938 749 944 844 347
904 320 840 162 826 558 515 861 39 662 108 824 20 457 5 289 679 299 120 159 751 267 938 833 268 184 837 746 713 554 708 530 330 950 887 129 508 326 656 55 899 561 916 187 7 229 834 403 455 791 566 729 485 542 888 403 892 375 599 127 559 677 751 264 10 944 825 857 849
219 902 934 24 749 551 632 820 641 2 501 513 323 538 193 824 167 359 734 713 225 224 299 522 200 161 829 285 119 725 651 810 337 527 151 200 910 313 584 313 423 320 681 534 910 713 494 697 943 382 692 66 389 400 306 49 669 303 654 400 219 912 498 89 309 640 883 968 626
337 620 29 784 332 88 244 549 618 704 30 571 7 703 132 708 138 519 912 404 65 197 271 755 274 129 895 136 173 83 81 966 553 290 144 66 186 850 432 543 324 4 772 528 377 138 614 862 248 84 173 696 815 898 460 577 301 495 376 494 406 103 466 755 820 354 628 588 705
26 856 400 910 442 324 887 349 442 753 817 693 542 774 914 886 810 495 126 65 142 239 909 348 215 425 61 829 74 941 34 660 619 693 494 252 417 605 819 821 957 237 908 402 21 512 83 360 897 410 480 620 218 332 178 972 69 68 318 441 241 347 803 916 559 400 187 890 18
773 846 509 611 628 549 4 541 78 436 942 641 714 848 27 405 98 602 10 14 222 711 978 693 211 436 237 883 115 900 975 184 386 568 186 501 740 687 28 430 694 389 479 80 828 69 8 499 351 49 305 655 494 736 472 378 36 293 979 332 79 539 310 586 729 503 840 110 646
860 995 495 796 706 242 599 528 594 157 940 613 579 994 651 988 6 579 987 392 633 176 458 930 242 874 895 681 886 672 91 345 293 546 865 11 797 576 339 859 565 880 440 982 811 49 259 63 601 800 518 210 99 815 205 52 356 454 519 556 59 513 763 827 496 621 763 432 807
719 990 773 667 974 981 109 644 591 799 330 924 54 636 20 549 966 311 399 644 407 427 700 575 755 85 405 669 846 402 108 544 763 763 667 214 525 593 85 559 938 254 412 168 460 69 497 182 356 476 100 874 350 414 590 367 422 188 663 720 850 237 468 676 292 679 216 131 50
426 493 955 628 105 192 414 811 476 254 484 964 145 932 543 418 756 911 852 571 437 686 26 218 715 906 694 530 990 385 947 140 106 399 257 125 83 118 561 278 193 819 584 301 522 553 536 809 531 774 643 504 135 604 878 197 257 539 930 835 49 349 386 191 686 366 394 615 298
398 820 561 586 364 325 570 804 785 332 96 306 986 89 136 985 77 134 283 24 463 573 723 223 543 907 346 935 435 104 146 698 660 450 875 885 831 646 202 956 26 898 306 771 70 834 517 91 493 203 601 265 197 567 663 955 933 212 365 484 674 484 834 220 524 816 744 625 537
258 268 824 600 961 365 948 250 761 713 540 272 386 703 110 850 371 370 284 315 91 394 680 338 547 898 233 84 463 953 392 728 518 406 459 548 797 425 15 351 362 111 123 791 569 529 834 36 237 600 332 565 646 451 35 272 747 379 842 626 521 962 607 336 966 743 667 811 939
466 902 478 299 877 283 236 332 764 698 927 794 387 461 975 411 370 658 708 599 341 125 908 178 262 590 75 511 808 795 226 372 725 423 639 674 550 748 907 112 101 793 204 119 296 402 188 480 614 607 321 735 149 627 919 698 678 369 571 625 702 23 798 408 118 562 965 269 407
670 416 112 770 186 653 107 968 131 878 510 255 572 971 581 530 640 677 756 46 44 774 976 833 721 960 673 155 30 638 102 371 981 128 662 530 632 429 170 745 697 546 640 754 659 669 350 451 971 325 647 469 780 99 644 271 679 914 417 486 919 171 427 352 124 965 77 751 155
857 39 568 196 796 275 206 673 576 723 950 138 665 702 288 686 781 567 911 860 754 131 270 81 535 254 833 391 142 879 324 496 223 509 674 783 862 610 760 821 935 792 127 610 575 503 77 265 625 115 62 477 215 409 1000 513 472 121 921 849 890 865 163 135 527 282 595 742 716
511 302 657 958 720 232 330 878 867 131 895 874 284 956 384 317 771 339 220 830 412 62 328 17 544 762 836 831 940 197 712 548 287 466 43 810 526 374 121 945 452 343 116 696 283 548 201 459 670 755 733 995 581 386 853 669 337 264 924 90 753 551 249 190 98 766 803 554 457
789 403 213 283 526 57 847 869 591 60 610 87 28 651 608 467 704 738 934 365 207 750 1000 88 599 866 977 49 799 474 232 348 358 495 195 897 457 539 144 361 349 942 382 157 509 500 107 8 422 86 703 273 84 876 855 279 106 708 337 880 990 352 701 310 775 227 253 876 308
745 944 82 441 420 133 536 641 693 17 755 508 169 914 819 855 133 994 971 879 351 687 388 585 647 211 65 162 934 604 390 40 779 385 829 73 407 958 421 436 357 486 197 324 821 493 35 132 346 781 112 842 479 48 140 851 752 652 165 240 693 119 179 309 841 678 832 363 186
214 8 236 232 60 170 931 670 298 934 255 457 936 562 767 525 319 742 710 932 176 480 495 315 442 39 926 451 901 279 346 994 568 457 3 687 12 62 233 373 223 421 353 71 233 226 990 66 265 537 505 395 181 647 299 498 733 358 308 438 615 145 503 525 415 233 902 670 525
940 634 801 174 38 170 236 8 283 107 987 485 542 900 416 851 277 182 87 401 666 612 273 132 730 268 443 162 559 761 656 830 994 85 326 85 672 170 493 264 132 387 673 257 705 390 925 473 929 723 468 477 211 129 7 968 49 756 722 578 669 459 174 693 315 129 835 959 665
411 821 491 659 37 604 581 38 906 151 541 374 126 96 546 626 949 620 803 800 229 113 253 749 415 500 519 657 704 834 983 57 867 615 362 829 544 350 950 797 440 142 947 938 186 207 894 711 687 233 522 859 123 296 502 877 954 78 40 490 362 147 989 321 981 996 766 710 929
879 628 53 422 728 219 123 550 310 640 680 107 250 149 145 990 535 861 254 207 78 941 847 145 138 876 725 869 263 27 864 887 641 182 757 213 237 62 596 653 339 996 304 463 851 597 872 354 662 411 842 866 164 177 148 958 249 496 996 649 837 990 879 128 127 277 660 665 453
860 588 627 789 396 940 725 749 317 153 858 495 845 10 360 184 125 308 57 639 424 44 247 867 600 255 501 750 188 352 715 820 354 362 970 885 970 834 678 228 996 195 39 767 253 876 365 678 74 772 164 895 757 435 647 187 434 678 265 789 706 449 8 34 539 531 961 422 164
702 533 68 868 99 432 439 455 717 972 216 804 851 837 310 994 766 644 392 670 307 367 71 67 981 956 320 631 316 869 277 507 654 507 237 920 833 115 990 960 421 615 468 637 45 32 960 758 181 157 417 89 677 163 969 690 161 760 838 492 786 511 335 164 721 927 7 100 131
304 687 473 817 873 512 607 263 856 932 995 878 542 567 575 425 110 244 402 260 355 721 356 878 306 237 940 66 618 620 987 473 421 666 677 484 88 326 540 826 35 458 327 828 628 224 898 783 844 238 694 670 552 734 275 408 733 863 276 458 9 470 665 512 584 524 965 351 340
655 382 534 315 290 684 503 875 645 140 988 285 127 340 105 209 221 214 852 707 539 883 323 641 177 858 109 913 856 172 805 923 960 597 521 943 389 991 912 76 749 731 917 563 158 385 627 822 881 909 45 114 163 266 86 43 468 12 916 120 712 750 427 826 971 691 751 632 424
281 874 89 491 563 555 349 669 879 846 106 753 515 570 248 523 7 720 64 824 637 201 59 375 498 405 111 577 288 887 84 259 829 564 782 644 754 76 423 724 294 303 638 174 511 354 741 960 31 787 98 848 561 836 899 354 365 666 714 105 991 325 693 459 29 88 217 745 716
782 286 515 323 741 448 120 447 24 457 39 265 634 109 985 505 16 530 923 383 355 825 519 814 304 874 131 450 418 330 10 837 100 620 66 378 570 579 642 281 600 700 211 13 624 799 401 481 385 470 726 996 154 977 816 33 904 369 588 688 876 611 566 585 583 606 55 505 789
918 468 798 395 164 512 838 12 473 534 841 489 281 894 829 148 582 925 983 297 102 649 91 561 320 184 923 318 48 578 195 34 870 749 894 674 661 571 647 59 966 304 662 599 704 406 458 819 415 749 469 207 135 399 162 76 203 794 506 637 596 182 642 770 565 254 415 536 661
668 288 905 857 821 523 372 795 434 952 816 724 631 309 529 631 967 362 136 529 429 414 965 887 960 778 233 941 51 624 35 701 987 966 241 597 444 267 886 470 421 136 309 600 415 424 314 866 119 438 807 50 939 978 332 217 262 265 462 789 833 85 206 254 995 952 113 209 277
981 959 24 390 260 373 990 663 244 992 270 870 379 250 389 616 160 449 409 317 728 509 371 662 308 323 239 592 484 916 125 82 380 575 324 104 871 108 445 241 926 95 227 410 227 475 672 657 833 541 130 508 922 743 128 41 364 419 693 73 784 199 672 143 798 557 345 181 209
71 917 912 325 318 868 229 633 67 943 250 140 786 898 389 481 134 382 21 665 378 741 440 701 731 810 171 107 910 725 458 536 539 527 679 162 361 479 474 196 292 462 511 654 19 540 462 421 132 510 893 55 548 344 724 970 987 201 921 219 375 335 411 279 809 181 339 437 882
300 742 14 149 109 691 680 917 643 884 151 692 992 163 52 503 247 6 853 726 868 813 302 565 107 259 474 671 663 565 322 886 840 769 899 646 347 894 167 884 45 565 329 438 882 952 799 336 631 126 366 281 612 190 546 616 199 505 741 931 349 145 81 309 175 283 172 460 253
524 289 349 154 392 603 201 722 140 92 809 730 740 730 874 898 958 790 197 970 729 891 433 563 992 708 690 205 726 817 949 972 759 429 535 931 168 447 452 23 126 149 489 815 527 487 352 86 731 84 342 552 444 904 366 854 735 942 776 256 893 264 252 407 100 191 369 447 58
33 598 275 348 275 301 443 161 387 350 93 813 620 608 861 369 883 461 835 545 995 191 684 824 996 520 353 654 981 168 173 31 883 375 697 914 379 17 592 203 272 288 700 154 292 757 136 555 443 588 965 408 101 762 709 887 134 228 425 532 899 637 106 791 856 624 58 281 947
619 110 794 765 588 475 901 189 147 798 499 78 250 166 366 925 348 650 267 786 153 332 351 303 959 799 802 383 592 453 597 693 605 836 55 330 171 494 194 855 587 155 456 100 669 306 989 797 589 314 358 4 103 973 210 50 354 82 941 565 239 841 539 323 668 590 788 841 311
448 839 565 695 783 386 11 826 213 454 373 59 370 509 520 192 680 867 183 206 235 779 103 200 847 882 874 635 503 790 682 30 297 504 312 801 545 217 550 713 562 785 438 757 757 231 531 749 874 224 258 788 343 134 752 895 119 291 504 329 106 784 677 21 826 531 415 810 567
713 408 427 343 641 703 45 840 796 673 892 641 740 216 482 774 243 128 596 998 583 254 434 883 543 261 170 164 580 378 965 499 471 130 946 565 71 708 538 965 964 382 378 350 619 988 880 312 351 886 842 606 479 959 279 394 26 537 121 600 55 318 399 255 281 942 704 936 314
517 385 744 996 327 270 429 563 541 817 825 407 266 359 690 764 749 634 43 829 114 227 248 673 53 677 724 180 465 119 700 11 724 553 477 189 77 325 928 996 746 838 939 677 216 624 448 647 709 987 282 214 88 798 403 590 479 695 605 195 600 223 279 471 620 539 964 851 401
281 548 562 336 954 607 572 595 953 781 873 320 811 145 295 817 594 654 359 737 69 307 997 801 336 323 120 332 586 855 335 456 376 592 715 907 366 422 467 912 276 143 609 590 116 684 321 184 662 488 677 608 119 575 553 328 214 15 898 35 411 732 476 214 677 914 298 354 683
428 425 416 59 686 475 604 30 667 666 497 192 816 375 370 201 321 557 934 937 753 961 278 864 923 376 815 621 268 480 362 684 503 965 488 73 187 148 294 157 568 64 678 544 440 869 305 886 971 828 550 141 598 659 37 14 509 116 49 916 811 880 532 468 140 487 693 519 154
478 151 935 320 938 851 93 669 47 412 167 349 620 718 315 297 441 754 479 281 79 762 181 232 548 347 751 438 885 377 209 220 708 347 301 750 376 234 197 819 951 211 242 516 114 229 642 744 576 143 808 839 722 200 842 329 685 621 432 360 186 270 360 480 303 79 653 882 20
42 798 316 286 780 807 826 691 144 897 856 589 701 812 407 71 171 338 120 844 449 840 25 31 720 177 287 970 150 158 139 173 444 201 135 147 64 74 658 866 187 631 485 726 668 486 50 762 65 850 876 38 785 355 119 506 190 214 261 191 253 254 376 192 485 41 305 58 564
469 486 225 458 111 910 967 420 639 615 322 447 538 501 299 13 562 175 570 610 931 321 421 225 849 82 735 901 994 802 755 475 413 65 617 744 481 608 636 102 178 39 16 398 5 244 594 328 480 549 578 515 261 898 266 854 7 581 837 197 314 702 569 416 217 143 510 685 304
357 359 256 759 812 49 6 530 638 184 824 107 94 851 457 996 416 502 128 939 591 514 635 6 432 792 295 993 984 997 356 93 268 203 177 599 419 140 916 151 607 547 99 95 752 724 547 934 249 219 65 479 884 267 700 576 648 698 14 81 26 332 197 30 518 638 860 508 863
460 320 214 118 352 22 124 627 66 664 710 841 226 311 605 833 226 802 393 320 921 951 290 133 868 353 7 15 35 226 973 416 853 931 33 551 693 150 927 488 608 610 671 835 445 581 27 479 931 462 449 890 827 925 692 946 254 81 261 26 140 412 639 642 878 363 456 292 454
289 886 674 184 10 285 616 138 387 288 955 172 413 447 292 828 879 987 563 432 361 148 581 401 494 575 471 597 427 341 419 569 694 739 47 337 574 175 905 758 367 707 171 143 41 775 651 924 357 608 808 579 276 296 429 177 451 595 776 322 685 224 512 703 416 289 561 774 379
354 161 593 525 915 170 642 600 444 619 312 101 898 879 160 173 332 204 612 469 470 353 518 23 904 821 861 475 241 998 319 160 746 114 430 452 730 577 942 202 204 688 605 303 923 525 883 894 470 776 292 147 716 382 785 680 925 849 728 2 965 330 794 349 974 807 833 845 119
432 720 821 61 540 620 612 99 949 671 591 555 448 663 971 807 93 313 840 408 244 963 364 156 963 197 207 981 973 105 5 852 264 747 315 253 162 777 445 323 978 460 95 915 53 461 140 873 291 686 157 982 357 975 897 862 384 725 716 442 773 185 47 538 696 321 52 524 950
863 399 633 557 760 319 943 661 26 782 183 907 861 414 299 599 467 27 54 671 214 127 976 627 279 579 33 862 48 608 283 756 760 535 915 726 77 902 39 365 10 98 172 16 699 430 5 24 791 274 990 225 470 134 788 481 320 530 43 508 850 594 213 766 132 498 140 6 220
486 540 834 434 720 416 673 338 548 992 927 170 432 900 828 338 955 103 3 45 977 74 898 677 335 946 242 991 867 479 373 437 910 728 376 998 440 865 157 481 654 351 241 266 350 875 259 619 894 957 129 365 10 63 199 108 656 510 902 634 554 136 919 236 924 902 796 849 368
884 180 24 962 678 523 356 867 967 711 912 169 670 722 889 201 591 367 928 858 917 325 329 385 495 399 6 887 333 438 511 98 667 512 591 388 676 685 267 194 297 905 927 890 380 886 936 773 208 136 905 603 520 654 202 96 839 483 585 280 250 356 875 375 517 72 433 519 834
30 206 401 289 379 601 1000 494 879 707 184 733 603 992 179 309 818 67 893 879 62 287 177 885 179 906 400 679 369 986 623 498 950 641 176 830 367 68 346 563 620 696 115 142 992 245 859 702 694 956 845 225 215 282 90 389 379 821 671 993 281 642 919 937 695 539 929 938 898
799 244 258 443 747 795 541 97 954 241 132 662 978 304 289 988 440 157 134 123 815 456 530 788 428 888 734 402 840 3 728 492 421 963 501 896 729 854 484 69 618 216 261 424 662 343 984 914 79 80 497 643 997 465 274 311 60 969 789 980 969 17 17 678 403 224 522 363 109
824 275 160 10 948 399 978 110 210 756 206 121 502 754 340 534 117 83 89 256 962 683 984 717 386 592 715 86 682 503 931 399 91 473 563 293 435 127 616 321 813 796 800 571 266 364 789 720 459 317 176 393 644 684 691 142 532 882 133 626 478 603 374 588 769 236 225 299 565
533 970 387 646 709 888 561 259 255 599 33 519 905 994 592 902 896 350 792 997 475 184 987 163 261 973 172 455 205 905 138 108 358 231 894 883 727 121 135 683 835 954 245 32 959 414 466 776 542 392 557 904 249 844 148 63 314 952 923 309 37 421 139 995 525 867 942 866 549
936 293 362 243 169 569 106 64 490 994 142 873 700 465 212 735 587 426 687 804 180 921 587 185 704 814 963 598 861 558 46 569 60 948 503 978 732 381 31 313 970 449 123 808 210 115 894 669 753 245 89 934 915 870 128 406 926 470 38 605 107 162 603 308 334 533 882 342 146
775 155 776 332 462 256 206 129 325 731 411 41 113 836 788 411 104 679 30 1 199 669 102 504 598 766 209 123 174 387 999 616 587 386 76 466 627 813 551 221 161 231 873 917 934 164 774 249 930 894 520 887 409 177 317 893 531 596 521 895 804 398 795 624 630 400 252 693 369
138 930 476 699 772 163 74 9 297 903 177 28 127 79 377 543 131 538 524 505 341 195 624 353 256 668 852 4 299 910 935 202 693 398 525 559 946 122 644 211 126 116 860 544 349 726 814 973 144 763 583 660 717 208 22 134 30 838 609 531 725 477 348 257 239 617 714 859 318
340 154 299 720 205 931 143 855 866 880 335 194 459 800 753 762 278 832 382 641 271 318 11 851 325 234 748 64 718 886 985 129 611 822 539 439 287 122 607 55 214 850 902 782 446 525 472 96 699 594 2 368 406 641 72 657 447 367 734 253 307 661 934 552 339 985 583 380 328
436 538 398 182 786 547 387 721 385 907 663 795 615 937 529 513 247 131 467 838 600 13 856 877 325 557 307 760 425 165 896 550 614 398 239 79 46 662 594 694 430 238 609 786 825 426 479 631 406 264 92 368 293 17 834 657 560 849 759 578 926 133 447 677 797 541 637 203 121
