95 77
360 434 775 488 936 10 65 486 117 648 348 175 879 453 837 429 742 932 344 931 547 517 740 980 868 160 150 580 835 489 762 790 117 356 604 598 75 564 236 769 913 965 61 141 994 515 933 474 332 294 302 735 599 929 288 758 908 426 944 900 955 124 772 260 940 177 420 73 309 617 621 851 754 536 286 740 78
999 55 997 801 474 790 892 650 84 123 886 969 18 807 773 193 197 441 376 621 554 505 678 547 964 735 255 194 472 285 845 332 601 974 468 419 115 778 216 575 824 948 102 601 369 690 400 143 344 976 271 287 360 705 589 277 650 426 57 776 302 485 513 935 712 335 640 124 14 914 409 282 108 931 803 302 358
832 661 580 772 516 513 856 733 72 992 430 54 14 50 395 119 781 699 752 219 842 548 51 168 647 534 68 194 373 913 803 684 183 46 100 963 146 179 824 255 422 100 624 823 120 870 971 411 95 46 320 213 11 154 265 236 240 905 200 318 483 469 906 394 444 396 717 826 862 937 147 280 798 93 23 389 565
932 584 445 862 492 582 53 834 800 43 399 192 189 421 326 884 509 79 759 961 474 543 358 692 321 550 677 114 998 54 474 272 92 482 305 5 193 680 351 633 482 461 726 364 852 577 598 245 201 520 764 509 235 166 417 800 118 343 941 123 956 240 7 547 288 300 937 408 383 309 682 578 388 771 132 864 112
136 274 925 580 266 457 373 427 404 5 949 369 407 401 132 229 609 366 316 599 552 454 64 938 194 822 964 492 402 631 728 868 39 421 688 552 641 999 862 183 287 919 572 583 979 226 35 315 322 86 900 304 883 572 559 646 215 533 793 358 989 669 228 943 121 916 1 510 148 567 502 315 702 392 441 916 103
377 504 785 214 889 620 423 404 257 115 657 283 850 325 262 948 329 542 823 459 823 998 85 556 415 355 879 442 743 416 149 343 242 133 938 852 305 234 724 767 108 599 483 24 325 318 282 920 440 357 80 661 172 348 889 491 222 371 579 856 191 340 829 573 556 59 53 300 856 440 18 386 983 693 619 903 745
575 298 128 485 693 718 294 188 72 879 360 549 775 716 643 159 851 286 65 590 862 508 910 918 791 445 347 529 594 810 208 26 741 287 516 149 731 260 50 217 377 110 804 245 761 792 623 77 52 858 804 759 860 544 267 238 103 855 126 272 423 637 709 298 725 711 808 8 874 224 529 798 821 849 418 880 565
937 556 324 568 696 281 55 317 530 241 345 449 578 712 901 114 939 734 795 313 287 180 898 397 42 365 169 37 492 485 948 315 682 50 755 10 417 291 776 325 529 902 250 737 316 317 15 512 839 231 170 955 745 983 694 251 658 699 799 552 594 961 236 276 566 328 822 200 841 958 976 695 220 41 748 425 877
743 827 4 758 441 564 553 944 55 332 131 154 450 121 823 125 472 872 678 633 250 339 727 351 721 553 58 449 287 23 626 542 407 906 574 127 595 27 435 510 828 228 725 503 431 910 746 226 232 829 797 128 937 700 740 947 962 142 168 182 588 305 594 560 696 397 8 567 307 927 565 85 206 871 723 285 806
984 803 832 373 734 370 946 987 264 81 71 563 270 342 18 222 41 782 563 641 333 523 380 817 314 392 321 105 738 532 32 201 933 284 291 158 660 814 6 948 121 383 960 361 655 898 222 87 650 679 776 593 336 839 777 599 669 774 210 821 971 449 919 436 124 731 188 365 805 472 658 844 354 422 166 782 557
429 905 780 302 229 379 669 196 74 212 997 637 841 165 397 891 872 672 956 215 661 523 183 350 645 777 292 792 851 335 507 947 835 271 694 685 202 721 485 277 490 318 608 912 973 279 936 154 412 143 114 437 623 371 732 294 979 61 911 815 999 111 28 741 115 353 818 560 409 849 838 936 114 995 718 330 932
345 301 505 72 927 411 475 755 180 405 143 74 171 477 862 171 46 283 680 47 799 359 863 525 134 307 953 874 7 626 49 119 181 275 988 588 592 983 978 952 962 284 480 142 45 365 755 578 247 76 213 644 73 120 297 118 989 534 896 962 698 118 108 906 89 63 518 775 900 66 732 575 551 22 504 65 638
508 918 864 25 640 919 691 697 386 584 620 576 916 293 502 931 900 459 929 347 969 826 926 414 697 738 831 659 107 614 695 489 850 563 279 803 910 778 354 347 754 457 273 396 36 312 684 644 603 213 150 4 245 474 409 409 676 964 172 656 532 460 690 129 62 446 587 609 324 648 753 223 116 782 689 288 320
237 669 76 196 322 62 969 438 589 98 566 899 384 940 620 834 736 353 672 57 928 301 230 194 306 844 618 483 567 121 409 998 479 246 228 209 591 993 211 790 91 285 344 201 518 404 155 592 142 950 663 123 35 533 842 148 455 129 550 942 771 191 871 303 774 779 153 804 391 115 611 518 675 927 84 507 764
861 345 938 389 984 42 946 806 303 411 626 54 846 45 184 354 71 437 436 630 632 399 321 748 92 386 423 842 462 973 534 524 473 36 887 796 471 590 188 631 766 551 379 566 614 11 288 319 650 463 454 916 355 372 3 130 75 872 608 894 538 176 754 868 401 662 329 626 28 287 851 587 948 718 610 129 19
887 303 72 554 513 729 195 626 948 938 475 385 487 787 262 970 201 113 865 42 53 746 468 612 455 47 22 867 971 496 209 192 408 252 117 500 629 907 569 740 430 334 267 767 465 648 771 173 32 344 202 610 331 374 970 652 142 372 909 896 538 206 86 630 85 280 273 412 521 570 546 237 384 509 790 133 350
642 380 350 263 619 633 412 736 923 597 941 563 722 523 207 53 536 992 528 247 818 922 567 992 138 92 760 766 126 139 802 17 212 745 466 359 378 115 335 119 262 434 217 497 202 28 673 374 690 900 78 438 662 415 84 487 870 573 485 860 876 153 878 105 729 893 96 123 361 688 924 834 382 105 792 399 122
303 830 543 553 801 549 545 534 138 614 704 478 879 720 162 77 950 473 662 36 472 958 1 848 984 62 770 793 953 638 492 429 691 827 952 437 343 161 351 604 850 31 712 13 246 430 223 912 134 500 202 655 50 395 658 901 176 972 77 977 32 453 662 782 83 186 717 811 303 666 881 952 621 696 649 565 46
400 629 233 53 399 330 348 158 775 850 300 265 680 398 709 636 976 588 475 266 327 644 798 141 375 770 696 98 247 861 460 100 812 390 8 988 908 259 132 357 787 398 785 322 905 893 794 30 471 109 932 503 976 661 177 429 589 934 572 650 474 400 943 324 327 478 166 406 10 989 699 397 680 257 233 647 638
587 222 5 763 704 349 458 613 343 772 397 348 251 86 497 946 160 209 456 322 749 144 674 190 600 463 977 94 262 7 380 342 168 273 757 701 52 461 157 416 312 610 205 832 798 612 568 358 105 446 353 564 684 787 974 261 977 143 148 952 975 156 990 848 882 802 853 944 803 605 164 335 312 930 803 915 429
144 243 345 821 713 534 123 126 997 782 790 220 562 625 775 732 112 216 32 937 203 394 768 451 601 51 219 296 124 628 178 814 126 543 958 933 233 38 156 992 860 257 907 547 513 904 213 883 164 510 515 517 634 615 705 495 183 902 929 237 345 72 404 402 846 490 644 598 35 651 889 349 996 405 196 65 925
221 321 88 443 539 428 837 120 749 974 235 833 537 812 769 696 900 120 459 837 797 578 29 21 866 360 52 503 14 688 205 628 383 220 654 315 907 614 672 672 638 877 219 339 101 559 71 627 224 412 752 42 704 149 448 329 1 446 755 936 878 352 956 696 284 403 914 417 571 951 306 219 152 64 53 681 830
215 307 23 520 328 521 768 341 463 613 30 638 499 443 326 754 15 628 316 597 608 259 859 512 438 82 671 732 615 432 802 992 416 330 619 421 726 803 753 691 324 979 324 725 827 52 567 827 756 994 754 551 484 745 219 40 247 799 139 224 343 404 995 47 72 63 674 393 138 186 562 515 43 907 824 853 11
520 357 778 224 170 597 800 558 630 272 886 923 138 624 449 707 311 399 288 410 140 212 440 866 21 213 247 441 377 418 621 929 336 463 668 508 783 288 367 665 265 987 899 17 132 648 567 411 36 846 406 488 15 957 444 452 677 304 266 381 465 430 19 850 950 303 370 894 721 684 573 900 307 669 391 813 731
634 523 117 52 817 460 635 524 988 951 597 24 582 259 194 289 784 910 221 548 982 529 492 160 689 557 263 175 414 673 695 876 638 165 442 538 667 873 179 336 997 182 908 353 858 258 182 747 386 759 810 496 618 591 86 254 108 366 675 804 101 889 183 787 208 535 996 501 883 195 644 679 952 292 644 340 768
708 217 82 662 896 949 703 329 95 1 500 240 742 428 952 962 995 383 828 487 54 670 270 896 292 309 863 166 473 584 671 772 34 775 728 830 737 448 114 661 521 888 468 19 325 861 535 935 367 905 562 823 587 89 66 989 262 986 118 350 846 997 543 939 712 619 672 883 905 527 673 545 151 304 130 477 215
653 561 682 438 158 57 497 613 611 431 55 279 810 518 161 874 597 483 290 933 587 99 766 66 618 64 683 573 273 869 718 890 283 991 252 515 12 672 624 100 425 934 300 158 427 357 495 784 296 592 705 271 655 486 203 957 648 368 526 194 854 548 200 642 781 200 204 953 121 398 783 793 509 621 388 252 453
860 195 156 80 678 656 21 995 238 900 608 476 468 780 333 192 529 602 253 101 984 227 250 563 4 887 404 726 759 323 35 849 445 141 32 805 858 65 66 38 725 62 560 654 801 413 451 726 351 705 393 937 986 232 605 774 440 513 212 750 1000 438 394 839 658 384 16 669 884 632 649 99 390 745 83 552 361
159 439 893 321 567 683 992 71 612 240 191 140 370 485 571 455 673 227 442 991 42 331 927 182 220 531 384 168 207 107 953 622 981 378 826 355 701 352 475 552 979 867 692 213 719 657 905 195 777 588 282 516 884 443 258 561 823 755 890 23 618 934 567 896 963 577 531 448 871 953 934 234 761 640 645 317 598
208 187 538 715 836 163 341 418 899 495 219 29 52 127 271 31 237 505 247 908 562 564 298 272 185 966 93 182 893 708 792 864 397 30 805 462 241 579 739 790 828 642 662 808 215 809 257 843 900 594 802 720 558 284 171 177 230 561 585 436 948 42 105 183 857 445 542 931 766 79 778 563 753 186 130 483 762
541 873 246 735 161 314 877 122 20 134 987 583 462 86 682 613 507 430 146 503 8 501 77 377 539 150 369 15 398 799 114 350 123 901 819 850 82 748 433 285 406 7 962 274 382 539 459 865 166 931 479 939 741 536 649 831 473 360 74 437 957 771 804 885 529 183 791 881 419 92 559 129 392 890 967 813 970
703 20 191 588 148 492 143 599 197 25 547 745 924 889 945 546 159 697 621 100 830 142 18 48 934 67 557 364 417 532 833 390 444 54 928 226 328 445 512 901 838 451 526 256 378 893 294 597 678 115 317 404 963 698 625 55 683 569 16 435 926 498 566 230 310 95 338 127 11 385 520 751 45 418 17 594 938
496 98 273 644 176 430 87 430 215 779 942 31 23 855 352 776 255 246 52 125 395 11 579 18 324 215 197 315 232 844 542 821 105 902 387 456 930 341 997 420 181 222 354 36 668 618 386 686 893 301 375 350 786 278 585 665 204 259 190 222 97 237 801 996 818 821 508 818 347 300 665 884 894 654 38 464 573
177 686 361 714 433 246 679 961 260 140 90 610 449 3 85 165 613 738 836 711 659 629 755 738 809 175 441 755 61 791 690 245 339 154 380 291 593 268 957 895 989 584 679 963 260 544 256 986 405 120 832 915 73 309 219 848 278 671 278 300 581 114 272 463 894 351 357 53 763 524 122 599 860 216 554 114 913
455 460 607 384 366 543 867 307 465 16 457 487 415 907 762 539 445 370 80 658 224 538 952 940 679 372 94 697 430 977 130 824 194 483 814 129 559 976 131 713 975 924 48 734 78 13 997 134 726 786 291 558 233 441 190 249 932 546 875 929 672 877 330 835 547 721 468 26 339 327 27 726 968 676 240 396 748
504 895 79 888 261 952 806 299 830 47 722 224 814 395 908 240 165 921 968 608 792 84 915 712 318 383 204 350 21 165 237 913 150 876 314 638 416 132 629 492 269 846 434 866 876 56 780 366 819 805 995 798 187 897 875 930 938 401 611 660 962 464 943 477 855 115 72 681 8 24 378 152 335 395 74 575 843
323 87 895 239 636 352 819 373 411 228 833 904 372 544 619 950 555 691 311 150 215 842 247 415 246 8 711 585 568 227 456 699 140 139 177 845 186 469 68 780 168 402 295 35 95 431 775 880 794 987 576 668 92 772 131 334 431 595 973 297 487 62 967 357 643 663 478 260 210 549 284 42 124 291 447 130 318
465 801 277 189 748 50 259 258 174 926 239 664 738 497 593 959 479 302 329 184 924 413 548 635 277 991 513 584 33 814 710 874 725 344 606 442 638 712 251 576 805 509 100 160 397 510 148 604 399 805 210 876 189 710 298 84 91 533 940 141 249 287 250 791 754 109 963 844 280 259 109 405 431 607 365 424 260
372 676 261 633 961 558 595 420 313 302 61 651 46 165 510 536 949 920 452 604 34 18 591 474 559 665 778 638 722 559 773 61 646 517 16 230 994 771 19 856 576 634 441 294 482 617 877 278 557 968 916 866 814 220 312 971 16 722 705 873 997 283 871 488 620 867 596 537 145 468 819 676 9 758 839 730 753
894 781 141 568 696 212 673 803 713 148 530 595 403 576 432 238 816 332 667 237 896 280 590 287 94 245 351 753 707 530 542 696 384 481 452 626 367 9 47 180 55 844 264 396 686 230 416 932 304 989 334 711 866 183 607 943 810 759 106 145 871 85 373 566 309 374 497 66 546 210 258 49 639 491 341 905 887
329 815 18 594 326 39 621 52 612 678 511 31 491 92 125 217 342 479 993 16 891 129 158 732 332 869 956 718 988 649 491 648 657 481 374 957 766 101 333 898 836 215 469 365 890 345 661 70 49 553 408 328 702 166 797 879 632 659 293 372 932 934 474 241 123 897 181 248 318 525 695 349 703 433 343 10 863
834 634 140 265 193 345 936 932 453 468 903 728 782 344 590 737 974 339 939 353 497 881 117 160 648 514 112 741 267 56 280 799 183 223 40 892 784 484 876 99 982 463 170 44 838 870 669 501 885 711 201 165 118 809 258 536 818 917 331 639 426 842 912 412 739 826 173 793 440 692 41 955 621 753 678 130 311
238 388 719 874 878 55 643 309 896 763 311 695 259 238 476 363 125 994 815 829 477 331 755 83 39 798 492 736 327 366 619 234 65 554 409 983 958 379 507 911 775 643 377 969 68 512 986 54 181 215 154 739 838 127 785 820 126 693 298 162 643 319 62 324 652 39 281 994 247 665 428 646 793 878 506 841 19
177 865 597 314 650 215 909 177 300 187 79 455 647 345 156 915 382 796 640 677 308 536 752 275 285 846 809 566 650 599 856 418 699 943 988 858 310 1000 372 574 165 535 710 657 711 542 677 522 898 659 224 845 867 719 920 914 553 297 491 634 235 325 213 523 527 900 910 500 701 119 542 836 720 452 557 948 111
601 46 420 214 732 956 805 884 995 481 249 678 874 376 105 925 495 173 74 489 638 759 801 384 442 501 319 14 150 847 746 539 803 575 345 147 671 98 392 548 461 326 100 870 486 878 137 314 399 879 629 820 168 657 749 283 621 211 923 108 977 394 546 4 670 604 455 916 854 657 174 115 311 70 548 190 744
811 682 729 548 848 466 707 296 105 210 147 357 411 681 464 858 147 790 195 751 103 183 684 262 115 592 480 126 643 307 269 776 535 169 970 444 734 593 476 652 821 333 903 185 873 588 420 711 275 164 848 103 32 127 408 548 297 334 718 176 886 258 360 155 706 246 370 594 45 365 711 182 760 239 725 664 839
58 216 225 160 764 873 461 69 232 852 835 733 149 848 476 40 730 986 34 47 273 421 626 478 717 977 364 225 979 942 757 112 927 654 846 145 456 421 518 221 577 595 385 941 776 608 806 634 867 609 980 451 936 1000 181 909 917 203 597 364 429 276 131 659 414 369 639 152 102 244 723 232 988 472 605 340 864
871 352 543 836 493 679 490 150 146 436 763 403 251 158 394 188 442 473 896 812 703 145 20 386 332 976 932 660 713 375 616 327 6 481 86 945 535 927 319 115 651 738 895 34 574 882 749 913 162 159 33 262 455 628 681 698 795 458 422 607 490 732 942 599 308 416 387 519 649 139 708 488 841 716 574 235 975
766 730 805 320 361 351 71 520 936 300 128 319 914 246 471 951 285 446 278 303 63 13 672 4 428 753 399 655 835 298 866 949 347 183 114 192 381 315 66 570 817 820 562 438 344 780 464 752 88 874 783 550 543 273 184 115 974 918 937 834 794 658 951 286 440 131 295 573 235 160 821 834 786 522 243 519 624
121 909 21 727 468 98 652 440 200 436 558 388 832 602 895 43 44 264 544 740 901 511 129 863 225 165 171 659 778 531 264 199 396 301 160 939 993 749 851 35 465 517 966 181 68 234 749 470 480 392 939 485 376 442 255 658 494 649 138 668 770 787 999 489 565 811 510 154 559 770 712 132 878 478 332 548 247
761 585 196 426 46 979 585 827 289 913 212 498 723 614 860 246 536 314 649 18 764 720 386 395 394 668 250 600 947 223 672 57 585 426 555 697 939 310 801 234 66 801 465 810 537 577 571 694 440 67 200 851 669 894 744 624 472 478 767 883 426 501 619 992 683 162 499 196 163 130 249 975 114 78 935 356 501
95 524 145 450 994 888 896 555 142 750 546 341 28 920 990 458 363 147 368 499 599 838 285 349 236 484 376 674 727 999 981 55 712 949 149 544 180 857 447 42 643 618 411 50 861 949 243 181 427 71 606 414 806 338 782 821 997 492 587 814 636 632 972 227 262 703 75 398 481 61 586 989 375 745 171 725 296
44 661 876 421 663 863 133 67 758 477 932 991 321 427 975 183 805 461 211 97 527 398 925 871 828 880 678 980 914 616 506 66 825 716 885 267 662 258 159 423 813 986 867 213 581 881 844 733 971 769 614 895 398 248 951 819 850 667 361 791 156 728 4 41 466 749 341 724 7 188 9 268 160 317 187 519 622
118 816 833 41 209 995 406 714 892 767 271 205 371 903 944 622 200 927 385 264 912 58 318 949 263 412 757 935 912 861 890 916 133 711 262 288 915 177 215 914 87 548 705 676 330 417 524 201 489 63 810 406 207 852 231 877 471 881 982 243 70 147 854 843 205 755 110 62 242 788 109 916 106 316 514 891 239
707 386 615 383 748 847 733 415 906 380 61 57 683 155 278 705 400 821 852 729 904 916 196 598 303 38 829 452 294 283 653 371 297 534 545 18 671 970 992 175 265 392 353 384 214 791 929 208 323 790 193 814 654 865 433 265 82 848 553 189 471 261 727 590 717 493 574 845 254 522 73 134 575 613 158 571 10
308 215 949 869 836 204 976 17 382 508 68 831 758 338 785 908 624 419 171 719 853 743 427 529 79 761 273 665 948 767 357 160 482 380 413 676 916 302 586 734 402 462 57 686 15 462 716 867 969 919 254 490 145 328 833 239 376 881 685 466 704 685 342 93 982 831 405 498 427 773 242 446 549 254 430 667 821
931 176 975 719 972 837 89 975 1000 1 100 571 796 325 648 81 823 937 322 934 885 378 316 619 245 980 765 781 485 679 181 318 76 58 287 441 573 572 937 480 890 547 709 627 316 732 827 541 920 395 531 840 734 806 503 678 173 393 716 12 699 164 704 805 695 957 466 859 330 711 938 221 481 358 383 971 651
966 7 205 572 350 66 856 261 350 244 78 554 70 618 903 246 639 560 514 977 139 642 546 63 99 730 987 639 365 647 465 249 486 693 59 372 438 7 703 789 733 295 769 737 1 640 171 800 537 437 334 446 110 345 966 324 62 444 348 844 592 400 266 703 665 207 664 740 970 551 107 181 134 354 121 987 895
367 427 441 17 600 450 489 220 321 900 29 881 944 536 277 437 393 274 192 324 631 769 624 639 537 334 34 351 545 714 682 215 351 755 3 530 808 784 371 212 172 957 902 129 553 522 2 918 27 373 431 745 872 255 469 653 392 521 166 73 731 50 594 547 65 558 99 534 382 262 70 269 237 874 498 727 243
817 29 230 690 100 91 837 886 991 905 935 412 490 996 325 301 434 780 523 252 784 654 592 980 512 202 809 955 714 458 576 620 798 261 325 489 737 914 308 868 501 495 70 722 335 804 629 287 864 823 397 475 851 914 218 727 820 634 73 665 993 547 128 995 18 861 951 890 328 157 576 758 238 375 637 467 655
597 916 905 14 961 756 243 744 518 936 758 576 469 315 674 367 558 164 811 819 416 437 758 850 319 98 525 176 777 174 524 270 785 744 115 393 431 290 843 478 618 362 656 418 434 113 891 504 636 974 589 326 659 633 736 35 689 270 592 567 333 789 360 555 163 161 59 474 451 395 205 497 137 389 342 292 553
189 16 78 853 227 198 617 403 346 368 335 438 266 851 162 141 942 848 379 398 630 893 343 504 512 83 927 861 9 227 735 303 855 716 854 822 375 44 165 202 48 288 559 758 836 579 114 40 698 571 795 727 95 960 24 218 284 948 928 330 823 748 883 138 51 559 932 530 379 689 853 102 144 246 650 26 309
169 990 515 110 347 789 896 76 536 614 701 523 51 150 891 592 369 455 743 256 948 758 464 377 319 358 222 681 795 452 834 758 348 760 394 912 946 482 400 208 744 700 520 752 960 608 567 453 105 13 537 457 950 770 451 633 555 261 291 832 717 27 932 625 317 842 598 555 486 27 117 842 793 563 907 699 141
530 801 692 659 638 149 733 223 905 172 333 879 802 163 784 242 103 83 302 29 502 12 99 654 371 232 666 711 111 39 769 157 555 250 273 196 461 426 336 104 21 481 801 826 770 397 286 475 868 984 537 856 283 326 249 620 173 426 896 163 607 517 136 169 320 548 136 403 786 628 373 800 211 84 505 98 490
426 672 579 396 288 643 679 867 551 70 689 717 618 335 987 257 834 761 125 693 921 530 480 886 6 579 454 132 316 462 860 108 142 935 484 687 630 56 715 829 179 235 873 312 299 610 930 55 264 873 760 607 658 971 887 36 325 274 423 497 428 223 402 845 266 129 633 4 620 932 641 924 190 264 40 779 248
65 862 934 678 250 663 123 308 233 643 562 201 345 252 363 172 938 176 686 360 982 415 647 504 318 137 88 841 605 179 854 323 119 409 254 308 583 114 982 469 791 997 691 173 198 360 263 684 158 926 438 655 116 379 107 271 204 184 495 631 264 218 685 542 1 139 847 404 344 263 774 875 102 923 785 718 355
828 193 531 242 217 783 418 804 174 94 170 466 904 339 380 119 669 258 719 237 571 761 496 478 919 515 173 758 780 40 236 548 530 791 690 519 295 280 9 767 789 356 294 913 214 811 368 807 291 564 317 193 9 424 302 984 775 247 399 343 908 891 55 930 98 289 525 187 529 8 916 619 554 201 466 307 47
541 257 785 485 110 629 854 512 770 929 411 915 55 235 379 435 524 821 633 742 578 739 650 511 964 616 757 458 257 82 388 100 576 451 695 334 220 954 114 750 359 870 412 480 7 13 396 20 782 411 686 383 865 975 206 839 181 890 496 2 9 657 300 928 677 498 581 722 720 226 529 333 489 761 288 328 932
95 162 365 925 173 739 350 427 882 615 519 725 875 849 28 182 761 651 795 340 38 566 172 876 252 212 386 898 307 977 234 308 189 729 313 240 82 557 328 951 748 42 318 914 691 829 796 173 665 946 215 466 860 410 574 727 817 83 657 625 348 696 270 908 799 158 804 713 413 388 153 550 32 340 750 757 458
144 827 169 853 187 853 913 917 9 454 314 648 981 615 419 104 643 579 459 480 345 630 100 110 87 310 144 469 602 578 660 722 532 171 612 327 711 872 322 255 113 991 250 176 842 876 48 597 278 76 473 203 527 101 640 609 795 498 827 717 882 136 785 314 61 899 760 305 130 482 185 206 494 122 71 481 544
214 755 801 582 992 284 128 226 874 372 464 694 217 701 330 145 156 135 272 38 756 41 178 870 317 612 56 601 779 204 736 804 112 602 177 947 602 171 491 622 635 217 795 735 342 516 855 765 964 515 27 306 824 694 158 32 570 196 27 3 919 558 514 861 20 237 494 973 159 590 743 30 906 63 767 589 94
443 754 70 779 908 784 227 812 63 761 826 561 934 89 850 779 793 171 139 997 355 837 769 232 89 6 396 530 790 916 529 791 746 818 123 840 626 936 328 839 899 136 555 122 69 853 970 841 171 578 769 728 173 453 103 299 107 247 967 923 833 934 200 902 200 97 545 448 567 154 929 719 37 695 822 174 97
953 590 490 19 888 481 166 784 436 25 475 798 85 718 906 74 144 965 490 210 803 206 695 876 316 942 381 601 159 490 915 45 254 838 33 357 391 524 949 415 166 824 55 216 107 225 357 58 672 479 615 207 598 564 222 729 371 695 951 704 726 711 650 704 876 649 411 260 367 916 474 457 811 33 883 398 755
29 366 520 875 155 851 744 897 713 924 503 685 477 846 717 689 300 580 495 505 598 441 462 511 560 702 47 116 604 278 896 533 802 406 480 700 133 379 91 169 656 676 526 391 894 541 543 944 169 550 808 154 794 258 978 55 764 544 415 99 160 27 937 963 321 531 914 468 385 814 819 931 311 939 534 650 500
655 319 964 647 290 242 438 387 800 347 474 452 946 197 349 654 218 4 191 255 19 430 195 66 853 187 901 525 359 26 22 219 399 96 145 323 990 125 934 646 421 300 893 991 611 947 271 470 607 504 605 391 689 951 826 330 925 623 790 486 804 336 948 785 686 85 681 444 58 391 632 49 895 129 105 321 928
504 912 21 514 528 389 502 519 362 572 762 67 547 719 107 274 680 188 667 744 29 676 306 271 119 836 997 74 228 176 997 639 582 716 685 820 936 994 662 2 945 985 112 486 730 795 203 974 464 862 974 202 280 626 674 80 484 588 237 533 206 151 235 244 483 387 890 887 623 306 53 863 162 548 624 746 513
64 876 368 36 122 159 193 36 655 35 745 747 613 709 86 801 534 152 579 95 449 470 187 997 917 121 438 240 523 668 65 313 801 407 930 551 452 550 591 866 520 289 215 258 247 415 703 335 738 596 90 616 124 793 964 975 355 293 135 280 182 456 547 891 957 673 485 118 995 196 185 933 620 834 409 651 365
239 503 89 654 226 695 655 109 363 252 876 922 999 989 973 808 477 536 183 253 379 1000 220 32 217 38 813 246 575 45 670 916 558 656 227 3 50 726 879 559 785 558 383 721 350 656 281 723 80 936 613 279 54 361 118 897 477 657 479 322 624 269 714 831 329 916 90 832 763 399 819 136 18 886 306 553 981
238 896 831 407 525 518 760 866 198 196 422 550 54 733 787 239 909 758 676 757 832 517 817 766 659 493 768 488 410 848 360 574 779 537 926 856 916 842 187 207 370 777 503 269 707 652 822 217 550 806 771 522 66 652 296 651 829 241 443 414 528 899 82 618 212 112 249 236 868 259 389 653 587 464 468 860 121
995 923 929 555 229 853 343 122 255 417 476 485 823 804 919 624 44 32 943 530 140 311 236 824 325 172 218 564 569 864 449 114 226 487 90 315 480 3 727 757 628 451 947 557 653 185 260 891 611 145 990 233 27 866 529 110 699 536 825 954 975 263 939 11 159 656 826 276 17 266 747 946 867 876 956 671 466
201 26 277 37 510 659 925 78 631 426 327 466 994 892 401 556 674 83 542 70 203 241 414 267 600 998 939 633 516 832 654 957 639 291 575 286 222 129 38 88 53 370 130 517 615 89 815 696 747 859 487 819 751 398 738 638 910 552 983 281 760 293 637 68 927 412 514 874 558 276 873 287 69 758 462 501 899
80 257 630 607 161 219 582 143 150 498 606 975 182 846 46 642 447 180 722 265 924 402 470 291 529 423 484 808 897 171 480 45 305 699 929 934 729 639 148 585 138 625 795 597 176 403 374 945 761 751 219 472 684 538 892 106 466 292 725 874 341 932 811 11 873 894 791 818 635 115 39 437 913 323 449 19 854
802 211 148 387 235 272 821 440 866 466 544 655 707 447 519 448 244 235 570 78 788 167 547 235 106 719 303 354 934 201 575 880 388 746 231 331 63 568 892 578 490 474 525 323 394 753 566 105 291 76 559 274 293 611 362 301 296 684 345 709 196 579 353 367 804 58 581 744 900 282 789 983 8 118 375 669 65
584 486 41 444 836 797 217 89 987 964 385 872 48 101 370 994 891 41 118 971 92 916 455 128 294 113 670 784 790 816 630 633 837 515 596 565 31 528 411 422 415 58 182 499 628 415 936 997 86 205 423 462 845 474 420 534 883 885 756 112 583 456 239 803 340 278 743 265 672 493 964 571 243 705 517 29 891
133 494 342 304 940 977 571 492 29 661 146 669 300 42 21 857 91 704 41 77 898 738 166 775 642 388 933 143 180 768 542 293 702 69 228 992 739 648 993 534 723 290 796 50 721 451 161 850 590 154 857 13 607 876 666 766 928 982 540 126 636 594 305 435 321 30 491 440 547 245 348 716 768 482 572 89 72
340 900 174 374 795 772 446 608 509 922 418 433 995 851 469 540 712 210 142 747 469 992 59 357 329 807 817 666 559 888 558 871 41 139 925 913 127 773 764 501 380 350 21 152 23 66 753 371 967 576 823 652 859 52 487 817 687 294 529 924 69 661 783 452 470 377 632 216 787 844 920 734 38 123 201 6 380
802 225 484 862 208 502 22 161 412 17 160 750 224 781 493 113 590 719 791 349 493 152 557 399 604 617 30 85 438 226 81 776 580 826 724 659 454 240 810 140 977 40 128 367 895 101 219 157 841 733 17 300 488 697 58 532 880 378 501 707 475 826 150 1 326 67 444 711 396 659 264 512 688 391 410 115 734
8 656 314 346 158 253 872 138 268 479 115 134 919 844 819 400 964 243 829 913 782 706 944 674 136 480 822 544 46 329 167 433 168 975 969 813 280 551 544 183 595 498 764 792 609 927 203 925 43 969 583 74 782 106 469 815 956 800 293 273 340 945 712 607 875 253 313 603 219 311 945 474 139 525 740 442 101
44 609 306 638 271 205 467 171 814 916 283 625 933 931 87 325 384 465 896 112 762 559 645 854 483 775 955 243 875 720 15 486 857 103 532 779 3 41 2 427 943 419 435 568 414 866 250 448 254 609 64 862 658 598 477 507 338 947 275 710 53 653 907 569 374 935 242 936 375 475 28 566 65 610 111 292 539
334 308 124 681 644 196 949 425 717 34 701 300 630 556 829 291 430 105 777 171 369 995 37 965 993 910 754 389 810 295 833 631 385 550 525 395 401 241 565 83 269 283 777 607 578 334 424 101 634 540 786 966 631 297 739 639 904 382 460 321 908 815 549 250 412 453 518 617 49 339 239 177 340 369 983 192 357
616 32 354 608 468 486 447 835 885 269 821 17 748 753 223 824 617 113 257 302 620 53 182 878 860 803 876 828 702 625 711 310 961 541 948 248 789 975 940 929 747 947 501 310 511 630 247 644 357 567 583 791 589 948 328 96 755 213 556 585 461 302 324 738 615 744 954 528 296 979 694 141 984 7 579 221 79
674 383 451 592 308 293 46 348 920 572 851 904 345 795 283 961 858 416 942 254 822 834 34 806 36 309 210 648 684 702 634 748 308 914 234 258 936 915 15 164 966 581 696 532 650 290 194 204 936 86 493 51 600 483 994 119 418 601 515 269 146 395 389 80 780 235 83 964 831 570 462 259 102 463 760 79 407
473 957 604 682 956 415 999 979 403 158 122 445 307 640 345 112 249 751 980 946 191 116 619 635 179 463 724 810 649 207 1 97 933 264 734 602 766 582 390 372 109 296 58 566 616 978 173 219 911 187 123 172 711 575 299 887 105 99 918 801 603 443 123 42 584 904 773 241 267 690 80 919 636 77 818 393 379
8 836 576 610 556 966 134 122 423 72 711 239 300 893 693 703 447 553 939 222 130 960 31 908 844 39 258 414 437 669 834 144 38 754 403 432 378 561 384 170 19 54 401 601 548 145 62 246 643 434 223 360 863 1000 378 138 897 60 786 717 363 232 916 799 974 869 540 140 496 388 480 231 184 664 68 551 852
339 291 876 885 55 416 311 656 717 399 462 902 498 357 45 232 510 721 526 360 520 140 354 289 839 941 691 601 969 614 121 767 176 739 924 913 95 877 137 329 101 555 485 546 717 508 585 940 695 983 780 64 265 391 500 843 645 991 194 61 248 493 772 785 782 964 907 356 431 703 173 703 48 417 185 951 227
