30 26
987 631 609 799 357 456 321 975 121 797 96 795 732 313 378 632 773 465 610 256 397 388 885 20 209 489
82 192 803 534 411 633 201 11 407 871 126 477 439 180 236 646 705 242 760 23 115 859 194 845 939 420
22 433 496 2 296 166 536 468 142 134 898 159 934 200 780 909 614 1 730 130 859 437 574 941 689 683
211 334 187 89 493 298 852 310 142 466 760 391 513 287 388 789 556 409 511 256 32 115 935 654 55 466
772 989 252 547 208 420 546 345 263 154 210 235 231 466 103 679 809 439 144 708 537 127 492 476 592 594
694 488 790 272 295 538 257 478 626 634 852 916 13 534 91 780 397 456 981 533 907 207 91 634 765 124
440 798 867 605 580 550 762 486 106 897 351 168 542 572 97 29 910 926 873 861 714 465 240 745 733 889
622 539 884 55 753 876 935 530 504 307 516 497 1000 536 357 774 464 435 580 83 4 964 873 799 38 276
435 173 706 960 402 838 626 989 144 976 323 486 323 605 632 130 917 579 532 697 560 34 475 674 416 45
485 212 64 117 259 465 979 766 825 446 185 446 713 174 293 556 287 817 546 264 507 83 542 171 590 859
571 60 65 591 335 591 279 112 672 27 730 529 70 15 526 402 833 718 242 948 424 70 133 631 605 929
915 335 323 901 337 761 726 350 346 344 958 326 989 982 747 550 501 381 92 978 946 857 260 733 256 531
402 782 426 796 879 342 816 510 907 144 916 144 909 184 668 821 777 118 940 566 336 796 701 941 730 561
352 885 971 842 435 642 936 10 524 147 722 238 366 984 839 492 581 34 277 391 623 643 34 667 255 263
226 218 775 274 876 274 833 140 780 627 517 151 653 39 535 521 521 959 894 7 873 137 460 8 564 513
624 927 811 948 136 538 500 516 1000 683 869 285 166 709 164 654 421 930 403 379 187 537 567 33 460 558
972 444 352 941 716 409 637 115 531 783 959 849 809 401 465 157 849 898 137 94 782 703 20 585 129 508
778 872 350 516 176 381 597 440 40 187 260 373 174 714 730 706 718 112 983 659 785 72 398 535 231 865
30 585 461 764 409 29 159 340 55 240 105 96 990 586 408 828 296 940 281 47 379 281 42 742 702 820
614 76 581 871 379 161 994 622 106 734 581 878 65 280 454 544 339 630 111 670 395 82 371 490 788 239
510 277 309 557 109 59 449 834 231 712 478 797 290 138 809 583 688 81 533 685 977 578 863 371 476 276
450 151 695 188 792 842 452 627 486 868 79 198 581 944 85 519 564 143 804 360 558 29 229 598 555 317
665 892 306 191 552 316 551 518 797 632 998 886 229 549 315 909 758 479 130 872 803 470 212 975 811 729
883 608 861 506 402 806 214 863 810 261 127 704 455 225 814 913 817 477 776 456 50 265 99 273 758 698
422 409 308 319 307 647 697 404 725 924 69 253 357 751 567 341 908 779 856 4 685 440 14 880 662 930
734 42 215 607 604 109 529 57 94 956 170 12 73 688 387 915 564 200 99 124 234 365 120 452 503 500
447 225 322 905 773 730 573 349 904 921 285 402 208 630 195 607 123 225 220 135 350 297 323 44 617 196
639 492 257 153 497 538 780 343 971 34 759 749 326 354 130 191 739 329 632 827 983 925 949 799 690 436
850 127 600 34 190 12 743 335 888 864 471 271 820 463 307 960 759 208 552 465 201 678 124 734 272 652
150 745 900 371 964 87 994 21 370 502 294 323 598 90 473 143 100 831 218 134 552 401 992 808 680 211
