36 40
76 83 -84 -81 78 87 26 27 -91 -35 27 10 -46 -53 93 51 22 11 -38 26 -22 74 44 16 -67 26 100 99 50 42 56 22 -14 -19 37 70 10 -32 -6 70 
-51 -22 -51 63 39 -98 -4 -4 33 18 -61 -39 -54 -95 -29 80 -51 -66 -13 -87 -23 -47 -17 61 64 -84 65 33 -48 -26 13 12 92 100 -15 -98 -10 26 41 58 
-19 91 16 -59 44 41 -82 -49 -44 -68 -38 59 -82 96 -6 76 31 82 -26 -5 -71 99 -62 5 90 37 39 62 -9 23 33 -56 17 93 57 37 -7 82 60 82 
25 60 -27 30 90 -84 15 -98 18 33 28 -72 -48 -54 58 32 -59 -37 -79 13 -8 5 52 -52 59 -72 8 93 -88 -75 -50 -98 67 -18 0 -20 -41 5 -50 -98 
-77 12 -70 7 -20 23 76 2 -24 37 -69 -51 -55 -87 66 -15 1 94 92 13 49 20 17 -75 -85 -94 7 11 -51 1 -45 -70 -81 -8 8 -11 28 -81 76 -86 
1 -58 -92 -43 -30 41 -55 -77 -22 71 -69 66 -61 59 11 -47 64 -89 -84 -89 -60 -84 -29 -75 6 -46 -39 75 81 -11 -67 95 -41 51 93 -11 5 -74 -70 -95 
-70 -59 -50 -66 57 84 -60 46 -48 -10 -82 92 -55 -73 -53 -54 67 86 -78 51 -51 24 -90 91 44 -78 -26 -47 55 65 52 16 -29 29 -72 -92 -81 -48 -45 87 
65 8 -63 17 13 -93 -41 -35 -88 -27 -25 62 -3 -46 -91 42 24 61 7 -10 -8 -36 -70 -40 -5 -1 83 21 -11 -63 64 78 89 -1 -26 -94 43 29 -18 -9 
-90 19 49 -65 61 -37 31 -48 77 17 41 24 16 -63 -14 15 -64 -56 17 -5 -7 -73 65 -97 99 16 -44 -50 7 -93 -44 40 -77 26 16 -3 -65 13 -59 -83 
-60 -69 -60 -28 55 -74 84 -72 -65 -64 -41 100 20 -66 88 23 -55 79 66 28 -9 -14 -2 87 -23 -30 15 29 -6 78 -83 -80 3 -54 -69 -15 49 37 59 -32 
96 99 -91 -17 -30 81 -9 67 80 18 51 -60 29 34 52 -47 79 14 -41 45 59 -88 52 -95 54 26 -64 -43 -35 -14 -93 70 -44 -99 55 -20 -72 -15 -100 92 
28 -76 63 -74 -23 -80 19 29 55 -15 -83 13 89 59 50 38 44 42 -52 30 99 59 -96 87 2 38 20 -97 -13 -52 14 -45 10 5 74 -9 82 43 83 -71 
-68 60 44 74 99 -65 -52 45 -47 4 89 -70 72 3 55 -34 -7 -26 25 58 47 25 -85 -87 -59 70 32 -36 -10 -8 -55 60 95 5 16 49 95 68 54 -78 
-20 40 -36 11 -30 -66 10 -7 13 39 69 -86 17 47 9 3 64 9 84 -99 -89 11 -54 12 22 68 -27 78 71 26 59 -41 31 38 53 -25 -39 -65 -12 53 
11 -73 -31 -21 -21 -63 45 96 52 60 36 17 -55 95 11 -15 93 -25 17 -17 7 -15 33 -40 -85 12 21 -66 -16 -40 42 87 98 93 95 95 41 98 36 39 
-19 26 -19 -75 -72 61 -100 -20 -64 -25 18 76 99 92 60 54 -4 55 -92 51 2 78 5 -22 10 31 95 -36 100 67 -59 73 -58 -55 -84 77 57 -47 -82 22 
-18 4 -77 7 -29 -61 51 -7 62 85 -17 28 -65 63 60 5 60 51 -10 33 19 42 -34 42 -39 -88 25 67 39 -59 22 78 56 74 7 -84 -26 75 51 -55 
74 -81 -84 1 -34 -32 -72 -99 -50 43 -48 7 -70 -79 68 50 -61 -96 -7 -72 82 64 -89 -4 -36 -23 23 -33 -33 51 -32 42 -18 24 -58 80 -6 -37 -31 -36 
12 60 -2 -48 -89 -59 57 100 -59 11 48 -77 46 -70 -35 -67 -85 -75 54 -10 81 55 69 59 4 -26 -59 26 -3 -69 46 83 -18 43 -78 -53 90 21 -93 49 
43 62 98 62 -11 -36 86 -81 -21 61 18 85 -41 51 55 -81 64 -99 -29 -35 -65 -7 -25 -23 -13 61 -19 89 -92 -27 12 -37 96 51 -37 -44 -55 -26 7 -59 
-80 0 24 89 -36 -16 -14 -7 -53 -49 74 -13 -94 50 35 -77 96 -6 -45 7 -96 94 -99 91 3 86 -69 54 -71 -25 85 -7 -12 -55 -50 -24 -76 51 -24 49 
40 48 -78 53 -96 49 -2 62 88 -75 27 20 -50 17 54 91 13 -46 12 -37 38 -16 30 -80 15 75 -34 82 16 -10 -90 -8 -87 -50 -42 65 43 66 -62 64 
61 -19 61 -19 -26 40 -17 22 5 -84 -66 -95 92 17 -34 99 4 -41 100 38 12 -33 21 41 -89 1 64 -45 77 57 93 59 -89 5 33 15 52 0 69 96 
56 8 83 -62 -31 73 56 100 -24 11 -66 -32 -41 -63 45 90 8 -81 76 93 -47 94 79 -98 13 -78 -65 -81 63 -15 -55 8 40 90 -7 89 53 -7 29 -33 
-27 3 -68 -93 37 96 68 -93 -5 47 78 -52 22 -57 -86 -54 61 16 17 38 -82 59 -64 -23 8 -32 28 -50 33 -31 19 -98 3 -39 19 -8 15 -12 -84 55 
51 -47 -95 70 41 67 69 75 -42 -28 36 29 -53 78 66 99 31 -82 -55 -37 -33 24 -47 86 72 33 -94 -7 -71 -16 -68 -96 -72 -69 12 0 -60 10 -52 -12 
49 55 62 -44 -19 -86 -72 -11 -6 -69 -90 -27 55 6 -59 -47 6 20 94 -88 -61 59 -47 -49 17 -36 84 40 43 70 -9 -38 55 4 67 -91 -48 -8 82 -100 
-51 89 -88 4 -5 71 -57 55 53 -66 -81 -80 50 -37 -91 10 39 -39 -36 -67 -53 3 65 -48 83 73 35 -29 -37 49 97 -80 16 29 39 66 -15 45 -85 46 
-10 -56 32 13 66 57 58 -12 12 65 100 18 -33 76 -47 40 44 -23 34 5 92 82 -3 49 0 -35 -86 -22 -80 -26 -43 87 68 51 -1 -79 -17 -81 85 52 
100 43 -23 9 48 24 99 -96 -99 -39 35 -100 51 -2 -70 -21 23 -43 59 7 -5 72 -1 14 -71 26 -96 53 1 -99 58 -36 61 24 24 6 -54 -56 -22 77 
-70 -20 57 -60 -78 46 83 -47 -57 57 33 -64 -100 -58 -14 12 -58 68 22 -13 -76 -31 -94 66 -98 -73 -62 -5 12 -21 -30 28 100 62 98 -37 34 89 77 36 
-1 69 24 36 48 -36 64 82 -39 -23 -60 -95 -82 -85 65 -81 -57 -80 -60 44 -27 34 -52 -83 75 -83 -3 98 8 13 42 36 -90 64 -61 91 95 11 -52 28 
-5 -79 98 -36 -12 58 64 60 -29 -79 91 -81 -15 10 -91 -29 34 61 -89 -32 23 62 -13 59 -84 58 -3 -29 100 67 -46 48 75 -83 28 -65 -66 16 -52 51 
-15 69 63 -55 0 59 -84 -46 37 -33 82 -99 -70 84 -88 -89 -81 -94 -77 62 -98 -50 62 -46 22 -53 53 39 -24 -97 -3 37 -94 -90 -69 23 -58 48 2 -48 
78 -86 -76 -27 33 -26 -4 77 -61 37 91 32 -50 77 -23 -44 50 -11 58 21 75 -88 -85 -17 -44 11 -84 -86 -10 -94 10 62 7 -1 35 2 59 -2 -13 10 
97 -87 27 72 84 54 50 41 -21 44 -15 63 68 22 -4 38 70 63 -87 -77 79 -36 -78 -33 -7 -76 19 -56 34 2 -75 -57 47 -63 -72 17 -64 -75 -15 16 
