50 50
-741 405 535 -950 298 382 971 57 -93 375 793 14 -769 -883 -312 326 425 241 -822 -274 -608 275 -459 -363 -365 -819 612 595 -57 -733 16 430 430 722 -313 197 -168 -965 455 227 419 -436 282 787 -123 -364 91 -4 -262 168 
-786 -100 -859 818 807 33 430 696 750 -285 -409 189 -520 564 460 -888 111 -159 371 -318 245 -797 563 271 548 -329 40 691 -717 -828 677 -928 -546 492 -330 -299 75 -672 892 -871 242 -997 715 -731 55 -504 -957 -452 22 -538 
823 -351 -211 532 238 -899 883 471 297 -202 -427 -205 -203 165 -900 -613 187 -925 956 -871 601 -222 963 -716 -66 -816 320 -564 769 424 -71 -876 -84 393 527 628 569 869 708 674 -516 242 256 318 -632 394 -63 -463 135 -942 
-313 -470 766 690 -953 816 -448 738 -964 -916 361 -288 76 587 119 235 349 539 -548 -604 -871 861 -77 -16 860 -703 -108 944 -298 829 724 -201 -847 603 993 -533 90 -356 162 -307 811 -291 624 -637 191 948 656 579 721 895 
-952 748 -768 -958 733 588 236 -371 160 761 114 939 174 638 -435 497 -35 912 923 832 95 -704 900 509 -185 -931 22 -99 691 54 -990 -975 -223 -501 673 -226 732 487 -865 -935 675 -500 -337 247 -830 -249 587 37 539 345 
-527 -379 -528 532 138 471 -44 984 -205 354 -269 -971 712 784 992 -315 791 -651 -519 -260 -838 -664 202 917 349 -789 459 506 -352 -683 -884 -427 -927 -901 -931 -320 -914 -954 85 875 9 -52 -38 -857 -4 -945 -136 408 465 13 
-671 -630 -183 -562 -730 916 -91 -257 -27 -225 388 440 -387 442 844 -241 -494 745 -509 756 197 616 -333 585 -693 -713 -4 -618 272 760 -940 -385 617 796 -302 -199 175 -304 -905 -38 -66 954 -958 -504 431 476 143 -117 -137 -20 
476 15 -175 675 989 496 -210 320 909 910 113 233 652 120 444 -628 590 -108 -582 468 117 -193 302 -588 28 -632 -72 555 -404 -953 238 867 -467 -657 -753 507 -770 24 582 167 673 -300 -925 473 190 -367 116 -207 281 -250 
-986 -600 503 -292 -232 -732 493 150 -968 -549 562 -463 -825 934 980 -533 -781 -225 611 369 -320 -98 -285 148 520 -281 -564 897 963 -168 -664 -459 243 -792 461 -236 321 674 -838 -866 663 -10 -592 -158 275 -783 645 74 515 -789 
912 156 -26 929 -311 -706 -670 -126 -401 982 -407 -7 795 -225 622 558 -479 -536 127 993 -841 754 661 999 -223 -198 -858 913 -684 -837 170 -771 324 -666 239 655 299 555 -73 -298 468 135 -667 -206 -754 671 708 162 -134 -339 
-48 376 927 302 -807 -698 -767 -561 -904 -944 324 451 961 533 886 -690 -851 -81 729 475 442 -454 967 -574 -481 492 -16 656 -294 -279 300 -440 931 941 -576 -382 413 950 -89 -468 212 -849 -604 -89 -360 342 -972 972 918 -110 
627 -807 -705 -297 -53 -118 -26 48 -240 -466 -818 192 -245 794 581 839 788 120 -267 765 438 854 88 704 -579 786 983 -196 -956 502 -251 -99 -297 -476 -131 -734 -755 -958 784 -229 -548 232 -852 -29 -990 -962 -125 -96 -22 -665 
-722 327 667 -287 304 465 -371 -452 -470 636 -351 320 634 370 -141 -662 -694 -972 -758 685 552 -94 536 -281 -617 14 -974 -292 465 570 -92 -848 -287 -290 -25 132 -77 198 627 -613 270 -232 99 -195 246 444 54 256 990 84 
554 -901 -194 958 -110 -771 905 303 581 -552 -180 671 8 -93 381 -313 -562 -828 54 -826 -46 -447 495 920 359 933 -947 -806 406 -417 -661 729 810 562 -45 885 -984 -520 -38 989 -616 -300 -568 -111 695 -544 256 -864 -8 882 
793 -895 -589 -710 -28 -739 -31 772 281 53 -90 -81 513 58 -155 -610 -218 -719 458 -15 850 521 686 584 771 811 -601 393 -821 833 711 -14 941 -710 -214 -958 -786 -11 864 574 -129 -378 -790 -597 100 85 70 866 -337 578 
831 -565 850 112 224 817 990 56 -657 -432 823 874 193 62 337 -535 -623 53 273 -194 773 443 -226 -172 243 -116 313 -42 -679 272 -371 -440 -127 285 -806 -68 750 -259 -414 830 118 -897 -666 814 -902 643 348 -372 501 270 
625 -848 -1000 -680 229 -1 -821 -84 -979 -577 -49 864 310 218 671 -440 -551 720 471 356 495 948 -773 -955 -432 725 752 -977 35 819 490 710 -927 707 524 -664 166 -220 -69 877 -648 -157 -927 705 -236 -664 518 -285 875 -884 
918 -280 -64 553 573 -457 -259 160 281 494 227 -994 -150 43 -594 937 31 -312 -204 808 -553 -625 732 520 -153 -146 -936 904 -278 942 -779 -917 -171 835 -103 266 -679 952 -73 -783 -185 -683 -257 -797 663 792 587 -233 309 -218 
600 -53 -335 12 -937 763 -388 -431 -924 -576 -918 503 -490 819 896 -935 -958 -239 179 331 -665 673 430 -722 -562 -593 -538 -321 -565 889 -678 505 -204 864 260 93 688 -851 966 -869 -874 -79 650 -136 -455 255 164 354 112 -112 
784 38 578 625 309 -43 -592 -591 304 -614 217 -740 -167 821 -948 677 135 768 -183 521 -445 579 -954 615 -25 986 64 -879 856 323 548 -970 594 -559 -948 157 -749 -646 -768 -794 -750 -326 169 -180 -198 343 -413 -763 497 -375 
323 -104 702 -6 -590 -693 -889 -612 -901 -178 -539 937 310 322 25 -634 646 -942 407 -981 229 -217 855 752 -135 493 -732 972 881 -774 973 984 -671 894 -174 612 306 477 -864 -527 -59 -198 -303 -462 869 -634 535 713 540 414 
-612 -293 3 -836 -847 -627 -960 -722 422 161 -883 -31 -427 230 265 562 505 488 -914 109 548 -983 594 -251 338 -404 185 357 -266 776 622 765 -214 -979 342 336 -53 -777 966 46 -956 564 -718 642 398 715 -996 -288 -649 160 
-444 241 451 -248 -178 -87 374 9 -299 -632 -892 926 263 -779 490 -57 -115 543 -420 -943 -545 542 -646 -152 -414 -153 -74 -255 -808 896 -754 408 292 390 121 -910 156 -577 995 689 -623 -440 -175 269 880 325 -131 -459 -304 -895 
-172 -916 -272 193 584 169 704 733 538 472 -732 -525 306 -702 184 282 -868 -150 -391 -772 252 -190 -565 43 -471 645 -655 -371 -463 -923 857 466 -779 4 67 664 722 417 351 158 -535 953 566 754 -592 553 251 161 -984 -85 
966 567 -893 -18 306 -525 -47 128 824 737 333 345 -820 -367 -652 -913 -752 -538 -719 -4 34 -705 337 -187 278 793 -857 -207 109 585 -934 50 -984 358 -936 -568 237 -816 -9 -880 -754 476 649 -844 -974 165 741 -940 -443 224 
-525 386 -586 -28 131 415 542 -865 388 -507 107 266 369 501 -514 -991 -423 20 665 -613 811 -304 -558 -640 -648 -467 489 -486 -800 603 518 904 816 -68 -807 865 730 -173 -536 -372 -270 -778 -946 -788 219 474 -833 273 -574 -553 
335 887 594 -279 -159 -250 -725 229 -852 459 -956 723 887 -530 541 583 362 -671 -165 -617 -977 -627 -421 -775 803 219 145 -844 -661 84 -148 850 -349 838 -941 249 -139 442 -928 821 792 8 -678 852 -590 -149 -615 240 374 513 
352 -264 -960 -872 -699 601 162 486 972 841 743 332 547 -96 -414 -869 82 -48 -378 -488 570 370 556 135 -400 -444 -821 487 -406 -450 -305 -982 -516 -304 690 -287 217 346 729 809 228 -561 213 508 -700 521 127 -606 -393 353 
262 -216 -332 -162 -243 656 404 -794 -616 -671 172 -308 -503 746 -79 -365 102 504 942 755 66 444 15 964 704 810 343 876 -532 -484 -908 -656 183 -410 -772 -184 -751 764 267 342 -132 794 -692 587 -974 -924 -448 416 947 266 
139 -371 -446 -368 586 386 531 392 660 -423 -711 -905 -575 8 549 -31 844 325 -923 -974 -702 419 -905 363 289 109 -520 -89 -933 -918 887 592 168 229 999 -623 -739 684 928 232 749 -395 590 50 786 209 513 -990 904 923 
845 -868 756 918 385 -301 608 987 77 -175 -612 269 6 528 -145 115 -249 700 350 801 -797 -488 -151 93 81 731 -636 -195 -318 -503 -503 356 -103 -374 -30 799 -522 285 -533 -932 740 -7 -768 79 21 -308 -657 -177 -879 -178 
-854 -497 -376 -349 -346 692 428 -947 -376 -865 -761 796 264 -544 -966 33 -270 789 -617 -995 -389 21 -790 -699 463 -880 -232 -169 733 -617 -289 -703 -43 -25 -312 142 989 -191 -355 -132 -326 526 -434 -526 -922 -277 -869 -164 615 -620 
904 120 580 310 -278 117 75 -32 -285 -915 143 -697 828 851 -419 982 -56 402 -483 -596 -852 593 218 -653 -959 -189 492 218 989 254 -119 266 -925 515 -418 542 -347 294 686 7 418 -800 451 420 323 -282 -425 -37 -138 -386 
-997 330 -324 -703 -769 452 -395 871 459 -47 -22 -145 862 971 -886 -356 -927 -844 -711 -739 285 -471 -906 -931 743 745 -967 969 480 153 44 -494 980 -209 -859 650 560 -537 -621 771 -965 247 -349 -141 -410 409 -666 5 -394 289 
320 -379 494 176 -142 -784 431 832 811 -941 -644 -202 686 484 -375 172 -186 -944 702 175 -273 -202 591 -384 -648 809 649 604 482 716 130 904 -85 26 526 -955 369 200 348 -557 465 -725 -220 106 -644 -9 -280 398 855 849 
-969 -543 853 -212 14 -878 -587 392 825 -472 372 527 918 -635 851 -425 -228 1000 271 127 -402 383 -434 328 -974 -208 559 -507 -530 -118 -247 -65 22 -305 897 -222 -352 761 -354 681 -862 119 719 -167 420 326 271 893 -298 -422 
-278 -969 -397 696 481 -969 -109 -407 -190 -61 -89 49 705 675 297 -78 451 356 382 -638 -59 -609 -36 -898 90 634 132 260 415 664 -761 450 338 -763 -343 654 -468 -655 711 -526 418 -521 498 756 194 -526 355 828 208 -662 
557 427 84 315 -953 -508 951 828 842 -731 -982 -517 789 -563 -474 -914 657 -981 -942 -976 -497 925 341 873 479 -267 858 222 -430 -835 -676 561 284 264 -318 925 -797 742 -106 -648 -266 -951 -513 -768 524 369 -65 378 728 -122 
-122 -132 604 660 915 -508 -904 -382 -257 518 -363 -401 -596 -940 -537 141 -445 -23 730 -659 139 -55 -430 -997 550 -218 -868 -625 -505 421 459 490 -916 -425 -223 -584 851 -653 350 -945 764 251 -15 720 879 -78 -574 -879 -195 -1000 
697 -264 -4 766 340 -193 177 -706 -932 286 50 572 -991 -337 246 968 -388 879 732 -690 -775 238 -872 -951 -217 -647 -366 748 73 501 -275 981 905 419 682 519 -444 -921 815 137 -294 -16 752 839 -64 -846 228 -2 -597 -407 
20 -863 448 -218 -969 -420 -547 89 546 30 -19 508 449 -59 638 -637 -483 397 -845 -479 460 -335 532 768 559 349 -73 553 356 185 -72 -30 24 11 -499 662 -762 -584 448 90 305 646 -221 749 544 115 732 -214 268 352 
451 -213 -495 -692 449 43 -962 641 767 -442 436 557 12 -759 6 -396 -582 -509 387 -278 693 -859 -994 874 70 -804 340 -217 187 186 -552 -422 854 -981 -777 637 -398 -133 894 -435 633 -212 573 81 -38 -842 750 847 -345 -567 
-260 905 -925 873 847 840 757 208 927 452 619 -999 -450 -780 -324 -571 263 -168 -541 -165 727 -117 841 -251 598 -683 -458 672 -511 216 -285 -332 996 798 -667 628 -334 -682 -80 509 863 94 -716 207 886 -224 -420 375 -360 276 
972 -158 488 -809 -203 722 -631 -298 121 283 -467 896 -166 -619 610 -972 -397 762 -837 878 213 147 -735 -253 10 -928 485 177 629 296 782 807 491 -827 0 88 -634 -507 -61 -958 -564 474 399 -448 736 -581 778 265 66 -887 
709 78 -68 964 -784 914 337 795 -430 -117 -209 80 -597 593 243 -1000 -7 588 -379 -628 -366 -418 -179 404 117 431 185 -978 -43 -617 415 -712 -535 791 -739 -579 -746 321 -687 335 -800 553 -708 -62 -547 995 421 368 291 562 
210 -356 -681 577 -650 -881 422 949 182 -213 -880 244 830 627 -689 515 779 -143 -987 251 -743 -49 -623 869 129 -517 -600 403 914 -843 91 778 -742 -438 -684 14 -474 558 95 289 439 404 228 -772 -553 265 -92 879 -864 -956 
588 -286 440 -175 877 -184 782 901 725 435 410 -554 279 -422 604 693 434 681 -802 -800 681 649 -576 296 -499 223 6 981 880 -94 887 487 -496 -794 -42 -510 237 -915 273 608 361 -751 -637 -158 -282 -461 -622 814 -697 566 
650 771 -69 -36 -815 99 -629 883 -607 943 423 -304 -794 -963 382 -7 109 349 -49 79 304 480 261 -58 -571 -275 593 -780 696 714 -768 924 -330 1000 637 -40 192 -13 -720 292 287 -763 -403 -225 929 174 -448 -184 -347 -562 
331 -212 396 -783 -358 673 -468 118 -729 702 909 949 -709 523 72 858 805 789 -314 625 746 -393 -119 691 131 268 424 -525 -891 415 -829 -308 97 -359 530 -28 482 -163 830 454 691 -708 -91 -970 -150 -656 -826 827 943 432 
-615 909 432 -503 858 175 145 232 554 471 353 -659 228 334 314 54 174 -585 -780 765 -198 790 466 41 -730 -766 450 180 12 -403 -633 -184 -194 780 -425 -252 852 -988 -473 679 -286 432 909 -418 626 635 225 -245 -138 203 
