40 35
689 -649 -51 -147 518 372 -260 712 769 -912 71 905 -642 -555 -355 168 346 787 353 155 -444 746 -786 -547 207 746 182 -471 -803 322 555 214 -542 26 90 
402 162 281 -916 -769 -591 196 -313 872 379 260 -523 -135 -309 -452 593 208 -382 720 -61 772 -180 -426 405 -854 -365 866 -995 291 -70 -20 -581 -81 -390 -491 
400 106 -491 -944 155 349 -775 -319 -292 -645 493 -565 627 815 -812 551 486 458 -676 887 -485 -919 -687 502 -649 -104 -307 543 788 -571 -507 515 -530 803 -428 
826 986 777 582 -662 -253 -64 113 75 -920 -231 -833 -751 -646 -471 274 -305 75 483 -570 378 589 -934 -316 -977 -720 502 -910 -413 115 58 388 452 433 304 
725 -155 -197 -997 701 217 -192 77 328 345 -588 -536 146 886 274 -1 -16 371 -923 974 -173 27 -439 415 -499 -9 -353 -914 461 395 732 -662 28 572 -204 
-364 949 427 161 98 -426 538 -318 -805 214 -62 -603 310 -608 -424 541 -842 443 340 -38 -42 315 954 825 -653 -694 -425 -642 -188 770 -309 124 -325 -296 570 
-451 -976 -296 634 -297 257 -204 -234 913 305 124 -316 868 13 -989 -992 893 130 632 -757 -730 835 -518 -515 549 134 855 803 -489 724 -368 461 760 -759 -715 
-880 -724 79 632 604 546 -331 -368 -494 -475 -896 -644 -348 -334 -725 -740 -380 -781 -965 476 -739 -920 -770 533 266 -142 -601 882 -869 990 -552 -574 -758 493 892 
484 -667 47 -707 906 -18 -563 -705 -572 -684 -345 394 55 -682 -995 668 94 -879 -866 207 259 -737 361 784 -378 423 554 -281 720 40 132 -316 -599 191 -829 
139 621 -519 -989 463 -170 -433 -993 529 347 -377 -574 936 -954 -215 241 768 -267 411 166 -790 -805 898 -410 619 718 235 -25 -845 -358 -638 162 -960 22 862 
418 -841 484 -25 76 -19 713 777 38 558 172 -115 -613 826 633 -169 1 71 -456 371 939 -838 766 -665 -647 -176 -798 -973 722 210 -498 519 -123 765 -705 
359 443 -207 -761 505 -361 298 -543 -328 76 -723 738 139 987 950 -486 425 -231 -140 469 870 586 605 -102 -345 -127 -687 -135 -916 -748 -141 914 291 772 -539 
999 -868 -189 844 680 -448 515 816 -303 987 319 925 81 632 867 -717 -883 -929 -810 554 973 -829 848 481 -526 -792 788 293 435 -667 899 -414 -420 -891 -956 
-288 -645 2 -48 809 487 -984 -547 616 -166 266 -571 -312 601 -62 -45 -946 -41 17 -364 158 101 -533 -874 -294 67 -216 -299 885 -670 -46 -44 62 766 677 
879 697 314 325 -722 848 663 955 -763 -596 -303 11 -258 -341 -891 -353 972 503 -50 -965 957 888 -596 -484 -205 -796 -160 198 -444 684 -324 552 824 -875 905 
-945 754 -729 -252 226 -260 -318 -697 537 304 786 -796 -999 846 -349 -796 799 423 230 -878 45 757 15 -598 58 907 -230 616 312 465 261 432 -640 -455 432 
-525 673 -999 72 199 -251 -302 201 549 -494 20 -240 98 348 269 -672 133 -540 784 -835 -367 -688 804 -948 -900 -99 84 -193 -599 -900 -422 -22 -533 576 660 
388 219 -73 767 -146 -130 881 -14 779 -434 -909 611 -258 -675 -910 393 433 -367 985 832 750 -340 730 -580 616 -255 628 -447 456 419 -693 307 864 734 -200 
530 961 -30 82 447 -639 -441 -320 -116 -599 53 997 536 -147 212 519 -966 847 -215 -199 942 -132 -597 637 -161 268 425 -101 52 818 73 -325 -223 772 -920 
-259 895 -853 75 -33 570 54 267 227 -718 -823 -310 -757 165 -437 -224 740 416 -1 364 -23 438 735 -321 165 -203 -482 806 981 -913 999 -750 842 118 -928 
310 574 -230 -114 -183 -381 -495 -524 -343 605 604 -148 156 -699 -684 632 351 537 -780 -800 24 -57 -847 -698 -244 -206 -752 370 -981 -146 53 804 -46 133 -757 
-523 629 478 -201 -977 462 402 -402 241 -76 669 -899 458 -206 668 136 -732 405 -200 -542 138 244 -175 840 598 882 677 -511 969 488 571 590 -129 -389 918 
-912 110 -806 -109 -53 -843 -879 985 830 -351 137 -466 -890 -941 195 -709 -146 -392 -596 -149 -129 436 -881 246 362 763 94 462 -462 -513 878 -822 171 -708 -574 
-469 763 568 -718 266 712 66 -606 738 -190 648 809 -736 -66 488 555 130 949 847 -269 -948 -796 815 -242 -293 752 -858 585 411 185 582 -757 108 -715 -15 
893 655 463 688 -267 -304 -55 625 343 -255 558 -189 496 662 833 529 -718 -1000 491 -927 443 467 898 450 -590 883 545 504 -2 -861 -902 880 -770 -666 77 
-630 -887 -742 149 876 268 -418 123 121 600 -792 -178 -778 -982 552 472 164 71 331 168 -272 452 655 -725 656 221 -870 -530 -295 -160 59 334 -932 254 -660 
885 -761 679 331 713 454 -804 239 -264 -319 -307 -832 117 -218 -112 682 480 -133 385 333 -933 758 -681 821 -984 -566 -775 456 -533 -361 337 765 -155 570 -538 
-692 226 -392 852 -929 902 89 -389 226 712 84 -907 923 -727 -62 336 -51 -996 381 -204 971 -499 -178 929 250 -576 814 -108 -272 150 933 -171 -399 747 337 
-103 928 831 -78 -218 -251 165 241 905 932 -527 333 979 -387 -531 -702 -943 64 454 567 -547 655 -32 947 544 328 -225 456 605 -976 -107 -560 924 39 -651 
-326 -53 133 542 126 493 -171 734 -912 447 -896 299 302 -366 916 -522 647 -438 562 -148 -257 -681 426 -629 -767 972 -142 -695 476 -958 -790 -753 569 -548 572 
811 912 353 502 -962 -154 -369 -250 -128 -82 907 209 572 -190 -213 485 62 591 -129 -793 632 -406 817 -272 574 968 -712 928 -427 -905 -768 546 -52 -723 689 
-656 -762 429 -560 392 -697 467 182 -744 91 487 892 44 572 160 -802 -245 206 681 -959 -91 -661 -775 -450 184 -577 -796 -643 -307 979 -855 182 961 -939 222 
-509 -676 946 -276 37 -452 814 171 937 -276 -856 -885 765 -559 -427 -925 311 -778 -82 -260 -387 998 290 -144 -404 -760 353 392 -184 471 445 -953 -783 864 945 
951 -168 838 -720 875 -873 -304 -245 -895 -269 -530 -871 -389 250 499 474 326 -190 -139 492 -693 487 -867 815 965 -694 788 285 -232 -733 112 649 -549 613 120 
-696 764 -944 -577 893 541 -384 880 541 900 -758 -662 128 748 264 -682 608 -983 -255 827 -875 -483 -645 -189 -985 731 741 -147 176 -481 277 396 958 -404 427 
850 303 -150 332 -135 -483 -443 942 986 183 -430 -952 -191 674 -33 -62 -769 -754 -310 926 614 -909 18 -910 385 -845 179 -666 714 -230 -906 77 -588 -23 192 
-659 -722 -556 -839 12 -929 -679 -661 -262 -71 -260 111 335 300 -32 420 -530 -127 140 258 664 829 -79 221 406 773 -939 210 719 -719 -862 467 142 536 813 
800 -673 -101 119 565 905 -660 875 -39 -550 -23 474 594 706 946 642 31 -334 -992 -891 951 -938 870 363 693 156 944 -422 -166 -84 -292 977 358 -447 38 
-300 -961 926 -636 -872 977 -479 216 277 -826 -198 198 978 -813 419 -570 -451 -870 169 759 1 274 657 -681 465 253 106 -536 174 -351 343 289 -297 -954 -177 
-29 510 -145 -134 -543 147 997 5 545 876 -661 -378 698 684 564 299 -97 -750 649 -1 344 340 575 -550 -543 793 304 79 -523 472 890 970 199 378 367 
