500 2000
240 50 75
398 151 34
336 17 16
103 20 77
264 71 16
120 28 30
74 479 89
103 220 78
229 65 85
193 444 99
363 270 28
264 461 1
16 452 41
255 90 39
9 81 27
325 447 19
474 413 5
84 373 82
437 96 72
467 106 6
203 42 20
178 210 92
197 366 13
242 248 76
466 338 65
455 234 95
390 359 32
75 312 36
333 428 17
462 203 41
166 144 91
493 180 3
440 474 85
111 290 63
224 185 19
497 205 29
251 48 59
147 186 84
258 172 62
312 39 26
376 178 28
323 317 30
313 331 53
97 463 16
91 339 87
233 439 5
414 278 53
476 483 29
422 29 96
393 84 22
109 388 57
320 89 74
272 115 63
305 367 71
9 230 60
499 195 69
290 28 2
448 43 33
178 121 20
365 225 89
220 78 89
131 341 99
45 269 27
310 130 21
46 318 80
340 462 47
55 444 13
471 475 59
413 159 1
114 319 43
214 39 91
34 365 85
384 69 59
201 295 86
121 110 63
216 230 13
343 97 30
407 320 35
359 182 49
27 385 74
219 75 28
203 76 21
134 287 80
472 194 78
395 59 91
102 161 36
136 72 39
263 256 6
418 179 9
234 220 52
338 95 66
321 97 23
468 215 5
265 162 7
203 132 44
145 475 51
45 410 7
314 409 4
80 324 23
43 184 15
316 125 13
470 37 42
274 61 83
161 31 50
293 370 71
266 441 73
215 257 99
419 80 91
90 92 61
339 324 99
493 245 44
345 415 54
146 484 43
22 223 74
80 143 43
342 476 73
371 78 98
341 437 38
419 202 77
395 438 97
4 80 45
451 237 45
352 412 77
185 484 62
443 22 57
100 287 26
123 260 5
100 64 96
114 371 81
228 190 62
293 378 57
265 214 50
174 411 81
164 489 4
369 324 81
301 255 49
500 458 13
17 439 87
384 143 16
438 323 65
58 216 17
224 244 30
329 274 25
121 36 30
134 233 31
194 337 88
138 153 60
454 244 10
14 31 84
273 438 20
25 460 37
285 153 9
394 79 15
398 111 6
162 437 42
9 235 6
87 365 15
369 220 58
437 32 30
261 403 68
243 459 95
75 370 69
83 446 41
96 298 84
173 467 15
134 478 67
404 84 33
122 179 53
27 79 45
214 174 12
380 357 94
413 345 84
481 116 66
439 491 98
155 445 73
110 67 42
40 367 90
394 464 22
430 264 70
204 350 42
415 268 9
252 261 37
167 483 83
307 45 91
248 360 67
136 361 82
62 214 63
21 242 18
118 405 9
324 11 49
125 386 8
242 428 5
314 75 25
178 15 34
70 315 89
138 408 0
1 74 93
264 160 2
399 393 23
280 413 19
477 158 71
291 301 61
383 434 29
428 311 27
58 430 67
75 97 53
107 464 82
317 61 77
34 408 33
130 426 98
38 105 30
127 458 20
91 428 29
422 353 51
137 471 20
167 150 75
417 51 28
129 11 76
349 270 66
357 209 95
292 291 64
200 174 46
175 94 26
213 309 80
363 64 19
230 395 55
33 186 68
130 363 50
348 1 49
153 43 93
418 401 72
378 27 86
275 169 12
33 232 94
43 135 96
208 262 52
479 441 78
383 328 67
140 7 29
76 178 85
117 475 41
328 439 51
283 205 42
194 372 6
28 340 81
30 271 58
252 20 98
205 69 88
337 368 20
219 443 49
264 25 51
97 259 28
201 110 0
277 154 60
313 68 99
297 204 36
106 486 85
290 146 77
68 488 96
417 376 37
349 118 55
329 69 58
36 47 65
276 75 90
249 215 67
315 465 7
169 399 57
405 300 4
82 293 74
245 276 31
445 4 81
358 419 66
339 137 4
310 305 63
126 22 90
78 285 28
482 82 72
84 448 47
121 117 52
444 492 11
74 481 19
296 228 12
450 174 62
287 249 20
298 453 37
438 444 26
32 258 58
27 115 52
291 267 26
82 79 59
289 500 15
244 481 2
282 423 81
36 236 84
310 357 72
323 335 59
464 50 99
361 44 87
300 454 27
126 348 30
190 138 43
278 253 21
59 120 16
128 22 96
482 351 41
237 235 49
109 336 67
20 363 69
266 99 31
262 362 68
237 200 99
268 131 37
69 125 6
16 248 99
209 394 48
257 458 17
399 78 54
169 467 90
383 259 99
370 187 73
261 28 97
370 129 79
231 362 40
251 97 2
39 279 21
87 186 23
121 367 93
47 206 87
205 401 8
373 94 34
45 445 80
248 354 60
343 128 94
325 72 41
353 228 29
401 406 58
100 454 16
357 259 0
366 12 14
200 408 66
481 400 21
320 15 54
483 264 87
474 245 56
494 128 86
283 474 1
13 151 58
32 280 66
10 244 70
250 460 57
70 303 98
332 133 70
110 291 14
148 288 68
435 179 3
148 362 32
334 150 62
326 160 26
303 354 42
316 197 68
300 90 64
81 471 66
203 389 9
14 235 19
9 205 25
102 89 60
132 186 49
214 111 8
330 417 29
210 331 21
155 358 19
363 426 45
422 368 55
458 456 33
211 97 96
233 482 30
101 41 62
185 343 91
151 279 52
272 421 5
61 464 94
369 434 58
229 145 65
173 52 55
247 137 97
466 243 42
335 157 16
479 416 18
276 182 12
5 14 69
228 351 92
180 131 68
389 41 77
272 386 8
122 244 78
197 410 91
316 450 87
233 44 10
166 416 92
282 262 14
352 241 85
128 104 35
120 322 49
389 157 55
83 408 35
249 277 68
473 279 30
274 379 97
150 125 10
175 415 89
334 292 6
432 284 61
413 234 17
318 251 62
73 335 63
67 128 80
392 20 35
402 76 62
18 485 30
389 401 71
205 500 99
480 344 34
466 216 15
204 452 61
155 475 54
257 285 11
307 344 35
204 303 49
391 202 49
250 380 90
37 324 74
306 138 12
157 294 91
163 390 47
488 261 14
185 379 5
78 372 48
135 417 87
362 378 88
201 323 3
248 363 42
387 214 34
90 376 68
301 46 82
122 461 55
101 313 33
281 177 55
471 202 69
40 188 52
55 97 76
388 420 14
122 163 91
121 146 72
88 129 63
327 263 7
139 493 33
95 480 76
70 38 69
113 160 99
472 307 19
219 475 2
57 158 65
25 344 39
397 371 50
15 239 24
107 365 9
269 28 42
494 292 22
203 237 25
484 437 53
136 405 53
168 280 43
176 54 59
179 103 24
402 266 81
381 135 69
373 326 33
103 466 64
231 223 95
259 1 91
11 13 10
444 6 27
114 485 52
143 183 79
31 499 22
333 123 62
396 411 36
236 18 6
363 70 9
491 16 70
377 305 16
292 480 36
255 2 81
467 144 33
188 456 44
81 308 43
131 57 55
25 481 7
313 294 61
42 465 81
359 316 61
253 263 58
28 423 99
382 478 19
25 164 63
91 410 37
247 84 71
20 402 35
390 9 70
66 83 83
309 179 55
120 429 44
108 459 81
441 247 46
14 386 55
373 249 9
226 294 59
287 168 46
202 468 19
368 273 8
329 373 96
272 345 34
77 142 32
276 50 68
302 37 67
91 184 7
254 491 64
499 393 37
492 443 67
409 163 63
227 422 24
196 301 75
96 306 65
250 406 32
249 274 73
345 314 41
478 426 2
423 399 22
356 270 35
288 225 47
46 342 66
420 484 77
334 375 49
101 221 94
211 263 73
196 411 58
151 299 25
190 101 54
303 462 84
97 16 32
340 171 33
98 27 36
500 119 85
84 351 42
25 415 23
6 233 2
229 23 7
97 168 36
263 333 89
205 10 84
196 271 24
131 396 86
230 184 24
326 164 20
414 249 21
400 136 40
78 463 78
67 376 93
496 410 44
7 344 26
25 245 94
169 373 44
334 353 0
125 329 78
413 329 24
390 389 52
61 388 73
212 151 85
171 293 25
162 220 54
17 398 84
373 454 99
287 132 55
138 219 39
434 204 94
57 334 30
57 193 28
476 260 49
203 494 40
14 321 16
171 191 96
475 139 79
197 247 78
339 240 62
428 453 53
358 113 46
434 359 57
458 261 72
225 441 31
195 259 24
470 142 21
157 143 39
130 492 3
63 310 47
364 51 99
276 479 15
351 244 84
351 184 30
61 286 98
317 202 54
296 43 12
309 246 98
316 369 29
52 239 47
215 142 80
340 136 33
430 84 1
192 250 42
320 144 87
368 292 5
280 91 48
202 174 67
94 24 15
457 108 83
189 301 77
396 143 61
163 165 5
14 405 31
395 226 12
281 288 74
92 341 7
18 408 14
100 204 57
140 43 92
322 60 23
2 123 59
138 10 5
230 333 30
77 70 89
453 208 5
191 202 29
180 456 32
63 51 88
480 246 54
269 89 98
372 434 68
491 209 93
196 111 97
249 203 11
247 140 26
240 232 81
189 150 84
137 399 93
84 459 65
75 473 64
12 288 88
100 223 28
419 406 22
128 391 18
465 420 35
157 149 40
289 265 48
208 314 98
230 43 47
251 170 7
434 413 21
335 133 48
203 134 33
240 20 96
479 223 33
249 440 48
338 371 53
363 134 35
293 158 65
16 117 52
277 218 73
491 105 14
437 303 10
377 327 97
338 252 79
197 29 28
194 467 74
319 55 89
203 115 76
33 372 12
221 412 78
124 197 15
298 96 21
128 27 73
436 485 21
291 464 59
479 2 35
165 495 67
269 172 24
333 157 16
436 160 65
326 171 21
3 7 3
175 154 48
208 89 69
408 471 4
113 22 18
187 201 92
60 362 17
262 107 55
23 402 36
315 178 44
330 120 92
290 408 78
451 78 13
95 165 80
342 15 92
9 358 80
453 12 50
374 244 63
198 134 25
384 376 24
432 6 30
139 233 54
225 492 6
443 480 74
458 150 82
200 387 1
80 459 90
18 78 70
37 297 52
386 186 30
380 139 15
233 363 73
457 400 56
199 240 59
51 129 50
200 433 35
23 69 39
141 149 37
41 449 2
75 169 52
223 443 33
128 2 37
253 37 58
291 132 38
144 32 41
262 114 50
121 96 80
461 439 58
390 442 26
497 61 23
218 310 20
459 145 27
210 448 37
181 173 27
267 52 32
448 178 60
445 63 65
410 425 55
12 222 42
168 117 1
315 129 42
253 396 55
446 100 7
117 390 4
189 353 5
2 34 83
322 90 77
327 113 40
195 208 7
285 334 20
115 408 15
190 429 13
264 114 24
470 152 42
28 285 72
272 280 85
423 404 14
226 44 40
29 342 86
334 78 80
360 45 47
359 66 30
367 246 36
145 361 23
38 219 71
310 216 98
346 324 91
320 437 19
306 271 38
363 209 97
383 421 44
187 436 55
116 392 93
172 500 67
427 242 85
320 455 77
278 180 50
66 281 66
371 272 29
354 358 14
218 20 21
493 250 96
20 398 61
268 445 95
127 373 13
367 293 7
49 72 13
368 300 57
450 171 12
458 275 29
295 306 19
71 341 28
161 461 67
410 189 7
5 135 31
182 75 66
341 265 97
209 118 81
289 471 34
434 365 66
469 407 77
469 472 11
485 378 38
268 35 10
291 80 61
116 157 23
253 310 90
461 20 58
245 348 32
109 324 20
300 98 71
232 194 66
243 319 43
27 305 9
370 53 80
204 375 10
80 63 12
421 224 49
310 301 46
60 12 32
490 311 36
396 76 85
56 156 54
460 350 43
78 451 11
176 187 55
16 169 6
199 479 54
266 272 33
492 49 46
259 434 82
206 130 15
5 489 98
489 10 82
206 77 44
454 322 52
286 159 93
253 12 34
266 360 30
425 300 65
333 177 97
165 72 91
275 226 83
497 248 80
291 196 88
383 160 88
488 351 71
398 361 34
70 380 41
49 274 87
58 306 83
454 376 71
442 310 12
170 199 65
354 336 64
454 219 29
74 394 16
230 118 36
40 200 15
175 441 91
171 196 92
233 122 16
134 465 90
20 120 4
239 159 57
495 450 33
155 200 34
178 346 46
417 364 63
143 424 0
444 492 76
302 72 52
496 376 67
112 301 1
447 434 24
74 92 20
177 436 28
183 459 15
498 85 71
219 73 71
29 373 97
442 102 13
296 345 19
309 29 78
234 388 90
269 75 44
375 138 57
276 82 17
329 326 88
224 174 24
278 471 98
478 201 99
365 192 43
169 208 0
429 360 7
497 247 2
175 409 55
102 289 89
498 86 91
222 293 36
493 400 98
273 434 70
177 385 37
415 134 29
174 236 68
106 314 1
28 3 6
6 402 61
318 101 27
278 25 61
4 90 15
38 433 84
70 245 10
142 5 51
322 375 63
201 209 69
164 463 76
217 389 14
210 93 68
386 137 33
241 332 77
318 111 59
148 460 2
328 407 77
370 188 44
232 121 25
264 227 17
492 19 37
67 82 26
204 86 8
392 270 83
261 492 73
30 438 18
97 66 51
260 497 49
128 7 4
220 169 6
349 52 52
450 69 22
457 298 56
229 218 73
179 130 43
250 248 36
463 195 35
21 285 57
195 343 66
455 11 74
363 369 3
90 265 4
358 4 92
54 351 70
249 31 99
188 151 6
251 284 48
168 301 96
298 347 64
198 116 45
246 89 75
203 253 71
366 128 33
86 446 51
271 234 24
322 217 63
48 215 95
267 458 31
457 291 99
93 94 14
6 39 79
6 12 56
119 54 13
205 231 48
175 272 38
491 88 78
59 32 75
316 481 33
375 330 78
193 167 55
230 271 57
39 299 61
110 298 86
240 454 92
304 1 77
317 298 30
332 276 64
230 143 70
345 113 71
304 291 32
115 485 49
264 108 53
498 397 50
218 136 49
249 327 41
418 85 83
356 456 5
490 319 95
229 71 8
116 372 74
394 297 91
287 257 3
116 335 16
47 380 1
474 389 84
77 55 39
65 456 49
52 477 11
286 200 48
494 331 3
353 102 30
115 421 58
419 350 93
406 209 47
414 458 0
371 496 58
290 175 57
278 207 53
303 335 4
144 20 75
158 351 44
86 458 37
324 157 96
13 337 31
117 418 39
201 475 57
411 396 71
281 287 76
154 394 95
395 67 77
438 19 64
2 143 57
327 292 45
183 31 20
310 112 80
468 280 91
130 106 58
37 150 57
42 423 26
199 156 88
12 216 7
310 249 98
267 459 26
33 14 34
14 216 77
374 64 22
143 410 92
34 17 38
373 357 88
39 334 65
59 422 82
233 135 85
420 332 52
496 391 6
117 257 74
338 475 55
150 152 19
269 112 22
249 103 28
313 435 20
11 320 27
26 446 93
215 13 55
98 102 54
153 231 91
121 57 81
409 452 6
18 254 99
122 52 95
295 2 26
285 449 9
257 160 32
199 286 72
17 151 32
229 451 86
181 310 14
326 349 33
128 3 2
449 279 47
182 345 52
352 114 69
119 138 83
397 271 15
426 459 64
254 84 25
437 102 19
432 407 95
315 148 77
10 484 72
169 498 75
24 72 70
487 486 6
120 278 93
268 335 48
88 277 68
300 93 26
442 404 48
49 472 62
163 464 2
492 351 11
268 307 45
219 422 12
385 73 72
395 183 83
432 184 64
385 116 7
83 466 22
314 113 8
242 14 32
13 295 51
306 67 5
487 62 91
306 285 87
225 90 56
109 347 56
283 396 40
371 441 50
338 397 53
40 171 49
235 224 48
266 143 54
342 479 34
36 318 58
150 202 55
330 371 94
82 357 52
376 477 28
6 138 87
383 483 70
131 324 94
47 63 67
70 377 60
45 179 48
129 221 49
236 304 27
175 74 10
119 263 65
341 471 15
290 358 41
486 109 73
211 173 26
481 357 27
76 396 41
289 383 48
368 246 87
90 143 17
56 292 31
268 252 60
265 294 36
362 66 74
186 126 83
22 363 89
120 70 87
168 99 1
477 306 78
60 124 54
188 423 98
179 488 16
285 453 98
302 415 5
87 12 62
401 127 0
467 346 54
72 410 46
163 73 71
24 404 3
432 249 26
454 107 93
251 281 69
110 281 40
42 200 4
156 459 92
452 11 62
470 456 32
465 218 35
220 490 62
93 245 97
10 412 48
454 423 51
57 417 41
402 489 79
150 255 20
426 412 50
428 188 11
392 346 4
286 404 42
234 179 33
112 104 88
14 50 33
452 92 96
257 74 78
98 300 29
215 212 40
185 439 30
253 393 98
190 111 96
108 111 79
192 289 52
489 117 90
345 450 31
244 176 49
51 344 90
423 11 90
424 475 50
385 77 82
361 248 73
458 121 7
472 221 26
317 243 89
380 321 58
215 47 80
430 321 26
17 233 7
29 264 41
128 36 40
461 216 68
21 457 49
204 216 8
356 66 16
378 306 40
133 160 87
45 350 83
353 344 37
64 331 55
349 477 96
411 15 87
398 463 91
96 184 11
100 15 65
67 354 46
361 180 9
19 5 73
330 486 89
89 199 30
445 260 67
262 404 99
167 101 88
25 278 98
387 255 42
457 41 75
336 266 11
161 226 83
214 414 71
75 440 64
47 186 43
341 207 55
204 303 44
153 159 32
66 69 46
31 54 75
87 347 66
34 437 27
67 381 43
13 97 15
372 294 46
158 6 98
428 40 37
376 348 35
358 301 77
263 145 82
325 187 46
26 426 79
151 309 78
367 62 78
129 429 49
211 151 82
83 166 55
354 416 18
261 413 44
240 173 63
360 71 99
379 450 98
227 287 22
180 24 48
221 260 27
357 296 99
199 68 73
74 126 60
341 384 91
60 193 56
210 181 95
171 479 47
331 277 83
432 287 64
383 401 78
396 290 35
232 361 13
98 219 51
5 346 76
404 433 58
17 98 89
373 53 38
245 129 5
240 186 46
470 440 26
343 111 95
114 359 36
42 210 59
474 130 95
256 417 92
63 327 44
270 413 32
260 151 71
234 36 99
489 187 95
62 78 31
198 2 5
10 256 74
417 355 71
201 109 55
112 16 47
31 350 12
250 468 7
395 482 80
224 400 83
332 150 0
378 468 37
452 236 59
355 240 51
87 56 93
222 441 78
454 38 68
151 299 10
251 14 74
288 327 85
287 469 86
243 147 87
422 334 83
413 42 3
1 155 34
414 267 78
206 453 0
208 132 1
74 88 11
53 7 17
198 474 47
383 66 55
475 38 71
284 143 94
167 381 15
115 446 1
121 61 34
12 132 28
84 340 51
177 308 94
291 25 41
36 366 70
116 286 13
82 382 62
244 15 31
76 193 1
386 374 50
114 50 30
366 499 22
109 94 9
280 384 94
290 427 26
250 206 58
97 68 38
120 236 12
380 73 33
399 163 9
54 74 44
288 129 17
449 486 60
399 121 64
245 472 76
125 387 67
176 17 30
72 61 84
424 77 1
483 276 40
3 176 66
67 80 7
456 260 18
371 20 19
1 77 85
486 191 72
463 343 37
53 414 34
146 377 18
221 222 32
402 168 63
135 377 69
298 282 84
342 230 46
477 272 69
182 471 35
451 441 0
155 371 14
295 73 67
328 417 51
239 414 35
303 141 6
284 339 15
101 204 45
113 243 96
92 409 25
84 199 53
466 87 76
451 35 5
445 14 37
246 234 80
364 21 42
499 12 54
24 337 34
57 68 75
425 412 39
28 239 91
194 106 48
374 173 81
425 2 79
285 303 40
161 372 37
318 92 19
66 231 3
297 139 6
45 440 22
158 299 65
268 220 41
229 56 84
162 97 12
157 217 19
251 139 42
365 171 78
193 195 52
489 73 91
449 40 47
4 31 5
313 120 4
408 10 17
21 250 52
355 143 60
369 343 77
217 272 39
131 429 88
371 255 46
250 90 29
12 411 97
448 252 61
420 3 49
175 263 80
281 407 62
355 150 43
180 277 2
75 417 32
500 355 24
464 181 75
46 147 84
390 180 24
249 95 3
133 412 13
194 239 21
449 95 3
290 9 10
278 24 96
426 132 69
361 341 0
175 76 51
62 122 59
233 95 63
448 27 86
436 269 8
43 422 92
209 447 13
166 192 25
102 479 89
67 43 23
301 165 2
82 335 79
303 477 8
392 440 8
247 25 30
302 248 95
289 44 43
461 358 36
177 189 29
405 258 18
333 53 34
169 371 10
280 380 47
1 228 11
217 50 1
117 252 39
257 30 91
492 25 61
267 12 87
225 58 70
334 243 69
58 133 91
475 289 87
147 162 51
81 108 94
95 21 67
31 443 46
335 190 6
432 237 63
113 418 10
72 490 1
36 58 16
60 332 8
498 345 40
452 486 61
224 439 11
151 129 47
135 65 51
175 443 60
319 417 61
294 158 79
288 406 65
111 268 82
145 27 63
296 197 46
123 69 58
340 122 61
58 124 8
164 52 99
102 100 42
171 77 49
56 321 9
337 444 94
321 8 47
481 497 99
487 446 82
335 238 13
391 436 14
226 187 67
460 12 1
285 122 84
380 220 60
295 117 75
219 314 14
73 477 44
91 139 59
61 482 62
440 178 3
118 241 34
158 32 26
383 277 38
308 495 17
377 82 93
47 159 49
418 22 54
27 461 51
47 108 19
408 127 73
139 94 31
380 137 9
286 459 84
442 207 59
413 11 60
355 243 93
402 102 4
9 34 50
60 207 44
90 24 73
469 167 32
343 326 82
70 396 27
188 283 28
321 242 99
307 84 34
293 96 80
283 114 49
158 460 6
24 473 10
388 30 69
408 325 80
332 11 45
70 359 2
169 86 64
331 492 53
426 307 19
375 288 35
266 12 13
287 189 94
459 383 35
422 410 4
410 387 68
263 23 81
383 84 28
473 7 74
335 64 5
274 300 1
2 449 55
163 60 54
126 456 13
489 109 31
277 61 71
25 210 79
271 414 39
498 481 37
370 493 90
485 309 68
402 228 87
151 192 34
250 49 62
91 107 88
86 70 26
368 164 1
15 145 37
20 374 73
100 473 98
318 199 28
327 243 20
259 366 9
362 229 16
73 342 71
191 80 94
15 315 74
261 216 95
411 14 10
300 363 25
22 90 48
471 204 87
177 50 9
308 169 30
307 357 89
133 415 2
6 109 41
439 454 34
106 149 9
37 302 98
474 124 76
191 331 71
222 120 38
40 181 4
309 474 33
405 421 31
152 38 77
75 329 96
5 254 31
129 109 89
139 291 70
57 178 73
184 105 23
322 52 70
56 403 88
111 71 34
209 98 99
175 285 88
183 89 45
379 398 37
320 198 68
268 445 13
482 90 94
55 116 30
69 55 30
300 238 42
180 317 90
119 89 76
454 323 43
253 24 32
396 170 28
200 300 53
108 45 26
353 200 47
240 56 60
361 187 44
496 13 53
32 390 6
365 265 89
130 484 31
141 201 94
66 157 11
276 412 33
196 203 20
404 126 65
234 461 19
186 178 73
309 386 59
123 443 57
43 300 36
407 333 89
461 349 92
475 162 72
407 80 42
76 143 86
440 200 47
56 229 72
122 193 99
203 184 65
394 46 2
438 285 52
373 354 54
195 1 84
55 131 42
301 352 35
354 336 86
276 45 58
370 308 54
244 361 23
426 146 27
287 257 24
493 122 67
473 187 49
60 303 41
459 156 5
21 181 75
212 106 31
44 374 64
436 207 27
216 43 39
419 374 58
468 27 88
383 338 48
284 48 26
150 352 58
190 162 41
397 83 86
217 35 65
192 258 10
227 288 33
279 55 98
118 453 21
84 149 37
338 168 72
439 446 53
291 4 20
359 233 14
468 232 84
217 171 64
151 211 86
305 194 19
467 319 78
8 21 6
62 84 29
142 441 20
13 350 44
199 64 44
44 83 46
399 317 45
351 334 13
390 475 33
484 286 7
74 2 81
90 85 54
22 408 75
201 76 43
415 210 9
172 25 81
64 252 12
401 186 36
399 143 85
34 340 75
29 413 13
193 78 3
45 304 13
273 329 30
430 474 63
60 306 96
195 188 39
471 438 32
233 299 82
260 122 60
259 383 64
424 147 54
484 497 87
166 426 92
122 235 32
328 358 80
456 331 41
357 438 42
477 226 82
339 63 18
234 4 1
496 146 14
238 217 3
15 422 71
417 39 94
311 76 45
324 305 90
65 111 84
103 262 78
131 432 97
47 231 4
199 421 51
20 363 42
402 254 62
498 30 81
189 379 20
3 92 70
406 142 0
434 492 24
106 227 84
140 252 25
442 265 1
467 452 8
430 3 96
137 365 82
253 335 19
474 182 42
206 175 0
369 363 80
475 18 25
267 349 19
244 249 20
399 261 34
233 204 80
401 393 5
107 411 79
406 325 60
247 495 35
117 470 66
109 63 54
284 316 69
4 338 43
237 383 27
412 269 59
158 500 44
279 374 2
390 254 96
347 356 44
351 373 31
280 34 1
376 353 67
251 7 69
380 265 85
237 482 32
47 291 88
354 183 37
20 74 43
363 340 25
131 450 16
104 212 73
299 11 41
360 350 77
136 303 68
496 54 18
344 252 14
455 137 42
448 71 96
322 261 29
350 462 73
423 262 28
285 266 16
31 366 52
388 453 42
363 154 15
90 481 46
205 311 47
271 360 13
302 396 25
165 416 2
388 22 10
9 92 42
270 132 17
269 232 10
376 350 45
339 138 21
31 227 43
213 69 45
392 247 2
122 443 7
253 337 58
493 48 7
50 210 38
382 293 17
49 326 94
443 16 85
164 327 95
91 98 27
92 411 22
386 438 78
139 242 40
105 59 55
256 59 69
474 61 56
235 32 38
107 35 75
208 282 95
31 357 23
139 59 54
170 130 25
118 82 63
187 316 57
205 96 39
467 197 27
128 41 51
377 464 73
264 132 26
137 94 74
14 85 84
448 267 49
52 441 47
456 10 27
386 433 3
111 360 75
421 190 98
275 281 3
430 320 59
495 149 51
412 116 86
7 398 97
176 240 88
222 312 59
344 311 89
429 192 82
32 37 75
81 244 89
153 109 37
313 453 12
218 150 71
29 416 25
285 213 97
447 269 40
286 435 13
253 445 95
2 310 51
179 478 85
25 176 59
239 3 23
242 302 80
316 250 32
261 25 98
25 485 39
385 186 61
288 280 34
231 146 92
370 7 64
181 191 82
310 322 59
163 1 79
42 256 20
484 34 64
288 371 69
360 243 51
261 56 39
379 103 35
180 17 93
38 140 90
146 357 61
224 47 40
402 21 44
497 94 79
419 29 43
341 116 79
371 51 85
31 483 24
71 380 25
27 158 0
315 388 32
325 128 40
228 80 19
176 255 92
90 33 87
273 197 96
359 209 95
257 429 75
180 149 13
454 95 96
22 112 14
62 202 32
424 346 47
109 294 53
52 240 53
168 293 0
154 236 98
111 483 37
174 495 6
152 43 22
432 270 61
299 68 18
32 298 24
238 329 43
98 289 76
465 322 3
334 72 63
233 133 88
384 290 20
116 46 19
100 83 95
107 302 48
377 74 34
209 363 44
48 388 83
248 104 37
317 221 58
364 118 11
387 13 41
342 219 49
214 244 27
302 112 73
382 268 85
420 159 82
495 323 24
