71 60
042 10.40
645 5.9
224 33.18
846 63.100
512 1.72
890 60.4
402 34.57
085 19.64
095 45.59
799 49.15
113 45.40
446 96.99
872 65.56
705 81.46
346 14.95
325 3.22
109 24.62
037 22.96
538 38.1
026 25.96
027 51.21
766 54.31
772 88.87
183 61.43
371 79.26
619 84.51
965 31.47
304 26.66
060 48.51
540 51.29
442 60.38
992 25.48
401 4.23
524 67.59
770 93.17
499 15.45
930 12.45
897 99.20
775 71.29
066 27.54
926 49.37
210 52.66
682 25.34
779 54.50
097 74.83
446 40.43
567 85.80
142 52.37
119 27.23
191 63.93
377 94.92
524 53.83
676 65.29
170 24.22
120 12.66
662 61.13
079 72.17
897 5.66
795 100.80
980 87.46
439 10.64
471 100.12
908 66.34
029 6.83
690 94.55
075 80.65
212 27.59
107 26.57
151 40.19
626 54.35
673 62.21
