357 684
955 675
54 586
820 880
33 18
877 736
844 264
201 722
499 604
637 436
381 715
63 925
247 503
518 301
263 613
755 412
556 911
665 737
848 306
398 680
414 575
525 478
124 440
863 879
782 367
251 418
319 920
787 991
440 577
142 697
407 137
461 96
642 418
1000 6
629 979
355 63
59 890
14 977
978 643
701 63
861 131
44 963
859 87
815 366
579 733
702 537
829 675
235 254
884 25
485 821
419 166
829 135
448 782
304 15
695 34
941 925
504 792
326 999
826 615
910 81
870 695
586 418
287 229
391 5
180 645
126 320
259 692
287 584
225 343
828 195
998 141
552 656
502 719
718 680
908 287
219 311
349 698
925 66
333 708
332 805
930 881
38 19
794 48
916 767
867 40
902 891
942 226
867 584
59 902
594 718
747 754
539 791
435 859
0 0
