1000 1000
55 718 55 719
587 942 587 943
115 77 116 77
283 459 283 460
47 42 48 42
473 595 474 595
181 692 182 692
727 756 727 757
385 141 386 141
194 273 195 273
437 453 437 454
714 228 714 229
976 171 977 171
917 77 917 78
343 248 343 249
466 98 466 99
74 482 75 482
429 824 430 824
594 626 594 627
213 720 214 720
533 303 534 303
559 760 560 760
743 530 743 531
719 895 720 895
121 198 121 199
989 812 989 813
841 257 841 258
321 828 321 829
446 347 447 347
204 938 204 939
672 636 672 637
200 135 200 136
1 365 2 365
453 754 454 754
888 517 888 518
549 405 549 406
108 4 109 4
607 816 608 816
77 938 77 939
282 557 282 558
52 5 52 6
306 816 307 816
683 821 683 822
260 895 260 896
92 712 93 712
238 776 238 777
511 119 512 119
143 506 143 507
8 927 8 928
404 275 404 276
521 290 521 291
235 848 236 848
951 971 952 971
883 556 883 557
915 361 915 362
465 97 466 97
553 96 553 97
10 354 10 355
727 187 728 187
908 709 908 710
56 374 57 374
172 185 172 186
182 103 182 104
477 93 477 94
770 386 771 386
304 685 304 686
273 570 273 571
115 711 116 711
76 593 76 594
522 960 522 961
885 75 885 76
681 824 682 824
718 132 718 133
289 383 290 383
290 480 291 480
921 706 921 707
507 574 507 575
342 945 342 946
425 703 426 703
243 881 243 882
254 23 254 24
810 829 810 830
815 156 815 157
126 585 127 585
36 947 36 948
343 763 343 764
681 525 682 525
708 51 708 52
168 795 169 795
940 54 940 55
160 234 160 235
786 559 786 560
677 950 678 950
262 539 262 540
451 837 451 838
914 273 915 273
32 459 33 459
12 989 12 990
410 539 410 540
326 714 327 714
664 952 665 952
639 199 639 200
673 757 674 757
455 278 456 278
780 360 780 361
619 318 619 319
301 37 301 38
282 271 283 271
816 461 817 461
282 783 283 783
365 200 365 201
922 367 923 367
707 119 708 119
351 904 351 905
637 460 638 460
894 612 895 612
488 505 489 505
949 322 950 322
330 412 331 412
584 284 584 285
447 336 448 336
520 45 520 46
260 347 260 348
444 334 444 335
988 666 989 666
733 482 734 482
510 712 511 712
524 680 524 681
576 985 577 985
34 256 34 257
566 372 566 373
109 70 109 71
748 424 748 425
341 186 342 186
238 219 238 220
966 626 967 626
333 260 334 260
60 716 61 716
308 612 309 612
537 941 537 942
58 663 58 664
563 141 563 142
43 307 43 308
345 973 346 973
502 240 503 240
661 432 661 433
117 878 117 879
803 260 803 261
502 237 503 237
202 941 202 942
387 60 387 61
159 430 159 431
295 238 295 239
568 987 568 988
120 659 120 660
174 936 174 937
828 984 828 985
226 928 226 929
834 968 834 969
131 197 132 197
405 74 405 75
386 513 387 513
283 872 284 872
774 505 774 506
216 247 217 247
519 692 520 692
175 593 175 594
853 406 854 406
857 586 857 587
200 556 201 556
407 486 407 487
247 62 248 62
830 626 830 627
278 975 278 976
996 693 997 693
236 686 236 687
163 890 164 890
389 80 389 81
310 499 311 499
502 325 503 325
560 864 560 865
181 294 181 295
339 367 340 367
826 852 827 852
713 947 713 948
833 397 833 398
61 67 61 68
517 697 518 697
666 950 667 950
491 633 491 634
861 118 861 119
324 779 325 779
677 724 677 725
846 63 847 63
77 56 78 56
838 817 839 817
817 330 817 331
179 109 179 110
502 725 503 725
120 763 121 763
330 324 330 325
597 919 598 919
348 169 349 169
841 79 841 80
2 173 2 174
953 332 953 333
620 981 620 982
400 260 401 260
204 685 205 685
561 402 562 402
326 490 327 490
802 39 802 40
399 435 399 436
752 958 753 958
915 37 916 37
635 388 635 389
423 349 423 350
976 631 977 631
625 113 625 114
79 896 79 897
610 715 611 715
272 62 273 62
298 535 298 536
863 699 864 699
290 707 291 707
583 741 583 742
461 342 461 343
132 158 133 158
806 973 806 974
168 89 168 90
500 182 501 182
319 103 320 103
240 78 240 79
994 281 994 282
42 103 42 104
539 940 539 941
864 675 864 676
135 28 135 29
900 525 901 525
808 851 809 851
489 469 490 469
192 4 193 4
93 608 93 609
179 848 180 848
309 899 309 900
530 154 531 154
84 989 85 989
337 140 337 141
617 488 618 488
735 337 736 337
116 465 117 465
182 161 182 162
335 865 336 865
208 222 209 222
908 722 909 722
994 263 995 263
467 301 467 302
586 404 587 404
86 324 86 325
770 739 770 740
414 831 415 831
260 495 260 496
452 664 453 664
398 483 398 484
614 573 614 574
476 403 477 403
406 614 406 615
350 35 350 36
158 749 159 749
726 125 727 125
33 755 33 756
222 311 223 311
123 619 123 620
813 765 814 765
924 293 925 293
766 116 766 117
628 936 629 936
914 329 915 329
124 262 124 263
245 616 246 616
126 185 127 185
770 43 770 44
970 960 970 961
441 521 442 521
244 967 245 967
466 148 466 149
707 145 708 145
271 691 272 691
586 758 587 758
457 997 458 997
264 118 265 118
3 408 4 408
436 253 437 253
58 453 59 453
304 708 305 708
134 82 135 82
300 44 300 45
838 372 839 372
845 924 845 925
932 372 933 372
325 499 325 500
662 278 662 279
72 547 73 547
326 781 327 781
59 388 60 388
191 98 191 99
704 719 705 719
789 910 789 911
363 764 364 764
133 785 134 785
2 494 3 494
420 112 421 112
919 472 919 473
647 654 647 655
709 79 710 79
105 733 105 734
365 35 365 36
42 764 43 764
550 262 551 262
913 989 914 989
197 400 198 400
888 181 888 182
184 998 185 998
107 416 108 416
94 737 94 738
986 824 987 824
999 516 1000 516
521 891 522 891
506 64 507 64
629 720 630 720
348 939 349 939
425 233 426 233
973 893 974 893
137 23 137 24
367 471 368 471
30 760 30 761
519 858 520 858
627 417 627 418
252 597 253 597
47 501 47 502
76 103 77 103
999 904 999 905
228 751 229 751
214 906 214 907
479 249 480 249
746 10 746 11
481 828 482 828
879 885 879 886
650 129 651 129
561 268 562 268
688 215 689 215
200 810 201 810
338 304 338 305
269 830 269 831
209 712 209 713
762 776 762 777
366 707 367 707
732 63 732 64
535 188 536 188
477 332 477 333
930 48 931 48
234 210 234 211
801 273 802 273
636 214 636 215
205 986 206 986
814 253 814 254
310 909 311 909
56 157 57 157
237 946 238 946
42 395 42 396
8 808 9 808
263 417 264 417
320 746 320 747
279 271 279 272
324 554 325 554
468 442 468 443
632 607 632 608
450 377 450 378
691 87 692 87
28 201 28 202
988 531 988 532
269 264 270 264
918 55 918 56
486 797 486 798
812 294 813 294
429 947 430 947
348 455 349 455
476 31 477 31
130 125 131 125
536 494 537 494
161 847 161 848
285 925 285 926
267 961 267 962
210 294 211 294
833 941 833 942
768 703 768 704
352 975 352 976
216 842 217 842
177 617 177 618
354 547 355 547
723 542 723 543
542 255 542 256
950 217 951 217
823 151 823 152
991 397 992 397
215 965 215 966
503 295 504 295
590 178 590 179
493 295 493 296
860 917 861 917
53 161 53 162
18 864 19 864
725 620 726 620
576 229 577 229
678 352 678 353
188 684 189 684
835 727 836 727
321 605 321 606
111 779 111 780
718 839 718 840
474 957 474 958
268 122 269 122
790 900 790 901
436 443 436 444
104 195 104 196
499 611 499 612
146 489 147 489
939 998 940 998
561 842 561 843
440 942 441 942
950 358 950 359
858 144 859 144
776 767 776 768
61 223 61 224
817 124 817 125
543 473 543 474
836 223 837 223
165 147 165 148
879 192 880 192
743 630 744 630
447 561 447 562
695 588 695 589
793 431 794 431
730 700 731 700
883 139 884 139
15 257 16 257
4 732 5 732
939 359 939 360
113 39 114 39
576 95 577 95
617 6 618 6
205 654 205 655
368 878 368 879
66 787 66 788
992 374 992 375
506 895 507 895
700 568 700 569
416 708 416 709
881 607 881 608
202 92 202 93
710 378 711 378
235 374 235 375
671 707 672 707
804 608 805 608
205 584 205 585
16 515 16 516
427 649 427 650
433 862 433 863
508 13 508 14
157 550 157 551
416 701 416 702
697 761 697 762
862 500 863 500
621 496 621 497
392 494 392 495
64 369 64 370
395 635 396 635
70 863 70 864
566 234 567 234
605 29 605 30
79 889 80 889
470 189 470 190
696 852 697 852
38 987 39 987
535 568 535 569
30 121 31 121
603 630 604 630
739 621 740 621
684 20 684 21
592 83 592 84
646 412 646 413
638 31 638 32
744 506 745 506
748 574 749 574
840 294 840 295
813 738 814 738
941 676 942 676
857 951 857 952
71 739 71 740
570 608 571 608
423 205 424 205
322 810 323 810
417 82 418 82
803 449 804 449
265 13 266 13
238 200 238 201
345 271 346 271
752 174 753 174
167 833 168 833
476 142 477 142
48 407 49 407
458 116 459 116
679 288 679 289
119 706 119 707
251 422 252 422
703 727 704 727
574 537 574 538
754 18 755 18
972 1 972 2
674 887 675 887
627 350 627 351
172 883 172 884
248 531 249 531
530 154 530 155
126 191 126 192
380 464 381 464
180 126 181 126
249 463 250 463
497 197 498 197
813 316 814 316
462 450 462 451
184 238 185 238
317 382 318 382
122 295 123 295
584 36 585 36
34 519 34 520
106 636 107 636
654 916 654 917
697 176 697 177
127 637 128 637
318 713 318 714
936 242 936 243
148 371 148 372
390 434 391 434
964 846 964 847
564 176 565 176
602 902 602 903
488 232 488 233
948 846 948 847
564 50 565 50
384 74 385 74
310 884 311 884
795 16 796 16
543 233 543 234
879 986 879 987
921 354 922 354
436 404 437 404
756 64 757 64
303 792 303 793
814 966 815 966
427 339 427 340
804 130 805 130
632 548 632 549
794 114 795 114
199 433 200 433
919 535 920 535
237 341 238 341
851 635 852 635
173 235 174 235
449 707 450 707
10 532 10 533
737 867 737 868
287 278 287 279
465 266 466 266
93 744 94 744
32 447 33 447
290 911 291 911
58 56 59 56
567 966 568 966
84 791 84 792
938 783 938 784
862 953 862 954
425 85 425 86
388 914 388 915
497 699 498 699
250 309 250 310
954 306 955 306
716 867 716 868
952 961 952 962
922 887 923 887
281 189 281 190
927 43 927 44
749 617 749 618
485 558 485 559
844 471 845 471
241 588 241 589
339 666 339 667
345 159 346 159
585 441 585 442
917 20 918 20
352 383 353 383
426 618 426 619
941 494 941 495
112 425 113 425
881 40 881 41
641 899 641 900
224 719 225 719
337 913 337 914
456 600 457 600
885 177 886 177
459 216 459 217
889 348 889 349
162 443 163 443
380 997 380 998
943 952 944 952
734 445 735 445
950 783 950 784
768 708 769 708
663 15 663 16
552 43 553 43
59 520 60 520
965 430 966 430
154 292 154 293
338 695 338 696
498 441 499 441
39 343 40 343
341 801 342 801
42 428 43 428
780 236 780 237
882 741 882 742
460 437 461 437
167 191 167 192
144 304 145 304
355 379 355 380
448 339 448 340
437 392 437 393
155 427 156 427
477 287 477 288
213 585 213 586
665 914 665 915
173 102 174 102
549 62 549 63
639 775 640 775
126 106 127 106
618 595 619 595
686 916 687 916
621 170 622 170
425 841 426 841
822 402 823 402
232 314 232 315
544 196 545 196
530 518 531 518
85 943 86 943
695 184 696 184
655 265 656 265
820 517 820 518
205 608 206 608
244 788 245 788
604 987 604 988
407 293 407 294
160 716 161 716
178 123 178 124
459 518 460 518
106 393 107 393
185 746 185 747
668 230 669 230
536 153 536 154
571 385 571 386
47 728 47 729
697 222 698 222
165 599 165 600
27 144 28 144
677 16 678 16
242 487 243 487
700 402 700 403
17 714 18 714
773 95 773 96
523 105 524 105
636 445 637 445
388 520 388 521
731 500 732 500
919 548 920 548
731 207 731 208
341 15 341 16
557 955 558 955
784 926 785 926
986 909 987 909
610 897 611 897
975 548 976 548
132 719 133 719
407 694 407 695
600 790 600 791
133 366 134 366
522 212 523 212
681 349 682 349
170 471 170 472
955 305 955 306
153 624 153 625
292 554 293 554
755 232 755 233
533 458 534 458
692 231 693 231
129 44 130 44
674 71 675 71
350 521 350 522
173 597 174 597
350 734 350 735
618 337 619 337
391 508 392 508
53 996 54 996
455 421 455 422
729 461 730 461
48 189 48 190
745 270 746 270
749 946 750 946
865 578 865 579
453 285 453 286
918 694 918 695
837 346 837 347
882 78 882 79
549 467 549 468
443 759 444 759
710 61 711 61
279 342 279 343
463 782 463 783
131 5 131 6
956 693 956 694
523 208 523 209
963 489 964 489
34 248 35 248
781 750 781 751
148 331 148 332
859 521 860 521
425 45 425 46
936 317 936 318
89 822 89 823
35 505 35 506
786 486 786 487
605 839 606 839
720 255 720 256
65 602 66 602
453 662 454 662
580 491 581 491
363 223 363 224
72 393 72 394
881 319 881 320
858 328 858 329
274 79 274 80
411 308 412 308
84 773 85 773
576 526 576 527
681 969 681 970
823 648 824 648
400 242 401 242
356 631 356 632
844 489 844 490
63 791 64 791
819 559 820 559
623 750 624 750
910 622 911 622
868 574 868 575
294 240 294 241
446 259 447 259
764 375 764 376
593 402 594 402
222 981 222 982
922 202 922 203
90 81 90 82
525 983 525 984
782 79 782 80
890 194 891 194
281 492 281 493
633 282 634 282
90 404 91 404
918 662 919 662
91 482 91 483
823 247 823 248
632 968 633 968
334 115 335 115
141 641 142 641
885 636 885 637
771 475 771 476
888 150 888 151
445 349 445 350
933 92 933 93
774 174 775 174
166 764 166 765
856 702 856 703
767 352 767 353
594 269 595 269
921 474 921 475
448 695 448 696
421 757 422 757
712 947 713 947
216 660 216 661
356 595 356 596
25 479 26 479
413 574 413 575
222 156 222 157
508 860 509 860
852 18 853 18
297 684 297 685
49 514 49 515
215 251 216 251
420 610 421 610
988 780 988 781
45 673 45 674
730 931 730 932
366 863 367 863
236 599 237 599
175 330 175 331
762 974 762 975
250 255 250 256
540 428 541 428
360 765 361 765
423 760 423 761
18 300 19 300
454 398 454 399
516 71 516 72
714 238 714 239
531 198 532 198
231 153 232 153
261 69 261 70
715 112 715 113
88 497 89 497
529 927 529 928
640 860 641 860
460 166 461 166
38 942 39 942
176 179 176 180
853 408 854 408
464 962 465 962
511 639 512 639
570 801 571 801
379 245 379 246
84 405 85 405
208 209 208 210
2 622 3 622
1000 91 1000 92
315 470 316 470
242 535 242 536
372 643 373 643
663 477 663 478
755 153 756 153
483 147 483 148
498 323 498 324
415 408 416 408
621 378 622 378
657 901 657 902
96 350 97 350
753 791 754 791
216 390 216 391
140 562 140 563
533 708 533 709
848 30 849 30
465 675 466 675
296 970 296 971
418 356 419 356
494 470 494 471
307 790 308 790
750 826 751 826
44 741 45 741
885 70 885 71
753 887 753 888
24 708 24 709
300 414 301 414
972 931 973 931
524 564 524 565
696 490 697 490
532 365 533 365
794 839 794 840
450 766 450 767
280 587 280 588
397 501 397 502
220 275 220 276
13 392 13 393
410 52 410 53
570 640 571 640
1000 418 1000 419
957 750 958 750
128 414 128 415
28 371 29 371
670 76 670 77
769 965 770 965
406 660 406 661
69 68 70 68
362 338 363 338
287 53 287 54
648 727 649 727
81 157 82 157
839 131 840 131
855 385 855 386
241 128 242 128
182 692 182 693
282 882 283 882
704 895 705 895
595 436 595 437
770 648 770 649
281 859 281 860
898 253 898 254
502 172 503 172
902 240 903 240
991 692 992 692
869 978 869 979
155 953 156 953
696 65 696 66
210 249 211 249
387 319 388 319
577 505 577 506
208 908 209 908
763 634 764 634
632 373 633 373
720 196 721 196
414 416 414 417
33 10 34 10
431 240 431 241
842 466 843 466
208 442 208 443
37 946 38 946
192 386 192 387
989 704 990 704
83 212 83 213
475 351 475 352
987 779 987 780
146 518 146 519
809 179 809 180
54 594 54 595
447 466 447 467
530 271 530 272
635 45 635 46
692 788 692 789
31 801 31 802
182 463 183 463
813 364 813 365
246 554 246 555
837 148 838 148
81 825 81 826
630 840 630 841
555 219 555 220
746 328 746 329
431 133 431 134
571 890 571 891
642 341 642 342
844 625 844 626
848 996 848 997
907 705 907 706
405 871 405 872
9 3 9 4
946 162 946 163
800 830 801 830
973 613 974 613
555 681 556 681
509 267 509 268
950 967 951 967
829 750 829 751
87 282 88 282
83 448 83 449
401 51 402 51
679 744 679 745
429 86 429 87
694 21 694 22
739 281 739 282
707 970 707 971
529 984 530 984
447 209 448 209
352 229 352 230
314 849 314 850
180 602 181 602
365 140 365 141
845 709 846 709
824 567 824 568
512 584 512 585
456 509 457 509
502 267 503 267
160 807 161 807
648 383 648 384
992 888 992 889
601 365 601 366
308 740 308 741
182 766 183 766
627 925 628 925
576 182 577 182
561 109 562 109
226 207 226 208
235 226 236 226
645 99 645 100
702 550 702 551
130 726 131 726
160 975 161 975
475 267 476 267
10 849 11 849
709 623 709 624
401 805 402 805
588 999 589 999
750 412 750 413
869 810 870 810
721 631 721 632
698 948 698 949
538 452 538 453
8 191 9 191
