1000 1000
200 644 200 645
411 432 411 433
947 72 947 73
687 469 688 469
169 691 169 692
719 152 720 152
746 260 746 261
888 100 889 100
858 375 858 376
227 929 228 929
943 734 943 735
549 206 550 206
312 770 313 770
542 595 543 595
924 608 925 608
961 87 962 87
638 459 638 460
550 6 551 6
679 242 680 242
253 750 254 750
148 392 149 392
164 384 164 385
736 233 737 233
828 465 828 466
109 660 110 660
521 308 521 309
695 96 695 97
378 334 379 334
833 781 833 782
335 647 336 647
200 71 201 71
815 756 815 757
270 267 271 267
280 359 281 359
474 402 474 403
233 961 233 962
777 273 777 274
45 406 46 406
595 637 595 638
934 996 934 997
516 367 516 368
534 282 535 282
510 568 511 568
554 434 554 435
403 747 403 748
497 952 498 952
9 757 10 757
506 798 506 799
415 11 416 11
767 462 767 463
633 552 633 553
734 705 734 706
218 699 219 699
377 205 377 206
169 946 170 946
264 499 265 499
770 171 770 172
21 937 22 937
83 636 83 637
189 272 189 273
617 245 617 246
996 815 997 815
618 986 618 987
794 657 794 658
809 590 809 591
584 909 585 909
976 816 977 816
553 438 553 439
692 446 692 447
86 774 87 774
202 167 202 168
436 795 437 795
779 115 779 116
11 705 11 706
56 679 56 680
837 845 837 846
401 698 401 699
293 725 293 726
732 272 732 273
735 800 735 801
579 92 580 92
940 385 940 386
607 568 608 568
881 711 881 712
46 890 46 891
794 80 794 81
38 549 38 550
673 470 674 470
48 694 48 695
349 787 349 788
635 672 636 672
330 909 330 910
617 814 618 814
346 895 347 895
113 887 113 888
526 319 527 319
185 867 186 867
884 287 884 288
258 842 258 843
590 262 591 262
