50 50
3265 16544 25987 6904 28360 9320 10534 15718 9248 25987 8897 21679 10534 29076 29762 3870 6546 27465 21679 3460 29762 28360 26330 29865 18941 28360 6435 13968 11946 8211 21679 9333 16544 21314 27465 25103 7021 5581 4849 4849 14649 18968 11946 5581 26723 9248 925 21512 12239 9845
15718 9326 3460 23825 22462 11369 20902 18968 4849 26821 12239 22462 26821 12007 11946 26723 18941 27194 28360 16557 10846 21744 18662 23910 5649 23910 6435 9845 21534 23910 18968 5581 16557 26723 14991 3265 6546 5368 21314 2243 31105 612 27465 9248 23910 6904 16557 23825 9333 925
9845 24920 16557 9333 21314 3618 30434 925 28278 9320 3460 28278 21744 7021 29267 24920 23910 18941 26286 21534 21744 12007 2243 14649 25987 3870 29120 3870 5368 22462 26821 5370 28278 15718 6904 10534 925 18968 3870 21534 3618 9248 31105 20902 5649 21914 13817 7354 7069 612
14649 14991 6904 12872 7624 10255 23825 925 30434 14991 9248 9248 32150 22134 21679 16557 3460 5368 30063 18941 14649 30434 29076 925 925 22698 22462 11238 9615 13865 8353 2243 28467 18941 28467 13167 18941 19761 30434 25987 13167 925 27721 31105 6904 26752 9320 925 7624 5368
30434 925 26330 18941 15718 8897 16557 24920 26723 15718 23825 6435 9248 10534 9326 24920 27465 9615 21780 22698 29762 30063 28467 27721 16544 10534 13968 3870 27465 30434 11369 28360 3618 31105 30063 18662 18968 5649 6546 11369 10255 13968 2243 9248 18662 9845 1121 9326 21914 10846
19761 26426 10846 7456 14649 21868 7561 9248 1121 23825 23825 21744 2583 8897 25969 26752 11369 3265 21534 3039 8897 14649 21534 26286 29120 6435 18968 8353 25969 6546 23802 2583 3460 11238 12239 31105 5370 21534 27465 29762 28360 16544 25987 3460 9845 10534 26752 13167 6546 27465
23910 26723 13968 27194 28360 30434 11238 10846 9320 6904 7021 18968 30434 21314 18941 10534 15718 925 9333 21914 20920 26330 23825 18968 7021 18941 19761 21914 925 13865 32150 18038 2243 3870 9845 13968 21914 21679 9615 16557 26723 21314 24920 14991 26286 31105 8897 12239 8211 3870
25103 2583 9333 23910 7624 29076 16544 7021 9845 9320 11369 9326 12007 3618 3265 3460 5370 29865 12239 26723 8897 11238 7021 28360 23910 1121 29076 13968 25103 2243 28467 7624 18038 22134 22462 1121 23910 19761 10255 23825 21744 13968 6546 21914 12007 21914 2583 9248 14649 20902
7354 29076 26752 20902 27194 30854 20920 26752 22462 23802 26752 4849 5649 23802 8897 3618 3460 27465 16557 5370 7021 12239 9248 10846 7069 9248 11369 16557 26286 28360 27194 7354 9845 27721 21314 23910 612 26752 7354 26752 5581 10534 19761 20920 32150 20902 29120 6546 16544 21512
16557 30434 28278 26821 12007 15718 3039 21914 21314 30854 6546 5368 26330 3265 10534 7069 23802 5581 21780 28360 26426 15198 9320 25103 26723 18941 13865 13817 9615 3460 22698 28467 21314 25987 21914 18968 9326 925 8897 13968 9333 10534 28278 26723 9845 13968 30854 10846 13817 13968
20920 5370 5370 28467 28443 9326 12007 4849 8353 3618 30434 25103 28467 30854 29267 2583 26286 8353 16544 21314 27194 8211 6435 30434 27465 3618 7561 25969 1121 27194 29120 30854 26330 25987 4849 11238 1121 11369 15198 26330 28360 7021 3618 27194 21679 21914 15718 18038 23910 7561
7354 9845 21914 5581 9615 28360 21914 21744 28278 2243 7624 26821 28443 21868 7456 25103 26821 21780 29267 22134 21679 31105 28360 25969 3870 32150 3265 13865 9320 28278 22134 15718 27194 30434 7456 10534 15198 7069 11369 8353 29076 13865 14649 9320 22698 26821 3460 21314 20902 7354
9326 9326 31105 25969 28278 4849 24920 28360 28278 23825 5368 21868 23802 19761 19761 26330 23802 10846 15718 10534 2243 7069 29762 11238 19761 6904 13817 7624 26426 10534 925 29865 28278 10534 8897 22134 12007 21868 5649 11369 7561 9326 7069 15198 3039 23825 15198 7561 30063 32150
20902 12007 3265 9615 18662 13968 16544 11946 9248 5368 23825 26330 12007 5649 8897 8211 29762 26723 6435 6904 18038 21512 29762 2583 22698 5649 21679 23825 13167 18941 3265 18662 9615 12007 2583 612 8211 30854 26821 30854 23825 6904 12872 10846 7069 2583 30854 6435 9845 3039
8353 3618 25987 21744 6435 20902 2583 3039 25103 21679 5370 13968 9326 19761 2243 9333 28443 22698 22134 14991 13968 11369 18941 27465 22134 30063 8211 21780 9320 15198 26426 7624 21314 28467 5368 26752 11238 5581 3870 30063 5368 27721 8897 21512 23802 7624 1121 22698 21314 23802
925 26330 9326 7624 30854 29120 22134 6435 10255 12872 21744 11369 925 13865 26821 22462 9845 28278 8211 12239 27721 9326 2583 26426 28467 12239 28443 3870 11238 3039 26426 22698 13968 18662 28360 5581 5368 14991 7561 29120 25987 26821 7624 13817 5649 25103 18968 5649 19761 4849
5649 27465 5370 29762 10846 22698 5581 13968 10534 22698 5368 21744 18968 20902 22134 21314 3039 9615 26426 16557 7354 10534 5581 27465 21314 11946 3870 18968 13865 12007 2243 3265 16557 8211 14649 7561 21914 18941 29120 22134 28360 28360 26426 26286 612 3039 16557 10255 11238 8897
29865 9333 14991 26723 29267 26752 15718 5368 28443 12872 8211 9320 18968 28467 7021 7021 27465 29120 13968 28278 16557 12872 26723 3039 10534 18968 29762 14991 30063 27194 16544 13167 7021 9326 8211 8897 29865 28278 27194 3870 19761 10534 22698 26723 24920 3039 7021 5581 3039 6546
13968 22698 5368 3870 21534 20920 28443 12872 3618 4849 7561 26723 26752 20920 21679 29762 28443 21744 26426 25987 3870 5649 26426 29076 3039 23910 20902 26821 26426 21744 6435 28278 21744 25103 1121 13865 3870 7456 13167 12239 5370 9845 26330 14991 25969 27465 5581 11946 9320 26426
27721 11369 8353 29865 25969 13968 29865 3870 25103 21534 32150 21534 14649 8897 4849 18968 23802 28278 23825 10534 12872 26821 21512 23802 3039 12007 29762 26426 10534 21314 11238 7624 27721 22462 12239 3618 28360 22462 19761 3870 29267 12007 26752 27721 24920 25103 9320 5368 26426 6435
21914 31105 9326 26821 22462 23802 29120 26286 8897 20920 2243 16557 18662 9333 26426 18968 11946 32150 7456 10534 3618 5368 28278 10534 21512 24920 11946 12872 18941 22134 14649 25987 27194 5581 3460 30063 30434 29076 12007 13167 18941 16544 925 7069 13968 18662 21744 12239 1121 26752
24920 21512 9326 8897 6904 7354 21780 26723 14649 28467 9333 7354 3039 7561 21914 16544 22698 26821 14991 21534 3870 26426 21868 21534 25103 7069 30854 28443 30854 5370 7456 2243 7021 27194 19761 30854 9333 5649 3618 612 21512 21914 925 6435 6904 31105 9320 18941 21534 5581
22462 20902 26752 4849 3039 25987 6435 29076 28360 612 7624 10534 12872 8897 7021 27721 23825 6435 13817 29120 23825 7624 21780 7069 9333 12872 5368 15198 14991 12872 20920 14991 7456 18941 26723 26426 11946 12007 13167 10534 7561 2243 22698 21744 21534 7561 22462 2243 8211 8353
9248 29267 26286 612 29076 29120 10255 25103 30854 22698 29120 3618 29267 28278 18662 8897 21534 24920 21512 21780 7021 7021 14649 1121 22698 28467 6904 26426 18662 27465 28467 16557 10255 5368 8211 3618 9248 18968 8211 21512 5649 2243 18662 10846 21512 18038 3265 3618 29762 8211
9333 6546 1121 1121 9320 612 32150 21744 20920 28443 27465 28467 11946 22462 18941 29120 24920 9248 3265 11238 3460 13817 26821 3039 22698 13817 26752 25969 612 5649 23825 27194 7069 2243 31105 21780 13167 9320 19761 10534 14649 9326 21314 4849 6904 18941 30434 3039 11238 18662
27465 11369 7069 13865 26286 22698 7354 4849 5368 3460 4849 21868 9333 2583 12007 5368 23825 28278 29076 21744 3870 3618 7456 25103 23802 25987 8211 3460 25103 13968 3618 7561 27465 31105 12007 8353 16544 5370 2583 8353 16557 21679 21744 12007 29865 5370 23910 21868 28467 10255
19761 9845 9845 23910 23825 9248 10255 3265 9248 15198 8211 5581 22698 9326 27465 25969 27721 3265 16557 32150 3039 32150 9615 7456 925 26752 12007 26426 10846 20902 21534 30434 21534 4849 26723 7624 1121 18038 15198 21512 18662 5368 30434 26723 31105 27721 9248 16544 2243 27194
3265 7069 12239 13968 16557 3460 21868 6904 30063 7624 20902 14649 13865 28278 23802 8353 32150 6546 31105 30434 26286 3870 13865 21744 3039 12007 10846 9326 21512 30063 11238 20920 3460 8353 5581 612 26821 28278 19761 8897 8897 6435 19761 7354 23910 28360 28467 22134 18038 22462
23910 26426 2243 22462 8353 12007 6904 28278 26752 8211 12007 7021 7069 21780 6435 18038 11946 27194 26426 8897 23910 21314 26752 20920 25969 6546 26426 10846 925 31105 21744 3618 28443 22134 21744 612 27194 29865 9845 9248 18941 2243 7456 3460 9845 10255 14649 26426 9615 13167
3039 7624 30434 14649 5370 16544 18941 13865 13968 13968 29865 31105 18038 32150 4849 5581 612 10846 13167 12872 612 6435 3870 1121 29762 7069 21780 24920 14991 22134 23910 13817 11238 6435 21534 21744 24920 29120 10255 18662 30063 27721 30434 11946 30063 26426 23825 612 15198 11369
12007 18038 14991 26821 26821 16544 18968 29267 925 16544 23802 8897 26723 18968 29762 22698 26723 21868 21512 12239 29865 13167 30434 21534 22134 25103 26426 5370 29762 29120 6546 29865 7021 18968 27465 23825 29120 1121 15198 9326 29762 30434 26752 32150 21914 18038 27194 23910 18941 29865
26752 21679 15718 925 23825 8353 20920 8897 22134 3870 10846 22698 14649 27721 7069 29267 20902 13167 15198 26821 15718 7021 16544 9333 30854 21314 14649 25103 5368 3618 21512 7456 32150 26330 22462 26286 30854 22462 4849 9845 26330 25103 26723 22134 26426 16557 23910 18968 21512 13865
23825 12007 925 21534 26723 5368 22698 22462 30063 14649 6435 5370 21314 2243 22462 21534 9845 27194 5370 6546 5581 7561 21534 27194 14991 8353 1121 16557 13817 21744 30063 8897 15198 13167 5368 23802 21512 32150 21314 21868 23825 29120 9615 25987 18038 6435 27465 28278 21679 12239
8211 26821 7354 7456 6435 30854 5368 19761 21744 25987 26723 5649 28443 28278 3618 9248 12239 26821 28360 18038 23825 19761 16557 5581 21679 26426 29120 8897 23825 27194 22134 20902 7456 29762 22698 21868 26286 32150 13865 9333 24920 8211 5649 12239 16544 2243 10255 3039 12007 25987
12872 26821 11369 30434 21534 24920 5368 925 26286 7021 3039 26426 23825 30434 7624 3460 32150 21780 27721 29762 6904 5370 7561 13865 24920 30854 26426 7069 12872 612 21314 1121 12872 29865 8897 4849 21512 8211 29762 31105 28467 3039 6435 18038 23802 29762 11369 8897 10846 18038
13968 13865 3618 20920 23825 925 29120 8211 18941 5581 16544 22698 7069 26821 14991 21744 18662 3460 8211 11238 5370 925 9248 5368 7354 6435 7561 3870 15718 29267 3039 6435 18038 16544 925 24920 8353 6546 26286 16557 10255 25103 25103 13817 18038 4849 6435 20902 21914 5370
23910 29762 3870 9320 27721 5581 22462 9333 7069 10846 29076 32150 21744 21534 11369 8353 18968 20902 23825 3870 21534 23910 13865 24920 21314 7069 5370 18662 925 1121 15718 29267 7561 9845 26752 7354 3618 28443 6904 11369 13167 5370 24920 9845 12007 29267 21744 3460 11946 1121
10255 21679 29762 11369 22698 8353 12239 11369 7456 26821 18038 13968 27194 23910 31105 3618 11946 3265 22134 12007 27465 28360 10255 28360 12007 19761 6904 31105 23825 8353 15718 28467 13817 29267 28443 30063 1121 3039 10255 30063 28278 29267 26330 27721 7021 11946 22462 29762 26821 21512
12007 5581 8211 21314 6546 3870 21744 6546 6904 5370 23825 16544 29076 25969 23802 18968 20920 7624 21512 3870 26286 9320 12872 26286 18662 7456 9845 9326 22134 23910 20902 25103 14649 9320 23802 18968 20902 15198 10846 25987 27721 27465 14991 13167 23825 22134 28443 3039 9845 18941
18941 18941 6904 10846 29762 3618 9845 4849 13817 25987 26723 26752 5649 10846 19761 12872 29267 2583 32150 9248 12872 21744 25103 9248 9333 9326 29762 21512 9845 25987 18662 12872 30063 15718 7624 26426 7069 6546 16544 29865 21679 13865 2583 21512 25103 22462 3039 18968 31105 21780
3618 16557 9326 10846 29762 25103 30854 14991 9326 29267 21512 26821 21914 30063 21314 3039 7561 3039 612 10534 26426 26723 10255 7069 14649 21314 23910 3039 10255 25103 26821 28360 18038 11369 9248 20902 30434 9326 2243 28443 6546 30434 6904 28278 11238 6904 7456 20920 25987 2583
26723 13167 8897 12872 31105 21780 29762 14649 4849 22698 28443 9248 11946 21868 22134 11369 30434 28278 8211 29762 11946 8353 29762 7456 20920 22698 10255 28360 21868 21780 21780 29865 31105 24920 26821 32150 8897 5368 7624 29076 30854 31105 10846 9320 31105 29762 7069 30434 18662 32150
26723 20920 21914 6904 26426 2583 31105 22462 26426 14649 9333 925 925 10846 7354 12239 11369 14649 18038 18662 23802 23825 5649 28360 8211 23910 22698 18968 21780 30434 29076 11369 28278 925 25969 24920 12872 7561 29865 24920 28443 3265 26723 15718 12872 3870 25987 22462 1121 28278
27194 22698 22134 7354 3870 21744 29865 9248 10534 5368 2243 28278 612 10255 21314 21679 25103 29762 29076 11946 12239 21314 9333 10534 15198 25969 22134 6435 16544 26426 21512 21512 7624 23802 21534 9615 3870 9333 25103 20920 16557 30854 5581 7021 8897 11238 21868 9248 27465 13968
26286 28467 21744 14649 19761 5649 28467 1121 7456 3618 29076 9320 27194 26752 925 5581 10534 5649 13817 9320 22134 3265 12872 26723 16544 18038 18941 7624 10846 18038 29120 14991 21780 11946 11369 8353 27465 23825 21868 19761 18662 925 26286 32150 21314 32150 26821 18662 4849 13865
22462 21744 11369 25969 23825 31105 3039 31105 15718 7561 7561 612 27721 23825 26752 13865 612 7456 24920 6546 10255 3039 10534 28467 7069 13817 6546 12872 1121 29762 9845 28278 14991 22698 23910 26723 21314 13865 16557 16544 4849 14991 1121 5368 13817 24920 25987 9320 25969 10534
29076 12239 18038 29267 925 8897 22462 14991 9320 29120 5581 21780 9333 13167 9333 9845 9320 3460 26723 28360 20920 25987 7354 23910 10846 7069 31105 21914 22698 31105 28360 8353 5649 9248 15718 31105 28467 5370 612 7354 12007 21780 18038 28278 7624 24920 26330 27194 19761 30434
21780 5368 16544 19761 13817 21914 15198 9326 7456 7561 6546 13167 9248 4849 26426 3870 22462 3039 26330 30434 10534 7354 11369 6904 12239 15198 7456 6435 27721 26330 9845 3618 12239 7561 20920 10846 21534 8897 7561 23910 32150 9248 3265 5368 10534 6546 28467 21914 7456 12007
22134 3039 30854 3039 21534 9615 21314 7021 12007 28467 10534 28443 2583 21780 5581 21534 23825 2243 14649 27721 26286 9326 5581 9248 8353 5649 9248 9333 7021 30063 8211 20902 29865 21780 21314 8897 14991 3460 22134 9333 29865 27194 16557 7561 5649 29120 21512 7456 30854 22698
8353 10534 6435 20920 14991 9326 7456 2583 26723 26752 13865 3265 7624 9615 7561 7624 7456 27194 29762 29120 30434 19761 29076 32150 28467 27465 24920 9320 21314 27194 18968 10255 9326 14649 20902 27194 3039 12239 14991 11369 8897 9845 5368 28467 21534 27465 21534 30854 27721 8211
5368 -1 23802 -1 -1 32150 13968 26723 29076 13817 -1 29267 25987 9248 9845 28467 19761 13865 22698 7624 -1 -1 3460 13968 21534 18038 23910 21914 7354 -1 29076 2243 925 -1 8353 15718 -1 16544 29120 3265 -1 9320 5581 11369 7624 11946 27721 29865 6435 15198
-1 21679 6904 16544 9845 28278 -1 20920 20902 9333 -1 -1 28278 19761 29076 -1 22134 21679 28467 11369 -1 -1 21868 -1 25987 8353 -1 21534 3870 26426 -1 18968 30063 26426 29762 26752 26752 15718 26723 20902 9845 25103 7456 1121 7456 -1 29865 3870 925 -1
27194 -1 925 25103 21512 16544 12007 -1 21914 -1 -1 28443 2583 9615 16544 3618 3039 9845 -1 -1 -1 6546 -1 12007 27465 -1 27721 23825 21679 21534 9326 24920 25969 9615 8897 12007 25987 10534 18968 -1 -1 23802 -1 5368 15718 -1 24920 18662 2243 -1
7561 8211 15718 -1 3618 21780 8353 27721 29120 -1 -1 -1 26821 -1 22134 30434 -1 5649 21868 7624 -1 -1 10846 9320 11946 16544 22462 3870 21868 -1 7456 14991 28278 26821 -1 11238 26821 25103 9615 21744 32150 -1 21868 2583 31105 925 12239 22462 25969 7561
-1 30063 8211 -1 5370 21534 9248 25103 21679 5649 -1 20902 20920 30854 11369 -1 -1 7021 -1 30854 4849 -1 -1 29076 25969 30434 25987 -1 24920 14991 9248 29076 7561 28467 3039 8353 21744 13968 -1 -1 8211 13968 1121 21744 25103 7021 -1 -1 15198 7456
14649 7561 -1 21780 9615 29762 -1 22698 3460 18038 2583 -1 9615 -1 6435 20920 2243 22134 30854 11238 11369 16544 -1 -1 5649 12239 -1 7624 10255 -1 25103 -1 2583 4849 -1 21512 5581 -1 21314 21744 3265 29865 612 18038 -1 27721 -1 -1 -1 27194
-1 1121 -1 29076 -1 8353 -1 925 9326 2583 -1 22462 7456 2583 -1 23910 25103 -1 30063 -1 26426 9845 3460 21744 10846 5649 18662 13865 10534 7561 26821 24920 -1 18038 23802 7354 22462 7624 -1 10534 3618 13865 32150 7456 22134 10846 26821 26752 -1 8353
14649 3039 10534 6435 -1 -1 29076 -1 28467 28278 2583 9248 22462 -1 10846 9615 16557 612 16544 -1 13817 29076 -1 -1 -1 24920 9326 28360 2243 -1 6435 -1 28360 10846 21534 29865 8897 25103 2583 16544 9615 30854 -1 26330 10255 -1 9333 25103 21868 6546
-1 28467 23802 6435 3460 25969 -1 -1 22134 6546 22134 -1 6435 22462 21780 29865 25103 3618 -1 15198 26330 7069 15198 26752 9845 27194 22698 21868 7069 10534 -1 -1 22134 5368 -1 -1 -1 18038 31105 -1 23802 3460 3870 26723 -1 3265 19761 21780 6435 10846
12007 26330 3460 11238 9615 -1 6546 -1 -1 -1 -1 25987 5581 9248 32150 22698 26821 -1 21314 21679 4849 -1 21314 18941 -1 5368 7561 4849 13167 25103 23825 18038 10255 26821 4849 18968 925 10846 11946 7021 11238 8897 27721 18968 7069 21868 26821 7069 -1 9615
7021 -1 -1 14991 21780 6546 10534 28360 7069 -1 26723 3265 5370 30434 23910 5649 18038 -1 3460 20902 25987 2583 21780 -1 -1 21868 15198 -1 -1 -1 10255 -1 -1 7624 7069 30434 -1 26723 20902 13968 7354 16557 18662 26821 925 23802 7354 21534 5370 -1
-1 8353 11946 -1 21534 -1 21868 21868 7069 -1 -1 24920 -1 13167 3618 13167 30063 24920 29267 31105 8897 -1 -1 8897 26286 28360 9845 3460 6435 -1 29076 -1 -1 1121 20902 14649 925 29076 11369 -1 3870 23825 16557 21679 21868 21512 11238 925 -1 28443
23825 26752 10255 -1 9333 18941 -1 925 -1 21679 16544 -1 28360 5370 9615 2583 29120 14649 10255 7354 16557 -1 25103 13167 12239 25969 28278 26330 28278 21914 29076 9615 -1 6546 27194 10534 21679 27465 9326 29120 16544 3460 28360 26752 -1 8897 4849 6435 10846 -1
13167 -1 26330 -1 -1 21744 -1 1121 7354 5368 7069 925 -1 26286 27721 -1 18968 925 28360 612 29076 29120 7069 -1 22134 1121 3265 25103 21679 19761 26330 2583 30063 13167 29267 27465 24920 29076 27194 27465 -1 6546 25103 13865 27465 9320 -1 -1 26426 21914
21914 13968 24920 -1 2583 18038 -1 15718 612 25103 30434 12007 6435 -1 6546 11946 4849 22462 29076 9326 7624 -1 27465 8897 9320 29120 14991 6546 2583 29865 22698 27465 18941 15198 -1 8211 25969 22698 31105 9845 9615 7069 21679 25987 -1 -1 21512 11946 22698 11238
9333 21314 9326 5368 21744 20920 2583 -1 21744 -1 7561 28443 12239 7456 9320 5368 -1 -1 12007 -1 -1 29267 26286 22462 8211 -1 18662 27194 27194 -1 4849 -1 5649 7021 18941 20902 23825 7021 27465 26330 -1 -1 9320 28467 -1 13865 14649 14649 30434 29267
3039 -1 22462 30854 29762 27465 22134 18941 28278 9845 11238 5370 30063 -1 3460 28278 18662 5581 2583 -1 12872 6435 -1 13167 26723 12239 8897 24920 3265 -1 11369 27721 12007 13968 28443 28278 6546 8897 -1 11946 20902 -1 22134 9326 8897 5649 10534 28443 6435 3618
5649 12872 14649 29865 27194 8353 3870 -1 -1 9845 -1 9615 14991 7561 7456 -1 27194 -1 6546 28278 -1 2583 -1 -1 26723 -1 20920 7354 3870 12872 3039 925 5368 23825 9248 2583 10846 11369 3039 27465 11946 21914 -1 -1 9320 -1 3265 9333 7021 -1
14991 22134 31105 2243 28467 30854 10846 27194 -1 18662 13167 -1 3460 -1 11369 26426 21780 -1 3039 9615 21914 -1 16557 2243 12872 29762 2243 12872 28360 21512 -1 6435 25969 3460 -1 -1 30434 20902 7624 30434 29865 9326 25987 12872 9333 12007 13865 29762 22698 26286
9248 13968 -1 925 18941 26752 3265 12007 13167 12239 23910 -1 20920 25969 20902 32150 6904 26723 -1 9326 29076 27194 7624 20920 28467 23802 -1 7456 21534 26330 -1 29267 -1 26426 25987 -1 15198 8353 26723 9333 28443 -1 13167 11369 15198 12872 -1 15718 12239 -1
27721 3265 4849 22698 -1 27721 -1 28360 27194 15718 20902 13968 3618 -1 11369 -1 -1 -1 -1 -1 31105 9326 21744 28467 16544 9326 -1 -1 3039 18038 10846 18038 10255 5370 21534 12007 13817 8353 30854 -1 13167 22698 13167 25969 7354 -1 5370 25969 -1 14991
14649 5581 -1 26426 1121 21780 -1 24920 8211 -1 10255 30854 26286 9248 1121 5581 25969 7069 20920 12872 -1 29120 12007 5581 13167 18662 612 32150 14649 3265 5649 7561 26752 26821 14649 612 -1 925 13817 1121 20902 21512 -1 25103 18941 27465 26330 28278 7624 22462
6546 25103 12872 -1 3460 23802 16557 -1 26426 3039 28278 -1 8353 21744 -1 5370 21679 -1 13968 -1 20902 -1 3460 32150 6904 -1 12007 2583 11369 31105 2583 -1 -1 -1 15198 2583 2583 24920 23910 27194 26821 8353 26330 -1 3460 -1 3870 -1 28467 32150
28278 7354 -1 10255 26821 9326 5370 13865 28278 29762 14991 8897 -1 30063 9326 2583 3460 27194 -1 9320 13817 9333 -1 925 26286 6435 -1 -1 26723 14991 19761 21914 23910 28467 13968 4849 21744 -1 -1 25103 -1 2243 26723 27465 9248 -1 -1 3265 13167 16557
5368 16557 11946 9845 27465 13817 21780 26286 -1 15718 -1 10534 -1 8211 5368 -1 16557 21534 20920 16544 -1 -1 20920 19761 19761 -1 612 24920 9326 12007 -1 23802 -1 29120 18968 21868 31105 12239 8353 22462 -1 13817 18941 22462 9845 21512 7561 20920 9248 3618
11946 11369 26723 -1 11369 -1 -1 -1 29076 30434 -1 15198 9845 -1 9248 9248 11946 5581 18662 7561 2583 27465 5649 23825 22698 3265 9333 21314 30434 9326 5581 13865 21679 20902 2243 15718 7624 25103 13968 9333 9845 23825 25969 18941 9845 26723 21534 12239 19761 3618
-1 12007 31105 29865 -1 30063 27721 29267 925 27465 23910 31105 22134 7069 3870 -1 18662 21868 -1 7354 23802 19761 26723 8353 5581 21534 14991 -1 10846 10534 2243 -1 22698 8211 26821 -1 -1 4849 -1 9320 7354 21512 6904 9248 3460 -1 12007 15718 -1 27721
7069 21914 -1 -1 5581 16544 31105 -1 18662 10846 -1 3460 30434 -1 30434 18968 19761 18941 -1 29865 18662 -1 -1 3039 19761 3039 9248 26752 5368 -1 16544 16544 -1 27194 14991 12872 6904 -1 8353 -1 16557 15718 21679 3265 -1 30063 6904 27721 26286 10255
26426 11946 27194 11946 9248 26330 15718 14649 3460 -1 9845 26330 -1 -1 21914 9248 28360 22698 -1 29762 -1 29120 26723 1121 7069 8897 4849 19761 10846 26723 2243 -1 31105 -1 29076 -1 -1 23825 25987 2243 -1 -1 -1 -1 -1 -1 6904 -1 29120 28467
23802 23802 23802 -1 -1 -1 31105 -1 -1 28443 -1 28360 -1 -1 21534 7456 9845 -1 21679 28360 21314 2243 -1 5368 19761 9320 3618 21679 13167 4849 26723 -1 7456 11238 15718 20902 9615 8353 10255 21314 18662 -1 22134 15198 21512 18038 9615 10846 10255 21314
27465 18038 -1 7561 10255 7561 7021 27194 26723 29762 7456 -1 -1 -1 -1 11238 13167 2243 21744 21314 25987 8211 32150 26752 26752 29865 27194 -1 24920 9333 11369 32150 26426 11238 18038 8353 -1 27194 25103 -1 30063 21534 13865 -1 -1 612 9845 28278 29865 -1
18941 -1 9248 5649 -1 4849 2243 29267 9333 26286 9326 29267 21512 31105 20920 18968 9320 13167 -1 23825 -1 23910 -1 16544 29762 16557 29762 -1 -1 27194 3618 25969 7456 9333 22462 25103 -1 5368 -1 27465 29120 22698 27721 28360 5649 27465 29267 27721 5581 612
25103 18038 21512 9326 21914 925 21868 6904 30854 18941 21679 21314 -1 28467 -1 6546 -1 18662 5368 28360 18968 24920 10255 -1 18662 5581 30854 -1 5370 14649 6546 9320 -1 11238 3265 12872 28443 28360 11238 29267 21314 23910 -1 21914 -1 9845 -1 13167 11369 21914
29762 23825 15718 -1 29762 8353 5370 26330 -1 1121 10846 24920 9320 9248 -1 -1 19761 7456 7354 29762 -1 14649 -1 29865 2243 3870 -1 25103 -1 7456 21679 7069 16557 21512 14649 -1 13865 -1 21780 28360 1121 2243 -1 13817 -1 13968 9248 3039 612 -1
10534 13865 18941 28278 4849 26330 8211 -1 18662 21868 14649 12872 13817 7561 8353 20902 8353 3039 28278 -1 13865 22134 19761 9615 3265 -1 -1 3265 9248 -1 12239 -1 11946 29865 18038 26821 29762 26723 9320 -1 10534 11946 612 925 3039 32150 13865 21314 -1 21679
27465 7069 12872 -1 13865 30434 29076 -1 22134 18941 -1 -1 18968 3460 21780 28278 21679 7561 28360 30063 26821 11369 10255 10534 12872 13865 -1 12007 14649 9615 -1 13167 18941 25969 3870 5370 -1 -1 26286 15198 -1 18038 29076 13817 26426 9615 -1 12007 21744 29120
23825 21534 12872 6904 -1 12239 28278 5368 16544 925 28443 12872 29076 7069 -1 27465 30434 25987 -1 3039 21868 16544 6435 -1 20920 -1 13167 20902 24920 13865 -1 11238 30063 13968 -1 22698 30434 30063 9845 28443 21914 25103 18038 18968 23825 25987 26330 -1 21314 29267
27465 23910 3870 -1 28278 21868 7354 3460 -1 16557 26821 15198 13865 -1 7561 30434 28360 32150 26821 20902 3460 -1 12239 -1 21744 28278 11946 13865 -1 18662 28467 16557 -1 -1 7069 15718 18038 12239 -1 18662 7561 18662 30854 -1 26426 7456 8211 -1 -1 12239
-1 11238 -1 6546 28278 3870 28443 20902 20902 -1 3460 925 -1 25103 8353 -1 3265 9326 8897 16557 16544 -1 18038 6546 29865 -1 9326 -1 27721 12007 29076 9333 13968 18662 -1 7456 29120 28467 1121 21679 25969 18968 -1 21868 25969 29076 -1 -1 30434 14991
9326 -1 21744 22698 5370 -1 27465 9320 22462 7069 26752 11946 9615 5368 -1 7021 28467 -1 26821 10534 12872 26426 20902 5649 22134 8353 -1 22698 9333 8897 20902 26330 -1 -1 30434 9845 13817 -1 -1 2243 18038 23802 18662 -1 -1 -1 15718 21314 -1 6904
9615 5370 22698 29076 11238 18662 9326 -1 9320 14991 25969 21914 -1 15718 9326 20920 29076 30434 8353 -1 21512 -1 23802 7456 25987 5368 26821 7021 23910 -1 20902 -1 -1 -1 7069 -1 4849 26752 26821 21679 1121 8353 16544 29120 8897 28467 6904 26426 13167 20902
5370 7624 15198 26821 -1 3870 11369 31105 -1 23910 6904 11369 6435 9333 11946 -1 28360 26286 5649 -1 -1 14649 -1 31105 30063 11238 -1 8211 28278 31105 -1 10255 12872 26723 28360 -1 21314 -1 21744 612 3265 28467 23802 26821 3618 8211 10255 9248 -1 7456
-1 -1 2583 28278 3265 21679 29865 13167 2583 -1 -1 20920 29762 -1 15198 -1 -1 14991 22134 -1 15718 925 13968 3618 26426 3618 21868 26752 16544 10534 1121 -1 -1 23910 26426 21679 -1 25987 20920 30434 19761 12872 3265 5368 25103 18038 9333 15198 -1 5370
26752 16557 7561 29762 30063 925 21868 12239 -1 9320 -1 11946 8353 18968 19761 27194 -1 18662 -1 5581 10534 9326 9248 28360 -1 -1 9326 9248 -1 28443 8211 12007 -1 16544 -1 12872 14991 -1 11238 3460 23802 12239 25103 12872 25987 8353 -1 -1 -1 -1
8353 -1 7354 22462 24920 -1 2243 9326 3039 -1 925 21534 10534 11946 29267 26426 7354 -1 14991 9320 3039 18038 3870 2583 21780 8211 9615 27721 12239 25987 28467 8211 13865 4849 26723 -1 7069 18662 18038 27721 6435 3460 21534 7069 12239 612 25969 -1 -1 6435
-1 6546 3870 -1 -1 -1 925 31105 25969 21314 14991 -1 18941 14649 9320 16544 28443 5581 29865 13865 23910 29267 9333 9326 6904 19761 29865 26821 29762 2583 21679 -1 30434 3039 7624 28278 21780 23825 9615 30854 8897 25969 -1 26426 12007 25987 24920 21744 3265 3618
30434 27721 3618 29267 28360 21744 -1 13865 -1 30063 4849 5581 25987 7624 -1 9845 26330 29762 18968 12007 26426 11946 7624 -1 26330 11369 11238 29120 21868 26286 28360 -1 -1 18941 18941 -1 2243 5581 29762 3870 24920 4849 27465 -1 -1 10534 8353 -1 -1 28443
21914 30434 18662 -1 18662 -1 5370 6435 8897 23802 2583 -1 22134 21868 22462 25987 925 -1 28360 8211 21780 26752 28443 9326 26821 20920 925 15198 28443 7021 7021 29865 3618 21914 -1 -1 21512 -1 21780 13817 8211 15198 18662 -1 29762 14991 29120 23910 28443 26821
925 21914 16557 9845 9845 10846 4849 21868 20902 -1 16544 -1 -1 9845 -1 25103 21914 8353 2243 -1 9248 3460 20920 5368 -1 -1 -1 1121 -1 26752 -1 612 27194 -1 21512 3265 25103 25987 9615 11946 26723 13865 4849 7456 -1 13865 15718 -1 -1 9320
3039 9248 -1 28278 32150 18662 5370 -1 29267 -1 -1 8353 12239 7069 10534 -1 -1 6435 -1 28467 -1 -1 7021 24920 29762 28278 28443 -1 26723 9615 9248 25987 22134 -1 20902 -1 22698 11238 -1 26723 3039 9326 21868 21314 21512 -1 925 6546 26752 13968
29 4
