50 50
30832 13662 14912 18326 16765 5515 11669 8631 19812 16765 26842 12287 12700 25197 25550 22330 19116 2291 1807 25197 9170 18326 931 3753 10621 3376 28664 31301 16765 25778 11669 3144 23014 12287 30151 18369 19812 1517 28664 24907 10599 22220 29117 23301 25778 6470 6448 3941 22349 10833
31301 6916 10304 3728 4331 19812 12287 15531 29117 5501 28304 31840 3941 10304 4331 12287 9170 25764 13474 26842 23014 3328 21250 14551 29858 31683 23014 29225 28664 25764 6448 26842 19252 12287 19395 1807 18145 31301 11306 12700 3373 28181 29959 11306 6916 30151 31301 10599 23301 21250
25197 84 29959 13812 12664 29858 25278 3328 10352 11475 3328 29959 19116 16350 5660 13474 25197 28664 19116 3376 11306 4998 19395 29196 13474 931 29117 3753 23014 9170 31642 22349 19116 13474 1807 31840 31301 6917 3144 3788 21637 24856 25550 29196 12287 25778 19812 10621 84 16350
5501 14952 16765 1793 29196 24907 17311 6448 16765 23014 1807 5501 6917 12664 3376 29858 19812 21560 21250 5660 25764 19395 25278 25778 29117 19812 23394 11306 4177 13812 22330 2121 29196 24907 31301 17311 31840 10352 31683 21560 23014 19116 29959 2121 24856 2121 3728 29225 931 11475
6917 12287 4177 5660 27172 22220 8631 21250 3728 2121 9123 19252 19395 29225 18145 14912 3941 3144 21560 25550 11306 10304 10621 13662 21250 8631 11475 19252 29858 15531 14090 5660 6917 10621 18326 21637 29858 10599 13878 24856 31301 21637 12664 9538 22349 29117 21250 6108 19116 28181
3753 3328 16350 14912 10833 18369 24907 6917 10833 10621 11071 3753 1517 16765 23394 29858 13812 4331 10621 11669 11669 11475 29117 28304 29959 14952 28304 8631 23520 19116 2121 3788 9538 21560 3728 27172 25197 3144 9931 28181 9538 29858 9170 3144 10599 6448 9123 29196 18145 9538
4998 16765 23394 28664 12664 6470 10621 11071 6917 11669 31301 13474 19395 9123 9931 9123 23027 6916 19252 11669 14090 15666 29959 13662 25778 5660 8631 3144 19116 23027 19395 23394 22330 11475 25764 6917 12700 3373 3941 2291 13878 15666 28304 3728 15404 9123 29117 19252 25764 5501
16350 31840 23394 16350 25197 23301 3753 15531 3373 22349 22220 24856 21637 26842 24907 31683 84 9123 23301 19116 23520 6108 23394 23520 29858 4331 9123 26842 9931 4177 13662 6917 8631 10599 12664 3376 13878 23027 5660 3373 931 29196 5660 931 31642 23394 14551 14912 931 5501
14912 6470 22877 31301 28664 3373 23520 25550 23301 11475 21637 15531 3753 21250 6108 21250 24907 9538 19252 19395 4177 22877 11071 4177 25278 22330 17311 22877 11475 25197 18326 25778 1793 30151 23394 9123 25764 31642 16350 9931 25197 25764 9123 18369 22330 14912 5660 22349 3753 18326
19252 19116 13474 13812 31683 25778 6917 15531 13878 2291 19252 28304 6448 3728 13737 4331 31840 29858 10621 31642 2121 84 11669 29117 6916 13878 11669 11071 12287 3376 1517 22330 2291 13474 13812 10352 21250 9123 28304 25197 5660 84 11071 22349 10304 21250 28664 21250 12664 11306
4331 18145 21560 29117 22220 12700 13737 11669 19812 14551 4998 19116 28181 14090 25550 13878 31642 24856 18326 12287 9123 14551 3373 23394 23027 10599 11475 9170 28181 10621 30832 9170 16765 931 21560 29196 6448 10833 6108 16765 24856 3788 10833 25278 21560 28304 2121 3376 3941 28664
27172 29225 25778 10304 3941 3788 84 3753 10621 19252 3941 18326 5501 3376 5660 5501 28304 29959 23301 12700 6448 13662 11071 18369 22877 10833 19252 25197 22220 11071 21560 5501 25278 8631 9170 31683 13737 18145 15404 21637 9170 29196 18326 28664 10621 5660 18326 16350 84 2121
6917 9123 6470 4998 25778 18145 3728 29858 29117 14912 13812 1807 21637 6470 24907 13737 19812 16350 15404 1517 6108 13474 6448 4998 19116 84 18369 29196 11071 2121 25764 22330 25197 2291 24856 1807 16765 27172 17311 25550 16765 14952 17311 11475 29117 9170 23394 17311 9123 15404
26842 17311 25778 31683 16765 22877 10621 19395 8631 18326 23520 9538 10304 6916 15404 8631 30151 84 2121 5660 21560 3144 31840 15404 13474 17311 10833 14551 5660 29959 2291 25778 26842 18145 19395 24907 17311 25764 22330 22330 3144 6470 25278 13662 6470 10304 25778 9538 14090 29858
23301 12287 28664 13662 18145 3373 3328 6448 31301 22330 9170 11071 6917 5515 30832 10599 25550 3328 29959 10833 19812 13878 21560 18326 3144 11475 22877 3328 23394 25550 25550 29196 3328 17311 84 31301 15666 6916 31301 931 31683 6448 25778 23394 1793 1517 23027 1807 19812 9931
19116 16350 1517 22220 11669 30151 28181 9538 10621 9123 16350 18326 23394 29959 12664 31840 9170 16350 21560 6448 16350 29858 13737 31642 1807 14912 5660 12700 27172 22349 24907 8631 11071 1807 10599 3328 11306 19116 5515 931 29858 29225 17311 14952 9123 14912 25278 15404 12700 3788
13878 13878 23014 16765 13737 3144 17311 14090 13662 12287 5501 25278 14090 14952 29959 28181 6917 4331 12700 15404 6916 4998 21250 3753 5660 14952 10599 10304 26842 27172 3728 3328 4331 14090 16350 21250 23394 3753 11071 29196 19116 28664 3328 13662 10304 3328 29959 1793 19395 23394
3144 6470 14551 12700 13737 18369 6470 22220 19395 931 14090 6916 19116 29959 23027 23027 4177 6916 29959 14090 12287 21250 27172 12287 13474 6470 16350 5501 5501 29196 19116 23014 84 22349 18326 3373 12664 23301 14090 25197 24907 25764 15666 25778 14090 18369 4177 8631 6917 18369
6448 6108 10304 9931 23301 2291 15531 12287 10304 21560 24856 4177 11475 10304 21560 4998 14912 22330 31642 22349 14090 16350 23027 9123 29959 25764 19116 4177 2291 1517 18145 2121 29858 1517 28664 15531 10599 16350 19395 24856 31683 3144 18326 28304 11071 9170 18145 29117 25197 1517
6916 6917 10304 11475 3728 13812 9170 3753 2121 31683 17311 10621 15531 24907 23014 15531 6917 22220 2121 3373 31642 27172 6917 31840 10304 17311 11071 29858 14952 30832 10599 4177 5660 28664 26842 18145 4331 8631 19812 84 9123 13878 6108 14551 18145 2291 10833 21250 28664 23520
19812 29117 29117 31683 3144 3376 931 16350 9170 14551 4177 10599 6917 31683 5660 2291 3373 24856 13662 26842 11306 13662 16765 8631 30151 13474 6916 9538 11306 11306 13812 9123 22877 11306 18369 26842 3788 23301 4331 29117 84 6917 23520 10304 1807 18326 26842 2291 29117 14090
16350 30151 18369 5501 25197 22877 23027 13878 29858 16350 29225 9123 15404 1517 19116 25764 15531 21560 6470 4998 23520 3373 3144 29959 15404 10621 22877 1807 22349 24907 6470 6448 13474 29117 931 2291 11306 15666 931 4331 28304 3376 15531 13878 22330 21250 23027 31642 17311 21250
3728 30832 13878 13878 9170 23520 22349 84 11306 3373 13662 19252 13878 28304 10304 9931 8631 16765 22877 28664 84 8631 31840 21637 21250 2121 17311 10599 27172 3376 14551 18369 12287 13474 10599 10304 14551 12287 6917 1807 11475 29858 15531 4177 2291 28664 31840 25197 23301 1807
3328 3328 13662 10304 10352 14551 25550 1807 25778 27172 931 19812 15531 29225 21250 6108 13812 30832 13812 13737 24907 1793 22877 3376 4331 13662 31301 11669 22349 6108 22877 21637 23394 9931 11475 11475 1807 29225 28664 1517 16350 3728 29858 23394 18326 3376 26842 10833 13812 10621
24907 23520 3753 31683 31683 24856 16765 24856 1807 25550 18326 29858 6917 4331 26842 28181 12664 23014 6108 1517 84 29858 22220 2291 9538 16765 3728 11071 15404 24856 30151 31683 31642 19116 19252 2291 18369 21637 14952 1517 4998 3144 28181 29117 11071 5501 22877 6470 13737 22349
14551 2121 29196 31642 18369 5515 16765 25778 23394 9931 12664 21637 22220 18326 21637 6470 3941 84 19395 931 15666 8631 3728 16350 21250 16765 31683 31642 6108 15666 1807 25764 22220 28664 6108 11071 26842 3941 16350 11475 84 15404 18145 9538 11475 14952 23301 16765 18369 24856
9170 22877 31642 3144 21250 21560 84 2291 21560 25197 22330 22877 3373 25764 28304 14912 22877 3728 21637 14090 29196 4331 24856 28181 10599 2121 31642 19252 30832 11475 23014 16765 31840 29858 1807 6916 2291 29959 14090 21250 31642 3753 11071 31642 4177 6108 19116 3373 14090 11306
5660 13662 6917 10304 27172 13812 25197 6916 19395 29858 14090 3328 24856 4177 24856 11071 10599 31642 9538 5515 6916 29196 6470 15404 84 12287 19812 29196 12664 12287 13812 84 31642 23014 14912 9931 6470 28304 29959 6108 15531 22330 29959 29117 1807 10304 5660 4331 21250 22330
2121 10304 12700 13662 5501 28181 3753 14090 24907 3328 19252 13474 5501 13662 31840 12287 23027 23027 6916 4331 1807 24907 24907 5501 3753 24907 16350 19395 4177 3373 25550 10352 10304 16765 21637 14090 25550 28664 13662 18145 21637 2291 27172 9931 15531 25197 19116 10833 1793 26842
1793 5660 5515 22330 25764 3328 22220 3144 23520 13737 21250 25778 15404 23394 30832 4177 5515 21250 25764 84 18326 18145 4998 24856 13878 6917 15531 14551 6917 9931 24907 3941 3753 18369 23520 10833 1793 23520 4998 25778 22877 31683 21637 23014 2291 23014 9170 11306 6448 24907
27172 22877 19116 23301 19812 23027 13878 4331 6108 10621 12287 18145 29959 11306 931 15531 5660 14090 31683 19252 10599 931 28664 31683 31642 9931 25778 25764 25778 23014 6916 6916 84 10833 8631 28304 10352 26842 3144 24856 4998 29117 28304 10621 3941 10352 4177 14912 31301 13662
3728 4331 5501 3753 8631 10621 22330 13474 13474 21560 31840 3373 19252 29196 27172 25764 4331 19812 23027 22349 31840 84 22330 5515 5501 17311 10352 13878 1807 6108 10833 12700 22877 3144 19252 11669 3376 23394 9538 22349 14090 18145 21560 11071 28304 11306 26842 19812 1517 14090
19116 11475 3373 2121 19252 16350 23027 5515 6108 25764 3328 28664 8631 26842 22349 29858 22220 21250 12700 16350 18326 16350 13474 1517 6470 4998 14952 9538 3728 1807 26842 30832 6917 4331 31301 21250 9123 22220 14912 2121 6916 17311 3373 18326 3328 2121 26842 11071 11306 14952
3728 14090 21250 11475 13812 19116 6448 24856 31642 9170 22220 31301 9170 18145 29959 13737 13662 22220 27172 17311 25764 10621 21250 14952 5501 24856 3328 15666 31683 12287 4998 19116 6917 23301 22877 3753 10304 29117 8631 9931 12700 9123 13474 12287 22330 931 5515 12664 6470 3144
84 4331 31301 19116 25764 15404 26842 23394 2291 6916 6470 6917 10352 25278 30151 6917 1793 22349 3788 23014 2291 24856 31840 10352 11669 4177 31840 19812 13474 9538 15404 21637 4998 19395 29117 15531 14090 10304 19395 29858 23301 6108 19252 21250 28304 12664 13737 14090 25278 19252
10352 1807 28664 22349 23027 10599 30151 30151 16765 3144 5515 22220 13662 19252 14952 25778 22330 10621 15666 9170 16765 6916 22330 13812 31301 15531 2291 23394 2121 29117 2291 5660 15531 11475 18326 23027 5660 25197 6108 18369 10352 1807 14952 25764 10621 10352 25278 15531 3941 14090
31642 27172 24856 23301 16765 13878 29117 13662 29117 31840 15404 19395 22220 84 26842 29858 15531 14912 25778 25550 31840 13878 23394 22877 28181 29858 28664 24907 6916 19116 19252 13662 29858 84 15404 5515 18326 16765 30832 25550 11669 31642 19116 6108 15666 25197 25550 3373 23027 31301
22349 18369 31301 84 30151 29959 11475 18326 19116 4998 10352 28181 15404 26842 3376 10304 4177 12664 11071 29117 19252 24907 9931 14090 25197 31840 3728 1793 19116 17311 13878 4998 6448 30151 9170 10599 15404 19116 18369 31642 10352 13474 18369 4331 16350 6916 24856 3788 22877 25764
27172 16765 14090 17311 13662 24907 15531 18326 6470 31301 2121 4177 1517 16765 21250 84 8631 25550 24907 26842 29858 4998 29225 13812 31642 3941 1517 12700 14952 24907 4177 9931 23014 13878 11071 21637 25778 31683 25197 18326 4331 3328 19812 31301 24856 23394 15404 18326 6108 21637
16765 25778 24907 29117 23520 15666 19116 21250 19252 12287 1517 22330 30151 1793 3144 1793 15666 84 19116 10621 21637 24907 15404 11306 11071 4331 18369 21637 28664 21637 8631 9170 13812 12287 29858 8631 23027 31683 22330 29117 25764 31683 3753 17311 3328 18369 23027 18369 3328 21637
1807 21560 13812 11669 6108 11669 16765 1793 23301 18145 13737 9123 12700 25278 3753 11475 13662 17311 23014 16765 23014 23027 15404 27172 6108 12664 11669 22877 31840 17311 19252 1793 19252 19252 14551 3328 22220 13878 1517 14952 17311 16350 19252 3144 5501 21560 10352 12700 22330 31840
18145 29225 2291 10621 25197 24907 14551 28664 6448 10352 14551 25550 11071 27172 10833 9538 6917 6108 3373 19812 25278 84 12664 13737 25550 22349 2121 22330 23027 8631 1807 18326 18145 28304 14952 12287 25764 1793 5515 9123 1807 31840 29225 6448 11071 31642 14090 24856 5501 11071
18145 31683 14912 22330 25778 28304 14551 28664 18326 22877 13878 18369 5501 24907 15531 9538 9123 30151 3328 25550 9170 15531 10352 12664 10599 9931 9538 1793 11669 31642 31683 10621 25778 6108 29117 22220 10621 13878 9538 10304 11669 24856 22220 13812 23027 29196 23301 9170 11475 11306
10833 18326 3373 31840 2291 21637 1807 9123 11669 28181 14952 3728 31301 9123 6917 6470 23394 8631 8631 31301 29196 3728 6916 19116 4998 14551 8631 10621 3144 1517 3373 3941 14912 25764 2121 22330 24907 6470 25764 18369 13474 28181 3376 27172 1517 19812 23520 31683 14912 14912
3728 30151 24856 16350 6108 13662 30832 23014 3373 25764 23394 15531 31840 25778 28181 17311 28181 13662 25764 11071 9170 3728 11669 11669 25778 3728 30832 19116 16765 13737 2121 2291 25778 28304 23394 3328 13812 23301 27172 3941 14090 16765 12664 19116 31840 10599 13662 23014 10304 18369
3373 21560 19812 13812 10352 19812 13878 14551 31301 28664 10304 1517 18369 24907 3728 3144 10599 25764 24856 19252 4177 6916 29225 14090 11475 30832 9123 25197 26842 21560 1517 5660 14090 23027 10833 9123 18145 23394 11306 3788 2291 15404 15666 11669 14952 11306 15666 30832 31840 23027
5501 13878 30832 30151 3728 22330 4998 4331 6470 16765 31301 10352 11306 6916 11306 26842 22349 6917 3376 2291 31301 28181 10599 3728 15404 29858 31642 31642 13474 21560 5515 28304 18369 14912 19395 15666 23027 29858 16350 84 14551 1793 30151 6916 6108 5515 10833 17311 17311 6916
15666 22349 25278 16350 15404 3941 3728 1793 6917 15404 31301 22220 10833 13812 25550 4998 15666 25778 23520 6448 14090 23027 84 29959 14912 24907 31683 3753 13878 10833 12700 13812 13878 10599 931 10599 13474 3144 15531 9931 1807 8631 17311 12664 29959 10833 1517 13878 23027 9170
13474 4331 23394 9123 23027 10621 19116 6917 8631 25197 1793 5501 8631 84 23027 21560 28664 18326 29117 14090 14551 4998 3728 3753 10352 26842 3328 17311 16765 11669 19395 9170 24856 30151 6108 26842 1517 3753 18369 21250 8631 10304 1517 6108 29858 1517 24856 1517 10833 23301
11669 10599 14912 23027 18326 13474 3328 3373 25550 4177 21250 4998 25197 3941 6448 1793 28181 3373 31301 21250 3941 84 31642 19116 16765 6470 29117 30832 5660 26842 3373 18145 9170 3728 23014 28304 14952 28181 15531 21560 13737 14551 13474 5501 11071 22349 14551 21637 12287 25778
23014 28304 4177 10599 11669 10833 9123 4177 22877 22877 29117 -1 6108 -1 21637 25764 8631 18369 -1 3788 -1 14952 16765 25764 14090 22349 6916 -1 4331 3788 13737 -1 29959 -1 -1 22330 9538 15666 3373 15531 30151 1517 -1 21637 11475 9931 13474 14952 31301 23394
-1 -1 29225 18326 10599 28181 3328 -1 12287 29196 3373 13474 -1 24856 -1 11306 -1 25197 24907 12287 23027 13662 13812 13878 5501 3941 30151 13662 -1 6470 3728 25197 15404 3373 24856 3144 4998 31642 21560 -1 6448 5660 11306 23014 -1 -1 -1 931 10621 -1
-1 9538 25778 -1 21560 -1 25550 28304 1517 13878 23301 3144 18326 12700 23301 10304 31683 29225 3728 25550 -1 -1 23520 22877 -1 -1 11669 6916 10352 -1 29196 24907 3753 6448 -1 -1 10304 -1 21250 12664 25550 13878 -1 9170 18145 5501 11669 29858 11475 -1
-1 -1 6108 10833 5660 -1 28181 9123 9931 6470 12287 3328 3328 25278 -1 31642 31301 3373 31642 5660 21637 21637 -1 22220 11071 25550 25550 8631 14090 12664 6448 25764 30151 23520 21560 25197 15666 28304 25550 23014 29959 29959 -1 -1 -1 14090 31301 9123 -1 17311
15531 21560 23520 3328 -1 4177 1807 -1 14912 3753 -1 18145 3328 -1 -1 10833 -1 -1 21250 24907 4998 28664 84 10621 13474 17311 29959 10833 15666 1807 31683 -1 -1 4998 31840 -1 31683 22349 25550 -1 5515 10833 -1 31642 18326 -1 1517 28304 15531 9123
13662 9123 -1 84 13812 21560 29959 25778 -1 23301 1793 15404 -1 25278 -1 6448 23394 5501 12700 -1 12700 31642 10833 19252 15666 6108 6916 26842 23301 -1 25550 5515 29196 -1 -1 19116 10833 13812 14090 3144 13737 15404 18145 -1 10304 5660 22330 22877 24856 18326
10621 6108 17311 -1 -1 -1 25764 14551 10352 22330 9170 28304 22349 -1 -1 3376 23520 16765 9170 4998 10352 14912 27172 10352 11475 29959 2121 31301 2291 9931 -1 16765 22349 13737 18326 10599 25778 5515 10352 12287 11669 -1 12664 -1 25197 30832 13662 29196 23520 3788
14551 28304 -1 30151 31301 -1 13878 10621 10304 5660 12664 -1 22330 2291 31301 9170 -1 15531 21250 6448 23394 29117 13878 -1 19116 6108 22877 19812 -1 -1 23027 3144 9123 18369 -1 28181 25764 5501 18145 23014 19116 3144 -1 31301 6108 -1 18326 27172 10621 3144
3941 -1 29959 29225 11475 4998 28664 19812 931 -1 -1 -1 15666 1517 21637 1807 25197 -1 15531 11071 -1 16765 13662 22220 4331 18145 6470 -1 14952 -1 -1 23027 6917 29225 12700 1807 6448 11475 -1 -1 25278 31683 -1 6448 23301 -1 18369 3941 -1 -1
18326 19812 29117 10352 6470 6470 3373 -1 25278 15531 9538 25778 9538 9170 6108 29959 1807 5501 9538 -1 -1 -1 8631 30151 17311 22877 931 10621 10621 9123 6917 -1 28304 4331 19252 -1 25764 23301 25764 5501 5660 1793 23014 -1 26842 13474 27172 29959 28664 16350
6108 19116 29959 23394 -1 -1 21637 31840 13737 -1 84 5660 28304 3728 31642 16765 19252 -1 13474 6916 17311 23027 15666 -1 24907 29117 29225 -1 22220 31840 29858 28181 29117 25197 23027 3376 14912 3788 28181 -1 19812 21560 14090 -1 29117 25764 3753 -1 23520 31840
28664 3328 1517 22220 25278 4177 -1 12700 1807 11071 11306 11306 22349 24856 9123 23394 10621 10833 24856 23394 -1 13737 6917 10599 -1 19395 -1 -1 -1 -1 6917 25778 -1 12287 21560 -1 24856 3788 1807 31683 1517 -1 -1 16350 21250 29959 -1 31840 30832 -1
6470 25197 23301 -1 23520 12287 23394 -1 2291 25197 9170 19395 -1 -1 25764 12664 -1 1807 25550 22349 26842 21560 14090 23301 19116 -1 -1 2291 1807 14090 6917 6448 14912 25197 -1 3728 24907 4331 1517 1517 -1 29959 31683 6448 -1 21637 -1 18369 31642 23027
28181 -1 29858 23520 -1 25764 3328 6917 21560 -1 10621 25550 31642 16350 28181 21560 -1 3144 31840 14551 1807 -1 13812 -1 9170 30151 3376 19252 -1 14912 28181 -1 -1 10833 5660 4331 -1 14551 -1 10599 25278 25778 10833 19812 -1 22349 -1 13812 -1 -1
19395 -1 9123 28664 18369 10621 11475 23520 25764 31301 12664 29858 15404 -1 23014 6108 28304 -1 -1 -1 23520 16350 13662 -1 28664 25197 24856 15666 29959 -1 3728 1807 13878 29858 84 3328 25550 3328 14090 16765 1517 13737 -1 4998 29959 9170 -1 10599 -1 10352
3753 -1 2121 3728 27172 30151 22220 -1 3941 2291 931 25764 1807 -1 15404 6108 25550 13474 29225 29196 -1 -1 3328 12287 10599 27172 28664 1793 28181 -1 84 15666 2121 -1 10304 1517 3376 14551 22330 3728 -1 23301 -1 -1 -1 27172 22330 13474 6916 29117
10621 19252 29959 13474 29196 29196 3753 19812 22877 12664 4331 9123 13474 25197 -1 -1 -1 -1 -1 10833 24907 6448 11475 9931 2291 4177 13878 28664 -1 11669 11669 -1 29858 19252 -1 16765 9170 3941 -1 -1 -1 13737 23520 4998 19812 13812 -1 23301 21560 23014
10304 31301 10352 6916 25197 -1 1517 24907 10599 25278 11475 27172 14912 6916 1807 19395 22330 8631 84 4998 931 31301 -1 16350 3376 -1 -1 15404 -1 30151 14912 12664 16765 4331 9170 3376 12287 15404 16350 10621 -1 28181 19116 11306 10621 21250 22330 17311 8631 -1
3788 4998 -1 25764 14952 22877 6108 21250 15531 3373 31683 13812 84 -1 3328 15666 30832 9931 11475 23027 26842 -1 14090 29117 -1 -1 18145 8631 1793 25778 11669 18326 27172 18145 11071 -1 -1 26842 1807 13474 28181 14912 9170 4177 31301 21250 29117 3144 -1 29196
13474 18145 28664 -1 -1 3144 5501 -1 -1 -1 15531 25764 3788 19395 -1 28304 30832 24907 15666 -1 19395 28304 29959 14090 16350 30151 29196 27172 -1 9123 19812 1517 9123 -1 -1 23301 6448 -1 29858 -1 -1 13474 9931 31683 3373 -1 6448 3728 84 -1
28664 11669 10352 -1 9538 31301 30151 8631 9170 5515 -1 19812 2121 10621 25550 16350 25278 1807 13662 25778 15666 28304 2291 14952 6917 6917 -1 -1 12287 6916 28664 6448 25764 17311 3144 25778 18326 -1 10352 18145 -1 25197 10621 -1 21560 2121 29225 6108 -1 13878
-1 5501 24856 31840 19252 2291 9170 3788 31840 30832 24907 10833 4331 -1 -1 23301 -1 -1 -1 6108 9123 15666 -1 10352 -1 -1 12700 14090 17311 3788 29225 5660 14551 11669 15531 3788 931 22877 11669 11071 25278 31683 -1 -1 9170 -1 11475 -1 15531 5501
31301 23014 6448 29959 -1 -1 1793 -1 -1 10833 4998 10833 29858 3728 931 -1 -1 28181 14912 2121 9170 13662 25278 4177 22330 -1 11071 13662 5515 23027 -1 15666 29225 -1 -1 3728 22330 16350 931 25550 11669 6916 10352 29196 28664 23394 11475 -1 5501 3788
-1 3376 2121 5515 19812 3328 -1 -1 21250 5515 -1 4177 17311 23394 -1 27172 12700 21250 11071 -1 16765 5501 4177 16350 1807 11669 13474 15531 3376 -1 -1 14090 13474 11071 -1 23394 24856 29196 19116 13812 11306 31840 -1 -1 3728 19252 10621 19116 6916 19252
2121 11306 -1 15404 -1 21560 -1 4331 -1 9538 31683 22220 9931 5501 5660 18145 -1 23027 22330 30151 5501 5515 23394 31683 15531 30151 23394 3728 -1 19116 -1 -1 19812 23520 23014 -1 27172 9538 -1 -1 31840 25778 3788 6917 9931 12664 12664 29959 4177 29196
12700 9170 6917 9538 931 6108 -1 19252 23394 26842 4177 22877 -1 -1 -1 9538 3376 -1 23520 11475 -1 -1 6916 31301 3328 22330 6470 13737 13474 25197 19395 13878 11071 14912 -1 29117 22330 -1 -1 24856 19116 18369 29117 18145 3788 4998 10621 84 12700 6448
22220 -1 13662 23301 23301 28181 19252 28304 -1 -1 30151 22330 29858 18145 19252 84 28664 15531 -1 3788 29196 22349 1517 23394 10352 3376 11071 -1 25278 28664 22220 5660 29117 21637 24856 -1 15404 11475 13662 23301 -1 9170 11071 -1 22877 13474 23520 15531 11071 10833
1517 19116 13878 1807 6916 -1 -1 12287 12287 15666 22349 -1 -1 23027 28181 9538 8631 18369 31642 11475 18145 23301 16765 31840 3144 16350 -1 21250 19116 -1 11071 3788 -1 24856 25278 -1 11669 -1 18326 11071 21250 10833 6916 -1 -1 23394 23394 29225 11669 5501
27172 8631 23394 6916 31301 -1 16765 1793 10304 24907 30151 13662 3788 11475 6917 19116 18369 31840 -1 5515 -1 17311 24856 19812 22220 13474 21637 3373 16350 9931 -1 11071 12700 1793 3941 5660 -1 28664 3328 25778 -1 8631 3376 -1 6108 28664 28181 10352 25778 18145
1793 6108 29196 -1 -1 29196 29858 3728 23394 19252 22877 9170 18326 11071 1807 -1 -1 10304 23520 22220 28304 10304 22220 31642 -1 -1 30832 24856 -1 22220 9931 3328 25778 24856 6448 931 -1 3753 9170 3753 10833 23014 14912 15404 19812 17311 13737 12664 31642 14551
29117 5515 15666 29959 31683 -1 -1 1807 16765 31683 31840 11669 10833 931 931 -1 6108 13812 3941 17311 12700 14912 10621 29225 -1 6470 22877 23520 -1 -1 4331 -1 3373 24907 -1 23301 4331 5501 22877 6448 9931 23520 15666 8631 25764 29225 -1 27172 6916 -1
-1 -1 -1 19395 -1 28664 6448 15404 31683 29858 21637 -1 10621 9538 29959 5660 23520 21250 3328 6108 12700 5515 25764 -1 3788 -1 6916 -1 27172 1517 84 30151 14551 9170 16350 23394 23014 11306 12287 28181 31301 29225 19252 19252 22220 3788 10621 -1 12700 -1
6108 21250 19395 -1 1793 -1 -1 -1 3373 15666 18326 30832 14952 31840 -1 10352 10304 -1 -1 9538 1807 2291 30151 -1 14090 4331 13878 -1 23394 25778 -1 6108 19395 19812 -1 6108 -1 23520 3144 -1 11475 5501 28664 11306 19812 21637 8631 9123 30151 10599
3144 25764 4331 -1 29858 29117 -1 16765 84 15404 10352 28304 4177 -1 4331 3753 11669 10352 22220 29225 19252 16350 6470 -1 11475 23014 -1 24907 18369 6917 18145 14090 10352 24907 9170 1793 11071 22220 12287 17311 -1 18369 -1 31642 28664 11071 29117 23394 -1 23027
-1 3941 29225 15531 6108 -1 17311 15666 16350 -1 29196 1793 4177 27172 24856 21637 -1 -1 -1 3373 6470 6448 28304 19812 -1 -1 4177 22877 23027 12287 21560 -1 -1 13878 10599 -1 2291 11475 18369 -1 25764 -1 9123 4331 23520 17311 10621 29196 -1 21250
11071 31642 3328 -1 23014 -1 28304 31840 -1 25778 23014 19395 26842 16765 31642 25550 19395 3753 24856 2291 4998 31301 19812 29117 23014 13474 931 29117 3788 22349 16350 3728 25778 9538 -1 -1 17311 14090 29959 16350 -1 14912 -1 -1 13662 28664 84 29196 12664 16765
-1 29225 25278 21637 24856 10599 31301 11475 3373 10833 27172 -1 -1 -1 29117 -1 3373 31301 -1 -1 -1 14912 22349 18145 19116 -1 24856 31840 4331 25778 29858 10352 6470 -1 9123 29959 10833 18369 6917 11669 6470 26842 27172 27172 -1 26842 31642 13812 22220 13812
22877 -1 6470 15666 -1 31840 3753 3788 31840 -1 9170 17311 3788 16765 29959 18145 23301 -1 6108 23301 3728 19395 931 3788 19116 15666 14912 25764 -1 29225 2121 11475 18326 14551 -1 -1 22349 3728 -1 -1 13737 30151 24907 2121 23520 -1 -1 31683 6448 -1
2121 30151 30151 12287 31301 9170 -1 22330 2291 6108 6916 17311 14952 931 3753 18326 5501 22220 23301 27172 31301 -1 -1 -1 9538 14090 4331 -1 28664 23014 10352 22220 5501 15404 14912 14551 15666 3728 9538 12700 23014 12664 -1 3753 19116 18145 13662 6470 -1 13474
13812 16765 23014 -1 13474 3728 3144 -1 -1 8631 10833 28664 23520 3941 31840 11669 29196 14551 -1 30151 23027 6917 3376 13812 18326 -1 21250 22330 -1 11669 3144 24856 13662 3788 21250 18326 12700 28664 23520 -1 4177 30151 1517 29117 3753 10621 13878 9170 4998 13662
23520 31840 6470 30832 13737 15531 6108 -1 23014 -1 22330 -1 22877 5515 23301 25550 13474 3788 -1 9931 31301 25278 4177 21637 -1 10833 3728 -1 -1 -1 24856 -1 18369 18369 19395 31683 23394 14912 6916 23027 30151 17311 22877 13878 -1 30151 -1 1793 9170 11306
4177 29225 19395 -1 25764 12700 14952 -1 9170 31301 3941 21250 6108 28304 23027 29117 12700 -1 25278 19395 14952 23027 13474 30151 9123 18369 22220 -1 13662 15531 4177 12287 11071 12700 6470 18326 22220 9170 -1 24856 22349 23014 -1 23301 30832 1517 6470 2121 3941 -1
10833 11306 10833 11306 27172 25778 3144 27172 18326 28304 23520 -1 84 4177 9123 21637 27172 16765 4331 14551 10833 -1 3788 1807 13878 9170 14912 -1 15404 -1 1517 15404 11475 3328 4998 17311 6917 -1 9170 28181 16765 2121 19395 -1 10352 22349 11475 3376 22220 16350
9170 -1 25197 11071 11669 25778 25278 1793 15531 16350 13737 13737 18326 15666 -1 31642 22877 -1 -1 3728 10304 18145 5660 23027 5660 6108 5660 12287 3941 29959 -1 31840 16350 14551 23301 931 84 11669 21637 29959 29117 -1 29858 13662 31642 1517 26842 11071 -1 -1
4177 -1 9931 19252 12664 5515 19812 26842 6108 5501 13737 25550 4331 1807 28181 19252 -1 11669 -1 5660 12664 27172 1807 -1 6108 -1 11306 14551 25278 5501 17311 25197 -1 3373 22220 12664 14551 14551 16765 13878 13737 13737 29959 23520 28304 13662 4998 24907 9931 26842
15531 29117 3144 6916 24907 10304 6448 3144 9123 3941 13812 3728 18145 11071 -1 14912 8631 1793 8631 19395 17311 5515 25278 28304 4331 -1 23394 18369 13662 84 23027 -1 29858 -1 9931 5501 5660 3941 11306 -1 13878 -1 17311 -1 19812 25197 14912 -1 19116 10621
25550 11669 14952 11071 9170 2121 5660 6916 14551 -1 3941 6108 25550 13662 23014 29196 9170 2121 3373 29196 24907 18326 14952 -1 2291 28181 -1 11071 25550 19812 24907 14551 19395 23027 12287 22220 31642 -1 15531 -1 10833 21560 28664 18369 25778 24856 29858 15404 11071 -1
23520 16350 -1 15666 21637 23520 13878 21637 2291 26842 -1 25197 22349 -1 -1 3144 29117 8631 30151 29117 23394 9538 10621 4331 4331 29858 29225 15531 6917 29225 21250 17311 11475 1793 28181 23520 25764 29225 25550 31683 28304 4177 25550 -1 13474 2291 3941 22330 -1 28304
27172 15531 3376 19395 10304 25550 4998 6108 11306 28181 28304 10833 15666 931 6470 25764 31301 17311 3728 -1 84 29959 3788 9931 21250 22877 29117 12664 28304 2291 6108 29959 -1 3753 21560 4331 21250 3376 1807 6916 10352 13812 6917 3376 -1 19252 -1 14952 24907 29959
15666 -1 19812 3373 5660 3728 -1 5660 -1 23027 12700 13812 84 -1 6916 9538 11306 6917 5660 31683 2291 22220 6470 11306 19252 16350 31301 10352 18145 11071 21250 25764 4177 28181 31840 10621 -1 -1 13662 14912 10352 21560 3373 23301 29959 -1 14952 22220 18369 11306
50 24
