50 50
5538 0 9815 3728 9232 19720 14983 15636 32266 27882 19972 15732 29301 13233 29301 15495 7655 14202 3444 6471 494 18769 5538 5538 26883 11584 31433 14005 29351 19972 20284 29135 5538 3963 24717 776 11556 11556 24784 2575 16151 7813 32266 25620 11199 15636 12956 494 6562 9978
20531 32266 24922 4884 6547 29453 776 9232 18163 24784 11199 29374 29453 15732 19463 2575 17857 16151 3444 22090 17857 11173 3444 776 11584 22344 29374 6547 19972 20209 1982 25824 12144 10638 30586 13233 16151 20284 3728 6562 24717 12144 3127 29374 5538 3444 20209 12654 19350 5215
15775 3127 10276 25371 29374 23471 6471 3223 7655 776 4884 16090 10638 22604 16090 9232 14005 4961 25371 4854 22090 967 6562 18769 17698 19350 11545 15495 20030 11173 29351 25620 3127 20284 6562 27882 9232 25824 16090 16151 12144 12902 13837 16090 6547 29374 8684 14202 23471 30586
10058 7557 20030 6471 31433 19720 4854 15636 19972 15636 10387 30586 4961 25371 14005 494 13233 4854 10276 4961 0 3127 5215 16090 494 3444 20531 20531 0 25620 17857 0 494 29135 30586 32266 11173 11199 29572 24717 6562 29135 15636 13233 6756 13233 24717 11556 15732 13837
22090 15636 9232 29053 29351 15495 14983 8684 22090 12654 17698 20209 0 26843 24922 17698 20030 15636 25148 4961 14983 29572 24784 19350 18163 9232 167 9900 13233 17857 17698 13233 776 23471 29351 32612 22604 12908 5538 10667 13837 7557 494 10638 3127 9815 17857 5215 11199 16151
29374 20531 776 19720 30586 1982 9815 4048 29135 27882 10058 12654 16090 0 25148 13233 9900 24717 29572 25620 5538 31433 15636 4854 29374 18769 12902 1252 10058 18769 14202 3963 9978 25824 7813 26843 120 25824 19463 32612 11556 25148 7655 25824 25620 23471 9232 25371 22090 30586
12956 22675 10638 120 1982 10667 22090 9978 11584 3444 10387 32266 6547 20284 10638 17698 5215 4961 12654 10387 9982 30586 14005 22604 17753 4048 6547 11545 11199 12908 15775 20284 167 18163 25620 20531 4961 13233 24784 29374 16123 25371 3728 12908 20209 27882 26843 22675 10638 22090
24717 27882 22090 3223 19350 18769 120 15775 12902 15732 12956 17857 15636 23471 15495 12144 967 12908 25824 7557 8684 29572 31433 3963 24717 29135 5538 22090 29453 22344 17698 13837 4854 29572 4961 3127 11545 10058 31433 19350 20030 11556 7557 15495 25620 25148 15636 17698 4048 10058
9900 15495 22604 5215 16123 7557 4961 11545 4854 23471 19972 967 12908 11923 14983 9982 11173 14005 13837 2575 25620 11584 4854 30586 11556 17753 11173 967 18769 19350 20209 20030 27882 167 6756 4961 7655 29301 29301 19350 6547 26883 32612 12902 11545 8684 13837 1252 8684 19463
20531 15775 7557 3728 29374 6471 7813 26843 15636 9900 3444 31433 4854 7813 17698 12654 4961 15775 29453 29351 9982 20030 13233 7655 23471 26843 1982 11556 16090 26883 17753 27882 6562 10387 6756 29053 3223 26883 26843 25824 26843 20030 31433 19350 19720 24922 25148 11199 9232 7813
29301 15636 7655 24717 19720 18769 4884 26883 2575 30586 23471 22344 27882 12908 17698 22604 11173 19972 11584 10638 22604 776 25148 776 20030 15732 17857 6562 6547 10667 19463 24717 1252 20209 6562 17753 10387 26883 12902 9978 25371 29053 20531 20284 6562 4048 9982 22604 12908 10638
22090 29374 6756 12956 4961 29374 14005 11584 22344 3127 4854 5215 27882 4048 12956 27882 14202 17753 3963 14005 13233 25824 15775 9232 12654 30586 32266 11584 12908 10058 4884 22090 10276 0 25824 29301 26843 22090 11556 2575 6562 7557 13837 16090 7655 6471 14983 27882 3444 16090
20209 10638 14005 11199 29572 31433 9978 7557 29572 8684 4961 10638 11556 11545 3444 3728 24784 14202 22344 19463 3963 1982 4884 29301 9978 8684 10667 12902 9978 3444 26843 31433 32266 29572 22090 4048 29135 10638 17857 9978 11556 6547 18163 14005 17753 4961 11199 12902 29453 19720
9232 4884 14202 4884 4884 22344 20030 15775 15732 22675 19350 22604 10387 11923 10638 26883 2575 10058 25620 8684 19463 25620 24717 20284 25620 11173 9900 1252 3963 14005 6547 10387 12144 12144 5215 24717 16090 11923 25620 29453 19972 18769 25824 18163 11923 120 29301 8684 25148 494
8684 2575 23471 15636 29374 24784 9982 19463 14983 13837 12144 25371 10058 32612 1252 12908 3728 16090 8684 26843 26883 22344 5538 22675 27882 6756 6562 10638 24717 15495 29053 23471 167 494 3127 15732 32612 11584 23471 16123 29301 29572 8684 10387 7655 9978 25371 7655 29453 5538
6471 19972 25824 967 32266 11923 4048 0 12956 10276 23471 2575 10387 20209 25148 11199 6562 0 7557 25371 29053 6756 12908 15732 24784 11923 25148 10387 22604 11584 24717 10387 5215 22090 11923 22090 32612 14983 15495 29053 24784 7557 9900 20209 14005 29053 3127 11173 12144 27882
22090 17753 25824 11584 5215 14005 4884 20209 25371 25620 12144 22090 20531 494 20284 25620 27882 23471 2575 18163 3127 18163 15775 19350 6471 29301 29572 11173 26883 12908 8684 29135 18769 15636 12902 10638 29453 20284 19350 29572 15775 9232 10058 19350 13233 19350 31433 3963 24922 17698
19720 9815 17698 10387 27882 20284 11199 4854 9815 20030 18769 16123 30586 20209 5215 9815 16123 17753 14005 9982 25148 3127 30586 11923 120 14202 20030 776 11545 9232 7557 11173 25620 0 15732 11545 17698 18163 29572 15775 9978 29453 5538 16123 3127 6562 19350 29135 22604 9232
12144 12144 25620 6471 9900 167 3127 22604 10276 29351 29053 29351 31433 19463 19350 25371 11199 120 6562 15775 16090 25824 494 8684 19463 19463 18769 14202 19972 18769 3127 0 19350 15495 6471 20030 120 12902 19972 16123 4854 19350 11584 7655 776 22675 6562 22604 25824 11199
19720 19972 4854 29135 10387 3963 15775 12956 10387 3963 11545 12908 15636 14202 120 20209 29135 11556 11545 19463 11556 10667 9978 13233 22604 30586 17753 15636 4961 12654 22675 167 29572 24922 25371 11199 13233 19350 22344 12956 12654 22344 10276 29572 27882 10638 14983 3963 4884 24717
29374 25620 18769 11199 24922 7813 0 967 776 17753 4961 24717 14983 32612 25620 17698 5538 22604 17698 4048 29351 23471 16090 29135 14202 26883 9815 17753 11545 3963 15636 776 6562 7557 18769 20030 12956 20209 13837 167 11545 3444 11173 10638 494 12654 29053 17857 29053 29453
9232 8684 24922 0 31433 7655 19972 27882 12956 15636 120 25824 6756 14983 22344 14202 967 16123 15732 2575 776 10387 12144 1982 7813 3728 29053 7655 5215 2575 29053 26843 13233 3444 20284 2575 5538 26883 15495 4048 12144 20531 30586 1982 22344 15732 24784 19972 20531 15775
11923 11199 3728 30586 1252 17753 32612 6756 14983 12956 14005 29374 12908 22604 9232 20531 31433 9232 12902 13837 15495 7655 25824 24717 29572 967 11584 20284 29053 10667 12654 22604 15636 3223 6756 4854 9900 7655 19350 4048 25824 20284 4854 19350 31433 4961 18769 10058 16123 494
18769 26883 23471 10667 7813 14005 3728 15732 25371 18163 15636 3127 13837 14202 13233 20284 29301 22090 11173 22090 7655 5538 29301 30586 25824 10387 4854 29453 14983 31433 14202 18769 8684 120 24784 17857 12908 11923 11173 3963 11199 29453 10667 10387 5215 9982 5215 167 1982 32266
26843 3127 17857 27882 24922 6547 16090 3127 8684 494 29301 11545 24784 3728 22675 11556 29572 18163 0 16151 20030 15732 17857 31433 16151 25148 27882 20209 6562 15775 15495 4884 1982 6547 25620 967 20531 20030 11923 6547 7655 24717 3127 3127 29301 25148 9815 7557 9982 9232
25148 7813 3127 3963 5215 3728 23471 29351 20531 23471 29572 15636 23471 5215 3127 22675 24717 3223 7813 6562 1252 24922 0 24717 9982 3963 32266 14005 25620 22604 3127 11545 7655 32266 29374 9978 20531 15775 11545 18163 6471 29135 12908 1982 22090 6547 16090 10276 11584 7655
8684 11545 26883 10058 22344 15495 16151 13837 6547 15636 20284 9232 15636 29572 19972 4961 20531 29135 6756 16123 12908 24922 27882 16090 0 7813 17698 14983 14005 25148 494 29374 19350 120 6471 17698 11556 29053 11199 17857 11199 120 31433 3223 11556 16090 4961 6562 0 12908
6562 7655 6756 13233 4048 12144 6756 8684 12144 29053 26883 19972 26843 26883 17698 24784 16151 17753 10276 3728 17753 15732 24922 19720 20284 13233 9900 7813 19720 14005 5538 15495 15775 11199 12902 29374 19463 29374 30586 17698 9978 8684 18163 18769 20284 3963 6756 25824 25371 25620
10058 22344 16151 120 32612 25824 32612 11923 1252 20531 16090 3223 4048 9982 3963 20209 12908 9815 19463 6562 10667 16123 29572 10276 9232 10638 11584 20030 15775 13837 7813 6562 2575 18769 29453 19972 12956 8684 19720 30586 3127 6562 25148 25148 1252 17857 2575 7557 4961 29053
967 19350 11545 4884 9900 8684 14202 3127 12956 9815 1252 20531 12956 29453 6471 7557 13233 22344 19463 29374 3963 29135 167 11173 29135 16123 32612 7655 27882 22604 14983 27882 24784 11556 14202 6547 9900 11584 25824 22344 5215 5215 8684 9815 25620 15732 14202 5538 32266 2575
11545 120 10667 18769 1252 11173 14983 29453 11923 13837 776 22344 3444 4961 11584 3963 16123 17753 19350 120 29301 29301 10276 12144 13837 7557 32266 19350 26843 25620 11584 26883 29135 11584 10638 14005 14202 13837 30586 9978 16151 11923 20030 3223 22604 29351 1982 11545 7655 1982
12908 3127 20030 12902 167 19350 25148 22090 17753 20531 23471 26883 11584 14983 4854 27882 9815 1252 29374 7813 10276 9900 29301 7557 120 22344 1982 11545 29053 13837 20209 776 24717 29301 9232 15636 9982 8684 23471 6547 776 3223 19972 15636 11556 8684 3444 10276 17857 10276
18163 16090 3444 29135 7557 17698 29572 2575 12654 3127 7813 11199 17857 7813 14983 31433 32612 24922 25371 29135 17698 19350 12956 26843 11545 29053 1982 30586 5538 27882 29135 3444 29572 29351 3127 12908 22344 24717 6562 32266 25824 12902 23471 13233 24784 1252 29374 19972 120 25620
11584 1252 17857 6547 2575 10276 6756 10058 16090 19463 29572 6547 25371 29053 9815 16090 494 25620 13233 8684 25620 29572 4961 11199 6562 19463 32612 11545 16123 20284 24784 10058 11173 17698 9900 12908 27882 6756 20284 3223 8684 19972 4854 23471 6562 7557 12902 11584 22675 18163
26843 26883 3127 4884 15495 32266 9982 12908 1982 20209 29374 1982 14202 776 3223 11199 19350 20030 13837 17698 20284 17753 32612 14983 19972 29374 18769 15732 167 24717 8684 19972 18769 167 20284 29301 15636 1982 29572 23471 22344 3127 14983 5215 12908 11923 13837 14005 3728 11556
3223 11923 31433 20209 6471 19350 12908 9982 15495 3963 2575 9982 25620 26883 494 6562 7813 1252 24922 12654 22090 12144 3223 3127 29453 13837 29053 19972 25620 11923 15732 4854 9232 3223 29301 14202 20030 12956 12908 10638 6471 4048 8684 9815 9815 9978 9900 494 15775 25371
3127 31433 5215 16123 13837 17698 11173 14983 13233 32612 22090 3963 10387 167 20209 10638 6562 20209 15732 6562 15775 22344 15732 13233 10387 4854 29572 10387 20030 17753 6547 29374 11923 1252 19972 29351 12956 10387 6562 32266 12908 29053 3223 6547 10638 3127 24922 8684 12908 12956
9978 967 10667 10667 15775 11556 7557 11199 29374 14005 10276 20209 30586 22675 15775 29453 20284 29572 4884 19350 12956 32612 18163 19972 120 22604 1982 25371 25620 25148 24717 120 12902 6471 20531 16123 22675 15495 29351 10638 3963 5538 11545 13837 12144 26843 120 9815 25824 3728
32266 23471 22604 1982 11545 24717 15636 18163 15636 10667 12144 20030 19972 4048 1982 29301 0 12908 1252 1982 26883 26843 19720 18769 11556 24922 15732 1252 26843 12654 7655 12144 15636 7813 20030 12654 18769 11545 13233 3223 32266 10058 4884 4048 29453 9982 8684 5215 9978 12902
20284 20284 9815 29135 120 18769 11556 9978 494 29453 25148 5538 19350 25824 29374 18769 8684 9978 9978 20209 3728 12956 5215 29135 7813 11199 16090 17753 6562 3444 3444 10058 20030 19463 6471 776 11173 12144 26843 7813 4854 24784 4884 12908 15775 16123 22344 3728 10638 120
7813 10058 24784 5538 26883 31433 13837 20531 10276 22604 4961 10058 4884 25620 11556 12902 10276 22604 10058 1252 25371 1252 10058 18163 1982 6756 18769 17857 9978 3728 5215 16123 20531 494 11923 12144 32266 19720 11923 14202 29301 16123 6756 24717 29135 3127 26843 6756 8684 22604
9982 11199 3444 18163 20284 7813 10276 9982 29572 12908 20284 16123 8684 6547 20531 0 25824 10387 1982 4854 9982 11584 25620 11584 11923 29572 12956 3444 12144 15775 29053 17753 4048 11199 10638 3223 15636 20531 3963 4854 8684 11199 24784 14202 27882 967 9982 9978 22675 32612
22604 6562 7655 11173 167 14983 3223 15732 11584 11584 29135 9900 11923 15732 6547 16090 6471 24717 9232 3223 12956 9232 10058 12956 15732 25148 11923 6547 776 6562 776 19463 2575 16151 13233 11199 11584 3127 17753 24717 4854 3223 16090 13233 9982 5538 22090 32266 4884 12144
4961 19720 967 13837 1982 10387 11584 19972 3963 18163 22090 32266 10667 9978 22090 17698 25620 14202 11923 6562 5215 25824 24784 25148 15636 10387 19350 12902 16123 20030 5538 29135 9815 10058 29053 24784 120 19463 11173 24784 31433 32612 7813 3444 7557 25371 3223 7813 24717 29135
494 15775 4048 27882 14005 9815 13233 12654 14005 25371 32612 967 19463 10276 15636 15775 11545 20030 9978 8684 10638 0 32612 8684 17753 10638 3127 17857 10638 19350 10638 12144 32266 4854 494 22604 19720 9815 32612 5538 15636 22675 3728 14202 16151 15775 10058 25148 13233 9900
17857 4884 4048 1982 10058 3728 29301 6562 32266 10058 15732 20284 4854 29301 19350 29301 3444 5538 12956 17753 25148 3963 4961 10638 2575 29374 12144 20030 20030 20284 24784 10276 0 11173 14005 31433 22675 20284 20284 15732 6562 3127 11173 29351 5538 10667 7655 15495 24784 22090
24922 26883 14005 7813 9982 3444 30586 11173 20531 20209 16123 3127 11199 7813 11556 16151 7813 17698 29453 11556 13837 11556 2575 25148 11584 1252 26883 967 9982 3963 32612 12144 19350 19463 19350 3223 29374 15732 6756 24922 1252 27882 18769 9815 2575 12144 11545 25620 18163 26843
14983 20531 17753 11584 18769 10387 9232 19350 13837 12956 16090 22604 10058 7655 26843 776 7655 13837 10638 10387 15775 24717 494 20531 20531 18769 6756 10638 22090 15775 6547 10276 1982 120 9978 10638 9232 29135 29053 16151 3444 29572 12654 3728 3728 6562 25371 24922 29351 25620
16123 13837 19972 23471 3728 22604 967 14202 25148 4854 29053 10638 30586 11556 0 10667 776 7655 20531 30586 7655 15495 29351 29301 24922 3127 24922 19463 9900 14202 13837 20209 12654 7813 25148 17698 1252 8684 9815 11923 19720 4854 1252 18769 12908 24717 3223 19350 29374 15775
31433 4048 29053 7557 15775 25620 967 15775 10058 967 24717 19972 3444 9982 0 17753 2575 18163 23471 3444 14005 12956 12902 13233 29453 32612 26843 2575 2575 32612 19720 8684 2575 22344 9982 4048 29453 17857 26843 120 10058 22344 15636 9982 24922 12908 25148 19972 19972 3728
24717 18163 -1 -1 10058 -1 17753 -1 -1 4884 18769 10387 8684 19720 776 -1 29453 3127 16151 16090 -1 11923 10058 167 13233 5538 13233 10058 17698 -1 19463 8684 3963 29453 5538 12908 16090 -1 29374 25148 15495 24717 5538 -1 22604 -1 11545 494 9978 11173
-1 967 10667 12144 32266 9232 -1 -1 7655 -1 9978 15775 -1 967 15495 25620 7557 120 -1 20531 19350 7557 4961 2575 19463 -1 24717 -1 24922 26883 24784 2575 -1 -1 31433 7813 -1 -1 12902 -1 14005 13233 14983 -1 5215 -1 7813 29301 12956 29301
967 19350 -1 19350 2575 3963 11173 32266 17698 9815 -1 29351 -1 4961 3444 0 -1 6471 11173 14202 11556 1982 29374 2575 13837 -1 -1 6547 5538 6756 18769 19350 14202 22090 12144 11545 5538 14202 1982 5538 776 -1 11199 12144 -1 18769 20030 29453 9815 0
7813 -1 29374 -1 -1 22675 -1 13837 -1 29572 32612 167 29301 20209 15732 7557 25620 -1 23471 12908 25620 26843 13837 29572 4961 27882 12654 5215 12908 14202 26883 9982 12144 13233 1982 -1 15775 26843 27882 24784 4048 29053 26883 -1 -1 -1 1982 16123 24717 6562
17698 -1 14983 25620 -1 11556 22675 15775 17698 -1 17857 7813 3728 23471 11556 776 10058 -1 9978 26843 31433 12144 18163 4048 0 -1 -1 12902 3963 32612 12956 15732 16090 -1 10638 25620 29351 3963 -1 22090 5215 16123 24922 17698 3963 -1 0 -1 -1 29053
-1 -1 12956 1982 3127 25824 0 9982 3963 -1 31433 4048 22344 5538 8684 -1 29135 -1 13233 -1 24717 6756 7813 13837 17753 6562 -1 19720 20531 25371 4854 10638 7557 27882 24784 -1 4884 3963 -1 23471 -1 4854 10387 3963 10058 3127 6547 10387 -1 9978
13837 29374 120 12654 10387 11923 32612 -1 10058 3963 15495 20030 -1 32266 22344 19463 -1 15636 14005 -1 -1 -1 15732 24922 11923 26843 15636 12654 18769 20030 -1 12902 17857 -1 -1 9978 32266 6547 26843 -1 6547 2575 7813 16090 16123 25371 11584 12144 -1 22604
14983 17753 26883 9982 12902 -1 23471 494 3127 20284 967 6547 9900 15495 -1 7655 -1 494 -1 -1 -1 5538 29572 25148 17698 30586 -1 7655 -1 0 29351 19972 29374 3444 11545 25824 24717 -1 15775 -1 -1 29301 -1 167 -1 12908 16090 6471 20209 9815
1982 24784 11923 3444 16090 30586 1982 32612 -1 22675 10638 10638 12908 18163 2575 14983 -1 3127 18769 18163 1252 4854 19463 3444 5215 14202 22604 11199 20030 22604 3223 27882 10667 10058 26883 29135 24922 -1 -1 11545 -1 12908 2575 -1 4854 7557 16151 -1 2575 29135
10667 -1 22090 12908 8684 11199 9978 -1 -1 4884 1982 30586 20030 22344 -1 9815 -1 5538 0 120 20209 11584 5215 11556 18769 19720 11545 15495 9900 9815 6547 11556 0 24922 25371 30586 15775 8684 11556 25371 9815 11584 4048 5215 17857 30586 6471 7813 22344 15775
3963 8684 13233 17753 12908 5538 -1 7655 19350 3728 -1 17857 29301 -1 29135 12908 12908 6471 29135 29351 3223 14005 25371 18163 6562 11173 24784 29053 13837 5215 13233 29374 19350 3223 -1 16090 32612 29453 -1 3963 -1 -1 5538 9815 9232 16090 -1 7813 17698 120
120 26843 22604 12908 10058 7557 9900 -1 -1 16090 1982 32266 15732 3223 25824 -1 7655 31433 -1 -1 22675 13233 14202 3444 31433 167 12144 12902 13837 -1 19972 -1 29301 17753 20284 494 13837 29301 14005 10638 25824 16123 5538 7655 -1 18163 15775 24784 16090 12654
-1 20030 9982 15636 -1 19972 4048 494 6471 1982 29453 -1 -1 15495 3444 26883 25824 24922 24922 15732 -1 25371 29572 25371 5215 5538 -1 3444 11545 25620 3223 20030 4854 11923 -1 3728 -1 32612 9982 11556 5215 9982 15775 29301 -1 22090 22604 14983 25620 13233
9232 -1 -1 32266 32612 25148 14005 2575 494 29135 31433 22090 776 5538 29053 30586 -1 29301 3223 19972 494 -1 29351 22344 29453 18163 23471 23471 -1 5215 26883 12902 29374 10276 167 29351 -1 12902 11556 3223 29135 -1 4854 10638 -1 22675 3444 -1 15495 24784
-1 -1 6471 11173 29301 29453 6562 25620 7813 16090 29351 967 16151 25620 4048 29374 26883 3127 19720 29374 -1 19463 -1 15732 10387 26883 11584 23471 3728 -1 22604 4884 16090 -1 -1 10387 15636 5215 9900 11584 -1 10667 12956 6471 -1 4854 12902 25371 7655 11556
15636 -1 15775 31433 17857 20209 25148 19972 27882 1982 -1 9815 15732 22344 4961 32612 27882 25824 776 18163 20030 31433 -1 10387 -1 13837 15495 6756 2575 20030 20209 19463 7557 -1 -1 11173 15732 5538 3963 12956 -1 6471 14005 -1 30586 15732 2575 -1 8684 10058
25824 1252 11545 4048 -1 12144 19463 6471 6562 25148 6471 6756 17753 4961 22344 19720 3963 20030 5215 31433 24717 20284 10058 -1 29135 29572 9815 29374 13233 10667 7813 -1 -1 26883 9815 25148 17698 1982 5538 24717 -1 29572 20531 25148 12902 19463 14202 29135 29572 -1
15732 10276 15775 14005 3127 11584 10638 17857 12144 6756 6562 22675 -1 -1 3223 167 3728 776 20030 -1 -1 6562 -1 20209 24922 -1 13233 17857 967 12902 20030 15775 23471 -1 29135 10058 -1 10638 23471 12956 10387 -1 -1 11923 4884 11584 167 4884 167 6471
22604 15732 29374 3444 7813 16123 16123 20531 -1 4884 17857 3127 7557 9815 20209 -1 15636 22604 3444 -1 -1 25148 -1 32612 12908 -1 15732 24922 0 -1 4884 15495 29351 29301 31433 -1 32266 12956 19972 9815 11556 18769 20284 19350 13837 19972 11556 6471 120 6547
7557 15775 11173 17753 -1 14983 17857 20209 7813 6756 20284 -1 31433 11584 2575 -1 11173 11923 19972 -1 11199 -1 9900 12144 -1 3963 32612 -1 1982 32612 14983 14983 13233 8684 3223 20531 12908 15732 18769 14202 -1 494 11923 14202 12902 -1 9232 15495 3223 9232
18163 29374 7813 -1 13837 25824 2575 29453 1982 31433 11584 29351 -1 9815 9978 -1 23471 -1 32612 -1 16123 -1 -1 29374 11923 25824 -1 22344 29301 8684 11545 22604 6756 -1 20284 -1 11923 6547 26843 20030 24922 -1 18769 18769 3444 14005 6471 25371 6471 11584
-1 120 -1 9815 8684 29301 25148 -1 7813 17698 26843 16123 29301 20284 20284 9815 29301 10387 1982 -1 13233 -1 7813 -1 24717 6562 26843 9982 -1 31433 -1 13233 4884 20209 -1 967 6547 -1 13837 26843 11545 19463 12654 16151 3963 1982 27882 19972 20209 -1
-1 9978 4854 12654 24922 16151 19972 31433 10276 3963 167 -1 9815 9900 12144 12654 -1 11545 23471 19720 8684 11556 4884 4961 -1 16151 18163 120 20030 9982 6756 26883 -1 11173 25371 -1 20284 8684 30586 29301 5215 -1 16151 27882 14983 -1 20531 3963 4884 30586
3223 17698 -1 24717 -1 15732 18769 23471 20209 19972 29453 -1 3127 22344 19350 24717 16123 11199 19720 32612 6547 26883 11556 15495 15732 1982 7655 12956 29374 11173 -1 1982 10276 -1 17698 32266 11173 3963 -1 20030 30586 -1 20209 32612 3444 14202 3963 18163 3127 5538
19350 29351 -1 -1 -1 15732 13233 167 12902 31433 -1 0 13837 16151 967 967 32266 7557 11545 9982 11556 11199 32266 29453 24922 17857 25371 1252 6756 -1 4884 -1 17753 29374 11545 14983 776 18769 12956 30586 7655 1252 5538 -1 24922 20531 0 6471 -1 20531
24784 8684 6756 24717 10387 9978 20531 14983 25148 29351 2575 -1 29135 167 16151 -1 17698 29351 10387 0 22344 13233 -1 25824 25620 3127 29135 29572 9232 -1 14202 18769 3963 12956 11545 -1 -1 -1 -1 18769 8684 26883 -1 9978 -1 776 22090 25620 14983 13837
2575 -1 13837 4961 18163 6756 14202 10058 5538 24784 120 4884 18163 -1 14983 -1 24922 4048 10638 -1 10387 10387 29351 -1 24922 16090 15495 4048 24784 5538 17698 9978 15775 -1 29135 7557 5538 17698 11545 24922 14202 -1 27882 22090 -1 19463 7557 6547 -1 19972
-1 17857 -1 12956 9900 -1 -1 -1 17753 26883 -1 10276 16151 3963 7655 14983 15775 4961 9900 10387 11545 30586 20030 31433 494 14005 11923 -1 26843 20531 12956 6756 29135 15495 24717 12144 29374 -1 -1 17753 25371 19720 11545 11545 24784 20531 10667 120 -1 -1
24784 967 -1 19463 6547 14983 11556 12908 -1 19350 29572 -1 22344 10667 12654 18769 1982 -1 7655 24922 10667 7655 31433 29301 17698 19720 6547 2575 9900 9900 24922 11199 -1 17698 10638 10638 18163 9982 -1 20030 11545 17753 0 29053 6756 -1 14202 11584 18769 17698
25824 -1 29053 2575 5215 29301 967 -1 3963 4961 6471 6547 15495 3223 12902 29135 -1 -1 -1 20284 -1 -1 22344 -1 29351 -1 19463 25148 7813 11556 120 20284 12902 29053 -1 -1 25620 9232 7813 13233 20531 11584 7557 4961 29301 -1 8684 -1 17753 -1
12902 -1 20030 17857 -1 20531 9900 2575 167 -1 30586 1252 6471 -1 -1 -1 4884 13233 25148 -1 8684 15495 1252 12654 0 17698 -1 15495 3223 3223 494 29053 15732 1982 9900 10667 4884 4884 -1 29374 25148 30586 25148 -1 20209 -1 -1 967 32266 29135
1982 1982 11199 2575 20531 3127 15732 6756 22344 18163 -1 6562 25148 8684 26843 14202 5538 10276 -1 967 -1 12908 19350 15732 17857 24784 3223 5215 3728 -1 120 -1 -1 967 14202 15495 2575 11584 20209 19972 19720 0 11923 25371 -1 9978 26883 9900 -1 29301
29351 16123 29453 -1 -1 0 -1 11584 3728 -1 -1 3127 11923 14202 -1 -1 19972 16123 -1 3728 29351 4854 -1 12902 -1 -1 18769 20209 -1 7557 9232 6547 29351 17698 16151 17753 26843 4961 10276 6547 23471 29351 15775 17857 16090 5538 -1 31433 10276 3963
-1 7813 120 -1 32266 26883 494 10638 120 15495 4048 494 13233 -1 11173 26883 13837 20284 19972 967 24717 5538 27882 7557 16151 -1 7557 29053 17857 9232 29135 25824 7813 -1 9815 9232 -1 25371 20531 14983 7557 29374 6756 10667 7813 5215 25148 5538 167 3127
12956 3728 17857 24922 11923 31433 5538 5215 3223 3963 10058 9815 29053 -1 15495 4884 2575 -1 14983 3223 26843 15775 2575 6471 967 20030 -1 26883 29374 -1 9232 18769 22090 776 13233 11545 6756 967 1252 25371 -1 -1 7655 29453 -1 -1 20284 12144 1252 -1
120 -1 29301 7655 26883 6547 967 10638 26883 7557 17857 12908 11584 20030 20531 14005 -1 29374 10638 20284 4884 120 22344 10638 17698 -1 29135 15732 11584 22675 10276 -1 3127 11923 6756 29135 13837 6547 9815 11545 11173 9815 -1 17698 -1 4961 19463 494 19463 11923
3444 20531 3728 -1 4884 32612 120 -1 -1 32266 16090 7557 32612 17698 -1 12956 10276 10058 3127 3223 -1 25824 29572 6562 -1 5215 29453 25371 13837 32612 22090 25148 967 18769 -1 20531 29053 10387 15775 22675 -1 24717 16151 9900 -1 -1 -1 20030 19720 16151
11556 22090 29301 19972 16151 7655 -1 32266 22090 32266 12654 32612 -1 8684 17753 12144 7813 967 29135 20030 11584 12654 22344 -1 -1 29351 25148 10387 29453 20030 4961 15636 -1 12908 6756 32612 15775 29135 -1 -1 4048 9815 776 6547 19972 27882 4854 30586 26883 22675
18163 20284 15636 29135 -1 -1 4884 -1 32266 24717 22090 -1 29135 -1 15636 -1 18163 6756 10667 14005 -1 14202 -1 5538 24784 20030 494 4961 3444 17698 2575 9900 18769 -1 18163 2575 8684 24922 9982 4961 7557 15495 27882 1982 -1 10276 29572 -1 11584 3963
19972 6471 22604 167 9815 3728 29374 12902 15775 11556 20209 776 6562 25371 9978 22675 6547 11584 16123 18769 17857 9900 -1 12908 20030 -1 31433 4854 -1 32266 12956 10276 -1 7557 13233 17698 8684 12654 11173 4854 6547 9900 -1 3127 7813 776 0 18163 18163 -1
-1 4048 11173 167 7655 11584 11173 -1 11199 -1 -1 22675 29053 17753 -1 23471 494 16151 10667 16090 9982 3728 6562 -1 29351 12144 -1 6471 -1 23471 -1 17698 29374 7655 9232 24717 25824 25824 -1 11556 14983 12956 167 22090 5215 19972 9232 -1 -1 25371
29053 1982 19463 2575 13233 -1 -1 -1 9978 9815 1982 14005 32612 6471 10638 26843 19350 22675 -1 31433 11199 29053 27882 22675 494 16151 4048 14202 9982 13837 6756 29453 17857 16151 11173 20284 12654 9982 -1 167 15636 -1 26883 9815 15495 13233 19463 9982 12144 25371
-1 22675 29453 6756 1252 14005 12908 9815 -1 3963 -1 6562 9982 17753 22604 13837 -1 6547 25620 20284 16151 14005 5215 -1 13837 -1 17753 3444 -1 -1 4048 17857 10387 8684 120 -1 4854 -1 16090 20531 967 11556 19463 32612 30586 3127 6756 14983 14005 10387
16123 -1 25620 16123 120 9232 17753 20284 167 12144 120 29135 1252 11199 3223 10058 11545 16151 6756 167 20209 10058 -1 32612 15495 -1 967 120 20284 29453 3444 15775 -1 20209 9982 29053 3963 19350 14005 120 10638 12902 4048 16090 776 29351 6756 24922 -1 -1
-1 3223 494 12956 -1 25620 -1 13837 25148 32612 30586 16123 16123 15775 10058 17857 6547 19463 19463 22090 25148 15495 18769 11923 10667 24784 -1 11584 29572 24784 4854 9815 -1 10387 -1 32612 9900 -1 25824 12908 4961 19972 2575 29453 6756 31433 17857 5538 11923 32612
27882 32612 3444 30586 9815 -1 24922 -1 12956 -1 18163 -1 19350 12956 25824 5215 31433 15636 -1 20531 22344 9900 24717 11556 26843 6756 4048 26843 5538 29135 31433 11173 -1 -1 7813 11199 8684 26883 9978 17698 6562 120 -1 167 10058 -1 24784 9978 3223 0
-1 15495 31433 30586 7557 30586 17698 18163 -1 967 10667 29453 2575 -1 9232 6756 10387 24717 7655 27882 120 8684 3728 9900 494 25620 5215 29053 167 17857 4884 12956 29135 -1 1982 25620 -1 17698 -1 32266 -1 12654 1982 12144 14202 16151 22675 -1 27882 12956
4854 7557 3444 11556 6756 25824 19720 -1 6547 15775 22090 -1 22604 19463 19463 -1 -1 26843 12902 -1 -1 5538 10387 -1 -1 967 19350 32266 -1 15636 1982 7813 -1 -1 20030 31433 11199 16151 3223 120 3223 11584 1252 9232 -1 22090 22090 24717 -1 29572
-1 19463 11923 29572 776 4854 26843 20209 11199 12908 20284 27882 4048 24922 6562 13233 27882 776 0 29453 -1 24717 9232 0 6471 20531 22090 22604 -1 7557 4961 11199 25148 32612 -1 15775 11199 29301 -1 29135 16123 11556 967 6547 -1 29301 12902 3127 19463 0
11199 11545 14202 -1 9815 22090 29053 -1 19350 9978 -1 -1 9978 11584 10276 32266 16151 7813 12908 -1 4884 20284 23471 -1 4854 -1 -1 29374 -1 16123 24784 11173 32266 167 29053 967 22090 14202 15636 1252 -1 32266 -1 -1 15495 -1 3127 11545 26843 3223
46 14
