100 50
32085 11459 11459 20463 17211 15838 20461 14169 27993 11929 31138 2021 18554 26384 29434 32633 12645 15039 6635 7636 17309 29448 15838 16458 11459 9833 4893 24369 10549 15911 178 1461 11304 32558 13887 18554 12645 6237 32558 2337 6825 6040 10549 29448 9170 26384 18616 27993 6237 19819
26349 0 24417 7374 17211 8277 7765 28851 22667 18893 29434 9833 24824 18554 21948 11322 12979 178 11304 7765 23082 15495 23082 2092 11322 14563 24361 30269 5007 23082 11929 10239 6237 4893 28124 24361 11459 20461 26384 22443 16458 16195 32558 28124 27993 16492 30269 32519 21948 28124
19819 11459 28851 7765 8715 18334 9170 21629 15039 15838 24 7335 11304 0 25626 15228 26384 8715 16112 15131 13887 14892 8715 16112 26739 28124 2021 15911 25626 28851 23082 11101 24361 17309 15911 6635 32048 24824 24417 5007 24369 11459 23643 19819 2337 7335 14169 24417 24361 24
11101 19819 27128 30818 11304 16112 5007 8715 178 31138 30956 23056 0 11443 27213 20461 18616 32633 11929 6825 6237 24 27128 6040 11443 31656 23082 22667 31656 6825 22135 27128 10239 24369 11459 178 15495 19819 26739 178 15228 27128 9833 23643 15495 9833 6237 32085 27128 16458
22135 16112 30269 11929 14892 14169 15911 25626 26739 12979 5007 26739 11459 15228 15228 28851 32633 30269 2021 16458 11101 18893 26739 17309 17309 5007 27213 22135 5007 19426 541 16458 10549 28851 18334 14169 17211 27213 30956 20461 7636 6825 16753 16195 13887 22443 21629 26384 11101 30818
7765 18616 17309 28851 18554 21948 24369 30269 28124 24 22443 21948 20461 11101 11304 5007 26739 28124 12645 7636 15039 15228 32558 29434 10549 8284 23056 11443 24417 11929 32633 22443 24417 16458 27128 15228 32633 24 29448 12645 5007 32519 26384 14023 24369 15911 18334 17211 18616 14892
14169 29448 20461 14892 29434 12979 14023 23082 22281 15495 22135 18334 7765 17211 30269 27213 8715 24417 8277 15131 13887 8277 6040 6635 24361 27213 15039 0 24361 24361 29434 9833 11443 8284 16492 21948 27128 6825 0 9833 27081 16112 16492 6040 23643 17211 29448 11322 541 29448
6040 22135 11459 18616 15131 178 22135 31656 178 6040 15228 30956 18334 2337 28851 9170 10549 24 14023 8284 14563 0 19426 28124 30818 27081 11929 19426 24417 27213 7335 10239 14563 22212 26349 27128 8284 6040 29434 18893 23082 0 29434 13887 14892 5334 15228 11322 5334 4893
2092 541 14892 14892 14169 29434 7765 16458 18334 32558 7636 15838 14563 32519 15039 14563 7636 541 23643 14563 22443 27993 4893 2337 6237 10239 22667 30269 14563 2092 2337 23082 17211 25682 7636 15911 25626 2337 16458 32519 24369 30818 9833 17211 12645 27993 27128 14892 24824 25416
30818 15131 11322 30956 27213 26384 10239 20461 28851 21629 24361 32048 12979 24417 22281 10549 10239 22212 24361 6237 29448 15181 21948 23082 29448 14023 11459 8715 8277 11929 28124 19426 29448 21948 5334 30956 15039 2092 11101 32048 11443 2092 32519 6825 32048 0 22212 16492 30269 0
24 7765 24824 7765 32519 28124 4893 18616 18616 12645 23082 9170 23056 7374 32633 18893 29434 26739 10549 178 2021 19426 27993 12645 18893 5334 14169 15838 7374 18893 22212 17309 7636 16458 23082 23056 5007 16112 29434 25626 18616 6237 10239 15911 21948 12979 24 18554 5007 31138
14169 7765 8715 16458 26349 32558 1461 26739 21629 178 27213 16753 18893 1461 2337 15131 28124 14169 11304 28851 31656 16112 27993 16112 16195 25626 31656 14563 21629 32048 10549 12645 21629 22667 15495 30818 28124 26739 17309 1461 21629 24369 32048 27128 30956 11459 22443 32519 24417 25626
16458 5007 27993 30818 2337 178 25626 9833 6635 17211 17211 28851 27128 178 7335 2021 32558 14169 7765 28124 22281 8277 27993 30818 6825 23056 17309 8277 15228 20461 27993 11101 11459 8715 15039 18334 11929 11322 24417 19819 29434 8284 32048 30818 24 6237 16458 0 8284 15228
24824 25626 14563 11304 6040 32633 11101 2021 8277 22443 11929 11322 8277 23056 27128 20461 14563 16753 5007 27128 30956 24824 31656 2092 31656 21629 25626 11322 21629 29434 15039 24417 18334 6237 15228 15131 6635 27993 16195 22135 9170 16195 2337 7374 32519 16492 6825 16195 7335 15228
2092 20461 11101 21629 8284 7335 22281 20461 16112 20463 32519 32085 26384 14023 24417 6635 11304 29448 16112 9170 21948 15495 29448 15911 5007 6237 15181 16492 28124 22135 26349 23858 15131 18616 15131 15039 19426 178 7374 19426 2092 22443 16112 11443 26349 5334 21948 8284 5334 22667
29434 24369 27128 16112 16458 32048 29448 14169 27128 15838 16458 14892 16753 7335 18616 11443 28851 19819 7765 17309 12979 8715 5007 15228 6825 11101 11459 6825 23643 8284 11101 24361 11459 30956 11443 14169 30956 23858 18616 30269 26349 16753 16753 16112 30956 32558 27213 8715 16112 23643
25416 23858 27213 6040 14169 32048 11304 16753 4893 25682 6237 15838 32519 32519 23082 27081 18893 5334 15131 32519 10549 31138 23643 12645 0 18554 24417 19426 17211 13887 8715 8715 30818 13887 30818 19426 18893 0 8715 27081 32048 23056 2337 19426 9170 7765 5334 9170 24824 13887
7374 11929 16458 6237 11304 29448 11304 18616 13887 2021 7374 19819 22281 24417 7374 19819 16112 24 11304 30269 7374 6825 10549 25682 5334 9170 16753 7374 11304 23082 24 28124 9833 26739 2092 18554 32558 6635 23082 1461 21629 13887 7765 20461 31138 16458 27993 29434 7335 7636
24369 10549 23858 541 28851 16492 2021 27081 15228 27128 24417 16753 29448 16458 2092 23082 22281 22135 5334 11929 22135 32048 27213 7374 29448 31138 20463 2021 24 11443 19819 16492 26384 30818 31138 32633 17211 22212 26349 9833 16492 30269 22667 22281 24369 2092 0 30269 22443 15228
21948 4893 11443 19819 7636 30956 2337 15131 30818 18616 26384 17309 15495 25416 31656 11929 19819 14892 12645 15495 11443 29434 6825 18334 16112 0 10239 27213 2092 23056 4893 24 12645 26349 32558 26739 29434 28851 17309 24361 11443 22443 31656 17309 30956 28124 15495 25626 15181 15131
23056 15228 24 26349 25626 14023 12645 30956 27081 26739 28851 25626 26739 11304 9833 29434 32519 10549 18893 18616 24417 20463 15039 29448 21629 24417 16458 23858 9833 24 32558 23056 22443 16753 5007 14023 15838 15838 32519 31138 22443 19426 21948 18554 6237 19426 30269 10239 30818 6237
17309 19819 24824 8284 15131 20463 8284 2337 27081 32558 15495 24361 17309 27213 16112 541 27993 23082 12979 7335 8715 16458 21629 15911 5334 24361 32085 6635 2092 26349 16492 0 24824 25682 18893 31138 14169 24 6635 10549 14892 15228 19819 23056 2021 23643 16753 23056 27081 15838
19426 16458 2021 15911 13887 26384 18893 30818 15039 2092 14892 7636 17309 32085 24 31656 17309 24361 15838 30269 29448 541 8715 25626 22667 13887 30269 11929 11459 15495 27081 7374 31138 22443 27993 15181 29448 28851 541 16753 31656 22135 21948 29448 15131 28851 15181 11443 29448 15039
11304 25682 12645 32558 11101 21629 23858 22443 22281 17309 29434 23858 27128 9833 6635 29448 15181 2021 178 6237 16458 19819 24417 15131 20463 14563 15039 15131 27993 9170 21629 9170 23858 5334 8284 9170 18893 30818 28124 18554 30269 14892 18334 16112 28851 24 20461 24824 25416 15911
8277 27081 16492 15131 32085 178 15131 12645 14563 22281 23858 27213 30269 26739 2092 27993 10549 2021 30818 9170 32558 23082 24361 21629 11443 32633 8715 15911 9833 26384 11929 24 23056 20461 27213 14169 30818 11929 8715 31138 7636 15181 10239 12979 541 15039 17211 5334 25626 29448
15131 22281 27128 18893 22443 12645 29434 12645 28124 178 16195 7335 16492 30818 8715 32633 8277 16492 19426 7374 32085 16195 27993 30269 7765 28124 16753 15039 15228 27081 22667 0 31656 11304 10239 32085 16492 8284 18554 17211 11322 16753 25682 18616 8284 8284 11304 541 29448 8284
23643 7765 31138 23643 19819 7335 11929 14892 26384 22281 19819 22667 14892 18893 16492 27213 8715 30269 27993 7335 30956 8277 30818 18334 5007 16492 4893 7636 31656 23082 11322 15131 2337 12645 541 15181 15495 7765 32085 541 32048 28851 8284 7335 16195 14892 6237 9170 2337 24417
26384 24369 27993 26349 15228 20463 32085 25626 14023 16492 23082 8715 15911 9833 21629 24 32558 24 23858 29448 7636 24 15495 23082 32048 11322 4893 20461 32558 2092 13887 22281 7374 5007 15911 32048 18616 8277 2021 2092 11929 11443 31138 22135 541 4893 22667 29434 5334 25626
27081 11322 5007 30956 15495 24369 18893 8284 8284 14023 27128 5007 11459 21948 21629 24 4893 15131 15838 8277 22443 8715 11101 31656 7765 31138 30818 31656 8277 11929 27993 26384 27081 23082 16492 15039 25626 12979 14563 7335 32048 19426 32558 23858 178 16458 7335 32558 26739 18616
16195 6825 22212 2092 16753 9833 24417 15495 14892 11101 32048 14023 5334 18893 7765 8284 24369 27081 7765 18893 31138 16458 4893 21629 32048 14563 14892 7636 22212 22667 7374 15228 14563 16112 23643 26349 27128 15911 13887 24824 16112 31138 24417 29448 15181 31138 11443 16458 11459 24417
11101 13887 23056 0 22212 32048 11304 21629 14892 24 22443 28124 16492 12979 24369 24361 8715 32048 16492 26739 21629 25416 1461 32519 16458 14563 29448 14892 22212 2021 24361 29448 16195 2337 15911 2337 26349 2092 10239 15838 11322 8715 15495 22135 16492 24824 2092 178 14169 11322
0 0 24417 28851 10549 6237 11322 14023 20463 4893 7636 1461 22443 30956 13887 26384 26384 6237 11322 7374 24824 32558 27128 5007 11322 24 19426 7374 32633 13887 11443 26739 8284 11459 17211 178 178 11443 9170 10239 26739 0 8277 26739 25626 14169 30956 15495 541 7335
32558 17309 6825 22135 2337 27213 22212 18616 9833 24369 15131 20463 1461 8715 15131 6040 11101 12979 16492 32519 32085 19819 15838 11304 18554 15131 11304 29448 30818 6237 23858 6635 20461 16195 25682 14563 5334 24361 26349 18616 6635 15838 17211 22281 15228 28124 30818 4893 31656 16492
17309 11101 18893 27213 2092 18893 22443 18334 6237 27993 27128 7335 8715 541 21948 30956 6825 11443 26384 29434 11443 17309 11322 32519 28124 11322 32048 12645 4893 15911 22667 4893 14023 22443 14563 26384 24 7765 6635 18334 25416 24369 24824 5007 27213 16458 32633 12979 28851 6825
16753 8284 18893 11322 4893 7765 17309 13887 21948 15495 15838 21629 6237 17211 21629 14563 6825 541 30956 30956 23056 26384 13887 18334 18334 25416 23643 11929 32519 11304 16112 24 27081 26739 178 15039 10239 178 1461 27081 22135 27081 22281 27081 23643 7374 22135 15838 22135 31656
16492 23056 15039 2337 2021 9170 24417 24417 15131 11929 2021 6825 12645 11322 10239 14892 18334 6040 26739 5334 5334 7374 22212 32048 14563 15039 22212 18616 20461 21948 11459 11304 23056 24369 12645 7335 32633 24 31656 19819 23643 23082 24 16112 27993 7335 27993 15228 18334 15228
30818 27081 20463 15911 6040 30269 23643 16458 31138 20463 12979 15838 6825 12645 32048 11304 30818 26384 15911 11459 7335 18554 24369 14892 10239 6825 15495 0 20463 32085 32558 541 18616 22281 6040 27993 10239 16458 24 16195 24 30956 32085 30269 26349 24824 26384 8715 11459 29434
24417 18554 14563 14023 11322 21629 178 25682 19819 24 20461 6237 30818 30818 11304 15228 27081 24824 4893 29448 14023 15495 27213 17309 15181 15181 2092 9833 24824 31656 11304 10549 178 6237 29434 15228 23082 7765 13887 12645 6040 178 26349 26739 11322 8277 32048 14563 9170 7765
9170 5007 29448 30956 27081 27128 18616 23082 30269 12979 31656 27128 18554 8277 27081 11101 8277 18893 14023 17309 17309 29434 14023 14169 27128 15131 14023 15181 30818 27128 30818 9833 25682 25626 15838 15228 22443 1461 18616 27213 24824 11322 6825 22135 16458 13887 8277 15131 17211 15228
5007 15911 15911 20463 17309 27993 5334 10239 23056 5334 20463 14169 22667 27128 20463 11929 14563 9833 25626 23858 11304 5007 4893 7765 18616 15838 24 29448 32519 6635 28124 19819 12645 178 17211 22443 11443 15495 17309 14023 9833 31656 27128 11101 10549 26349 22281 24824 27128 11322
7374 30269 6040 15838 16458 14892 6040 7765 9170 28124 15838 23858 15911 12979 23643 24 15495 21629 4893 25626 31656 16458 15131 14023 8284 541 24824 11304 25682 6825 2337 15181 22281 12645 27213 22667 28851 31138 25626 23082 15181 541 18554 30269 25626 23082 7374 11322 15131 18554
11304 0 32558 11304 19819 21629 27128 17309 22135 16492 18334 25416 18893 28124 14563 18334 23082 20463 24 15131 30269 8277 19819 6040 11443 2021 11304 16458 19426 7765 16492 25682 26349 9833 18893 6040 30269 31656 5007 30269 6635 8284 16195 18616 11443 24361 6040 12645 6825 5334
11322 11322 6635 24 18554 15131 32048 8284 8715 2337 26349 25626 32048 18554 21948 32558 31138 15181 541 20461 23056 25682 11101 22667 18334 6825 24369 14563 6825 24369 6040 18554 16492 7636 14169 27128 0 27213 22135 11101 0 2337 2021 0 22212 2021 32633 2092 16112 12979
15228 20463 28851 10549 14169 15838 6825 24369 24361 15838 21629 18554 1461 11929 13887 12645 13887 12645 6040 17309 12645 2337 4893 8277 4893 26349 11304 24417 7335 23643 8715 26384 16195 28124 11459 8284 16112 23643 7335 8277 11101 29448 25626 17211 14023 24417 4893 15911 16458 15838
32085 0 32558 2337 10239 23056 18334 6635 22443 23643 18334 27128 21948 6825 28124 27213 20463 541 10549 6825 16753 1461 5334 16195 22667 15131 15181 28851 16458 7335 25416 6825 7374 17309 15131 6825 30818 24361 12979 27213 2337 27993 18893 7765 24417 5007 24369 27081 16112 22212
31656 32048 6237 0 24824 24824 12979 22135 14563 2337 7636 23056 32558 16753 7636 27213 16492 24824 541 22667 16195 9833 22135 32633 6825 8715 15039 29448 11443 11101 8715 11929 13887 16492 5334 2092 15911 18616 19819 14892 178 5007 8284 30269 18893 22135 32558 15495 7636 9833
28124 11929 18554 6237 7374 16112 23858 7636 7765 30956 27213 16492 17211 18616 11101 7335 1461 15495 19819 20461 10549 14169 20461 27128 15495 7765 15495 22135 7374 24824 32519 1461 11304 22135 18554 6040 18334 15228 24361 6237 27993 21948 7765 16753 26349 14892 6635 24369 26349 15181
24824 22667 27128 24361 5007 28851 22667 18554 15495 13887 1461 24 15181 15039 20461 15039 15131 18334 22443 26739 12645 18893 15228 23643 15495 16112 6237 10239 12979 11304 11929 27213 7636 13887 10239 26739 11459 16492 22135 12979 8284 24417 23643 15039 6635 9170 22212 20463 6825 16753
18616 8284 2092 13887 17309 24369 32633 15181 2092 17309 11322 6635 19819 16753 22212 25416 24361 2021 32558 15039 15911 14169 18334 0 17211 32048 7765 22443 14563 8715 16492 178 15131 11322 10239 31656 23643 16492 30269 12645 2092 6237 2092 11304 23082 18554 20463 15228 17211 18893
17309 25626 21948 12979 15911 15228 11322 32519 7765 27081 25626 27213 24 7335 11101 32048 27993 32633 30818 9833 16492 2021 14023 26384 32085 32048 14023 20463 22281 15181 24 11929 15131 31138 14892 31656 16753 11443 14169 15181 15228 27081 18334 24417 22281 5334 17211 20463 25682 30956
29448 15495 5334 18616 11443 7636 8715 26739 15838 11459 24824 12645 4893 24 30818 2021 16753 25626 25682 22135 26739 2092 24 16492 23082 32519 24361 12979 10549 18334 26739 9170 16458 23858 20461 16753 31138 28124 32048 31656 17211 16195 14892 2092 15228 15495 21629 24369 12979 1461
20463 24369 11304 22667 7765 12979 14563 22212 22281 1461 20463 25416 28851 22443 2337 11101 25682 7636 26384 5007 25682 7335 24 27128 24824 29434 21948 30269 30956 9833 19819 18616 24361 29434 11322 32558 11322 10549 15181 21948 10239 24 24361 15228 15838 9833 541 9170 13887 16753
7636 4893 23643 7765 21629 19426 6635 14023 16195 16112 14892 14023 8277 25626 29434 22281 27128 32519 18334 31138 32633 27081 22281 0 30818 6237 32048 31138 32085 11459 11304 29434 13887 19819 4893 24 25682 7374 16112 11322 25682 2337 2092 20463 0 16458 2337 5334 21629 22212
178 13887 11322 21629 21948 26384 17211 24 21948 15911 19426 32558 23858 19426 22212 18893 15228 27128 15911 16492 27213 7335 13887 10239 24824 15911 15181 2337 28124 31138 18893 11304 22281 10549 26739 8284 25682 23858 22443 16458 1461 16112 16753 16458 11101 541 23643 16492 31138 0
23082 16753 22212 8284 5007 18616 6635 5334 541 7335 12979 26349 32085 9833 15228 24824 8284 14892 30956 4893 25416 10549 22135 5334 27213 12979 7335 17309 1461 10549 8284 10239 10239 15039 2092 18893 11322 15039 23056 30818 21948 32048 14169 22667 9170 19426 6825 2021 9170 16458
27128 20463 6635 11304 5334 6040 27993 16492 28851 30269 20463 22443 6635 30956 7374 11101 22135 17309 15039 7636 22667 22212 25416 18334 22281 29434 28124 19426 22667 16458 20463 9833 11322 22443 11322 178 30956 32558 9833 16753 31656 16458 7335 12979 18893 2092 32558 4893 30818 2021
32633 24361 5334 24824 30269 14169 2092 30956 16195 26349 27081 15039 16112 18893 1461 15911 25682 0 31656 24417 32048 22667 15039 6237 31138 30269 22667 2092 7374 25416 24369 14892 6237 8284 16458 11443 11304 30269 26384 2021 20463 30818 7335 16112 32085 178 16492 15495 30269 14169
15228 15131 27213 24361 9833 25682 0 28124 24417 26349 21948 25626 21948 25682 32633 23056 6825 25416 4893 23858 12645 8284 15228 14563 22135 2092 18893 15181 24 541 11929 7335 19819 7335 15181 1461 20461 21629 20463 32519 32048 6237 31138 15495 27081 24 26384 8277 23056 5334
7765 24 24824 16195 32048 7765 30818 19819 10239 28851 27128 23056 12645 4893 2021 5007 178 10549 14023 22281 27993 32085 20463 20463 15838 18893 31138 16492 22667 5007 8284 25626 24361 4893 16195 24361 16112 4893 25626 15039 25682 24824 17211 16753 32558 25416 8715 29448 5007 17309
11459 11929 23643 22212 24824 31138 8284 24417 5334 25682 11101 26349 6237 11101 30956 2092 23082 1461 11322 10549 7765 18616 23858 11459 16753 2021 11322 11929 10549 27081 24369 5334 11459 26384 22667 7374 2092 8284 26384 13887 15838 2337 18616 24 30818 12645 15228 26349 26349 22443
5007 19426 32519 31138 18554 30818 24417 13887 15228 6635 26739 29448 14023 32048 14023 11459 9170 25626 22667 32633 7765 2337 5007 31138 24361 15495 29448 8277 32633 26739 11101 30956 8284 29434 22281 6237 27993 14023 16753 15228 7374 17309 15181 2092 11322 30956 17211 23056 26349 6237
19819 22667 32085 30818 19819 15039 14892 22281 16458 23858 11443 12645 18616 27081 2092 18334 21629 0 25682 24 28124 32085 32085 19819 27213 11101 7636 25416 21948 19819 23082 22281 30956 21629 11929 6237 19426 4893 26384 16195 26349 18893 15228 18334 29448 32633 4893 7636 22667 25682
24 178 22212 30818 21948 23858 24417 15911 28851 6237 23858 22667 27128 21948 32048 24361 25682 16753 25682 7335 15495 28851 2092 10549 8715 26349 5007 32048 11929 11304 11101 0 28851 24417 30818 29434 19426 20463 2021 24361 11929 17309 24417 22135 18334 22135 12645 8277 6635 15131
24824 6825 29434 23858 12645 19819 12979 24417 22443 12645 6237 4893 12979 7765 0 29448 15495 24824 27081 6040 9833 7335 2337 25416 25626 22212 11929 21629 10239 23858 29448 32085 32048 2337 9833 2021 6040 7374 21948 5007 16492 30956 26739 14892 18616 22135 31138 7374 15181 4893
2337 18554 32085 28124 22281 10549 8715 0 15838 7765 14169 11304 6040 11304 11304 6040 30269 15911 31656 10549 22135 31656 7636 7636 26349 26349 15838 12645 27213 6237 17211 24369 23858 27128 6825 12645 10549 15039 22212 14892 32048 14169 15181 11304 11929 24361 14169 27128 12979 11304
26384 23056 11929 16195 6635 2092 14563 15131 31656 26349 2021 8284 7636 32085 12979 31138 30818 27993 15911 15131 22281 8284 16112 7335 22135 6237 18616 16195 10549 16753 15228 11304 19819 19426 16753 15131 24824 25682 18893 7636 11322 2337 32085 24417 32519 15228 22135 12979 16753 25626
25626 23056 23643 8277 23643 23056 18554 30269 17211 22135 7765 24369 7335 28124 0 6237 22212 5007 26384 18334 24361 29434 32633 20461 10239 8277 6635 16753 32085 5334 15911 2337 17211 20463 2337 30269 17309 25626 8715 11443 11322 9170 23643 32085 25416 25416 30818 26384 22212 19819
31656 11101 32048 25416 30269 11322 22443 24369 7374 32558 20463 18893 2337 15838 24417 7636 16753 28124 17211 24417 27213 8715 11443 11101 28124 6040 14892 31656 15495 19426 18334 5334 9170 6825 26739 21948 28124 23056 32048 8715 28851 28851 25682 9833 11929 31138 6825 6237 11929 19426
23082 18334 26739 31656 29434 12979 15911 21629 27128 19426 8715 15181 2092 12645 18554 29434 178 26384 31138 21629 2092 26349 28851 23056 26349 11443 9833 22443 21948 23643 24824 18893 22667 26349 20461 29448 6237 4893 16195 32558 30269 24824 7374 16753 6825 29434 25682 8715 6825 26739
23643 11929 19819 20461 10549 27213 6237 7374 28124 12645 24 16112 32558 178 178 27081 9170 24369 1461 27128 14169 16458 2337 11101 20461 2021 15131 26349 28124 18334 16753 20463 27213 2337 178 7374 12979 22281 5334 15131 30269 22667 6040 178 0 16492 16492 6237 7335 19819
11929 20461 26349 26739 11459 27128 15228 8284 29434 13887 30956 12645 11101 32633 25682 25682 14023 22281 27993 32519 10239 14169 7335 16753 6825 15228 22135 8715 29448 21948 23643 22281 541 30956 30818 24417 16458 23056 10239 22212 11322 2021 27213 8284 22212 18334 27081 11304 32085 24369
22135 6237 16195 22667 22667 12645 32048 32519 2092 9833 27081 21948 15838 11443 24824 7765 32633 22667 20463 14563 7374 5007 16753 18334 0 8715 20461 30269 7765 26739 8284 11322 23056 29448 178 24417 28851 32048 12645 2092 32633 4893 10549 8715 28124 26349 11929 31138 11322 7374
31656 17211 19426 11929 16195 26384 2337 15131 7335 16458 32085 9833 9833 8715 27213 11929 8284 16753 29434 11443 31656 32085 29434 9833 9170 32048 29448 21629 28124 15181 15495 24 6237 18616 9833 25626 16458 32048 29448 32519 7374 1461 6635 18893 24369 32633 15495 32519 14892 28851
13887 15039 23082 8277 24361 15181 7636 22212 4893 23858 11322 17309 30956 17309 5007 21629 28851 5007 12979 32633 32085 19426 7636 12645 27128 26739 29434 21948 15495 27128 16195 16195 9833 18893 4893 22443 15911 9833 27213 19819 9170 30818 6825 14023 8715 28124 15039 16458 11459 14023
178 10239 15495 23056 8715 24369 13887 32633 28124 30269 11443 27128 6040 10549 17309 1461 14169 23858 7374 20461 15838 27128 25626 19426 24361 32085 22443 18554 27081 22443 31138 32085 22443 1461 32048 178 14563 8284 11459 18334 16492 9170 7335 30818 24824 12645 5334 19426 32085 20461
25682 16458 32085 11101 27081 7636 24 26349 32558 27213 18616 6825 25626 11929 27213 15911 32048 20463 26739 18554 11459 18554 24417 11304 21948 29434 24824 21629 6635 4893 24369 28851 21629 27993 178 25416 2021 17211 31656 20461 21948 14023 6635 6040 16112 22212 25416 21948 11304 15039
15039 24369 23056 11929 6825 11101 18554 11929 22281 24361 25626 8715 15495 22667 7374 12979 15181 20461 23056 26739 12645 2092 9170 22135 6635 23056 14563 20461 11322 24824 30269 22135 15131 17211 4893 18334 22135 23082 11443 27213 18893 16112 31138 25626 32633 7765 22667 6237 24 6825
541 11929 16753 32558 7335 6040 12645 17309 32048 17211 8284 24 7374 30818 26384 11322 26739 24824 17309 22443 12645 2337 0 20463 16753 30818 16112 8284 5334 178 7636 0 14169 12645 30818 18334 32633 11929 29434 9833 23082 26349 24 13887 22135 16753 16195 11459 15131 32048
31656 26739 2092 16195 24361 5007 7335 7636 18616 10549 25682 11304 23643 541 11929 16753 21948 13887 23858 11304 7636 19819 24361 17309 5007 24369 24361 23082 32048 19426 15039 23643 15039 32519 9170 15911 15181 15181 25682 14023 11459 14023 28851 25626 10549 16492 15838 25626 18893 2021
19819 18334 26739 18334 18554 14023 24 28124 16492 27993 18554 11101 21948 6635 2021 13887 11101 24369 16458 32519 9833 27213 23858 18616 22443 2021 6635 24824 16112 29434 27081 15181 32558 4893 7335 19426 7374 22667 28851 16458 16458 29448 24417 15911 15181 27081 16458 15131 16753 15495
20463 18893 14892 32558 31138 23643 11459 8277 30269 10549 15495 27081 23858 11101 11459 27993 178 7335 11322 11459 20463 10549 16458 8715 16492 7374 19426 15838 8715 11304 541 22212 9170 25682 25416 9170 27081 19819 16753 7636 7374 541 22443 24824 10549 7636 23056 17309 22135 10549
16458 27993 30818 14169 28851 0 25682 30956 15911 18554 30818 32519 20463 17309 27128 7636 10549 11101 8284 23643 32633 30269 31138 20461 23056 30818 17211 30818 28851 18334 6040 11322 14169 6040 10239 7374 17309 20461 5334 9170 7765 14169 16195 17309 22135 31138 32633 11322 23082 18616
23858 10549 22667 25416 7636 19426 24 11304 24369 24417 16112 23858 25682 18616 2337 11322 6635 178 7335 30956 11304 21629 17211 25416 15228 32558 25626 24361 23858 30956 16492 19819 5334 26739 11459 25416 32085 23056 15495 27081 11929 2092 29448 30269 29434 7765 4893 6237 2021 7335
22281 16458 27128 24 18893 0 11443 27128 9833 15911 16492 15838 7636 23056 24361 11101 15911 25416 32085 15181 20461 10549 22443 24361 32558 11459 16195 24361 7374 32633 30269 2092 24369 32633 29448 30818 30818 541 14169 16195 15495 11101 2092 31138 13887 28124 5007 18616 27993 7335
25626 20463 30818 6237 11459 25682 23858 20463 15131 6635 7765 11929 27081 17211 11322 21629 24824 8284 14023 7335 32048 22135 11459 8715 22443 7765 12645 30956 16458 21948 8284 2337 24 5334 30818 11929 21629 15181 24361 11443 12979 7374 7765 19819 5007 178 18334 10239 9833 13887
22667 22135 8715 13887 11443 15181 32519 15131 23056 11322 28851 18554 11459 32048 23056 2337 24824 7765 19426 11459 21629 11929 7636 19819 32519 26384 2092 541 14892 4893 16195 27128 16112 30269 11101 29434 6237 18893 32633 12645 9170 28124 6635 2337 25626 27128 1461 22212 6825 24361
26384 0 31656 22212 29448 6635 14023 23643 24361 15838 28851 24 18893 5007 15228 14563 18334 32085 24361 16112 32558 23643 11929 20463 20463 11459 11459 30956 21629 15495 18334 13887 18616 19819 6825 17309 11443 18893 22667 11459 22667 14563 2021 14563 8715 15039 7374 23056 25626 11443
10549 12979 14023 32085 10549 9833 28124 8277 6635 12979 0 9833 5334 5007 10549 5334 6635 32558 11322 30818 16112 29434 31138 16753 6237 26739 14023 32519 22212 15181 28124 32558 30818 14023 29434 11101 11101 24417 18616 8284 13887 18554 18893 16753 18893 15039 28851 25682 11443 30269
30818 0 24 5334 11304 2092 17309 24361 22667 32519 32048 17211 5007 15131 31138 16112 27081 12645 19426 26349 18554 6825 13887 23643 13887 6635 7636 24361 10239 24361 16492 11929 25416 4893 11443 29448 32633 16492 32519 5334 15495 18616 30956 8715 11322 32048 8284 14892 23056 11304
20463 22212 2092 19819 15039 17309 16112 15228 30269 9170 26739 11443 28851 11101 4893 11322 7374 26739 23643 14892 16492 32048 21948 10549 22212 18334 31656 16458 29448 17309 27128 24417 16112 30956 22667 6040 27081 2021 16112 8277 12645 11322 16195 20461 541 15911 20461 12979 11459 2337
2337 30269 15039 6825 21629 27993 31138 11101 32519 28124 32085 23082 14169 26384 21629 8715 30269 32519 31138 18893 23643 30269 18893 22135 18334 2337 23858 16458 24824 16458 25682 15131 20461 2337 15131 8284 19426 27213 32558 28851 32519 28851 8284 14563 32519 19426 0 14169 18893 6040
14169 28124 8715 13887 24417 22443 24369 20461 23858 23858 11322 16195 22443 23643 5007 14892 24417 23056 8277 15495 18616 17211 9833 27213 32519 5334 27213 15911 5007 21948 0 9170 24361 22667 24369 31138 15181 11929 9833 18554 10239 7335 14023 24824 11443 17309 24 1461 22212 11304
27128 31656 10549 31656 15838 18616 11101 25416 26349 32633 9833 27081 13887 21948 15228 32519 15911 24417 23056 10549 14023 32558 15911 15131 15911 22135 16753 22443 2092 11304 2021 10549 28851 23056 25416 24824 0 28851 23082 28124 8715 22443 11459 7765 5007 10549 14563 18616 20461 32048
23082 31138 15131 30269 11459 28124 11322 15131 6040 22281 24369 21629 24417 7374 16492 11443 0 5007 32048 26384 32048 6237 27213 6040 14563 29434 11322 11929 22443 22443 11443 18616 8284 32048 18334 17211 19819 8284 10549 27213 24 24361 24 11322 30269 16195 24417 10239 20461 14563
13887 16112 21948 25682 6040 12645 24417 32558 24417 178 16753 27081 541 22281 27081 32519 5334 11101 22212 15911 18554 15911 32519 31656 32048 32633 25682 6635 22667 16195 22667 7335 16458 2021 7335 21948 24417 25416 15039 16753 30269 2021 16112 8277 29448 18334 11459 22281 4893 31656
11304 2337 24361 178 11101 15181 15181 23082 32048 32633 9833 30956 6635 29448 26349 11322 10239 24417 15039 16195 16195 25416 15131 25416 16492 11443 23643 7335 15131 30818 7636 541 24 9833 11443 21629 16112 30818 14169 6040 14563 11443 30269 7335 25416 19819 22443 12979 22667 18334
7374 32633 21948 15838 29434 16458 31138 19426 28124 178 18334 5007 12645 13887 16492 5007 11929 6635 23858 14892 10549 2337 16753 15131 28124 18616 14023 30956 6040 11322 24361 22281 11304 8715 7335 2021 5007 12979 16458 18554 27993 15495 17309 178 32519 16458 6635 30956 20463 15181
32048 11101 15039 23643 32519 5007 32048 9170 18554 27993 14892 24 28851 23056 15228 12645 11322 16492 25626 20461 23056 8715 1461 14892 19426 15838 18334 2337 18893 11322 24 2337 15039 15131 10239 11929 27081 30956 29434 8277 7636 16195 15911 18554 15039 2021 17211 15039 12645 11304
14169 5334 15838 11101 1461 28124 32085 11101 8715 15838 32048 15838 26739 11304 24361 23082 4893 15911 24824 27081 6237 22667 14892 1461 30956 27993 15039 32048 17211 16753 27213 15131 16458 14169 7374 28851 17309 11101 24 32048 32085 21948 12979 16195 5007 28851 11929 9833 32519 0
18554 2337 11304 30269 7374 13887 16112 0 11101 15131 15911 19819 10549 30269 7335 17211 14563 28124 27213 23056 22281 31138 24 2337 1461 32519 26384 12979 2021 27081 24417 32519 31656 15495 5334 2337 23643 15911 541 9833 17211 19426 16492 24417 17309 25416 6237 7765 28851 178
-1 12645 11459 11322 6825 10239 18616 20463 7374 5007 25416 32633 -1 30269 -1 11459 6040 32519 28851 27081 30269 19819 19426 32085 7335 10549 -1 11459 -1 -1 14023 -1 11459 -1 15911 24417 11459 31138 541 10239 19819 -1 7374 7765 29434 20463 25416 32519 18616 15838
26349 -1 -1 11459 11929 27128 32085 32085 18334 15131 18893 -1 26349 15911 11443 6825 10549 -1 16492 -1 -1 178 14892 -1 22281 -1 11101 14023 8715 18616 24824 10239 -1 5007 19426 15838 28851 4893 15181 15495 -1 18554 11443 15911 178 11304 31656 23643 11459 16492
-1 9170 27993 16112 -1 8715 1461 4893 14023 -1 6635 -1 6040 5334 -1 1461 178 24824 23056 24824 14023 14892 24369 17211 22667 15181 26384 32048 27081 16753 6040 -1 19819 23082 -1 32558 19819 18893 30818 -1 32519 22667 11304 7765 17211 6635 27128 5007 19426 14563
2337 16492 18334 2092 16492 14563 5007 20463 25416 -1 18554 5334 -1 16195 6635 23082 178 -1 31656 15228 9833 17309 29434 -1 5334 19819 32085 16753 -1 27213 22212 2337 23643 2092 31138 27081 25682 24824 -1 25416 6040 32558 6237 25682 8715 22443 -1 -1 10239 25626
21629 7636 -1 25416 27081 2021 12645 32048 -1 7374 11304 2021 -1 27081 11322 25682 32558 7636 5007 15838 10239 19819 -1 11101 11443 15039 11304 13887 15495 6635 7765 12979 -1 24361 12645 8277 26349 21629 -1 30956 31138 23858 -1 27213 23858 20463 15039 14563 22281 26384
-1 -1 20461 -1 11322 15911 -1 24361 23643 14169 11459 -1 5334 11322 11304 7374 16492 25682 26739 -1 -1 -1 32519 0 -1 -1 7374 -1 25416 16492 25416 -1 11443 27128 11101 9170 12645 24 31656 8715 29448 12645 30818 32558 19819 11443 23643 26384 -1 20463
20461 22667 24361 14169 -1 13887 6040 6825 31138 24 8715 -1 15911 15181 14892 25682 13887 -1 22135 25682 16112 22281 31656 -1 -1 -1 -1 24369 -1 14892 20463 12645 16112 15131 -1 11443 15911 15228 2021 0 5007 22135 178 30818 6040 10549 14023 -1 16458 15181
7765 -1 1461 178 11101 -1 32085 2337 27213 4893 23858 9170 14563 15838 -1 14023 -1 -1 32558 32558 31656 12979 14892 11304 15495 15039 -1 -1 29448 14169 11459 25682 16112 5007 29434 19819 22667 24 4893 24369 7335 25416 27213 -1 24369 22281 29434 -1 7636 18554
22667 18893 29448 11322 14563 32048 7765 9170 -1 5334 31138 15495 26349 25626 -1 13887 -1 15131 -1 18893 -1 5007 24824 23082 -1 -1 -1 32558 -1 2021 24 22443 9170 5334 32519 29448 10239 -1 30269 14023 32048 26384 24369 21948 6825 26739 -1 32048 -1 27993
5334 178 10239 6635 28851 7636 16112 178 22212 14023 14563 29448 19426 17211 19426 14892 24417 -1 2337 24 -1 -1 24 -1 10549 27993 11443 16753 -1 6825 -1 7335 11101 23858 13887 15495 6635 10549 12645 2092 8715 7335 6237 23643 22667 -1 -1 -1 18334 6825
7765 24824 15495 24824 -1 9833 18334 541 19819 0 2021 -1 15181 18554 26739 -1 23858 -1 8277 -1 25682 15911 -1 15838 -1 27081 -1 12645 13887 26739 12645 23082 -1 27993 32633 2337 11929 26349 15911 32519 6237 25416 25682 19426 18616 18334 -1 26349 26349 2092
178 22443 24 25626 -1 17309 16492 18893 8277 6635 -1 30956 31138 32048 14169 -1 5334 5007 26384 27213 24824 13887 2092 13887 12979 9170 20463 541 30818 15838 16112 15838 22667 -1 -1 -1 178 15181 -1 27081 32048 4893 27993 32633 17309 16112 25682 2021 12979 -1
17309 -1 16753 16753 31656 27128 178 -1 7374 22443 -1 6825 -1 -1 27213 11459 26739 9170 8715 22135 31656 11443 23082 29434 6040 10549 0 23056 -1 23082 32519 -1 2092 19426 28124 -1 -1 24417 24417 -1 5007 7636 30269 8715 24417 25682 15495 8277 11443 22281
2021 14892 1461 20463 25682 14023 7636 16458 11929 8277 -1 15911 11304 31656 6635 18334 -1 -1 11304 15495 5007 15838 21948 30818 -1 18893 14563 16112 -1 16112 31138 15911 5334 32558 -1 32558 12979 32048 24369 9833 18334 18616 17211 -1 15228 14169 31138 7636 8715 12645
0 24361 31138 22667 15838 14169 27213 -1 -1 27128 16112 -1 22135 0 21948 10549 15495 15911 30956 18893 23643 -1 11929 22135 22212 17211 15131 12979 -1 7374 -1 6635 -1 -1 31138 -1 15181 29448 26384 18554 24417 14169 15131 16458 8284 -1 7374 -1 18893 -1
6040 23056 -1 5007 20463 24369 -1 9833 15039 -1 31138 7374 20463 20461 26349 32633 26384 22443 -1 24824 30818 1461 27213 0 32633 24 15495 -1 5007 32085 -1 11929 30269 30956 7374 8284 6635 15911 15228 -1 32085 5334 22212 22443 23858 29448 -1 10549 20463 19819
-1 -1 -1 -1 22443 2021 25416 24417 32085 -1 15131 15228 -1 11443 9833 26739 2337 24361 29448 26349 23858 6825 23643 23858 8715 15838 7374 32558 5334 -1 22281 -1 18893 17211 22212 5334 23643 31138 11459 26739 32519 7335 9833 16753 15131 -1 -1 178 15131 19426
17309 18616 -1 31138 25626 1461 10239 18334 11101 16112 7765 27213 2092 32633 7335 24 5334 9170 -1 17309 18334 32633 18554 18893 12979 14169 6825 31656 26384 32519 -1 -1 12645 18616 12645 32048 16492 15838 27993 11304 32048 10549 -1 25416 -1 -1 25416 7765 28851 24417
-1 11101 17211 23056 17211 12979 28851 17211 22443 7374 -1 -1 24417 19819 30269 -1 18893 -1 18616 -1 27081 18616 29448 178 30818 15039 6040 -1 15228 17309 7335 8715 0 8715 27128 12645 11929 10239 7374 10239 -1 -1 16195 24369 15228 27128 12979 23082 14023 17211
11459 12979 29448 18893 15131 14169 24369 19819 32048 26739 4893 18334 23056 32048 11929 14892 27213 32048 26384 26739 4893 7636 -1 5334 23082 -1 16458 8715 30269 -1 24824 32048 19426 -1 10239 11443 2092 -1 15838 25626 25626 178 541 21629 -1 25416 15838 9170 15495 22212
0 5334 2337 6635 -1 -1 27128 -1 12645 22281 23858 22281 541 16195 27993 22281 27213 23643 11443 10549 30956 -1 32519 19819 30956 -1 -1 27993 26739 5334 19819 17309 29434 -1 14169 11929 24369 8284 23082 21629 30269 18893 23056 21629 6237 -1 11929 11443 32633 11443
5334 29434 27081 1461 14892 32519 28124 -1 30269 28851 30956 -1 12645 -1 -1 30269 6040 9833 15181 -1 25626 13887 18893 -1 23643 10549 6237 11322 21948 24824 2337 16492 27081 23643 -1 6635 25682 11304 24369 25682 25682 24417 -1 0 27128 8277 22443 -1 31138 14563
-1 5334 20463 -1 2092 30818 -1 28851 28124 18334 6635 12979 28851 16195 -1 24417 24 -1 5334 4893 23056 14169 20463 15228 14169 14169 -1 21629 15838 22443 32519 7765 23082 15838 10239 -1 -1 10239 4893 14563 16112 24 32085 16112 27993 -1 16753 -1 -1 6825
15039 23056 22212 30956 6825 15131 4893 6040 14563 32558 11304 6825 5334 6040 14563 16112 15495 15911 22443 15838 -1 9170 7636 21948 -1 22135 14563 30818 20463 23643 15495 22281 -1 -1 -1 -1 541 9170 23082 22135 7374 -1 18554 29448 16458 28851 1461 22281 16753 26739
16195 15911 26349 19819 -1 12979 23858 11101 15911 15131 25626 -1 32048 32085 -1 541 15495 -1 -1 1461 20463 23858 16492 -1 22135 21948 27081 24 -1 21629 12979 11101 -1 27213 -1 11304 -1 23056 24361 32085 25682 -1 0 -1 30818 11443 -1 22281 6825 22135
-1 25626 18616 -1 -1 24 24361 29448 15181 -1 22443 24824 8715 24 20461 22135 9833 30818 18893 14023 15131 20461 18554 15838 16458 19426 26384 31656 27081 -1 30818 30269 15228 21629 26384 5334 30269 14892 23056 6825 -1 17211 -1 11459 -1 1461 18893 19426 -1 9170
8715 23643 -1 -1 14563 -1 21629 15131 8277 27081 18334 -1 25626 8284 2337 7374 32633 19426 27128 -1 15131 24361 -1 18334 22281 25416 7765 27993 18334 25416 10549 -1 18616 1461 31656 11304 -1 -1 6825 31138 1461 1461 26739 -1 2021 -1 23082 24417 26349 8715
26349 13887 11322 23056 23858 -1 12645 22135 23082 23082 -1 10239 -1 30818 31138 -1 17309 27128 8284 25682 -1 24417 -1 15495 23056 7636 1461 32048 23082 -1 15838 8277 -1 31138 16492 11443 -1 11304 29434 -1 24369 15228 -1 15838 24369 24369 15495 16458 -1 32048
11101 27128 23858 19819 24417 11304 4893 7374 12979 22443 19819 14563 16753 32633 19426 -1 18554 2021 27213 6040 13887 9170 31656 9170 23858 23082 16753 23643 11322 25416 0 23056 18334 -1 -1 15838 22443 6040 -1 -1 16195 11459 25626 24417 -1 15838 7636 31138 32519 27081
15495 25626 14892 27993 30956 23056 1461 30956 -1 -1 18334 32519 11322 -1 -1 32048 -1 25682 14169 14023 7765 -1 178 2092 1461 -1 19426 541 14169 14563 541 26384 23082 -1 15228 11443 -1 24417 18554 8715 32048 10239 -1 11304 -1 7765 25626 15131 16458 0
28851 -1 28851 27213 27081 19426 -1 18616 18893 16492 7636 22212 -1 8284 12645 11322 26739 30818 32048 -1 22667 14892 24369 14563 29434 32048 19819 12979 23056 27993 17211 31138 24824 27128 -1 19426 -1 22443 14023 8715 14892 15228 17211 27213 -1 -1 -1 18893 -1 17211
6237 17309 19426 14169 12979 -1 2337 14023 8715 -1 19819 15838 27993 18334 14563 7374 178 16492 11322 178 22212 20463 12979 16195 32633 -1 22212 26384 16492 6237 25416 4893 -1 25416 24369 8715 16458 12979 26384 -1 16195 22281 15495 31656 178 -1 -1 -1 14892 22135
14892 16458 23056 16112 -1 10549 14023 27993 18334 11443 23643 24 22443 -1 18334 6635 18554 -1 18616 26739 11322 23858 -1 28851 -1 -1 -1 6040 17309 2021 6237 32558 11304 14169 7636 30269 19819 -1 6635 -1 4893 23056 16753 -1 -1 14023 14563 31656 24369 23082
9170 15911 18616 -1 -1 24417 4893 24417 6635 19819 16112 21629 10549 17211 12979 23858 11929 -1 17309 7636 23082 22281 15181 -1 32085 19819 16195 18616 9833 26349 29448 6237 25626 2092 27993 21629 20463 32048 18554 -1 178 -1 11322 22212 23643 1461 -1 11322 -1 24824
32558 2021 23082 30269 16112 15181 7765 22667 18893 21629 -1 12979 23082 29434 26384 9170 -1 27213 15911 16112 8284 21629 24 6040 22667 18554 -1 8284 11304 -1 14169 14023 178 -1 16753 17211 -1 28124 0 -1 24361 11459 -1 23082 14169 27993 5007 11929 28124 16112
2337 22667 -1 -1 11322 12979 10239 11304 32085 -1 31656 15131 -1 -1 6825 10239 22212 17309 7374 -1 22135 -1 22135 13887 29448 7636 21629 17309 7374 22667 28124 -1 6040 22443 17211 -1 16195 22667 22212 17211 16112 4893 -1 14169 -1 9170 13887 4893 14023 2021
16112 4893 7335 178 25682 -1 6825 27213 24824 25416 -1 22212 11443 -1 -1 -1 1461 26349 32085 4893 32519 20461 -1 32048 2092 11929 11929 27213 -1 22212 -1 25682 19426 -1 2092 16753 16195 10549 29434 31656 30818 22135 18893 18334 -1 -1 15039 27993 11101 -1
-1 -1 -1 19819 541 -1 27213 10239 -1 28851 27081 -1 18554 541 27128 14563 20461 -1 14892 17309 -1 16112 26349 12645 -1 541 25416 30269 24824 15911 15131 -1 8284 26384 29434 5007 -1 23643 -1 31656 16112 11101 0 17211 6825 14563 -1 5007 25626 -1
15131 20461 14023 -1 28851 6040 12645 -1 25416 12979 24 9170 14892 31138 27993 31138 11322 -1 10239 -1 -1 -1 11101 18334 15181 -1 6237 11304 -1 23056 23056 23858 -1 6825 541 -1 9170 5334 27213 -1 25682 5334 15039 541 9833 7374 -1 -1 26349 22443
27128 16458 26349 15911 15131 0 -1 11929 13887 27213 16492 16458 18893 15911 27213 11304 32558 8277 22667 17211 32558 16753 23858 20463 -1 32048 7374 1461 26384 18893 -1 -1 26349 -1 -1 14563 23082 -1 27993 24417 7335 178 29448 2337 -1 23082 6635 32519 -1 16195
15495 6040 22212 22135 -1 18334 16458 24369 18334 23643 24417 32558 14169 -1 27993 22667 22443 15838 15911 27993 14892 27993 24417 2021 5007 6040 4893 16753 4893 27213 -1 17309 5334 22667 32519 6237 25682 26384 32085 -1 10239 5334 15495 28851 8284 27213 25626 19819 28851 7374
-1 9833 -1 7765 12979 22667 16753 27213 12645 23643 21629 -1 26384 32048 -1 25416 -1 8715 23643 26384 -1 24417 14169 14169 -1 24417 24824 19819 17309 16458 30956 22281 -1 11322 11304 2092 25682 22667 18554 23858 19819 6040 2092 18616 -1 16195 21629 -1 16458 30956
-1 30818 -1 22212 178 21629 -1 9833 11443 23643 -1 15838 -1 6825 15495 -1 29434 16492 -1 4893 15838 5007 18616 22212 26349 16492 0 -1 -1 5334 9170 -1 6825 22135 -1 2021 20461 20463 18616 -1 22135 30269 24369 25626 11929 15131 29448 7636 -1 -1
24417 -1 7374 32085 16458 16753 -1 10239 -1 24417 11443 14892 23056 9833 2021 30818 25416 11443 22212 6237 14023 24 -1 22135 15495 16195 8284 26384 6237 -1 32558 10239 22135 24824 -1 2337 24361 -1 15228 -1 -1 24 -1 -1 27993 9170 8284 17309 -1 27128
24417 23082 11929 16112 -1 12979 14892 22443 29448 18616 12645 6237 4893 15838 32048 24 23082 24824 16753 14023 2337 21629 26349 7636 11322 27993 -1 24 26739 541 11459 26349 -1 27081 14563 20461 24417 20463 -1 5007 12645 16492 -1 -1 26384 7374 17309 1461 7636 14563
-1 11101 19819 22667 10549 -1 24369 -1 25416 16492 20463 11459 6825 -1 11929 16112 12979 22135 18554 6635 32558 -1 7636 19819 27081 7765 6237 30269 11929 13887 24369 30269 24 25626 18334 19426 15228 22212 15181 178 9833 25416 -1 22443 1461 -1 15495 9170 12645 9170
24417 7636 11459 25626 16195 30818 8715 -1 -1 26384 -1 20463 11322 24 23056 13887 25682 22212 -1 15495 -1 25416 -1 29448 5007 22135 15181 32048 10549 15911 25416 8277 -1 7374 15181 -1 -1 10239 -1 15039 18554 10549 7765 27128 18893 -1 -1 -1 20461 14563
6237 17309 -1 18616 26384 24369 26349 -1 19819 7335 30956 -1 28851 -1 7765 32519 32633 26384 2021 4893 15228 20461 31656 16753 -1 27213 -1 27213 22135 14169 24824 23082 5007 -1 18616 15131 -1 24369 9170 14563 8277 32519 24361 27213 28124 -1 28851 20463 23643 11322
25626 -1 18893 -1 15495 11459 15181 11929 -1 11443 24417 2337 -1 22135 4893 11929 -1 21629 7765 -1 7374 1461 -1 -1 14023 6040 14563 -1 22281 13887 27128 -1 16753 18893 7765 -1 6040 7374 6635 16492 -1 6237 9833 -1 14023 12979 12979 24361 -1 20461
27081 13887 13887 17309 21948 32633 18616 7335 -1 25626 -1 13887 31656 -1 25626 24417 24369 8277 2337 6825 17211 24417 27993 2337 18616 6040 20461 24369 26349 25682 16492 17309 11459 -1 18616 6040 6825 -1 29434 -1 14169 -1 6040 6635 4893 15228 12645 25416 24417 24824
-1 -1 18334 15228 11322 -1 24 12979 19426 9833 7335 -1 18616 32048 24417 -1 25416 16753 1461 22443 -1 22443 -1 24 19426 -1 15039 8715 7636 13887 2092 30956 16458 -1 30956 -1 -1 27993 11304 -1 -1 25682 -1 -1 22667 11443 -1 32085 -1 -1
-1 -1 6040 6635 12645 -1 19426 -1 25682 20461 27993 -1 31138 24417 6237 16195 14892 14892 23056 16112 23643 7636 32085 27128 16753 31138 -1 11101 15838 15228 16195 32519 10549 24 -1 -1 12645 18893 15039 2092 23056 30269 6635 -1 25626 22135 11304 11322 7374 -1
5007 11101 8277 25626 -1 -1 32519 32633 32048 26739 -1 10549 18554 2092 25682 29448 12979 10549 18616 2021 8277 25626 29448 11459 26739 -1 18334 6825 27993 -1 5334 0 32633 13887 17309 21629 11443 -1 30956 -1 32633 14892 -1 30269 15039 11459 14563 24361 24417 10239
22281 6040 21948 18334 -1 4893 16492 23056 27128 -1 10239 14892 14892 11101 32048 -1 23056 24369 8715 20461 -1 -1 5007 32085 26384 178 -1 -1 541 15838 -1 18616 -1 22281 14563 5334 11929 178 32085 20463 -1 21629 5007 15838 15039 4893 -1 8277 26384 20461
5334 30269 22443 8715 28124 1461 6237 11304 22667 17309 -1 6040 24824 18334 24361 -1 9833 16492 4893 17211 30818 -1 14892 23858 6040 4893 4893 22212 24369 -1 20463 13887 6635 14169 31656 -1 24 2021 0 -1 -1 2092 6040 22667 14023 27993 13887 10549 26739 -1
27081 20463 23858 24 16458 19819 0 27213 14892 11101 27213 -1 25416 -1 15838 20461 178 11929 2021 -1 -1 31138 10549 7765 18554 541 22281 11322 16112 30818 24824 18554 23643 18616 28124 16458 23056 8715 11459 16458 -1 -1 8715 22443 7636 -1 29448 29434 17309 27993
-1 17211 12979 1461 32085 31138 -1 26349 28851 32519 8715 -1 32558 -1 -1 4893 6825 6825 7636 11304 4893 16195 5334 2021 31138 24 32048 -1 26349 20463 16195 -1 -1 -1 -1 15228 31656 23082 8277 15838 10549 -1 22667 541 -1 -1 14169 -1 25682 29434
-1 31656 5334 5007 11929 -1 178 11443 22281 20463 -1 14023 -1 25626 28124 8284 -1 -1 27128 15039 0 15495 2021 -1 16112 9833 5334 -1 -1 21948 4893 30269 22667 23858 31656 32519 31656 31138 32048 31656 30956 11101 5334 -1 27993 23858 21629 20463 21948 -1
9833 -1 -1 8715 25626 22212 26349 16492 30269 12645 5334 32633 -1 -1 18893 -1 -1 1461 19819 15838 -1 7765 32633 20463 23643 -1 7335 10239 14023 15181 -1 25626 30818 11443 2337 15039 -1 27128 7335 15181 19426 23082 15838 -1 29434 25416 -1 541 24417 -1
25416 7335 11459 -1 16458 -1 15039 16753 25682 15911 0 19426 -1 -1 11101 24417 11304 5334 7374 22135 9833 -1 6040 30818 -1 2092 -1 11322 15495 15181 25416 18554 -1 11304 22443 7636 11322 30818 6040 31138 22135 22667 16753 18554 32558 30269 15838 -1 13887 -1
4893 24369 24 32519 8277 13887 24369 9170 -1 1461 2021 9833 32519 8284 30269 24369 22667 21629 -1 7636 14023 20463 12645 5334 24824 15039 -1 -1 13887 22135 1461 26739 32633 7765 14563 19819 29434 25682 -1 22212 5334 22443 29448 -1 18616 9170 24824 2092 11304 8284
-1 16492 11459 28851 15228 14023 11101 -1 11929 5334 27213 1461 32048 -1 -1 14892 4893 24361 32558 24 25682 14563 30269 22667 16458 6237 -1 24 23056 26384 15228 -1 9833 5007 18893 30956 1461 9170 5334 2337 2337 14023 30956 7374 2021 28124 -1 25416 11304 -1
27128 28124 -1 22443 14023 29448 9833 19426 32519 14023 18616 15039 14892 30956 30818 -1 -1 5007 32519 29434 28851 25682 19819 -1 4893 23858 16195 32558 26349 14169 20461 21948 6635 11459 9833 15181 26384 7765 32048 2092 7335 15838 20463 -1 22281 4893 22281 32633 23056 30956
19819 7374 21948 8277 -1 11101 15181 17309 7765 8715 10239 24417 29434 21629 27128 22443 21629 11459 13887 26739 18334 11322 -1 22443 14563 -1 26384 -1 20463 0 -1 -1 -1 0 7765 24 12645 178 -1 -1 541 12979 24824 32633 21629 2092 32085 -1 5007 -1
9833 11929 6237 -1 11929 11929 7636 7765 22135 11443 -1 -1 7335 2092 23643 21948 -1 11443 32048 6635 7765 32085 17309 20461 14563 25416 31138 12645 8715 7335 23643 12645 0 -1 -1 21629 26384 8715 32085 2337 13887 18616 19426 541 -1 11459 22212 -1 28124 26349
-1 -1 15838 7335 10549 -1 16112 25682 24361 17309 -1 27128 11322 6635 -1 5334 32085 16753 -1 8284 1461 14563 15039 29448 32048 -1 7765 7636 6825 32633 14169 27128 -1 17309 22135 31138 -1 7374 -1 -1 26349 16195 15039 31656 18616 24824 26349 6635 11304 20463
-1 -1 25416 31656 0 2092 -1 16753 -1 15228 9170 23082 15039 11101 24361 22667 22281 20461 27128 16195 26739 -1 31138 25682 5334 31656 6635 27213 15131 27081 -1 10549 1461 18616 7636 -1 11322 26384 24 8277 -1 18893 29434 24369 2337 7335 15131 11304 541 24824
31138 -1 18893 10549 2337 20463 12645 -1 -1 19426 31138 8277 11101 15495 27128 23056 14169 18893 -1 26349 15181 31656 22443 23858 7374 541 6237 -1 32558 541 23082 -1 26384 30818 -1 7374 25626 23643 2092 11304 178 14563 13887 16753 -1 27081 22443 11443 -1 -1
26349 8277 24369 20461 8284 -1 21629 22667 9833 18334 15495 -1 -1 32048 -1 20463 14892 19426 23056 14023 6635 25682 -1 20461 11929 2337 26384 16112 -1 15228 15911 27213 15039 15181 28124 15181 -1 24361 -1 23082 6635 15838 11459 23056 27213 15228 16492 18893 -1 1461
-1 8715 26384 16492 23082 11304 19819 24417 -1 16492 28851 6635 -1 15495 25626 7374 21948 12979 32085 28124 22135 27081 11443 21948 2337 4893 -1 -1 11929 8277 32558 32633 -1 24361 23643 19819 7765 11929 21948 -1 9170 11443 -1 25626 32558 19819 20463 14892 -1 -1
11322 -1 21948 7374 21948 15181 14169 17211 22135 14169 9833 11322 9170 27213 2092 32519 23858 17211 7636 14023 14023 13887 23858 17211 15495 -1 -1 30269 16458 30956 23056 178 5007 -1 26349 -1 18893 30269 23082 1461 19426 -1 5007 13887 5007 -1 18893 24417 24369 22667
15228 25626 5007 20463 -1 15838 10549 178 9170 23082 27993 7765 24361 6825 -1 22443 23056 541 26349 14023 541 -1 -1 6040 23858 4893 -1 23082 16458 24417 12979 -1 20463 21948 -1 14892 14563 16753 11929 24369 24369 27081 -1 -1 26349 -1 -1 30956 20461 27128
2021 12645 25682 15131 1461 25626 10549 32085 11443 -1 18893 15838 -1 -1 29448 10549 15838 11304 32048 20461 -1 27081 9833 10239 14563 32048 31138 27128 23082 16195 -1 12979 19819 -1 541 2337 5334 26384 16195 -1 -1 11929 23858 1461 -1 15131 9170 15228 14892 20461
-1 -1 21948 -1 15838 6825 24824 15039 2337 -1 26384 0 -1 -1 -1 541 8277 -1 541 11101 15131 22281 13887 0 22135 5334 0 4893 22212 23643 16112 23056 9170 15911 -1 22135 16753 1461 22443 6237 -1 541 18334 -1 -1 11304 23643 32085 1461 16753
-1 14169 18554 15039 14892 27213 22667 9170 12645 -1 21948 1461 12979 541 22212 19819 17211 -1 -1 9833 25682 11443 -1 14563 23056 16195 13887 27213 15228 11101 16458 11929 21629 23082 7765 24 30269 30818 11304 1461 24369 17211 -1 7374 14023 31138 -1 -1 32048 -1
-1 27128 11101 24369 -1 10549 -1 18554 28124 22443 12645 28124 11101 11443 16112 31656 4893 -1 25416 23643 16112 -1 -1 14023 27213 5007 4893 -1 -1 16753 31138 18616 -1 27081 6825 12979 9170 30269 16458 7636 16112 21948 17211 18554 -1 27081 25682 2021 -1 6040
15495 -1 16195 6635 21629 8277 11459 32085 11443 6040 11443 7374 25626 20461 32633 19819 20463 -1 -1 -1 14892 178 16112 -1 -1 -1 24417 24369 24417 17211 -1 -1 28124 24824 -1 6825 11304 -1 11101 26349 26739 18616 22443 24 -1 -1 23858 -1 -1 15228
2021 26384 7636 8284 1461 21948 -1 -1 16753 -1 4893 18616 6237 27128 15838 14169 19819 27993 10549 -1 27081 27213 -1 11304 15838 16112 -1 22443 0 23056 2092 31656 30269 24 32558 30818 11459 11459 2021 -1 0 -1 4893 16458 -1 -1 16112 32519 32048 21629
22281 20461 17309 32633 11322 24417 -1 15181 -1 11101 15228 -1 9170 2092 25416 17309 -1 -1 6825 -1 22135 -1 2092 -1 -1 14169 15181 -1 -1 -1 -1 26384 7765 6237 4893 -1 -1 -1 12979 -1 -1 10549 27993 15495 17309 22212 15131 26384 23858 22667
-1 25682 6040 30956 -1 -1 24 -1 26349 10239 16458 25682 22667 -1 -1 -1 23643 -1 28124 5334 21948 14563 29434 30956 17211 17211 10549 30818 -1 -1 29434 23056 26349 7765 30956 14563 10239 15495 -1 7335 -1 28851 31656 29434 25416 7335 -1 30269 541 -1
-1 22135 27128 -1 16458 24369 -1 11929 32558 14023 13887 -1 11322 541 7765 -1 28851 25416 2337 2021 5007 24361 2092 11322 1461 18893 -1 21948 11101 22135 32558 16492 15838 -1 32048 22212 -1 18893 31656 19819 12645 -1 31138 22281 14892 23082 -1 16112 25682 11304
22667 11929 14169 22443 6825 12645 15181 -1 24361 -1 18554 1461 27128 13887 -1 16492 -1 17309 -1 8284 24417 18334 30269 24369 30269 9170 0 24 -1 24417 15228 27081 -1 12645 10239 11459 8715 11929 25626 2092 -1 23056 18893 -1 15911 -1 7636 32085 23643 21629
7765 22281 -1 11929 26349 24369 -1 6635 20463 29434 -1 5007 11304 -1 -1 -1 -1 17211 7335 11459 -1 32633 17309 -1 32633 6237 21948 2092 10549 11322 7765 27128 26349 -1 23082 -1 7765 32048 16195 0 -1 8277 32633 11929 26739 25626 27081 30269 11101 10239
-1 -1 541 15838 1461 18893 16112 7374 7765 11322 18334 15911 7636 9170 14563 -1 29448 23858 18893 21948 21629 28851 -1 -1 30269 -1 19819 8715 29434 -1 21629 15131 16753 25682 15131 8284 -1 17211 11929 15181 17309 14169 27213 2337 26739 24369 16458 6237 178 15039
16112 -1 12979 -1 28124 -1 -1 7374 -1 -1 12979 18334 5007 -1 16195 -1 -1 16112 10239 -1 26739 24417 -1 -1 10549 6825 6825 16195 24824 -1 30956 -1 7636 18334 15228 17309 14169 -1 -1 13887 32519 32633 8715 32519 8277 24361 11929 10549 -1 7335
27081 7374 -1 15039 21948 -1 8277 15131 21948 14023 29434 22212 10239 14563 26384 15039 32519 30818 24824 32558 23056 20461 15838 8715 18616 15495 -1 30818 -1 29448 -1 18334 27213 23056 31138 19819 23858 11459 15838 15495 22281 16458 19426 26349 16112 19819 14892 24361 178 15838
26384 21948 32558 32048 7765 32558 26384 7765 15039 -1 -1 14892 -1 16753 8715 19426 29448 16112 1461 24417 32519 -1 27128 11459 -1 8715 -1 15131 24369 17211 4893 7765 -1 -1 22281 27213 11304 16753 -1 15131 24369 17309 16492 8277 28851 12979 5007 7335 22667 -1
22443 16458 20461 15838 30956 -1 18334 10239 11101 8715 -1 -1 11459 8715 -1 11443 -1 30956 22212 24361 32633 -1 -1 -1 18616 26349 6825 11101 22443 16492 -1 30269 23643 8277 32048 29434 5007 5334 -1 -1 -1 30269 21629 541 30269 9170 30956 6237 32633 32519
32048 9170 8284 18616 15911 2337 19426 15131 0 22281 15911 32048 16492 25416 25416 16112 5334 7636 -1 10549 30956 32558 32519 18893 2021 18554 2021 -1 -1 15228 -1 15838 15131 11929 14563 29434 29434 23082 20461 7374 14563 6237 15838 178 -1 18334 7765 10239 32558 8284
28851 18893 25682 8277 -1 23082 22281 32558 22212 6635 15228 -1 6825 -1 -1 17309 21629 26739 23056 27213 9170 22443 19819 10239 12645 23643 20463 -1 18334 6040 19819 24824 6237 -1 7636 29434 32558 24824 24824 23056 23056 6825 18616 10549 11101 21629 -1 32633 541 22135
29448 30956 31138 27128 23056 23056 32048 2092 13887 15039 11929 26349 32519 23858 7765 18334 19426 9833 15228 6040 5334 -1 -1 6635 22212 5007 7335 -1 11929 6825 22135 -1 -1 27213 -1 11929 14563 10549 32519 23082 -1 23082 18616 15495 26739 18616 -1 24 -1 26384
11101 15181 12645 28124 15495 24824 32558 32085 -1 30269 32048 11322 20463 28124 6635 -1 16492 16458 25626 -1 29448 27128 8284 -1 18554 16753 18893 9833 -1 7335 8277 -1 26739 11322 8277 7765 18616 -1 21948 7636 24361 2337 13887 -1 7335 14563 16112 24361 22667 6237
14563 2021 14169 32048 7335 30818 -1 -1 15495 -1 -1 16753 2092 15911 29434 -1 6040 29434 15181 27993 10239 -1 29434 24 24369 6040 11929 30269 9170 27213 18554 23858 -1 16195 2337 7636 32558 26384 -1 32558 -1 8277 32048 -1 11443 28124 15181 -1 -1 16112
24361 541 -1 4893 -1 7765 -1 -1 15228 27993 15039 26384 18893 2021 24361 -1 27213 -1 -1 24 32085 26384 19819 -1 11459 -1 30269 28124 7335 -1 28851 5334 5334 -1 32558 -1 -1 18893 14892 -1 11322 32048 30818 16458 10549 7765 13887 21629 17211 -1
16195 15039 2092 32048 -1 16492 15911 5007 27128 24824 14563 27993 22667 32558 23082 23056 21948 16195 27128 8284 -1 -1 -1 -1 32558 14023 11459 -1 19426 -1 18334 -1 6825 26349 32085 11443 18893 27993 19426 -1 -1 6040 -1 -1 -1 28851 9170 27128 9833 24369
24369 26739 26739 25416 18616 9833 -1 -1 -1 32558 22281 8715 15228 -1 -1 17309 6825 6237 12645 32085 15911 16458 15181 24824 14169 9833 11304 -1 32048 30818 14023 32085 -1 7765 -1 4893 8277 24824 -1 7765 32085 16112 16195 5334 23643 2092 29434 19426 7374 6237
8715 14892 11443 16458 8284 14563 24361 9833 13887 -1 22135 5334 2021 32085 23082 -1 14169 14892 8715 27128 14023 -1 7335 -1 1461 6825 24824 -1 -1 15911 14892 25626 -1 29434 -1 11929 27081 19819 29448 15228 14563 11322 5007 2021 11304 22667 29448 10549 8715 9170
8284 14023 8284 -1 -1 7335 7335 18334 10549 -1 -1 -1 9833 541 22443 30269 32519 12979 -1 26384 6635 13887 22443 7636 -1 32085 27213 15228 11304 14892 11322 -1 12979 29434 -1 -1 30818 15911 17211 13887 -1 2092 5007 -1 6825 28124 -1 11929 2092 25626
21948 23643 25626 -1 28124 30818 8277 25416 32519 21948 -1 -1 18334 16753 178 15039 20463 23082 -1 -1 23858 6040 6635 27081 24 -1 32048 2337 -1 -1 11304 23056 28851 15911 541 25416 16458 22443 25416 22212 541 11929 -1 9170 30269 30956 6237 -1 18554 18893
7335 -1 31656 25682 18616 10239 14023 11101 22212 26384 16195 25682 31138 21948 7374 16195 32085 31138 7765 11101 25416 18616 -1 9170 23858 0 24361 11443 6237 16492 178 26739 2092 11459 9170 22667 18616 32085 178 29434 17211 15131 -1 28124 5007 10549 5007 30956 21948 18554
49 31
