60
5 2 45 54 31 56 
10 55 53 29 15 45 8 4 51 5 48 
12 33 5 18 40 23 38 55 13 35 41 13 4 
3 59 3 5 
5 31 45 45 32 21 
10 21 16 41 16 5 34 56 18 30 11 
4 57 12 54 45 
12 4 16 22 40 11 50 31 51 22 3 19 18 
10 11 17 6 23 37 23 9 28 17 56 
4 10 10 44 57 
5 18 3 60 46 53 
3 59 41 14 
10 39 1 58 25 12 38 51 55 42 24 
4 27 33 53 33 
6 9 40 2 26 60 7 
7 30 7 26 18 2 9 30 
4 41 38 59 13 
4 46 34 38 4 
7 27 43 6 31 16 13 21 
4 13 5 23 20 
4 21 28 30 60 
11 26 29 28 38 19 3 26 53 27 40 20 
6 35 13 16 57 55 56 
9 1 41 41 12 25 15 13 35 6 
7 34 8 10 56 20 57 34 
2 51 20 
4 39 31 12 19 
9 58 4 31 2 41 25 9 2 52 
4 17 4 41 54 
3 23 33 27 
9 44 32 60 3 59 60 29 41 50 
7 58 28 60 20 10 53 3 
12 51 38 50 59 8 25 20 22 36 27 40 33 
4 22 11 32 33 
7 12 57 23 41 39 56 31 
2 26 22 
5 11 59 49 36 59 
11 26 42 13 46 39 20 60 14 5 7 56 
10 20 56 20 4 38 24 14 42 39 2 
11 26 4 44 54 53 59 38 60 21 53 49 
11 11 41 50 21 8 58 57 43 22 12 6 
7 58 15 27 6 60 27 19 
5 20 27 37 53 25 
10 47 6 32 9 36 47 29 34 50 55 
9 42 28 18 43 13 22 59 33 37 
3 24 40 55 
7 37 37 25 56 40 31 57 
8 15 17 4 40 32 14 48 13 
7 49 39 30 18 3 46 28 
12 40 23 47 17 46 23 17 22 39 60 29 55 
7 28 28 37 9 49 55 14 
7 46 22 38 13 44 50 29 
4 43 45 7 24 
11 21 26 2 43 5 48 52 12 4 39 58 
3 55 15 22 
7 51 3 27 41 25 57 35 
2 49 1 
7 36 15 5 43 28 57 56 
8 15 31 15 60 11 1 23 11 
2 53 30 
75062 -873605 471634 -753207 -806058 -176067 444693 658894 -9419 -166356 823241 469684 44619 80762 -387816 977235 512452 -452753 -563287 -999002 263252 763287 642289 -929243 -982580 -312559 -895880 570649 -241148 811010 -677047 475444 673180 698697 386576 613846 783864 -849870 991694 327418 355688 481040 916572 -653248 -760069 152114 -741606 307524 559631 -952689 -327679 328876 -665579 710078 -142902 -56343 222958 731973 112075 -526091 
