190
6 63 180 48 58 147 155 
3 97 78 12 
37 94 11 103 156 109 162 49 42 3 88 26 127 170 144 167 20 50 163 57 102 185 138 93 159 39 163 108 11 110 114 38 116 24 75 42 107 132 
24 42 19 40 86 70 137 152 124 167 103 89 176 130 80 179 3 154 60 112 137 119 177 63 4 
8 31 39 90 90 46 95 167 42 
27 23 37 55 179 65 129 166 102 179 99 121 30 148 117 83 89 128 89 145 86 125 9 37 183 68 187 179 
31 58 93 49 77 128 14 20 23 165 57 133 50 138 147 82 70 133 138 159 123 70 152 28 175 170 158 66 53 74 37 133 
37 19 104 136 50 60 137 166 91 69 169 53 74 68 157 14 30 181 174 100 30 67 70 106 146 90 100 97 154 129 104 79 187 188 172 10 41 179 
4 73 131 134 41 
24 58 52 6 126 127 76 14 57 114 55 34 120 35 144 28 20 100 127 50 82 89 36 59 45 
12 16 36 127 131 134 129 8 84 61 25 107 101 
21 43 122 156 20 60 129 143 61 142 16 188 70 150 68 107 49 5 31 185 78 52 
26 91 122 151 100 171 43 173 188 161 13 53 145 153 176 186 49 44 109 7 6 59 137 47 104 38 93 
15 15 45 145 54 107 4 74 21 169 44 2 61 102 42 86 
30 100 131 186 18 190 181 170 103 35 111 171 89 138 61 25 146 32 175 39 75 9 22 164 135 25 91 133 51 136 156 
4 125 65 61 77 
29 43 57 73 52 162 42 76 22 24 56 94 138 118 46 33 117 10 189 162 38 91 84 59 80 78 183 114 129 150 
34 133 188 93 142 135 187 18 92 119 166 124 115 110 190 165 38 184 186 183 28 90 110 41 172 62 104 104 156 142 40 114 57 80 155 
27 158 188 73 176 150 115 92 178 184 175 45 30 74 50 35 5 162 122 46 141 116 62 131 27 189 108 22 
3 106 161 103 
36 158 152 144 72 47 126 31 26 55 118 59 72 139 65 35 150 131 161 179 66 78 46 128 54 158 158 100 9 99 153 129 176 161 64 170 150 
13 70 142 57 186 68 184 91 99 70 12 138 8 51 
19 183 108 77 180 131 91 74 135 97 162 10 144 15 107 37 136 27 47 24 
12 161 183 145 146 35 140 173 130 78 88 113 2 
29 183 15 151 96 18 18 161 60 21 183 166 49 48 89 169 155 46 34 124 60 93 99 190 131 189 128 30 54 3 
30 101 179 148 96 40 44 131 153 40 108 124 96 101 5 107 14 85 139 62 34 62 39 45 5 133 122 40 31 79 46 
25 27 165 144 123 79 145 89 99 23 89 86 87 145 5 131 79 21 157 50 61 72 156 51 149 172 
26 58 127 100 135 38 148 104 162 3 190 125 188 36 20 113 123 91 132 48 91 35 146 149 167 76 61 
9 20 176 82 16 145 59 14 113 98 
24 163 15 8 180 90 38 19 12 121 16 176 37 20 109 70 44 22 12 45 43 39 116 74 151 
24 150 187 78 61 141 17 76 3 181 5 44 62 68 70 11 137 184 54 120 115 178 58 85 56 
11 164 140 16 1 25 40 27 150 111 2 62 
18 27 131 46 112 56 31 64 104 21 147 174 17 42 132 35 4 4 132 
11 52 137 99 66 175 143 59 12 166 59 25 
26 107 28 63 139 78 156 71 20 121 111 137 172 180 145 104 43 185 73 145 1 174 119 12 142 103 3 
33 98 21 177 113 138 27 82 83 84 131 134 189 121 109 148 6 107 95 137 3 48 189 75 169 62 93 9 35 187 63 12 149 139 
11 11 183 180 154 76 76 169 92 44 120 184 
22 130 26 184 150 42 151 76 91 74 33 67 180 146 126 61 123 88 36 105 3 166 111 
25 60 103 118 188 170 152 146 125 29 38 47 54 93 25 137 38 160 117 74 186 153 145 17 92 67 
38 180 3 144 34 48 13 110 179 63 129 37 165 83 40 103 189 4 70 146 6 180 50 16 2 45 33 92 10 121 48 1 128 49 182 157 120 13 49 
17 176 107 94 130 111 112 50 76 67 28 114 77 8 72 168 142 175 
27 86 165 118 140 100 31 70 181 42 160 22 104 13 159 171 147 160 41 181 126 144 86 153 7 16 73 38 
35 69 74 66 45 15 120 91 105 103 88 141 77 57 141 52 63 104 94 95 72 149 18 68 83 66 138 73 129 141 20 132 3 58 152 131 
11 68 93 29 189 167 164 27 182 96 39 106 
36 30 73 10 88 129 169 106 124 172 91 49 171 11 111 62 101 15 5 24 154 116 52 23 144 79 118 109 154 30 48 154 89 167 4 80 184 
30 164 137 135 175 47 75 139 63 9 175 44 84 172 114 146 58 134 84 130 78 168 99 138 107 48 6 185 62 166 178 
38 8 173 41 170 8 148 171 5 7 180 66 52 3 36 39 85 42 130 52 86 20 164 175 26 66 132 59 99 79 184 101 121 42 47 13 84 69 117 
26 9 123 190 136 108 148 33 96 78 172 176 133 55 43 66 171 30 41 21 117 88 184 89 189 58 44 
5 178 8 130 91 184 
9 49 38 160 129 135 173 9 8 13 
34 34 109 141 166 155 76 4 7 101 115 131 172 111 189 66 153 59 43 154 120 162 3 1 90 73 29 141 44 16 27 72 37 2 42 
18 152 93 84 118 34 13 52 30 134 89 116 178 112 104 69 190 176 139 
32 31 156 72 26 160 171 5 1 185 12 169 28 136 141 188 136 48 131 57 7 59 90 169 51 64 127 171 58 66 148 174 175 
5 182 133 90 180 187 
7 69 96 13 172 186 16 83 
18 55 44 153 134 167 51 110 78 70 128 134 153 126 54 99 56 98 44 
26 134 162 182 144 11 72 32 36 137 45 6 23 28 157 124 58 109 153 81 18 129 25 32 179 128 6 
19 167 15 163 162 138 182 21 33 56 139 52 137 186 128 132 109 173 173 68 
21 92 55 179 27 29 12 114 117 88 139 7 42 74 78 25 171 143 10 89 37 110 
6 105 140 170 82 119 171 
32 111 67 56 158 146 145 151 21 161 46 29 10 125 97 141 107 19 165 61 181 132 77 49 185 17 116 8 138 62 70 182 153 
9 117 115 167 52 94 160 11 183 97 
32 71 26 100 154 167 70 51 92 65 18 50 107 59 67 84 11 174 64 126 118 49 11 66 62 45 55 185 124 122 21 172 71 
13 22 45 156 36 113 189 139 56 127 130 165 53 108 
3 71 7 176 
14 30 53 43 59 99 61 20 5 100 180 133 128 55 175 
9 47 140 42 80 62 24 12 44 151 
26 147 144 55 51 141 168 188 185 174 38 31 54 47 38 55 87 63 143 125 124 48 70 18 22 134 87 
12 73 19 181 189 153 5 45 35 150 177 4 148 
12 76 38 47 15 55 1 50 95 178 10 21 33 
23 94 89 56 181 131 96 68 136 68 33 163 161 154 188 114 182 40 51 35 188 26 50 103 
26 154 143 22 54 47 8 29 64 80 22 1 173 76 87 25 131 62 128 181 15 62 166 125 30 157 155 
37 121 159 89 186 1 88 76 27 171 180 1 88 125 156 185 110 132 152 43 108 138 124 26 32 135 97 149 110 183 61 171 46 141 109 60 136 68 
33 91 136 189 51 149 120 59 18 77 7 45 6 78 112 169 100 100 63 108 84 170 190 94 78 123 65 152 94 74 86 161 99 47 
5 181 157 106 115 168 
4 37 80 165 99 
29 9 182 146 164 10 134 132 154 115 20 87 43 155 142 167 67 167 71 58 37 30 125 185 135 118 170 163 45 10 
22 151 57 22 107 35 22 74 125 9 63 49 117 117 3 61 16 76 36 1 35 95 39 
34 95 117 79 58 142 141 15 184 114 73 122 6 61 66 106 77 134 113 4 123 9 128 101 32 25 98 91 164 112 185 189 130 57 63 
26 183 37 62 35 92 184 61 14 7 158 187 138 123 90 143 105 82 117 128 105 62 97 78 26 53 111 
19 146 16 127 28 160 48 9 134 57 10 143 69 34 39 169 12 172 3 27 
9 80 6 110 8 160 96 155 17 68 
29 183 43 179 186 37 117 10 183 19 135 153 111 69 154 44 78 21 190 41 6 66 147 94 141 42 169 103 127 56 
37 52 152 1 16 100 152 62 127 134 138 93 70 164 100 40 19 59 93 166 70 113 46 53 85 162 170 37 107 4 25 20 10 103 56 53 71 123 
20 57 105 72 61 179 151 86 93 177 69 84 87 184 100 33 104 32 139 22 77 
21 49 57 90 155 46 31 106 46 146 153 75 158 158 188 170 157 162 7 42 163 108 
19 93 102 108 139 180 174 103 162 176 134 101 37 154 189 108 74 183 54 81 
16 171 91 15 134 3 87 135 30 110 178 92 120 67 68 19 161 
28 156 58 117 83 135 115 122 14 171 22 42 89 63 94 181 89 169 84 30 11 115 152 136 188 153 15 151 67 
23 39 91 93 1 180 4 126 157 50 61 145 190 1 118 188 134 72 47 190 14 17 187 8 
20 173 93 118 164 182 44 26 164 3 67 46 47 80 177 141 65 35 161 13 94 
19 167 57 132 153 176 20 61 13 167 24 64 67 175 172 87 164 55 148 162 
28 97 80 8 66 160 63 56 98 184 147 104 55 79 95 107 68 155 43 57 43 121 106 47 34 151 45 101 15 
35 40 24 144 140 164 46 84 184 107 124 109 58 12 123 122 59 142 69 87 28 38 88 97 151 107 40 107 2 166 35 12 26 98 67 83 
7 123 116 68 152 73 171 10 
32 140 139 20 185 155 23 58 69 35 32 134 118 165 52 169 20 163 155 73 94 121 135 128 6 114 93 104 140 121 52 93 158 
23 158 9 47 18 116 59 123 103 4 26 77 113 149 160 146 40 115 156 186 152 97 108 174 
4 65 82 150 10 
28 80 106 37 52 12 2 189 126 110 135 183 19 67 123 22 4 136 188 94 80 78 158 6 172 47 18 83 158 
13 70 85 103 158 32 37 18 186 153 141 86 63 143 
4 113 148 69 99 
31 14 190 142 161 158 59 106 24 7 82 56 169 179 190 104 75 171 66 144 131 73 167 39 68 125 125 177 98 20 74 113 
34 187 105 100 166 87 49 29 123 157 54 156 79 89 20 37 39 99 32 148 18 21 2 129 162 114 98 189 11 83 28 139 141 141 156 
27 59 179 105 159 88 158 156 118 116 12 72 111 19 65 135 8 31 175 72 49 1 70 15 31 98 33 4 
21 44 186 162 151 65 186 34 103 141 114 119 101 119 54 103 156 183 34 81 97 132 
27 109 124 72 156 184 49 109 109 81 142 21 40 7 168 115 172 80 110 148 63 111 29 26 43 22 127 177 
6 175 169 62 124 174 5 
29 91 147 51 88 122 7 4 53 190 25 27 3 168 19 166 129 86 33 91 155 25 43 29 109 3 140 84 17 133 
2 161 132 
36 97 82 129 78 172 50 178 135 26 162 165 51 8 131 98 44 125 79 24 9 179 94 31 4 118 170 14 170 173 5 94 57 61 106 144 95 
10 82 97 56 109 32 76 153 12 16 83 
7 1 141 21 110 156 8 80 
30 37 38 15 85 146 56 158 146 171 170 70 4 150 138 180 91 59 190 181 107 39 45 187 113 5 6 28 100 80 102 
9 165 160 117 140 76 107 183 105 66 
26 135 54 70 55 127 133 42 118 140 42 81 87 30 106 167 35 117 86 114 188 149 108 136 149 31 163 
25 12 122 22 1 42 47 46 105 92 174 78 168 96 20 59 15 49 175 177 184 1 161 15 81 127 
4 145 51 89 49 
17 6 56 22 162 163 19 138 176 115 187 40 111 89 40 127 165 36 
25 162 49 100 52 47 33 65 81 12 123 164 25 118 129 169 148 75 142 121 54 53 61 1 80 53 
21 28 75 144 45 23 132 81 16 167 92 188 123 10 50 81 171 190 174 112 25 43 
2 121 24 
29 135 54 149 42 96 109 186 128 57 65 123 135 83 79 150 118 114 139 76 22 21 125 119 178 11 141 66 167 127 
37 85 182 125 24 77 142 75 8 141 23 43 98 127 133 76 142 88 60 80 44 124 46 131 140 135 170 117 29 129 159 30 58 153 66 89 132 144 
24 168 129 98 107 59 160 92 130 117 141 136 31 40 80 46 145 42 90 142 166 125 7 172 69 
7 68 48 51 29 161 144 32 
23 127 69 60 107 156 37 107 30 153 164 171 45 139 188 28 170 28 177 167 169 134 27 160 
6 153 155 71 117 6 33 
13 177 98 104 175 186 2 140 180 101 160 44 89 130 
9 168 109 122 9 190 140 171 84 132 
21 9 34 37 18 64 162 140 37 69 115 36 43 1 128 41 64 164 36 184 16 170 
32 143 42 105 25 53 164 90 34 175 166 121 170 190 146 143 186 187 25 142 106 150 101 120 173 53 49 71 45 116 56 111 8 
14 48 77 100 87 56 184 5 170 101 27 17 44 172 106 
32 157 5 153 29 47 83 17 42 61 87 33 58 105 1 107 28 114 15 56 83 50 145 2 103 38 57 55 137 40 71 125 102 
17 24 173 138 11 37 30 189 57 89 151 106 121 34 90 168 45 32 
32 84 109 162 9 16 119 68 13 47 75 115 13 149 156 42 138 91 6 180 181 158 43 62 153 116 125 160 141 174 135 31 31 
23 39 37 147 110 64 65 73 68 121 137 131 115 137 149 163 116 10 132 8 140 68 4 141 
29 142 79 135 60 134 148 150 94 112 133 62 14 99 155 123 178 35 171 189 75 175 102 105 62 154 56 104 114 141 
15 136 58 90 177 4 27 169 21 155 163 160 132 165 69 24 
18 87 37 163 51 77 98 135 92 68 159 87 53 163 98 112 104 91 143 
17 159 61 88 123 134 118 126 104 14 58 43 179 22 80 60 117 17 
38 22 87 167 44 119 115 105 55 110 51 78 118 35 18 103 93 68 6 25 35 80 25 4 61 65 156 126 80 188 58 163 17 163 147 70 147 131 27 
38 125 145 31 182 111 161 19 74 166 66 106 119 179 124 75 155 60 32 97 32 97 29 71 175 6 114 48 65 92 72 17 179 126 76 75 176 123 42 
18 93 22 65 12 12 133 174 62 33 181 96 179 133 40 184 186 106 113 
28 62 26 172 108 153 52 160 139 171 176 120 146 121 24 33 166 103 131 103 186 181 86 178 149 172 116 136 83 
31 48 99 181 104 70 186 20 111 115 107 166 15 119 97 65 48 1 118 147 97 159 105 165 179 11 76 149 51 48 135 22 
20 24 186 57 107 176 18 1 187 178 172 106 96 161 37 151 145 125 64 167 79 
32 114 20 134 143 81 31 187 78 164 16 15 160 179 40 87 122 168 137 9 91 48 166 21 166 78 89 163 135 127 6 29 38 
20 37 100 58 118 136 44 35 139 128 129 152 155 103 98 124 99 130 174 32 83 
38 61 31 56 64 100 85 120 84 65 175 148 182 72 5 40 116 64 82 34 108 17 174 104 181 93 151 133 30 100 162 158 100 131 147 54 38 93 53 
32 168 141 30 163 24 11 156 183 128 17 121 119 2 73 80 168 127 129 178 87 68 164 115 187 43 178 96 157 40 93 149 73 
20 177 176 151 56 133 149 3 9 114 108 166 121 31 74 88 171 84 181 59 135 
33 152 154 28 175 113 109 31 78 165 133 121 83 47 131 124 150 13 101 49 36 70 163 84 175 187 103 37 58 44 1 7 150 174 
7 175 12 60 140 155 102 87 
5 89 20 84 73 64 
21 11 136 146 35 88 27 12 78 181 3 58 8 22 27 161 47 61 68 20 131 169 
34 78 65 117 43 7 128 160 71 1 175 112 170 104 90 40 18 78 92 106 10 100 70 132 39 61 184 63 89 128 141 40 40 23 146 
32 49 69 41 29 23 149 152 123 7 118 44 118 72 41 59 27 133 104 146 170 41 147 4 5 173 136 107 123 134 20 152 87 
30 64 48 61 121 121 102 95 15 177 131 151 158 30 96 85 13 181 142 56 34 144 37 75 102 94 31 20 54 173 30 
24 57 181 116 186 107 74 94 97 165 39 111 23 63 123 114 182 122 187 40 27 122 93 149 25 
20 154 151 136 120 32 8 13 159 69 9 71 25 102 14 41 28 135 60 65 47 
6 117 77 116 118 146 12 
18 121 124 31 72 145 80 29 88 165 136 97 50 162 90 117 100 159 169 
15 103 28 115 82 79 62 161 59 74 179 3 29 175 32 19 
16 113 60 171 161 46 82 17 157 42 106 61 74 9 122 22 62 
19 4 77 56 89 162 103 174 137 73 106 184 101 154 29 123 111 61 78 63 
3 130 79 183 
11 181 128 81 152 130 107 153 163 7 92 173 
20 36 90 124 45 92 11 190 88 59 76 90 150 188 155 112 96 67 29 169 130 
27 8 155 120 133 68 84 15 91 139 184 55 37 182 163 140 190 56 78 54 20 79 70 45 2 47 140 18 
12 12 32 90 98 152 152 65 155 120 46 162 39 
36 38 145 177 97 54 153 99 86 11 132 118 5 148 69 98 71 178 57 162 104 135 105 23 133 6 47 179 106 181 149 16 96 111 111 138 178 
23 133 84 103 68 17 27 92 77 74 26 19 10 162 77 159 84 66 39 7 38 53 136 81 
29 107 146 190 153 124 159 44 85 28 70 60 18 22 164 174 117 149 82 52 136 167 75 133 81 168 177 164 92 174 
20 50 47 80 100 127 13 60 121 89 108 92 142 98 26 129 131 11 96 14 173 
8 124 12 189 57 15 79 64 136 
33 150 27 98 66 34 11 62 153 77 26 22 186 98 164 11 36 68 36 110 15 135 24 17 44 70 51 80 27 189 142 124 140 143 
11 174 114 60 63 112 47 24 126 63 118 113 
6 145 6 30 7 82 133 
30 65 4 100 145 19 39 15 106 142 95 122 84 147 48 18 168 172 149 25 146 188 140 77 7 175 17 135 133 170 53 
25 123 68 92 95 4 121 82 23 133 180 45 158 50 181 142 182 38 36 50 113 55 185 80 36 182 
19 134 56 60 7 164 6 87 52 15 143 2 95 5 186 155 66 48 145 97 
32 185 68 164 128 140 87 188 175 42 5 151 105 174 83 135 25 155 81 43 66 5 182 49 3 147 131 6 15 41 161 71 122 
33 99 138 121 27 62 131 119 28 167 93 106 1 83 140 144 158 8 47 72 173 3 111 66 154 116 55 174 107 7 47 79 91 14 
25 89 51 165 110 161 82 104 2 166 64 94 81 38 73 162 125 120 82 71 7 108 131 57 18 188 
14 33 144 65 44 73 45 97 177 84 51 189 32 173 156 
3 85 58 190 
13 116 108 159 127 74 148 26 32 51 185 47 157 71 
8 176 123 38 132 20 166 141 123 
3 14 108 18 
36 100 60 186 137 107 91 6 78 54 185 141 46 115 74 108 46 107 182 109 157 155 64 87 187 82 53 45 101 121 140 11 101 72 89 25 127 
-311045 171224 -124866 -525012 284327 625970 -569642 597603 321432 -508771 -119174 609101 124299 791575 377686 21822 -307967 243084 859803 429162 832455 -774012 -142969 -575336 569473 646044 -400742 305284 -435993 -525096 973790 752727 736840 -132653 -798619 -279834 745350 -630986 854958 494992 -946685 473722 -439972 -259013 -669702 214703 -837991 -805657 225759 871854 744601 -107281 -369657 -536099 -692500 -425175 -102325 699128 515000 832146 -941016 -637805 297704 438777 521184 -349544 -720474 -534568 798142 292339 -859686 597479 770237 257462 65152 -112287 -264333 -63643 716419 936299 -595004 -673140 542301 -173004 -412924 -892847 -773522 -467736 109680 -89262 -366673 381631 -948594 -317419 313419 881702 -286040 -828341 -911159 759120 973319 -141744 -485872 799455 58061 247039 744682 -372766 433410 689761 -877518 345369 829888 -814701 193114 -857037 -873413 868394 -682055 -754898 -988995 613638 972183 427098 -954976 -95721 995823 624779 -30958 192952 819874 -720040 -728518 -777070 349837 -926569 -899718 927249 187716 778121 787829 95162 700301 634289 437413 -702252 265566 -911577 -756812 281763 140141 -222138 678465 -296634 -403055 778740 -602153 -298735 -374047 -901687 -365847 267137 -223857 945217 288786 557193 907907 763608 158517 -71376 -421102 -179978 442123 885783 722535 -581834 -820783 -660295 539460 -777157 393583 610106 -311473 918255 432919 962492 -605513 585667 -386374 574526 
