50
9 34 4 45 6 50 14 25 30 48 
3 5 17 14 
3 44 31 29 
5 20 46 25 30 44 
7 4 22 14 44 17 34 41 
9 43 24 33 2 22 12 2 16 19 
6 50 15 12 42 37 33 
8 37 50 45 11 47 23 2 28 
9 13 11 43 20 39 25 35 25 39 
6 7 13 47 33 14 31 
10 15 3 32 12 47 48 40 39 22 17 
10 11 25 38 16 22 3 15 12 19 2 
3 44 45 13 
4 4 10 6 18 
10 37 17 26 21 19 3 22 18 6 22 
9 50 49 35 32 29 41 35 45 11 
2 46 49 
2 14 18 
7 15 19 16 1 23 5 37 
9 1 6 23 37 48 40 11 4 35 
10 28 8 43 28 8 37 33 8 27 24 
9 8 47 26 32 20 29 19 34 9 
10 33 3 5 14 40 50 22 3 17 8 
4 3 31 1 47 
8 17 18 21 40 27 29 2 33 
2 40 1 
9 17 49 6 11 3 24 7 22 8 
7 9 41 34 41 21 37 31 
2 32 50 
7 6 22 4 36 22 47 46 
4 22 7 39 18 
6 22 44 33 48 38 47 
4 47 44 2 4 
2 38 38 
4 11 39 34 24 
3 44 23 43 
10 33 1 47 30 2 42 30 11 13 28 
4 31 47 12 24 
8 47 30 27 13 35 17 32 18 
7 12 19 23 7 35 14 5 
8 39 25 14 30 26 13 46 14 
5 44 46 12 36 4 
5 5 31 17 40 17 
4 28 11 24 30 
6 29 5 37 5 6 31 
2 12 3 
4 5 8 14 24 
9 47 2 24 3 4 40 26 50 5 
8 47 30 45 38 17 32 30 39 
9 38 36 42 2 16 18 17 29 46 
875340 236799 -940612 -221042 393361 -120928 -350078 -415241 -974727 -934386 -451683 856763 -597193 78610 -405952 992041 489750 507721 -259549 -957132 783399 383907 -54741 -449143 -231384 -929109 461770 -990984 532118 776962 -47537 -960983 654524 -660247 926691 943912 14963 830060 -441402 -831496 870011 550761 -461006 356956 709934 22035 -734264 -352812 908787 -380937 
