300
36 106 251 201 295 269 62 237 207 167 126 143 78 264 192 240 24 191 158 168 73 235 90 98 257 107 112 282 88 135 287 86 186 253 172 61 32 
49 204 139 157 204 208 107 290 177 120 147 114 7 82 272 47 169 242 56 227 54 185 169 236 25 235 229 9 211 274 25 66 72 62 248 132 37 300 210 298 45 222 262 118 239 171 123 190 238 95 
54 231 133 63 117 97 267 247 27 41 156 10 107 26 58 214 160 180 190 117 229 88 228 65 128 114 118 49 18 166 166 2 64 68 135 43 39 168 16 77 153 154 149 255 133 259 92 127 56 122 121 87 179 68 67 
30 65 240 281 24 87 192 197 230 219 26 156 159 292 124 144 216 250 68 133 217 147 269 245 77 34 145 108 35 56 16 
26 67 206 223 230 269 28 186 108 255 282 257 165 17 205 229 227 48 142 8 28 237 27 104 97 189 4 
49 210 19 244 298 29 262 230 143 179 11 204 234 289 169 247 222 93 49 269 39 22 90 157 73 275 125 159 181 264 274 122 114 52 113 276 93 46 30 265 69 135 130 92 131 262 20 140 260 251 
20 224 210 140 52 24 175 245 263 82 223 219 20 102 188 236 197 99 53 205 236 
54 108 231 103 275 30 255 145 96 283 106 223 95 15 201 168 30 295 90 282 233 250 33 207 46 28 252 273 185 150 136 298 241 192 297 85 173 270 154 103 16 167 23 278 73 177 189 94 159 163 262 103 206 106 186 
3 161 173 239 
33 102 205 102 114 170 129 287 276 262 267 65 230 250 13 180 3 198 89 161 100 8 237 110 24 31 224 151 245 3 211 161 298 7 
14 95 287 18 220 32 176 250 77 107 262 76 232 300 48 
47 217 224 228 295 265 232 183 79 254 230 265 189 15 203 22 247 270 179 198 53 204 169 150 10 68 264 4 129 8 191 99 214 23 106 133 138 21 18 47 243 99 153 269 41 72 108 299 
18 16 223 13 120 81 9 188 41 53 13 91 26 177 233 83 104 178 51 
45 13 287 248 109 73 200 87 218 53 78 236 166 128 52 70 66 73 135 255 108 95 291 277 259 77 72 235 228 218 290 156 215 126 294 88 203 243 199 297 61 109 137 19 238 218 
36 68 64 86 67 182 218 181 222 168 245 104 148 28 287 24 12 120 87 287 46 252 155 236 210 113 249 75 273 78 43 271 107 46 24 31 163 
37 264 293 123 158 151 74 201 280 255 120 43 39 169 211 27 195 276 68 271 293 103 133 115 184 294 127 270 175 32 198 54 252 240 101 128 136 15 
12 167 172 240 124 167 21 76 250 246 273 175 232 
52 157 101 54 66 1 93 135 47 51 42 53 25 235 45 241 227 124 120 276 159 218 278 7 104 175 245 136 298 147 146 267 245 279 41 238 206 161 182 53 113 146 181 51 89 27 67 243 272 24 131 228 136 
57 82 81 118 256 127 222 107 131 223 257 202 229 170 50 284 193 5 203 168 164 222 132 275 221 27 297 165 120 98 59 34 254 163 143 186 236 266 223 130 91 130 286 156 90 108 132 243 127 124 152 249 170 251 169 170 255 28 
10 252 282 59 150 198 18 153 108 11 47 
45 15 221 275 249 235 228 98 172 122 199 150 285 181 274 223 222 221 227 244 198 262 68 88 50 195 70 82 48 276 242 274 3 38 118 137 50 147 96 37 145 216 28 111 163 156 
3 247 206 148 
15 144 273 125 269 145 281 248 116 169 77 31 293 20 266 293 
5 103 63 186 286 20 
39 156 106 263 34 291 197 47 168 242 175 43 41 172 80 177 274 292 83 99 99 109 198 141 182 191 68 92 155 56 17 78 274 140 294 231 270 153 51 186 
4 20 231 238 247 
48 223 101 212 52 120 8 58 143 16 173 183 144 13 256 187 210 278 131 231 279 179 58 32 255 137 208 62 145 184 204 10 43 60 48 51 206 109 113 114 60 159 145 26 249 99 64 133 159 
47 211 144 73 41 93 3 232 5 93 87 297 91 73 170 256 151 218 275 44 148 29 140 217 280 180 74 108 170 283 104 27 154 199 195 223 153 282 159 103 62 37 154 100 291 57 284 224 
19 119 105 53 104 232 134 24 122 2 151 203 258 93 28 22 114 110 236 35 
20 115 1 231 277 225 141 179 128 69 235 106 291 168 176 162 130 119 67 231 277 
41 241 150 236 2 45 269 132 72 225 143 268 19 36 101 49 296 86 4 10 160 155 9 289 171 276 273 36 248 232 265 149 200 68 19 175 94 224 143 282 86 140 
53 279 38 239 199 1 242 292 133 226 90 144 186 204 3 281 152 112 141 274 150 274 192 153 232 83 234 276 124 218 170 104 61 112 45 45 296 244 16 111 82 119 115 35 19 296 273 212 190 89 150 54 271 85 
24 95 96 212 13 217 132 31 82 105 191 281 27 27 264 143 100 160 73 137 120 50 267 22 62 
15 20 256 121 99 62 213 169 114 75 199 7 127 224 41 261 
28 184 196 100 231 147 300 12 174 36 104 4 7 190 241 79 145 220 247 232 162 74 255 127 111 197 187 53 119 
48 297 180 80 136 33 64 128 294 14 100 197 30 33 131 282 29 189 279 220 124 160 194 293 56 61 103 125 271 264 194 40 289 250 85 97 192 274 48 198 192 253 150 277 91 58 57 61 214 
16 274 23 259 218 223 298 197 77 4 252 80 123 90 246 62 68 
44 119 214 73 191 162 65 237 212 283 132 85 243 22 103 130 185 124 118 218 3 284 50 210 19 216 224 206 193 233 118 35 51 271 88 161 281 6 81 223 113 138 160 250 192 
58 275 110 255 162 175 270 243 248 294 300 286 153 51 83 163 110 190 144 266 240 186 166 90 104 153 290 201 242 263 155 252 175 279 219 300 94 156 120 54 8 1 244 215 116 282 210 97 28 157 266 5 138 18 221 75 23 204 190 
33 275 217 74 215 244 270 105 292 35 192 167 88 66 28 33 261 76 224 185 134 107 292 81 211 21 286 60 63 272 170 195 151 254 
13 182 266 46 28 125 8 49 148 44 126 133 62 147 
37 45 41 246 263 119 189 117 152 13 53 189 194 130 3 110 189 254 80 180 236 269 93 102 31 280 222 149 150 1 291 142 296 132 62 180 290 145 
5 259 20 255 223 96 
57 133 256 274 59 103 276 106 145 33 121 104 193 16 4 104 26 295 87 158 219 184 93 35 181 8 18 106 176 174 241 171 254 109 156 127 151 173 175 262 237 150 161 188 274 30 241 184 22 70 79 296 241 269 220 239 83 144 
21 18 171 59 41 32 110 250 23 238 19 253 102 87 109 233 276 176 118 165 30 94 
6 290 221 83 51 151 131 
36 192 22 140 291 117 184 121 54 130 181 285 73 218 294 195 181 260 233 54 18 242 9 9 228 258 27 119 28 55 146 28 168 153 24 154 130 
42 75 117 221 102 177 103 134 208 300 72 121 154 254 296 190 233 278 232 156 31 26 73 161 35 291 213 204 240 272 95 46 43 211 71 78 40 90 96 284 117 195 37 
19 235 193 244 38 196 205 134 261 135 298 65 80 142 121 45 30 115 237 251 
37 219 264 193 111 146 185 160 260 50 272 112 256 20 29 128 220 17 289 124 192 50 23 29 116 213 168 112 112 122 176 191 57 142 255 38 18 79 
20 248 292 26 126 155 191 256 2 272 271 90 102 196 279 185 13 276 69 122 89 
19 160 135 35 118 237 129 31 210 191 244 197 50 50 37 21 173 12 35 296 
27 111 138 213 188 88 195 145 246 284 159 155 232 245 160 88 104 90 250 32 58 268 259 135 132 297 24 85 
55 273 186 252 156 124 61 248 299 86 200 34 252 180 7 281 245 36 264 130 261 100 155 110 240 3 118 23 37 238 290 107 15 269 87 200 217 187 116 285 254 194 93 56 89 265 131 142 45 28 67 26 18 179 79 22 
27 195 236 44 2 268 135 38 127 213 200 110 13 3 122 31 159 46 168 115 13 243 217 115 193 213 242 250 
59 92 299 14 276 212 57 158 33 122 71 126 298 122 148 206 44 280 183 43 176 204 139 44 188 66 75 242 75 39 172 44 89 49 133 8 68 39 66 233 148 47 6 215 208 89 216 234 255 271 215 259 124 71 249 41 14 187 248 70 
50 290 53 127 175 169 283 116 8 214 114 109 178 216 277 78 290 45 26 96 297 195 187 157 152 224 155 12 88 257 205 115 42 71 225 160 77 77 300 268 111 135 85 79 264 55 3 266 31 291 40 
41 98 188 13 265 78 173 20 225 165 144 28 38 59 249 160 101 190 231 109 114 165 126 203 210 97 243 76 19 51 225 5 23 159 102 3 17 172 248 100 254 54 
2 99 297 
38 24 23 20 150 93 173 65 215 141 173 210 120 164 261 205 142 105 190 105 107 101 61 119 133 208 283 81 77 191 9 266 233 84 249 272 53 121 224 
53 32 162 26 80 108 34 29 213 189 14 57 224 74 230 273 6 298 274 229 73 252 154 15 93 24 234 106 298 96 11 6 219 248 268 190 246 66 206 95 90 170 60 120 100 300 132 137 14 241 64 207 267 2 
15 255 212 289 149 251 69 114 233 27 114 199 263 29 114 300 
16 266 60 39 160 250 1 141 219 68 179 112 156 256 113 103 96 
49 269 118 41 83 240 111 209 236 202 297 280 216 287 297 65 39 223 8 13 224 83 2 96 186 130 150 254 184 197 120 286 70 83 70 67 258 202 75 138 36 227 179 2 197 114 49 76 284 40 
34 287 240 123 150 105 244 78 96 140 112 50 104 135 97 118 185 149 56 32 175 1 83 138 96 105 143 6 244 189 296 74 126 218 76 
25 9 84 45 291 232 64 10 296 15 68 122 99 83 133 201 32 285 8 1 30 104 149 219 51 275 
5 299 45 72 11 95 
56 228 145 201 165 120 40 108 280 177 90 163 256 229 11 82 53 264 225 11 219 208 90 62 101 229 82 262 149 94 237 142 38 121 298 216 269 111 75 37 269 250 42 123 111 50 237 122 27 273 31 76 13 263 33 253 64 
16 171 51 147 130 240 155 71 66 181 87 50 122 18 190 287 43 
8 138 140 78 109 9 102 29 75 
35 149 177 165 139 69 66 52 100 70 230 116 212 13 59 37 288 132 271 107 74 182 167 97 153 109 30 98 4 159 273 227 23 57 186 182 
43 103 14 91 209 102 265 2 144 160 162 114 269 20 228 136 137 251 102 181 19 140 272 60 258 33 296 293 214 175 34 161 193 294 237 39 288 151 159 44 220 81 141 112 
46 184 292 84 159 109 13 186 48 108 82 27 187 160 239 144 212 123 218 181 153 251 247 197 195 226 221 244 119 246 139 20 161 226 256 8 16 188 211 252 8 189 131 280 23 76 60 
28 225 11 249 278 60 248 188 95 181 42 254 166 12 133 180 221 296 181 6 250 101 36 176 167 228 56 256 182 
50 194 25 102 122 253 119 80 30 235 229 211 118 275 6 120 198 198 124 47 142 46 140 132 209 86 4 180 119 195 263 41 81 197 201 241 53 140 269 115 284 164 49 296 95 233 69 80 26 23 8 
10 215 208 97 285 8 117 76 281 297 8 
42 42 291 181 73 113 188 232 142 148 161 101 8 239 74 265 32 277 230 42 167 40 156 51 134 42 195 97 22 1 10 107 265 227 157 298 203 190 146 138 58 186 5 
34 235 174 93 170 49 56 40 54 269 154 208 143 69 185 28 38 72 89 35 214 14 226 101 17 185 101 192 241 101 37 108 124 256 111 
54 144 6 111 11 231 107 197 107 232 104 129 81 197 214 22 279 19 291 14 113 17 210 233 81 133 247 78 107 37 93 106 149 247 239 88 108 294 259 61 109 55 6 54 37 240 294 253 166 89 143 268 276 246 11 
14 76 102 109 100 225 43 229 261 186 268 166 286 29 154 
22 295 199 59 168 4 277 250 218 37 64 276 170 271 262 172 78 212 168 205 14 127 98 
7 29 18 30 278 289 185 217 
53 191 298 55 4 40 256 8 180 229 222 290 113 276 151 76 232 197 268 46 8 226 207 182 16 15 124 189 285 27 170 188 209 273 126 59 146 84 265 221 95 203 53 199 130 206 36 140 125 207 153 148 114 70 
41 6 218 113 207 223 265 1 208 102 212 95 136 3 58 51 239 183 48 85 49 175 53 163 166 88 235 232 27 221 264 161 219 21 190 246 171 205 279 69 3 296 
40 212 162 85 7 158 46 91 90 230 106 230 102 215 138 100 218 125 238 129 283 231 31 127 178 203 41 198 46 117 27 217 195 168 222 87 57 99 287 111 82 
49 80 257 39 243 135 242 79 257 195 136 92 148 252 284 120 178 168 274 170 164 217 229 174 151 168 84 25 204 25 266 86 193 220 103 110 189 41 124 265 44 97 247 6 92 235 268 168 221 264 
44 31 138 172 216 191 226 270 20 165 56 40 24 252 188 148 192 14 71 216 265 272 182 252 297 110 56 3 44 216 64 285 273 166 208 44 135 281 140 82 40 187 228 116 281 
33 181 102 196 295 188 189 269 265 76 92 170 62 111 248 283 202 65 176 71 238 1 225 5 40 217 123 279 222 238 202 14 292 118 
23 240 105 269 227 277 242 217 162 182 72 193 66 254 209 178 16 144 267 69 296 122 240 18 
14 253 279 168 205 94 145 119 254 103 57 108 6 152 289 
15 193 146 223 7 218 111 37 121 101 224 13 24 103 166 290 
39 21 2 120 25 169 205 188 278 216 221 82 103 271 250 157 40 5 269 51 196 178 216 194 201 103 104 109 231 152 66 152 297 85 135 55 138 82 128 48 
59 235 22 124 174 236 219 231 219 230 63 297 124 300 204 57 299 183 223 150 120 47 33 272 247 259 35 272 77 181 89 133 267 259 107 248 223 59 59 45 13 225 37 48 191 212 176 257 261 12 153 252 261 98 63 166 176 286 134 189 
31 125 50 152 256 297 255 277 76 4 115 201 286 117 1 84 277 72 122 74 34 22 23 159 198 103 176 236 173 3 156 36 
28 274 131 76 61 200 250 263 292 157 278 58 262 230 165 201 103 122 280 277 158 146 71 288 113 197 81 136 85 
49 125 12 40 56 42 77 237 28 296 138 11 228 112 53 258 176 28 172 188 221 233 104 65 106 127 58 288 217 293 157 260 228 10 249 288 144 13 263 88 85 146 170 109 100 58 8 248 4 123 
28 292 121 229 105 48 36 295 17 22 117 136 227 247 84 246 155 92 145 3 275 214 8 75 212 95 185 155 5 
31 8 293 16 256 239 249 80 18 291 113 269 236 175 178 119 24 125 158 203 131 87 200 152 55 211 271 287 228 219 107 155 
32 223 45 195 179 81 132 127 251 8 43 67 160 222 128 292 25 216 220 60 170 98 192 190 264 84 162 79 196 127 78 35 129 
34 138 70 77 25 6 32 19 69 292 249 196 234 185 286 70 72 186 22 247 275 20 125 76 83 49 81 40 228 289 80 188 51 189 231 
10 55 11 194 23 80 256 154 175 208 221 
29 233 293 295 57 292 61 199 94 256 74 26 152 142 146 194 277 255 60 300 77 230 13 292 125 62 161 104 31 185 
4 108 89 212 36 
36 78 28 280 237 120 198 119 40 156 12 38 27 97 74 191 22 76 70 157 224 61 172 210 142 22 59 299 183 75 246 23 247 12 68 72 23 
36 192 69 48 49 293 182 228 261 119 164 191 121 189 114 43 75 29 285 24 145 76 280 57 102 155 272 30 71 66 206 99 147 141 80 64 159 
5 12 223 59 180 53 
41 227 19 84 29 238 118 297 206 39 120 3 270 166 139 291 160 172 172 125 139 77 81 213 170 47 165 231 166 122 148 60 123 190 1 92 63 62 158 246 66 49 
13 134 190 260 111 270 89 73 13 173 275 199 125 103 
58 160 248 80 84 146 52 260 206 150 178 296 191 44 17 144 226 169 226 172 58 23 122 79 85 88 50 146 205 103 215 230 174 118 295 206 129 203 86 198 108 68 270 174 227 170 276 288 173 5 151 222 141 47 248 273 105 32 49 
22 79 73 173 218 166 286 140 289 126 18 212 56 105 27 265 10 163 106 257 225 215 220 
17 229 255 148 282 256 172 38 76 25 112 35 39 264 194 131 209 61 
32 126 213 228 242 111 291 2 97 196 238 199 153 191 225 58 249 35 218 261 79 181 278 178 152 219 247 206 269 237 25 34 32 
57 26 297 234 104 149 176 215 102 146 166 117 88 292 76 57 110 66 110 256 117 12 80 183 8 63 78 244 140 12 133 179 41 289 300 153 198 210 143 260 238 258 179 237 133 139 296 197 79 298 133 21 58 64 264 178 123 274 
58 169 28 250 145 92 165 124 51 4 138 246 79 157 143 196 209 68 265 129 156 224 6 24 290 105 300 92 105 120 82 252 202 266 66 196 118 5 226 238 132 101 239 126 21 208 93 186 184 191 269 63 26 27 45 154 199 244 212 
25 179 89 31 202 134 246 73 165 192 233 280 159 238 218 38 17 167 271 188 139 252 217 207 127 165 
31 110 259 82 151 141 242 106 70 161 163 151 2 185 157 132 28 175 284 174 166 165 127 148 241 105 32 126 166 233 247 257 
38 220 171 74 285 43 275 83 101 193 255 297 76 223 77 9 251 148 232 106 222 226 64 25 190 283 171 225 30 286 294 179 261 83 11 163 178 158 112 
12 32 97 166 209 90 226 143 35 221 290 199 252 
39 224 216 95 207 234 154 261 293 95 16 82 293 252 29 9 166 223 236 272 79 63 277 286 231 42 261 271 130 289 21 195 202 91 272 179 23 223 273 67 
32 269 266 46 195 106 35 77 18 273 8 108 32 290 134 260 216 67 10 67 266 173 3 107 40 64 47 216 38 293 82 9 98 
37 111 219 45 21 156 42 244 276 266 262 249 26 175 27 55 257 195 141 277 79 256 133 12 6 197 270 24 283 51 113 183 94 159 182 82 85 297 
51 202 161 152 125 193 4 140 152 254 121 135 49 96 6 112 156 120 109 19 94 30 64 91 118 272 205 210 230 219 86 69 292 244 82 17 161 108 3 39 253 228 106 101 285 134 146 79 172 123 105 104 
30 87 17 18 253 140 252 221 159 82 185 108 293 240 149 254 114 250 223 106 272 234 116 96 191 159 159 230 201 297 131 
50 121 143 136 148 64 79 157 278 161 253 17 82 127 300 257 149 29 76 144 92 197 94 300 65 206 176 58 60 200 222 93 159 208 2 136 14 137 245 103 256 97 59 190 207 270 7 51 260 113 249 
44 161 210 150 164 242 258 224 102 281 132 67 185 17 128 89 61 55 291 102 43 36 253 257 153 164 126 125 149 298 258 57 263 94 125 225 22 122 131 251 279 213 253 51 163 
27 30 178 176 127 295 255 239 159 167 297 145 152 172 239 57 220 128 61 72 230 177 32 282 101 122 13 70 
27 283 218 125 216 261 112 47 46 280 43 97 182 83 269 158 291 55 32 59 20 80 51 142 37 182 197 54 
49 2 3 33 112 299 300 181 184 125 180 60 105 257 126 236 44 215 4 76 98 131 168 173 300 253 245 130 99 129 190 224 33 187 3 254 286 76 218 46 76 175 183 26 7 281 225 213 150 117 
43 264 115 5 31 289 263 255 42 234 60 269 90 287 110 154 167 48 127 210 71 229 207 162 290 198 128 157 74 70 274 264 177 152 64 59 178 290 222 86 215 237 277 34 
21 199 98 273 291 180 224 53 147 212 77 42 192 31 256 223 171 213 246 289 165 118 
34 91 151 132 91 175 179 228 201 272 40 109 230 118 89 172 223 282 111 65 18 259 58 197 136 206 140 153 169 118 142 278 260 281 264 
16 276 197 242 28 9 36 130 71 288 60 259 218 226 4 85 255 
55 5 138 264 35 102 179 103 243 97 5 202 103 135 145 68 272 16 36 206 299 64 59 83 150 300 108 193 205 47 131 250 158 233 274 208 133 59 118 241 229 237 132 20 173 203 224 194 156 101 9 9 49 266 291 89 
49 37 208 194 230 75 264 259 229 90 237 294 98 130 4 73 230 154 161 203 182 8 227 113 62 194 146 50 278 62 159 155 164 27 208 43 155 113 257 65 263 120 8 209 167 162 197 118 198 205 
54 131 82 150 109 285 124 205 158 35 6 150 70 35 84 126 94 54 227 112 300 228 145 100 121 229 167 31 174 181 45 5 7 69 102 221 98 215 217 269 57 182 90 180 244 28 206 178 128 50 287 148 279 164 26 
13 78 239 186 169 281 196 204 250 139 107 129 102 247 
23 202 39 196 146 200 239 133 254 109 244 162 292 225 189 194 26 130 195 6 21 109 181 116 
7 53 216 126 212 47 200 3 
45 197 113 245 252 243 195 202 250 162 167 278 178 195 244 143 32 65 14 197 289 294 118 191 135 255 232 140 293 237 287 170 200 52 117 298 18 24 217 138 230 255 291 98 50 268 
44 36 172 135 122 68 78 299 112 116 83 243 89 149 3 242 200 48 294 254 90 190 30 184 172 225 44 103 216 165 128 173 109 92 190 289 284 62 129 223 260 185 291 26 103 
9 47 165 102 70 258 36 257 70 295 
53 92 27 264 294 247 171 206 20 139 3 112 234 139 47 145 47 52 281 249 61 110 62 200 293 253 219 223 132 4 97 293 111 49 269 192 8 255 61 38 47 243 153 80 66 148 55 238 237 6 220 192 139 203 
29 30 31 29 27 74 76 209 107 213 161 64 198 182 150 204 14 198 49 111 287 93 282 157 159 236 283 9 78 289 
8 272 203 10 277 126 242 230 247 
36 276 214 179 287 278 177 131 279 86 197 150 81 216 99 217 80 270 155 300 238 132 218 93 155 161 255 206 217 284 235 194 147 28 8 188 276 
30 53 183 130 265 60 207 25 80 75 67 172 36 108 77 47 105 81 273 192 190 173 170 209 250 85 19 143 4 163 92 
60 48 231 283 283 35 89 95 125 115 144 216 61 145 290 25 186 165 169 264 93 178 288 70 142 79 280 132 117 187 8 191 154 118 165 45 102 269 187 174 215 174 62 152 112 194 269 179 38 145 107 170 52 145 77 116 101 68 269 216 236 
5 18 158 271 299 181 
3 17 70 178 
53 70 40 157 164 19 89 74 110 228 224 129 288 40 264 294 62 180 35 143 132 297 187 189 179 253 207 19 28 74 38 90 10 39 265 162 271 216 208 51 135 223 98 93 117 274 38 105 283 1 142 74 230 110 
24 205 148 116 267 289 17 8 54 88 59 156 18 35 13 139 35 26 84 278 127 182 101 72 295 
59 164 16 276 138 128 77 215 63 89 5 26 145 177 151 117 19 183 171 257 39 159 58 228 2 276 148 155 277 72 156 155 71 92 3 185 156 245 185 234 86 260 127 140 118 251 59 163 199 74 147 236 147 124 295 181 108 295 46 215 
5 175 117 51 158 147 
54 102 271 250 111 177 66 103 254 49 288 158 13 300 96 73 281 54 240 64 273 253 59 157 202 206 125 264 35 126 70 37 170 266 55 209 141 219 191 173 146 178 300 279 236 12 11 279 283 164 59 131 276 53 23 
34 275 120 135 282 155 8 87 58 185 5 241 12 77 71 174 90 204 142 136 16 40 284 39 40 23 132 275 45 81 199 248 32 165 86 
57 274 288 169 242 219 126 203 127 282 98 32 241 287 130 37 98 92 166 243 112 120 260 236 33 151 38 289 274 80 156 275 259 289 6 166 133 39 87 52 255 252 165 59 198 15 162 163 73 99 252 110 258 20 143 163 231 44 
4 230 258 11 165 
6 221 92 77 90 275 182 
19 229 88 248 104 14 221 254 292 153 198 281 264 63 54 27 86 286 191 244 
25 286 295 130 191 230 116 206 142 5 153 69 162 213 235 20 177 168 292 20 30 278 20 179 181 104 
47 33 183 76 284 172 143 274 173 280 174 296 49 204 243 231 88 270 100 29 294 263 31 41 217 49 162 170 179 268 92 180 113 110 17 272 6 47 98 237 5 289 86 174 22 92 67 177 
24 99 187 243 207 142 231 109 183 138 199 61 211 72 180 87 156 275 292 157 82 13 198 127 37 
50 88 295 233 204 279 98 191 260 219 281 94 211 231 261 107 186 241 168 220 220 13 34 261 146 265 100 79 234 195 152 31 97 111 175 101 291 212 14 234 283 184 290 41 20 241 32 215 278 77 70 
59 206 159 223 31 138 55 159 53 102 222 209 139 44 247 51 299 181 15 221 147 290 150 114 102 164 208 74 29 28 90 107 271 128 130 16 298 292 186 297 236 114 273 249 187 10 289 121 1 279 179 264 261 56 298 242 120 248 285 276 
20 174 108 263 88 205 127 249 191 241 94 94 73 149 222 180 125 259 111 79 125 
13 21 42 40 109 27 125 75 170 270 104 29 263 191 
50 167 110 153 144 76 18 88 126 54 75 13 90 24 8 95 217 78 224 275 203 36 281 293 115 251 176 85 48 194 267 208 121 259 74 12 275 91 182 147 234 49 265 196 228 52 228 128 201 261 59 
50 76 173 213 225 96 153 289 153 52 201 23 93 204 212 4 228 249 183 218 143 297 98 42 213 204 293 39 167 65 240 78 264 295 200 160 273 285 224 98 263 126 89 46 152 297 230 187 42 162 241 
50 288 223 39 90 179 25 72 226 86 128 173 203 270 186 248 34 235 92 268 281 45 24 154 296 49 266 161 36 49 207 47 66 115 288 190 141 106 88 72 15 267 86 175 241 170 168 78 120 195 99 
18 140 241 57 25 265 250 285 46 153 157 19 135 155 243 5 154 159 167 
33 105 96 229 176 98 141 3 126 144 221 191 18 192 150 158 169 53 281 217 85 32 21 103 6 300 4 12 5 31 65 125 80 124 
32 257 48 75 132 245 26 172 209 77 183 280 228 221 180 166 125 49 139 91 116 285 116 119 171 18 152 178 110 276 5 59 228 
8 244 121 15 228 2 137 40 4 
31 117 68 133 295 172 108 130 273 72 30 193 105 206 198 118 235 50 174 140 2 232 70 183 100 80 221 185 169 35 90 176 
12 68 64 169 265 244 286 237 265 190 120 175 274 
50 224 7 240 59 18 25 213 155 64 79 46 64 171 87 32 79 220 38 115 223 215 88 278 133 56 289 173 37 45 193 190 109 18 209 145 69 53 148 248 34 145 111 8 286 199 138 49 271 97 160 
60 140 258 95 35 55 73 114 37 277 241 121 45 185 86 160 117 97 51 52 110 11 90 293 73 41 83 130 78 65 289 260 80 102 243 128 22 74 281 168 223 10 29 154 248 201 78 61 241 282 112 253 148 21 162 36 153 125 142 300 46 
10 249 229 173 254 252 213 21 187 172 235 
19 189 279 284 202 147 77 287 220 228 268 160 104 216 120 128 36 10 152 150 
46 181 227 232 269 167 240 57 72 64 199 160 270 105 149 123 263 63 59 298 1 103 60 260 28 124 95 225 179 73 94 162 52 219 277 160 245 1 232 285 265 180 140 202 159 162 62 
45 295 167 81 78 67 3 119 249 167 118 104 272 125 277 275 20 38 130 66 69 163 200 238 183 42 284 145 110 14 145 155 42 150 201 226 288 147 177 65 231 133 269 33 224 234 
21 239 214 91 194 95 275 225 92 216 185 218 198 186 226 233 157 251 257 213 203 266 
44 163 12 43 286 175 197 145 257 11 240 74 102 44 172 235 122 115 82 229 298 41 80 29 80 79 282 242 194 19 56 65 39 214 97 80 163 80 235 64 219 251 216 213 11 
49 59 210 187 263 13 114 139 151 216 152 207 17 120 60 87 36 193 92 100 44 78 264 281 220 181 14 175 62 273 35 270 74 283 56 197 95 5 193 110 109 194 6 107 165 67 33 26 101 28 
22 243 161 177 271 268 207 245 220 192 144 251 24 97 100 292 41 84 58 10 300 253 242 
8 179 277 269 164 94 58 297 40 
10 130 254 41 173 257 58 171 5 158 165 
30 160 258 210 202 94 41 172 25 146 271 286 64 96 148 244 134 134 204 120 133 79 252 54 66 31 11 92 273 289 97 
34 51 83 96 219 78 182 179 166 73 112 57 38 293 16 160 23 249 45 211 146 211 299 286 217 25 284 182 205 69 300 186 22 101 266 
60 218 87 97 266 59 270 28 37 148 200 263 113 136 290 19 287 268 71 74 105 95 189 48 218 5 118 3 12 253 176 100 128 134 170 160 2 191 285 208 242 206 123 225 67 25 64 165 4 212 244 200 166 125 86 80 267 45 288 45 255 
40 200 166 62 16 209 13 127 202 220 7 196 144 236 131 135 45 75 266 214 76 50 49 164 298 180 55 298 55 243 50 28 2 166 118 297 254 146 130 246 9 
56 106 163 228 166 103 8 45 115 254 22 260 61 214 148 98 296 237 34 109 272 106 157 38 37 290 153 50 136 111 154 3 43 211 76 148 185 87 115 91 212 158 91 38 154 257 288 198 176 2 219 227 202 150 28 115 241 
31 299 71 131 250 263 192 71 52 142 103 262 231 198 105 91 196 193 248 72 61 22 300 246 146 226 15 145 37 48 18 142 
24 226 90 196 189 98 16 55 224 133 201 176 205 195 126 283 178 280 193 31 75 133 230 182 182 
33 27 134 103 230 29 61 5 182 173 129 59 133 83 141 152 257 290 167 215 221 263 268 131 277 189 59 4 222 223 118 113 211 102 
18 37 104 59 125 42 15 107 8 88 154 78 149 146 79 287 207 40 156 
8 3 264 163 265 173 13 183 92 
14 299 237 165 38 173 52 276 298 50 174 188 45 244 245 
2 29 232 
44 163 265 212 169 9 18 272 82 107 124 269 166 167 159 145 149 14 87 81 182 9 232 281 73 152 258 88 36 202 11 229 262 94 52 172 87 123 27 119 147 21 64 93 122 
14 252 170 213 243 180 148 108 52 108 36 162 172 153 187 
35 146 22 230 219 213 176 175 10 120 206 213 268 291 197 207 72 241 137 94 19 131 267 67 128 59 29 126 85 199 281 277 79 222 274 177 
28 258 201 85 174 1 197 282 291 211 252 165 270 258 36 153 231 82 299 184 253 118 39 271 236 257 266 259 86 
54 203 28 290 271 176 134 119 93 54 15 276 123 52 230 70 31 180 295 243 85 32 109 127 207 130 71 221 122 49 128 222 219 146 38 135 235 276 278 98 216 144 23 49 166 45 35 147 95 81 253 121 23 194 245 
20 116 119 22 283 267 277 84 92 121 262 164 217 163 129 14 154 46 287 78 28 
40 96 278 181 234 232 290 160 120 298 269 271 112 77 53 163 195 2 287 147 138 299 116 117 174 19 253 48 248 76 124 68 278 247 197 101 248 296 42 164 228 
12 119 141 7 256 143 51 254 296 281 131 282 105 
12 162 48 243 135 190 293 77 54 81 243 184 95 
14 194 53 290 282 192 109 237 228 166 156 53 153 168 19 
26 233 45 81 295 180 193 183 41 234 273 156 59 99 139 126 17 144 199 271 1 248 151 45 139 120 279 
5 269 124 190 120 284 
33 171 198 66 255 89 138 174 87 68 217 3 239 186 114 85 295 155 271 271 20 233 250 87 6 300 85 33 184 151 62 64 188 101 
20 75 76 89 89 138 189 263 282 283 84 4 78 17 104 258 107 12 110 238 195 
28 89 44 149 24 142 59 82 124 233 6 148 184 42 204 33 205 29 245 93 53 294 210 212 128 42 265 205 116 
19 51 295 97 297 64 162 218 173 182 50 226 115 171 176 268 209 78 187 88 
45 38 29 91 234 107 119 94 265 139 9 124 288 190 211 172 178 39 265 204 45 93 276 244 55 18 10 104 185 24 14 261 56 82 22 236 198 39 116 204 101 168 173 147 69 298 
54 165 209 125 285 205 194 127 151 78 12 293 137 250 219 228 99 2 291 226 261 257 136 131 21 37 159 209 279 285 111 280 288 74 181 234 118 25 225 140 255 146 286 107 266 48 258 200 192 143 295 169 184 97 111 
34 220 181 90 124 82 271 15 277 4 282 202 194 220 148 284 252 201 266 226 112 228 69 210 127 31 26 45 115 133 4 264 8 220 244 
37 15 210 12 227 134 194 293 297 14 216 147 34 268 131 93 50 57 167 146 255 282 295 169 104 256 132 170 98 81 298 243 95 33 204 208 185 290 
52 207 284 121 81 245 140 207 11 263 32 49 175 57 234 280 217 231 273 73 139 171 244 198 80 261 118 35 283 155 225 178 68 141 13 251 55 138 43 269 233 36 160 288 164 100 106 269 299 128 186 125 16 
10 261 85 280 122 46 251 271 5 233 196 
15 234 123 81 6 242 232 26 159 225 256 198 199 246 175 289 
31 297 69 124 158 152 58 72 269 294 175 171 20 283 139 298 240 126 243 234 267 249 14 115 235 145 254 280 111 84 281 64 
14 177 237 86 113 255 229 259 144 42 293 27 271 268 74 
26 92 149 219 210 229 156 190 299 72 8 293 148 140 276 125 71 146 256 14 160 206 5 137 56 260 133 
48 81 94 88 266 71 221 104 105 289 252 242 242 38 58 207 249 100 62 208 162 157 290 154 61 169 299 155 118 217 164 199 66 39 164 224 124 95 71 26 173 287 232 200 252 284 94 108 70 
53 298 287 216 170 263 196 53 193 38 268 272 117 215 108 188 24 206 299 286 98 26 95 49 225 190 284 287 282 279 241 289 130 91 250 3 27 281 216 22 300 199 208 48 84 82 273 235 164 129 153 242 72 147 
58 183 218 197 160 155 79 253 150 197 132 145 271 128 190 300 188 108 111 28 292 173 11 179 64 120 119 194 130 100 225 81 63 25 258 137 259 89 203 24 49 82 217 253 184 198 97 209 220 31 101 275 162 55 184 161 48 98 182 
46 2 30 46 120 178 286 122 2 69 196 267 184 220 97 217 161 84 213 75 99 50 136 242 243 136 299 129 236 102 121 96 116 186 30 98 225 232 251 100 261 227 244 101 114 126 145 
25 207 156 137 93 34 116 46 166 272 253 255 258 224 24 33 121 72 13 231 141 86 206 178 202 209 
19 137 15 257 23 90 208 182 58 219 274 122 277 10 106 86 202 165 105 6 
23 143 249 218 159 193 151 21 266 78 52 98 124 256 248 294 152 72 14 67 32 66 82 168 
42 210 169 82 134 157 248 97 244 117 101 189 13 9 257 197 258 195 268 28 43 260 181 107 275 255 131 212 49 34 293 279 57 92 83 51 265 193 278 77 100 210 184 
29 234 234 206 211 253 197 136 224 190 229 164 114 266 68 240 39 174 263 211 287 260 247 108 21 271 187 127 14 186 
7 134 47 102 124 110 186 260 
47 3 9 80 27 287 254 148 138 175 8 241 170 65 24 146 255 133 249 300 294 100 221 112 165 160 34 277 143 1 194 157 18 121 287 197 63 121 27 286 153 82 221 96 2 166 227 287 
27 172 10 125 30 4 249 57 5 124 2 231 283 200 159 146 36 199 110 17 7 127 58 223 6 121 184 214 
12 282 98 83 60 200 40 221 123 279 262 10 266 
25 63 241 81 1 233 190 95 279 275 176 189 283 77 79 283 166 164 36 69 1 291 255 136 158 23 
8 22 161 232 149 209 139 262 38 
14 214 217 226 140 19 213 219 225 39 106 54 222 91 157 
57 133 276 66 26 289 184 203 126 126 118 228 192 192 262 173 186 276 203 126 204 2 119 148 273 277 46 237 292 71 191 171 120 10 42 141 213 47 292 281 4 239 163 129 278 65 79 158 238 94 150 196 202 89 189 196 75 223 
25 132 14 60 286 215 51 4 87 10 294 259 33 88 21 134 271 83 136 63 128 81 49 69 33 92 
4 210 155 102 55 
27 106 129 127 179 61 176 42 23 56 120 299 16 264 280 149 49 170 282 80 47 124 296 127 129 103 88 176 
58 200 253 179 67 175 231 259 223 55 6 279 288 68 112 143 47 71 10 77 74 69 59 184 23 152 85 244 122 201 38 288 154 264 177 182 4 79 26 11 112 264 261 52 134 66 188 206 26 164 189 75 240 171 285 175 81 243 103 
42 300 221 109 223 2 244 30 16 91 247 215 277 39 196 214 40 25 189 278 81 219 65 25 297 228 260 240 125 40 209 258 176 48 157 130 177 268 186 213 114 287 141 
5 167 58 36 240 76 
46 198 49 242 97 102 62 75 261 24 72 51 233 94 223 151 221 108 48 210 50 276 184 31 196 31 276 101 239 246 227 170 219 27 45 19 8 97 256 143 182 188 70 212 82 270 261 
39 199 174 235 275 274 205 294 143 63 32 148 85 161 181 128 116 186 231 263 192 9 8 296 83 162 138 273 148 5 262 72 135 131 252 67 267 227 106 256 
29 119 237 169 61 261 218 61 89 142 30 194 279 91 286 1 274 218 124 245 11 145 225 68 248 216 5 188 138 30 
52 216 289 104 217 212 204 266 150 104 58 296 216 82 34 150 100 91 284 168 78 207 214 7 79 6 144 190 53 195 84 118 141 68 51 262 59 36 290 152 2 264 265 90 198 31 4 26 60 35 205 99 246 
36 76 169 208 241 275 37 236 91 222 78 207 175 284 50 198 6 27 151 149 6 68 46 99 150 225 107 252 76 138 291 126 25 145 69 73 285 
37 229 83 136 215 101 24 102 176 91 95 220 244 195 100 293 146 167 39 78 114 178 263 266 242 216 101 34 273 82 289 250 211 55 61 107 123 208 
4 75 24 101 196 
39 104 137 25 69 32 238 139 31 130 94 246 169 249 75 267 73 205 52 204 204 188 54 162 70 90 101 125 16 186 132 31 229 231 128 34 230 228 69 109 
49 41 52 75 137 131 279 97 88 188 96 190 220 240 86 186 155 121 143 176 152 292 49 19 175 74 236 10 184 144 238 263 165 243 190 148 115 121 128 189 269 210 265 128 161 236 68 262 230 43 
11 155 156 142 134 261 259 228 190 129 64 79 
9 177 26 161 118 176 74 246 215 41 
4 55 127 49 112 
59 75 120 269 232 14 177 38 290 37 263 283 116 248 264 233 194 124 229 64 189 291 176 66 126 134 93 99 96 74 105 183 57 75 191 126 284 44 194 4 170 150 292 133 145 224 154 167 183 92 281 247 41 5 266 160 102 71 43 183 
25 59 165 200 246 12 96 120 260 159 130 241 269 63 288 21 268 10 175 298 20 218 72 232 289 245 
7 107 200 210 237 81 87 281 
32 274 26 99 56 7 55 235 21 286 87 294 163 277 3 12 51 131 300 257 106 165 179 89 193 151 234 145 142 80 261 92 193 
36 166 222 80 215 45 284 240 217 165 66 214 95 81 140 298 125 96 298 135 169 109 252 234 60 284 50 102 261 39 252 250 82 149 215 267 161 
45 263 114 48 74 196 108 202 254 65 161 204 14 215 184 169 130 135 133 118 268 64 254 79 187 86 215 24 295 6 186 204 275 183 275 21 94 274 205 170 123 239 251 149 300 98 
8 162 10 31 56 38 12 59 109 
43 271 53 267 71 281 257 3 32 63 164 200 72 109 150 285 252 158 283 61 210 269 70 63 241 282 177 126 131 115 231 147 126 103 105 189 75 274 122 148 278 82 231 55 
2 184 191 
8 3 69 31 265 209 218 40 134 
7 273 264 232 69 45 233 40 
31 161 86 152 285 278 152 176 16 121 14 166 72 50 137 28 31 275 5 5 29 117 62 27 171 243 172 156 125 50 124 76 
4 55 237 237 251 
54 155 23 180 278 151 277 114 71 181 62 152 241 261 12 227 208 170 300 245 96 262 280 157 75 144 204 142 84 293 274 44 279 180 226 22 235 149 162 282 227 46 83 6 98 129 78 277 150 119 77 189 156 209 263 
52 27 190 275 51 281 262 262 253 109 73 272 172 295 21 103 22 103 48 196 118 194 159 212 177 20 186 120 298 152 265 173 115 54 252 85 77 72 288 221 87 130 296 57 144 275 197 119 172 169 279 28 139 
10 50 221 167 128 181 183 257 55 66 147 
3 144 120 251 
22 7 24 167 259 210 121 157 133 206 107 258 55 175 264 91 242 191 50 101 157 200 190 
26 184 82 257 88 77 218 33 36 82 293 161 21 116 190 114 89 183 27 154 241 60 169 285 133 241 97 
53 148 201 111 284 30 241 163 64 188 104 179 228 56 36 87 91 182 287 277 57 196 270 113 11 58 257 281 225 207 22 198 22 127 142 22 180 246 247 52 14 227 292 27 288 163 255 263 206 162 78 259 217 62 
46 113 97 127 244 177 173 276 232 150 66 184 16 51 124 202 226 8 284 274 122 243 124 17 144 75 159 33 51 124 166 19 81 101 231 156 96 288 34 296 19 30 99 221 227 88 258 
55 271 55 279 112 40 129 15 83 218 42 284 44 153 232 25 208 56 208 196 95 254 294 69 263 128 160 138 98 104 156 297 155 145 290 212 65 212 219 282 132 165 44 100 102 72 220 196 280 17 206 137 278 244 272 57 
35 169 154 170 109 214 160 258 285 52 179 274 81 62 229 275 29 65 194 240 183 57 159 105 75 250 279 204 140 32 241 259 12 108 256 275 
10 237 162 19 281 136 185 281 173 268 169 
41 196 59 275 45 32 203 161 144 157 121 200 92 137 225 45 29 165 145 156 89 118 141 296 146 117 2 101 170 244 164 153 148 147 198 71 260 223 214 111 279 82 
18 180 141 57 8 184 121 229 66 32 88 147 47 221 174 145 189 160 148 
19 61 208 300 17 142 142 4 134 254 120 236 211 191 75 199 45 219 79 246 
10 29 163 45 176 274 14 300 143 205 251 
20 271 11 74 190 150 287 249 26 300 272 68 50 27 222 285 19 256 72 241 144 
9 57 149 203 132 206 41 210 97 46 
41 283 132 15 79 137 247 130 79 260 138 118 207 181 275 258 83 224 82 254 146 292 202 182 206 250 203 300 272 74 210 213 182 109 40 67 48 245 118 134 232 144 
33 110 225 26 125 235 220 158 296 214 182 9 239 289 191 203 233 182 158 191 178 145 267 191 131 253 228 27 189 39 4 97 38 44 
9 180 103 185 200 145 249 130 238 15 
54 17 19 292 195 246 284 282 69 206 175 19 65 9 139 89 284 65 24 96 14 222 220 67 144 193 123 226 1 216 112 134 16 82 218 247 163 172 224 277 128 244 150 169 87 125 97 249 213 21 199 15 300 278 68 
53 281 290 38 84 268 175 114 91 195 300 5 276 219 226 56 278 242 200 192 207 224 55 227 131 154 2 217 24 42 255 292 44 108 124 276 179 226 28 224 201 258 255 167 225 59 38 39 109 231 288 110 87 12 
49 64 161 42 296 190 174 239 277 19 195 247 220 285 183 32 269 136 24 251 52 44 208 17 187 250 140 56 290 254 96 187 290 128 157 245 220 107 198 103 157 253 63 181 168 273 285 73 4 76 
28 156 118 192 292 39 233 31 33 187 106 286 282 150 116 160 274 152 252 11 282 18 290 230 188 122 234 57 72 
19 44 295 274 24 26 183 289 64 20 200 270 150 222 286 294 64 238 78 68 
28 162 150 148 261 284 162 255 115 26 148 20 57 286 53 152 136 66 218 35 76 77 276 158 8 256 168 55 173 
17 104 51 107 29 8 239 291 31 26 271 43 242 114 222 300 64 243 
850613 -120584 -865698 -756153 -30027 -811994 51878 571135 -719020 333495 915535 368575 215579 -213176 -24514 -464194 93941 987947 354316 213376 -625682 526687 334721 310339 336291 -735243 726324 -673413 9760 93291 736942 -548404 4720 -308458 256547 125184 655728 -15430 787775 -358122 752599 -586933 -755550 -362240 383671 25650 990334 -570174 530484 -712922 770022 -794941 289021 779981 -909178 -744803 -931692 -673138 -825388 833175 -935919 841 336855 28013 931580 827757 -493818 -34872 -779847 495705 -464991 -230938 617213 -51621 710746 438768 -140882 -973794 471640 476365 225461 150359 -889614 588121 152188 15531 578558 -170137 814459 -282536 -306997 -57434 -693245 -298425 -291217 -969370 775161 -285161 683117 126070 -348808 846423 -577879 370328 30989 -76916 -454353 729149 609288 -782818 -505398 750326 766355 -328059 70720 525480 -120069 477614 -147447 219740 -956653 -713718 -916125 633272 -333909 -96143 -819657 365570 -400775 923224 -815115 -945961 -75801 373013 690621 559253 -576531 -979799 -873881 -679289 749375 -216778 -976470 -881232 594904 -390855 974649 99856 -950555 -21201 82491 -50850 824641 -229935 -249329 258920 376545 818806 -390833 -237475 514974 879691 -962658 694390 -555847 -733979 501814 -472468 49123 -711078 426758 -346420 279516 -653808 490641 -503811 -183983 573552 -932326 -558595 59419 -653674 -868095 620537 -81576 -79771 368128 -586251 464731 -648609 -935841 -420494 -413833 347852 -653456 -896636 219179 213242 -676843 355977 304725 22480 339871 -975778 -976579 -778192 277279 910058 386777 30999 -552520 -625868 -897225 -255734 -314180 -209010 -802243 -202228 691189 -872860 -286783 -709818 661664 -712505 215488 -730171 462590 550566 -87032 -77355 607437 494996 -362078 -697168 -644605 -868525 -435808 -259545 300320 -433651 218914 334354 -964680 -70111 771379 356876 -457767 -419620 586566 -363317 -281158 -265380 952007 -459853 536120 -722729 175217 635179 -541231 899060 -16548 -819674 271916 832222 478257 681928 -923759 852686 883865 378258 780703 40643 173290 982224 -553698 807122 966673 249923 -581065 -712917 -783380 -341630 -276544 815762 546631 -237786 -487609 -721473 900803 936217 652415 320145 677284 337244 -197851 785295 -211283 340026 -233598 47098 
