150
23 125 79 61 70 68 65 84 10 61 123 82 29 61 13 145 146 34 109 14 130 137 96 17 
8 3 32 147 120 41 130 14 89 
17 15 20 91 21 14 111 4 90 16 90 19 49 18 3 139 146 142 
7 55 2 110 46 35 128 93 
8 13 14 10 11 69 9 96 42 
23 47 134 149 45 33 22 51 34 116 73 30 149 26 22 109 69 90 13 32 33 118 10 144 
17 133 121 18 20 95 3 144 125 43 14 147 17 113 95 41 78 89 
20 21 46 54 103 40 87 59 147 55 54 123 62 10 68 128 118 132 78 100 125 
24 88 107 138 72 138 6 1 107 116 71 102 102 17 5 104 89 142 123 108 99 138 20 73 69 
29 122 114 109 28 39 7 1 43 93 124 8 143 116 67 64 17 17 100 67 81 81 130 47 108 9 145 123 23 52 
17 36 21 74 89 6 44 63 23 145 90 21 34 1 61 94 72 124 
27 16 37 31 69 33 105 46 75 94 149 82 128 110 51 18 100 41 143 136 74 68 101 39 148 41 28 72 
17 69 94 90 112 131 24 113 39 57 54 110 108 62 84 84 14 2 
26 71 122 142 52 25 63 150 140 99 123 11 130 102 59 3 23 9 99 106 56 7 139 17 143 87 132 
11 74 128 99 148 19 43 71 2 1 1 26 
19 79 150 114 138 61 53 10 96 88 119 107 35 82 103 128 28 60 96 35 
9 42 20 95 113 107 127 70 12 129 
2 43 67 
5 99 54 30 133 123 
15 79 110 84 72 19 84 97 122 115 119 118 110 58 139 86 
10 31 141 132 90 80 132 125 88 137 3 
18 147 102 137 72 110 69 99 64 138 38 36 49 130 13 8 56 121 119 
3 147 134 121 
24 96 87 83 108 45 40 22 3 57 31 96 138 95 129 28 95 118 90 59 47 107 62 72 55 
27 92 77 38 64 48 91 28 47 75 77 54 127 88 105 87 48 87 142 74 101 128 19 1 131 59 91 115 
16 8 112 15 30 56 11 147 124 77 110 52 110 146 130 27 3 
23 21 137 45 46 52 121 123 28 32 16 109 87 98 9 120 56 17 54 141 26 68 69 35 
19 9 56 132 29 93 131 45 134 114 53 38 58 62 139 29 105 7 46 129 
10 88 42 23 36 140 22 31 21 110 52 
3 49 59 15 
2 47 117 
5 62 79 98 88 58 
10 66 137 43 51 29 128 57 25 98 102 
25 92 66 140 63 37 105 4 76 83 17 99 83 90 148 85 82 108 46 129 67 115 111 2 60 115 
17 108 121 121 146 55 61 149 63 27 98 138 94 12 27 123 58 10 
21 63 9 85 96 86 149 126 123 97 131 70 17 108 133 14 69 96 11 76 51 77 
9 23 90 18 72 103 67 58 16 1 
14 5 110 77 34 92 3 63 65 18 91 10 124 48 145 
20 69 132 26 84 107 89 117 103 65 150 147 49 88 147 110 102 76 116 57 11 
16 117 30 1 62 99 115 93 113 48 24 122 129 16 102 63 103 
29 138 146 32 25 137 98 19 29 65 17 47 16 13 45 144 22 111 16 114 148 19 39 1 2 89 5 92 109 44 
23 6 104 63 112 137 129 95 117 102 71 99 40 126 111 89 76 86 67 112 75 103 131 121 
12 136 52 75 146 18 73 103 3 56 53 132 15 
23 48 20 1 119 23 60 117 41 128 26 136 28 103 24 105 48 33 67 54 5 132 11 23 
19 12 72 43 71 17 1 129 27 131 56 36 95 115 97 24 121 10 123 137 
3 6 146 128 
29 6 83 60 75 150 84 150 36 39 103 96 100 115 101 115 34 19 79 118 137 16 142 76 117 57 99 86 41 92 
25 94 43 149 90 79 132 82 135 37 114 51 140 143 2 24 46 110 71 104 142 4 26 37 29 61 
9 48 127 56 19 100 24 56 46 123 
16 147 88 125 88 89 32 92 120 9 111 27 144 88 93 79 50 
9 44 104 100 94 107 35 75 53 4 
4 86 143 43 10 
3 41 2 61 
19 100 138 74 37 75 15 72 148 50 80 8 59 17 109 95 25 56 33 34 
5 140 10 23 42 7 
28 72 150 18 1 100 9 38 98 2 50 94 61 115 107 92 33 37 85 41 83 31 102 113 95 41 40 47 119 
20 56 54 144 134 148 86 7 15 1 110 41 87 70 121 28 149 1 134 149 37 
20 111 127 34 128 53 17 108 59 124 89 65 38 31 144 102 62 23 68 109 29 
28 83 141 117 114 58 16 47 14 140 101 16 55 118 31 5 141 21 127 96 76 31 101 111 137 111 88 86 17 
27 70 82 117 122 88 9 99 79 65 6 140 124 125 118 118 146 101 46 77 50 135 96 48 96 22 20 12 
8 12 8 9 140 55 72 132 69 
21 55 35 4 16 52 108 58 53 105 143 36 24 86 89 77 106 85 83 80 16 25 
26 52 134 75 76 11 64 141 9 67 43 27 32 86 123 31 65 100 29 150 116 124 68 97 3 6 105 
23 123 82 114 74 70 128 6 117 132 10 63 132 61 28 74 18 115 21 134 59 95 16 89 
2 123 56 
6 37 121 111 20 149 6 
18 137 20 119 62 13 13 40 61 14 8 148 79 32 5 93 47 13 149 
12 90 37 89 111 101 17 82 81 77 31 34 56 
18 59 139 77 19 33 25 37 32 55 49 10 93 22 147 128 11 96 102 
30 84 100 127 113 96 93 41 66 41 80 116 142 94 124 132 36 71 43 11 39 92 56 123 108 102 61 43 84 30 22 
13 95 78 82 145 115 36 32 89 78 1 13 138 51 
21 75 124 125 84 28 123 56 42 74 5 57 4 3 28 30 112 97 118 118 27 75 
21 27 125 65 145 14 123 146 47 63 14 89 63 25 91 34 23 3 48 85 124 141 
20 32 55 45 115 110 102 125 119 4 40 40 129 49 83 97 106 40 112 142 67 
6 7 98 147 33 139 132 
29 65 130 59 6 113 114 47 48 2 112 49 9 98 73 119 46 106 53 139 31 73 108 63 80 142 107 120 52 110 
5 101 77 47 112 121 
4 59 41 36 96 
14 45 150 102 91 104 18 53 54 150 92 88 30 100 147 
27 60 12 74 14 22 96 138 109 88 20 67 71 54 3 79 63 99 76 46 122 7 4 29 79 96 140 95 
15 109 8 58 126 137 120 128 78 43 122 141 111 82 134 98 
15 62 146 122 53 60 8 149 37 45 139 141 66 64 24 44 
9 26 23 35 108 141 91 143 13 93 
22 136 58 20 89 23 87 130 55 109 21 51 97 10 52 36 125 41 28 24 85 95 9 
4 133 124 41 75 
27 126 111 120 2 8 52 110 140 108 124 85 77 122 28 63 65 38 35 86 1 19 58 136 133 74 119 32 
7 59 66 45 30 70 47 113 
24 25 15 14 85 69 149 55 124 63 96 145 86 3 125 80 64 121 113 124 110 67 77 147 11 
22 71 25 111 80 109 45 150 118 130 106 150 65 86 114 122 2 85 113 59 84 67 148 
3 102 55 108 
5 134 2 9 27 135 
30 44 121 27 3 1 138 89 34 114 148 81 65 131 94 86 56 83 21 131 106 56 81 129 113 111 112 128 61 138 140 
9 65 33 7 98 44 105 11 46 113 
16 46 88 133 17 45 100 88 36 144 92 103 43 128 122 150 132 
26 15 58 123 23 24 150 128 30 119 87 45 99 51 141 49 40 39 148 62 107 148 91 32 139 63 147 
26 118 141 95 15 97 2 79 82 100 19 115 57 138 116 78 98 109 18 55 49 66 87 33 108 94 68 
30 120 12 2 115 74 103 91 29 46 149 136 41 73 113 7 1 121 5 122 23 140 55 123 145 36 51 75 40 12 98 
2 49 88 
14 23 83 53 135 57 127 2 98 133 24 92 49 49 138 
30 32 92 130 40 27 59 76 29 148 59 149 63 140 95 6 122 108 69 143 9 49 15 127 112 66 81 113 15 45 96 
12 95 27 46 3 29 95 54 125 69 120 144 124 
6 103 51 64 120 73 144 
15 6 142 51 56 60 51 27 113 86 6 140 149 33 79 116 
11 55 3 11 65 134 24 14 49 116 66 94 
30 140 78 17 130 83 96 138 102 18 96 121 12 58 110 12 120 38 75 49 134 52 139 86 135 11 19 21 110 129 31 
22 110 30 78 68 106 149 73 117 141 41 127 3 110 53 3 124 130 83 76 74 55 23 
22 19 64 123 26 138 82 79 66 127 32 135 95 83 77 52 30 140 144 95 38 87 40 
11 149 8 99 115 29 5 139 64 112 52 51 
17 95 114 121 82 24 8 21 55 111 89 123 140 140 87 122 15 45 
22 99 91 45 105 14 77 5 56 9 98 150 95 30 106 25 111 16 88 65 68 16 123 
12 33 36 14 129 111 113 2 90 41 43 104 142 
17 82 96 115 84 104 26 34 148 21 37 28 33 19 90 60 37 95 
9 14 108 124 37 33 53 10 108 81 
4 130 25 30 94 
30 59 129 58 112 59 30 110 97 44 148 135 136 11 58 75 20 92 28 150 4 67 3 35 147 43 81 114 75 124 105 
5 94 106 51 134 23 
4 6 127 45 100 
18 130 130 61 105 6 140 75 148 105 81 87 88 117 90 22 10 42 109 
5 112 15 82 140 86 
7 60 36 6 46 87 75 33 
30 6 136 113 89 56 125 39 17 78 9 68 96 149 28 139 19 54 51 48 86 107 11 61 13 102 38 102 93 53 40 
4 4 3 9 39 
26 114 115 13 91 101 61 49 113 8 71 111 65 128 10 51 55 73 21 140 103 139 42 121 20 68 107 
5 150 5 123 146 107 
29 36 144 122 106 32 28 4 89 27 50 74 128 102 124 89 78 73 109 83 120 52 93 111 124 8 91 4 128 6 
7 25 57 73 36 18 6 137 
8 115 129 137 48 81 93 148 5 
14 29 100 65 42 129 135 121 98 132 60 77 105 118 16 
4 25 26 70 50 
27 71 124 81 81 20 15 134 4 49 51 24 54 117 20 93 42 144 91 29 117 123 90 128 100 106 12 63 
24 77 47 5 75 54 127 93 123 84 16 18 29 40 135 18 80 113 25 57 49 72 139 41 109 
21 73 84 105 85 91 73 128 150 11 35 32 126 100 81 92 64 9 42 10 145 129 
16 5 31 102 17 74 120 36 37 110 88 149 144 54 61 97 16 
22 8 134 133 64 65 21 12 5 147 77 122 113 25 84 125 1 145 44 96 150 18 84 
22 91 31 10 121 118 55 144 37 125 2 95 9 86 47 52 130 71 71 51 38 84 128 
28 129 19 62 141 146 39 44 25 135 141 87 148 117 148 32 19 86 97 15 104 95 144 81 78 117 127 13 148 
25 106 72 23 28 77 84 49 48 37 10 26 28 24 68 92 29 17 68 109 51 50 96 63 101 115 
23 109 28 15 133 63 115 33 104 45 14 75 48 113 145 69 54 47 98 92 62 63 53 104 
28 52 101 107 38 140 75 13 1 83 76 75 77 106 15 34 5 145 144 19 64 58 99 62 16 22 134 27 116 
20 141 2 11 84 136 9 66 55 123 99 143 147 109 14 89 113 143 70 115 132 
23 21 40 6 142 90 51 63 54 16 68 3 52 138 43 76 27 26 120 144 10 17 75 92 
6 89 149 119 144 107 24 
22 15 23 32 83 75 149 65 74 56 82 90 129 95 120 104 16 67 24 84 58 98 127 
13 36 77 22 41 95 30 149 49 16 140 70 38 110 
16 44 48 101 64 3 50 119 66 135 148 65 126 54 67 147 55 
10 134 53 22 111 130 77 127 91 63 75 
12 60 64 88 146 66 113 35 118 34 128 114 17 
29 114 46 64 90 44 144 124 103 144 102 22 117 20 79 149 73 110 137 77 25 41 31 72 75 99 28 118 48 86 
18 101 102 32 103 148 49 137 84 108 25 82 146 143 67 129 26 41 61 
23 10 40 70 149 61 100 51 104 55 23 97 51 119 133 23 64 22 83 54 25 137 99 142 
-310135 -609258 240720 -922479 438141 -906121 839185 -67998 -319816 682264 -779545 511575 579455 82155 633524 -701128 302224 -866222 -746373 687197 -597533 -819346 911054 131291 -493740 740092 -326801 -922507 112200 -846156 -400154 -505428 -314799 -267195 -559673 861036 740018 -888032 -616757 -634572 -621444 -3034 -637674 -921557 -312081 477887 -369488 -177326 463873 -353958 157813 -694334 340448 469263 68029 463873 -201403 -300635 -971754 811922 283994 -972878 -707105 783709 954109 300091 -211382 231623 -150260 -641935 -101900 337435 -236559 4208 -528242 496372 -724971 451294 -562721 23018 -520781 -937319 -480958 543090 -433615 138253 -905433 885491 -104602 -415093 -577016 -500792 80008 -915361 362038 -597469 669037 -793529 -52720 -672656 -680744 -532152 -869973 445788 -108158 -816359 -167152 -534189 806622 -254876 -735815 -362492 -904703 618916 151037 -986189 -505139 -574857 -269352 -238325 332031 -680119 36915 348858 185733 -647754 592219 -467843 -979469 -517820 -666047 -47137 -445229 -68745 810631 -17895 611571 -613396 943055 -910413 475155 635565 -660313 -836864 -443615 -437453 723860 -939121 425403 -219190 
