210
3 179 157 83 
30 106 111 200 35 128 139 12 86 37 208 8 31 167 63 94 70 184 106 38 118 149 102 122 166 148 74 50 105 34 67 
8 146 198 178 139 67 205 23 76 
6 102 105 18 59 157 50 
39 207 166 177 51 88 65 196 13 150 192 103 83 77 135 181 140 165 141 167 66 63 78 126 66 194 185 198 86 44 67 33 108 147 8 185 120 116 102 30 
34 69 73 39 148 78 84 119 56 13 54 139 143 203 97 158 40 151 117 91 157 195 90 161 141 29 55 130 113 61 146 2 20 18 104 
39 39 77 85 157 136 72 89 192 121 54 150 98 148 111 130 68 110 75 150 16 181 130 117 177 158 204 166 69 48 149 153 203 122 52 162 208 137 107 92 
9 7 13 110 75 77 117 130 73 141 
21 5 143 28 136 185 203 76 38 118 80 66 146 186 62 201 27 82 100 95 44 185 
9 181 141 58 157 79 135 155 112 194 
2 24 131 
30 188 148 98 131 72 102 209 93 147 194 153 154 208 167 104 98 13 16 61 21 34 150 198 103 201 30 131 159 35 94 
19 149 66 70 89 194 208 155 6 5 50 165 44 61 181 178 176 118 72 145 
2 62 124 
17 171 20 128 140 209 58 20 81 180 42 148 67 185 49 28 166 67 
18 189 156 63 3 88 72 200 50 209 59 186 21 161 181 210 198 96 99 
23 163 28 173 94 24 69 26 128 208 89 100 174 125 59 130 16 115 209 183 189 11 8 204 
42 2 54 163 103 137 8 84 28 173 86 91 57 182 28 61 98 21 189 63 59 3 82 87 94 155 67 203 74 81 144 172 135 159 134 191 36 141 101 72 78 100 84 
35 73 49 39 100 143 148 161 69 62 174 133 209 78 49 93 166 112 31 143 144 54 171 33 168 155 203 1 157 9 136 26 42 160 131 100 
33 194 135 164 22 22 149 164 85 46 96 67 177 127 173 44 75 52 117 76 88 2 198 140 11 1 76 22 40 89 10 40 174 88 
33 168 99 42 166 189 162 36 164 4 27 191 109 130 127 140 103 31 113 88 55 33 68 175 201 88 164 207 137 90 33 151 144 115 
35 154 183 152 28 145 62 36 55 64 179 109 128 103 65 86 182 171 84 13 169 79 183 110 182 98 165 193 133 182 99 146 170 141 27 25 
24 191 141 41 149 85 101 111 161 15 108 10 36 118 53 22 109 51 87 169 25 30 4 77 18 
37 2 32 27 89 187 206 46 199 7 210 91 13 79 193 133 156 95 64 171 178 209 128 108 182 43 77 18 154 188 18 107 175 33 195 52 202 159 
23 178 60 12 24 36 170 68 143 44 117 66 145 207 7 180 194 21 67 37 95 163 41 62 
9 7 27 156 149 79 91 149 171 155 
35 175 173 184 75 26 20 31 95 95 101 43 203 5 11 49 71 22 202 2 189 119 98 120 132 135 19 130 71 205 123 47 167 7 83 200 
41 56 97 76 124 85 130 146 148 23 127 70 191 23 110 48 146 115 87 200 43 146 20 99 132 117 201 105 112 100 57 24 53 2 155 97 160 109 46 44 27 28 
7 86 28 147 147 60 23 164 
26 92 105 156 130 26 98 161 134 98 103 14 166 136 72 144 51 175 174 45 130 155 119 38 169 87 207 
11 169 178 60 185 196 48 208 153 17 154 210 
36 68 90 151 2 204 148 115 207 186 9 145 129 195 146 189 1 23 148 208 168 29 8 79 41 31 127 13 130 80 141 97 84 58 45 31 68 
7 44 52 122 135 92 155 46 
28 29 183 104 116 202 148 189 188 55 178 28 147 62 193 34 185 199 23 93 209 182 92 20 158 188 112 82 168 
25 8 87 40 111 207 28 22 49 71 40 94 38 43 12 44 88 100 11 112 189 14 108 97 198 169 
33 84 89 107 99 79 109 101 123 133 193 38 114 32 92 103 148 56 130 130 176 170 46 4 49 3 160 109 74 208 19 75 206 155 
18 177 165 43 153 35 31 103 200 160 58 67 202 143 63 87 112 120 76 
10 97 171 26 126 182 91 175 144 5 123 
8 111 177 145 82 78 153 86 74 
24 173 158 162 207 23 164 102 83 129 54 117 113 2 24 143 199 56 46 43 196 117 125 53 167 
20 84 189 21 136 40 95 201 41 70 203 18 129 208 79 58 82 24 152 159 1 
17 67 13 116 41 33 183 26 55 186 46 152 82 61 19 184 54 16 
42 39 176 93 139 18 64 76 174 115 202 10 55 74 51 4 197 148 88 66 179 16 130 79 172 75 14 54 174 133 123 157 109 169 48 121 87 65 88 16 164 203 197 
8 195 66 68 37 89 36 183 52 
18 203 120 126 189 49 118 27 92 66 111 31 86 109 18 20 62 161 22 
33 149 132 58 49 67 133 40 7 151 152 7 195 20 96 180 12 36 57 92 34 87 18 72 37 43 128 72 12 60 204 157 200 183 
39 159 52 204 82 193 76 52 34 169 132 31 206 191 99 84 76 210 113 88 153 121 25 124 1 3 91 96 47 210 156 115 6 116 151 77 60 151 30 170 
19 139 18 193 195 203 178 175 186 108 6 20 16 69 105 142 44 133 3 11 
7 142 28 6 199 102 196 33 
2 106 169 
36 179 107 5 113 107 98 52 57 34 30 29 96 179 94 72 159 113 39 81 175 151 14 96 180 57 141 168 155 207 55 174 17 86 118 130 157 
29 95 37 195 71 179 152 198 198 56 43 69 25 140 150 18 10 139 10 13 42 62 126 172 49 173 102 165 153 61 
15 62 36 36 187 128 73 21 200 88 16 6 78 81 54 132 
12 97 7 156 107 32 135 196 98 109 165 92 53 
12 33 70 124 56 194 76 181 52 184 205 51 151 
17 101 86 80 189 209 184 139 24 29 99 103 199 183 24 80 7 47 
35 39 88 99 190 152 105 56 79 137 197 179 26 25 18 141 61 136 121 182 17 62 196 159 68 190 148 97 69 194 79 47 50 49 207 114 
18 18 102 41 144 144 4 101 41 193 184 106 187 72 96 137 87 96 169 
11 121 23 170 25 172 87 31 108 91 14 70 
11 78 98 42 12 63 40 199 74 38 172 130 
41 47 84 170 160 88 14 80 96 145 62 124 208 143 143 37 120 181 14 77 92 160 190 151 122 161 95 70 85 120 154 150 83 180 6 194 171 123 116 9 82 102 
9 131 118 2 63 144 155 46 182 104 
3 131 176 191 
11 9 172 61 27 42 43 68 164 144 100 5 
37 119 161 166 19 81 37 115 79 44 166 48 120 183 166 191 75 28 148 147 12 188 199 4 112 133 138 67 38 203 130 205 81 24 182 207 159 76 
9 198 32 208 88 144 86 51 93 208 
26 74 53 208 192 91 194 150 24 51 203 75 22 14 6 130 187 106 155 110 73 63 87 175 178 166 59 
5 145 106 112 148 157 
24 183 18 205 56 6 199 41 4 94 146 153 42 59 3 140 183 98 123 133 45 32 207 183 140 
27 97 184 43 202 105 194 177 11 123 95 107 88 50 186 70 95 79 35 193 195 57 107 48 59 145 121 111 
38 186 153 159 98 108 76 43 32 97 60 2 157 144 89 59 126 152 130 152 32 129 14 109 182 70 119 116 2 130 6 142 152 144 189 161 39 155 175 
10 127 25 95 85 31 132 166 182 170 209 
10 205 63 160 91 133 137 24 188 122 165 
19 61 178 187 152 196 95 70 53 57 146 172 132 112 89 134 23 44 149 37 
25 156 147 79 152 61 174 173 102 6 158 158 164 159 165 164 185 104 172 189 60 116 46 55 166 112 
27 59 193 203 117 106 170 61 121 180 52 62 80 12 148 199 146 180 3 111 71 164 167 133 84 208 10 115 
14 10 96 101 150 105 93 152 104 105 165 100 44 97 105 
40 35 27 208 194 17 106 88 140 69 23 147 70 187 102 95 59 116 6 152 153 40 92 106 159 90 180 149 85 1 163 175 30 196 2 192 58 79 192 61 15 
22 2 137 35 76 134 198 202 148 203 96 137 161 20 22 83 118 172 186 154 123 174 115 
26 100 101 14 116 111 30 62 144 162 32 171 181 116 132 188 181 86 88 86 62 3 201 87 45 185 186 
18 147 209 10 61 165 153 126 70 158 146 55 170 136 108 91 124 21 45 
32 166 119 106 166 42 200 118 80 20 128 33 136 143 105 27 10 133 150 143 165 65 90 164 100 23 51 60 39 85 102 149 142 
12 80 183 61 172 85 13 40 130 175 88 30 208 
4 80 20 130 57 
26 152 30 205 45 107 64 15 28 184 10 143 119 164 98 26 71 207 187 6 29 83 87 185 93 81 70 
2 158 104 
25 141 160 110 41 131 165 152 59 113 127 129 207 75 20 194 87 111 5 107 19 28 68 92 137 59 
17 176 30 14 120 184 189 6 90 43 196 123 65 24 16 2 172 43 
12 93 174 203 19 160 61 178 82 19 77 20 111 
8 33 131 158 7 94 174 21 62 
4 187 206 187 8 
20 91 64 205 70 25 87 137 21 103 164 95 116 35 128 158 25 150 11 202 4 
7 209 28 152 26 174 42 191 
21 30 116 64 126 202 8 115 183 19 184 40 84 29 39 7 129 11 195 107 172 144 
36 56 24 75 44 17 117 209 178 6 38 183 200 32 141 116 151 37 83 200 72 115 24 46 53 50 184 172 209 30 5 34 182 4 198 102 160 
28 152 159 13 202 170 109 51 169 53 138 210 96 2 171 139 177 89 168 183 112 89 116 91 5 198 160 154 68 
38 99 134 197 118 176 159 94 83 115 109 68 146 19 5 208 201 32 23 104 132 137 106 163 19 208 73 125 36 33 142 128 61 19 11 68 25 43 191 
17 67 148 12 137 208 178 141 78 190 181 175 118 43 165 84 81 151 
38 175 52 205 39 178 18 57 71 153 140 39 55 82 146 159 102 129 26 178 10 14 200 75 145 184 156 88 82 6 135 26 12 88 155 201 6 50 196 
27 151 120 85 49 4 174 184 2 200 184 96 61 126 60 38 24 184 144 91 93 175 132 177 151 23 163 110 
17 153 139 158 40 108 155 208 92 80 85 192 36 61 120 60 133 79 
9 106 123 165 139 53 30 191 134 65 
17 60 107 69 146 102 143 184 100 198 75 195 184 108 174 152 83 109 
2 190 103 
25 207 80 96 145 126 207 99 86 128 89 198 144 51 106 74 26 169 209 51 126 66 199 90 125 156 
16 50 28 7 14 60 205 155 48 7 210 89 205 209 69 162 7 
38 194 118 135 95 88 20 50 65 10 75 171 156 163 121 69 194 41 38 71 68 185 113 35 57 206 77 141 105 183 202 199 125 163 179 134 146 95 44 
40 199 178 159 94 162 2 157 184 99 138 202 180 55 106 195 119 65 196 25 6 123 72 125 68 65 178 202 76 60 28 53 175 74 191 38 181 45 137 17 35 
3 17 209 167 
2 200 79 
17 63 123 28 23 91 134 65 115 180 135 116 171 111 40 138 210 198 
9 140 121 60 79 142 9 83 90 64 
5 61 106 82 15 66 
10 89 198 64 159 177 186 162 155 49 102 
2 22 158 
15 146 44 41 209 207 48 106 86 59 157 204 56 56 57 149 
26 176 28 91 141 68 46 181 97 20 114 61 13 25 208 49 70 77 127 8 205 48 24 29 33 54 98 
25 161 136 199 111 193 207 21 119 38 104 68 151 147 139 160 5 8 78 86 51 67 67 33 198 123 
14 90 140 46 33 142 181 150 194 55 58 187 84 131 119 
34 125 131 11 20 141 16 86 153 50 75 167 15 178 48 173 136 96 57 162 169 129 119 171 114 111 191 32 121 90 24 103 16 195 162 
19 123 120 47 76 152 75 27 189 26 67 59 20 206 139 47 65 25 93 98 
4 181 13 1 41 
26 59 176 28 94 204 204 89 163 54 113 43 193 138 15 81 145 110 83 3 138 195 138 65 19 128 70 
6 79 186 124 210 126 113 
21 187 181 135 175 94 206 86 70 34 103 127 74 41 193 5 54 128 167 208 57 125 
11 139 31 87 3 134 67 70 156 185 25 116 
3 160 71 62 
40 209 95 60 92 127 100 37 68 210 65 47 49 78 205 186 110 46 85 117 42 160 73 67 91 48 1 149 135 5 76 180 4 89 83 79 151 33 121 197 166 
29 56 28 20 106 194 64 179 21 114 75 180 107 60 154 175 46 150 57 160 100 25 63 123 173 88 199 92 187 74 
5 110 164 193 9 102 
28 160 129 145 49 7 30 161 131 54 25 58 75 75 207 80 161 77 11 77 77 72 209 197 155 164 201 143 206 
37 57 104 35 152 126 69 51 129 136 154 133 125 190 64 156 40 157 53 6 26 92 100 119 146 88 127 60 35 204 105 83 175 172 71 144 127 68 
40 133 101 124 130 10 92 134 200 176 126 179 80 126 187 40 25 46 77 148 17 9 87 207 4 202 126 204 152 165 159 47 200 127 63 139 143 18 88 68 95 
32 24 196 50 177 29 192 66 37 113 168 36 12 192 177 63 20 128 170 173 5 74 157 146 108 201 195 51 111 59 114 77 191 
40 9 85 46 108 143 75 33 167 144 60 31 201 104 151 97 83 57 154 20 207 71 98 108 172 202 129 125 149 96 205 7 170 2 76 74 32 27 74 100 187 
3 171 133 97 
17 174 91 41 203 140 103 165 20 108 180 152 135 112 7 119 170 128 
17 60 105 13 139 171 143 7 154 31 195 67 149 23 65 180 208 59 
40 53 140 128 160 171 153 162 130 192 36 78 148 98 120 178 1 56 179 70 124 68 197 140 126 137 155 105 194 142 51 106 206 20 179 60 21 94 31 161 185 
19 150 70 92 185 100 196 38 2 1 202 66 138 34 15 41 22 185 133 188 
34 33 100 138 188 147 4 58 18 192 79 164 138 186 166 121 12 94 92 127 8 25 79 15 94 126 162 138 126 152 24 146 107 24 174 
25 127 163 61 140 105 197 62 175 126 49 164 109 83 16 161 17 138 52 96 11 196 1 91 125 4 
33 130 144 130 27 67 71 153 106 127 139 93 101 210 34 159 99 210 48 200 71 40 208 204 179 86 91 194 58 33 76 83 68 80 
24 65 129 137 157 145 77 118 14 144 110 176 158 159 178 111 135 117 164 161 184 124 179 185 78 
15 163 47 177 93 117 169 98 129 114 140 106 13 23 37 81 
19 166 101 159 53 194 20 167 4 87 74 186 14 81 33 80 193 102 145 83 
8 54 33 10 180 118 136 78 169 
26 25 202 79 64 89 68 198 94 164 180 207 150 162 159 190 28 106 2 51 154 193 196 78 191 64 18 
28 96 20 200 187 53 172 56 136 117 153 86 174 69 113 141 137 98 112 51 131 105 157 25 56 22 140 10 204 
21 77 57 68 44 147 146 55 136 96 70 89 55 186 113 47 145 193 68 90 102 88 
6 111 34 193 173 32 83 
19 18 7 143 189 134 61 32 195 84 51 148 186 156 158 38 144 53 166 95 
25 67 37 108 60 197 150 47 120 152 155 15 81 205 45 197 190 135 111 26 93 142 148 13 67 22 
11 201 123 1 184 129 135 181 166 78 65 151 
18 69 75 188 114 130 145 207 57 111 132 196 57 204 73 40 162 162 185 
16 75 80 128 157 173 45 175 127 53 81 127 16 209 54 157 150 
41 124 68 172 123 21 161 68 151 98 83 54 108 210 100 208 153 181 141 67 201 55 88 102 172 166 139 84 38 59 100 165 43 2 187 67 201 183 64 167 7 57 
41 41 165 103 113 147 124 174 94 137 49 147 170 56 175 53 76 112 168 199 204 102 207 105 34 31 91 168 180 28 6 31 189 147 209 24 59 102 149 51 27 175 
2 139 78 
17 174 68 24 165 42 102 139 177 63 155 86 120 183 159 198 66 181 
22 181 175 138 61 190 18 1 202 80 39 28 4 163 33 154 151 169 63 19 150 150 178 
41 147 171 126 27 8 12 89 114 8 172 81 111 116 122 72 145 64 173 168 15 116 49 51 47 122 40 10 51 206 106 194 130 141 185 98 40 53 72 127 97 92 
21 123 8 108 158 208 7 154 155 144 92 110 49 86 34 199 114 53 125 134 19 67 
3 3 95 183 
37 187 119 101 189 7 13 56 159 108 155 22 200 54 148 182 11 196 75 44 102 80 185 193 63 152 196 170 173 167 104 137 22 61 189 40 131 71 
34 111 74 188 115 89 58 72 99 7 31 116 119 13 189 186 173 104 7 14 170 69 11 91 160 109 158 11 25 82 47 57 58 191 209 
35 100 28 195 203 23 77 177 138 190 46 195 198 3 136 86 112 167 138 124 33 47 145 176 149 156 87 99 144 49 186 172 108 209 131 108 
11 86 4 207 40 101 142 24 76 184 126 135 
32 133 139 115 172 136 185 142 126 112 106 136 154 4 144 138 130 1 204 38 209 36 37 9 190 145 77 47 173 138 114 46 93 
37 38 34 84 200 130 164 117 197 191 45 138 97 61 181 4 116 62 55 184 170 102 126 27 28 142 77 115 133 165 85 41 209 91 171 63 133 201 
24 120 162 94 152 199 114 172 74 169 196 12 38 116 40 141 9 119 206 105 194 64 126 198 161 
10 71 121 11 90 1 64 185 101 50 7 
22 177 87 36 28 175 202 70 209 191 72 154 199 29 183 112 165 17 83 171 85 150 60 
19 127 166 157 47 165 131 79 42 195 88 24 193 81 180 163 180 20 114 88 
17 167 55 60 69 51 39 93 20 2 118 193 139 91 159 110 36 44 
35 85 61 135 145 79 196 195 65 193 165 195 134 42 28 168 109 108 144 48 174 81 189 205 57 205 2 97 40 164 177 131 37 10 145 91 
13 125 83 45 11 200 170 110 29 104 32 143 15 7 
3 80 132 45 
34 3 122 112 45 10 183 112 18 17 103 29 99 9 101 128 22 197 36 203 99 111 49 205 45 24 11 29 127 181 56 41 139 99 120 
42 208 62 84 168 70 140 138 37 139 158 84 2 173 78 186 181 32 173 125 45 8 73 5 137 174 26 59 83 170 147 115 151 69 46 159 44 81 37 203 63 63 13 
5 198 22 35 98 88 
17 74 70 195 2 31 90 110 94 44 145 19 34 176 199 36 200 89 
8 125 135 193 14 57 114 92 68 
18 39 195 189 122 108 130 154 208 105 47 34 112 150 192 210 125 146 168 
26 22 180 81 49 114 143 160 93 121 144 17 88 93 25 133 129 84 162 120 143 146 163 149 14 206 1 
8 57 195 58 23 175 105 207 36 
29 105 34 20 165 142 170 196 157 93 84 194 77 187 100 67 170 201 151 93 110 14 183 6 1 22 104 64 85 122 
38 13 116 84 194 125 49 92 69 157 134 134 189 16 121 5 69 57 63 175 187 86 186 148 83 205 46 149 63 198 121 52 143 3 98 16 85 90 107 
35 139 156 178 2 96 66 171 36 20 43 7 29 21 189 114 21 25 191 32 102 132 61 87 169 40 72 114 154 22 144 159 107 24 21 57 
35 173 79 34 15 195 11 199 48 41 116 84 28 83 97 20 207 121 85 205 95 83 162 61 122 14 143 204 111 177 17 101 159 138 165 159 
28 54 141 128 71 177 25 44 64 178 31 131 7 122 125 46 106 206 34 161 102 109 206 13 12 167 19 54 7 
32 206 71 106 98 9 125 172 101 181 119 55 45 199 23 13 148 88 194 115 133 56 199 58 27 180 52 175 100 153 109 96 62 
38 23 176 206 131 161 119 204 111 199 173 57 177 148 49 146 78 100 187 145 144 171 112 99 45 29 77 30 104 179 20 90 27 44 46 208 21 9 189 
23 79 177 198 116 143 27 167 200 4 57 210 166 86 145 20 44 125 7 180 72 116 52 26 
2 8 15 
41 186 178 11 2 10 89 87 149 32 169 193 160 128 186 63 129 165 68 37 34 46 126 15 204 68 173 23 118 1 112 92 45 75 66 127 145 91 204 113 177 111 
40 158 94 153 186 66 107 89 58 203 193 190 51 205 199 62 102 41 34 147 31 110 108 118 57 70 210 95 161 145 90 196 60 165 120 131 43 81 176 140 147 
40 198 158 201 123 56 34 200 92 8 178 50 167 129 73 76 163 19 16 22 17 88 156 94 96 67 183 70 102 48 136 156 102 89 108 94 58 122 162 179 118 
11 86 142 73 31 4 202 108 168 29 75 113 
28 99 7 115 167 10 200 153 183 175 61 164 173 13 195 161 184 154 209 50 202 86 188 195 178 83 53 13 85 
22 147 34 23 41 115 31 138 78 16 108 116 108 138 79 76 80 132 26 38 43 197 46 
41 87 136 92 132 48 106 25 120 67 9 186 121 171 206 81 25 107 87 159 120 24 40 30 140 151 25 119 78 174 28 22 157 37 14 56 72 1 113 152 122 124 
17 115 7 84 38 17 127 192 26 76 45 121 49 100 104 86 4 141 
35 151 118 154 32 202 21 134 19 90 86 139 203 153 57 122 125 34 192 123 102 132 85 116 12 206 208 75 33 12 185 153 161 118 127 54 
12 182 199 114 159 64 11 67 166 140 36 180 39 
28 199 16 192 95 25 96 128 48 192 144 209 70 6 145 193 44 116 128 15 164 127 44 62 134 82 156 180 122 
4 187 146 200 1 
28 16 9 104 160 199 173 35 197 18 153 124 75 112 111 180 53 18 21 88 77 69 72 79 76 135 19 138 44 
14 192 205 74 25 43 84 118 187 3 43 206 179 68 65 
31 192 152 161 159 127 11 202 188 47 164 33 48 127 54 133 124 83 130 24 155 103 68 6 25 164 112 49 111 37 206 124 
-137204 -670185 628541 -222486 714784 -952574 -783202 -894907 159555 -613683 -782121 256554 -733661 977268 677207 680815 -78788 -5952 444994 -118848 905297 341141 457517 918228 -644713 -627570 230617 435883 738393 -479648 845286 97853 -798598 884819 -213623 -334792 998096 41654 143675 -219642 -886194 72954 -68940 8862 -797374 -107836 954947 -873023 -84462 -127153 -588960 -6670 924114 -284418 -439092 -266789 -919394 -255895 -524748 507743 -310104 607594 345085 10612 726744 -917578 708882 774889 748594 924395 -539526 -365137 131705 119532 -256424 248353 749634 500638 -365358 481197 851572 341209 -750542 -360618 -10185 -225386 -385035 -224532 822105 -296123 -553350 -988631 449847 400150 -508853 -937650 540493 -10844 -281469 679075 -668953 302083 235342 -253814 -902258 380914 924562 -314702 960079 -870160 -137828 252365 -404681 426603 595166 802575 -315262 344326 196882 -690541 -961139 710534 -366400 -25007 -742155 218879 583467 -277101 -532488 -599750 -558135 769694 771309 -299047 780466 239339 -211043 533455 757824 693137 648147 189210 639755 286209 -679718 -441134 583754 -229763 704197 877038 255539 838174 46300 657998 -786775 150028 -854353 333773 710761 314269 -131813 -584997 427308 360553 532452 -112150 455474 417840 122610 -826695 -163256 856585 -841965 5900 723485 609048 958003 -684339 141622 139281 889239 776287 -923350 -343245 12020 844647 -486095 -952720 94142 131228 -504811 -726477 665685 -204124 -439890 -380283 316079 97525 -653390 147990 -772761 9590 993240 -1115 979683 537460 -527401 -674678 -124840 -614461 
