290
44 138 92 16 237 228 101 288 146 81 189 261 13 71 120 29 214 72 67 51 43 39 164 169 167 46 56 49 115 262 135 148 70 10 109 35 24 3 187 166 45 173 169 141 245 
17 246 106 89 173 25 106 28 77 123 242 171 64 259 255 104 171 187 
40 77 124 49 159 186 116 54 134 58 103 180 182 250 200 109 148 116 203 254 162 42 197 197 223 78 14 233 68 72 59 4 125 6 96 272 139 282 21 40 81 
43 26 256 112 124 133 6 6 93 280 169 194 140 81 71 210 212 284 233 10 56 146 97 42 149 276 127 180 6 194 52 27 161 259 280 87 108 33 103 252 231 104 198 33 
43 120 165 166 187 232 71 164 212 219 272 144 89 285 264 29 72 94 145 158 40 95 289 114 8 187 127 155 37 94 57 232 130 284 161 184 43 248 1 178 284 204 182 207 
20 176 24 173 178 190 219 203 206 134 167 64 71 162 230 283 23 228 173 39 280 
44 186 228 257 273 132 133 145 172 198 147 81 154 60 73 173 236 46 49 190 244 248 233 99 254 146 198 271 64 251 8 181 127 219 101 288 114 133 262 114 57 268 33 5 271 
52 218 36 118 103 14 251 164 119 195 52 25 30 183 132 153 145 265 38 166 96 55 44 11 102 67 65 222 192 75 34 155 212 72 195 165 154 274 214 57 109 255 11 60 191 81 260 58 146 201 206 198 84 
29 135 47 12 60 30 16 194 48 179 145 34 117 56 273 110 272 47 227 108 280 237 216 203 178 13 43 96 221 11 
50 17 176 180 179 250 41 172 98 79 161 290 155 119 108 44 193 14 193 164 264 144 274 233 199 90 30 55 234 9 15 105 224 163 109 209 201 204 237 226 99 80 186 93 240 104 239 146 98 74 57 
30 189 110 113 243 159 9 217 20 46 12 281 107 2 69 237 129 65 262 153 72 94 279 51 25 25 52 273 204 33 40 
54 89 163 33 88 77 103 259 285 284 178 104 120 77 213 2 83 273 155 98 13 32 17 43 105 93 136 183 101 211 183 113 171 271 208 103 70 267 174 140 230 194 34 145 239 218 94 88 183 239 126 111 192 259 235 
45 272 157 205 275 65 3 3 55 46 33 200 52 69 42 79 244 197 122 37 127 26 21 185 9 57 83 69 262 51 216 87 217 32 229 285 253 67 150 254 69 270 216 154 61 241 
36 261 146 168 11 173 194 182 264 27 191 240 270 224 71 244 57 235 73 179 160 287 187 156 211 108 192 150 60 239 170 11 20 137 157 287 211 
21 48 107 139 154 26 255 267 98 85 141 102 19 135 197 259 263 4 227 173 33 55 
58 115 183 262 126 278 146 147 261 92 29 129 203 139 106 214 64 266 226 116 108 234 108 200 8 82 129 60 52 160 68 279 6 210 154 80 9 218 290 130 217 16 159 137 156 38 127 162 48 15 118 128 88 180 132 211 255 231 229 
2 97 166 
4 199 183 20 167 
13 105 72 138 265 153 203 63 221 88 46 53 280 170 
41 2 227 160 116 163 254 284 265 182 153 123 41 195 150 128 248 103 46 137 242 268 279 207 161 155 84 261 213 124 260 238 235 276 77 266 68 137 276 148 199 45 
34 34 49 217 40 165 270 264 119 264 84 246 42 84 107 135 158 218 171 173 221 214 69 5 86 197 195 120 74 68 177 29 152 175 42 
56 215 180 212 238 48 200 287 77 148 209 117 129 152 221 272 156 146 196 111 162 203 182 242 50 170 102 212 176 276 143 9 65 286 190 44 48 17 107 218 196 182 280 138 116 206 96 137 191 159 137 268 103 250 11 83 288 
8 176 154 114 44 287 80 122 13 
24 167 151 64 282 263 23 151 151 233 233 28 112 118 237 237 146 280 219 191 208 32 176 10 59 
23 184 249 210 243 263 179 192 262 263 68 10 87 290 223 105 54 170 55 102 134 119 214 173 
11 163 123 272 260 91 71 255 254 16 90 255 
31 236 253 94 153 274 68 175 73 120 120 275 259 51 274 38 242 89 72 29 203 25 17 141 212 244 204 250 276 235 77 35 
53 233 143 113 105 197 236 61 177 248 1 75 202 155 257 31 66 264 220 255 54 47 257 191 56 129 201 256 231 182 272 172 153 281 187 136 228 201 36 259 201 92 179 224 252 31 282 65 252 19 63 78 222 33 
6 68 102 260 13 43 137 
21 20 278 281 283 4 187 200 2 219 56 101 92 222 132 50 237 212 258 133 54 12 
58 30 214 51 148 243 129 9 113 139 198 269 116 4 269 223 150 142 76 238 44 262 243 152 233 256 38 36 8 61 39 43 237 99 103 252 79 197 241 133 239 242 232 69 160 183 135 174 62 19 140 277 82 59 120 132 226 223 288 
33 1 239 86 288 48 33 236 63 232 145 95 183 59 20 215 66 175 84 210 197 86 244 71 76 186 164 7 171 248 32 239 86 227 
54 160 139 151 170 116 34 255 106 197 107 206 61 204 188 58 270 93 194 260 197 177 102 224 244 56 143 287 197 166 161 215 283 80 11 216 111 272 268 233 250 46 280 31 222 102 215 149 7 116 226 174 286 44 99 
46 97 266 64 201 212 202 126 237 125 108 179 56 196 222 150 102 23 147 63 176 224 270 74 56 151 171 194 143 193 275 250 276 263 206 95 262 18 34 113 115 175 59 177 201 28 194 
3 238 172 286 
50 263 211 25 121 120 259 7 149 58 31 165 290 167 260 164 245 36 267 91 127 122 194 187 283 179 230 286 279 3 146 103 116 83 199 10 283 240 30 93 3 231 65 16 114 38 32 1 104 93 25 
51 14 81 104 24 36 232 122 159 13 49 107 251 126 120 41 136 47 174 172 183 88 262 113 290 43 176 261 7 256 280 244 64 68 256 257 117 283 172 32 186 108 34 83 78 102 160 34 165 205 116 93 
31 25 178 148 132 256 170 30 36 288 5 270 97 134 190 276 287 290 251 151 35 88 37 247 236 128 119 45 15 255 111 225 
4 160 149 284 7 
30 24 11 95 219 284 191 282 217 149 217 209 20 272 228 81 199 286 36 83 144 61 75 25 118 59 252 104 104 210 207 
28 73 182 161 35 201 234 226 25 165 249 5 279 187 195 163 271 265 288 205 267 241 200 279 109 150 11 28 283 
44 240 22 48 179 83 284 150 256 286 161 28 264 173 273 179 191 120 290 121 241 267 199 134 72 21 80 34 279 162 114 221 66 271 288 115 127 164 40 8 245 140 227 284 80 
25 73 11 152 12 214 155 231 17 181 57 13 18 208 287 283 259 72 240 40 183 242 285 232 149 115 
5 195 228 207 48 185 
40 39 42 48 248 266 179 203 62 184 244 11 260 94 64 92 211 172 234 35 13 150 2 96 196 157 265 262 245 37 170 147 254 90 87 1 214 60 134 262 188 
43 204 147 90 178 133 58 65 261 240 94 216 128 10 43 20 276 229 166 46 81 201 246 99 284 104 288 11 206 123 71 43 187 142 79 148 170 269 110 10 36 161 129 243 
16 34 248 76 123 234 76 201 279 131 53 80 253 216 163 170 33 
20 32 6 94 140 185 70 231 86 28 94 209 17 194 271 11 243 172 80 92 278 
12 267 130 76 137 174 49 89 174 217 163 112 104 
2 116 122 
28 205 72 232 23 219 188 8 192 35 6 77 281 184 136 217 103 236 141 31 62 202 174 131 164 106 198 154 110 
30 127 166 250 189 133 25 174 144 110 163 169 8 237 282 21 109 53 59 104 246 106 119 121 142 104 12 112 233 184 18 
58 55 159 205 235 80 130 113 105 61 250 89 43 204 97 3 161 16 93 234 173 290 252 28 160 114 50 134 140 261 19 220 174 111 87 14 167 96 218 104 176 11 162 106 148 227 278 277 147 205 62 173 27 217 72 190 181 95 72 
17 227 1 31 282 16 251 224 108 276 5 114 63 32 195 123 120 98 
42 170 254 162 250 196 7 120 19 80 289 25 200 77 238 207 275 123 147 211 273 166 269 70 21 252 191 21 75 267 154 243 12 178 104 231 162 19 46 178 122 64 165 
34 117 140 3 58 36 46 196 136 112 219 141 66 207 68 250 73 133 4 114 198 261 277 126 254 98 60 129 66 229 249 92 223 257 161 
40 195 98 274 93 189 143 266 83 72 197 283 152 262 124 41 33 8 163 284 207 257 64 123 270 97 189 137 201 131 8 214 100 17 281 271 213 41 14 46 23 
39 58 44 244 212 245 85 90 165 35 175 67 133 220 162 33 137 289 236 186 148 74 206 220 232 247 224 218 94 100 15 40 9 281 71 150 3 250 259 41 
11 48 60 162 201 287 278 289 200 72 52 167 
27 143 199 192 234 98 179 196 6 42 189 62 262 66 90 209 132 41 270 62 127 236 205 229 63 128 126 21 
11 129 93 141 64 33 113 125 145 84 33 99 
46 220 173 161 4 205 242 50 93 249 245 192 177 189 139 137 39 49 98 107 33 7 149 227 102 20 4 279 241 10 115 17 5 280 270 269 41 181 258 13 101 190 175 38 202 224 125 
47 22 200 145 107 260 278 153 119 241 217 82 188 62 126 33 184 154 18 68 170 177 202 274 12 223 207 192 216 251 230 279 284 39 12 74 30 288 211 185 240 183 24 111 100 171 245 123 
44 13 239 181 76 63 46 16 106 97 193 289 36 228 233 274 124 274 226 121 19 266 96 178 282 73 135 10 129 102 33 276 60 270 154 190 72 73 217 209 197 77 201 14 121 
16 119 236 183 177 270 100 74 223 59 212 79 200 237 133 241 131 
27 253 92 11 2 126 82 152 195 282 61 91 140 221 66 31 205 129 175 217 4 249 55 17 101 219 200 122 
45 101 253 99 26 236 165 217 143 151 175 100 186 97 184 214 41 185 209 106 84 66 280 141 29 87 253 250 65 279 196 133 165 271 135 261 5 271 83 263 231 9 290 149 265 244 
22 71 111 171 148 27 74 24 215 125 206 145 231 209 237 38 39 78 90 257 281 169 57 
49 80 259 61 149 209 99 60 282 125 29 98 29 208 135 63 110 157 199 251 231 283 201 169 148 161 244 190 131 88 92 279 219 252 170 149 20 148 174 206 230 206 8 196 41 285 49 80 10 114 
54 43 6 273 96 152 258 248 199 7 94 231 152 57 75 259 95 286 82 182 184 56 236 187 82 164 40 129 108 1 126 260 36 156 147 190 202 27 160 138 227 103 205 110 41 63 151 186 286 130 71 239 60 248 13 
17 174 190 23 214 217 157 134 30 10 176 20 189 92 82 67 111 180 
24 92 114 170 262 52 277 269 43 152 103 188 124 1 233 60 39 118 278 145 133 157 171 215 112 
30 270 83 162 64 286 54 278 105 214 230 171 116 37 8 257 60 290 219 41 212 263 251 186 26 223 78 249 162 117 241 
52 100 286 31 257 89 77 287 166 156 232 52 34 237 288 186 276 257 286 239 203 211 133 230 101 167 88 70 103 265 42 124 209 60 243 250 217 216 182 288 224 26 130 195 244 167 256 186 42 187 25 192 100 
35 188 217 258 243 50 36 12 143 251 46 248 148 285 31 33 87 18 201 280 196 20 212 180 92 169 114 210 17 156 166 234 46 45 278 140 
33 151 22 147 198 45 43 243 164 131 257 136 75 278 28 27 161 157 68 234 56 127 219 144 65 37 101 87 42 56 49 212 6 279 
31 246 116 8 285 63 63 206 214 226 109 88 200 154 115 76 187 66 248 72 27 219 206 25 91 163 138 129 183 242 97 187 
51 199 14 32 228 10 235 232 216 151 273 150 132 63 126 25 258 72 131 101 78 77 179 51 71 227 59 33 21 130 75 60 173 35 147 126 51 236 48 59 130 195 206 159 252 157 105 115 109 211 181 160 
57 94 146 187 133 209 243 252 211 213 73 218 172 211 50 173 83 176 180 268 255 206 281 244 278 128 118 28 16 284 146 48 35 210 141 73 220 172 116 272 102 97 78 271 10 179 275 183 204 271 7 144 180 172 138 101 51 88 
49 158 98 261 221 9 9 219 35 77 132 35 123 285 49 129 222 256 40 111 64 42 164 247 199 261 208 238 147 145 154 16 40 180 42 235 158 129 69 55 153 130 97 152 267 63 272 206 202 61 
12 42 261 49 132 256 129 187 206 98 243 66 153 
45 218 213 270 166 138 72 31 93 71 5 207 157 116 94 255 79 158 17 122 141 111 89 153 19 185 220 191 186 212 2 32 110 88 216 173 152 210 210 153 269 111 224 108 113 264 
18 221 241 66 17 140 150 161 170 107 275 32 206 37 203 282 221 238 79 
20 9 169 153 266 207 242 94 150 274 186 228 276 132 228 151 73 101 255 241 233 
15 34 156 54 151 40 290 239 275 180 200 165 138 236 267 62 
45 265 81 215 84 88 277 159 100 212 10 156 159 90 153 18 128 107 120 207 209 79 143 15 140 4 13 60 133 211 164 75 7 36 24 182 20 196 187 66 260 239 142 163 234 272 
5 200 189 73 170 289 
32 169 190 272 241 285 79 178 253 71 229 56 131 92 149 77 10 159 13 4 84 227 169 82 211 129 273 175 83 106 175 256 210 
6 142 73 274 1 225 151 
55 231 136 197 198 258 248 73 137 67 264 124 64 254 138 46 132 1 113 52 268 246 141 212 20 116 128 76 69 26 131 33 289 83 274 246 4 197 268 185 23 154 129 139 253 241 233 44 181 89 172 102 187 86 232 94 
53 154 144 212 197 211 214 31 276 55 13 102 75 20 284 13 46 216 114 201 276 260 219 210 103 147 57 138 1 238 159 12 264 7 38 274 201 261 152 207 250 109 47 95 215 264 234 155 132 193 278 28 189 232 
3 235 87 90 
16 136 22 17 85 207 270 133 89 198 71 26 63 190 31 92 30 
3 88 165 207 
11 61 179 254 63 192 228 183 255 161 255 123 
4 124 36 20 185 
32 250 154 54 223 90 220 35 163 271 70 234 63 266 140 179 57 113 106 17 49 174 113 266 225 258 219 40 36 173 112 196 60 
32 213 74 54 10 154 238 174 186 121 32 100 89 117 256 191 79 48 50 253 142 120 103 26 155 254 31 219 184 92 52 283 109 
11 45 281 75 136 285 28 107 290 135 280 183 
50 161 103 32 141 157 281 51 105 47 38 137 253 154 101 238 115 273 196 16 162 186 18 135 283 85 130 161 235 158 273 68 81 73 158 48 17 206 44 261 114 231 8 257 99 229 148 88 184 95 88 
49 182 289 254 192 278 287 160 35 64 140 161 282 101 7 289 74 31 203 174 124 55 58 119 129 114 231 83 194 170 45 112 158 168 287 113 94 242 215 218 143 16 267 182 72 203 139 274 197 102 
18 9 280 255 251 116 105 178 278 75 12 84 221 258 283 267 265 9 127 
9 227 273 176 196 3 146 257 41 201 
20 70 7 209 180 79 43 209 186 78 29 42 140 11 79 285 104 219 173 145 217 
4 118 241 146 250 
11 119 285 80 272 78 252 72 241 83 21 173 
38 72 74 106 143 222 156 226 171 44 229 272 32 15 282 147 125 22 97 65 63 68 112 79 261 75 254 146 5 219 163 191 157 115 255 97 244 211 140 
30 216 31 194 25 120 93 191 275 288 69 227 33 90 48 151 66 84 72 114 84 90 192 231 209 145 178 187 107 222 118 
10 126 235 50 7 67 285 174 72 235 6 
29 222 126 175 91 211 11 263 99 59 131 266 289 283 144 198 253 48 30 108 207 243 24 93 56 100 276 233 185 199 
58 258 180 184 182 266 106 232 17 13 33 159 74 169 88 227 71 73 183 173 216 73 12 258 270 82 144 188 85 105 211 118 69 160 224 85 184 183 127 26 39 138 191 58 147 148 175 118 206 249 249 167 280 145 81 29 172 77 266 
54 228 173 182 106 88 115 192 27 250 165 55 109 191 142 159 111 150 123 123 161 35 196 283 56 271 212 243 13 50 84 228 210 151 3 176 290 215 105 152 274 72 31 227 1 138 263 249 258 27 165 217 124 65 102 
48 32 99 11 175 234 91 259 274 5 9 162 124 72 13 236 11 59 65 23 239 226 280 283 58 276 153 191 43 199 66 22 96 132 104 1 279 270 33 33 211 85 103 217 116 166 65 204 130 
41 206 242 145 9 283 140 185 97 187 269 181 156 270 141 281 248 195 220 246 146 57 145 278 26 15 150 75 257 219 123 123 13 39 66 122 164 257 217 216 83 207 
12 200 198 155 219 100 127 130 252 178 27 188 21 
33 113 57 107 85 192 177 265 58 249 123 171 221 202 162 150 183 170 164 101 107 92 227 158 130 244 106 136 51 217 37 107 185 213 
36 71 74 241 92 159 140 181 6 233 44 79 104 34 255 134 139 134 58 37 270 1 205 53 176 39 270 18 209 128 67 28 143 189 126 241 241 
29 137 61 242 56 217 171 44 85 159 193 82 187 53 85 205 234 27 28 246 281 228 25 15 237 179 286 72 157 177 
31 192 129 255 2 84 180 55 136 88 107 71 144 75 179 247 156 100 36 22 216 78 166 30 115 66 154 39 118 187 120 11 
12 232 14 266 257 97 126 182 64 195 34 9 191 
51 182 65 13 172 176 176 208 159 11 236 14 256 41 177 255 73 64 139 228 211 131 84 68 112 136 207 195 185 238 148 127 136 104 239 144 202 122 39 46 249 285 90 184 33 187 110 117 27 127 67 163 
52 166 65 269 108 29 169 44 10 81 225 169 234 16 194 24 116 64 184 206 253 146 136 58 156 179 77 138 217 16 16 260 125 246 116 102 210 45 255 133 75 224 112 103 154 134 82 150 268 49 161 143 226 
45 203 95 84 21 180 40 73 158 63 64 198 45 15 114 105 286 224 267 53 23 127 145 131 225 197 284 2 274 244 36 73 40 262 21 277 163 76 245 46 249 142 142 200 265 255 
40 207 136 259 104 41 147 147 79 254 210 116 48 269 199 288 221 135 278 137 8 199 30 158 181 157 143 45 41 127 15 21 90 205 263 107 24 5 236 198 126 
58 153 128 79 114 20 270 8 29 221 84 69 15 77 78 285 266 123 278 35 122 284 109 135 227 55 256 267 49 89 163 71 260 276 99 283 184 73 42 12 100 34 224 83 58 16 232 271 107 32 56 249 180 171 283 221 251 187 162 
35 135 227 59 133 181 47 33 143 123 261 160 129 252 39 236 60 216 5 280 281 131 157 186 93 159 92 170 164 106 39 12 198 78 145 66 
54 17 265 85 148 283 51 191 106 239 124 230 182 229 57 27 32 51 51 158 271 51 15 118 221 63 1 149 221 131 80 194 178 287 127 256 59 17 214 116 122 270 28 181 164 276 33 4 245 43 5 207 190 288 66 
39 215 250 32 163 64 108 107 44 160 219 130 120 89 253 216 65 225 101 210 202 180 97 243 19 56 113 146 108 267 4 216 17 103 64 227 106 110 264 172 
12 270 34 52 265 283 56 253 31 9 219 116 264 
56 171 253 25 189 134 188 97 192 205 8 230 11 207 258 171 17 115 60 7 285 119 97 258 262 73 78 146 98 95 218 188 230 235 84 116 69 121 258 242 98 14 278 172 179 79 226 96 163 215 8 24 139 120 48 108 88 
57 174 108 88 211 257 241 165 173 169 250 135 232 66 194 257 163 283 44 149 97 84 84 212 78 94 149 191 131 105 257 249 5 13 50 25 49 106 241 206 27 236 225 85 199 32 29 219 64 287 199 166 234 222 164 256 252 258 
27 84 92 57 125 226 206 67 249 81 86 91 167 88 260 153 1 81 177 157 265 257 144 116 263 61 39 26 
21 235 261 288 83 179 86 101 161 213 28 101 263 17 87 94 121 266 37 217 250 118 
42 282 104 206 122 39 288 82 72 166 74 252 66 131 90 119 62 19 82 269 264 11 74 10 252 148 85 174 114 5 57 51 77 119 66 54 134 173 203 52 165 23 127 
11 63 156 9 269 108 17 31 15 121 144 106 
53 51 128 166 276 235 105 92 176 181 84 225 219 176 201 64 225 2 284 160 17 213 9 153 261 167 167 21 85 93 99 61 163 252 74 49 1 5 99 28 59 64 176 226 101 101 246 74 131 8 25 67 100 42 
40 118 176 26 92 199 101 260 226 69 264 48 152 136 106 31 278 241 277 39 242 149 122 196 277 8 32 152 227 184 8 88 267 212 233 227 153 282 124 249 127 
2 280 212 
30 110 19 199 227 113 113 262 276 215 270 25 131 62 30 270 258 114 262 174 115 26 212 262 265 136 58 134 143 55 253 
4 98 84 202 259 
45 18 147 167 123 219 84 162 66 14 97 56 228 193 87 253 125 163 43 77 204 51 255 126 173 151 75 247 169 27 92 96 193 216 232 209 65 87 132 174 207 72 44 211 85 30 
13 146 89 213 95 57 186 184 43 7 269 254 75 80 
19 54 146 35 87 207 84 111 244 193 250 52 236 3 141 136 225 244 129 105 
57 206 290 133 270 244 56 284 41 61 145 195 222 140 90 254 79 236 139 27 67 177 141 234 267 10 194 235 24 150 92 228 79 15 128 117 86 99 210 150 117 288 30 66 114 103 96 205 183 119 106 273 257 118 212 131 285 160 
39 213 165 91 283 195 125 243 117 228 283 42 272 114 104 45 211 180 200 206 175 67 263 87 132 134 218 247 159 185 111 73 204 184 20 242 75 107 172 194 
33 275 196 227 143 247 55 55 140 4 68 273 208 162 44 242 223 203 100 52 121 92 15 103 228 130 270 74 137 213 154 180 114 190 
50 74 179 184 159 15 287 28 43 278 211 93 251 246 233 64 177 56 66 287 116 163 75 171 9 61 125 47 158 84 131 73 168 32 290 283 174 47 119 14 1 40 64 177 38 198 163 21 11 36 132 
28 96 25 5 3 203 243 136 144 124 217 10 146 207 102 237 175 2 152 103 155 269 116 70 20 130 47 160 233 
20 232 10 238 73 186 126 34 223 237 111 28 129 169 126 214 231 146 228 227 268 
38 279 220 152 32 112 230 253 178 222 139 217 130 123 128 29 123 110 249 184 74 144 243 119 250 110 214 9 172 18 65 11 79 245 105 250 55 200 115 
39 257 217 189 142 250 157 10 72 46 69 184 33 236 189 25 168 55 38 241 38 39 108 59 137 22 46 158 159 8 216 3 195 84 134 99 79 83 244 163 
49 13 263 113 162 187 38 204 222 191 126 227 100 44 264 124 262 278 149 284 206 150 179 68 186 199 128 44 25 154 78 157 196 229 215 165 235 116 224 22 73 238 168 274 115 51 102 44 149 111 
12 247 266 16 254 54 246 117 194 27 119 242 79 
20 76 176 185 17 70 61 262 10 239 226 81 23 140 62 263 35 276 77 119 241 
30 159 169 142 245 79 197 218 61 287 231 86 242 58 283 91 200 213 94 276 221 36 244 144 105 230 71 167 108 34 205 
26 115 111 84 75 192 179 132 47 275 75 77 153 81 225 184 76 146 31 103 206 251 269 279 6 69 274 
23 66 130 254 166 98 108 131 30 29 248 80 148 251 184 121 185 53 6 17 1 94 158 283 
57 191 116 229 271 271 241 50 174 104 98 287 44 207 232 47 162 36 129 171 245 269 207 209 103 67 281 72 276 125 43 145 13 196 48 222 151 9 109 148 143 202 202 124 19 262 225 119 216 283 281 114 282 263 46 278 106 43 
56 15 254 290 46 92 244 35 133 135 275 188 177 137 285 130 201 187 127 28 265 174 64 215 137 1 263 247 135 116 29 275 184 198 180 286 275 167 149 247 17 279 289 166 214 28 63 115 2 178 266 281 89 171 15 10 140 
52 36 90 173 239 150 28 196 244 176 231 100 268 265 75 68 246 264 25 138 251 261 226 219 226 183 201 158 238 240 286 12 154 196 99 7 137 9 179 166 218 202 101 201 143 93 51 236 54 132 6 23 244 
34 87 188 30 55 271 216 48 169 60 201 178 8 144 211 42 179 282 211 32 78 28 255 277 165 281 14 170 251 189 73 156 273 66 233 
25 216 263 141 8 266 237 136 248 54 239 50 32 209 47 22 38 63 276 65 126 286 153 214 35 265 
57 64 278 50 90 271 162 266 74 256 87 254 123 260 25 200 255 100 40 73 197 3 151 262 97 165 177 111 62 49 107 250 226 208 184 183 221 45 35 246 47 156 108 14 40 7 182 151 207 209 138 198 147 128 142 63 54 86 
32 24 253 40 122 130 106 280 173 153 99 46 196 49 94 159 48 136 171 109 97 52 255 78 271 274 43 233 213 161 271 66 7 
42 258 261 251 274 255 198 103 155 82 28 197 287 263 143 15 212 254 7 154 201 127 134 218 141 165 285 142 226 150 209 24 40 32 84 224 28 33 29 274 245 94 179 
21 276 169 143 272 265 180 136 13 158 270 79 209 73 86 117 129 76 98 183 113 186 
27 159 216 47 112 268 253 49 207 264 114 59 152 42 63 166 276 218 69 218 121 57 32 196 83 281 237 268 
29 86 37 208 49 145 248 262 137 123 47 198 54 182 154 102 125 160 228 223 136 125 263 242 132 52 193 210 12 34 
35 29 272 170 260 52 64 117 198 161 204 78 94 26 283 265 272 156 131 85 14 24 82 152 119 224 21 202 207 234 164 212 40 208 21 238 
49 101 280 19 92 262 252 208 120 173 241 133 175 116 85 146 260 166 7 164 168 26 247 219 281 256 91 67 6 27 47 254 198 14 215 220 97 53 79 139 266 249 289 117 288 14 38 218 208 236 
23 175 212 225 243 232 211 116 89 152 39 50 38 29 141 173 122 87 244 47 209 233 251 32 
16 119 6 36 177 43 123 250 71 57 209 102 167 235 222 89 11 
40 62 85 127 93 269 236 111 272 115 23 148 110 231 6 199 188 58 227 275 83 120 90 126 98 253 235 33 80 99 10 138 202 133 107 283 262 50 287 134 133 
18 206 128 134 210 232 57 229 129 180 230 77 158 59 2 168 6 199 8 
38 70 151 36 249 167 221 55 201 243 289 18 52 154 88 243 221 45 34 282 286 71 225 104 205 76 36 22 283 146 272 99 266 209 66 281 140 229 99 
52 13 20 29 6 254 222 177 138 142 39 55 221 257 161 254 80 200 127 37 80 11 42 34 182 162 165 24 146 282 231 150 241 237 154 41 204 242 114 264 191 115 46 200 229 199 239 24 216 237 139 228 196 
4 84 58 267 154 
27 158 206 65 237 40 179 99 106 130 289 242 148 267 63 201 80 243 232 5 289 286 133 56 79 54 271 254 
9 203 231 241 266 154 23 194 158 181 
50 133 62 239 72 53 197 267 124 33 286 88 10 15 164 216 168 117 61 258 40 62 263 181 87 268 135 149 181 63 54 237 77 155 66 172 93 184 290 186 28 251 91 84 70 129 137 284 225 165 61 
32 271 105 158 142 283 223 133 125 232 78 133 32 140 126 15 167 172 149 15 112 157 199 229 142 190 107 50 237 70 83 188 266 
55 116 6 83 255 255 52 204 184 214 167 116 105 139 242 22 269 166 266 253 161 232 124 24 7 144 187 261 190 185 127 263 52 242 51 155 166 56 109 87 169 12 72 18 97 154 61 272 197 40 54 107 124 272 220 230 
58 279 91 101 50 65 278 134 109 203 93 64 27 56 96 191 190 28 196 274 97 276 100 134 207 277 272 182 287 89 231 226 11 131 47 228 144 48 32 191 178 158 91 250 2 252 236 207 97 89 166 140 225 164 254 136 123 93 216 
12 150 187 17 219 198 32 189 105 230 13 84 16 
21 117 139 132 103 195 33 265 180 167 38 147 174 212 275 79 186 18 208 278 242 46 
12 262 65 180 214 205 214 280 119 210 38 236 186 
46 207 171 286 57 290 96 29 130 64 88 62 208 212 118 117 12 63 176 247 274 267 32 250 275 151 155 250 70 47 236 40 24 29 30 200 5 132 148 188 39 165 184 234 21 169 57 
49 266 147 54 269 9 143 79 3 200 232 245 146 194 192 272 239 172 25 51 4 92 134 131 145 285 24 165 110 60 161 194 243 246 286 180 98 257 62 79 184 32 226 143 229 166 234 64 1 30 
32 85 67 153 16 43 250 252 200 132 25 119 144 185 74 162 124 47 21 203 228 216 194 233 35 167 170 9 43 58 152 25 170 
30 32 174 199 275 134 48 234 43 162 145 228 115 210 95 55 144 188 43 139 253 176 264 285 205 83 176 243 271 210 171 
4 4 269 283 102 
38 137 219 106 289 280 235 80 210 102 265 10 253 33 126 4 84 111 22 23 284 232 101 143 270 126 23 176 27 129 173 167 33 182 5 230 242 273 45 
31 258 208 160 79 2 289 75 183 60 138 117 167 285 150 248 62 65 284 167 113 31 269 269 84 228 38 238 4 12 179 246 
25 209 266 10 213 36 87 238 27 74 236 159 42 244 92 56 178 110 60 171 169 8 45 253 10 69 
46 169 135 127 191 205 59 133 149 171 198 281 155 227 177 172 259 187 281 33 182 264 243 124 131 34 71 95 117 262 228 112 151 48 22 111 60 14 58 270 176 283 272 213 209 107 277 
20 190 87 204 273 97 24 130 258 152 197 269 290 129 278 6 182 96 269 73 212 
8 203 67 115 221 131 235 48 122 
18 97 91 159 188 161 265 238 82 174 234 227 78 197 147 156 139 213 259 
26 227 274 241 265 276 45 188 22 225 27 142 183 185 145 150 162 97 59 31 2 167 263 210 17 109 18 
18 133 116 121 171 53 21 166 156 252 196 107 284 40 58 30 121 248 63 
7 197 34 140 235 43 78 154 
21 193 197 15 39 117 149 56 22 179 51 213 22 58 265 44 201 54 8 139 177 50 
48 51 201 128 54 211 13 36 147 63 265 56 141 221 122 79 120 224 51 116 281 30 246 185 201 56 151 158 96 254 276 141 285 64 194 281 72 57 31 182 33 60 105 93 231 157 3 245 134 
5 215 243 227 23 253 
29 105 43 211 236 34 41 264 169 125 157 120 269 74 151 194 226 3 164 116 168 135 247 121 42 126 166 60 104 94 
7 149 241 163 232 190 96 287 
2 230 57 
58 239 40 141 185 241 260 49 163 252 49 12 236 218 211 179 176 56 182 255 235 247 216 226 127 143 49 249 8 234 116 155 205 76 176 88 114 221 139 257 195 48 80 60 199 207 139 76 211 113 130 228 270 266 286 269 188 10 184 
22 233 64 14 97 18 164 10 154 273 128 175 156 220 6 243 40 114 220 210 152 25 170 
23 290 265 34 41 178 95 215 274 175 120 150 154 238 31 264 49 245 81 143 264 64 199 157 
31 104 232 115 4 115 126 211 232 272 134 236 191 201 38 135 123 259 128 283 43 204 100 284 81 118 244 18 180 161 254 76 
12 263 62 175 117 99 22 82 232 152 226 262 135 
32 55 135 281 103 280 96 208 59 237 289 18 250 176 219 110 173 64 77 257 98 142 267 134 103 217 52 54 47 172 221 285 276 
4 171 272 71 164 
31 149 25 5 186 228 111 2 215 111 288 34 32 121 193 270 95 60 262 217 250 269 215 29 75 45 96 56 52 50 109 94 
36 103 152 3 27 53 185 5 178 91 235 131 252 140 122 122 100 65 274 243 82 155 206 287 230 108 144 267 5 25 11 249 258 159 84 77 22 
6 231 34 153 98 193 182 
26 53 192 71 284 159 279 85 249 287 279 142 69 177 237 151 124 144 290 57 123 259 166 247 218 129 143 
4 31 37 190 156 
43 44 266 80 213 213 272 252 161 225 259 95 283 78 40 173 69 225 161 283 41 201 32 72 241 87 264 238 138 254 110 171 240 141 68 235 178 246 102 247 234 255 133 198 
35 80 226 92 226 236 148 74 232 217 35 147 145 228 203 251 80 68 270 190 269 233 38 209 34 122 48 4 167 232 8 78 105 15 182 101 
29 280 36 178 190 102 102 42 134 43 12 233 183 124 267 45 232 73 193 86 75 149 244 183 83 155 157 90 77 155 
37 233 222 28 58 41 135 97 1 52 258 38 167 179 51 26 123 284 139 117 106 122 157 204 112 134 254 164 115 146 281 49 231 98 102 162 6 122 
41 282 230 35 147 277 137 215 6 120 18 150 160 115 75 115 279 290 72 226 232 259 148 18 110 250 97 32 273 67 110 160 133 24 284 1 140 115 115 45 240 23 
29 196 26 244 258 19 16 285 123 102 289 285 85 201 255 13 129 216 96 140 156 27 189 280 73 99 148 190 149 86 
53 73 183 244 196 250 86 218 234 205 108 136 269 247 184 173 92 189 148 119 247 48 95 39 237 118 249 52 233 144 141 45 95 185 78 265 96 16 6 89 205 205 19 257 148 281 289 144 30 29 104 219 90 188 
25 83 63 212 150 288 13 43 130 46 223 112 126 86 192 157 26 14 232 16 284 256 55 97 75 176 
57 96 99 260 7 235 100 170 177 212 128 245 123 105 30 86 198 53 60 254 215 275 13 242 160 86 28 63 272 132 243 177 207 218 99 147 243 285 193 192 71 211 107 72 185 106 167 283 57 63 67 20 34 114 269 279 288 139 
51 50 47 85 191 215 230 90 190 216 13 23 217 165 252 140 152 62 252 261 167 61 273 45 167 213 249 132 80 85 183 46 96 152 239 98 30 201 218 122 48 64 137 125 251 265 221 101 181 77 239 64 
34 129 16 54 244 89 156 87 35 46 132 112 262 153 107 176 30 199 127 6 62 28 130 262 233 220 187 23 265 121 200 18 54 184 50 
43 41 193 72 147 285 112 288 209 167 285 215 169 23 124 74 151 192 6 220 252 254 206 232 7 25 63 49 188 188 64 122 199 18 55 150 60 272 95 63 61 238 40 106 
45 273 35 25 254 242 42 219 57 242 237 290 275 111 196 129 214 73 51 118 4 208 233 124 3 142 226 192 119 175 218 64 17 24 136 82 145 177 33 69 75 1 204 132 49 155 
48 62 164 45 285 89 43 202 264 160 9 204 29 95 104 119 39 207 22 124 201 222 91 92 16 150 262 41 128 276 145 214 29 194 253 10 158 206 223 28 107 283 254 27 37 206 182 64 8 
39 210 112 143 254 220 233 189 130 142 158 171 215 68 218 187 147 259 15 112 221 5 150 180 70 202 203 56 240 77 142 205 270 15 250 27 154 216 129 2 
55 264 286 77 165 49 228 266 267 108 250 122 30 175 19 152 121 18 18 32 54 238 62 279 13 146 82 49 27 208 19 232 276 148 228 9 200 180 165 134 172 160 182 34 246 203 96 142 22 35 67 71 226 102 253 10 
26 26 163 281 125 173 3 47 197 46 202 286 256 108 94 77 213 49 6 130 186 278 125 119 88 135 211 
43 36 119 117 208 144 90 32 55 276 236 43 218 85 69 11 204 113 214 226 260 8 137 54 249 176 177 274 202 192 62 168 274 67 13 92 83 62 35 239 12 154 87 241 
48 38 170 161 75 273 152 40 100 190 53 232 90 110 80 290 68 54 289 102 201 168 231 166 141 199 10 39 59 153 132 256 196 4 169 166 74 243 8 46 39 100 159 9 75 23 49 44 121 
4 267 22 282 57 
47 185 180 108 16 270 273 247 67 197 233 71 27 252 228 237 16 11 86 74 98 150 194 106 278 160 42 181 176 77 177 174 126 149 129 53 187 186 264 249 19 18 210 193 136 211 117 38 
48 150 103 26 217 125 290 97 234 222 237 44 48 281 285 222 261 189 66 172 238 54 100 131 253 108 178 165 176 271 59 153 108 235 90 15 154 126 64 180 122 257 92 41 56 212 257 62 208 
14 216 150 13 277 272 289 23 137 25 231 243 225 225 84 
48 184 204 236 277 206 222 110 277 158 20 46 244 173 187 280 266 35 78 128 98 254 270 106 177 205 95 188 9 9 62 41 265 72 158 175 214 257 179 69 25 233 274 86 203 25 38 140 21 
14 164 76 46 107 289 281 262 264 273 272 168 290 22 105 
6 95 108 24 32 43 61 
48 6 86 98 28 260 70 189 237 65 253 268 126 152 92 106 192 257 134 28 1 93 137 131 198 31 42 54 132 238 46 154 62 117 32 47 182 11 174 12 132 267 280 26 269 264 43 215 242 
26 55 130 191 186 208 274 114 79 116 153 121 35 18 1 36 120 244 233 136 70 54 189 123 68 201 105 
20 88 233 98 110 26 130 33 62 114 161 184 65 105 92 118 45 215 153 185 185 
35 172 52 203 34 165 90 53 202 285 138 23 61 185 246 190 199 23 226 142 273 64 25 127 208 181 99 108 266 210 246 260 174 278 190 250 
46 219 100 226 109 107 212 41 174 175 145 162 197 133 159 232 43 160 117 228 31 160 106 72 121 90 178 154 174 13 41 13 256 88 166 208 236 221 263 80 283 32 287 130 142 120 27 
50 111 238 43 157 250 236 288 145 126 129 113 195 278 132 13 232 142 63 106 280 22 203 69 270 98 14 154 69 16 82 163 99 150 234 126 128 222 187 70 86 216 233 37 273 101 81 69 60 71 23 
49 19 201 32 155 15 46 245 244 84 235 275 169 201 261 231 238 212 38 219 186 97 166 153 84 143 270 32 39 244 70 263 122 5 215 143 13 17 124 118 29 141 192 215 95 102 122 168 117 60 
58 113 60 239 194 85 247 272 115 16 181 216 35 62 245 90 219 232 160 272 188 46 16 61 9 150 122 44 127 127 222 28 266 77 137 129 76 74 72 118 268 213 28 146 284 21 46 283 234 158 92 31 237 2 261 98 256 175 5 
51 234 52 290 44 137 174 126 115 30 23 131 159 58 64 139 57 126 289 55 147 124 187 33 146 115 103 95 76 178 258 220 267 256 17 187 184 199 35 187 101 125 270 265 134 109 36 38 110 178 12 73 
39 199 183 65 171 114 36 167 244 52 197 235 9 160 259 243 93 110 12 28 156 284 133 177 237 43 155 284 31 30 212 65 192 38 131 120 85 85 208 91 
6 280 249 233 157 48 273 
13 128 240 33 98 181 287 247 283 205 206 19 117 284 
34 32 115 239 236 166 274 17 29 17 233 16 275 225 256 228 175 7 192 217 255 158 104 238 61 215 287 231 206 239 85 10 21 207 184 
25 83 285 178 245 84 160 206 269 149 75 201 160 63 118 278 151 229 14 208 233 251 93 28 53 99 
57 20 250 73 163 73 234 173 45 190 19 250 31 72 290 176 194 111 59 256 253 31 147 113 254 116 222 205 61 75 151 76 243 172 150 71 62 24 42 89 19 255 204 84 40 46 189 197 249 175 151 276 210 204 277 281 217 279 
7 283 178 276 272 198 239 87 
23 38 209 137 258 138 52 152 49 169 164 177 215 177 50 146 242 91 215 245 177 102 249 116 
29 118 48 32 21 71 125 16 31 155 165 72 155 180 142 111 126 64 230 98 197 250 133 211 278 87 59 27 220 234 
48 69 13 74 13 59 8 47 72 77 198 167 242 216 31 245 128 206 266 58 212 158 97 102 18 119 66 231 264 161 40 47 83 149 261 67 263 57 133 27 106 242 103 255 17 236 29 190 12 
5 167 2 237 274 24 
23 246 62 130 51 42 229 1 207 152 212 60 179 266 153 145 59 119 46 204 158 72 218 153 
49 216 115 241 183 265 211 232 75 46 80 275 84 201 261 33 74 272 264 47 32 212 58 219 56 130 38 226 58 279 121 255 243 153 231 189 165 136 177 255 12 240 70 153 146 241 132 208 32 64 
48 134 282 148 180 109 67 32 42 58 273 71 39 56 229 256 221 138 231 116 240 59 219 71 81 150 199 106 161 168 16 178 229 86 272 269 227 289 290 135 27 282 116 179 218 271 163 217 20 
40 235 27 13 40 248 65 287 214 58 169 224 278 122 246 1 102 76 39 39 212 195 45 109 202 202 33 174 36 62 184 281 118 177 139 144 170 77 34 166 143 
15 72 59 176 1 36 80 244 191 230 176 66 269 69 262 129 
24 77 149 85 82 144 74 255 196 277 260 262 117 230 183 179 60 194 121 227 21 55 39 124 118 
58 212 174 270 96 14 224 209 44 235 119 241 240 55 40 5 131 128 288 61 169 100 123 264 181 147 64 138 74 171 99 59 188 114 143 113 156 209 221 53 75 95 289 118 168 159 34 28 111 246 62 29 103 94 213 120 117 13 63 
54 18 50 72 90 186 20 8 131 131 91 280 274 190 121 19 18 65 170 74 267 182 92 137 4 129 220 246 168 234 37 142 269 235 256 103 138 218 218 244 233 48 211 134 176 251 260 35 101 223 28 140 279 183 163 
18 102 201 76 178 223 26 98 93 27 73 76 98 263 38 253 20 184 86 
11 236 83 269 30 46 95 188 105 78 69 84 
28 21 25 138 286 93 246 19 223 129 221 171 95 117 109 124 112 97 177 271 27 30 178 109 255 201 159 251 35 
18 65 10 208 201 174 178 171 235 55 288 284 39 79 157 173 73 36 237 
54 223 265 195 102 250 199 75 159 210 16 257 188 220 263 215 158 250 250 139 62 114 185 207 21 41 122 108 30 15 256 282 282 290 62 179 3 59 35 31 276 219 118 200 213 243 226 251 285 272 76 263 145 256 168 
3 179 204 146 
47 99 154 251 7 132 47 204 109 134 198 9 280 126 235 193 216 188 73 243 81 73 245 217 76 174 170 254 11 205 173 91 282 103 248 248 194 48 261 16 10 180 101 11 101 232 107 106 
53 42 268 166 122 7 269 220 108 48 104 257 217 271 24 49 205 191 213 23 12 170 92 124 59 251 226 79 92 114 131 166 5 147 88 280 57 161 28 56 180 95 143 139 103 107 265 250 52 84 100 79 235 193 
40 155 282 29 16 94 113 19 166 242 194 149 96 149 8 158 207 143 238 212 231 4 47 178 91 206 42 213 119 193 45 245 72 152 273 210 214 91 179 39 210 
5 142 126 131 57 231 
50 188 172 100 160 178 107 276 211 24 144 234 17 23 7 210 26 158 27 65 182 258 250 155 128 121 68 120 8 178 151 272 50 89 261 7 118 216 258 1 90 132 156 257 216 27 163 194 255 15 112 
6 67 26 23 51 93 188 
33 279 163 74 136 108 213 163 108 64 131 151 136 34 125 53 183 177 241 175 8 195 51 116 38 173 112 113 171 23 171 272 289 19 
48 96 148 138 175 233 124 229 94 215 131 164 201 155 21 210 242 93 192 258 119 211 138 109 151 110 145 78 177 83 97 69 29 75 197 60 274 253 282 25 58 217 205 40 51 76 200 127 231 
6 63 280 160 194 26 254 
49 31 127 91 59 61 155 121 35 1 124 275 146 60 130 269 201 101 171 44 135 175 220 134 59 194 269 25 19 100 50 191 232 42 147 64 203 197 192 27 53 285 226 175 135 189 229 203 279 252 
35 102 179 102 23 14 33 52 152 265 261 116 112 248 70 166 92 157 267 74 82 76 13 57 56 182 161 172 125 63 193 28 71 12 74 212 
444649 -334960 -347131 567517 235422 -33013 -488957 93092 717321 926258 -657776 -638343 559197 -721477 -988009 845745 -873410 -147749 693395 875685 -700393 654601 129081 942671 560131 230526 559838 578153 -194516 671325 -764299 357057 34057 -57722 534819 900600 -135374 -122689 433416 -839467 698261 46369 -580334 -72418 -932490 -159263 150551 -48941 467770 397577 -833742 374752 921952 771749 892250 -772354 257452 854049 -946198 -108197 598990 278030 -262678 -316989 -38552 357117 -11662 -407178 -45232 859574 802333 157829 789618 -739854 -868599 290270 -887422 -173263 -906613 975100 183508 -104910 -91942 544105 580957 -724493 -967673 754384 986883 999644 -654576 957867 -770318 -56550 567221 -378042 -122965 407269 759272 617591 -765645 861466 -203133 768425 477373 159786 541623 -579344 289364 243848 272385 431568 -954633 -485954 140920 -425281 -1161 298369 397845 -965888 645154 313236 653010 -940279 -329497 -462454 -816244 777530 930355 -101320 480493 350683 -550007 750475 -32221 -892526 -189710 -873793 893030 980095 -628665 -689329 -377818 -534085 485990 -754810 101640 544600 815524 -72524 500502 884214 -16747 -89259 -113367 400539 -344139 -146496 -293631 -874957 -678186 -701623 156560 637863 -669812 539829 -988434 275464 241584 -55215 -202079 -93249 470884 165603 157624 755684 -949007 -777075 -663405 -289744 428976 102142 704172 398881 930678 53812 136962 263695 -808536 374930 -698064 368518 -57760 -655313 -579653 113622 231762 -902984 -779725 744565 78729 -938027 950889 -72484 780599 -779580 -995557 25856 366196 -77344 82581 182462 931012 326547 196304 235084 172880 -400348 733192 -630212 270437 183060 283076 -358404 700555 828885 -497643 73532 -726995 369729 290405 -417508 257516 230378 255713 399679 -232197 -419248 -789747 -723862 525325 61745 -438276 -139289 -149331 -651088 -817552 -161480 -521051 711613 314099 776249 931253 633861 -52262 615528 -929453 748010 -190482 -654741 -189259 -741779 189753 -997293 -849046 -329491 630845 565470 333607 -760745 644159 457458 -361144 -693309 561015 147257 664034 381936 299860 124873 -531199 538374 434825 -861861 616843 356677 251523 715438 410949 -139430 
