110
17 87 83 4 82 73 82 1 108 39 42 94 95 5 82 91 89 99 
19 93 43 97 54 99 86 80 109 88 74 96 81 93 102 31 21 106 86 88 
10 56 104 93 6 59 86 44 36 29 51 
19 27 58 110 93 90 93 102 58 9 30 28 11 10 15 86 106 54 49 1 
12 25 66 36 100 1 73 23 70 108 37 32 12 
21 74 76 82 37 89 23 92 29 5 56 63 76 81 30 87 14 30 29 22 54 99 
5 30 96 22 64 79 
18 68 5 69 45 87 5 26 27 2 16 110 13 28 16 82 87 56 38 
9 7 25 82 38 63 79 15 8 74 
21 69 79 23 66 20 10 50 62 79 55 28 64 12 102 66 41 89 88 45 47 80 
8 18 80 81 62 28 54 52 83 
15 46 87 96 84 15 40 12 1 100 92 93 58 91 60 65 
3 12 98 63 
2 20 57 
21 110 27 23 17 4 59 93 15 54 24 53 94 28 100 23 15 85 21 70 10 105 
11 39 109 26 38 73 1 6 101 4 43 81 
19 36 56 32 18 73 74 82 78 3 14 99 110 35 41 96 49 13 49 82 
10 77 30 101 90 46 87 102 2 29 71 
18 65 10 83 4 14 34 10 22 36 18 60 29 27 2 102 12 27 104 
22 87 38 102 32 21 8 46 53 101 74 68 27 9 55 32 44 70 79 54 55 39 14 
19 18 73 83 62 36 49 33 33 78 17 39 11 5 103 50 8 16 38 92 
8 2 78 72 9 28 89 73 80 
2 70 7 
6 7 71 9 89 99 91 
6 97 18 85 54 18 57 
2 15 46 
19 17 20 24 89 24 33 37 4 2 46 79 59 5 95 35 20 96 13 56 
8 26 81 105 104 77 14 34 109 
20 68 84 20 99 33 38 90 104 53 94 4 97 84 93 23 47 57 100 87 72 
17 37 87 25 68 109 32 79 35 36 5 76 75 53 7 67 47 92 
3 86 9 77 
18 9 39 6 59 18 12 82 105 51 7 46 8 20 71 107 34 52 52 
22 86 28 107 84 53 57 52 83 91 30 86 19 75 10 108 58 50 110 59 102 34 90 
2 2 6 
22 79 75 45 22 13 46 107 12 68 71 103 63 109 48 21 77 34 47 26 80 75 93 
17 102 15 46 38 8 107 22 70 3 101 34 98 16 8 23 78 27 
18 106 59 92 95 93 101 58 70 38 93 18 1 59 98 21 71 47 12 
18 97 100 86 83 95 45 41 59 30 31 17 106 102 16 99 57 39 36 
9 101 86 81 61 33 81 67 75 64 
17 41 17 70 91 65 43 100 25 97 19 66 68 52 15 68 75 11 
8 52 71 28 32 36 69 81 104 
2 45 63 
11 59 12 110 5 68 107 78 81 102 58 98 
14 60 50 28 76 78 21 88 48 93 55 28 20 104 19 
9 26 60 105 43 1 70 49 105 94 
21 99 101 58 91 105 2 103 58 108 105 50 51 66 80 79 63 109 34 44 26 12 
20 70 48 107 100 77 15 78 59 26 1 42 40 26 48 32 40 79 6 103 29 
17 95 86 92 59 45 98 6 21 82 96 12 51 41 58 1 3 27 
22 21 93 22 8 13 103 37 73 108 27 47 16 87 27 40 39 83 90 107 87 93 82 
17 23 25 67 97 89 100 16 73 89 47 103 97 8 67 69 109 61 
10 60 56 47 60 104 51 75 12 6 101 
5 70 6 1 17 83 
19 103 4 34 93 91 107 99 31 21 81 35 65 73 51 105 101 57 76 12 
2 20 67 
12 44 20 12 109 78 22 31 55 27 91 50 77 
16 25 45 13 59 73 60 9 109 3 31 76 62 60 54 67 90 
14 41 69 23 47 21 6 109 43 11 1 17 15 8 99 
8 22 101 58 83 4 52 50 94 
17 79 90 100 74 78 70 64 104 91 73 93 40 93 86 85 38 110 
9 14 42 90 23 61 95 44 49 24 
20 64 87 58 95 40 57 60 108 78 23 76 68 58 81 50 61 5 12 38 48 
21 88 64 71 34 48 37 70 14 54 83 99 95 94 35 32 13 29 88 86 30 101 
19 8 101 78 57 3 42 14 11 56 17 37 58 110 85 96 55 80 103 46 
12 40 83 87 24 95 86 27 30 38 83 85 44 
19 104 40 42 3 67 52 47 104 23 40 77 5 91 37 8 47 65 25 84 
20 106 16 98 82 59 49 42 74 74 29 74 78 71 31 2 11 66 55 44 100 
4 7 5 99 32 
13 34 109 14 43 3 48 105 32 48 38 89 36 13 
11 25 67 71 79 45 72 20 97 13 82 22 
10 92 81 4 79 56 92 25 36 98 10 
2 28 65 
10 26 74 63 43 46 90 96 46 60 52 
6 57 80 2 18 43 26 
2 22 3 
14 99 107 42 84 48 48 74 15 93 50 92 84 24 3 
16 53 12 56 74 90 66 19 45 110 95 76 8 51 37 70 69 
21 72 69 94 52 83 88 75 86 21 44 27 12 82 63 89 67 69 94 99 41 11 
7 39 77 48 18 28 31 96 
20 13 68 40 87 54 7 64 15 36 81 70 14 40 29 48 58 60 81 7 6 
5 53 90 4 85 106 
9 86 52 8 62 25 20 42 45 75 
2 97 59 
8 91 96 30 98 35 68 81 83 
15 93 57 46 40 61 36 105 89 93 103 33 100 103 98 8 
8 48 54 68 73 96 72 81 48 
2 109 85 
4 105 68 52 60 
6 9 63 98 69 52 10 
14 14 106 63 22 26 100 51 6 51 68 49 80 50 58 
16 32 42 58 16 67 93 39 41 97 85 92 14 100 94 65 76 
4 59 55 12 55 
9 52 15 100 109 59 40 71 7 64 
15 98 32 31 7 49 110 33 19 101 68 65 3 68 61 38 
3 52 107 85 
21 18 46 31 61 47 100 75 43 58 72 92 57 52 110 92 24 39 96 27 37 8 
4 58 87 89 106 
10 7 81 7 26 47 39 20 84 79 15 
21 101 40 42 17 1 1 9 54 14 42 53 41 37 97 87 24 57 78 32 67 37 
22 7 88 66 103 110 12 1 59 9 35 50 44 98 8 55 76 79 12 86 36 8 95 
8 109 30 100 64 104 17 104 23 
19 41 76 94 99 98 35 42 33 6 100 63 14 74 8 16 70 60 47 40 
21 35 6 24 32 22 72 100 88 80 10 97 103 43 105 79 61 72 64 72 68 68 
20 41 8 59 20 18 97 30 98 33 68 102 35 104 61 47 62 74 1 44 54 
14 92 81 24 68 65 60 99 52 63 51 104 59 17 51 
4 27 86 15 29 
2 69 29 
8 65 108 8 84 9 41 76 87 
16 47 64 39 46 88 26 36 12 8 30 77 38 20 76 106 81 
12 93 3 53 9 78 12 25 19 96 28 1 26 
10 87 33 6 22 101 6 25 63 42 93 
340932 466863 -243523 -607273 505291 482162 96130 -611005 -485936 -419426 -398343 -797876 -208925 460262 -182201 -214994 287412 -898064 731950 441383 -883642 699894 290045 -854505 84742 304000 978941 -982413 -487341 -54786 660256 962856 -816834 616536 627685 492164 -788430 -186562 654244 -550428 -655506 574055 884962 23369 79507 -478931 -577484 -347112 403532 -167841 663440 -258240 719261 -788602 714966 -988320 -557970 -117249 980228 -116227 912347 680735 601581 -726216 -586815 -800621 390274 -805553 -153886 -383457 -158337 -653571 414625 -491848 -455406 713670 -285577 -393788 894675 -724329 505349 -881336 171775 -889459 822624 -878002 252516 710475 585502 681648 154368 113346 922657 -987640 -866279 914911 -906731 -220036 476889 -283731 904432 612464 -249796 456105 -765930 650055 105597 -62950 706288 886096 
