250
36 33 182 62 101 211 23 113 144 121 239 23 168 231 187 116 196 169 179 168 63 186 114 67 42 21 85 167 96 195 144 109 53 195 180 235 210 
45 94 157 211 174 191 245 201 165 62 245 98 136 11 178 199 141 13 31 47 107 121 36 129 2 229 135 89 201 38 56 96 136 195 107 108 152 173 229 130 57 5 192 32 43 86 
18 115 74 206 24 48 238 198 221 52 23 16 147 219 240 239 96 33 22 
36 190 33 50 82 14 133 89 130 225 247 226 52 68 188 32 231 80 159 97 35 159 181 206 55 237 181 228 44 212 181 65 119 110 26 144 71 
43 239 191 53 240 221 68 107 115 52 172 143 34 199 32 240 16 221 30 165 164 132 143 241 207 186 126 211 78 200 52 202 183 122 100 1 6 222 88 77 69 231 58 79 
48 187 6 199 156 199 44 17 167 41 22 202 149 145 112 135 205 96 69 112 162 193 227 5 48 173 2 174 46 110 155 67 48 137 14 21 191 181 86 77 58 18 71 50 204 54 59 233 236 
29 80 55 234 107 58 13 4 19 118 32 154 158 219 245 227 69 250 192 93 84 244 247 217 136 137 120 117 206 125 
33 176 221 167 151 55 126 107 188 206 60 31 198 204 81 234 20 124 126 192 72 170 28 32 32 152 216 53 162 190 68 209 134 74 
3 178 248 119 
47 101 12 43 242 150 6 249 81 245 10 241 199 124 65 89 89 57 47 158 136 35 244 50 34 143 149 63 219 196 212 9 115 137 113 114 182 107 145 192 79 21 245 231 198 129 167 194 
23 156 8 150 42 113 173 72 72 150 140 173 42 88 51 70 23 229 13 75 83 136 197 28 
30 247 131 198 108 120 52 32 62 19 225 136 220 22 136 216 207 183 100 140 234 92 132 14 92 47 186 148 237 100 177 
13 90 173 184 64 171 67 235 85 188 59 9 125 243 
40 189 126 201 94 173 69 120 224 35 187 92 228 36 156 238 122 74 1 243 113 16 137 3 135 85 23 238 233 65 244 80 161 21 161 136 49 55 159 28 131 
30 246 32 33 112 190 147 158 223 167 175 243 182 151 190 190 188 244 138 83 195 169 230 17 66 65 118 3 245 68 136 
39 8 36 145 60 206 128 185 7 27 185 120 74 134 184 158 74 128 202 18 131 143 166 107 212 208 217 243 113 168 34 133 73 184 19 97 56 63 173 72 
8 179 89 196 141 197 101 191 7 
42 167 121 134 34 106 15 72 58 28 241 183 110 160 124 38 22 59 56 189 65 193 242 176 79 51 232 166 54 220 96 13 2 224 48 66 187 225 83 220 147 115 69 
28 127 126 45 212 177 45 207 225 190 22 202 197 46 124 196 113 205 127 245 82 181 225 39 91 114 211 113 186 
48 235 149 96 163 149 150 232 117 90 15 205 90 157 155 243 33 119 28 47 140 197 142 247 230 43 33 93 97 210 22 241 174 115 44 188 86 84 230 178 248 64 80 218 221 229 235 232 218 
17 235 235 164 25 226 6 63 232 111 112 49 144 92 220 199 206 219 
14 100 91 35 206 132 211 62 16 163 94 120 38 177 90 
23 95 138 41 110 108 222 18 191 210 83 107 241 199 7 178 180 181 56 174 89 17 171 58 
22 227 215 226 37 81 124 41 29 182 134 26 92 187 30 115 181 122 223 236 235 116 116 
8 229 136 46 152 6 164 69 98 
36 140 29 224 97 193 118 159 62 236 106 67 1 243 104 13 155 130 83 243 98 242 94 64 121 118 208 120 36 219 33 127 157 76 82 209 74 
17 122 125 18 239 90 138 41 218 14 112 22 37 150 163 164 235 136 
35 18 152 135 16 185 58 71 83 244 39 146 103 98 131 37 20 150 219 77 41 4 200 110 117 143 103 37 227 32 183 97 215 18 73 140 
45 84 60 105 123 175 209 235 222 18 100 39 71 168 120 10 92 207 3 231 186 176 170 194 183 218 14 171 123 63 185 195 7 162 221 106 73 90 249 75 130 231 139 168 125 142 
10 204 130 227 162 208 34 2 56 115 225 
35 210 158 179 127 166 114 118 13 208 227 92 18 108 48 193 85 39 175 43 21 92 101 92 38 81 111 49 45 115 119 27 31 15 77 83 
38 143 240 143 179 34 30 97 190 2 114 199 136 69 136 244 228 98 193 102 182 174 234 225 21 77 183 24 200 60 69 148 7 6 34 178 217 189 96 
36 134 113 118 220 177 19 16 134 137 80 191 137 49 144 10 156 60 139 59 223 70 15 200 220 202 80 208 6 1 95 59 77 138 102 92 7 
30 141 121 134 143 11 141 179 207 228 249 26 86 149 39 59 249 225 130 241 180 216 245 35 62 67 233 93 139 40 170 
2 206 244 
8 28 130 196 238 40 196 128 181 
33 65 112 110 20 5 201 55 89 204 172 21 22 77 184 144 155 210 151 23 172 98 79 146 220 104 227 63 147 139 221 248 36 126 
19 15 134 131 213 95 44 30 190 84 32 32 203 192 189 55 109 108 105 204 
41 226 225 42 59 218 15 122 144 56 187 177 144 54 102 71 115 162 40 32 131 99 88 21 141 211 197 212 241 3 102 61 196 11 68 33 14 35 229 185 41 39 
34 24 47 65 146 240 32 144 138 60 208 131 101 159 143 12 218 192 80 65 79 147 213 48 197 145 186 33 191 165 152 240 138 94 216 
22 25 116 176 184 47 145 105 76 158 68 32 119 21 244 28 65 249 230 175 201 157 200 
19 108 209 221 85 54 42 54 176 113 189 69 209 189 3 44 8 110 244 189 
34 66 106 128 155 17 193 141 11 221 230 249 115 122 19 51 209 163 172 24 4 73 222 107 161 51 14 206 158 197 231 197 95 158 49 
24 160 91 225 101 204 203 228 149 168 167 162 84 113 221 131 43 48 77 234 152 106 141 149 97 
29 139 161 189 238 250 9 135 150 171 55 60 246 249 64 126 95 83 57 136 91 171 12 92 7 184 55 74 114 155 
36 169 149 150 47 168 110 202 61 250 165 160 250 222 187 47 31 150 34 112 96 35 96 129 19 51 108 185 29 94 56 197 232 65 168 155 198 
50 105 11 205 5 155 199 47 112 176 79 143 143 69 21 182 220 132 186 136 236 49 84 79 190 202 214 90 161 238 70 180 53 9 163 35 150 13 164 250 183 236 80 18 89 89 170 11 54 97 245 
15 45 196 143 223 195 103 77 104 92 101 171 175 166 41 102 
44 140 134 198 63 136 154 69 14 162 93 190 5 68 35 164 165 229 35 91 136 207 148 158 58 177 228 145 166 242 108 28 57 223 38 72 179 190 53 196 153 237 211 32 56 
37 16 71 71 1 201 13 195 236 127 97 79 116 148 73 65 170 214 131 18 6 85 198 161 198 20 204 63 78 92 122 138 246 196 9 183 75 217 
50 160 206 70 185 41 145 63 47 227 212 53 169 207 106 65 238 147 211 46 214 55 61 132 24 107 250 166 21 12 26 3 75 55 1 192 51 192 196 95 205 137 151 150 27 51 126 240 28 5 81 
9 182 235 25 83 201 226 149 218 141 
5 102 112 66 67 243 
27 169 122 200 67 196 149 16 234 17 107 49 34 185 106 184 94 118 55 57 240 141 45 84 37 199 66 131 
5 176 182 95 1 171 
29 88 173 157 55 87 163 61 69 172 153 8 207 123 175 201 20 61 30 171 94 197 127 36 125 177 24 106 198 185 
13 78 169 23 146 142 154 6 149 20 161 134 160 19 
36 217 204 181 81 61 36 148 248 222 136 55 174 156 87 117 225 68 82 187 141 101 59 218 181 176 59 231 108 73 214 233 146 68 194 80 168 
41 238 91 158 246 54 78 20 246 110 187 37 120 41 18 229 88 106 159 28 162 29 182 187 167 229 226 165 108 156 242 195 245 164 65 198 40 59 73 228 58 228 
35 236 183 174 119 198 239 37 133 143 88 68 150 158 231 207 50 125 96 100 75 187 124 204 227 223 152 23 243 188 230 102 211 127 135 243 
32 247 58 177 185 151 142 79 231 51 192 27 107 41 85 150 229 93 241 191 140 245 87 229 184 3 126 229 191 78 84 195 9 
38 154 145 130 35 179 32 155 219 132 116 29 118 73 151 77 197 19 88 16 204 123 45 182 138 79 73 24 24 30 225 23 127 11 35 234 169 155 157 
4 163 35 72 62 
4 58 142 73 246 
31 153 133 30 126 61 13 139 80 198 202 186 210 31 157 119 192 21 53 215 194 137 2 207 104 12 53 141 179 217 90 216 
25 192 148 19 126 128 69 62 231 125 140 52 86 105 180 131 136 216 245 120 114 61 67 177 202 198 
35 132 5 213 240 133 218 104 87 95 51 29 238 77 71 62 237 112 185 238 49 57 228 62 20 101 9 57 240 140 49 52 42 112 194 84 
50 161 188 194 237 111 7 12 17 221 99 154 192 162 179 50 88 5 57 61 46 12 151 103 65 105 37 227 131 49 104 66 199 90 159 202 89 247 33 178 97 115 103 107 158 25 58 27 77 112 146 
11 154 33 209 208 178 82 73 218 185 195 226 
4 186 242 136 185 
37 43 215 78 224 187 9 141 120 88 16 107 213 186 121 100 150 39 233 7 30 137 139 159 106 104 241 137 230 216 236 57 143 4 37 16 212 160 
28 102 231 247 77 206 191 207 43 176 32 68 198 220 100 245 134 82 192 124 195 183 184 118 73 52 122 67 226 
35 186 109 40 170 113 105 221 14 59 247 231 210 209 190 51 205 198 91 169 12 199 163 38 44 106 186 117 40 30 124 181 190 14 44 203 
37 14 159 151 106 52 68 209 91 58 159 174 17 101 83 4 72 176 117 49 230 53 65 21 139 7 152 146 135 249 197 76 194 111 195 95 188 20 
25 121 215 163 41 69 245 155 139 121 248 147 61 103 149 100 48 22 203 173 182 179 192 8 154 234 
10 21 193 44 143 107 154 204 38 170 128 
13 211 54 76 243 166 41 250 228 241 83 65 58 139 
40 243 25 15 75 110 65 45 246 60 189 176 220 42 64 161 220 43 119 5 194 61 139 117 92 130 142 35 188 48 45 11 222 18 47 141 30 94 201 42 172 
22 196 187 38 105 87 92 4 161 231 116 87 76 87 208 84 170 180 79 93 70 227 51 
26 118 183 184 38 106 142 64 14 237 191 58 181 146 195 176 12 178 201 161 187 141 87 137 133 120 105 
38 235 106 192 250 98 243 10 220 30 19 82 245 139 101 90 80 23 161 132 124 163 6 108 202 147 147 150 66 193 42 75 20 143 172 48 107 157 100 
27 23 86 130 235 87 49 198 86 141 241 192 248 168 175 130 220 109 65 29 81 38 132 215 125 33 24 201 
47 168 48 61 229 79 28 207 250 106 110 232 186 209 226 52 56 150 170 137 227 193 199 1 48 10 231 62 197 110 126 233 118 74 1 243 211 148 113 104 53 83 57 248 102 64 154 88 
40 15 221 223 87 91 222 9 69 246 104 239 113 107 149 220 28 155 202 184 182 87 96 119 144 14 201 142 35 224 111 130 121 208 235 88 188 41 139 184 137 
10 191 236 224 247 56 75 17 127 12 232 
30 246 141 3 62 136 136 229 2 241 44 220 222 51 35 141 156 77 68 185 167 29 127 108 139 117 107 17 14 54 39 
42 10 234 4 71 38 100 230 228 223 96 74 32 239 240 100 26 30 78 238 48 235 48 229 214 170 245 139 171 247 128 54 197 76 57 44 75 110 50 124 149 196 181 
13 247 224 136 109 208 45 59 181 81 165 247 1 90 
10 89 244 173 110 111 174 158 134 111 53 
4 205 18 239 100 
9 157 79 74 220 15 77 118 119 240 
41 17 180 122 32 12 67 20 46 19 100 196 214 211 1 16 215 117 146 74 5 183 143 163 106 196 137 157 60 72 182 155 114 107 104 2 185 193 105 125 111 39 
7 235 45 192 22 90 36 184 
8 195 222 63 85 147 22 107 233 
2 215 148 
47 109 12 101 180 206 58 48 215 174 199 128 228 172 72 115 43 223 104 209 88 80 209 17 143 175 63 241 22 208 96 55 118 134 81 167 101 62 163 149 201 12 174 79 164 212 92 85 
44 160 75 240 201 223 101 16 56 196 117 111 192 99 147 230 34 45 104 104 183 84 208 162 164 159 37 174 43 178 103 95 216 131 232 84 229 19 168 122 53 116 23 39 241 
18 155 93 80 227 13 115 102 175 4 142 37 81 150 49 46 42 59 233 
33 60 120 140 59 157 8 123 104 154 186 40 174 82 27 240 230 132 36 248 248 136 156 4 40 123 156 63 39 73 191 206 162 176 
32 214 165 225 180 16 171 69 110 119 189 155 67 222 14 238 108 31 243 111 148 14 69 74 184 183 241 205 7 210 123 208 155 
49 178 79 245 227 224 206 110 88 99 55 43 78 197 53 168 171 205 158 33 127 49 204 162 249 54 50 220 149 248 116 149 98 58 233 167 41 86 96 78 99 93 105 168 108 149 1 28 1 100 
32 248 163 191 35 240 202 58 43 217 147 234 223 231 187 115 26 156 188 60 130 98 179 93 157 135 102 237 124 233 49 205 224 
5 234 29 51 58 18 
24 111 8 232 152 16 66 104 42 63 49 94 200 236 15 137 205 184 54 111 248 42 111 39 161 
11 204 199 7 132 231 103 77 67 17 244 75 
45 159 73 164 34 73 137 51 185 70 147 76 55 242 193 241 242 142 196 104 156 73 187 12 208 166 184 249 217 170 82 175 78 100 243 176 158 248 55 36 182 137 157 12 76 129 
16 147 223 222 65 38 75 169 232 227 104 105 166 68 227 244 196 
30 17 43 13 226 86 172 90 71 17 216 73 161 117 107 192 133 203 77 250 110 20 41 2 178 110 61 118 11 153 128 
31 99 79 23 171 56 72 220 53 190 44 162 132 111 77 137 199 166 162 123 131 201 181 157 124 205 246 201 101 241 218 99 
35 225 65 83 246 120 178 154 74 151 210 114 79 50 113 6 247 90 51 143 25 245 231 196 135 179 53 221 188 105 171 247 222 206 167 81 
9 113 195 155 198 147 99 214 43 152 
32 213 237 67 27 143 229 32 88 107 235 225 50 21 188 182 234 240 229 173 116 171 4 128 43 70 72 111 198 138 16 32 3 
2 164 108 
45 167 3 51 232 31 212 139 27 242 209 145 213 95 57 138 102 138 197 73 98 151 64 79 126 223 26 48 164 43 140 207 56 82 33 90 8 115 194 67 180 14 82 63 25 228 
23 124 197 43 62 23 162 14 90 20 26 200 114 205 38 184 107 219 78 201 210 68 163 72 
20 54 180 229 107 80 67 250 138 141 21 68 16 60 15 182 84 73 39 193 110 
18 173 124 214 137 121 158 109 132 153 158 111 51 8 111 96 229 145 22 
17 231 50 165 116 196 15 38 55 86 186 248 95 165 97 250 188 223 
16 230 248 162 170 154 53 66 168 188 232 6 176 208 95 15 192 
44 48 33 231 244 102 39 210 230 166 42 114 52 179 137 238 105 185 214 97 156 97 13 125 148 214 129 38 78 184 174 90 88 17 163 157 238 50 24 93 18 153 127 188 2 
21 244 123 219 61 31 125 179 55 225 47 224 168 39 75 65 197 61 58 140 24 208 
14 165 247 76 247 32 80 27 198 211 17 241 121 208 5 
11 210 67 86 5 168 204 193 111 205 11 80 
39 113 141 79 121 14 18 91 44 117 134 194 191 247 178 203 102 6 46 231 133 136 86 233 27 223 35 71 183 248 46 181 59 231 179 238 162 65 171 73 
17 215 243 65 106 175 189 144 89 148 133 9 86 120 26 152 131 19 
40 226 75 106 68 3 46 200 86 31 74 49 120 217 177 100 82 228 220 160 58 129 3 144 158 54 74 75 205 65 40 94 246 135 192 156 37 87 190 25 43 
26 225 220 220 246 116 69 135 94 161 25 26 226 178 22 109 33 134 3 239 119 27 202 222 111 111 28 
21 27 114 177 21 61 211 158 180 93 29 180 180 216 164 178 138 189 72 241 178 30 
44 208 67 99 120 224 111 83 4 84 69 134 88 125 144 169 151 24 178 146 90 139 8 201 123 54 4 49 59 114 122 213 34 35 127 115 177 15 155 2 211 203 83 87 236 
23 226 240 250 174 154 153 75 198 220 186 137 88 227 153 55 129 112 167 81 73 92 101 225 
27 115 33 51 228 238 17 127 57 198 145 231 87 75 150 233 250 172 250 201 94 165 49 30 70 156 115 26 
5 56 38 21 86 197 
8 131 167 153 199 68 17 12 236 
30 172 56 26 229 64 3 101 199 156 32 9 95 140 121 159 35 168 145 221 35 214 60 40 197 179 58 14 163 98 81 
17 171 121 203 242 116 41 1 135 91 117 77 66 142 206 49 199 110 
36 95 18 163 35 103 75 180 40 101 142 111 111 198 64 2 76 122 194 58 99 160 5 103 78 31 83 148 80 152 52 48 189 204 11 220 183 
33 234 20 38 51 160 246 184 45 82 60 125 132 39 249 250 157 5 196 187 125 36 216 186 38 227 136 51 34 109 101 29 227 189 
9 145 221 146 18 92 92 78 48 191 
43 184 2 247 189 94 197 46 89 197 90 245 45 40 114 170 244 159 174 29 172 151 6 129 73 159 67 74 216 90 124 63 188 163 203 8 144 129 178 54 51 153 50 234 
3 195 160 179 
21 69 243 111 92 235 24 250 61 109 127 24 228 73 39 53 48 226 185 240 72 70 
42 97 235 230 165 161 71 205 127 57 75 42 197 48 182 105 233 165 7 222 72 24 42 83 43 110 43 140 46 148 12 51 14 21 130 175 20 144 55 41 245 240 147 
40 69 127 92 156 187 12 24 141 25 146 90 224 174 247 56 79 64 58 243 61 120 38 245 81 229 14 195 167 7 116 14 177 33 230 121 124 29 199 183 73 
33 27 147 80 238 108 229 219 43 158 71 104 58 72 88 211 8 194 138 85 236 196 89 116 181 35 102 71 6 41 189 215 225 200 
47 77 105 131 20 188 163 98 184 234 159 217 241 200 64 172 203 204 63 153 69 38 76 139 47 12 131 195 132 89 61 247 73 199 175 54 110 104 28 29 121 21 93 10 205 125 55 86 
15 15 63 84 13 247 77 163 124 46 103 189 124 5 139 157 
9 113 105 224 132 5 97 46 217 173 
41 16 229 211 43 53 134 120 245 56 93 215 52 173 224 241 189 98 182 131 183 74 194 181 183 90 126 156 128 198 222 76 244 205 117 220 242 62 123 77 166 96 
34 153 129 146 33 199 206 48 138 38 132 182 75 72 178 220 116 1 166 235 112 181 53 163 222 212 108 17 75 137 186 113 237 52 85 
10 211 220 244 209 133 237 228 137 133 146 
7 111 143 179 245 207 248 87 
18 231 244 218 33 110 172 107 187 39 52 158 65 77 66 114 86 154 52 
3 207 147 236 
33 133 100 108 85 49 135 87 250 139 11 157 223 150 62 142 107 196 52 83 231 133 114 116 65 246 152 137 182 62 174 128 131 112 
8 173 89 22 67 130 68 27 32 
26 81 64 46 57 129 122 105 102 158 203 2 133 40 192 128 118 203 250 235 235 246 86 76 64 69 206 
12 192 72 8 227 226 140 109 208 24 28 47 107 
38 236 108 19 62 111 97 128 116 179 208 20 182 106 228 202 174 33 27 175 46 66 243 88 37 87 105 156 207 183 131 82 206 174 187 179 127 198 196 
7 155 20 225 242 134 202 22 
20 174 148 204 244 145 139 98 197 5 18 165 129 122 178 67 81 48 17 22 47 
34 32 161 164 201 108 48 53 95 16 78 149 188 105 23 169 159 166 191 241 28 58 59 133 90 237 154 182 236 248 149 136 229 52 118 
45 12 235 232 83 231 41 92 194 52 80 113 220 163 199 17 15 28 62 136 149 238 177 242 131 220 224 121 207 185 236 64 178 122 172 189 51 29 83 241 90 51 146 62 160 93 
36 52 149 45 32 53 182 118 183 139 117 41 39 113 57 173 146 2 197 217 209 78 232 87 226 210 29 214 190 18 82 229 48 128 13 178 130 
13 64 15 163 224 99 156 180 11 219 37 195 12 75 
50 248 181 115 80 148 157 208 147 248 249 139 194 23 193 42 93 175 41 235 183 193 109 137 217 147 211 220 122 138 118 12 101 108 92 2 235 127 83 31 22 68 223 33 147 37 103 32 216 224 249 
43 10 182 17 179 7 68 28 74 67 157 29 48 93 70 112 123 12 165 218 179 74 77 152 242 32 216 78 187 10 115 168 146 216 121 217 102 65 230 125 78 236 203 102 
45 103 6 10 188 103 21 176 108 186 131 165 229 149 74 141 129 168 156 65 240 101 20 181 29 211 140 242 12 38 150 45 229 95 163 50 66 153 3 41 214 94 48 212 62 55 
9 148 86 50 250 217 5 183 47 215 
34 199 204 43 120 178 62 151 22 235 69 21 152 57 176 51 29 144 204 80 68 187 28 106 98 118 48 173 122 161 93 62 239 97 22 
15 5 28 101 72 180 78 8 203 184 247 180 238 157 109 181 
39 202 193 89 102 24 31 154 40 146 51 57 221 189 58 21 35 198 164 197 204 196 94 66 156 189 91 63 17 22 85 71 119 40 169 19 216 143 92 248 
26 147 119 151 146 79 21 244 45 117 50 108 4 31 230 23 233 80 142 169 28 109 41 159 66 20 52 
50 248 139 125 187 99 3 140 165 199 61 64 61 29 154 87 227 229 1 121 3 59 21 229 164 77 70 126 47 232 116 65 185 67 152 139 45 194 109 249 82 11 167 6 248 198 246 220 24 225 13 
33 85 117 130 174 88 239 124 78 20 155 137 210 25 239 79 196 15 34 122 184 97 193 14 155 18 161 16 202 3 248 131 216 95 
17 155 131 182 135 227 65 77 90 38 247 54 4 124 178 226 132 120 
27 108 235 133 45 202 36 206 51 237 25 105 20 73 153 57 61 76 107 201 178 216 157 44 217 119 238 140 
38 212 54 29 169 43 139 122 4 224 127 79 95 91 127 140 199 80 81 139 172 171 36 170 122 131 243 119 185 106 35 116 169 11 101 68 75 191 128 
50 98 214 35 163 47 117 141 235 213 173 22 213 250 77 163 128 189 70 2 81 133 177 181 182 65 119 90 142 240 89 25 163 121 87 137 100 57 145 192 242 110 246 15 120 125 214 174 183 205 52 
40 25 55 155 235 32 170 206 171 81 206 219 212 187 104 8 15 23 156 210 29 226 101 42 164 50 173 82 189 80 158 194 75 193 240 52 55 149 168 190 60 
12 231 157 67 71 105 133 27 17 84 1 237 93 
21 46 185 197 114 89 126 193 182 145 161 34 217 210 202 124 1 207 178 151 62 220 
26 97 121 27 44 74 39 246 64 57 30 29 147 199 185 107 180 75 185 235 72 205 42 133 153 133 79 
27 128 36 241 9 186 234 70 186 99 104 97 82 227 54 32 210 89 58 107 165 64 219 147 76 185 172 153 
27 116 120 167 108 154 110 80 174 211 199 218 28 172 167 128 77 204 174 88 62 235 156 198 125 84 111 209 
20 146 197 237 214 87 22 89 119 74 29 32 49 137 208 105 88 225 49 34 221 
20 67 170 229 238 118 226 192 47 81 42 10 140 143 83 69 164 133 39 37 95 
12 166 183 208 137 243 51 145 78 28 249 111 94 
32 130 126 136 76 98 53 151 186 28 15 178 163 184 168 47 212 197 107 85 164 187 190 149 36 237 59 163 28 76 23 189 13 
48 99 209 134 141 180 12 165 235 141 130 148 214 66 14 125 142 68 219 201 237 115 247 191 240 105 224 29 95 223 66 244 93 29 27 83 91 38 1 232 20 174 85 148 182 77 32 82 150 
20 243 207 39 19 149 72 187 67 95 114 210 179 234 18 180 112 126 86 188 15 
20 96 130 82 219 65 242 223 85 9 227 23 137 4 122 68 211 194 245 102 113 
8 113 8 72 27 6 168 13 131 
28 77 86 111 64 97 156 242 76 20 208 193 14 41 83 238 117 88 208 59 142 189 233 24 30 57 172 13 194 
7 195 10 166 213 52 41 165 
44 111 228 163 47 60 3 33 93 154 99 42 246 133 99 156 58 199 195 136 118 129 29 73 30 141 28 168 165 174 187 190 179 132 199 220 178 19 105 223 145 97 39 223 117 
33 86 138 67 225 227 120 159 125 29 90 64 71 88 55 27 122 136 35 197 46 29 151 208 169 120 41 172 150 17 33 51 65 32 
12 171 120 221 192 177 162 226 7 35 149 132 187 
46 12 242 127 239 96 181 212 186 195 82 157 223 79 95 119 116 129 211 184 161 61 59 98 121 91 165 216 122 151 156 58 203 45 123 213 27 52 186 57 228 235 205 111 22 189 159 
11 237 241 14 32 9 162 244 225 199 33 58 
14 3 10 103 242 194 48 68 5 215 194 62 211 26 78 
19 84 175 197 142 153 231 119 197 224 111 175 45 104 56 71 145 147 89 177 
26 157 134 174 212 131 191 63 109 77 112 75 60 3 157 121 235 86 40 139 40 61 12 1 232 159 76 
42 195 181 2 214 195 165 236 47 159 8 74 223 96 124 121 2 3 206 165 153 194 161 148 92 86 173 127 225 131 7 89 25 140 169 14 194 168 221 166 25 211 234 
41 124 54 236 188 175 225 159 7 216 54 212 204 47 68 207 18 53 133 198 248 219 20 14 156 2 245 113 46 29 241 227 6 82 195 171 152 95 198 79 185 141 
12 139 226 28 20 217 138 108 100 102 198 28 147 
23 181 191 27 120 182 43 98 245 42 153 125 174 127 47 20 71 242 92 25 27 141 122 177 
48 187 2 34 74 127 89 85 53 229 94 9 150 195 10 88 62 80 101 57 103 37 51 213 119 38 197 86 25 14 121 24 178 119 221 67 177 97 218 204 61 212 104 134 75 58 14 171 40 
44 19 22 223 53 105 218 115 23 9 44 151 105 131 129 81 191 200 209 156 169 146 199 86 180 73 110 147 141 165 110 48 114 39 39 21 13 138 127 204 79 155 83 139 62 
48 16 186 86 240 82 164 80 205 58 206 49 34 149 124 75 13 150 214 42 82 155 95 118 220 98 136 152 207 22 222 72 112 39 85 172 64 105 62 93 249 88 138 205 87 16 46 174 70 
22 83 233 139 143 201 66 49 204 121 34 217 7 243 116 16 223 241 217 99 94 29 223 
26 240 172 241 55 78 80 70 120 193 126 64 212 224 86 188 179 102 97 142 64 230 110 28 25 209 77 
35 174 42 35 115 2 246 172 13 90 119 70 31 148 169 101 89 45 226 88 135 146 78 130 241 87 142 167 160 206 103 193 184 178 52 121 
40 183 4 161 217 248 43 45 57 234 2 118 29 233 195 48 154 248 112 96 219 6 44 129 171 140 142 43 83 161 42 109 192 13 179 160 154 183 191 5 20 
39 158 83 113 92 24 89 10 188 29 192 128 171 8 89 42 51 115 218 165 60 134 41 92 69 188 155 223 179 13 156 179 225 143 125 43 14 156 154 208 
4 124 117 81 107 
16 223 191 187 212 115 169 33 34 26 116 172 223 121 58 68 34 
37 220 250 126 57 11 159 3 230 104 145 63 29 62 43 37 163 228 143 11 38 102 38 3 179 38 102 118 162 236 245 223 53 13 130 76 183 99 
44 130 8 47 144 161 110 242 217 170 12 128 184 228 115 202 68 144 16 123 52 243 42 165 4 132 23 51 79 49 22 232 188 1 207 106 175 174 233 150 35 30 169 84 64 
32 207 117 50 163 154 208 106 199 25 239 167 185 207 139 215 127 247 93 87 26 229 147 108 132 115 196 22 93 236 218 19 58 
49 196 24 71 143 3 152 235 121 43 213 185 77 101 79 117 144 216 4 22 26 74 240 88 128 32 82 81 11 132 230 214 105 12 28 165 29 12 237 212 48 118 29 211 228 208 231 79 175 18 
16 166 131 96 218 25 8 31 30 147 181 21 54 19 150 201 141 
4 167 122 148 26 
29 207 185 103 160 79 176 212 15 32 98 246 188 13 126 246 92 241 231 205 43 24 207 233 148 49 2 11 194 104 
10 95 128 209 52 247 245 150 85 29 236 
44 112 144 158 119 112 120 188 29 230 149 125 207 157 30 173 35 141 127 179 2 113 130 131 47 143 122 3 181 194 80 208 248 88 29 184 234 241 242 97 218 220 16 95 172 
37 238 140 104 71 206 91 144 120 177 127 156 226 76 64 24 155 147 115 186 205 50 68 148 58 71 248 63 170 125 150 188 246 191 86 232 246 155 
11 45 240 199 211 134 149 62 4 116 130 105 
10 127 103 69 224 239 231 91 51 159 23 
5 150 33 170 165 211 
36 40 107 92 146 85 167 173 130 234 27 230 178 24 197 190 12 230 98 111 66 74 243 120 185 247 142 182 24 133 245 35 72 214 164 220 145 
18 117 74 212 64 156 4 82 126 243 125 63 154 102 197 199 180 175 72 
39 54 71 217 2 82 149 203 104 67 50 168 21 174 233 147 40 70 242 39 135 34 43 54 203 217 184 64 237 11 221 56 158 237 27 109 152 180 76 132 
15 17 138 202 166 141 54 219 63 64 86 207 47 41 148 190 
19 71 58 114 83 197 204 86 111 203 212 238 191 125 204 124 113 30 132 12 
41 174 122 101 208 83 77 166 220 168 71 160 169 79 4 121 37 92 243 26 14 150 120 227 24 61 159 41 161 219 45 77 224 217 115 100 43 223 51 94 238 49 
24 168 195 3 61 129 235 210 42 47 27 134 149 47 200 68 159 150 128 13 135 226 27 243 199 
27 127 114 54 37 33 172 115 220 173 58 240 115 118 73 145 86 71 244 118 174 179 102 112 228 132 43 82 
8 249 149 38 78 202 142 211 173 
23 95 51 94 10 191 97 206 234 22 183 101 55 89 99 226 85 49 6 22 125 162 138 41 
37 241 226 118 60 35 141 197 77 47 219 187 175 236 52 110 111 160 99 114 185 27 200 162 19 189 122 179 58 153 247 32 235 204 66 207 54 5 
4 175 57 77 85 
14 240 141 22 47 31 59 105 212 243 20 30 183 104 85 
44 6 154 43 171 196 241 130 68 133 133 11 100 15 105 181 107 210 122 103 176 226 200 147 146 221 28 111 48 145 12 110 203 8 241 114 245 102 95 149 121 208 150 33 106 
8 56 96 198 43 30 132 52 97 
35 107 98 138 181 11 242 36 81 56 221 111 89 145 63 81 24 104 148 109 127 88 242 95 39 205 221 73 240 56 145 157 16 181 47 92 
19 152 73 103 180 131 6 92 83 166 72 183 63 162 215 101 168 60 219 224 
32 244 162 111 214 137 137 13 6 92 176 6 185 14 239 139 98 8 6 125 102 171 97 82 233 238 98 55 147 5 210 184 96 
35 229 157 116 161 108 3 9 135 68 13 117 66 184 138 231 216 111 4 68 13 176 220 152 64 140 69 11 3 211 12 226 177 83 70 233 
14 187 181 38 50 28 106 38 233 202 90 119 69 97 120 
29 149 25 35 19 168 5 145 189 198 146 218 122 246 35 182 34 65 45 80 99 171 17 114 102 75 139 138 113 152 
-382555 -523862 -229803 -199255 -156707 -236662 167441 302432 -714339 17720 195813 -761154 457420 340169 350416 -407411 39780 638047 -629513 -96950 325395 210985 -755272 -769617 621449 585308 887201 636524 -605752 -110677 231233 46657 17524 -797687 603389 -158102 748975 18406 -283070 109771 -240415 131867 -447242 -320950 880019 -871206 987488 614327 -351188 552825 -588545 376370 19712 357022 -975823 468723 569495 547958 -200347 -441734 832313 -665689 -386970 -949276 -106908 762566 -707593 909289 -448251 351583 806833 -585080 -447462 -486374 -338776 -370733 -807483 991551 879390 -503992 -299151 -914126 -860545 -545545 -572636 460998 -285609 88228 -536742 560506 -45997 888807 570156 -946488 246413 603007 -919514 -438942 -471389 993662 910966 -450609 79157 -179638 -115261 980379 -662266 172644 -692926 -61569 -530950 641038 -908531 729941 -924289 -654379 -997283 -247053 626837 554017 -417801 -83385 -970591 122038 704737 -80440 309305 -190869 109893 209798 -401098 -768497 -16784 -357601 414443 -541410 571951 108892 380714 -687877 -203069 -488475 -687629 -175499 502893 88654 274889 -402900 928837 -808390 859624 281688 668170 829742 -892598 -102408 478756 209535 542409 530682 948720 -244070 870389 902959 -896401 90 -321439 -100683 673983 40794 -586489 -160630 282763 107183 -504734 -550200 214969 -862669 321665 158495 210282 39791 -760440 -555124 610846 626318 -358802 -225103 21939 537357 -941887 423481 -3918 -831521 471646 -855489 -345348 780672 -439041 -400714 6597 578799 493263 500697 -694955 -892917 737475 -223319 -248407 -744256 431112 351091 381622 -809309 -391872 -764680 -490903 -512968 679558 200409 -5976 954163 305640 -778528 -715077 -53518 -780411 -311803 4242 836203 -6957 62675 -435932 -9907 177782 -331352 582757 907576 350856 -725921 940725 127728 672566 867863 319775 231366 274711 -916714 -714633 997029 
