230
27 37 220 84 27 163 210 30 88 64 205 32 187 6 46 208 131 162 47 100 102 155 23 56 25 158 86 157 
43 140 52 129 62 190 118 204 39 108 46 84 216 33 34 79 74 116 188 1 180 26 194 151 53 156 121 131 29 101 1 171 167 94 162 215 89 30 111 109 53 65 173 58 
34 152 115 59 131 211 131 226 53 163 69 49 107 100 44 7 203 213 208 7 92 61 163 197 124 98 146 184 131 128 201 31 76 117 142 
32 76 151 103 209 80 42 88 111 18 41 222 114 205 81 173 138 23 11 132 80 102 78 167 153 185 85 214 108 180 175 217 20 
27 134 32 37 198 203 197 181 140 115 121 230 112 146 157 104 193 193 161 106 53 202 227 144 48 153 147 203 
44 21 48 82 133 157 223 170 46 9 85 38 187 96 149 139 7 111 140 28 45 35 230 215 213 155 217 220 133 213 30 99 122 121 208 66 57 103 227 194 222 65 49 65 194 
43 8 145 220 187 210 167 27 210 93 138 167 18 95 222 108 21 138 74 115 60 28 24 62 213 188 167 178 225 73 218 71 108 122 166 131 80 114 221 113 197 125 96 163 
6 161 104 39 41 185 100 
28 44 151 159 66 185 62 225 38 63 225 135 141 60 5 225 61 40 225 152 212 72 131 199 56 170 3 186 173 
24 95 184 108 15 147 188 193 93 224 24 53 82 30 40 190 62 82 8 60 126 116 162 91 197 
14 7 121 170 72 175 7 183 170 43 62 190 200 135 188 
25 182 199 88 74 70 36 68 140 218 174 140 206 210 117 160 189 106 35 212 34 95 52 181 50 152 
37 202 158 153 113 103 120 229 216 55 41 210 22 215 188 25 56 165 87 56 205 65 67 188 180 79 192 96 189 137 68 101 25 76 18 146 215 158 
28 172 172 13 223 55 17 27 143 182 86 157 106 159 8 123 193 65 92 225 155 132 105 46 89 32 46 105 58 
19 88 124 188 7 123 112 200 173 41 96 151 121 96 48 3 175 53 30 61 
34 115 169 55 201 132 171 185 149 17 230 68 122 59 150 32 82 223 210 130 48 184 105 42 184 31 133 172 67 165 160 44 114 210 225 
23 43 128 166 219 201 205 205 12 46 125 128 216 150 70 205 96 183 101 20 222 24 116 56 
14 169 180 23 19 194 96 167 19 188 60 219 88 175 147 
15 33 118 86 21 114 150 86 3 202 19 26 174 193 114 51 
7 136 211 74 187 44 94 211 
42 13 10 165 159 170 181 175 172 118 99 171 137 138 26 17 218 125 100 226 169 63 26 20 6 182 124 60 210 143 216 125 83 194 135 109 197 77 141 71 212 221 197 
17 102 122 84 56 99 75 150 69 39 147 60 131 122 22 209 47 197 
19 108 179 144 186 84 172 43 24 99 144 38 91 136 160 211 169 119 31 38 
5 160 175 158 161 109 
10 204 13 106 125 221 33 13 40 55 52 
4 213 153 124 30 
28 109 136 112 49 23 182 219 29 45 90 139 196 100 164 218 123 98 185 146 204 90 149 98 34 79 171 187 155 
16 202 113 88 125 12 19 185 199 151 111 116 147 107 114 138 91 
16 171 56 73 169 51 121 132 131 159 17 205 41 82 208 121 191 
22 224 82 184 177 229 184 89 102 150 189 177 126 25 40 204 230 180 76 74 153 226 170 
46 125 100 99 146 126 178 116 80 124 115 127 115 227 102 225 30 213 203 159 51 228 104 203 123 194 79 114 55 199 128 84 211 16 166 9 93 19 98 215 114 14 113 137 176 229 85 
22 8 131 59 50 161 175 59 125 213 104 152 185 159 144 44 229 108 114 109 128 97 139 
12 185 215 218 173 52 222 160 98 16 21 147 144 
29 142 225 73 42 108 20 5 179 187 2 94 34 67 36 109 139 210 80 72 55 208 30 144 64 220 191 33 227 61 
32 79 138 72 158 205 128 56 106 81 217 186 165 36 17 43 129 47 150 132 85 126 41 27 119 141 181 145 68 12 92 180 72 
32 141 193 17 17 133 17 81 51 225 200 10 127 82 111 174 8 19 202 220 212 79 38 67 81 103 141 151 64 179 169 147 186 
12 209 97 151 7 33 122 183 218 221 116 2 152 
25 1 186 183 175 228 173 152 124 52 59 206 171 163 10 193 130 224 159 84 194 154 100 210 38 55 
9 17 40 14 67 209 29 190 217 10 
12 93 167 63 54 38 108 205 77 121 122 63 142 
5 163 182 150 24 114 
43 117 48 12 50 173 128 212 112 140 115 80 140 58 19 157 202 128 25 172 70 95 221 49 79 75 191 116 150 142 196 147 90 66 102 230 101 197 210 36 166 120 15 34 
19 171 222 153 139 200 153 112 203 218 77 5 158 169 181 186 47 6 17 71 
24 188 98 126 2 111 112 48 92 170 75 123 17 85 226 25 115 97 127 184 63 151 59 76 180 
44 35 227 225 81 177 174 1 142 40 125 92 101 225 142 67 63 73 67 124 176 127 160 83 114 1 204 107 88 110 150 199 212 73 216 152 226 150 142 133 164 224 50 70 115 
26 142 200 177 224 57 173 106 126 197 105 81 92 175 141 106 149 93 96 219 142 89 88 173 121 114 192 
14 171 6 97 200 205 61 58 220 102 74 47 74 101 146 
27 13 213 48 55 17 119 1 74 164 213 65 9 92 51 178 34 61 2 30 181 25 126 49 129 54 31 130 
17 229 90 79 96 180 188 121 106 59 172 155 202 97 184 12 219 11 
3 155 87 141 
17 213 24 186 170 12 117 149 56 189 112 41 136 181 95 180 225 131 
14 154 84 193 156 106 145 98 165 11 108 156 198 26 197 
35 29 123 210 98 103 63 30 230 228 186 196 213 124 190 138 8 182 62 106 167 138 106 205 137 177 87 44 15 225 94 90 44 220 179 196 
4 103 212 106 160 
13 215 120 101 123 145 76 72 123 63 190 40 152 66 
13 115 125 145 207 224 149 63 218 37 2 196 27 85 
13 215 202 23 21 221 205 29 19 85 96 202 217 92 
4 65 115 196 201 
12 68 116 25 45 206 219 176 176 17 45 45 39 
21 23 68 121 30 135 46 46 9 68 176 27 95 47 78 68 86 223 63 115 7 145 
40 125 148 131 185 134 38 163 70 186 124 10 148 185 41 76 5 209 89 164 127 56 149 80 71 22 169 84 168 60 32 152 11 115 227 17 191 164 222 165 65 
5 25 132 193 140 171 
43 96 68 59 61 48 206 36 104 94 103 72 87 224 4 104 227 57 131 83 138 144 74 200 80 79 159 201 4 106 54 108 93 211 183 94 47 115 178 66 96 114 163 172 
45 56 27 200 60 200 18 172 139 155 170 1 37 168 108 29 83 153 163 172 56 131 21 213 219 62 169 75 6 123 160 92 133 211 161 95 28 134 163 205 162 225 73 160 41 72 
24 135 77 221 132 174 216 155 33 18 89 230 123 140 179 155 204 62 127 10 60 174 60 166 218 
3 139 224 101 
15 42 173 135 19 200 34 125 216 20 105 215 153 135 79 65 
35 37 162 171 167 215 18 156 32 170 149 111 156 45 220 173 165 224 141 49 182 189 226 39 31 17 142 194 71 86 115 177 215 20 108 214 
33 137 174 227 189 139 93 25 75 218 230 174 129 102 196 7 136 135 6 163 138 99 11 138 227 217 40 175 193 213 135 85 74 104 
11 138 68 32 228 46 159 42 109 49 171 32 
19 157 223 206 105 37 213 18 154 55 3 176 60 190 191 135 194 70 14 42 
15 111 215 187 81 20 130 219 221 11 155 51 52 66 51 142 
5 31 184 225 31 20 
13 183 113 3 30 143 63 34 119 69 200 27 79 210 
24 35 196 7 32 191 172 214 15 101 188 140 93 122 80 77 196 26 38 75 130 138 20 51 193 
16 171 127 101 92 82 126 140 97 193 208 193 182 84 163 145 190 
10 131 44 97 190 90 134 147 191 127 183 
14 227 109 103 64 79 114 159 80 190 27 74 66 58 171 
14 72 133 38 109 189 164 171 227 190 58 139 46 39 198 
28 73 181 227 51 17 169 17 148 96 35 151 225 88 15 207 104 219 117 155 74 7 219 6 126 55 119 40 100 
15 73 69 63 30 99 72 208 155 78 27 156 102 163 21 96 
24 98 91 156 184 2 78 72 89 61 121 95 187 227 47 135 93 176 83 168 180 215 194 125 202 
6 114 160 196 130 76 28 
8 28 31 32 213 103 22 12 174 
42 22 196 189 57 176 121 144 28 99 61 215 30 22 76 118 78 193 89 36 87 213 225 32 14 167 110 49 79 174 62 103 189 185 116 66 31 107 41 206 139 189 216 
21 226 52 204 50 33 212 179 41 200 2 156 167 182 225 16 74 89 4 143 206 138 
16 76 114 195 8 85 94 68 176 216 164 221 216 53 41 65 214 
40 108 109 83 65 216 52 143 199 183 167 147 115 114 171 148 58 43 104 86 101 125 108 200 157 219 93 25 209 138 75 131 203 181 155 97 71 70 148 28 129 
11 125 152 103 85 206 126 72 150 155 86 102 
32 100 161 13 142 176 124 151 50 161 181 7 106 193 59 130 228 43 57 177 187 214 193 126 89 151 4 73 224 122 110 5 155 
38 228 195 16 48 37 32 42 132 67 89 82 75 219 230 176 40 54 154 171 146 36 119 61 141 202 14 210 19 12 104 13 56 196 38 62 96 142 49 
24 136 128 77 24 160 190 179 34 228 132 101 31 177 142 119 64 40 19 107 210 71 177 35 166 
28 69 46 132 210 194 176 133 109 80 171 50 3 122 177 59 153 2 63 179 209 101 7 210 107 47 170 138 169 
38 135 40 3 221 221 134 36 134 137 206 224 117 229 20 94 89 142 116 135 226 121 19 128 113 154 47 41 224 186 222 35 33 49 111 166 65 79 70 
31 110 220 149 116 141 180 133 31 27 115 161 139 188 155 152 204 108 36 107 19 50 216 11 21 74 193 41 161 96 92 135 
44 130 24 12 98 182 87 59 88 198 64 46 75 210 196 145 28 84 39 32 30 145 110 28 108 177 123 82 158 130 130 208 73 89 220 166 48 228 174 149 136 146 98 192 64 
7 175 30 203 39 208 112 155 
11 156 173 93 61 200 170 164 151 206 155 197 
23 92 182 140 170 4 110 228 92 174 174 38 80 56 65 117 38 115 80 13 179 229 93 210 
25 45 220 118 150 10 157 206 31 54 176 64 50 30 225 60 202 48 22 63 201 57 213 68 199 225 
44 172 132 28 146 111 118 88 44 162 30 114 229 190 147 29 222 145 196 127 125 81 89 40 208 213 143 177 111 169 63 151 50 176 198 47 168 31 26 3 75 58 147 181 21 
37 160 50 175 100 159 20 171 184 109 192 27 114 153 205 73 16 151 183 117 74 53 174 222 81 73 33 91 169 119 78 201 45 140 189 219 225 22 
14 46 159 8 191 114 72 51 59 61 226 111 67 152 61 
43 158 209 167 74 95 164 92 223 199 26 207 52 153 210 89 127 21 44 130 223 74 49 108 183 135 52 132 183 28 175 105 131 172 70 53 180 23 224 11 156 42 214 60 
21 218 208 108 11 122 215 19 113 207 22 104 191 229 139 44 189 83 164 8 7 62 
43 92 17 129 133 162 128 34 121 48 147 148 181 2 178 199 84 59 205 19 4 17 192 170 222 212 196 20 46 199 107 26 74 221 37 32 123 162 133 146 7 73 148 95 
18 123 100 35 104 53 73 199 76 108 5 161 109 97 199 21 178 206 123 
38 223 50 163 43 43 68 208 176 224 65 195 63 13 47 10 12 53 111 113 1 34 61 56 3 105 177 199 49 102 150 81 102 1 1 184 62 217 162 
4 129 58 73 137 
43 117 118 163 158 121 222 167 31 12 218 190 20 87 154 148 166 115 74 92 27 67 107 154 63 64 14 11 45 190 161 40 101 176 129 116 59 219 81 200 87 159 183 212 
36 115 188 198 37 203 112 157 86 129 33 55 111 14 25 187 170 12 139 200 46 51 150 113 7 33 216 11 152 82 111 102 170 67 113 44 33 
10 196 58 182 214 79 200 57 121 190 71 
40 109 218 193 141 14 83 18 228 86 145 146 89 9 225 140 48 70 153 52 37 31 165 205 37 4 85 175 101 182 79 224 67 106 221 127 55 115 177 9 217 
31 76 138 156 102 4 156 191 43 11 191 82 107 180 14 204 133 98 121 67 62 191 72 58 165 222 92 51 7 23 157 198 
12 144 165 172 186 186 51 74 18 167 216 105 230 
19 206 226 204 187 201 128 164 216 205 64 34 73 155 211 76 1 39 127 219 
23 165 206 150 129 76 75 90 176 95 17 164 122 172 171 226 168 165 215 28 96 102 70 53 
43 42 58 14 178 119 51 25 214 224 38 76 14 197 74 87 137 194 106 37 8 75 137 32 69 111 82 152 178 206 67 23 119 183 230 115 120 31 155 77 99 140 180 178 
24 57 101 175 228 199 218 191 62 51 57 212 3 180 135 174 19 211 2 67 117 117 97 179 167 
18 207 33 70 165 187 173 169 71 131 207 103 93 192 52 56 76 18 8 
6 9 7 227 129 153 38 
24 6 207 167 38 51 197 90 49 35 206 1 222 140 205 85 90 223 77 224 141 204 39 149 170 
4 104 5 226 66 
38 164 146 172 85 144 117 212 74 111 178 132 119 94 215 17 31 74 84 95 134 211 56 77 106 123 223 173 37 9 39 177 150 165 213 99 31 116 138 
20 220 132 128 151 85 194 70 139 157 122 45 175 154 38 47 225 116 137 80 18 
17 126 85 131 178 71 230 150 30 210 92 82 41 171 75 213 94 219 
18 219 128 223 122 219 177 5 149 207 14 132 7 89 93 132 35 218 67 
13 171 146 13 52 14 6 93 118 203 55 192 153 58 
46 115 172 170 3 62 200 217 18 98 196 219 104 105 115 133 52 174 195 80 188 180 94 180 20 94 198 154 219 84 89 228 129 178 187 149 152 25 168 69 229 196 219 220 123 229 26 
12 46 182 121 2 62 27 57 190 195 192 122 212 
44 129 163 124 176 138 17 159 89 119 198 7 83 77 126 52 15 198 70 13 169 141 148 168 30 107 148 185 28 117 72 124 179 192 208 27 154 218 161 161 45 188 148 66 187 
34 22 154 159 179 135 26 140 181 21 69 132 107 213 172 171 182 113 149 34 91 222 154 150 140 189 76 122 5 196 49 220 33 61 159 
36 148 33 183 222 77 64 81 109 199 227 19 109 91 63 169 91 222 99 207 64 62 47 42 88 65 65 42 28 122 133 210 195 85 165 52 90 
3 65 198 90 
6 222 114 57 182 106 8 
31 75 201 34 50 100 89 145 182 163 57 38 61 134 191 193 148 183 168 38 137 230 81 205 115 192 220 43 42 226 10 65 
33 33 118 70 225 141 36 182 118 230 71 219 170 191 30 228 17 214 170 168 47 151 219 198 178 197 142 191 189 90 119 134 16 45 
30 29 51 178 21 130 151 223 136 213 44 63 128 27 22 91 67 184 153 54 169 34 90 230 75 115 185 220 35 10 102 
43 158 20 176 56 89 72 18 16 111 199 101 174 211 17 17 87 124 96 81 44 208 117 168 102 188 2 4 156 55 186 109 134 98 52 50 67 226 213 95 136 217 52 153 
17 72 129 35 166 72 138 43 31 212 141 6 63 201 28 171 227 5 
7 28 26 203 101 205 43 178 
45 68 174 119 73 159 105 178 99 211 48 203 35 192 93 9 150 87 183 64 67 202 80 226 154 199 223 115 69 205 113 204 26 70 32 42 37 51 226 91 208 37 143 221 44 105 
21 72 186 177 173 215 220 150 109 96 47 154 159 202 215 15 3 76 161 190 142 124 
18 62 88 53 72 29 107 165 193 98 8 82 225 192 206 215 139 205 193 
2 36 97 
43 122 224 75 164 107 221 212 191 33 176 203 123 149 81 4 140 208 33 163 228 103 202 129 133 41 77 163 100 161 9 143 6 61 58 38 90 96 199 114 51 72 188 176 
14 94 96 111 64 172 78 217 161 61 105 175 3 117 51 
7 80 18 122 171 198 115 131 
5 35 97 26 154 184 
23 220 157 27 42 220 152 56 207 166 59 98 35 87 163 155 83 27 212 91 158 198 225 92 
41 96 100 31 32 18 179 18 125 188 27 115 207 70 211 27 146 227 131 196 58 191 63 176 54 23 181 131 76 176 54 99 139 112 9 168 213 150 160 185 1 188 
23 16 176 34 49 195 152 179 129 191 73 1 47 150 21 48 94 164 170 94 11 195 186 122 
15 62 117 32 226 7 163 137 145 27 67 26 21 120 221 104 
8 25 4 139 193 98 14 66 101 
6 100 136 182 168 193 21 
22 30 177 222 89 37 61 172 163 202 187 44 75 213 29 217 225 83 161 81 106 140 96 
24 80 88 91 153 67 103 90 130 222 216 218 59 197 135 52 111 192 153 193 97 149 207 61 2 
25 170 116 8 13 180 79 159 18 143 42 107 146 129 23 58 158 19 80 208 29 222 87 82 229 151 
3 4 192 132 
11 230 213 158 100 57 222 175 173 206 186 45 
43 150 126 45 86 73 67 191 171 105 177 195 226 186 168 4 215 31 43 144 194 77 199 191 112 188 187 80 46 94 218 79 101 44 60 111 196 1 214 90 46 22 84 110 
27 104 171 204 144 229 100 190 183 39 109 222 198 230 15 207 134 4 181 71 215 69 118 117 230 27 77 132 
8 44 181 71 21 44 21 35 207 
35 203 209 106 120 75 98 128 104 121 62 173 66 199 168 119 45 153 13 132 140 110 131 199 212 150 103 40 107 57 225 90 52 5 109 136 
46 156 95 67 28 109 216 140 191 68 198 107 37 6 8 91 148 144 205 101 112 85 68 157 137 225 168 29 224 35 112 44 153 130 193 4 46 72 230 41 222 139 201 187 188 59 183 
13 131 49 131 185 218 63 58 77 48 105 203 213 63 
42 127 161 144 57 91 5 147 208 196 220 177 89 82 100 102 182 46 141 226 225 175 77 183 82 209 105 71 10 103 79 228 81 158 140 155 120 68 116 63 67 46 4 
25 39 76 177 101 91 126 68 174 18 224 211 62 165 93 138 81 100 150 3 201 116 102 70 183 44 
35 216 216 26 103 224 202 125 140 168 138 159 117 5 229 190 106 32 197 51 92 207 41 93 48 221 154 207 18 153 202 129 39 130 218 42 
32 102 91 197 19 30 21 35 79 151 123 141 225 221 20 155 107 115 228 43 206 120 95 96 18 145 22 87 22 22 69 14 171 
22 80 189 26 27 207 21 112 87 125 174 73 157 160 18 12 42 121 16 148 225 225 223 
14 99 33 35 168 71 219 75 221 135 24 140 172 141 53 
38 52 190 70 189 130 84 156 25 174 8 159 176 41 54 185 143 203 146 153 220 11 143 63 170 18 16 228 39 3 112 137 201 113 92 230 219 148 194 
37 13 222 180 22 130 4 77 217 145 34 4 140 190 71 10 35 144 92 116 129 168 138 12 93 36 174 171 211 121 148 28 56 192 58 130 29 97 
21 75 34 69 181 224 139 5 33 65 166 63 4 87 152 218 187 137 102 105 171 182 
37 133 152 156 129 20 34 149 158 31 110 175 182 135 122 128 84 149 204 191 227 4 49 31 142 9 98 34 191 96 166 83 108 47 141 41 56 22 
6 212 77 142 80 129 65 
11 214 146 121 138 86 100 168 139 133 19 129 
3 74 133 28 
43 92 223 131 177 187 182 15 58 95 3 131 5 152 149 220 101 56 117 63 8 29 192 193 20 210 99 29 222 198 129 163 96 160 88 79 142 98 41 227 153 68 146 53 
22 28 110 196 74 14 132 111 143 53 35 172 130 131 85 89 4 184 4 29 206 208 94 
30 81 112 122 70 166 184 12 55 24 10 17 178 149 204 137 45 78 2 115 160 6 27 64 3 87 131 64 129 25 107 
24 24 17 179 100 104 177 33 190 168 166 30 180 202 101 7 60 166 224 90 124 186 64 87 13 
38 184 201 171 59 178 92 189 194 130 41 153 168 88 209 46 128 172 115 89 88 121 50 120 173 171 199 131 64 111 130 60 71 107 110 7 27 127 85 
42 97 64 175 13 197 178 7 86 23 134 12 55 144 199 79 136 52 140 126 98 83 115 143 76 100 138 63 80 166 174 186 157 6 108 227 76 193 107 47 169 182 135 
33 138 13 123 18 120 19 85 142 175 38 118 13 51 49 188 61 49 38 227 195 186 94 134 202 14 214 197 82 175 58 96 211 145 
18 222 8 32 210 120 71 203 85 71 50 125 195 210 37 30 101 181 77 
21 61 15 148 9 141 228 191 73 143 81 217 27 15 227 117 167 54 50 119 101 48 
30 101 223 56 208 141 31 79 121 133 73 207 161 225 20 139 128 60 202 65 200 11 204 155 142 112 118 146 194 163 5 
22 12 4 108 98 33 35 89 116 119 219 171 163 94 5 49 126 205 187 41 209 20 229 
17 76 37 4 99 92 164 168 41 181 142 227 81 193 171 165 131 46 
46 178 18 176 94 24 5 178 92 70 69 188 138 194 3 102 67 154 108 179 224 20 22 195 211 41 12 33 108 226 15 28 166 108 44 214 107 72 91 144 82 86 49 171 64 85 65 
32 71 51 186 200 5 37 27 176 107 157 203 182 144 105 224 111 209 13 223 197 119 132 187 179 103 164 38 230 180 130 86 151 
7 158 208 155 216 26 116 6 
17 99 186 9 71 22 93 115 215 209 132 150 175 48 159 79 59 165 
22 61 105 115 78 6 45 142 64 124 131 46 45 229 181 165 132 6 17 5 72 24 146 
42 217 141 105 31 146 216 29 143 203 144 56 29 130 1 118 75 24 107 192 189 195 90 82 148 28 4 47 191 65 143 6 30 43 131 26 87 26 101 113 54 78 12 
36 169 5 148 191 71 87 63 82 135 217 145 217 73 58 212 199 91 104 102 166 96 55 169 25 38 61 53 138 15 117 22 148 143 213 103 216 
40 48 71 144 179 97 101 55 46 158 28 46 47 230 10 84 92 61 215 54 10 183 206 29 68 127 2 84 141 34 67 61 182 107 51 224 42 70 216 25 117 
2 10 164 
4 164 140 39 34 
15 229 149 201 26 200 162 182 163 178 35 86 163 183 27 144 
4 42 84 206 176 
25 191 163 130 195 193 20 144 210 125 65 37 196 207 175 138 213 35 56 83 149 26 110 5 149 173 
12 14 42 153 219 201 31 40 35 107 45 156 13 
36 156 186 200 32 103 154 85 206 191 35 216 149 56 164 151 184 58 53 148 144 133 70 90 120 113 104 23 203 40 16 91 77 7 64 65 219 
30 38 75 124 84 160 10 192 229 222 179 64 104 9 90 204 5 207 202 178 2 17 8 84 146 68 228 196 120 191 207 
34 227 83 220 17 152 122 208 187 107 11 48 72 71 102 55 70 112 45 65 120 225 34 174 134 17 218 22 18 31 167 181 172 13 9 
15 8 74 95 183 194 74 138 204 41 8 49 91 135 38 62 
3 81 122 28 
17 143 25 128 92 23 8 133 7 192 153 14 158 99 67 59 164 221 
2 184 108 
2 154 84 
45 110 92 78 73 190 90 159 108 209 201 122 90 183 222 115 1 128 39 53 5 6 203 40 67 109 220 27 73 82 70 155 197 213 218 4 140 144 158 221 8 54 122 177 44 69 
15 54 179 192 143 182 66 112 119 117 161 226 181 33 29 11 
34 159 182 198 135 171 14 127 206 170 119 129 20 166 143 3 102 96 126 18 46 34 64 51 223 136 23 67 133 67 224 83 124 85 159 
24 95 141 192 218 156 82 197 210 65 93 132 8 164 211 11 39 45 114 156 85 111 202 15 149 
8 198 129 62 34 59 90 226 114 
10 206 163 52 65 225 111 222 213 67 10 
23 59 94 184 124 36 186 38 18 84 1 31 64 126 112 82 93 29 199 118 122 41 188 154 
28 74 136 17 105 12 217 99 81 24 68 115 79 174 191 46 229 182 128 18 217 217 106 26 228 164 177 100 103 
31 103 164 162 131 87 37 19 182 2 189 50 138 3 31 209 194 178 221 2 154 80 179 101 120 192 68 43 139 111 227 87 
9 190 22 45 18 127 3 211 140 100 
42 186 64 137 203 13 133 193 118 125 203 155 185 171 227 6 187 195 230 43 64 3 156 225 76 5 194 125 124 121 103 120 122 173 198 176 115 123 172 192 77 223 66 
14 38 199 105 90 82 154 169 75 191 123 83 176 90 113 
17 128 76 105 98 185 104 79 167 176 143 189 5 155 31 149 119 130 
31 31 229 39 31 104 55 62 146 200 23 26 37 141 170 108 17 143 191 91 94 97 201 183 218 130 77 91 65 203 156 190 
18 162 179 31 138 178 27 157 78 208 172 104 174 133 102 198 183 132 6 
34 114 26 172 136 14 37 119 223 97 103 202 102 200 175 103 66 34 141 19 228 50 187 130 176 17 120 199 124 156 201 177 98 201 166 
34 23 139 34 167 165 63 192 115 30 11 146 136 160 76 14 213 77 172 15 150 220 205 46 200 6 132 181 43 173 104 87 25 146 185 
-433031 37827 137242 523892 224133 402928 492667 -830349 463433 38560 314354 505867 -615374 -21133 782434 -803046 504698 -871822 510086 -410034 922077 -924358 956139 509748 -422591 341706 -211428 -672106 92742 -876998 288736 -929645 -983675 -472972 193222 -454366 -762883 -595127 732686 378477 385051 257439 -756433 840302 -571745 353359 547960 -837439 5661 -185500 -19767 -23389 -733039 406777 -851683 583839 264460 -544483 -119096 -581419 402470 564451 50048 -396557 -958783 910397 -67449 919178 582926 -919829 -660512 -327552 -635655 -218461 -511274 -788307 953542 473047 -966713 -414264 -896986 -833011 -723014 -720695 -509998 311665 806723 -127052 -19305 644641 -72229 432813 398362 -995481 355313 719977 582578 -916954 151182 -584385 284217 679044 -556049 695193 145252 -756559 -449517 325210 977241 389070 946352 393598 -720492 782986 -458492 -219723 -266876 225329 -428720 -377458 -538326 533278 -930054 -706674 924956 -901729 388748 -302200 -46976 279008 -564126 -239314 955764 -634011 66063 618263 231094 -482315 688875 -99312 -501994 941292 173596 -790799 -807030 -758272 -713353 98585 -621138 47263 -835795 580843 523163 665430 362486 163473 -701138 194617 414773 -336496 384971 -446200 517046 -465608 521920 -93430 628179 859340 -344798 -956327 -529910 643297 -208694 180850 -252798 -299048 810810 140558 429704 31800 762317 662295 -355455 91619 516449 182726 -634717 450648 495693 463962 135030 -137837 223803 656798 -503203 394854 -12756 -243232 -108425 -892598 565968 921892 571206 -372193 -13132 656127 -770633 -508094 597676 -360409 -676884 133446 -668440 487344 -267570 480542 -808240 822341 -640662 -425168 -266245 -584373 -120524 -772809 410453 483112 -927223 148016 -982622 -124679 
