71 97
1 2
1 6
1 8
1 51
1 24
1 40
1 38
2 3
2 4
2 9
2 17
2 39
4 5
4 11
4 19
4 25
4 55
5 7
5 14
5 21
5 32
5 55
6 12
6 23
6 45
7 15
7 32
7 71
7 39
7 22
8 24
9 10
9 36
9 65
11 13
11 40
12 31
12 34
12 46
12 34
13 16
13 20
13 61
14 18
14 66
14 56
15 26
15 29
15 42
16 55
18 22
18 28
18 53
19 41
20 53
21 37
21 70
21 45
22 26
23 27
24 49
25 58
26 44
26 59
27 30
27 56
28 33
28 35
28 37
29 40
29 44
30 43
30 38
31 48
34 47
35 36
36 63
37 38
38 53
40 50
41 68
43 49
43 60
44 63
44 64
44 67
44 66
46 61
47 52
47 54
47 56
51 57
51 62
52 65
53 69
54 56
61 65
