60 100
1 2
1 3
1 5
1 24
2 4
2 6
2 10
2 9
2 16
2 42
2 53
3 15
3 18
3 22
3 54
4 7
4 8
4 13
4 35
5 20
5 56
5 57
5 39
5 40
6 17
6 50
7 9
7 11
7 42
8 12
8 23
8 31
9 14
9 51
9 59
9 45
10 33
10 44
11 21
11 36
11 45
11 41
11 35
11 13
12 13
12 34
12 60
12 46
13 34
13 48
14 16
14 38
14 25
14 53
16 19
17 19
17 26
17 40
17 47
17 27
18 29
19 46
20 37
20 53
21 30
22 25
22 35
22 55
23 27
23 31
23 32
24 39
24 43
25 32
25 54
25 32
27 28
29 35
30 35
31 48
32 41
32 58
33 54
33 48
34 38
35 53
35 59
36 58
36 42
38 49
40 43
40 47
42 48
42 55
47 53
47 48
48 55
50 52
50 59
53 60
