88 91
1 2
1 4
1 14
1 27
2 3
2 16
2 52
2 84
3 6
3 10
3 12
3 19
3 23
3 71
4 5
4 7
4 17
4 32
4 33
5 11
5 15
5 22
5 67
6 8
6 9
6 13
7 38
7 45
7 51
8 66
9 80
10 48
11 18
11 25
13 20
13 30
13 44
14 21
14 31
14 76
15 76
16 26
16 28
16 46
16 49
16 41
17 29
17 40
17 41
17 88
18 54
20 36
20 39
21 62
21 77
22 24
24 35
24 57
25 34
25 59
26 37
26 47
26 50
26 72
32 64
32 73
33 44
35 43
35 58
35 79
36 55
36 70
37 56
39 42
39 61
39 63
41 53
42 85
46 74
49 82
50 65
50 68
55 69
59 60
59 72
61 81
66 87
67 78
68 75
81 83
81 86
