100 100
1 2
1 4
1 7
1 8
1 12
1 18
2 3
2 5
2 6
2 11
2 35
2 47
3 17
3 22
3 23
3 30
4 14
4 21
4 40
5 9
5 16
5 25
5 26
6 36
7 10
7 15
7 39
7 67
8 13
8 32
8 43
9 45
9 64
9 79
10 55
10 72
12 38
12 71
14 94
15 20
15 51
16 31
17 24
18 19
18 34
19 52
19 76
21 28
21 89
22 78
23 27
23 46
23 58
24 77
25 29
25 48
26 42
26 85
27 57
27 81
28 83
30 41
31 33
31 37
31 90
33 66
34 97
37 50
37 60
38 75
40 44
40 56
41 98
42 49
43 87
46 54
47 68
48 63
49 53
50 59
50 69
52 73
52 81
53 62
54 61
55 91
56 100
58 86
60 65
65 82
68 70
68 93
70 80
73 74
76 95
77 88
80 84
83 92
85 96
85 99
