6
59 21
876 159 453 276 170 870 505 322 383 877 531 339 990 706 397 194 185 326 565 59 244
515 298 989 367 40 217 470 637 790 618 669 878 644 245 935 39 850 326 490 840 234
349 270 352 826 117 186 585 841 536 999 521 55 898 524 178 88 454 492 991 421 754
456 767 162 805 911 239 772 483 808 900 126 35 440 497 137 444 331 202 547 712 564
744 548 720 98 244 362 849 642 369 442 667 253 9 483 709 705 649 41 303 799 649
462 684 537 364 789 132 30 468 221 777 50 668 861 867 704 931 622 341 229 474 930
378 13 949 776 13 152 460 322 581 631 172 306 292 40 144 333 970 445 227 512 297
821 497 711 417 917 393 589 771 922 192 216 360 84 560 918 150 78 983 850 271 657
472 407 586 971 80 565 81 189 968 942 874 791 490 439 376 315 432 137 147 706 672
96 857 52 492 569 216 257 545 5 433 549 300 676 48 710 815 162 643 462 964 703
751 744 559 866 7 363 229 820 662 123 568 185 529 377 6 139 53 722 112 801 445
103 168 182 302 344 410 746 396 877 172 51 36 497 784 458 939 46 661 649 274 676
439 783 650 48 12 148 660 444 536 706 766 420 914 703 658 598 104 41 222 174 243
907 851 593 86 364 255 281 113 954 938 864 297 998 469 623 239 121 873 822 886 557
279 285 798 594 416 859 499 403 123 624 595 880 700 696 731 99 813 657 287 139 427
127 548 356 637 258 263 748 540 581 81 390 738 597 756 266 736 547 56 348 426 129
875 687 245 620 499 789 12 514 450 746 234 382 928 281 815 654 217 1 565 72 336
398 567 654 473 532 940 134 427 144 890 205 692 551 227 70 961 13 341 552 361 954
223 986 529 969 77 543 142 862 179 260 538 81 255 746 729 943 333 981 538 686 216
461 784 331 802 366 525 539 662 908 538 439 985 263 856 975 656 7 98 388 589 729
616 953 160 144 350 882 989 232 323 795 273 194 824 616 202 700 679 755 277 169 599
450 262 986 235 112 255 167 310 965 425 111 46 497 918 694 761 664 474 167 668 274
473 52 803 714 826 556 550 703 256 549 509 983 815 734 696 580 818 780 614 956 991
625 294 574 286 440 289 854 655 843 409 751 295 65 773 912 494 588 403 518 250 928
901 620 957 404 97 622 230 67 331 956 888 695 289 310 20 594 416 298 114 947 59
885 96 739 532 950 819 387 124 882 355 244 649 306 188 354 760 303 801 186 638 598
428 729 911 794 637 520 871 86 169 426 444 66 71 732 578 37 608 263 544 472 119
85 630 167 82 499 201 898 926 49 768 458 285 318 177 236 77 207 896 744 402 769
949 67 817 898 660 793 342 761 807 844 217 689 585 656 366 339 856 105 392 305 563
9 677 435 122 283 838 170 209 471 628 128 577 529 522 925 148 858 886 698 100 279
421 544 604 817 704 940 988 133 202 190 949 243 250 388 120 745 589 338 676 413 737
644 807 108 117 563 520 500 4 831 344 770 294 58 132 892 893 652 918 996 874 97
765 924 625 10 44 268 773 746 568 894 317 675 582 360 771 978 988 606 968 173 321
700 373 514 472 569 125 791 831 625 965 456 43 565 849 950 592 578 618 410 588 357
75 239 312 194 984 540 520 457 967 211 299 218 923 944 315 80 603 249 169 571 957
372 776 116 799 858 685 927 815 775 547 883 868 55 85 310 281 71 427 177 382 511
559 35 905 495 342 407 33 602 652 448 259 977 841 57 437 289 147 499 734 715 684
403 630 689 275 555 368 97 984 759 973 328 106 955 674 661 612 255 745 573 613 389
675 366 789 874 63 830 610 198 993 735 52 637 313 4 742 514 339 220 537 710 832
445 948 797 642 706 717 22 145 871 182 732 541 884 29 745 581 850 414 770 79 506
523 169 39 468 433 655 659 278 102 632 668 487 589 681 180 596 66 690 585 327 660
947 754 227 456 698 746 475 722 39 672 51 706 898 738 1000 479 514 178 349 263 704
222 833 257 621 248 956 541 443 806 380 39 858 872 235 418 934 647 133 977 332 24
959 573 55 980 671 551 800 33 899 149 114 292 489 555 384 165 354 808 771 874 778
70 65 716 60 117 712 220 732 350 279 401 758 752 587 337 513 82 954 729 313 483
232 8 723 813 389 207 780 563 647 210 321 97 191 182 728 66 246 702 490 726 195
556 28 345 626 488 433 214 361 644 578 868 179 398 645 41 465 502 780 34 976 522
468 458 104 876 547 73 919 39 815 250 854 483 176 869 370 553 301 74 640 800 734
19 699 178 848 452 378 99 267 359 303 161 437 572 936 258 627 362 415 456 531 429
74 570 574 674 344 498 303 825 380 569 91 71 762 430 241 710 677 956 885 553 358
261 473 50 148 374 808 394 231 47 864 954 119 683 667 637 676 901 663 755 40 903
786 90 562 124 409 380 49 204 845 400 587 472 852 493 108 613 872 516 54 173 705
294 398 709 399 239 698 180 548 537 774 582 324 0 413 274 724 115 534 76 227 107
933 443 14 600 804 948 24 750 652 511 959 579 756 249 74 19 668 325 215 140 759
496 531 357 966 970 37 162 950 302 90 52 698 708 503 293 24 377 544 917 545 167
186 198 266 33 229 698 819 176 344 91 72 588 858 527 272 892 233 170 33 992 269
192 918 875 242 136 319 303 772 506 88 142 436 56 429 771 960 38 862 505 74 445
227 203 238 339 597 565 679 46 472 779 642 391 842 984 485 696 47 129 991 878 752
79 593 94 896 47 716 492 861 826 974 634 714 909 197 917 953 125 868 986 63 943
97 92
840 536 831 948 27 162 942 493 568 776 308 130 11 185 933 795 552 953 738 807 100 349 11 54 826 658 42 734 752 883 831 367 413 789 165 122 39 78 825 833 475 517 365 297 11 616 492 793 743 915 122 578 970 129 175 978 324 749 706 132 416 553 365 269 518 572 206 78 549 614 460 725 383 812 626 834 609 992 734 605 418 685 190 605 329 521 547 134 965 632 632 520
193 761 726 565 871 73 302 374 708 454 957 740 703 930 117 664 857 605 335 341 897 982 119 778 993 883 317 707 14 60 363 390 419 803 99 248 663 311 101 911 203 209 369 212 502 939 825 847 165 117 537 308 292 734 166 420 741 656 46 244 618 609 163 972 135 574 286 791 964 47 163 158 103 375 98 85 614 625 851 188 789 280 884 426 357 13 520 48 253 542 266 818
302 909 331 1000 93 741 358 311 68 521 871 908 787 318 686 716 587 577 438 149 91 59 862 597 894 503 967 496 309 281 194 182 501 902 393 752 627 731 701 451 524 767 794 53 154 109 906 48 798 40 903 951 192 468 112 255 886 480 905 544 859 363 690 717 12 725 709 509 142 759 323 167 539 590 479 925 586 486 493 102 367 319 283 745 576 725 42 290 515 181 377 294
782 619 644 653 402 599 934 686 709 146 766 382 143 360 722 705 884 559 568 62 536 308 860 442 56 938 593 862 26 626 462 708 309 316 926 727 629 123 45 390 630 261 850 519 702 46 190 311 502 430 495 985 567 611 3 239 408 149 171 30 355 977 802 816 937 949 246 469 268 525 847 34 628 498 342 740 435 115 623 135 626 786 761 813 838 845 526 851 468 496 577 130
861 755 306 603 47 806 17 986 319 983 568 125 373 44 380 4 419 381 978 729 400 200 30 855 577 404 735 65 358 539 337 473 870 162 668 247 704 969 310 761 551 236 935 51 887 989 760 441 277 841 800 112 855 280 151 69 303 40 220 129 449 143 778 418 243 696 582 792 954 600 595 540 915 419 233 196 871 672 66 439 639 899 994 74 712 62 34 701 492 159 8 786
666 692 475 957 364 315 224 137 865 402 776 641 847 300 88 26 12 58 943 696 211 698 246 771 186 814 978 375 976 414 270 929 318 393 38 603 922 476 365 359 95 953 157 618 677 852 796 684 276 576 439 989 938 353 743 48 642 918 256 55 631 826 949 424 270 783 460 152 85 230 206 815 950 886 590 869 5 144 715 130 117 907 747 569 453 357 544 893 774 582 260 225
568 992 649 250 160 565 732 539 680 29 111 422 250 855 922 725 608 227 255 238 683 546 326 546 703 510 84 469 130 498 773 335 529 405 582 93 974 134 899 85 703 145 89 587 803 662 661 441 895 902 565 201 952 777 930 200 889 843 649 692 752 347 38 435 534 910 67 891 11 265 21 531 196 47 459 987 541 298 399 464 692 209 147 584 189 304 877 337 619 447 732 615
862 813 779 844 302 628 218 752 16 701 534 464 771 552 597 386 837 646 939 383 723 935 937 569 81 956 882 460 819 927 107 199 749 123 261 787 975 313 48 30 523 682 94 825 62 619 464 523 42 946 655 932 961 847 165 331 791 720 600 835 164 430 74 467 176 839 202 387 920 816 733 727 72 980 929 400 511 507 693 938 376 582 168 390 196 34 502 472 236 881 449 25
966 68 280 524 480 647 139 849 83 425 157 708 35 961 557 272 851 236 346 84 347 325 165 391 36 104 44 13 59 719 736 15 315 310 156 541 560 168 47 333 547 464 387 472 117 507 522 723 442 480 96 995 661 904 466 4 845 331 570 333 27 151 52 893 68 764 162 755 676 593 811 934 725 835 339 409 739 841 6 471 266 9 712 55 742 474 592 601 832 933 937 773
925 313 866 528 755 344 557 185 46 473 305 680 839 189 588 193 469 624 101 693 179 55 784 951 342 871 86 223 686 734 271 905 662 239 369 742 987 670 664 195 254 106 522 40 676 934 454 342 621 326 805 428 871 232 864 153 997 848 415 29 48 476 937 356 35 234 850 523 242 666 920 585 139 147 760 486 769 405 217 785 400 449 693 593 594 199 744 914 998 635 736 337
792 388 288 795 619 412 495 531 445 273 212 120 184 864 510 961 994 360 66 240 158 532 217 296 633 495 268 675 114 453 909 389 74 209 836 258 501 463 417 2 668 206 778 140 46 397 627 876 429 966 116 724 73 138 185 431 790 975 113 23 457 264 826 344 658 341 941 960 424 214 853 457 553 893 428 828 518 522 983 349 909 595 361 643 102 316 452 716 44 35 98 510
296 324 631 391 615 991 67 236 230 491 75 432 618 767 162 887 92 746 641 35 222 708 73 756 542 452 988 152 757 513 455 213 6 920 219 591 268 471 623 980 816 888 492 201 310 667 610 188 386 358 465 287 679 373 68 477 599 57 390 355 947 145 302 27 571 532 895 125 173 149 710 569 717 461 826 197 407 445 135 944 665 346 732 244 25 784 518 875 12 519 967 535
179 189 940 387 420 802 799 281 519 855 913 677 131 198 27 557 406 18 148 565 956 107 635 341 419 585 871 450 699 57 442 332 605 485 171 496 557 925 207 203 555 543 630 385 969 125 815 394 969 567 372 335 553 846 63 230 707 787 837 867 763 423 533 123 398 54 354 825 594 180 25 545 185 294 127 562 448 840 930 503 607 282 284 666 78 432 123 926 912 860 101 42
22 368 577 348 974 535 371 630 83 739 838 270 596 378 956 461 765 801 353 252 718 476 29 778 690 5 474 290 647 762 315 198 877 316 472 436 790 402 836 647 826 618 344 461 876 152 104 606 391 661 524 575 162 378 682 235 144 10 275 359 707 488 409 120 883 864 20 135 509 768 667 496 722 744 821 275 613 853 318 641 286 493 628 53 107 916 958 564 626 83 58 424
227 756 14 39 712 847 926 490 222 607 546 622 476 829 387 262 886 881 153 621 103 40 963 127 555 648 548 919 361 107 238 751 527 803 441 940 382 703 968 148 176 556 481 516 508 104 84 574 816 650 391 986 738 561 877 657 968 163 513 946 844 780 75 518 911 790 375 755 859 595 697 5 674 970 877 189 518 529 380 771 470 587 502 969 483 713 859 197 156 48 176 910
788 393 946 344 82 167 485 724 107 573 659 135 896 190 708 97 97 218 855 30 411 177 326 165 590 625 868 729 79 531 373 202 932 785 924 362 637 378 239 837 683 303 944 632 721 133 343 941 448 69 998 813 704 320 60 946 567 556 206 976 283 65 156 802 77 492 169 214 91 591 70 114 835 680 92 468 553 145 624 34 360 212 849 89 399 676 527 497 886 532 190 949
59 308 88 193 455 920 630 871 578 121 865 233 663 447 554 606 329 925 623 385 592 369 151 904 521 731 343 183 792 441 519 240 986 188 52 371 185 435 121 509 605 76 631 278 458 636 24 833 236 6 186 486 250 86 619 596 451 658 679 913 553 509 760 118 330 439 694 447 46 267 573 770 417 423 55 38 381 629 572 12 114 250 942 587 756 537 465 523 471 726 851 273
74 640 824 585 579 939 276 950 287 576 601 941 252 289 858 653 869 690 775 232 290 310 888 93 424 657 465 165 180 178 263 653 782 611 897 256 557 975 6 636 52 772 311 297 430 939 965 974 541 619 58 227 253 590 270 456 519 730 319 873 551 385 876 75 74 637 30 976 665 967 722 175 868 64 383 846 374 189 915 753 427 109 951 549 286 671 548 187 394 310 666 424
344 797 137 556 857 332 521 640 111 244 693 414 2 614 685 110 964 167 96 776 39 123 828 574 772 345 6 677 203 624 699 289 112 211 527 639 970 196 64 249 253 496 634 485 486 63 848 500 847 167 759 14 341 330 43 861 509 131 938 190 440 952 569 827 747 686 715 171 944 122 98 920 276 932 911 280 106 233 15 640 382 945 587 21 979 732 446 400 998 140 931 662
81 349 845 981 910 153 7 801 94 567 513 143 771 591 96 60 784 5 528 197 530 390 296 987 532 352 113 993 466 159 374 894 549 899 960 589 722 757 394 446 760 822 451 664 133 14 882 370 478 490 551 803 551 439 271 375 753 364 382 320 157 228 302 17 25 474 629 902 319 684 782 39 303 356 395 348 841 993 288 141 710 772 712 480 363 928 529 373 626 218 55 80
603 451 950 974 449 760 578 38 811 862 197 625 687 11 142 525 125 274 914 497 649 687 284 195 222 61 303 499 938 379 798 704 779 682 416 528 820 280 85 127 921 276 584 818 0 504 896 253 63 888 359 416 326 296 549 86 786 393 108 652 581 757 831 118 330 943 28 339 563 377 268 924 778 916 57 707 918 636 803 335 580 296 716 72 800 295 19 126 771 911 595 121
780 168 324 982 528 547 17 735 173 393 583 541 867 473 304 56 743 371 115 872 414 162 991 311 342 429 725 660 632 130 338 659 592 971 863 603 925 925 462 633 43 423 328 48 148 175 272 640 800 309 857 327 383 142 650 650 412 882 231 278 782 245 250 659 815 718 742 897 499 747 479 607 361 189 817 367 807 396 481 716 451 228 555 475 620 738 744 895 28 951 30 27
515 273 749 707 188 914 693 395 937 658 575 976 910 687 508 659 970 436 406 447 342 552 872 293 182 172 107 29 312 199 528 40 919 38 539 664 38 556 606 191 193 293 946 436 931 919 445 975 998 246 868 273 923 471 852 286 813 351 891 34 288 798 337 189 12 488 379 92 594 834 700 619 970 899 417 981 877 326 134 979 320 23 528 937 484 610 597 978 71 969 56 340
164 95 127 584 887 295 945 900 419 548 901 394 212 171 164 810 323 602 616 852 102 547 667 164 553 173 216 576 831 931 750 398 402 8 406 859 528 703 770 963 884 51 66 982 979 970 182 72 758 629 722 394 522 672 187 433 827 375 759 92 864 935 4 197 242 806 707 951 128 725 826 712 439 840 735 754 331 759 13 307 247 8 758 940 992 573 402 619 57 410 718 693
213 142 609 236 826 562 227 367 216 317 512 24 892 57 704 708 261 489 796 544 147 807 545 590 252 901 484 414 278 939 453 739 216 683 446 306 210 163 341 708 286 22 738 35 242 839 993 889 119 375 26 53 256 274 518 567 237 686 277 268 394 687 735 228 723 895 765 330 272 486 779 646 373 29 456 189 368 114 863 914 504 617 709 726 480 613 303 836 25 807 454 834
502 412 907 319 259 367 340 930 393 150 622 600 707 88 76 440 996 750 609 220 217 284 239 276 164 5 544 875 209 392 982 624 298 799 238 670 35 90 839 142 777 768 625 992 144 310 716 851 197 394 742 282 286 950 44 4 30 212 232 771 735 713 201 333 886 621 514 705 774 921 812 993 135 58 642 744 105 789 404 441 50 119 763 783 192 146 193 537 313 715 960 373
955 211 334 412 241 995 713 753 241 727 87 172 414 880 657 896 223 402 652 212 88 428 879 596 849 832 873 418 123 308 467 303 321 24 373 622 554 68 76 448 773 4 908 142 687 415 687 563 267 347 973 690 353 999 84 937 648 921 568 913 238 545 247 880 71 424 62 581 325 366 785 814 708 764 840 962 69 439 977 712 773 365 427 648 780 946 978 209 265 176 282 226
510 844 670 738 839 18 410 926 82 783 493 366 233 603 205 661 357 242 556 25 679 332 508 485 345 693 285 132 61 326 945 905 583 796 401 753 909 277 896 917 68 610 429 573 216 645 196 808 26 15 133 930 470 625 443 4 23 668 905 435 790 129 939 842 823 117 378 269 721 272 394 670 427 78 440 833 714 465 729 475 898 391 983 575 681 775 635 561 548 500 744 875
965 457 965 818 733 988 465 416 194 339 31 706 634 589 941 702 388 893 762 32 841 763 17 520 33 566 26 720 614 99 403 4 630 363 508 782 483 296 589 711 32 342 323 414 5 981 372 627 371 148 428 375 322 984 166 916 894 844 608 565 497 901 748 733 916 86 20 847 176 238 748 236 267 996 207 788 899 965 693 20 222 426 666 142 198 775 64 951 382 746 619 512
731 132 644 538 161 357 476 905 773 70 22 256 878 518 233 949 341 775 912 727 691 85 92 676 351 461 102 290 164 1000 420 520 943 85 756 829 879 443 630 91 410 869 303 286 647 914 548 382 121 398 941 155 395 580 204 492 812 595 201 477 700 905 490 863 933 305 136 833 390 830 386 495 175 473 587 796 201 857 513 584 903 540 256 184 829 291 836 384 156 994 816 350
277 350 873 541 912 902 469 882 46 619 310 960 932 276 175 296 151 303 395 832 793 257 585 84 217 990 695 984 990 174 732 943 218 108 883 488 916 247 692 741 342 946 798 195 352 43 425 501 839 234 994 647 33 830 279 685 42 103 18 498 116 188 807 329 72 662 905 758 486 645 816 948 833 447 248 96 11 421 39 206 896 956 551 720 253 994 305 99 167 448 595 738
520 586 662 585 66 429 82 759 387 748 255 139 22 403 300 143 257 502 290 274 557 185 491 528 159 459 469 23 910 333 35 793 139 627 411 778 276 388 496 985 707 773 451 997 768 936 418 529 701 307 505 966 75 279 536 490 65 641 312 955 629 579 823 176 466 759 672 339 600 965 714 611 192 404 39 528 172 477 116 278 142 886 487 463 544 269 766 788 24 803 368 171
682 218 751 978 771 455 779 610 94 785 461 1000 628 665 532 425 141 991 67 442 330 201 731 238 881 576 604 614 932 608 704 105 209 131 691 839 346 808 577 729 681 658 208 15 804 460 712 807 271 884 850 168 441 52 270 339 818 926 524 492 640 229 56 330 204 952 360 909 282 864 90 500 475 532 160 580 456 392 978 216 876 511 202 727 556 288 671 443 800 846 993 871
226 925 305 648 262 909 261 852 38 53 487 421 849 901 351 454 660 818 650 864 991 745 742 199 794 891 25 821 77 165 222 764 286 615 948 724 850 133 707 815 349 392 712 277 879 847 858 393 729 596 38 186 513 642 243 994 64 265 149 123 843 260 354 616 358 198 726 350 701 468 428 320 701 218 861 844 359 800 229 69 461 680 633 279 268 967 457 321 499 80 428 259
152 793 756 309 51 739 651 325 1000 506 730 909 809 297 803 785 854 767 185 519 191 948 635 71 475 280 11 831 922 179 131 457 997 3 655 580 180 85 851 660 42 395 970 654 643 619 779 976 742 240 812 648 537 75 890 570 521 83 367 577 645 946 5 90 795 107 496 718 296 843 241 180 189 718 32 880 128 827 734 275 93 275 855 748 766 809 339 269 313 908 14 746
506 761 654 194 210 363 584 234 896 142 936 837 564 427 635 980 738 675 696 416 965 157 664 710 250 675 238 652 805 392 497 921 360 126 752 382 288 862 615 220 890 902 909 684 127 565 900 623 145 354 861 861 184 782 226 66 410 432 711 960 488 458 616 478 837 748 717 154 914 387 29 205 83 349 149 94 956 368 247 23 570 680 722 263 277 822 432 336 545 267 773 418
891 133 757 176 37 758 340 27 296 789 972 449 168 263 282 151 34 178 443 388 785 231 230 7 690 712 685 149 802 27 564 883 3 811 706 660 452 653 241 561 240 366 520 920 939 169 656 789 417 537 401 62 512 571 740 338 117 536 666 147 121 863 765 442 416 724 882 78 429 773 723 737 493 531 545 595 442 430 804 316 265 177 775 594 546 554 95 753 636 867 697 386
862 595 979 104 961 411 340 623 958 666 420 777 953 37 727 438 357 639 295 812 362 849 488 982 31 812 136 367 833 615 666 692 889 85 623 186 93 362 533 648 699 38 437 355 902 970 818 815 389 943 976 560 415 46 430 384 220 72 930 678 953 78 427 959 381 80 279 6 330 698 153 163 382 131 971 674 359 433 792 148 823 264 663 840 582 547 588 757 997 161 667 801
903 207 86 211 387 412 174 101 128 683 652 601 918 206 36 131 714 750 533 180 802 972 656 189 538 23 182 806 969 365 749 233 867 391 825 253 892 923 771 644 980 779 483 492 961 96 381 653 770 523 293 125 767 771 64 72 892 913 722 246 96 455 519 563 468 612 271 31 348 993 518 531 135 827 159 311 553 479 360 454 485 239 653 728 156 576 93 898 167 826 875 361
372 91 527 933 649 725 661 562 318 1 643 361 962 141 195 518 924 845 396 478 123 699 142 408 740 843 833 115 966 725 581 709 425 670 176 894 329 124 245 152 283 305 565 694 407 292 436 371 492 455 862 220 922 353 81 571 866 527 123 861 929 681 105 198 669 565 335 900 453 43 161 225 947 526 651 617 765 395 375 517 210 395 694 856 533 647 828 969 848 572 169 601
788 853 263 905 114 111 490 443 46 689 969 542 589 865 874 49 644 164 794 338 21 709 526 698 668 450 870 300 547 986 831 414 83 269 559 753 781 164 453 598 123 350 704 517 500 501 709 30 380 914 154 486 396 365 951 154 469 983 252 764 199 672 486 835 918 590 742 702 989 133 668 64 289 791 349 43 908 949 359 319 769 316 816 237 991 492 379 158 428 796 177 165
929 560 902 477 744 484 322 434 937 121 17 807 604 19 931 323 846 552 978 667 185 635 972 914 954 247 416 768 404 458 428 501 505 268 349 429 767 144 605 72 65 872 494 591 397 577 934 702 385 110 394 563 347 944 518 558 690 483 436 208 28 561 409 379 540 706 814 820 84 505 768 152 587 643 363 613 495 144 226 552 232 979 319 997 260 734 253 323 287 553 471 746
699 929 846 567 581 246 137 231 397 484 594 840 909 287 814 353 906 564 722 94 312 667 539 989 632 114 204 573 916 503 568 146 307 134 555 447 248 630 969 322 749 935 7 188 317 336 204 870 219 918 375 771 277 652 100 412 362 999 579 619 159 873 505 145 413 539 919 828 547 969 207 214 486 270 814 233 858 559 595 32 362 750 793 684 12 740 523 82 527 471 189 1000
995 314 263 721 655 830 269 610 388 547 874 259 148 269 895 386 893 210 448 69 368 69 746 790 779 428 937 416 527 762 379 779 94 92 498 575 816 366 88 406 293 439 973 94 801 742 64 346 981 808 350 405 464 602 814 211 99 581 381 707 290 68 722 36 593 333 315 115 642 433 727 79 934 607 896 699 79 443 533 146 67 690 191 774 358 524 318 896 496 995 317 880
630 426 435 216 899 82 367 368 634 0 141 919 309 122 148 451 359 59 768 870 117 647 896 230 925 889 497 700 68 811 259 696 80 644 585 785 959 607 928 424 812 899 630 657 261 700 577 673 591 722 472 528 545 986 459 511 122 57 697 70 206 586 445 720 848 63 877 82 142 938 97 433 328 978 28 511 349 111 769 162 95 527 607 18 901 819 249 189 424 418 16 376
425 779 149 758 747 395 452 379 608 107 513 415 626 497 519 170 528 990 237 745 163 643 852 216 387 981 9 405 839 656 824 476 474 884 432 702 790 927 347 157 786 840 400 688 394 357 536 595 527 450 960 835 513 520 549 448 387 865 61 214 927 657 445 148 913 417 197 934 545 237 712 488 74 463 173 347 249 329 658 172 312 333 369 551 877 271 857 818 243 17 264 611
334 933 853 602 765 207 623 815 262 22 840 932 571 339 207 868 673 865 360 936 646 92 260 254 601 345 249 269 296 982 809 393 220 721 703 902 457 53 722 827 317 266 612 749 300 717 213 127 771 53 91 109 839 29 746 450 636 978 716 102 597 874 814 174 98 383 547 7 80 253 426 210 377 783 654 205 613 194 145 619 800 446 798 782 907 49 349 74 332 984 369 667
671 667 612 539 341 579 891 939 662 760 971 710 57 382 550 855 675 950 164 987 512 126 923 190 22 924 807 183 176 204 234 905 26 764 502 69 568 360 902 680 868 752 430 45 141 89 465 86 83 756 428 218 97 765 843 952 646 33 814 613 967 256 969 505 933 437 183 885 733 77 747 173 498 66 330 185 10 597 850 986 298 493 628 568 523 748 323 983 546 67 528 328
974 184 970 945 571 295 492 94 48 256 648 800 135 19 846 989 459 161 664 4 597 810 882 848 935 621 732 122 111 654 153 295 698 942 573 503 101 976 730 885 344 107 327 728 461 802 630 130 157 530 966 370 735 779 469 690 360 449 831 280 724 982 470 894 601 946 93 637 466 853 339 231 153 660 572 714 647 272 772 47 71 127 879 318 937 58 1 160 396 925 223 39
97 651 599 648 937 338 105 716 986 272 206 148 249 647 120 852 363 466 175 90 538 733 12 654 452 229 158 341 898 815 503 295 140 428 557 347 942 915 975 939 683 525 208 756 495 0 628 558 370 440 284 241 477 676 230 679 690 896 992 112 332 230 711 70 775 406 574 62 906 336 771 253 535 691 149 714 771 668 749 679 708 383 676 702 594 931 494 760 913 571 306 126
73 153 348 832 916 536 174 212 205 739 890 289 342 305 347 277 426 6 166 553 655 195 511 760 552 898 888 875 955 65 88 220 687 627 254 864 935 318 504 670 810 479 592 497 24 342 83 454 228 325 337 212 874 556 215 765 322 631 184 344 952 497 630 357 82 988 972 345 840 841 941 745 715 229 133 154 31 201 198 655 682 500 928 435 478 483 934 479 392 867 5 499
747 36 821 708 863 114 946 460 285 190 860 81 506 353 441 450 383 175 840 211 401 860 347 622 60 492 708 466 230 802 115 926 275 426 661 276 888 773 60 794 945 671 7 510 879 321 190 878 229 650 477 934 137 138 789 626 234 286 741 944 553 788 105 471 920 866 780 749 366 288 722 627 445 770 77 8 671 849 163 358 292 680 893 53 363 519 112 224 512 970 414 345
155 737 652 386 285 213 829 226 608 1000 876 175 534 208 52 385 813 744 418 768 30 758 137 442 766 932 537 584 701 190 495 329 874 972 469 719 728 59 536 502 892 65 270 420 507 930 715 853 673 469 699 201 844 686 848 272 549 154 893 374 232 586 639 301 555 275 353 872 28 199 999 271 661 70 94 272 561 861 643 34 877 443 527 735 119 590 555 419 591 807 254 590
869 848 683 187 920 641 422 444 381 361 502 295 670 327 971 304 559 973 408 299 257 227 319 466 394 776 661 226 891 377 147 624 775 83 31 637 193 458 597 854 110 131 694 69 288 560 997 495 827 260 719 767 119 166 346 746 681 907 479 692 172 909 598 191 467 105 301 639 431 642 852 924 293 352 855 902 592 80 62 16 436 554 868 181 178 521 820 247 228 40 170 183
542 102 644 670 351 698 889 316 90 208 32 482 221 871 125 187 600 840 153 680 709 818 567 9 259 924 164 662 775 95 196 107 856 248 84 122 291 593 199 110 799 307 61 283 520 998 171 235 540 806 595 183 424 69 12 817 5 189 683 837 170 378 190 329 397 161 244 675 395 152 203 330 558 847 56 770 682 185 576 621 742 593 559 545 526 953 756 698 563 304 868 214
499 348 303 116 214 507 568 24 624 582 191 750 776 644 336 741 211 233 738 459 279 616 198 680 665 121 69 895 241 758 448 206 894 36 908 947 852 824 55 40 306 212 706 561 451 234 833 442 874 754 376 187 775 813 403 796 395 25 916 478 632 708 675 704 327 190 35 898 754 362 761 42 979 270 568 493 764 438 255 224 385 899 908 482 27 194 597 898 363 726 235 598
408 289 196 344 160 900 72 884 300 941 592 588 432 489 170 976 781 363 605 950 311 70 335 996 448 618 93 976 390 656 792 236 9 309 825 724 955 600 126 860 522 417 314 776 972 239 106 123 438 90 829 781 125 434 955 726 426 389 86 136 315 83 962 769 439 707 229 830 202 358 855 77 343 536 448 509 187 141 945 22 842 700 718 69 896 839 966 889 240 303 162 341
285 969 868 136 430 720 79 293 201 287 590 885 220 288 451 292 865 159 650 357 125 237 18 323 996 664 939 335 80 126 376 849 871 744 44 162 59 831 235 375 950 427 280 191 520 718 727 613 154 523 516 2 700 933 387 714 481 223 551 72 755 960 548 929 33 839 314 1 469 230 956 974 11 97 415 940 82 878 788 52 538 248 258 169 2 342 511 935 712 939 771 981
91 795 119 517 387 372 238 845 271 808 698 651 810 705 378 377 852 352 269 102 162 501 332 316 738 76 832 751 659 286 145 346 334 873 584 133 829 436 246 815 919 530 178 372 32 898 853 550 40 382 815 449 333 498 79 810 677 35 79 577 62 616 142 180 181 771 5 284 13 435 480 156 111 800 447 171 18 316 344 287 923 933 305 935 745 553 966 865 90 841 759 477
510 715 22 659 812 208 464 436 921 880 127 607 504 67 573 897 433 175 947 334 246 950 461 970 933 883 169 758 531 40 486 77 243 316 158 491 753 971 628 716 237 595 649 410 173 606 192 983 136 57 220 556 106 994 660 8 459 855 776 18 967 971 309 945 25 760 587 335 583 748 815 99 401 501 501 119 197 264 302 527 344 319 842 150 923 519 364 511 165 274 421 29
917 765 850 868 654 297 754 788 399 262 90 751 680 326 229 749 341 767 414 882 607 338 916 933 28 477 437 93 220 815 951 605 245 882 619 303 642 879 180 853 608 79 673 190 765 133 270 691 475 537 960 143 60 726 346 386 780 531 656 678 344 312 95 87 473 694 82 807 46 731 658 413 676 164 352 347 609 899 209 597 235 145 956 266 134 260 822 671 137 727 369 950
354 823 831 497 761 89 688 68 216 523 119 652 701 90 470 120 378 793 652 185 633 256 31 6 786 85 363 388 473 589 915 558 216 680 788 801 31 459 20 660 343 173 160 194 341 842 255 725 265 679 541 720 775 484 830 323 899 995 6 709 971 270 891 252 477 524 798 114 564 770 780 261 528 688 236 448 216 598 819 902 871 152 756 749 323 638 147 196 956 248 684 654
435 30 576 715 255 41 232 485 431 118 168 918 538 773 771 337 484 950 806 472 697 392 440 388 731 781 27 844 551 982 411 91 368 342 912 2 752 139 449 582 477 468 532 821 868 703 493 144 730 617 165 394 117 791 71 542 506 858 547 80 218 780 404 17 552 891 278 798 65 742 365 724 472 299 540 402 686 694 167 814 204 928 493 104 535 98 894 501 301 603 658 726
333 618 881 781 95 645 33 269 215 237 582 604 106 39 624 786 185 828 882 701 246 713 570 540 749 579 864 261 103 165 381 198 912 406 949 132 880 74 2 389 295 564 748 314 374 762 883 300 861 577 281 516 701 320 730 340 873 892 592 244 122 894 365 249 960 585 39 760 975 248 316 789 355 399 773 848 378 755 942 344 859 925 600 389 22 207 333 97 820 773 237 904
692 414 166 232 280 861 770 834 291 776 564 93 339 645 247 174 561 491 485 424 862 392 601 235 30 454 928 507 25 855 319 36 154 572 883 707 196 264 457 36 474 447 154 219 892 837 674 912 814 260 991 627 596 143 508 13 975 280 279 780 604 710 3 47 810 225 955 729 891 235 949 140 626 82 337 984 346 106 756 726 862 847 896 157 769 652 451 253 947 675 438 242
846 202 840 666 585 614 659 498 284 659 606 885 218 750 184 729 399 411 960 94 445 887 516 113 572 257 654 964 718 358 908 782 624 554 741 95 970 926 221 638 921 81 731 793 114 706 189 951 372 309 337 402 434 272 712 10 513 518 438 661 979 704 748 377 456 238 976 476 402 395 710 866 700 399 387 705 564 152 749 261 450 106 587 857 46 190 632 70 473 100 947 319
198 261 256 577 487 314 157 499 936 314 559 58 456 834 532 301 29 315 715 593 599 437 532 386 424 883 586 574 730 189 27 749 608 691 174 485 581 60 647 36 352 692 398 345 653 673 719 97 843 761 227 487 457 393 201 296 97 61 785 503 380 904 119 215 936 408 547 140 899 594 25 296 94 834 614 980 388 33 339 232 202 256 825 742 313 332 558 371 346 344 321 632
192 254 679 555 242 865 375 913 973 800 212 520 924 556 992 370 671 456 712 250 130 166 666 159 400 6 504 624 56 281 617 156 8 392 421 81 277 78 883 558 330 989 930 750 202 685 549 734 39 427 823 882 524 823 132 809 46 678 554 404 101 652 527 50 9 585 314 27 975 73 526 311 916 693 404 748 185 479 812 508 253 922 31 541 377 219 522 257 543 872 331 413
541 409 716 939 937 216 104 315 587 297 999 498 693 193 245 890 240 748 899 421 145 221 971 723 585 895 564 353 337 892 508 779 372 55 178 207 417 590 99 782 881 65 87 356 803 15 510 99 4 821 745 972 809 193 852 815 168 150 584 472 165 716 322 593 461 184 310 672 478 500 53 356 704 81 194 963 147 636 43 584 462 20 279 672 301 748 153 285 65 370 648 282
927 966 93 645 183 468 629 950 635 958 18 815 163 300 939 390 817 368 543 827 623 914 929 317 243 849 554 702 681 272 2 386 594 530 627 475 401 465 660 36 172 808 941 581 7 471 686 90 374 904 621 657 545 913 282 991 850 606 884 178 463 221 648 853 111 169 3 8 898 237 238 90 523 470 143 300 572 416 17 353 736 279 826 996 236 583 668 953 97 881 210 246
413 1000 828 753 819 828 596 2 338 497 785 737 974 353 955 156 680 695 184 972 845 512 569 388 58 92 725 397 596 856 863 829 816 821 749 900 64 27 999 58 378 227 444 313 644 908 207 807 21 53 348 341 363 130 46 919 845 163 674 250 510 665 203 163 449 808 202 437 633 324 351 429 14 311 487 787 267 545 428 550 126 407 698 67 396 159 254 520 380 531 151 124
762 742 724 909 207 864 389 620 957 223 517 533 949 291 704 444 953 496 188 860 448 210 605 967 323 57 288 582 601 446 618 530 978 812 425 970 458 64 773 29 827 728 523 851 4 412 955 68 796 844 355 222 839 302 882 73 894 100 871 298 42 696 774 368 798 906 983 293 537 452 556 303 294 615 723 956 69 1000 171 96 680 694 561 713 590 426 469 474 47 335 863 332
408 193 975 239 850 352 995 54 465 109 990 171 499 453 531 379 126 80 657 515 643 527 978 340 353 338 783 947 533 491 683 833 863 755 198 136 367 720 656 523 206 222 377 287 864 430 828 765 620 319 331 158 848 535 935 429 596 771 347 546 501 983 54 896 314 519 963 980 256 978 934 675 202 555 815 101 591 592 340 727 443 953 851 58 412 659 705 587 309 29 583 34
140 220 752 858 397 285 566 151 306 537 798 371 568 617 603 852 185 370 934 896 172 978 944 604 819 26 243 242 269 603 255 639 74 332 76 670 206 366 620 355 251 396 676 827 317 245 762 721 645 15 136 354 260 291 368 948 709 452 371 38 886 144 815 910 950 533 299 985 689 985 344 136 846 731 985 898 841 843 880 486 565 689 166 982 34 319 267 788 943 55 949 109
128 350 99 115 264 911 914 493 947 915 80 492 134 246 824 286 264 296 745 140 391 295 68 185 364 124 714 614 732 163 386 355 463 978 290 401 231 117 104 282 185 467 514 126 495 97 228 775 472 699 190 963 992 283 318 69 850 235 776 10 884 830 689 588 799 432 411 37 673 203 170 427 802 89 822 500 687 871 875 405 232 713 320 622 816 986 379 463 69 607 623 84
202 68 28 549 624 471 87 15 739 470 393 792 846 373 383 628 560 790 150 536 167 125 899 324 188 181 314 746 778 559 864 213 877 79 432 744 136 663 220 841 400 204 406 558 76 389 327 335 771 150 351 511 24 885 479 646 692 643 181 687 47 258 573 635 274 885 83 647 372 511 676 94 28 482 660 147 187 606 814 977 46 180 663 232 956 732 41 877 286 51 421 263
817 90 88 128 567 714 911 2 676 309 369 682 73 51 49 977 23 584 213 676 680 182 791 789 790 558 763 264 829 785 783 33 248 435 551 61 766 838 286 215 827 198 59 135 931 621 34 308 413 378 647 538 108 377 840 652 979 745 477 705 827 20 132 211 901 319 234 27 502 870 189 895 124 822 768 165 51 543 382 118 952 269 511 530 648 654 857 192 940 672 520 12
708 533 681 313 661 504 332 253 98 771 676 288 158 557 171 765 173 378 993 285 616 942 738 678 628 912 985 348 533 881 352 247 673 139 397 748 627 95 480 440 936 183 320 73 786 810 599 551 580 43 827 577 208 824 654 517 683 815 143 557 321 878 381 608 201 112 996 809 176 552 512 407 706 996 330 760 662 142 439 678 445 633 605 826 369 773 134 806 699 453 602 282
100 802 477 42 719 550 984 390 839 974 544 539 362 591 204 98 812 969 870 436 548 415 135 74 456 718 940 563 690 646 797 860 593 376 622 687 599 132 759 641 726 57 618 0 504 283 129 20 81 3 889 118 23 397 62 343 281 864 463 37 789 107 942 144 791 919 365 658 1 948 128 224 714 669 281 698 286 168 154 985 657 501 678 670 599 188 95 872 4 530 619 458
67 832 939 28 528 561 923 410 767 409 702 31 175 519 102 625 657 194 80 429 711 829 167 497 423 143 618 153 812 168 749 947 524 196 724 48 123 405 665 210 450 546 975 133 82 255 351 162 429 699 86 352 657 344 770 389 98 219 116 329 574 625 860 420 933 984 303 117 568 348 802 132 367 967 975 640 976 786 521 406 308 141 969 518 933 320 110 946 458 536 213 554
631 92 391 892 321 303 484 396 784 295 478 174 84 792 198 948 349 584 432 298 442 919 291 425 813 434 106 2 390 333 805 502 207 531 821 400 232 560 533 117 296 421 565 812 748 517 522 108 73 717 299 997 242 295 42 921 601 153 802 835 552 762 228 127 781 116 729 672 669 627 263 556 563 927 530 139 273 865 867 737 868 561 789 509 302 302 483 906 344 869 375 381
339 612 587 242 516 836 335 105 464 535 707 839 540 580 42 740 950 245 660 981 465 498 826 545 6 835 26 102 868 794 322 565 458 535 495 452 689 842 165 303 170 106 983 235 883 324 529 493 530 844 578 408 251 995 537 219 229 651 642 492 170 235 637 25 146 609 77 870 428 459 452 53 317 844 656 289 953 243 921 872 202 703 653 644 360 348 228 776 758 949 232 297
685 629 751 716 871 761 44 789 215 782 135 554 411 743 973 858 783 242 545 542 734 400 233 441 631 957 27 465 791 649 66 242 921 757 960 125 59 973 899 211 330 780 873 997 832 474 314 797 224 495 679 529 624 434 702 843 866 879 224 635 700 529 594 758 920 165 798 820 590 824 895 687 335 309 560 363 41 395 189 338 645 726 580 654 112 915 7 136 861 676 3 136
92 870 143 611 532 726 546 606 914 287 114 384 13 512 788 239 685 761 649 287 120 278 378 782 318 566 453 844 316 692 84 147 173 608 982 326 783 766 149 649 606 89 533 37 932 83 362 91 625 691 483 899 844 761 871 313 289 78 309 435 95 943 463 623 545 808 325 332 184 31 192 509 644 24 403 739 839 924 464 702 124 703 977 603 728 970 619 367 524 585 948 960
428 817 148 72 30 238 576 193 12 648 746 669 884 63 873 240 210 635 658 906 938 776 370 586 582 988 4 375 371 875 753 261 13 501 895 468 599 669 814 525 891 941 156 328 317 492 664 962 689 411 920 485 571 875 637 448 339 674 901 756 454 498 699 497 387 6 670 786 23 605 787 88 387 587 947 626 968 895 652 867 71 462 941 812 119 523 182 241 482 115 646 215
55 705 70 298 996 699 920 427 996 435 855 212 981 859 213 884 145 129 563 127 125 553 1000 515 518 822 148 34 577 230 618 939 102 266 219 842 78 586 295 186 742 28 731 806 764 383 190 356 208 521 256 832 907 986 439 443 667 831 640 14 400 244 368 364 607 852 549 228 265 529 7 376 559 116 100 649 894 546 115 174 561 765 586 438 552 700 127 682 153 252 240 584
794 26 832 414 266 762 523 978 815 857 156 289 287 553 356 548 404 443 527 500 457 720 535 814 803 497 972 349 380 302 154 427 974 515 676 94 452 616 457 555 869 419 73 356 398 872 326 7 259 685 558 421 835 497 885 981 263 123 314 508 964 225 813 917 86 994 993 189 951 430 995 523 991 426 536 201 775 130 281 582 276 138 631 119 780 548 99 176 734 48 557 621
392 519 565 383 347 592 649 905 71 543 169 288 375 93 66 185 354 143 274 348 916 852 936 638 851 510 198 646 94 230 51 395 975 871 318 75 43 873 718 556 920 843 61 323 583 38 159 144 101 474 308 323 737 255 919 709 342 154 431 729 944 777 547 315 781 588 767 180 206 705 828 481 516 442 60 163 281 20 6 296 798 72 815 460 368 674 236 140 289 644 416 570
239 957 238 180 967 862 609 520 978 998 58 518 295 779 922 692 717 604 274 506 271 989 633 128 378 769 40 461 925 28 761 196 361 431 912 902 560 126 640 207 389 120 744 895 706 177 562 644 710 740 543 874 73 992 419 50 1000 562 224 237 432 390 867 624 414 948 475 81 281 486 909 414 50 45 511 581 557 920 217 665 123 945 373 365 511 848 49 145 7 60 72 64
359 896 309 57 545 290 333 25 78 373 573 573 470 503 926 285 66 864 779 409 829 12 19 254 53 300 803 200 656 565 967 270 621 941 939 700 118 152 495 144 487 725 200 810 695 511 423 257 824 36 898 33 188 668 918 709 561 857 314 625 914 413 639 65 781 337 743 86 593 16 581 373 695 376 580 80 823 750 274 9 461 774 676 350 684 409 126 546 694 70 775 596
531 5 573 165 833 909 575 436 575 516 673 677 96 852 949 644 532 579 469 30 854 676 91 584 622 196 971 676 701 487 918 421 278 837 55 865 542 357 605 681 630 733 995 2 792 347 169 276 395 696 152 593 851 441 74 955 39 406 223 939 780 830 316 700 311 73 360 396 638 992 830 246 773 237 405 320 162 802 548 200 607 192 997 342 31 607 307 35 658 67 422 386
770 648 864 214 450 212 135 122 662 182 669 604 925 177 857 637 182 35 624 870 999 915 42 30 124 695 763 831 982 989 248 995 874 805 640 544 349 680 919 540 323 726 629 896 316 995 505 128 622 292 790 646 578 189 302 361 174 105 595 98 565 945 435 482 901 120 658 742 321 350 488 522 311 446 273 1000 390 302 858 803 440 709 252 711 192 82 639 590 794 862 267 58
902 260 647 564 632 778 735 956 406 95 321 527 893 493 118 243 434 975 550 494 48 124 425 886 960 262 684 488 207 558 844 945 77 811 832 764 526 714 520 844 11 690 500 527 14 216 176 469 193 265 254 820 592 432 238 595 196 695 904 12 538 900 692 120 763 881 399 825 925 506 933 254 147 831 387 21 867 28 644 375 353 723 342 718 922 149 870 985 528 660 809 534
953 935 614 13 598 551 725 803 872 574 639 463 962 763 121 29 278 887 399 211 824 606 468 456 178 439 254 536 325 495 208 719 514 985 249 293 712 132 179 217 844 46 684 512 516 378 45 416 462 134 729 337 264 1 44 777 306 818 463 299 624 397 551 869 754 426 630 427 688 930 158 675 912 682 643 802 298 260 595 926 760 125 698 850 69 489 11 679 789 972 181 997
120 398 228 772 553 929 34 226 585 170 751 440 866 778 733 10 905 11 461 750 281 701 274 826 793 395 470 405 831 972 475 827 831 872 780 614 477 809 863 334 239 29 279 109 557 479 295 522 957 425 46 59 940 122 695 409 150 813 818 910 195 759 233 546 917 198 218 355 551 806 269 784 599 88 759 385 817 106 12 23 608 17 732 347 686 782 69 585 414 637 316 489
597 922 481 183 687 824 417 48 586 644 429 419 976 976 25 474 386 234 683 37 16 199 136 636 127 131 178 72 43 73 531 149 970 642 873 608 746 524 241 101 167 397 297 853 760 647 616 375 492 521 695 793 981 620 536 964 939 205 960 854 244 235 810 177 719 764 118 194 171 742 289 204 198 712 861 796 581 430 520 360 864 288 437 510 21 840 355 254 252 746 540 984
716 261 674 137 725 26 88 634 911 756 634 84 66 282 344 587 997 517 534 918 362 651 152 129 472 317 913 8 539 810 588 161 486 917 995 347 500 685 958 889 846 910 302 946 500 214 283 76 824 55 814 712 384 169 49 491 84 40 614 869 538 764 907 202 454 809 42 748 486 538 827 674 82 284 497 327 448 787 166 983 920 432 197 971 887 555 892 875 932 58 971 303
100 1
318
895
901
405
663
792
38
309
169
746
138
331
936
803
243
104
466
492
594
169
71
213
671
18
180
35
306
74
613
326
26
748
901
43
860
38
320
148
312
303
475
211
381
744
787
854
113
977
875
318
818
295
3
101
166
1
165
897
202
597
262
784
557
981
386
715
194
329
371
385
663
589
376
3
348
517
872
616
662
451
611
901
949
732
775
148
266
882
744
169
823
917
234
72
197
86
738
15
983
42
11 42
335 420 105 246 92 263 617 734 946 124 977 78 738 656 862 33 679 61 711 551 405 129 95 194 822 79 346 74 266 621 431 244 172 170 384 795 750 75 252 415 795 456
898 89 802 530 951 21 900 956 304 204 614 968 781 677 829 744 766 212 706 71 667 523 584 813 323 652 441 236 805 123 757 868 173 63 407 39 26 126 54 376 18 544
228 977 370 551 395 56 943 852 269 32 850 326 285 14 827 260 811 547 299 290 119 658 497 915 375 5 763 265 428 822 203 361 960 317 800 238 614 198 47 785 747 373
171 984 624 126 819 840 456 581 445 392 904 419 3 401 61 406 219 376 5 345 142 772 144 978 668 376 283 670 347 244 819 751 251 209 694 731 21 539 210 666 358 902
47 560 156 759 858 710 582 570 538 24 837 678 161 144 917 735 246 347 206 972 587 91 191 487 698 747 91 302 258 54 825 553 468 54 645 63 293 360 709 972 43 575
628 211 319 123 632 134 554 647 529 954 279 481 465 172 443 982 300 607 56 367 769 679 673 814 879 298 445 644 340 640 264 747 377 778 413 458 754 79 881 146 88 30
911 941 286 186 184 887 188 654 973 735 139 546 593 285 845 396 763 132 124 404 643 692 729 22 914 322 742 51 195 747 517 257 252 15 880 622 284 410 586 154 176 471
226 360 723 411 815 337 427 97 274 933 157 231 397 401 643 389 805 889 502 384 936 815 741 442 426 414 984 691 510 362 604 926 276 121 889 95 289 291 571 503 219 288
708 719 471 460 157 328 734 581 800 293 701 335 743 684 756 553 699 339 869 805 758 722 62 74 144 137 264 982 436 476 385 18 938 337 310 571 312 14 569 284 295 289
583 732 776 474 389 194 31 110 826 432 875 470 291 368 833 540 516 852 340 822 740 768 386 255 407 500 412 40 830 603 389 56 521 23 147 394 145 220 864 688 1 127
808 733 622 503 168 777 77 31 8 684 159 146 817 478 197 360 388 895 599 719 969 662 511 554 493 624 568 445 422 538 712 387 906 282 629 877 613 522 596 233 254 615
7 40
589 71 890 262 149 856 927 41 46 600 740 503 408 440 441 424 86 930 419 992 424 109 285 94 714 906 998 929 241 320 44 775 260 13 266 633 247 136 405 530
146 855 43 279 185 969 401 179 957 930 638 797 340 976 682 180 599 729 95 889 569 680 227 892 58 247 54 45 306 985 690 194 855 554 154 134 710 709 445 815
857 315 990 484 907 190 58 880 777 510 270 167 860 374 665 216 470 687 238 398 557 355 111 91 264 87 526 321 101 705 274 392 587 524 779 47 289 762 273 223
844 474 80 450 105 663 96 229 897 917 511 236 616 587 810 598 789 70 493 228 775 873 98 761 150 490 526 344 684 89 988 86 634 14 410 410 688 822 480 249
411 941 893 890 296 86 67 930 351 788 78 685 952 638 841 615 613 965 56 623 419 483 851 441 937 495 513 388 95 923 1000 206 882 165 702 383 72 492 261 553
573 387 624 4 460 801 74 444 861 894 790 668 58 907 656 49 983 886 26 578 816 44 19 546 4 577 304 60 180 256 711 768 769 431 915 539 173 634 283 914
121 130 947 550 340 797 194 148 637 509 557 358 580 654 553 582 639 435 322 898 234 683 980 715 111 706 167 741 307 571 495 140 70 774 605 997 271 277 537 737
51 83
699 444 298 40 467 170 682 139 90 838 594 688 402 499 717 268 958 462 79 430 243 634 513 730 75 872 301 259 806 955 993 10 766 471 396 889 151 976 785 228 962 25 685 931 917 201 915 659 493 397 888 145 329 591 906 554 482 746 8 709 789 946 984 839 225 303 737 505 942 613 474 99 728 449 962 89 288 143 248 975 484 315 280
518 187 818 399 171 665 801 740 984 575 227 593 344 684 650 797 407 838 401 30 447 910 578 557 992 694 455 543 169 173 458 311 386 496 311 142 123 70 953 158 382 688 51 838 790 540 76 912 275 966 795 890 534 372 765 79 568 491 839 812 72 50 420 97 603 57 987 863 425 295 615 203 737 874 601 790 497 745 91 943 299 369 36
255 300 578 918 79 461 237 499 880 838 264 826 617 195 983 259 515 735 32 644 634 377 800 897 764 411 846 185 724 485 730 195 492 247 837 843 529 442 388 468 892 181 781 5 953 193 245 637 254 821 786 418 420 830 619 119 413 495 732 181 817 172 188 349 76 586 481 335 898 298 717 892 616 764 425 273 14 613 162 333 332 418 629
866 902 470 489 374 755 120 585 50 448 971 648 146 301 51 791 39 235 194 340 278 239 313 671 727 229 828 502 27 956 631 945 243 585 128 52 132 506 203 302 672 416 469 756 105 557 515 516 428 111 363 178 227 635 566 184 551 533 435 859 537 997 378 350 631 39 118 659 310 158 533 407 686 393 409 99 943 202 222 745 251 644 702
236 251 235 447 302 165 730 653 512 209 428 604 906 509 131 213 631 302 265 612 409 875 361 192 183 386 399 689 524 829 552 314 260 676 327 331 350 235 792 591 623 123 275 65 803 487 801 970 253 659 671 11 753 908 324 858 444 887 757 249 128 317 276 497 953 906 677 615 497 998 946 4 480 548 680 843 657 242 82 110 722 736 0
707 764 373 274 892 365 104 979 433 605 651 500 246 97 860 945 580 619 442 150 752 193 946 852 157 742 603 52 271 386 385 523 211 559 288 92 956 267 614 867 371 933 121 261 414 514 99 86 743 123 366 562 252 247 259 551 639 411 542 905 297 727 213 20 941 305 268 92 197 718 381 67 94 984 280 28 754 462 848 76 754 579 441
896 833 34 156 872 773 220 119 530 118 435 188 479 900 139 397 512 597 304 219 247 963 292 982 986 245 993 389 421 868 748 827 375 458 947 79 336 653 949 593 672 231 309 688 886 496 292 588 554 80 604 51 571 548 75 687 39 690 919 460 277 894 691 944 760 171 316 256 932 717 459 142 878 106 821 757 231 958 294 851 87 879 26
506 177 713 831 146 926 107 867 180 346 115 68 399 441 16 769 168 212 202 930 413 297 989 634 626 267 365 591 671 663 76 949 995 996 755 248 160 829 37 787 80 978 919 281 651 704 797 31 239 320 682 658 864 586 790 631 611 138 788 826 842 642 106 269 659 855 72 628 432 545 807 183 585 17 713 23 120 705 772 275 254 875 398
903 93 225 357 749 293 198 694 824 552 810 166 7 543 905 166 356 505 873 644 482 614 778 583 971 369 617 726 905 740 753 244 85 951 772 464 679 769 456 759 677 997 827 257 232 592 453 392 557 787 662 777 429 459 1 962 184 716 348 772 212 600 708 984 357 88 382 215 855 881 419 192 426 2 192 662 799 585 414 480 743 533 292
936 822 200 109 654 268 954 328 807 320 179 718 207 49 393 267 641 422 639 547 454 457 694 650 660 299 618 92 937 350 274 653 56 275 150 153 721 599 573 550 576 707 109 581 55 309 838 206 57 102 238 39 954 66 340 329 329 983 652 454 867 851 589 934 906 345 892 720 986 159 377 903 794 747 291 791 593 783 568 22 607 878 998
4 838 434 454 931 494 190 435 942 285 297 765 934 462 919 926 917 95 802 246 279 84 64 501 770 304 266 798 750 916 871 671 204 128 91 985 550 336 879 820 837 381 761 458 785 292 799 103 526 270 370 522 518 815 369 426 125 171 804 684 304 619 156 148 631 35 229 310 655 369 920 807 708 880 452 10 563 798 972 229 825 279 544
728 48 61 416 16 425 656 178 904 348 598 252 217 814 645 725 272 845 756 678 53 689 96 715 62 89 112 604 295 983 610 193 666 260 520 156 361 482 439 280 142 591 837 12 707 411 557 898 28 560 36 329 699 578 349 350 905 240 332 487 541 303 32 688 2 179 576 254 347 766 313 909 959 846 941 841 147 81 208 851 461 295 323
257 544 773 140 458 530 592 856 110 453 128 598 144 572 111 539 691 247 270 867 294 489 207 8 784 41 334 914 191 608 476 476 589 120 950 716 725 441 372 596 763 423 120 90 100 443 741 228 741 876 256 630 260 360 881 916 793 752 916 755 896 717 867 448 467 249 496 719 223 55 331 696 935 146 305 105 231 412 270 695 525 905 47
716 918 670 919 848 374 772 836 792 530 516 529 303 203 727 544 203 586 638 864 215 348 283 418 390 318 63 103 190 517 11 917 247 41 892 503 780 137 993 818 813 74 652 466 440 20 800 4 691 5 241 331 178 120 796 298 820 92 341 165 696 62 796 84 919 701 709 891 685 326 102 820 722 891 626 920 243 931 863 622 190 201 173
511 437 488 60 760 755 483 314 812 185 998 736 527 344 31 84 661 626 651 183 107 179 749 416 693 338 610 117 587 511 670 913 317 796 731 861 680 36 819 178 739 865 251 242 899 2 15 531 515 675 340 181 888 982 304 91 283 302 147 367 687 735 826 605 688 368 89 101 849 523 132 408 727 569 53 801 62 382 899 612 239 542 693
59 76 57 21 26 662 30 503 151 76 920 880 62 265 232 19 509 380 511 529 753 995 159 256 524 879 6 116 897 554 731 101 8 174 88 911 281 769 230 904 383 340 573 154 683 172 462 299 258 314 277 292 310 892 790 600 812 722 511 584 195 500 916 148 243 45 972 91 797 542 615 834 795 842 605 335 708 505 640 692 400 115 99
335 383 300 857 174 282 211 273 953 383 378 171 709 970 388 95 730 167 263 277 569 60 394 143 810 653 913 216 745 299 629 610 917 209 719 680 663 803 638 575 519 158 232 524 660 185 493 508 930 949 15 249 119 155 211 647 222 401 853 206 993 795 136 826 556 22 590 376 773 765 590 583 968 196 814 991 467 967 188 260 303 300 841
593 842 901 594 790 98 979 844 663 438 554 474 770 309 262 329 869 783 839 397 488 346 55 913 996 594 80 734 537 468 839 107 701 475 318 38 730 253 41 722 297 612 48 201 764 178 1000 805 975 465 989 900 259 913 965 163 594 269 63 690 731 441 782 545 306 232 312 330 941 275 468 715 454 101 856 255 609 430 884 965 258 782 702
929 945 137 57 395 992 118 690 357 867 855 489 209 617 484 687 127 21 497 5 777 665 271 806 43 915 608 510 892 770 864 901 698 147 234 273 618 340 721 595 882 871 247 107 45 235 54 995 623 216 108 345 377 907 272 711 958 976 946 565 448 781 765 383 816 582 418 921 394 88 573 611 45 569 906 0 563 189 619 481 320 356 320
820 559 835 965 111 49 367 840 121 582 491 248 654 553 263 636 717 469 383 645 810 679 846 402 730 596 441 901 278 127 418 359 200 831 648 53 351 161 145 63 69 194 987 382 122 940 905 875 701 878 545 207 261 601 226 531 874 871 484 653 417 50 619 454 145 4 811 997 607 722 617 684 949 456 625 500 930 787 890 953 532 255 538
724 917 357 830 234 177 519 140 257 171 894 519 537 914 486 715 545 902 618 409 946 851 801 795 429 263 971 356 964 889 430 421 648 67 955 274 7 861 903 726 899 512 264 393 274 284 212 101 228 399 208 385 89 469 831 224 224 481 980 483 414 490 628 212 528 736 900 731 323 404 807 602 743 323 955 974 969 707 152 86 222 79 512
689 457 887 695 33 892 316 800 68 817 595 545 504 756 222 525 108 841 325 914 7 621 321 259 944 995 311 875 459 834 994 995 547 753 967 709 412 44 231 394 557 889 953 772 381 571 937 788 483 47 494 363 619 245 805 165 796 524 453 409 139 485 221 502 852 756 872 292 426 744 128 842 575 414 813 79 207 873 108 785 319 706 123
302 876 658 591 287 725 226 283 396 62 214 549 70 656 72 445 494 780 184 60 421 499 748 394 960 416 531 139 166 41 450 606 457 323 417 448 964 958 419 299 369 551 540 972 960 861 325 854 140 390 372 856 152 177 150 320 241 451 275 4 181 505 910 777 531 715 737 766 981 730 159 584 314 577 73 620 148 437 913 88 338 39 13
460 932 807 687 100 796 17 746 509 263 160 672 120 291 620 680 610 850 485 76 733 372 266 459 995 801 100 684 754 13 823 978 399 214 938 968 142 99 162 34 922 586 978 616 225 55 662 679 988 883 69 692 630 823 275 666 42 735 831 877 363 811 896 250 356 115 935 607 795 817 767 155 498 695 630 427 462 246 749 394 426 779 972
801 84 913 528 512 392 865 661 327 296 166 700 399 990 886 272 190 490 48 986 2 846 305 33 121 603 699 435 315 798 482 447 722 913 92 584 990 423 141 202 716 512 447 990 784 523 750 294 134 589 777 507 805 253 34 334 765 500 618 175 849 75 999 151 529 154 583 143 967 617 687 578 250 360 472 700 111 51 236 984 673 554 494
59 608 300 278 660 277 324 917 420 14 700 752 655 999 984 360 494 551 605 532 617 558 362 953 389 655 58 63 736 303 125 295 49 984 702 878 857 220 637 851 138 324 522 373 1 141 475 594 648 759 455 232 855 488 350 338 533 827 962 465 622 453 302 271 129 75 347 184 434 21 295 146 526 130 486 244 483 15 22 742 567 474 313
230 726 426 774 803 959 651 324 134 815 945 323 48 777 686 136 267 832 50 998 230 572 328 836 556 178 725 184 126 813 806 347 239 113 111 871 556 47 183 534 13 674 424 535 799 38 377 70 887 613 704 291 262 70 156 593 881 922 208 430 972 673 757 87 928 733 929 149 82 249 549 784 771 354 252 731 607 590 182 132 840 892 561
528 675 384 960 190 269 224 143 370 353 469 371 146 70 98 390 582 232 3 659 354 127 128 596 807 720 307 165 132 748 522 714 60 476 304 388 382 454 643 328 362 211 938 659 547 110 496 105 236 956 352 45 385 933 570 756 140 974 404 68 533 597 12 872 729 349 904 417 243 262 7 487 394 827 208 112 993 583 64 205 656 271 356
488 559 546 439 490 990 680 870 668 598 397 644 166 134 881 615 118 479 441 688 124 822 17 463 710 566 756 984 790 603 164 801 548 648 109 886 960 892 368 159 425 825 689 516 853 186 331 294 744 330 462 761 434 299 34 284 455 3 605 545 436 889 419 916 418 718 589 157 373 35 442 453 382 382 177 746 299 169 663 641 631 941 319
612 179 923 769 571 445 940 44 983 602 24 516 5 503 49 371 611 346 858 101 843 513 587 215 432 276 496 568 190 545 548 481 293 911 715 382 216 87 51 782 497 685 506 855 327 367 483 828 150 472 488 898 899 581 386 271 843 892 53 351 397 164 130 853 686 856 495 741 902 969 856 279 414 175 598 665 378 253 772 690 724 504 534
891 173 586 374 287 301 323 665 437 623 65 593 687 96 109 709 139 590 171 609 113 731 93 978 127 340 710 498 268 41 582 593 808 792 341 587 382 511 713 116 364 222 93 134 645 967 506 745 974 755 737 359 330 826 983 432 431 402 708 937 392 878 693 563 987 939 691 890 337 374 853 896 327 95 745 569 284 76 84 232 407 76 915
704 923 114 665 145 78 514 728 466 20 721 171 991 585 683 671 655 351 800 718 673 405 666 600 783 746 384 308 205 461 222 856 453 968 233 700 223 245 347 753 486 454 233 93 891 916 50 819 717 873 351 977 876 829 409 786 581 950 596 180 812 116 114 848 578 678 801 611 252 945 858 205 760 72 415 749 738 137 575 895 954 993 195
600 891 302 317 431 827 158 459 337 163 596 57 301 82 857 809 982 899 575 691 949 722 889 527 40 123 421 581 707 223 933 990 933 407 172 881 420 491 803 32 200 476 337 321 666 97 294 575 804 284 58 593 658 568 722 689 915 569 867 663 386 355 730 720 358 526 571 456 381 597 292 123 723 125 417 30 15 42 849 66 25 63 762
807 155 176 543 639 312 825 617 721 680 928 443 544 582 116 152 406 576 963 918 776 455 810 927 773 539 409 52 626 242 796 710 37 622 133 473 637 380 607 925 862 160 416 666 607 49 941 265 596 974 796 320 336 483 587 197 848 550 903 721 189 966 565 949 461 619 535 293 772 97 982 129 961 949 483 120 187 184 50 89 3 954 131
118 2 333 219 784 624 753 292 274 911 505 750 129 196 56 553 653 425 735 815 257 617 337 547 502 610 748 437 736 656 430 88 124 407 329 441 458 386 282 41 903 507 484 237 132 39 123 230 177 412 493 496 552 419 211 801 297 773 336 479 879 679 874 77 667 0 511 685 934 535 242 638 260 249 730 993 800 845 393 46 94 744 957
438 863 819 402 168 327 510 290 998 703 548 167 85 209 538 468 40 893 761 115 428 169 385 753 480 411 158 339 420 809 831 593 342 672 427 106 894 487 185 17 948 501 330 124 958 119 207 119 568 746 687 578 361 315 275 791 937 422 576 658 769 992 951 883 396 275 725 17 381 428 300 480 969 151 416 314 386 921 140 835 82 165 399
381 780 500 124 198 851 764 970 505 18 154 782 646 194 940 520 272 387 816 603 797 581 855 811 704 360 764 107 877 566 537 984 822 942 658 814 683 15 571 271 624 325 924 838 255 17 800 149 728 573 625 555 64 137 35 719 63 799 362 702 345 562 645 380 797 319 710 442 609 713 716 211 621 872 477 877 492 119 726 384 842 725 375
324 626 142 674 992 408 584 69 390 87 332 416 713 999 940 189 275 980 675 551 279 964 283 235 413 317 182 856 892 145 370 979 396 892 801 306 699 798 889 415 425 567 409 161 792 47 172 953 57 902 553 706 128 699 960 923 83 405 5 899 100 20 736 265 412 906 588 42 119 314 335 658 915 96 128 551 672 682 458 781 161 218 343
223 358 542 805 218 483 944 169 213 316 302 921 283 422 432 945 438 454 218 68 278 481 760 673 651 578 1 575 776 219 350 578 475 661 873 289 849 242 509 992 262 68 117 741 238 438 570 47 875 294 453 216 696 947 93 427 417 987 550 438 815 556 592 599 700 497 388 452 989 337 864 15 741 701 675 132 593 261 310 198 129 653 604
295 949 664 652 845 46 364 583 900 682 915 520 141 809 114 175 214 504 406 955 803 112 385 232 422 227 903 15 709 3 994 45 910 401 936 980 11 662 72 77 493 155 718 144 317 731 384 267 492 373 434 409 909 580 496 22 432 203 439 940 251 306 558 107 599 678 709 535 20 27 735 160 29 111 834 982 771 480 75 548 969 109 144
206 243 388 641 292 845 770 338 541 6 521 787 687 539 733 76 421 914 257 667 504 55 655 795 360 235 152 960 516 162 52 767 116 721 81 811 710 83 60 717 133 945 655 71 562 613 217 606 504 512 828 798 73 31 167 41 384 312 472 53 723 888 34 954 526 909 27 910 31 195 302 7 948 564 263 885 413 738 700 932 703 37 993
458 165 649 424 95 848 275 295 295 177 48 968 426 66 801 581 566 174 56 515 893 717 209 516 211 537 59 989 861 672 582 377 853 218 328 48 638 717 210 46 331 30 830 613 801 33 853 729 770 814 680 915 414 976 820 451 386 144 995 705 226 605 127 113 503 122 326 621 538 206 373 89 549 528 863 159 803 59 441 89 526 886 651
320 17 128 673 915 459 267 585 985 994 721 881 157 672 542 765 537 139 24 724 769 231 637 859 198 893 275 733 331 267 646 356 770 583 969 805 649 369 646 663 578 299 116 19 834 78 41 257 961 216 358 341 118 758 262 730 409 890 628 664 538 571 681 492 400 863 799 845 26 242 909 798 244 856 72 584 154 255 137 507 195 69 896
428 762 665 680 759 561 580 676 774 118 145 738 348 971 866 960 666 482 184 513 712 503 180 634 465 328 490 146 593 937 887 830 456 644 398 432 468 471 965 196 826 792 5 576 133 344 770 795 479 693 549 593 152 848 475 250 979 580 739 691 755 851 317 277 467 779 729 950 984 375 34 888 721 592 912 215 655 129 154 619 269 806 604
487 454 116 869 402 905 44 639 557 721 920 258 113 953 352 53 588 922 507 945 480 196 97 601 38 133 991 836 354 448 309 415 215 201 368 869 764 206 775 719 818 112 759 92 813 47 502 522 762 574 56 80 367 669 751 971 163 590 890 676 449 902 253 822 304 698 595 684 653 973 951 1000 117 53 57 790 988 836 618 116 635 159 79
168 195 128 459 274 649 562 197 827 345 378 865 346 363 383 974 711 366 350 806 307 12 206 879 865 357 420 934 625 502 635 178 944 341 334 95 348 444 743 668 861 549 612 841 198 643 524 221 438 37 288 213 817 345 537 675 996 381 707 560 568 559 831 970 226 274 651 475 157 64 78 481 557 694 1 273 815 207 800 930 738 454 910
758 45 113 785 772 173 473 728 141 697 405 404 426 325 306 700 873 81 740 942 347 557 477 997 574 306 532 778 900 183 813 247 33 368 426 738 118 326 303 328 360 789 877 347 543 966 914 461 48 258 272 172 327 603 569 834 622 292 774 775 986 111 941 430 606 870 142 855 451 596 199 854 701 778 126 408 100 336 45 512 524 96 206
718 306 88 664 576 541 635 193 47 872 27 151 184 21 973 144 175 211 482 669 253 264 782 317 249 606 410 300 922 629 948 552 567 566 799 74 640 737 263 461 957 41 894 232 618 371 766 637 894 962 991 821 24 353 862 970 794 670 952 406 767 495 661 576 929 143 310 436 226 368 666 880 376 15 676 96 543 259 853 342 539 271 72
474 328 204 913 468 808 500 120 626 613 202 5 823 21 977 565 750 718 421 79 541 66 572 751 638 366 916 431 485 448 398 654 797 505 280 176 936 966 650 556 837 786 293 521 932 99 867 291 380 852 19 445 477 190 744 580 184 876 834 241 869 113 889 382 132 375 459 192 771 843 530 467 607 803 982 573 992 365 223 247 181 852 155
761 700 165 709 850 770 843 113 107 94 677 961 871 614 399 397 8 920 452 214 554 88 634 471 786 723 710 735 784 219 709 495 827 802 64 294 373 660 89 332 369 685 972 518 500 422 298 596 955 701 504 44 659 453 722 197 304 17 613 659 899 508 421 870 475 191 800 161 750 881 777 361 959 619 405 608 381 457 947 795 517 58 976
772 261 557 128 653 927 796 842 663 343 45 646 600 168 685 587 826 269 735 231 85 315 168 572 605 177 549 832 986 432 306 416 192 954 700 204 654 841 333 332 590 877 319 139 159 200 84 252 748 474 951 895 177 747 147 99 426 31 946 460 693 363 264 746 333 930 945 523 369 373 72 213 497 819 168 677 676 776 885 164 408 459 296
