1
39 89
468 315 907 237 14 975 249 168 459 872 976 343 545 320 297 883 206 458 816 162 634 660 968 981 275 32 274 553 294 872 759 230 819 820 414 420 406 426 189 454 306 72 857 199 584 485 189 808 647 579 714 43 956 860 177 31 683 877 86 901 742 554 219 751 14 957 111 562 70 886 275 322 972 578 406 864 312 668 915 633 961 500 225 472 915 608 848 827 826
161 152 282 172 596 440 781 504 200 409 504 440 579 600 731 457 385 913 904 471 674 165 901 122 556 340 74 481 156 466 504 641 204 225 17 562 843 673 663 727 468 406 798 181 11 652 497 727 238 432 702 433 374 493 273 572 32 520 487 146 536 880 65 547 906 527 923 723 443 702 477 309 671 808 703 298 763 954 790 525 230 305 130 344 105 89 242 459 182
671 521 457 406 151 600 89 516 628 567 212 290 978 104 994 837 891 752 824 428 317 643 52 546 568 337 922 704 338 653 107 475 819 847 96 804 460 991 822 645 569 332 811 755 10 561 145 172 872 441 864 960 962 512 138 314 526 81 942 708 443 210 229 91 844 227 999 486 408 81 4 342 161 243 76 759 194 463 430 62 920 396 36 121 343 446 241 957 931
228 94 743 53 823 803 7 299 689 132 974 929 444 608 544 630 54 905 187 249 690 49 155 828 409 125 442 800 768 301 419 623 892 403 468 975 581 449 773 532 516 135 400 737 189 175 708 846 681 191 256 719 344 719 87 202 666 853 43 278 409 878 892 153 493 425 683 53 772 492 395 627 112 334 118 43 242 323 469 204 595 3 388 357 623 376 368 724 296
662 248 636 726 912 433 42 534 222 504 865 248 996 262 84 29 67 24 372 387 308 72 733 223 542 219 77 308 80 589 314 479 626 112 310 116 836 904 941 986 903 212 747 828 960 847 748 746 233 720 31 276 194 855 607 143 910 966 356 562 406 362 484 401 763 687 501 404 463 828 13 669 780 662 225 10 5 118 397 620 821 826 951 896 419 300 542 461 667
654 524 983 358 414 96 364 585 194 550 261 548 252 479 259 521 442 785 551 538 585 726 400 92 314 721 619 302 903 226 509 988 869 407 947 685 955 119 481 431 335 337 505 903 235 927 283 877 24 276 481 942 362 840 604 692 786 603 652 327 822 728 728 572 143 422 202 452 428 819 644 946 642 232 724 333 250 13 10 39 234 258 430 59 801 981 807 721 471
806 562 867 356 737 973 189 636 133 886 99 156 323 339 654 899 134 950 128 405 407 507 628 113 199 554 248 136 385 365 140 143 205 492 602 162 202 187 390 643 879 692 821 391 978 610 254 424 204 722 741 321 981 319 103 433 348 323 171 102 290 917 31 170 600 23 850 97 856 216 275 684 552 719 214 88 119 408 700 783 874 804 633 418 324 383 510 316 688
905 998 959 59 765 983 684 657 760 446 70 617 371 330 249 742 808 693 808 309 345 75 436 619 893 813 335 374 531 553 885 748 520 890 962 258 513 318 967 696 516 647 416 257 854 342 749 652 279 361 631 396 600 437 406 642 832 934 948 755 192 999 815 254 927 299 877 142 586 167 902 735 930 361 266 194 527 429 115 94 697 337 696 525 685 541 485 365 542
690 865 777 833 546 237 617 875 316 478 856 239 475 717 669 976 806 817 815 814 525 380 979 655 917 833 164 305 660 864 107 250 303 764 950 750 363 1000 261 178 204 230 971 327 140 488 221 441 600 963 833 504 654 45 380 872 670 323 392 566 256 179 139 644 966 394 476 763 46 964 515 17 367 44 549 273 390 683 459 286 136 153 603 642 357 999 143 777 888
292 252 429 788 42 610 214 504 652 640 679 548 590 630 928 674 19 549 417 121 935 604 4 16 667 184 758 808 762 526 744 94 769 894 901 684 546 717 176 168 80 374 727 899 253 643 153 759 691 57 313 618 52 801 759 235 416 418 243 300 895 244 801 537 168 810 261 942 983 48 243 494 274 721 473 174 233 858 611 138 766 477 3 753 250 799 730 542 37
57 857 371 297 213 795 629 268 200 765 86 328 575 981 630 396 770 17 534 4 258 449 66 793 909 83 783 298 450 965 885 62 217 592 248 956 419 199 214 891 120 945 693 987 530 662 801 447 420 514 273 564 570 167 163 888 429 182 545 332 811 246 714 598 807 954 647 796 583 143 470 544 888 298 143 572 167 92 748 678 247 804 702 683 509 783 539 23 133
412 127 244 999 931 322 761 571 494 497 65 283 947 695 630 606 344 838 38 217 334 215 331 595 851 424 511 8 578 194 568 463 591 793 10 966 53 219 672 421 301 57 503 807 772 164 575 178 637 12 534 116 232 824 438 868 196 224 222 446 482 196 227 758 550 988 645 933 528 422 239 908 85 545 896 313 859 717 988 99 284 82 660 243 657 372 258 281 626
735 366 612 325 829 902 449 821 150 192 504 773 699 136 468 109 659 887 45 838 814 15 826 363 522 441 193 406 919 61 108 946 365 498 818 780 859 544 983 549 983 602 976 494 778 953 368 57 500 545 229 851 686 886 660 199 544 890 844 782 90 877 589 464 844 662 415 617 503 676 895 216 993 597 241 615 136 848 622 386 967 470 495 787 485 109 223 933 73
858 895 28 593 244 113 632 365 370 768 210 434 10 450 101 177 838 581 20 501 129 322 647 693 888 498 8 97 798 962 650 934 51 751 244 606 36 187 45 603 213 662 164 919 268 374 657 670 963 936 491 973 583 259 653 900 697 74 36 617 423 444 72 155 431 603 85 710 697 305 312 142 467 989 186 906 188 98 399 550 89 893 370 380 655 356 50 665 497
502 681 295 841 379 571 590 816 867 671 247 139 113 85 556 658 63 570 627 122 261 620 796 408 534 919 344 10 803 913 546 119 169 879 237 740 160 803 14 570 350 807 143 690 740 187 431 859 97 1 790 222 283 300 950 707 512 505 304 136 874 979 877 170 412 77 941 428 954 678 73 947 668 830 425 337 602 956 3 15 935 555 667 966 365 870 323 510 94
418 647 663 75 762 471 443 214 4 729 347 413 336 401 931 251 528 811 902 554 116 343 41 1 252 986 585 269 648 721 558 456 754 757 921 309 540 213 995 921 436 817 199 425 213 669 303 379 76 496 937 44 733 141 787 811 245 943 347 372 197 949 914 275 445 155 203 857 299 730 719 185 478 233 489 401 347 571 640 465 644 210 517 636 780 921 859 648 965
325 977 356 756 612 439 66 864 575 928 82 51 240 300 138 748 626 64 846 717 845 556 361 357 248 143 289 397 98 232 178 46 170 493 938 253 615 928 819 683 375 365 349 849 349 292 748 276 450 175 147 363 231 883 375 295 66 522 735 940 652 842 220 251 761 558 929 113 771 619 926 83 846 743 732 990 376 417 58 966 181 382 108 195 604 25 693 920 281
923 726 995 101 249 593 52 80 26 857 183 17 157 461 351 365 990 699 307 591 643 201 723 855 20 485 574 65 198 25 799 682 895 438 866 840 963 791 547 287 213 631 732 84 205 698 440 193 126 886 141 127 379 871 298 509 147 215 997 51 163 939 923 378 230 427 500 324 367 870 11 271 573 206 825 186 586 67 869 288 998 712 485 570 430 526 490 434 973
491 17 464 245 755 11 595 599 894 203 833 516 481 142 838 684 852 959 461 452 396 411 353 835 422 436 83 283 325 168 270 164 975 944 682 157 794 746 825 314 388 687 57 401 696 287 166 39 466 567 796 696 727 380 727 825 66 894 7 730 5 446 557 294 724 549 849 769 5 893 830 496 422 873 567 754 969 142 486 710 999 187 868 575 730 517 918 738 714
605 515 655 498 179 997 857 655 210 249 24 795 399 708 572 347 421 553 43 520 135 456 368 515 149 989 966 744 391 60 72 514 624 267 637 982 306 822 329 981 452 667 995 272 983 772 278 231 92 105 820 304 418 671 846 591 586 562 292 636 782 130 618 914 419 333 909 9 573 840 760 583 442 623 350 365 511 773 903 987 856 178 444 835 244 705 310 685 623
225 246 429 811 891 76 928 968 755 663 986 806 227 180 307 427 176 966 135 227 424 31 54 970 610 577 288 411 842 834 366 887 605 754 818 336 627 631 875 372 742 629 696 462 911 1 736 676 680 103 484 793 316 998 936 193 952 635 286 563 505 731 409 612 386 670 48 138 908 461 164 498 241 589 557 96 757 495 606 679 902 49 76 88 977 583 736 950 375
851 408 304 973 633 71 476 342 587 662 314 863 613 423 41 45 779 734 49 777 823 739 521 453 612 756 898 166 978 889 201 352 738 401 269 412 444 914 622 505 404 161 616 363 502 381 386 805 809 728 725 177 640 863 288 282 912 190 110 161 600 388 844 360 363 756 69 722 809 746 19 528 287 386 625 240 637 699 133 555 550 271 934 332 155 46 210 690 968
321 186 349 722 857 56 142 341 551 449 647 985 19 625 424 42 271 773 891 395 588 81 161 816 237 571 266 909 677 300 868 799 447 221 647 745 859 468 614 105 509 835 990 408 964 523 897 156 485 901 336 212 507 413 199 382 18 336 709 581 23 904 940 711 672 368 887 56 396 371 733 746 563 629 718 500 17 132 245 790 785 510 131 843 454 644 222 509 415
256 674 41 811 156 467 753 168 807 118 561 513 2 673 364 127 551 463 794 764 245 359 477 297 343 837 833 840 649 127 508 110 21 671 675 564 220 514 222 780 857 343 33 683 300 441 685 562 945 237 370 777 442 9 639 746 540 946 305 1000 412 987 715 236 27 728 6 940 483 309 194 393 413 706 144 349 329 516 212 627 499 447 950 263 516 888 652 850 709
29 474 598 191 198 217 993 806 675 676 17 450 776 979 553 837 166 345 780 808 444 37 439 62 257 120 471 143 103 382 137 805 638 313 471 456 167 353 81 636 373 239 859 157 233 469 983 663 393 480 627 228 452 73 536 565 399 194 754 871 753 139 944 129 811 420 381 788 800 615 475 24 565 49 972 468 559 122 222 126 418 474 430 539 577 787 823 495 905
475 721 966 247 483 714 524 940 141 953 208 941 726 234 914 461 167 151 567 430 12 81 926 92 414 504 566 512 604 401 420 891 480 635 991 343 16 685 511 856 452 945 989 987 529 329 423 746 374 352 771 10 860 494 385 161 611 772 528 826 51 616 691 159 453 50 406 494 831 993 318 669 259 890 468 736 599 288 832 901 477 653 244 95 400 635 356 719 204
29 300 506 104 315 751 356 821 73 403 576 365 100 605 615 637 866 864 950 708 30 11 748 809 180 419 245 260 181 722 619 49 987 618 226 83 483 669 77 515 493 197 140 394 34 296 988 221 41 958 633 106 503 607 463 269 951 980 361 761 326 429 193 265 675 904 214 876 637 477 437 495 665 660 720 453 202 860 86 524 391 723 496 320 746 587 856 790 923
841 951 80 609 502 448 432 996 895 669 213 681 838 716 48 991 39 529 187 503 584 569 771 831 750 652 808 856 434 568 574 410 707 256 767 921 314 195 886 627 76 135 298 945 59 715 965 999 17 81 402 936 603 964 297 494 764 568 444 949 408 670 225 626 451 441 636 340 38 923 871 568 883 472 343 933 461 448 939 301 160 348 909 125 891 355 772 137 886
724 776 92 428 855 524 685 938 372 519 767 626 793 396 468 437 889 195 633 232 591 884 574 608 162 940 975 314 927 277 192 482 852 909 895 526 790 856 48 358 306 389 272 549 187 110 846 618 614 533 981 612 441 999 877 302 423 100 451 284 301 904 811 268 464 819 132 686 664 676 927 798 113 82 905 595 820 736 750 534 177 21 969 579 132 90 514 142 127
336 854 373 640 823 383 443 877 181 651 578 255 482 991 935 933 997 216 100 374 812 348 782 441 71 750 772 720 552 852 436 985 697 499 654 943 863 960 585 638 898 891 571 119 124 891 745 617 942 850 568 801 784 706 650 21 846 89 318 315 363 686 620 480 175 39 370 29 990 265 903 543 965 709 544 219 378 792 457 283 456 402 778 680 298 408 799 576 96
565 853 509 134 297 556 566 477 958 451 176 864 298 91 468 863 24 733 661 231 496 829 507 864 292 466 389 557 155 349 613 783 842 466 822 689 687 252 323 907 644 922 109 256 585 487 767 886 571 792 295 998 875 107 883 55 862 833 700 399 934 483 984 9 811 622 839 615 376 136 536 233 612 788 749 570 237 866 588 830 736 9 104 473 534 596 793 440 138
645 685 871 671 123 547 479 27 776 671 907 500 755 449 566 807 859 190 243 521 730 394 937 524 532 386 651 880 660 533 450 363 546 412 765 807 282 340 184 251 701 122 859 609 906 171 557 172 204 688 244 317 594 90 939 260 991 484 783 554 872 633 53 516 199 689 308 877 509 935 32 36 22 537 94 493 348 971 797 361 779 770 129 181 925 477 33 532 876
612 217 452 856 639 279 514 102 439 63 578 711 426 653 622 622 861 29 863 835 763 456 687 454 732 262 230 750 382 887 507 832 937 226 278 126 688 245 551 445 408 941 807 516 952 578 445 526 810 512 77 859 473 944 483 1 829 966 971 895 242 992 321 243 364 142 892 851 996 980 534 857 844 20 751 731 482 844 237 721 586 289 419 324 79 89 589 97 667
934 91 596 36 168 701 264 587 510 123 885 563 870 261 264 926 553 579 618 716 490 145 970 52 962 727 733 880 895 309 602 852 12 153 926 357 325 549 61 827 317 64 915 682 273 265 359 3 404 352 867 580 603 986 577 681 606 338 9 41 555 428 409 938 590 890 325 743 226 561 354 218 40 839 368 9 882 141 207 503 872 670 180 741 535 412 778 962 626
775 321 548 283 832 4 568 377 763 126 798 425 393 586 58 16 919 397 920 310 996 83 11 420 510 750 637 240 78 854 774 641 737 319 540 385 387 546 836 919 737 78 215 685 231 808 272 111 517 62 243 999 181 935 435 401 146 631 75 674 379 399 381 461 362 100 299 449 659 41 824 242 860 154 828 853 871 569 380 625 775 279 325 632 61 688 680 904 231
496 378 562 623 494 969 242 317 967 363 518 439 315 74 859 673 689 99 156 372 556 733 387 633 907 686 33 196 748 952 300 509 950 582 895 134 961 15 630 176 278 174 156 984 407 49 950 28 665 777 368 681 531 847 907 35 257 476 102 91 391 914 341 868 595 414 426 885 734 258 980 885 275 318 494 57 818 18 352 5 913 603 20 781 24 213 357 878 890
595 88 326 174 291 812 396 721 317 468 693 504 407 60 452 56 749 514 579 194 917 167 286 464 837 910 442 54 707 996 738 821 855 762 310 906 540 126 8 139 998 273 644 992 251 543 255 965 951 579 183 719 383 599 616 745 941 645 969 438 23 405 165 348 284 270 46 664 536 723 371 102 367 648 621 781 597 678 735 802 174 946 843 731 668 825 78 805 810
373 363 64 245 669 148 110 440 701 304 839 540 856 101 928 351 950 150 414 653 705 510 926 665 1000 342 622 639 909 14 80 745 336 321 657 444 181 584 648 427 266 837 707 692 653 201 166 294 998 729 89 821 187 795 68 168 46 840 595 743 428 913 298 51 999 990 371 548 720 837 254 110 707 40 599 323 561 299 767 816 181 361 846 226 523 484 237 612 205
618 301 222 156 409 28 933 914 621 523 920 530 772 777 707 547 316 321 689 686 440 115 662 571 22 807 992 113 703 337 100 628 780 336 286 350 372 399 554 798 996 796 571 402 435 54 515 575 275 198 784 106 574 55 477 530 113 773 934 301 438 70 396 85 704 128 372 566 271 509 766 729 31 386 677 819 129 613 818 233 902 427 254 595 965 93 699 755 2
