5
65 74
194 939 285 672 540 255 848 868 511 277 74 643 983 205 407 963 524 63 663 228 485 834 145 212 109 841 890 408 100 551 387 132 12 704 4 914 949 614 615 71 505 412 303 796 384 63 936 456 974 111 473 541 276 356 18 891 246 672 453 983 721 269 724 138 765 620 527 491 848 855 994 197 391 189
65 39 340 206 929 801 196 384 979 220 364 307 777 153 86 447 265 931 459 533 918 980 365 722 378 258 647 502 558 94 933 555 296 84 387 264 29 547 143 685 64 894 542 17 433 419 300 927 522 621 501 305 553 580 847 600 791 873 81 853 317 926 662 936 973 825 237 735 813 518 51 332 650 616
753 993 637 516 930 768 476 87 976 685 358 743 254 558 765 773 627 865 326 107 96 591 578 668 224 367 905 210 745 988 821 67 961 737 37 249 393 385 740 295 1 844 452 807 611 120 856 865 22 866 512 583 554 704 432 315 645 871 851 725 371 820 189 174 358 191 614 932 975 814 129 759 178 483
287 915 850 53 778 552 219 804 273 34 516 98 595 488 433 567 663 501 230 785 47 576 279 167 200 436 797 547 737 331 908 572 402 159 990 374 703 345 814 539 50 239 100 548 52 644 143 397 829 789 579 339 778 310 381 609 90 629 862 918 394 426 324 671 754 859 423 394 299 696 851 40 686 870
369 762 974 874 902 305 997 970 120 989 437 866 369 964 279 628 944 643 431 620 604 504 757 247 473 872 104 219 642 624 531 913 783 955 285 934 17 296 984 150 540 423 318 174 77 287 716 209 967 612 291 915 59 488 321 997 371 415 646 76 185 300 131 734 397 570 204 101 44 633 36 507 766 840
907 519 515 608 941 60 369 395 666 787 538 910 75 931 87 130 741 915 897 737 111 504 309 429 289 585 759 85 92 306 651 931 44 431 0 764 231 389 434 924 652 776 684 518 949 702 299 988 870 634 504 475 748 101 24 542 132 238 230 841 177 419 636 686 587 531 444 21 358 401 343 102 922 865
366 719 882 32 537 558 295 119 923 977 525 909 280 96 803 973 284 591 167 917 497 61 785 450 323 475 313 74 702 310 613 491 421 287 899 583 209 797 64 18 341 411 974 572 48 362 669 338 97 978 733 729 930 851 20 133 55 123 63 492 24 270 960 344 148 422 466 64 173 379 582 24 840 782
669 115 753 976 669 86 24 611 633 973 428 451 899 611 537 916 445 431 622 504 177 602 440 11 990 4 779 378 404 774 585 76 803 898 916 998 503 148 746 755 898 821 193 168 58 475 822 956 365 437 576 225 72 605 252 42 568 750 937 469 158 831 509 519 423 968 313 385 334 430 661 684 101 530
246 96 871 809 199 567 317 181 477 71 206 394 729 854 630 701 909 203 999 963 786 295 246 37 657 629 384 897 396 807 288 472 12 259 910 670 594 855 610 395 135 563 523 751 669 501 935 164 342 269 93 997 669 882 753 206 835 976 721 437 292 460 207 174 514 751 611 950 871 693 290 359 654 857
695 778 388 946 179 7 78 444 774 772 536 288 108 909 478 241 561 354 946 853 685 770 865 742 65 796 955 208 893 23 580 455 663 742 157 162 564 993 528 266 207 117 758 420 684 338 150 684 35 523 708 242 982 43 393 483 512 615 217 223 344 389 670 109 505 55 699 229 829 420 520 236 406 16
400 88 217 902 108 157 221 457 85 256 394 875 816 796 957 257 938 260 403 492 293 382 678 725 755 485 858 393 248 378 175 792 958 289 450 366 974 885 409 809 438 6 833 905 527 873 920 588 193 309 73 859 648 40 542 510 456 957 999 266 351 667 581 21 429 778 820 63 71 471 289 775 758 430
163 530 8 83 642 326 664 601 614 530 977 442 158 661 470 335 962 956 675 394 710 521 300 571 423 397 547 307 595 45 859 183 812 101 158 830 901 967 168 949 759 344 580 14 93 460 820 669 928 826 968 640 908 467 813 33 978 977 638 82 861 475 381 891 216 144 905 233 339 124 799 609 135 990
64 27 139 456 903 867 241 759 466 525 599 17 932 413 914 422 238 56 383 398 403 244 960 175 439 749 998 232 355 740 730 813 30 590 612 179 304 622 747 721 830 744 891 883 210 34 698 965 970 72 283 428 814 84 661 720 175 264 443 418 326 996 729 702 470 188 759 794 985 62 729 614 843 550
304 325 744 4 542 941 783 59 522 490 652 632 564 424 977 776 481 45 852 330 430 739 850 110 56 483 966 841 21 908 568 116 843 259 575 239 267 14 37 857 791 483 997 947 900 642 858 17 918 165 986 726 209 815 36 691 740 877 96 906 594 50 817 265 391 747 679 135 35 462 251 635 319 652
291 849 164 986 568 336 777 23 698 141 152 217 919 199 230 359 993 1000 191 224 242 73 124 887 576 137 206 915 740 731 568 550 299 577 570 6 965 663 241 539 430 129 466 603 241 209 368 948 133 851 598 908 320 640 558 764 432 101 445 6 515 159 71 5 97 883 999 981 921 37 348 230 893 736
5 336 950 406 322 404 379 89 813 893 631 246 382 324 972 987 681 356 957 465 862 997 532 759 766 781 145 104 516 274 193 974 499 441 892 861 521 487 97 541 190 47 824 93 85 191 557 710 42 697 711 807 469 158 471 773 922 694 737 798 24 387 782 988 35 179 97 274 453 455 43 133 479 64
674 145 438 716 554 111 954 427 207 154 664 566 695 933 234 460 381 166 108 376 476 382 367 436 402 15 995 609 637 937 297 939 885 704 708 626 960 189 663 254 109 451 921 180 785 942 853 710 362 701 294 932 158 881 506 333 116 719 465 182 322 987 422 875 719 805 959 926 598 642 633 948 836 424
579 453 917 606 582 230 849 863 658 967 190 643 568 660 611 116 253 405 773 392 75 43 623 116 781 617 926 55 876 591 671 510 528 445 456 475 625 235 445 605 706 493 66 192 329 203 856 879 227 622 429 968 115 398 433 767 747 750 731 624 771 125 985 391 995 595 799 190 521 178 345 374 661 893
96 550 735 911 560 575 997 474 710 205 753 45 501 844 199 276 646 834 991 994 14 641 82 433 82 208 418 827 171 213 798 674 405 657 117 94 862 851 59 505 851 471 534 973 979 579 904 275 316 445 424 915 176 881 328 483 619 674 182 572 557 651 689 529 383 97 373 975 696 44 258 51 97 980
442 793 725 440 751 633 479 339 423 954 751 819 583 965 327 684 429 984 705 659 254 335 946 625 786 11 15 169 433 39 384 690 631 471 30 349 448 357 699 594 136 765 809 170 380 624 873 769 203 4 997 286 448 804 531 781 79 788 788 946 687 877 86 674 681 921 87 296 725 500 351 440 906 788
977 823 679 623 582 625 316 206 403 744 813 588 641 671 928 595 42 967 713 957 426 565 846 961 80 230 697 484 338 248 150 162 898 414 441 950 418 647 576 866 220 624 710 424 85 809 281 566 386 350 373 637 592 269 85 855 279 286 802 83 435 249 521 966 512 620 595 111 949 770 509 681 569 297
229 601 783 565 262 283 818 415 178 161 315 72 827 669 918 15 507 717 390 269 334 40 899 421 453 480 629 255 429 287 174 466 811 996 873 162 247 348 66 215 70 188 511 772 597 919 546 417 432 122 401 516 596 120 433 817 42 877 391 796 458 619 818 344 410 784 95 659 331 757 923 511 71 238
769 50 954 504 664 84 158 117 845 701 136 410 871 850 298 503 738 674 103 286 727 871 30 46 418 771 494 781 163 999 701 692 71 779 869 258 295 488 829 100 55 231 241 597 831 668 879 362 705 954 403 461 381 610 992 470 364 303 912 307 745 505 628 286 941 540 70 996 279 746 366 705 260 552
601 114 691 469 85 676 792 608 223 97 839 560 316 804 65 504 966 72 995 243 289 747 281 59 705 474 127 784 154 80 5 626 790 386 429 19 712 83 962 544 671 389 158 479 909 365 806 752 465 394 749 734 63 976 829 418 842 951 44 370 143 13 922 814 156 310 525 268 668 30 469 812 236 457
446 2 990 887 1000 194 231 92 499 433 808 470 80 578 302 386 509 70 1 261 35 791 597 3 60 593 524 331 131 155 943 493 828 529 271 505 176 805 524 991 795 410 748 530 470 878 229 198 491 112 644 236 509 10 173 450 697 90 739 10 144 448 479 699 213 959 606 904 429 721 182 651 642 508
297 132 207 121 645 992 542 307 118 465 90 488 619 421 447 413 697 171 902 959 317 788 855 227 820 967 156 786 52 148 24 946 850 691 642 387 743 845 762 225 579 577 629 491 162 908 88 455 309 362 386 477 957 83 969 278 714 707 695 887 551 513 256 918 222 565 359 388 230 769 868 579 929 429
767 157 775 484 940 370 301 225 42 64 61 29 279 805 599 732 336 854 183 336 293 743 494 42 716 445 856 37 136 450 570 304 84 596 317 306 740 360 510 853 372 675 918 255 384 769 455 203 682 165 192 502 67 471 486 118 465 810 671 892 469 206 830 694 458 150 43 93 209 208 730 688 55 776
198 844 638 321 598 593 66 591 447 589 411 918 375 24 912 432 537 131 548 624 409 479 31 786 90 770 660 124 884 929 84 767 440 744 59 35 701 595 67 840 724 365 446 828 267 459 252 610 375 998 739 455 359 726 486 232 352 46 62 849 642 197 443 240 946 572 711 634 595 842 983 675 21 429
674 890 676 793 761 115 255 310 57 333 475 507 767 717 559 960 691 19 688 954 770 887 206 755 252 598 143 789 33 471 81 600 377 233 497 877 708 39 356 142 428 979 125 879 647 594 600 468 225 613 98 712 849 438 931 425 579 695 379 890 716 433 215 297 597 942 17 476 504 125 480 392 65 64
765 307 808 933 870 946 391 920 908 936 205 717 220 909 980 633 113 87 138 720 927 650 109 402 533 697 392 530 573 198 18 290 267 709 704 412 168 520 575 781 916 193 976 734 563 576 159 60 591 60 174 432 999 228 199 672 209 529 988 639 371 200 917 660 518 1000 260 542 352 953 548 715 786 114
513 821 908 965 971 216 681 250 467 332 573 887 492 509 624 123 479 903 99 617 208 304 93 714 296 680 719 573 58 371 647 586 551 344 406 772 615 481 582 264 236 568 247 72 984 766 72 436 811 385 964 721 18 586 737 130 559 258 978 812 980 277 904 872 230 134 977 382 140 460 677 405 856 110
146 710 877 226 891 401 614 118 9 59 488 727 626 644 943 452 329 924 21 496 314 864 586 52 985 265 805 710 241 243 178 225 152 316 555 804 574 640 783 538 26 667 529 314 951 384 722 133 140 612 285 218 442 662 644 747 610 336 923 869 157 567 548 711 292 190 188 56 919 400 750 284 521 396
821 115 768 196 221 408 210 549 294 794 676 427 18 409 360 989 193 622 818 564 554 624 674 180 533 139 690 361 368 698 772 636 187 752 513 384 67 370 819 250 931 784 816 204 411 530 421 133 543 379 865 90 320 793 414 255 387 891 461 565 524 977 367 199 766 44 815 715 49 875 487 272 925 78
975 127 675 753 378 435 985 381 445 928 143 81 581 378 152 907 892 214 411 730 676 620 456 922 790 728 276 159 668 657 91 168 112 410 374 700 618 479 800 343 784 527 105 608 835 647 528 582 217 840 487 996 438 425 298 739 937 752 329 460 276 281 763 879 531 301 236 513 219 40 72 364 852 377
239 487 988 461 565 973 275 220 578 611 832 185 616 597 240 639 120 959 560 893 321 238 990 414 601 313 237 828 299 955 97 958 986 1 718 87 931 598 176 375 845 481 397 996 871 980 770 212 77 88 896 964 638 431 32 613 479 684 128 477 561 428 342 643 638 8 901 375 862 870 973 836 124 156
256 272 141 797 58 972 898 277 712 958 215 25 226 507 493 133 770 889 615 459 805 274 717 770 166 789 633 668 538 158 842 908 344 901 774 535 989 329 464 473 647 702 116 718 803 769 760 555 178 928 884 988 869 527 29 899 660 366 441 356 839 798 905 736 926 474 832 446 454 832 299 494 368 829
168 635 433 87 967 318 237 396 17 213 274 224 554 70 292 243 520 258 570 53 588 461 329 888 87 14 175 716 580 900 372 165 129 581 306 360 157 129 440 119 355 60 325 466 196 146 507 305 477 104 22 179 307 856 355 689 19 254 163 682 275 121 810 976 133 700 721 947 231 254 610 495 977 163
857 729 566 5 977 184 265 683 256 605 408 655 406 945 776 368 483 613 761 668 257 28 561 67 585 583 244 214 373 31 368 197 786 176 453 81 792 978 641 575 531 722 703 524 25 746 442 858 118 660 510 474 294 508 664 219 380 36 745 548 866 201 94 373 607 11 845 698 707 827 665 962 447 3
283 157 60 27 324 484 460 762 293 2 376 236 14 677 259 609 488 460 710 301 58 628 633 225 115 902 967 892 692 303 750 763 369 204 109 326 829 121 620 931 223 298 4 642 212 683 414 276 7 491 767 87 45 68 552 48 898 780 345 915 764 70 847 961 494 446 77 969 297 610 580 184 785 374
736 567 598 234 477 743 444 617 800 281 404 200 428 107 374 113 229 900 300 350 117 488 354 458 866 819 108 656 937 18 220 49 873 946 241 791 482 38 376 892 754 330 865 79 498 905 421 212 115 259 744 116 38 373 732 311 785 457 687 590 487 818 820 732 139 969 121 688 202 783 905 2 165 388
748 643 451 626 202 628 374 287 497 134 170 440 673 306 700 814 980 808 783 377 18 686 422 737 155 891 347 160 550 140 449 363 660 415 837 893 754 336 670 497 247 268 813 712 891 322 82 600 666 895 362 161 603 781 900 509 765 168 378 840 916 665 891 417 462 270 274 330 520 355 576 916 443 60
409 264 432 484 300 200 25 832 559 362 846 571 71 135 635 171 952 624 162 549 824 558 873 527 349 285 668 786 826 64 351 543 630 763 290 240 637 149 665 28 201 190 130 752 601 752 783 610 952 459 676 219 668 950 410 535 801 4 746 798 99 779 29 678 483 871 647 267 605 198 268 642 543 561
326 422 913 300 504 574 663 274 932 130 753 371 355 664 366 47 288 632 253 745 626 517 459 295 142 688 471 778 780 194 847 655 620 292 132 784 51 453 471 969 78 903 358 826 720 687 475 493 804 356 689 721 456 660 213 682 23 441 250 459 371 5 205 469 386 84 583 731 851 639 964 169 478 283
366 338 572 156 298 125 941 391 84 750 797 876 124 789 631 960 530 536 436 861 331 731 451 964 702 743 578 367 894 880 684 221 908 454 586 792 206 844 9 496 83 311 174 376 1000 337 229 29 673 229 278 888 378 362 532 640 909 78 540 395 621 325 788 527 406 588 504 588 254 138 314 303 806 836
391 764 70 26 789 485 213 724 239 963 477 269 400 313 193 746 630 417 44 394 326 825 876 145 28 468 456 611 595 922 417 492 636 0 828 973 668 316 274 76 245 573 694 258 17 960 590 88 826 886 818 117 859 82 579 119 769 981 170 985 165 731 708 864 949 613 204 40 510 934 518 278 933 632
261 208 551 311 683 702 300 15 94 632 45 864 939 619 670 235 813 677 460 45 927 698 758 30 842 367 789 652 176 345 361 386 698 98 636 552 696 916 24 175 841 367 627 452 155 229 421 715 333 480 381 490 306 886 949 85 943 228 934 510 523 79 294 244 760 91 440 11 22 836 128 775 851 854
312 213 51 141 75 848 788 850 711 544 624 102 162 826 293 579 768 377 783 898 708 880 583 635 601 640 246 638 667 750 102 172 582 392 734 903 629 177 678 455 341 967 414 841 146 204 49 194 252 196 257 514 501 254 221 102 23 900 715 736 548 842 288 84 204 104 313 889 150 317 203 838 193 132
244 328 26 86 502 74 825 173 520 900 332 911 25 609 720 960 37 951 644 162 978 981 189 491 658 547 702 448 186 760 844 523 26 456 902 917 466 714 164 570 978 439 655 506 981 684 590 564 619 795 767 885 906 252 720 152 455 781 169 351 572 1 378 669 795 293 278 241 526 123 102 350 838 738
883 470 788 931 331 138 497 175 938 539 772 188 39 785 892 107 762 811 245 150 983 273 343 139 762 768 39 98 248 208 345 889 211 393 576 570 823 963 106 547 382 30 719 672 518 850 505 230 61 488 262 203 445 587 642 363 202 631 654 820 267 33 641 154 302 794 907 473 744 273 140 686 787 729
120 208 552 53 612 691 770 452 174 849 228 514 8 39 435 275 822 484 665 150 474 416 120 461 91 256 525 112 90 663 304 933 421 846 88 939 565 691 302 35 754 358 421 171 256 62 925 593 151 498 221 211 274 471 757 955 244 571 466 54 5 644 21 548 803 214 869 128 88 212 380 580 111 209
868 474 985 652 503 879 945 795 722 725 280 245 170 390 966 659 200 739 247 894 35 120 795 832 676 565 931 39 669 317 63 661 64 670 915 169 786 102 197 676 706 976 551 941 742 389 625 439 652 58 332 176 885 9 981 170 492 212 424 380 896 625 661 220 255 896 52 555 57 566 78 324 291 822
105 445 866 263 833 291 618 121 315 953 409 356 253 29 126 193 653 973 502 972 828 989 191 9 238 4 656 832 234 695 430 243 10 928 769 431 307 19 139 603 286 323 568 503 586 211 872 826 241 873 569 678 836 692 694 243 357 436 431 975 215 196 908 96 174 778 53 884 698 910 27 406 329 889
978 370 718 247 518 578 902 979 641 383 361 20 383 469 225 729 180 648 960 803 26 54 322 390 494 301 361 659 404 9 801 65 161 789 623 991 387 545 538 508 833 327 515 570 416 799 740 544 912 647 869 835 29 378 571 113 389 774 293 436 412 440 564 980 169 688 791 12 392 649 413 956 976 844
736 953 180 910 350 68 363 467 279 34 266 849 476 499 190 998 688 244 120 113 983 287 2 821 194 153 882 758 931 223 365 759 169 268 301 202 500 15 680 332 488 155 59 374 40 524 280 79 257 293 100 16 299 368 995 377 906 505 862 429 429 8 223 606 97 442 172 743 535 900 205 413 303 343
520 173 865 487 400 543 974 86 35 762 731 345 928 628 474 190 736 598 996 80 500 382 880 61 770 288 543 404 946 742 232 957 738 380 55 921 884 434 51 967 222 282 230 815 32 196 989 466 569 381 941 92 91 9 501 184 480 495 592 0 920 549 137 380 730 788 222 952 879 851 245 145 475 462
655 928 744 516 750 289 178 93 969 105 370 173 609 264 62 309 190 29 426 814 38 308 862 313 475 76 95 401 212 344 265 305 394 799 95 156 411 82 420 652 737 353 723 860 504 910 20 843 452 204 951 60 595 254 596 433 302 470 416 793 829 718 875 759 753 519 422 870 581 786 321 95 191 936
829 991 274 591 944 371 479 501 597 854 882 449 842 464 273 780 866 286 416 916 911 823 58 708 79 222 1000 96 317 242 527 675 448 291 941 527 260 762 240 456 363 596 226 452 832 16 395 528 641 269 527 902 338 467 969 973 38 846 989 646 727 580 289 89 977 987 477 819 147 626 828 770 30 123
102 863 739 271 105 426 891 659 623 548 697 336 840 621 712 748 452 716 887 610 163 768 550 200 735 973 104 676 97 650 328 468 66 627 763 340 518 38 39 541 82 442 109 504 974 40 295 259 26 495 704 802 437 200 932 330 538 553 266 394 552 643 501 609 972 755 886 595 361 165 767 183 317 273
134 402 242 238 251 888 605 944 729 101 254 550 624 931 202 314 58 417 816 11 335 626 801 293 536 500 353 988 661 838 888 964 419 195 708 127 208 861 999 8 176 529 910 671 176 411 46 134 795 53 951 271 69 163 561 94 727 493 285 579 767 478 114 815 864 783 218 943 251 473 814 426 539 66
536 489 490 386 93 101 141 615 673 46 818 313 727 581 226 827 295 142 399 955 357 260 67 121 291 479 805 612 524 8 154 622 446 960 178 758 304 468 458 610 560 745 838 733 720 407 900 250 510 203 883 70 329 765 840 27 692 801 588 849 874 483 542 978 30 488 705 181 532 684 281 427 730 114
515 623 799 791 693 891 777 670 712 925 78 174 10 557 597 388 9 948 511 932 796 580 411 514 824 144 140 113 677 348 143 605 818 8 236 160 962 248 868 828 337 380 661 800 746 297 997 203 797 915 498 489 791 95 621 26 985 894 216 446 321 758 21 60 393 343 489 205 528 635 407 552 737 635
116 696 998 849 949 313 812 55 870 688 187 515 771 192 852 103 373 573 765 168 602 485 749 926 875 832 306 607 979 724 924 559 863 490 778 207 602 138 388 296 988 192 497 499 488 60 869 98 986 849 105 218 736 658 854 671 280 675 596 347 433 319 362 561 382 910 923 771 282 452 755 213 104 137
70 744 240 451 680 150 872 416 345 670 850 657 500 950 603 181 655 739 206 322 484 975 592 971 728 210 962 780 686 570 514 124 823 904 106 429 543 143 338 194 903 373 599 243 432 691 550 961 880 262 881 473 883 450 603 774 674 150 120 76 852 502 907 975 737 483 748 599 854 871 220 972 498 289
547 14 865 191 350 85 432 343 324 102 991 154 127 558 915 188 438 683 984 122 122 939 375 473 743 952 146 746 249 169 777 548 154 248 977 64 563 859 23 433 927 700 612 804 499 22 122 679 888 513 132 684 924 611 735 682 929 471 695 181 52 105 545 457 875 401 898 935 677 106 862 283 543 155
314 952 122 816 362 303 453 968 229 346 74 622 481 534 329 241 651 963 642 782 863 689 478 19 544 556 487 64 35 339 880 11 19 446 299 512 43 489 478 234 383 330 211 658 301 233 58 199 858 541 60 571 476 913 978 510 775 329 771 533 171 640 272 541 716 113 304 160 177 597 527 106 560 632
93 72
658 665 733 15 864 591 486 462 712 701 787 248 776 146 600 823 805 924 959 292 51 92 515 112 896 961 649 682 499 534 962 816 25 721 196 204 886 748 146 899 839 554 823 109 867 112 447 266 956 796 228 969 994 996 715 253 926 545 98 545 10 476 475 56 298 249 995 825 98 236 19 973
289 95 403 252 6 238 669 312 973 921 448 304 599 882 229 406 582 352 497 623 435 894 237 671 630 89 418 896 970 223 648 906 949 307 682 130 411 487 935 745 985 835 512 645 393 846 277 71 315 82 580 909 396 918 625 688 207 694 129 86 956 161 223 285 42 229 789 480 7 948 402 328
580 789 742 798 229 61 309 986 230 150 692 87 847 880 758 83 593 787 429 185 892 517 378 718 318 533 368 97 777 327 577 785 498 178 565 189 586 421 569 749 300 482 32 301 900 102 891 640 521 633 406 196 830 171 515 11 867 578 673 609 133 869 853 326 164 493 131 484 928 113 547 5
849 785 17 185 624 207 437 866 407 218 810 741 909 932 784 618 216 616 100 428 829 806 892 576 544 210 694 173 255 571 484 413 186 964 197 136 698 77 17 164 966 241 142 148 228 83 667 738 197 85 45 278 116 110 615 668 323 9 624 370 223 124 23 299 757 259 796 420 230 257 398 265
44 704 943 394 323 23 552 16 667 84 254 908 403 904 58 696 149 702 667 703 770 159 221 539 338 337 413 110 24 162 458 29 444 107 639 694 49 543 799 936 278 109 353 224 900 369 78 220 278 282 982 36 693 23 300 967 849 830 571 12 327 21 30 515 968 784 439 61 105 191 366 163
400 403 421 681 23 658 297 567 230 773 169 959 295 377 160 62 223 480 94 413 787 847 480 634 680 835 850 377 188 716 93 10 898 93 500 668 827 874 151 735 18 827 662 805 269 156 415 167 641 600 277 694 784 807 16 796 226 630 69 795 616 599 989 129 601 742 947 859 489 625 438 424
320 970 249 684 772 424 190 193 562 209 773 703 23 881 137 749 699 19 575 619 479 467 10 254 716 414 121 381 272 578 911 997 340 400 31 546 739 438 978 35 121 250 55 646 268 271 988 164 316 409 514 183 926 93 7 886 117 395 168 666 961 520 112 740 928 211 616 969 375 626 787 588
89 450 151 923 860 941 935 677 455 59 700 142 910 560 777 454 88 183 197 704 258 484 942 809 265 891 460 854 637 863 414 469 375 200 96 527 401 867 463 736 164 265 778 713 101 456 203 418 871 60 338 532 466 375 135 556 756 375 631 81 700 19 225 506 440 974 688 119 899 199 3 112
364 722 777 108 144 916 716 439 428 637 928 418 267 272 330 365 855 609 32 339 238 464 182 958 841 260 456 248 187 245 631 658 98 333 744 118 800 597 491 501 45 803 819 238 736 68 796 657 271 487 30 18 311 248 894 588 222 986 318 548 407 123 383 827 68 67 568 619 327 981 430 636
901 729 797 349 358 363 368 434 191 236 790 383 233 580 161 633 114 575 953 411 986 572 541 504 992 221 678 161 611 808 9 62 258 330 775 624 253 523 884 472 216 487 306 458 77 826 314 873 73 7 180 53 503 257 408 88 238 199 339 662 359 239 731 618 966 144 157 125 319 680 874 694
519 883 319 50 147 862 503 82 660 986 411 591 798 281 579 623 56 620 704 545 165 25 249 87 820 82 304 380 210 350 828 44 245 249 375 301 558 789 215 345 540 270 463 143 660 966 541 340 489 180 258 252 333 456 828 262 347 401 382 287 952 722 600 20 123 194 985 328 945 181 713 200
397 321 488 991 556 565 342 398 358 648 779 51 76 86 328 662 573 180 994 553 38 314 738 968 669 351 682 123 498 946 81 450 623 573 301 557 520 825 741 869 637 132 584 270 15 338 831 171 116 144 36 435 609 23 520 44 649 350 717 848 622 40 83 288 994 722 785 388 194 917 604 899
242 788 434 479 48 216 983 700 111 654 749 86 865 531 448 443 878 606 745 337 369 904 797 903 166 645 363 168 785 775 534 704 484 90 957 651 151 851 714 550 755 996 214 920 675 669 236 75 220 346 50 839 58 474 273 821 560 641 506 849 909 210 366 48 453 361 712 782 111 308 45 301
682 767 234 56 870 970 399 696 340 336 875 902 371 812 217 930 273 997 349 56 71 577 647 211 956 197 487 38 295 796 616 753 134 292 54 240 450 814 977 182 990 66 351 153 9 424 881 349 391 534 238 674 202 425 368 477 185 64 235 16 808 318 185 556 773 362 422 77 930 342 770 483
655 801 238 931 677 831 295 593 664 847 74 317 263 211 532 701 623 714 578 548 155 793 293 840 924 416 665 307 256 180 754 285 590 330 718 921 801 710 523 586 341 765 404 688 565 989 698 901 29 48 350 99 907 328 751 607 957 641 56 160 766 126 564 925 908 533 658 850 273 772 545 875
120 427 808 560 959 169 711 216 185 441 626 243 272 543 294 760 809 308 354 590 82 404 827 954 784 784 19 970 856 759 330 466 233 886 656 341 15 214 414 172 234 799 38 159 704 778 413 958 387 105 925 295 115 135 750 444 859 889 172 682 254 253 209 502 629 61 259 24 454 519 445 129
739 852 45 838 37 479 822 490 334 237 872 122 852 590 997 854 547 572 493 470 334 529 899 813 324 728 296 157 170 596 10 616 628 733 941 781 726 542 480 626 177 416 684 96 485 296 153 745 330 216 282 193 36 248 699 59 345 467 397 250 440 174 92 70 710 222 860 83 833 758 581 48
949 125 275 505 215 924 448 173 828 919 344 288 849 734 345 40 944 899 270 431 92 627 555 721 258 330 652 712 225 467 1000 13 345 362 751 95 914 12 902 63 826 898 18 801 231 374 490 154 51 464 448 192 659 959 979 554 169 866 235 921 753 252 800 714 246 683 686 620 373 361 662 922
737 547 245 326 955 75 748 852 436 452 499 754 72 636 979 112 478 188 239 918 267 404 590 728 163 476 460 640 812 140 799 46 954 162 240 131 167 34 880 330 647 948 792 93 207 443 628 921 855 7 801 428 443 523 35 130 605 210 7 235 186 310 604 194 60 602 128 266 57 501 498 897
751 182 382 560 792 948 124 858 936 479 843 960 853 521 204 971 171 627 690 39 628 866 310 610 876 853 394 885 626 330 960 981 979 490 13 669 527 412 834 502 637 659 681 950 742 522 163 785 40 111 328 275 421 751 787 926 741 42 911 838 904 790 606 807 706 473 976 689 75 746 276 21
171 946 788 995 143 476 919 203 663 736 331 395 572 255 248 754 64 664 609 7 819 832 782 988 620 803 902 204 850 927 256 580 570 92 481 904 137 289 614 29 293 487 512 620 0 669 762 682 987 338 638 820 82 232 578 854 79 619 318 570 460 132 372 322 196 107 933 395 160 284 629 504
970 384 63 424 587 465 378 764 198 679 987 881 357 703 768 493 572 345 789 778 204 285 750 632 85 600 177 480 45 876 964 756 957 44 642 422 723 466 546 930 286 562 462 511 263 551 163 82 883 810 353 170 895 733 651 806 75 320 310 700 605 88 576 166 721 471 645 884 963 754 771 330
137 696 250 933 627 279 851 57 215 996 464 773 687 839 907 216 777 296 803 937 775 541 758 765 525 789 39 831 99 545 775 676 857 221 290 546 68 693 726 812 290 759 843 749 176 127 584 743 217 830 641 14 585 804 40 353 597 860 189 284 272 34 372 91 731 486 220 272 737 978 360 789
189 96 598 214 115 443 974 733 990 830 486 775 562 920 380 129 526 405 805 561 628 709 497 0 814 994 537 743 925 740 600 431 740 746 571 416 126 710 846 758 505 448 930 271 828 482 474 689 459 434 421 24 495 181 743 542 481 866 196 42 544 486 365 229 958 651 223 809 593 185 386 79
286 399 40 911 402 813 92 545 902 257 886 451 835 555 105 85 283 782 179 797 895 151 218 890 132 635 361 209 24 112 954 258 823 841 616 916 454 532 520 207 593 5 158 988 404 332 634 530 408 58 12 21 79 319 352 444 628 760 527 180 136 535 114 618 776 711 722 868 373 706 148 275
804 513 575 961 433 319 25 888 842 779 894 601 156 470 732 536 165 559 845 907 436 260 631 713 242 693 649 448 810 35 626 73 824 80 494 231 881 818 744 391 443 315 378 901 868 264 842 649 996 963 798 602 28 279 337 507 54 881 175 722 158 147 406 669 574 923 7 873 148 929 204 331
343 918 78 890 661 736 365 64 118 840 0 912 147 129 501 695 20 334 609 576 937 500 526 381 126 862 109 66 669 200 18 858 729 983 155 968 20 622 671 687 379 83 515 253 684 580 825 193 85 881 837 298 84 450 260 457 691 849 379 855 603 179 532 982 82 274 301 955 247 976 220 4
651 866 315 63 458 514 313 694 957 640 419 24 891 592 972 275 521 731 724 634 774 297 867 354 967 143 34 759 344 903 580 830 251 941 442 10 468 621 83 708 451 776 798 771 279 382 115 990 868 279 814 287 190 338 932 124 693 781 328 845 225 509 393 331 633 628 938 447 440 223 867 272
718 802 473 345 872 689 37 85 54 431 262 17 260 926 347 124 890 57 207 599 139 393 295 194 736 571 451 668 645 630 184 652 784 847 127 278 322 51 778 63 915 342 128 61 322 947 292 376 698 680 987 215 778 705 201 302 408 254 667 947 156 287 420 373 823 948 293 450 493 915 323 792
216 316 182 968 963 904 475 576 917 295 186 451 727 496 234 999 368 556 150 709 571 111 595 13 948 149 357 134 290 912 772 284 294 632 62 673 964 294 547 961 442 635 388 658 471 895 532 406 862 877 146 232 750 47 67 317 83 702 168 367 143 260 442 184 153 378 5 254 596 627 395 565
894 463 626 807 311 201 461 56 393 739 214 859 33 587 12 292 480 999 346 649 323 30 436 103 87 396 16 2 572 941 791 851 608 832 488 256 895 440 863 267 248 491 699 518 824 382 739 300 682 564 154 319 687 856 803 212 447 227 268 531 979 820 937 866 261 546 911 533 562 182 167 31
712 18 725 537 587 576 928 294 205 121 813 249 45 870 72 613 959 61 610 564 276 571 267 430 32 32 110 275 788 333 573 224 195 147 590 881 920 560 640 783 113 730 535 778 695 420 333 9 84 911 625 4 437 733 595 448 270 669 731 24 412 533 476 248 554 998 177 344 871 909 622 387
95 360 708 925 319 818 577 641 935 200 866 10 698 992 935 145 30 768 190 910 651 642 142 801 478 177 73 336 106 660 921 908 875 553 977 816 901 694 73 384 751 27 913 752 391 546 938 918 168 849 778 144 822 783 153 884 377 845 928 314 178 741 1 669 473 124 416 245 707 990 386 881
520 244 665 764 825 911 34 161 409 589 666 116 812 376 388 149 199 434 521 651 270 18 149 93 646 189 277 892 65 802 165 481 285 285 223 575 758 517 950 415 662 560 123 794 410 440 62 119 294 162 991 763 90 825 420 302 511 116 469 552 858 581 428 890 388 113 823 380 716 39 754 543
895 875 139 482 397 648 514 6 484 496 924 94 701 420 792 231 829 508 766 198 47 381 26 225 649 967 510 136 688 613 500 640 193 889 950 734 824 629 459 775 230 151 953 570 263 730 499 193 406 777 294 37 147 401 874 21 688 83 517 178 904 641 511 400 223 547 381 166 627 270 167 998
570 14 491 140 217 19 756 21 55 808 184 925 967 81 829 230 957 80 583 362 791 653 30 143 363 656 195 374 916 669 556 412 737 131 488 573 694 510 440 555 86 652 43 973 820 746 61 800 883 527 912 879 795 515 200 670 698 126 209 910 175 205 27 524 729 17 368 989 80 714 499 47
77 201 125 896 377 797 988 946 555 106 407 818 3 344 624 354 431 468 685 674 523 774 647 30 476 208 120 741 892 640 684 308 741 638 440 302 537 959 229 29 78 443 467 778 522 321 272 916 203 420 79 636 646 280 794 870 557 207 453 163 721 129 47 628 873 700 668 465 511 849 959 663
187 853 93 366 623 78 57 865 472 565 236 722 51 436 780 511 297 667 324 861 464 317 62 645 400 834 36 433 228 231 586 626 733 410 546 861 875 129 154 531 953 472 345 731 416 264 208 628 612 426 787 261 110 612 951 507 242 450 981 91 734 947 565 704 676 906 927 746 982 568 655 654
40 889 950 798 902 964 770 401 984 823 925 776 296 185 254 160 706 299 202 158 534 466 493 579 656 982 308 391 784 111 376 587 2 209 580 864 58 129 836 127 7 752 927 387 228 351 991 671 516 426 742 243 679 118 444 682 712 484 746 789 939 239 569 137 19 199 804 413 189 276 293 443
261 637 312 988 903 252 470 689 856 233 182 328 586 987 436 282 10 641 606 520 35 397 223 524 956 405 482 279 356 8 622 219 593 258 349 128 433 219 137 528 114 746 756 434 51 797 463 259 81 618 503 382 58 282 881 936 409 255 844 956 237 47 399 677 914 449 831 447 895 907 725 775
121 556 322 261 709 907 66 906 577 165 843 518 865 140 456 315 674 843 462 952 172 633 210 226 43 382 60 634 353 240 151 287 349 279 230 258 722 296 307 63 877 690 233 803 811 749 877 354 486 145 488 527 596 729 831 794 506 241 954 988 801 154 418 91 307 597 256 795 515 212 621 830
566 188 690 432 269 839 704 390 980 490 617 40 212 355 257 184 712 705 826 784 114 643 711 72 468 775 244 324 642 218 15 49 227 540 450 620 645 769 31 312 133 760 136 431 869 151 137 154 178 599 692 366 666 45 345 898 678 138 806 145 939 282 420 24 286 82 598 940 587 574 934 875
572 575 314 47 123 680 971 462 318 809 531 737 914 763 378 406 372 87 88 952 878 890 41 397 781 322 744 54 784 285 821 704 65 673 785 287 727 678 448 373 617 682 298 822 500 746 980 80 359 801 481 213 525 442 996 886 568 994 903 148 90 999 352 291 249 778 727 982 62 772 108 588
79 788 187 129 484 984 601 437 185 148 494 835 0 210 744 959 155 971 772 218 597 103 445 233 523 290 692 639 714 16 536 393 294 781 692 740 960 1 113 839 54 203 98 595 532 44 27 689 405 314 846 928 570 782 611 13 831 952 842 302 322 653 912 976 408 297 287 737 347 917 860 707
588 672 653 131 68 511 987 736 981 580 998 986 675 992 341 62 27 125 599 631 245 425 226 136 469 125 813 342 991 961 554 311 972 696 604 432 530 329 877 557 31 981 345 100 731 518 658 946 142 871 321 790 687 415 268 25 651 969 920 341 653 684 612 643 903 37 623 607 795 633 808 47
357 873 377 601 291 398 887 592 867 115 735 614 402 122 183 743 106 434 617 952 355 769 815 161 53 3 319 850 444 432 838 989 18 130 897 928 809 835 731 118 217 219 219 2 688 705 49 944 155 506 251 573 957 911 84 36 296 172 652 868 694 143 632 937 24 656 492 145 365 742 956 619
924 623 602 386 761 36 899 35 630 32 907 490 176 17 686 617 925 995 808 837 639 862 362 385 447 948 457 277 829 94 351 649 570 384 940 979 630 657 285 855 135 540 485 949 803 527 186 77 255 438 970 974 438 883 891 172 896 840 968 344 98 526 49 78 738 196 357 712 994 544 3 495
175 463 880 727 573 33 793 571 329 29 942 801 213 18 924 638 11 443 876 581 175 549 603 387 940 907 411 555 450 62 709 231 37 186 245 495 749 881 996 347 498 992 177 766 775 538 474 93 309 496 548 7 95 777 979 760 713 727 381 937 130 153 807 432 921 249 804 23 160 282 872 635
506 665 584 563 431 94 833 451 893 234 420 567 138 655 233 921 293 758 712 138 562 338 544 466 701 400 636 254 259 251 476 920 620 638 87 150 243 699 816 983 557 673 65 251 37 313 824 967 543 719 445 400 820 323 532 663 147 327 662 13 141 588 912 295 310 310 568 396 495 916 941 514
594 645 9 502 684 174 717 388 413 365 652 952 546 567 863 32 240 978 999 21 591 246 779 355 112 156 470 671 810 580 901 424 698 58 799 901 77 925 357 523 54 838 923 254 23 626 258 261 864 638 26 376 887 705 352 580 454 169 937 809 750 482 38 952 333 552 453 6 298 886 448 15
591 578 317 651 859 420 915 377 501 665 140 564 881 520 33 345 694 202 610 989 562 827 793 385 753 662 712 961 608 923 534 761 680 419 737 137 193 237 312 552 521 179 126 782 83 594 158 45 948 768 757 614 534 237 119 31 794 395 595 875 469 503 962 230 903 894 598 943 225 501 352 42
69 914 605 545 675 36 411 764 51 213 10 440 591 648 487 80 525 512 513 199 193 628 284 69 434 470 312 329 190 998 742 61 554 276 939 184 988 525 506 86 642 458 939 723 807 466 649 609 642 446 637 495 197 81 392 329 836 623 168 614 482 606 965 38 569 120 25 964 71 897 232 66
157 528 939 898 554 13 279 620 544 584 152 54 9 743 836 705 355 157 250 42 637 307 292 804 472 594 719 751 616 849 30 206 604 731 880 980 216 290 415 758 139 884 126 495 477 915 169 85 435 168 636 608 846 699 235 656 486 966 208 622 898 928 702 273 280 861 533 222 660 226 662 100
195 754 381 643 568 581 525 841 51 495 713 691 398 346 884 313 542 499 840 798 263 434 514 798 25 751 452 22 827 374 557 469 258 925 201 298 905 678 49 625 716 300 17 418 770 647 125 565 344 871 63 957 892 879 928 24 565 49 538 258 184 764 985 854 392 594 72 461 937 212 947 635
265 499 244 779 910 998 893 120 155 678 79 253 493 151 629 686 794 888 409 19 417 117 603 164 817 602 526 906 907 236 479 477 356 882 480 773 304 461 240 131 431 193 134 30 735 803 821 146 947 973 322 428 575 707 201 384 352 387 432 375 778 141 418 678 963 725 396 595 226 156 387 507
587 516 49 839 235 152 803 995 199 557 607 684 468 36 118 589 928 302 697 324 994 3 710 458 603 180 165 168 694 564 115 63 992 982 733 546 719 773 979 97 78 476 948 430 293 179 859 65 987 324 77 4 788 908 977 728 588 587 319 383 991 779 555 869 336 405 351 727 685 141 557 951
716 947 981 563 410 992 873 405 918 22 696 937 179 961 997 339 504 479 713 4 990 960 635 75 61 754 205 388 907 616 852 842 39 895 341 540 482 413 688 356 523 803 986 597 113 602 151 921 585 352 374 436 533 624 416 112 69 872 756 778 400 203 857 648 669 667 265 813 475 217 754 437
677 439 529 278 582 516 711 830 471 991 342 14 479 58 466 693 476 39 26 572 809 216 176 999 223 217 754 495 245 361 365 894 228 216 979 188 426 778 395 200 281 330 406 790 969 341 433 40 93 995 806 949 732 604 384 361 742 642 511 775 89 465 478 96 983 935 0 182 11 768 98 352
42 548 89 109 225 934 857 460 623 588 613 310 46 781 780 813 892 569 996 129 879 248 891 23 145 577 220 303 290 312 9 798 931 907 673 946 719 613 150 723 752 430 884 967 639 560 98 106 514 382 8 277 236 747 516 328 620 1 710 89 817 225 814 626 980 468 134 941 529 278 56 120
220 399 787 128 322 483 587 471 504 840 82 360 252 88 217 842 803 440 197 463 365 865 400 983 323 801 496 156 415 952 5 137 876 536 14 828 65 759 494 689 995 648 969 891 326 584 745 605 611 349 590 558 184 554 262 196 117 15 291 787 344 679 51 66 983 222 246 684 632 486 257 2
973 474 425 390 583 526 212 184 45 509 590 474 113 751 33 351 655 795 170 985 294 174 933 727 540 659 116 345 854 402 139 799 682 40 994 730 507 384 422 501 80 815 639 596 989 118 269 960 480 720 130 879 617 771 772 922 491 321 470 550 439 638 364 125 551 727 873 752 807 809 167 469
459 782 445 428 806 905 454 602 819 952 8 630 35 527 350 741 791 443 197 636 111 75 389 361 685 856 415 525 125 209 613 924 267 470 963 399 728 515 367 37 237 276 732 862 428 292 696 102 54 144 405 621 703 431 913 550 550 739 726 85 686 458 172 413 247 406 213 637 855 852 531 916
604 441 568 132 142 178 757 128 303 54 391 430 565 497 77 486 725 177 76 83 871 841 304 840 915 697 71 324 383 452 888 955 999 346 7 150 610 783 175 321 813 573 146 632 877 718 651 605 495 752 866 946 521 326 233 156 357 884 291 237 89 267 738 367 338 467 995 298 824 140 520 45
89 862 962 6 827 999 129 357 380 261 329 730 384 646 634 784 305 371 188 246 943 686 279 249 427 118 475 114 706 761 497 467 196 383 291 516 795 526 636 975 698 1000 858 512 518 222 670 44 320 661 747 698 27 602 283 534 441 184 744 334 235 770 769 193 722 960 940 424 672 964 689 721
496 462 143 555 352 40 342 381 695 893 255 181 365 956 498 234 984 358 468 834 85 28 735 772 424 809 741 762 990 530 735 941 314 330 671 264 645 821 475 651 266 227 566 220 665 668 636 328 207 105 998 954 357 326 125 261 118 267 941 467 357 679 5 603 471 56 485 200 820 601 113 616
983 768 126 802 164 621 662 584 46 401 154 46 867 506 138 170 889 865 2 167 447 191 846 876 542 445 649 678 145 816 803 385 556 599 314 608 162 279 173 886 539 563 203 898 216 207 912 662 830 294 381 906 431 242 391 199 713 812 870 668 766 882 414 192 903 408 462 847 19 367 141 249
609 322 949 855 44 774 689 8 711 230 827 90 386 651 826 868 343 277 986 784 31 563 182 41 930 1 571 635 779 261 743 955 715 622 858 458 189 278 842 952 903 104 49 13 748 547 554 75 887 706 127 68 643 973 25 39 516 893 620 783 651 888 102 859 873 758 295 907 532 235 481 555
941 338 131 449 833 437 182 825 526 351 870 102 866 14 733 432 213 560 70 986 524 97 152 353 562 207 952 543 427 489 806 575 848 228 34 372 673 661 319 556 846 208 643 538 850 499 490 129 889 842 586 673 121 742 291 960 224 666 523 784 315 200 472 40 759 424 802 498 907 941 345 793
667 608 848 599 882 506 313 197 845 913 480 206 609 96 50 8 133 806 445 430 100 313 312 731 797 542 712 746 225 866 447 57 506 376 889 683 999 856 738 734 31 327 138 583 542 791 559 914 119 932 140 313 994 873 216 623 538 668 737 167 795 140 118 286 699 920 851 807 481 862 769 250
175 954 507 495 169 191 239 656 721 418 162 897 808 526 672 117 176 804 172 455 643 611 717 146 998 239 388 166 309 399 212 810 209 574 622 572 597 525 623 470 689 814 777 936 121 52 264 678 127 625 367 272 186 318 677 856 123 617 738 246 821 204 407 207 289 727 245 285 960 185 62 150
150 909 187 261 68 720 205 649 546 18 207 225 50 887 592 151 884 801 491 620 311 901 399 480 152 489 436 705 150 569 923 826 630 309 468 113 900 475 99 594 759 112 369 859 949 462 701 972 636 708 363 318 964 995 2 412 950 857 551 625 70 896 986 478 842 193 430 606 502 140 168 407
993 289 389 574 931 370 305 40 152 965 403 193 91 724 976 629 334 917 558 333 520 681 168 495 172 268 6 112 372 317 325 635 983 87 712 202 59 98 992 55 807 111 661 608 571 413 514 291 967 361 859 957 438 303 649 465 319 53 182 746 668 765 358 215 348 493 684 760 528 869 471 49
68 319 241 643 786 975 212 226 495 295 69 876 548 709 847 547 559 891 199 621 148 842 561 919 320 923 243 589 658 802 945 567 682 494 882 325 324 25 288 821 364 437 247 271 456 35 130 893 593 200 983 156 491 118 469 441 464 492 151 838 420 869 374 874 55 709 588 585 502 674 215 319
333 472 785 883 410 16 356 60 249 903 600 241 775 503 638 411 950 995 361 454 34 901 88 566 30 836 390 153 513 64 860 293 667 675 663 517 909 964 384 811 943 260 285 986 986 286 159 132 810 53 117 782 916 287 602 918 285 945 912 273 523 309 56 871 453 83 322 209 490 719 650 312
733 699 636 687 785 148 194 70 435 92 160 499 882 617 407 485 768 782 884 642 717 848 577 785 953 723 63 830 799 80 425 460 553 58 54 749 757 239 156 788 914 508 597 73 749 142 527 3 768 660 747 43 201 973 140 48 205 44 489 41 602 871 930 891 385 212 189 897 837 367 918 189
224 907 127 65 660 805 164 13 611 491 398 272 17 480 319 106 611 201 497 356 558 44 61 392 323 289 844 778 216 821 287 293 104 646 197 497 56 103 378 43 770 889 783 749 633 573 288 899 989 247 546 384 555 328 132 633 819 892 157 727 754 940 644 123 531 291 836 985 635 508 699 505
943 586 340 535 97 970 43 63 53 510 802 501 172 237 86 774 267 170 39 35 502 456 296 740 28 4 394 187 682 202 56 523 874 526 829 895 556 999 543 665 510 462 829 12 306 752 508 277 108 290 967 64 951 67 5 463 637 609 701 981 30 951 738 576 244 180 620 570 362 299 981 969
200 643 376 283 747 173 563 783 569 32 43 72 249 682 543 787 106 574 959 218 678 368 997 553 138 451 81 129 745 586 590 135 930 40 694 100 558 414 680 267 540 732 557 3 130 958 90 365 239 60 423 152 493 740 494 276 127 574 276 4 753 349 852 982 92 311 117 612 690 834 956 660
93 903 703 626 858 250 750 437 323 341 987 134 488 437 626 244 367 540 442 598 71 588 23 637 382 170 784 535 705 591 744 507 624 142 296 999 774 831 97 695 128 814 884 446 908 240 410 515 396 310 702 799 525 469 618 323 871 102 188 193 574 477 251 470 268 722 662 576 203 294 633 447
531 809 819 248 793 603 424 914 502 211 439 930 175 702 318 779 151 993 229 821 742 111 420 222 253 284 885 923 637 76 445 696 377 987 135 76 669 354 509 394 328 296 641 600 353 323 534 120 768 679 192 508 598 921 88 625 779 801 423 812 389 934 11 432 148 596 158 504 762 488 583 749
601 864 476 955 692 329 968 118 754 948 746 247 253 2 823 34 668 38 846 895 479 944 331 930 46 499 181 854 467 8 933 474 265 837 232 14 646 204 162 774 16 954 991 479 954 79 230 501 368 109 712 486 362 878 616 254 91 29 488 556 159 741 926 932 928 89 739 157 406 73 160 615
162 258 934 64 255 22 509 677 80 325 455 402 596 335 324 567 318 166 388 240 607 343 350 978 892 743 10 355 482 463 852 143 653 160 862 211 140 221 398 249 720 127 367 14 712 45 304 982 854 180 938 681 947 626 187 640 733 985 327 648 337 916 294 847 190 34 709 956 209 814 165 751
767 352 23 357 521 482 716 133 142 973 938 335 129 692 160 390 402 719 897 70 170 622 917 748 676 549 976 537 321 633 647 352 865 453 116 693 981 968 754 61 732 947 633 704 174 390 564 200 548 25 96 733 294 269 288 967 773 777 964 371 139 982 803 712 597 22 393 830 157 910 93 799
757 238 725 733 228 957 969 897 938 635 388 130 997 899 935 125 389 536 211 857 956 288 202 658 934 751 494 965 215 885 7 173 872 154 740 536 230 69 27 201 187 96 49 949 85 52 268 987 792 515 130 833 983 968 626 218 67 148 657 178 623 489 7 874 331 122 771 752 424 580 773 671
704 947 179 263 942 539 816 354 602 948 680 767 546 247 847 648 773 353 449 738 756 783 902 246 56 106 803 414 488 791 21 503 563 227 160 437 453 559 53 41 697 275 811 601 798 767 576 743 537 470 502 781 205 606 760 563 659 998 772 874 115 495 442 893 756 692 658 194 156 843 676 643
526 834 813 386 858 533 942 402 100 286 129 796 670 258 344 682 302 183 225 483 368 586 929 41 467 523 241 739 722 649 535 466 241 714 425 816 758 833 698 194 964 697 469 651 44 261 90 405 212 803 770 806 504 970 654 382 819 726 906 934 523 535 429 593 736 637 942 67 766 9 816 749
558 778 913 344 903 293 997 82 227 274 770 553 492 828 482 793 96 35 644 126 706 190 787 568 958 697 486 70 376 271 924 325 637 188 669 582 469 271 198 68 133 828 771 277 854 936 316 748 231 339 994 988 266 890 877 685 130 751 999 763 194 812 238 758 526 304 296 903 885 143 242 659
245 965 643 185 8 152 202 54 53 812 286 886 641 179 704 80 815 443 927 285 395 843 743 388 122 476 27 954 218 73 294 324 572 299 16 970 674 16 500 181 64 447 801 443 514 279 433 632 947 256 919 529 706 370 456 210 341 84 244 803 660 526 200 783 461 913 251 594 989 203 181 204
38 480 792 220 895 594 397 911 258 796 168 955 320 978 76 17 552 605 754 256 759 295 659 446 172 979 263 215 296 404 273 38 586 375 969 55 815 29 302 150 72 333 350 358 620 449 333 544 188 393 300 28 692 25 485 5 649 924 497 698 847 330 667 299 661 213 313 685 474 813 807 469
918 427 911 101 348 876 94 975 954 38 292 525 980 80 890 299 539 988 797 431 821 125 529 686 355 888 201 297 415 154 388 181 12 320 658 528 792 106 699 312 308 879 327 28 318 716 679 93 61 160 685 47 723 638 543 301 154 950 321 460 575 543 714 990 532 101 355 872 626 366 975 384
760 844 741 697 300 565 248 51 809 90 624 701 251 284 414 167 557 973 736 974 150 759 505 741 890 618 866 330 391 561 270 36 772 770 161 336 150 261 209 999 42 608 108 550 554 597 517 353 194 696 199 784 628 323 207 721 25 13 824 609 941 443 910 201 802 252 979 697 687 496 390 650
463 540 338 486 553 741 604 555 588 704 596 507 578 132 356 468 154 943 417 234 896 538 331 423 41 671 817 913 563 47 338 763 10 460 16 96 921 377 945 876 857 594 972 836 346 361 850 121 217 33 894 167 169 122 159 341 115 404 996 958 729 563 28 55 472 626 129 158 386 873 510 160
201 543 399 908 670 584 291 872 654 257 167 648 793 26 32 228 366 210 818 685 980 553 751 588 56 447 967 567 387 444 137 328 592 535 530 529 716 169 526 266 27 189 493 364 265 262 656 352 235 774 971 873 143 318 744 160 723 17 962 951 137 586 463 196 758 112 213 164 319 714 659 107
75 1
641
904
611
721
602
507
351
531
460
290
853
715
197
631
392
228
890
261
346
428
945
347
996
647
683
320
578
242
215
776
298
827
259
79
246
57
611
65
216
911
178
143
378
283
187
859
649
277
866
135
211
871
698
139
690
469
96
94
811
426
378
147
29
896
530
197
716
633
893
767
933
745
798
976
840
96 72
992 571 968 324 349 378 698 272 529 875 643 573 537 539 451 803 743 892 56 468 879 102 759 393 439 324 322 599 228 93 178 212 628 98 702 33 293 7 445 528 699 193 576 993 790 871 590 983 496 269 992 939 190 807 16 771 951 918 951 331 221 279 875 682 687 91 597 47 62 682 556 220
87 793 152 800 691 828 346 627 505 388 398 689 337 124 534 88 636 108 772 190 744 697 941 379 871 488 988 139 56 524 224 472 703 350 656 406 21 628 108 573 32 125 968 990 443 928 841 365 335 69 184 862 431 871 591 831 875 41 389 102 510 929 565 497 955 811 997 269 108 211 204 425
897 488 811 770 644 143 152 798 852 192 947 615 213 234 901 685 393 124 536 355 452 770 340 460 519 488 341 571 880 978 411 458 87 971 850 785 911 917 911 916 406 610 442 363 58 859 172 301 448 111 488 278 486 863 520 713 687 366 788 464 357 967 63 288 854 732 810 768 118 749 627 646
691 954 456 782 667 629 541 296 603 71 366 763 612 185 441 106 659 257 585 428 32 336 320 414 187 428 520 841 937 872 785 131 656 368 738 793 520 194 168 675 207 721 292 363 385 106 668 799 292 436 854 550 778 191 430 424 877 902 815 93 744 335 726 156 825 399 960 57 864 44 335 975
72 501 259 327 404 45 777 471 193 447 202 856 947 46 553 971 68 735 948 505 623 936 65 631 26 371 468 10 477 48 649 30 828 101 347 826 672 292 365 815 466 484 418 243 913 688 468 113 872 655 202 426 485 692 157 684 638 494 880 506 765 954 322 992 402 636 310 293 496 984 5 875
1 872 208 707 541 80 586 21 551 330 186 914 315 172 666 811 561 72 833 529 317 873 359 732 215 479 692 357 879 129 398 460 463 485 492 753 383 661 813 259 387 420 625 488 843 693 139 183 383 129 111 480 285 469 482 109 151 370 841 71 370 878 945 479 158 526 106 51 419 300 95 583
708 193 915 644 21 614 472 256 730 473 636 516 855 289 87 60 712 860 891 67 886 408 611 772 492 336 333 292 68 112 370 152 170 397 379 998 521 349 893 124 111 261 126 936 751 808 176 264 609 620 854 962 599 80 953 497 692 551 702 408 463 125 221 553 593 598 613 334 355 162 920 389
647 815 19 629 315 691 956 930 51 917 552 647 870 798 263 695 975 408 478 100 547 368 811 461 639 929 33 975 852 538 667 714 123 654 9 80 720 323 332 654 904 462 951 93 636 746 877 682 830 191 759 544 100 203 365 675 273 54 86 708 644 739 318 474 313 448 769 533 901 945 719 325
934 681 351 780 359 92 476 109 282 970 397 761 280 556 203 905 419 725 196 420 767 513 834 23 861 159 292 945 13 244 8 137 821 478 934 536 465 773 987 413 631 745 983 853 107 969 161 225 351 93 694 516 481 814 227 980 476 666 716 863 901 193 787 725 934 395 120 551 792 30 248 36
221 223 100 149 722 101 432 331 9 993 503 73 697 809 74 782 368 202 894 10 881 590 774 389 109 460 328 833 263 995 180 879 622 297 805 198 797 728 804 613 21 593 403 103 347 618 323 454 288 526 559 559 579 259 11 62 170 77 586 577 82 58 19 613 96 947 420 183 321 109 268 313
852 205 96 241 931 58 905 309 436 888 461 341 836 157 523 14 434 634 330 322 254 377 31 215 503 318 477 454 850 683 11 902 867 455 587 977 558 216 176 751 370 707 188 44 361 1 776 146 124 990 46 751 891 170 808 303 617 39 875 563 885 651 178 945 410 663 637 472 925 935 632 917
855 304 605 88 341 311 713 279 13 506 569 176 292 173 257 91 991 412 840 831 383 112 38 504 173 16 73 314 476 605 177 50 882 112 672 297 356 775 969 574 453 278 76 632 592 686 639 454 858 450 847 928 556 902 501 218 798 471 817 570 91 354 654 101 749 799 284 303 463 395 751 720
89 727 340 38 88 438 443 233 264 801 331 332 96 566 511 495 454 46 470 922 64 270 784 128 788 253 900 289 561 284 847 964 442 533 118 847 956 347 367 613 435 892 301 278 354 508 670 283 778 79 628 450 77 847 993 880 61 144 123 604 395 754 606 351 133 600 479 386 738 868 913 677
149 851 194 582 913 340 653 411 305 477 826 873 35 477 841 284 937 925 219 595 88 847 820 777 327 130 387 967 446 559 50 545 543 452 117 863 482 408 689 491 7 804 252 227 130 314 401 13 280 759 469 761 82 427 215 33 359 850 764 201 738 401 942 12 136 261 964 289 687 40 513 201
124 718 413 67 877 446 716 313 552 648 13 658 134 136 844 971 597 463 805 500 410 134 117 61 36 298 420 893 348 539 808 880 589 14 921 656 731 677 710 493 444 956 631 366 999 459 513 939 726 863 47 728 321 225 248 492 63 742 772 192 701 69 21 439 832 992 881 713 519 856 951 978
409 797 949 249 759 412 741 391 476 715 988 790 116 452 133 261 427 16 807 463 742 712 173 578 215 57 94 39 232 673 434 816 77 428 561 737 354 541 788 171 123 409 420 19 440 82 513 655 130 369 185 477 211 313 144 803 453 495 98 395 164 991 456 567 283 783 902 137 652 998 550 746
558 53 205 210 303 997 492 430 574 411 166 715 316 682 961 680 553 263 354 827 847 832 989 205 665 379 825 485 814 567 940 486 754 516 773 717 203 381 885 370 53 146 358 304 59 467 810 88 578 210 806 974 840 804 858 714 695 403 590 223 499 863 529 163 514 54 871 798 516 453 544 901
11 467 267 527 327 244 320 780 643 638 672 169 462 397 906 242 372 927 674 245 242 489 344 459 808 869 92 918 251 370 429 776 267 497 188 109 647 714 960 874 879 524 662 137 164 889 602 711 11 603 291 523 341 462 204 695 36 422 234 349 330 52 16 877 208 74 786 222 607 660 151 517
772 517 266 259 23 994 740 88 154 522 514 936 955 120 213 388 931 533 215 202 259 384 141 290 915 829 680 877 621 629 554 613 66 984 739 293 295 413 358 814 728 165 731 179 451 604 528 155 75 673 984 19 212 484 504 248 265 531 353 176 921 745 363 594 418 143 998 184 392 867 232 246
728 695 903 796 70 225 94 935 760 420 512 116 24 128 824 163 604 397 543 620 79 533 402 981 458 383 154 482 568 794 928 495 142 582 397 88 168 680 962 147 516 786 296 458 796 585 101 248 826 941 257 683 402 776 889 827 448 459 247 643 638 634 791 220 326 795 855 840 322 618 921 357
402 673 576 177 241 304 164 337 29 353 956 46 259 767 153 14 517 795 331 380 935 186 897 62 808 614 919 119 571 358 748 6 890 157 75 388 75 178 373 604 5 124 716 709 911 158 249 282 364 109 324 139 536 402 948 712 852 251 449 616 976 545 381 124 442 324 443 998 195 573 46 434
2 168 254 413 367 806 917 80 569 258 584 560 67 706 541 799 341 685 965 827 932 212 740 208 315 690 190 569 549 321 374 763 862 894 978 570 411 105 39 915 107 305 470 150 705 840 72 914 954 780 775 271 231 836 908 969 234 185 986 195 483 928 707 103 444 628 905 149 22 251 468 594
639 557 564 806 904 168 203 681 595 291 723 704 633 360 620 375 38 926 834 756 329 583 565 480 285 644 865 832 348 643 827 253 472 477 586 46 994 301 345 881 394 520 730 796 579 742 425 209 795 689 872 190 219 613 619 832 887 823 585 321 260 534 525 628 367 924 975 910 151 113 272 65
301 417 10 359 748 284 632 202 125 857 294 390 681 980 679 473 777 648 564 659 646 30 314 513 755 974 801 359 91 917 141 941 549 601 364 448 769 663 927 858 607 764 865 282 504 25 760 337 960 203 644 110 227 521 100 148 949 990 662 372 712 507 943 813 861 534 349 590 799 458 956 523
581 900 647 885 285 59 316 981 790 664 514 158 651 44 911 814 520 580 289 390 414 519 947 620 69 544 716 842 657 373 338 854 878 605 215 344 941 360 341 28 503 5 536 96 595 887 360 510 715 579 964 970 618 918 232 549 190 732 616 694 243 85 716 702 662 400 783 2 149 498 942 198
424 675 307 515 403 326 619 450 261 611 476 984 264 755 78 66 714 392 268 278 440 692 553 992 947 2 376 245 386 349 777 678 179 840 992 704 168 491 847 57 473 479 272 10 593 208 425 719 222 104 731 649 326 26 411 170 901 488 599 361 750 845 720 380 876 535 691 212 289 576 101 779
437 780 631 307 576 355 58 520 711 33 490 909 758 93 336 957 442 210 790 649 136 777 540 500 21 575 64 293 856 126 509 977 662 358 148 776 109 427 320 174 786 112 707 819 828 66 899 936 794 738 618 956 172 807 414 805 264 374 354 706 421 474 788 399 924 61 270 623 581 938 137 28
545 546 628 275 25 110 730 140 22 222 416 339 637 579 818 117 696 267 201 963 934 411 471 950 359 767 610 537 789 962 565 493 747 928 714 788 405 317 165 202 261 811 84 578 23 352 723 716 584 690 436 792 106 193 59 355 863 462 383 536 951 106 251 589 371 977 328 557 719 19 130 4
337 827 43 717 167 162 619 885 163 849 853 186 32 888 971 722 239 220 196 83 515 797 56 892 274 483 47 630 350 162 232 581 537 592 129 113 152 675 173 65 41 942 275 369 119 186 379 157 726 290 549 211 368 416 493 613 3 210 531 566 994 939 795 712 994 686 986 295 869 934 147 503
573 889 144 918 179 959 686 61 919 679 148 76 38 265 297 195 122 968 29 30 776 559 156 350 831 891 583 288 529 5 64 954 738 992 289 359 351 244 815 717 473 102 807 985 940 980 183 616 935 352 286 569 636 236 343 352 270 720 394 57 610 755 392 306 719 331 538 370 1 765 277 399
624 710 642 276 799 614 484 395 987 517 304 671 341 244 657 435 516 134 512 0 587 554 549 451 248 935 445 389 4 823 315 902 231 816 644 338 53 140 753 571 706 635 844 274 482 143 299 975 417 452 574 844 688 219 809 502 216 900 778 326 705 518 46 186 531 171 861 85 158 518 470 8
179 377 329 968 572 67 17 223 214 996 598 892 843 756 327 893 729 324 197 483 989 705 86 254 476 863 742 342 814 912 175 252 898 746 626 175 871 985 614 683 53 778 28 115 252 175 35 721 399 26 690 406 626 633 584 198 216 37 726 765 271 1000 101 191 557 855 632 795 806 136 797 301
601 109 135 245 692 442 641 709 103 250 104 681 529 84 521 394 629 564 864 851 411 981 599 201 457 553 625 342 891 103 940 876 833 470 958 123 253 329 947 887 82 287 149 35 831 772 478 321 569 846 7 434 511 414 933 923 31 679 617 482 546 143 909 132 162 109 945 407 993 27 576 688
236 583 559 63 211 330 368 163 587 575 152 688 548 104 369 143 406 64 30 758 481 17 668 252 982 555 328 694 621 598 812 343 233 389 60 317 160 307 386 583 99 9 831 438 892 560 874 188 781 760 474 980 223 341 178 448 334 283 523 646 368 230 900 872 156 728 656 277 141 530 770 4
142 457 578 603 297 520 813 993 831 366 12 124 796 78 539 171 643 355 574 979 511 80 520 864 333 812 732 473 394 788 839 658 173 594 86 990 315 322 990 97 671 896 525 789 567 267 844 5 917 712 285 774 841 966 421 170 437 85 569 834 414 503 643 486 462 0 138 550 157 905 623 474
649 830 650 41 394 409 954 242 575 385 77 241 589 899 841 448 39 682 695 205 581 382 392 411 80 743 227 269 635 394 333 736 858 898 504 449 237 543 49 3 205 146 482 655 762 609 219 741 656 349 792 29 552 173 374 217 293 63 530 65 862 940 252 869 971 954 997 862 689 345 518 638
232 518 614 824 57 511 667 729 176 733 435 250 875 813 893 481 578 263 151 320 59 669 851 836 476 354 477 848 996 483 286 279 769 503 700 808 130 249 515 760 486 921 40 280 814 795 655 148 67 787 616 167 661 691 550 866 162 277 827 125 470 622 204 832 243 866 765 912 627 52 222 654
798 932 633 561 77 46 261 974 945 357 551 385 30 692 144 143 944 818 752 411 466 621 894 63 693 57 496 557 28 177 497 278 488 515 160 646 599 480 232 567 588 534 932 543 294 730 965 928 817 259 50 696 846 103 912 414 352 695 182 428 16 633 638 30 432 140 202 578 640 906 532 24
16 29 702 155 439 357 447 8 898 345 307 925 683 655 315 614 915 640 727 108 946 898 161 424 753 358 610 217 266 567 177 54 706 24 907 322 561 244 886 32 481 173 82 747 469 131 596 678 414 235 416 13 92 312 104 931 817 300 794 354 279 631 54 222 587 68 723 561 465 176 419 320
930 315 740 222 242 178 107 728 238 592 338 619 472 493 356 229 207 849 641 470 53 518 769 296 363 243 312 666 841 680 645 496 602 176 97 715 353 876 403 461 438 602 957 898 215 928 907 935 46 480 343 975 299 200 877 886 772 931 11 724 985 414 813 272 151 960 148 100 422 511 712 400
182 425 15 627 916 870 672 537 520 657 68 674 244 831 958 623 222 532 617 860 570 816 755 752 140 64 682 376 516 870 303 809 933 428 894 300 441 176 101 898 703 245 609 92 458 75 184 227 572 439 114 322 667 974 773 928 997 141 819 616 88 827 694 432 301 310 324 416 943 420 400 133
657 664 189 625 920 179 244 450 184 728 656 565 890 938 112 626 95 824 778 251 745 47 588 137 581 71 734 941 819 862 682 932 900 300 433 387 716 834 827 604 835 416 966 238 36 856 683 613 702 652 650 431 232 248 777 809 333 241 844 128 748 12 48 723 761 241 558 560 46 431 657 21
376 242 199 825 916 251 457 287 441 307 837 392 433 146 226 851 23 777 454 403 988 275 354 285 898 187 34 156 392 767 281 891 582 852 602 392 301 834 396 361 117 207 603 776 833 594 309 40 264 584 244 640 818 394 472 227 172 279 184 991 638 504 260 396 179 263 615 246 265 671 445 819
877 568 424 898 516 987 429 110 29 878 381 735 208 16 860 89 598 14 820 303 272 784 223 415 343 638 245 961 878 776 839 405 842 695 408 830 990 465 339 755 706 383 562 3 231 724 439 429 157 414 462 435 722 600 820 166 420 2 480 837 682 148 927 686 322 466 58 609 250 514 387 524
22 367 610 462 585 223 544 176 954 508 558 81 580 297 991 705 911 998 741 478 265 894 370 670 552 326 994 181 553 913 154 502 907 461 698 866 504 272 141 955 152 94 332 738 767 628 682 70 535 173 267 774 931 996 331 13 159 258 158 403 198 696 491 152 445 904 341 748 345 523 991 729
10 300 622 896 690 734 242 640 570 128 786 677 186 505 667 622 620 982 110 953 108 882 842 628 135 486 397 694 593 137 834 553 428 830 643 873 341 100 382 29 215 787 318 50 82 51 963 401 478 363 60 630 963 170 713 827 767 974 173 290 933 118 806 66 391 759 823 600 103 148 596 323
569 621 258 223 325 425 722 526 94 158 745 685 533 156 156 208 974 260 304 441 594 260 708 701 324 291 813 983 660 252 589 299 568 71 112 612 798 13 267 147 556 404 363 43 133 5 365 759 976 297 307 105 700 692 960 71 717 324 427 756 204 135 58 139 94 80 14 814 999 918 357 386
994 134 240 405 707 503 283 270 403 205 707 397 785 912 673 4 649 879 982 265 552 906 516 565 828 148 37 750 707 65 912 845 657 868 354 465 421 741 95 402 106 771 929 883 149 728 745 464 345 571 692 251 71 180 717 838 303 42 591 550 285 338 907 991 427 795 973 65 470 662 785 55
659 762 964 950 267 41 544 410 381 705 75 799 758 868 748 918 724 982 720 353 3 738 270 266 46 329 623 658 218 934 136 201 937 749 511 146 139 276 312 661 836 705 819 761 32 67 168 936 589 949 623 160 904 698 975 509 553 445 778 21 95 508 73 388 184 677 29 166 882 235 650 492
269 451 311 506 488 86 695 632 637 638 495 500 678 562 34 170 107 880 380 553 12 39 281 956 426 637 181 79 138 684 692 159 359 461 54 551 725 855 745 135 31 35 772 438 525 867 294 322 235 411 541 219 15 617 556 6 55 511 711 109 342 730 914 389 474 739 360 762 709 50 762 12
372 23 872 506 270 917 856 324 21 119 421 835 667 401 764 404 873 312 49 184 205 94 261 737 867 658 630 906 798 390 554 906 45 566 733 977 646 156 568 183 334 633 72 840 230 145 636 716 126 964 160 539 704 892 97 133 388 163 761 57 890 664 715 528 0 274 282 521 407 971 531 857
390 986 100 470 387 307 808 563 543 553 516 547 493 341 437 65 234 132 943 605 566 63 515 371 683 322 912 63 123 233 947 435 968 974 238 357 692 162 693 944 599 993 806 838 855 144 290 461 93 478 523 717 917 965 885 636 67 665 776 353 601 773 747 693 84 98 504 800 585 33 537 564
80 898 180 796 582 240 233 829 907 995 586 307 392 208 646 899 414 755 564 818 45 106 876 802 332 849 867 222 437 847 764 882 153 712 673 682 840 35 339 84 795 631 357 955 96 100 74 562 222 414 174 40 469 226 19 513 642 925 692 261 462 800 525 732 547 257 287 646 437 265 96 415
28 447 744 143 690 116 897 542 294 435 142 632 528 550 32 203 802 770 1000 713 373 583 795 618 273 525 421 109 668 394 307 761 878 571 996 806 661 323 803 672 66 498 150 580 667 98 862 300 405 528 110 470 630 422 243 141 431 494 853 1 37 878 554 141 359 726 734 929 21 443 233 13
677 798 48 688 542 682 383 686 656 714 211 264 305 667 235 860 77 47 84 875 652 300 637 11 926 773 679 558 492 405 832 242 778 685 437 184 166 776 470 401 636 419 418 778 50 27 490 178 850 990 935 785 558 984 729 109 625 835 296 74 315 838 321 13 366 382 80 826 50 770 470 272
188 565 490 953 895 511 140 188 671 584 831 829 20 145 788 231 758 864 222 661 80 637 600 189 130 168 68 182 340 611 190 373 826 603 133 17 597 600 304 590 168 894 832 783 407 423 148 862 185 137 358 201 467 571 938 102 716 521 914 839 445 453 168 430 164 427 48 994 567 461 786 810
168 436 100 11 445 561 77 207 48 262 361 396 563 586 444 821 701 871 777 126 729 649 573 236 103 94 525 414 610 405 411 440 734 547 327 794 451 520 766 891 44 124 813 471 209 714 27 376 300 557 731 659 100 675 701 756 859 932 44 440 308 295 621 586 612 379 977 700 262 466 980 93
518 901 430 773 642 830 825 145 446 182 409 600 549 227 570 990 323 728 519 860 471 722 803 624 308 133 64 526 159 882 424 948 501 193 510 772 257 790 298 845 218 45 678 150 510 940 583 152 687 350 797 977 330 953 151 458 312 276 764 55 928 555 144 194 568 203 590 830 245 813 832 657
254 569 289 588 435 386 961 752 869 226 685 122 737 419 907 789 546 408 519 645 323 492 427 52 269 849 673 736 679 209 920 549 361 423 104 800 618 600 969 956 942 353 302 733 629 704 996 628 816 227 510 104 94 848 466 737 823 763 674 886 655 197 313 560 153 118 196 384 241 375 141 579
823 895 161 408 268 467 844 350 196 222 938 198 421 182 650 498 723 481 445 405 119 198 877 352 566 327 266 573 488 646 511 302 724 804 18 558 997 723 190 490 613 873 831 609 982 628 410 275 297 908 524 646 945 836 717 937 448 912 968 375 307 651 680 404 456 632 958 337 978 947 425 321
820 321 138 890 892 378 761 104 100 158 250 811 504 113 83 992 905 914 769 744 202 920 864 85 221 544 75 699 471 459 963 327 350 105 694 756 816 417 971 915 261 795 950 639 183 219 919 278 822 917 180 87 318 539 898 71 299 384 369 254 480 192 315 334 555 840 270 358 584 618 271 775
892 231 564 213 995 22 673 179 685 182 647 67 262 474 237 76 573 202 742 580 714 437 881 651 556 392 212 413 179 86 346 243 389 299 329 920 107 28 316 520 210 505 153 491 522 708 413 60 626 316 820 441 62 381 944 815 376 881 113 437 122 968 50 487 494 982 120 884 6 544 488 675
967 509 775 674 191 566 954 264 218 707 871 908 664 798 466 317 232 591 679 382 953 290 896 787 645 975 814 942 308 219 110 154 833 660 17 741 293 363 517 765 244 733 44 251 909 978 537 744 504 646 407 150 774 973 367 504 665 287 351 650 178 104 522 37 321 625 364 446 979 459 942 596
298 447 996 28 875 961 607 744 82 924 283 573 991 897 799 300 612 413 608 184 562 575 786 895 703 331 407 466 349 448 459 780 578 101 228 618 786 858 176 999 437 915 579 657 546 542 355 91 646 0 870 586 382 843 370 332 246 587 431 964 692 241 104 194 916 476 420 174 513 328 61 931
307 967 915 969 0 640 984 708 145 248 455 962 393 298 560 239 564 921 494 783 135 194 763 450 505 62 437 828 917 300 952 692 711 372 967 742 443 750 213 95 105 340 774 772 933 24 199 589 746 978 494 777 653 135 880 687 94 797 704 568 715 214 355 298 36 772 401 608 108 538 321 483
4 61 423 402 275 147 240 894 245 507 184 957 17 801 436 329 447 677 669 266 204 99 71 79 49 4 603 753 60 996 624 646 458 876 946 517 931 349 326 561 128 12 988 415 683 226 843 352 599 157 190 709 981 449 420 959 253 680 36 319 371 741 481 880 319 741 479 170 491 752 508 740
52 934 719 728 413 508 718 164 172 870 416 342 493 387 478 68 835 961 887 591 20 465 163 386 949 235 911 966 818 703 480 355 113 133 714 472 764 62 895 912 424 81 556 991 228 504 865 244 13 944 819 490 700 808 347 455 732 782 766 238 633 919 910 368 395 582 404 595 227 915 427 657
813 153 471 496 425 42 46 253 74 753 280 956 975 22 493 776 751 406 961 285 21 834 999 873 971 348 407 407 409 899 610 307 195 763 796 323 83 920 890 375 657 852 382 302 610 836 933 824 639 426 88 824 853 304 402 358 51 373 808 12 938 473 272 778 465 41 639 644 839 755 594 84
568 172 345 323 259 65 412 507 511 205 471 602 113 792 256 879 967 955 528 540 11 270 491 418 589 192 941 866 550 832 888 242 896 96 695 298 118 719 34 93 412 823 535 127 726 191 385 789 259 201 290 494 70 656 153 974 400 220 482 536 297 322 766 516 294 579 196 264 127 448 255 930
405 517 17 742 857 766 142 473 227 91 169 460 351 685 947 890 65 353 57 144 164 982 851 580 479 598 871 259 755 247 115 26 961 790 435 78 548 948 432 429 903 820 284 351 456 985 718 266 683 882 885 756 25 928 690 248 693 250 421 104 963 590 783 588 157 561 895 438 204 243 404 691
916 979 612 370 879 993 158 767 916 483 587 573 933 470 284 412 404 147 348 887 203 445 751 992 384 968 508 114 834 205 245 598 697 927 582 800 424 89 250 145 417 447 152 268 947 604 335 508 676 317 739 887 141 693 303 884 82 485 514 893 606 531 639 633 845 621 559 860 893 853 2 365
716 421 106 335 984 880 565 753 256 854 60 740 369 262 147 949 750 38 227 628 354 210 122 92 23 242 239 331 936 452 866 820 308 511 381 885 790 34 701 814 857 514 929 869 243 412 826 444 168 29 953 428 891 513 26 295 888 693 722 760 473 514 205 505 99 891 501 211 637 450 166 101
650 554 702 657 606 308 798 504 918 453 887 134 350 292 487 796 250 697 848 636 246 749 620 603 133 639 1000 664 834 109 428 767 508 175 585 15 144 561 104 268 58 90 752 248 426 313 895 463 342 643 29 885 505 214 965 730 271 678 856 848 425 623 150 302 951 799 340 317 800 946 874 928
600 807 153 533 227 799 113 987 478 817 276 687 9 502 255 647 246 637 631 386 605 667 220 62 933 980 113 213 501 296 754 779 140 186 897 375 861 688 802 388 595 629 535 201 943 501 7 729 650 474 368 311 167 275 164 665 167 778 276 982 40 195 254 821 906 289 882 224 367 488 756 599
556 524 70 176 240 801 23 536 240 682 204 915 837 169 738 465 759 771 735 694 693 487 565 172 221 457 811 782 867 593 149 409 808 58 71 745 188 683 874 358 830 157 1 450 409 517 361 3 623 407 797 315 42 525 454 54 378 782 175 324 895 219 958 735 255 19 99 841 451 4 582 858
605 882 931 492 946 592 619 227 207 500 94 127 322 788 200 284 577 934 346 59 377 535 763 643 622 9 943 696 271 903 206 505 0 577 673 750 261 251 443 435 811 260 63 176 413 919 652 337 208 98 906 206 400 534 144 268 555 563 979 799 107 814 935 269 969 243 316 11 50 140 457 576
346 516 556 190 344 433 70 128 812 79 103 296 13 474 963 963 882 690 878 627 324 248 139 41 116 770 244 731 600 750 579 54 143 555 247 265 493 840 621 719 72 38 949 716 519 312 695 851 362 295 226 756 530 347 591 410 257 961 292 245 84 404 616 707 284 730 215 148 220 984 814 931
656 992 862 206 552 840 813 992 770 563 590 865 922 166 316 913 113 494 124 843 843 265 194 31 651 531 193 502 720 195 75 208 180 685 840 684 833 755 196 221 693 448 419 134 970 101 122 385 392 106 453 149 806 990 442 49 105 740 95 196 552 325 30 331 393 542 411 461 515 280 365 252
610 171 392 574 926 411 172 579 321 828 541 42 27 182 811 757 869 908 638 299 188 283 632 115 788 670 78 978 802 242 379 175 128 971 665 7 689 454 8 838 629 119 575 334 673 899 174 843 474 914 861 756 255 468 813 461 834 558 361 113 952 985 330 871 450 340 301 771 468 646 371 530
183 764 677 942 759 293 943 805 237 492 766 870 457 291 31 681 865 435 777 533 462 313 17 117 189 439 187 460 924 263 308 380 170 396 364 362 364 639 529 579 203 259 45 251 938 312 915 423 710 278 681 985 529 50 903 505 963 358 880 811 432 472 422 607 119 163 674 441 901 5 720 276
673 716 818 779 730 570 305 284 16 789 930 10 150 670 475 872 812 742 563 402 127 906 89 581 458 114 269 556 628 601 200 915 820 821 429 447 973 852 802 158 141 462 674 730 551 406 826 590 751 940 665 653 484 207 892 82 399 310 265 463 19 48 252 565 43 621 969 176 697 71 563 451
723 258 920 619 341 953 205 352 250 187 914 542 890 141 711 370 412 315 300 170 710 662 782 180 242 979 785 547 880 794 402 408 457 729 223 856 218 529 215 287 415 545 755 796 826 786 659 281 848 586 558 450 120 522 103 77 228 188 794 489 53 790 795 428 758 485 713 544 251 710 186 772
830 738 692 59 174 867 137 70 741 193 14 704 615 561 197 397 157 176 879 837 807 930 198 197 161 76 640 909 971 304 865 506 803 695 66 849 910 510 63 73 924 140 96 907 220 943 874 80 797 83 943 221 383 826 299 951 61 361 394 861 882 790 617 627 871 154 618 807 720 285 396 706
704 195 812 95 577 21 932 19 703 308 43 29 813 789 93 411 595 635 985 365 724 482 378 145 320 308 15 557 83 430 141 916 155 440 958 685 820 295 687 51 74 17 99 471 148 25 353 573 208 305 106 400 381 752 347 253 996 444 324 972 784 133 572 19 574 912 548 671 621 333 210 498
744 44 756 950 228 579 132 474 505 622 636 945 306 217 465 538 828 324 444 487 893 148 37 972 979 401 56 525 387 461 400 597 275 92 308 819 662 492 97 897 225 348 447 82 9 492 49 546 604 593 427 564 460 4 209 126 319 930 297 974 969 927 766 648 119 842 723 191 227 300 286 708
735 706 82 888 962 64 142 470 748 763 213 84 774 528 469 913 838 15 446 930 907 34 362 776 794 82 790 624 904 179 204 441 288 132 982 649 906 475 717 14 733 4 652 807 38 128 669 767 133 319 617 553 787 319 978 315 695 236 635 74 475 249 912 457 905 344 251 253 864 332 466 486
514 609 372 97 732 384 613 945 606 250 526 969 215 150 304 194 7 496 246 407 743 95 834 980 517 899 683 1 264 786 11 803 629 835 646 428 970 333 615 514 294 784 350 651 439 164 602 853 290 57 394 167 712 515 906 343 806 885 190 92 470 962 833 735 402 864 966 827 608 724 434 527
353 89 403 843 296 910 787 866 374 98 638 210 125 185 237 565 448 723 228 135 574 248 269 542 493 813 836 873 227 510 373 905 616 552 484 214 488 277 814 200 817 676 920 823 67 222 563 91 753 936 498 488 225 539 343 339 934 934 505 142 71 923 549 883 681 16 533 713 878 85 172 475
729 355 708 862 968 203 981 979 144 767 786 809 559 575 269 423 98 968 474 94 4 913 207 611 50 829 821 24 159 875 179 313 987 2 551 995 860 866 818 783 914 62 137 417 753 491 823 870 838 424 534 364 662 906 835 845 466 600 267 399 387 760 251 815 603 991 991 595 388 577 527 310
805 697 878 210 416 117 379 497 622 812 756 295 600 425 224 482 432 637 981 735 130 726 473 521 432 399 438 753 991 306 99 853 623 190 813 737 745 522 218 838 765 719 850 979 613 200 701 750 774 254 700 379 373 312 303 517 482 502 409 696 5 360 921 603 334 722 961 927 518 867 243 999
192 930 433 809 93 124 937 735 713 776 789 757 666 847 880 594 766 774 395 201 758 253 969 670 754 904 537 443 510 607 509 807 201 201 836 426 41 354 416 618 684 366 792 634 472 914 85 975 829 401 597 414 894 846 37 448 422 498 570 938 895 96 3 71 508 576 405 519 198 924 317 121
559 109 881 907 604 280 965 223 257 310 980 669 364 460 453 297 877 308 416 547 106 794 374 361 940 923 624 690 910 823 767 583 851 865 681 877 721 165 119 502 522 569 405 917 66 451 137 715 187 831 421 616 507 413 468 765 86 955 833 549 742 781 366 8 328 210 958 781 381 879 110 303
649 710 170 771 814 472 265 883 759 409 560 672 318 779 484 96 370 158 295 431 997 547 594 554 70 969 969 362 641 538 871 811 736 635 978 315 837 260 281 286 461 482 607 624 208 2 490 522 100 234 362 270 793 613 257 771 204 170 271 598 418 4 340 120 173 506 876 970 685 175 698 446
997 973 804 147 283 528 928 470 748 466 704 343 586 747 280 882 479 697 688 202 972 403 746 216 242 897 568 361 860 401 242 982 936 694 494 167 7 159 499 210 120 501 461 343 329 853 994 122 306 283 32 328 935 914 994 181 86 217 742 733 176 901 50 484 681 774 31 587 235 625 40 105
314 127 64 703 457 943 487 955 778 771 390 819 953 462 782 325 24 82 122 496 455 163 727 194 763 277 841 525 782 843 758 529 483 271 980 337 490 219 777 30 772 210 978 622 98 736 920 281 872 366 725 925 768 747 288 390 360 469 649 230 885 86 694 631 811 332 401 292 184 156 592 633
889 340 763 865 893 989 456 308 894 309 773 641 689 280 207 38 464 709 940 111 586 844 637 304 231 28 129 403 136 476 240 834 469 125 112 423 602 158 180 793 417 616 331 106 679 456 708 811 740 843 474 989 757 370 1000 50 912 745 9 774 183 507 891 546 825 965 80 6 5 663 800 249
28 19
920 741 154 74 828 3 864 698 303 992 374 334 463 499 16 571 917 888 119
783 223 222 172 987 725 118 752 814 867 621 453 265 20 470 65 2 875 198
352 672 788 173 501 131 169 120 665 447 402 287 927 26 273 548 556 759 326
688 880 305 383 96 168 242 358 490 482 941 972 127 594 703 922 101 902 611
173 294 350 597 65 705 557 512 350 411 267 884 277 189 511 512 2 313 103
572 174 753 629 817 461 163 472 246 481 59 115 677 629 912 371 254 331 165
571 835 568 45 342 697 881 920 158 214 600 904 323 369 474 112 797 566 167
784 357 803 348 595 728 241 890 118 717 413 16 730 453 662 52 211 936 183
708 593 383 824 456 182 348 966 730 253 741 88 325 456 411 294 86 722 364
5 9 800 230 140 631 438 782 239 354 766 895 443 687 768 832 596 539 275
783 700 809 943 190 767 187 372 270 412 621 347 431 165 303 27 891 279 668
477 526 648 534 203 646 147 152 523 53 217 798 992 591 402 367 595 399 103
885 180 822 860 795 831 437 86 520 988 938 156 257 389 833 169 760 62 213
66 635 175 947 596 718 639 53 254 56 953 652 262 627 95 245 772 780 453
614 394 116 260 0 959 579 414 981 523 685 556 967 494 672 818 153 180 809
13 808 756 626 123 330 828 492 776 247 427 932 424 355 627 231 645 904 852
794 410 787 950 756 554 70 778 396 251 420 494 390 993 820 275 911 108 650
98 363 349 392 43 736 893 415 304 827 192 987 444 913 140 939 692 722 304
689 792 4 563 426 604 66 328 823 267 369 362 233 30 270 99 814 200 752
404 432 519 668 254 102 901 475 195 35 672 463 839 443 816 815 838 633 146
415 106 216 83 83 778 417 68 855 714 303 376 456 148 812 336 522 399 882
72 972 762 515 271 635 7 910 790 407 496 18 77 841 567 675 390 187 875
664 787 866 93 962 77 207 758 416 941 445 547 830 374 285 218 231 283 706
315 123 968 407 329 11 748 328 601 938 605 93 808 862 752 260 112 941 148
744 625 234 351 540 513 450 791 107 495 176 813 584 636 127 933 800 735 757
529 166 929 137 405 260 201 738 543 808 851 996 174 989 793 39 326 458 998
72 762 374 849 868 930 597 104 822 366 516 195 178 196 345 563 515 353 964
904 568 7 598 31 808 722 618 128 754 403 653 123 465 883 639 246 963 276
