6
8 97
450 101 798 530 712 9 710 389 211 932 938 266 365 159 819 312 251 174 879 161 809 165 270 839 894 498 280 368 503 369 637 622 71 589 713 837 266 487 831 924 876 658 652 613 325 862 902 499 561 186 825 983 892 395 769 441 819 246 391 629 69 99 53 974 708 627 662 971 103 953 284 639 675 155 355 20 539 346 844 364 785 495 911 456 480 54 448 79 28 394 7 199 666 92 864 927 183
499 831 353 683 213 299 675 974 991 843 209 440 462 188 344 641 807 930 900 941 374 437 96 338 587 323 402 899 365 565 29 2 68 209 246 82 628 681 712 543 736 715 329 636 926 181 692 750 881 330 990 668 947 374 759 166 487 523 516 139 70 955 913 975 381 654 928 625 69 205 443 230 126 355 441 275 269 896 701 86 161 544 470 208 8 75 803 62 262 43 159 28 993 463 301 178 75
968 50 498 609 21 206 990 787 650 471 674 218 580 806 304 487 559 345 864 953 954 487 354 166 242 660 859 686 965 356 996 862 109 556 764 384 861 379 468 19 233 200 21 435 440 395 324 668 1000 874 985 242 906 831 117 443 436 649 7 741 965 854 338 286 410 935 232 929 380 818 984 251 582 908 916 889 230 138 130 686 171 749 17 189 313 44 90 327 341 102 213 798 157 441 852 464 593
851 975 26 287 756 68 192 417 798 833 386 667 25 623 959 773 912 510 357 895 439 343 790 214 315 78 258 281 94 694 105 953 360 786 781 978 476 470 84 294 218 63 881 304 312 776 613 4 701 745 172 674 730 48 293 800 886 954 915 945 899 415 95 64 461 692 739 786 511 317 74 916 145 746 719 380 578 351 945 167 164 627 478 104 994 648 835 992 480 616 316 742 742 829 73 897 662
630 233 726 177 832 1000 755 972 641 966 321 927 440 439 874 982 660 247 258 491 705 811 128 230 321 638 644 780 861 396 477 947 849 632 698 408 136 439 678 257 710 454 586 863 596 337 325 715 170 924 72 693 718 993 351 724 404 227 291 155 931 453 523 123 616 780 675 920 870 712 960 929 472 127 137 289 808 892 528 292 165 302 25 145 167 162 495 869 553 515 479 835 865 930 18 485 990
435 965 973 470 381 298 362 145 747 484 693 42 232 402 22 738 298 8 271 505 405 864 251 41 330 717 574 781 490 264 267 106 403 250 760 144 970 960 122 499 79 683 917 756 693 665 289 982 936 29 745 224 38 223 845 932 498 984 386 821 661 393 739 979 570 932 618 561 614 212 177 23 905 671 744 551 732 401 43 751 103 705 104 692 351 270 475 861 38 791 818 708 674 97 942 976 748
415 930 247 307 560 526 702 613 119 943 51 798 598 870 425 343 197 708 688 783 770 224 977 708 981 998 349 691 523 21 240 466 872 951 192 923 829 566 587 383 155 686 626 319 848 511 205 147 705 210 224 112 847 967 914 124 946 402 4 544 131 672 925 108 861 807 715 969 656 227 30 443 936 184 825 730 672 954 130 403 275 575 459 294 445 572 810 992 586 82 482 892 826 845 201 215 884
865 338 871 870 870 494 811 312 658 900 474 288 5 706 788 792 477 215 370 859 489 35 555 578 131 441 412 591 617 956 55 869 687 799 902 747 144 711 605 450 578 190 190 766 321 37 300 280 751 602 870 770 739 880 847 907 458 70 250 833 250 289 421 648 2 338 582 772 831 315 949 549 677 738 137 608 513 768 111 981 811 692 399 112 754 555 864 152 754 205 886 47 436 623 241 888 76
95 19
32 477 671 301 921 121 534 650 866 225 789 121 271 798 661 526 668 675 538
940 189 266 64 983 193 383 751 633 81 154 759 264 672 303 997 717 954 453
913 716 903 384 931 333 465 682 13 100 38 693 517 947 872 952 844 306 777
161 240 953 696 990 422 14 910 465 176 997 791 729 309 493 344 108 516 537
532 940 398 200 721 717 601 649 930 525 454 598 175 781 37 259 95 609 298
435 777 815 627 214 437 309 115 814 488 168 819 498 331 295 973 980 93 255
595 497 636 36 123 687 249 593 300 181 297 510 113 20 353 978 549 99 244
486 824 640 727 504 729 117 204 368 736 273 974 155 999 354 128 387 903 515
953 758 789 25 395 790 420 469 892 475 441 529 708 642 147 622 509 39 24
404 531 704 148 301 837 480 586 501 122 134 858 77 407 302 169 241 556 252
704 211 833 27 941 915 727 827 708 847 854 565 590 637 731 83 629 882 738
985 18 192 240 211 251 711 586 781 649 970 656 276 205 472 386 978 281 54
880 473 492 953 413 215 518 281 852 625 744 470 861 256 640 290 761 476 112
879 363 11 776 99 642 36 5 432 870 335 419 472 649 548 259 444 389 675
362 38 812 147 446 724 81 383 943 50 26 530 895 972 67 613 747 326 964
129 386 602 754 360 675 479 985 463 638 491 151 469 516 405 589 859 711 977
542 539 826 453 999 752 347 578 326 432 807 771 739 839 689 335 606 657 111
548 378 712 454 822 782 792 713 550 455 777 606 559 804 998 686 211 270 107
932 62 598 397 401 657 558 261 458 512 528 310 507 678 567 833 516 350 690
684 587 1000 635 492 567 536 226 610 984 29 572 567 784 164 177 169 106 914
588 181 426 927 328 897 906 787 305 68 113 973 824 942 861 727 228 910 114
33 18 859 394 628 98 969 5 220 262 613 334 122 756 775 700 954 79 810
333 52 715 430 246 811 265 480 135 618 279 26 711 745 335 958 855 880 776
484 758 939 952 457 292 433 848 864 373 324 501 345 727 836 783 721 379 560
542 126 935 623 308 58 817 591 340 641 496 379 19 517 526 901 343 651 169
530 258 694 13 764 372 222 711 187 491 590 867 635 215 881 610 292 493 720
91 434 716 348 595 607 652 299 389 215 719 10 508 76 981 708 389 995 408
836 288 621 220 804 479 791 743 28 30 372 959 820 888 71 733 64 241 751
36 924 660 674 544 411 545 474 584 786 274 830 981 836 129 440 737 42 609
479 214 649 843 112 907 69 148 227 609 277 133 643 434 131 786 647 494 426
993 680 808 868 880 563 765 170 984 453 506 2 671 869 492 56 560 130 402
701 811 239 504 959 932 192 664 765 788 717 186 400 196 7 800 80 501 228
36 36 785 312 626 596 770 574 473 539 808 850 748 704 353 871 82 783 147
713 982 35 674 687 393 525 431 755 181 132 66 804 526 892 493 501 209 662
561 64 83 51 466 537 122 212 653 790 878 455 168 321 407 93 731 35 658
782 372 420 564 461 806 695 462 158 258 34 886 170 734 807 870 179 867 320
556 830 159 928 219 466 681 60 273 8 815 740 759 679 344 987 400 15 121
457 414 375 282 573 922 41 72 665 406 166 358 618 763 25 833 546 482 375
490 960 94 917 935 473 565 496 322 377 571 877 415 635 600 513 198 12 45
181 756 815 753 245 985 283 746 956 636 36 150 505 820 220 741 596 535 809
221 125 353 889 841 263 118 463 912 781 27 152 990 985 460 559 710 453 837
303 998 887 228 59 457 141 395 722 325 209 772 85 299 775 126 389 611 244
225 51 910 7 937 556 728 560 283 354 218 335 218 18 285 51 141 194 999
862 493 190 897 248 740 550 221 62 168 992 280 257 686 715 973 426 653 933
19 275 727 760 827 296 656 460 697 772 906 80 896 413 196 419 397 917 558
687 411 35 819 883 879 151 754 681 132 623 774 758 377 376 275 980 711 283
963 169 186 319 64 564 653 220 588 85 741 92 581 542 748 26 377 650 401
475 651 597 144 130 203 500 176 880 174 866 339 845 637 528 570 776 100 894
958 2 293 512 322 97 177 347 61 526 299 783 390 536 663 654 480 16 524
439 294 54 955 970 52 468 977 351 488 708 378 390 431 40 768 264 430 900
373 390 561 255 116 886 563 254 660 183 518 820 275 774 333 588 479 426 608
182 967 427 153 528 200 259 960 301 460 137 316 210 834 538 710 986 199 321
915 961 548 281 753 718 170 291 289 754 220 5 842 677 102 616 509 267 212
405 652 297 471 765 451 379 518 992 487 807 62 957 575 41 57 116 777 130
353 70 465 398 942 540 329 517 148 482 242 95 772 538 213 417 286 430 55
283 569 112 838 945 965 196 762 869 128 195 147 591 213 475 608 836 617 898
82 419 746 766 178 39 477 852 640 478 251 805 471 603 582 829 8 597 453
914 648 936 505 376 876 480 73 59 467 98 875 969 533 934 336 973 172 942
765 878 185 569 331 559 853 992 301 685 669 584 834 315 853 121 817 502 196
739 965 582 546 990 22 502 648 435 450 947 535 171 935 87 43 748 528 322
387 534 370 889 392 352 683 531 744 425 779 426 487 125 19 821 182 305 887
391 535 517 298 3 608 289 503 507 402 938 163 671 840 262 272 705 354 178
52 393 669 896 282 150 187 709 349 544 662 781 938 85 585 992 573 658 490
354 981 873 692 387 212 223 540 719 727 895 339 696 563 696 863 585 629 329
942 951 634 916 960 385 498 290 554 550 893 310 594 547 146 791 361 680 57
57 521 293 223 242 317 528 605 254 902 258 929 913 827 335 685 802 607 790
893 1000 356 669 338 924 893 217 249 173 364 988 492 959 752 775 161 901 539
751 161 740 238 713 340 912 709 27 691 663 5 641 283 280 477 818 324 440
501 143 610 215 705 737 242 599 925 686 117 553 732 959 910 860 225 76 127
502 431 758 677 226 380 297 142 916 680 477 449 344 191 477 200 478 478 309
382 133 904 83 109 277 581 175 719 531 805 872 748 163 472 758 290 648 217
331 565 398 492 663 99 880 10 372 330 56 416 648 901 106 193 19 223 810
366 321 420 53 290 64 242 852 676 558 20 268 397 428 892 128 762 133 16
404 920 666 647 393 134 918 625 624 100 414 223 401 956 65 446 447 523 909
738 419 838 295 794 964 409 202 199 999 729 891 438 441 555 451 388 46 807
270 974 119 49 761 481 636 99 939 842 411 863 78 586 737 50 524 128 648
220 325 64 303 194 729 671 904 67 769 976 629 644 341 938 402 777 927 900
657 643 792 660 934 288 732 168 329 430 438 56 937 901 725 629 796 240 338
108 4 295 457 12 533 657 295 25 676 209 471 66 803 759 891 457 515 161
491 308 240 74 355 171 104 562 833 535 236 770 173 830 588 775 252 33 189
252 265 19 244 543 748 811 916 360 93 954 290 612 624 12 415 626 707 955
289 189 877 920 548 801 394 769 147 269 466 830 107 141 15 345 344 600 67
75 987 85 909 350 486 432 109 922 567 876 24 968 268 801 16 251 844 770
919 31 417 919 88 0 368 639 119 689 116 635 369 274 27 984 904 657 526
719 652 435 782 511 461 581 104 710 160 708 812 301 28 349 893 720 645 781
701 969 700 714 596 445 700 114 21 392 750 572 433 987 947 931 635 682 479
167 240 22 838 514 709 320 854 393 456 700 925 632 909 561 811 155 470 126
232 418 468 999 704 879 102 861 313 193 219 105 865 117 284 191 402 428 914
264 243 435 500 141 460 590 69 552 15 997 973 489 489 996 310 153 454 303
605 69 164 268 126 651 280 526 787 642 576 877 237 272 359 971 494 335 39
986 688 356 198 410 655 315 700 202 341 21 194 711 447 730 531 483 845 20
661 558 149 664 274 767 881 93 554 745 88 807 141 421 891 745 212 313 956
125 825 63 26 322 163 66 709 170 639 838 629 688 599 782 284 325 422 335
586 896 888 918 218 735 410 534 832 599 37 83 715 138 966 514 829 757 770
8 606 778 769 116 734 144 140 932 304 567 807 549 877 168 250 720 956 7
43 70
784 841 791 821 872 223 282 16 154 780 293 351 559 269 589 161 338 277 435 532 341 965 732 675 430 581 452 368 479 203 729 249 319 658 909 840 939 493 537 431 977 568 210 923 945 390 129 276 999 998 120 116 135 642 819 476 636 529 943 392 914 206 629 923 280 430 17 329 384 680
92 932 966 502 368 674 298 325 790 209 725 488 559 967 903 266 737 520 278 550 162 328 376 959 20 777 73 121 467 549 870 568 104 642 443 256 742 547 434 426 266 972 32 795 851 804 437 905 618 864 420 976 515 179 768 295 314 529 626 973 89 561 986 0 395 789 380 519 713 978
593 113 339 489 814 368 266 164 401 129 540 495 207 775 51 42 503 447 680 339 76 133 276 693 533 722 30 304 141 842 532 192 861 509 600 595 275 326 954 968 192 809 608 979 388 812 618 958 815 886 581 263 802 961 872 187 144 837 235 878 17 709 557 537 565 9 655 936 205 16
666 147 950 851 548 216 93 241 201 795 14 125 98 582 789 721 438 956 740 825 532 301 568 186 196 934 359 821 21 284 421 304 735 801 497 801 486 764 156 705 965 531 934 803 56 587 738 24 172 756 406 507 768 507 285 486 925 600 970 200 152 345 992 103 398 325 310 116 776 272
242 466 175 944 742 742 45 367 4 943 136 268 914 868 0 605 948 337 642 88 697 336 429 100 5 71 824 613 244 366 463 123 417 415 658 191 683 415 13 766 714 315 578 503 814 517 236 479 957 627 808 930 542 378 463 451 856 352 152 360 663 825 292 947 266 591 802 73 55 271
982 990 452 958 747 233 721 281 818 938 871 179 677 233 92 549 626 18 779 354 440 209 26 907 979 690 44 758 885 704 367 615 87 634 543 676 956 773 604 50 348 54 318 62 873 316 295 805 546 660 190 74 59 538 275 816 205 287 801 172 939 240 872 470 471 99 529 379 747 795
250 834 434 516 541 849 169 25 209 716 846 115 368 793 43 7 703 917 460 601 120 53 123 434 176 211 272 438 700 19 182 920 514 370 97 64 933 835 576 558 509 567 718 557 90 903 457 855 358 460 699 650 360 833 146 535 546 843 46 24 632 65 25 572 5 433 976 393 771 975
705 675 736 819 674 680 715 210 83 756 464 981 948 963 73 928 789 499 175 992 54 20 478 96 903 12 756 854 891 699 332 542 460 435 45 196 488 171 904 533 828 697 905 413 410 567 550 180 461 219 341 885 635 666 641 819 161 101 964 638 5 368 760 116 319 748 555 934 287 244
999 580 7 124 246 876 385 935 360 563 727 947 433 270 103 834 395 718 519 357 788 745 521 472 916 510 469 82 264 681 769 842 605 781 400 173 177 917 999 695 768 965 372 661 304 229 745 13 292 731 544 731 740 624 827 176 63 228 282 550 34 175 140 631 421 575 412 746 572 344
684 214 721 265 127 620 532 472 264 497 325 312 106 580 809 282 120 83 338 270 844 333 999 815 903 622 900 368 522 934 557 870 868 947 737 263 732 149 918 647 342 8 724 267 968 740 743 348 975 420 968 304 20 69 572 933 104 297 560 957 78 563 426 952 352 30 900 197 593 226
77 905 883 381 892 91 904 189 318 171 306 621 187 464 951 35 155 304 294 807 370 429 924 131 8 849 430 28 274 392 762 232 180 14 848 169 183 547 241 820 408 711 275 299 772 846 456 335 424 228 981 164 861 170 489 865 52 859 627 503 504 115 801 121 16 487 349 413 553 453
427 833 153 450 650 24 477 625 387 849 465 380 284 35 146 840 813 47 640 509 428 219 438 832 663 279 74 506 192 559 110 660 910 946 898 742 633 639 498 871 758 77 246 120 768 738 441 161 552 881 663 964 155 646 149 809 877 939 58 350 176 404 219 593 467 204 800 569 850 157
60 830 650 626 37 192 641 37 880 457 805 303 333 738 363 701 542 887 99 781 925 19 670 136 899 515 78 956 755 789 509 217 151 91 357 518 489 185 450 980 246 445 53 852 209 324 233 974 439 443 763 759 243 638 229 539 993 895 899 729 863 4 530 649 546 961 514 752 972 29
313 594 25 540 284 824 447 316 142 831 95 379 889 567 663 601 978 431 780 858 764 66 471 86 475 457 574 378 278 688 908 643 820 162 456 222 276 992 962 64 226 749 44 789 646 47 748 86 714 150 723 153 554 380 934 264 262 920 784 270 129 223 590 476 315 878 356 35 485 781
876 110 831 901 114 717 925 388 427 173 271 994 916 518 220 581 328 590 305 597 844 845 483 888 612 568 193 992 783 862 704 271 502 836 810 627 424 671 658 895 183 589 545 60 902 633 960 227 625 784 22 989 82 480 405 692 757 548 318 961 58 653 468 21 587 716 771 266 81 913
321 829 193 303 400 782 318 51 185 442 40 323 463 469 489 608 418 178 51 828 590 920 299 48 896 255 648 888 533 64 757 893 392 892 459 747 954 960 399 244 188 625 463 47 988 395 696 508 564 451 488 538 36 958 989 196 309 686 326 345 191 951 368 419 578 88 774 279 338 271
404 736 545 595 58 143 184 150 751 640 514 883 695 324 122 65 372 205 182 472 842 419 502 990 18 398 260 760 253 625 532 735 497 989 63 301 490 82 308 367 36 894 152 226 174 651 579 87 191 571 978 500 184 521 820 90 47 1000 594 788 901 188 960 36 98 167 834 656 257 930
187 550 190 554 607 188 876 621 655 479 402 919 857 890 18 483 269 548 741 316 32 81 581 793 565 746 417 289 284 473 729 231 656 255 713 429 398 962 933 315 443 640 796 393 591 538 44 291 545 104 677 586 952 553 615 260 896 193 190 397 815 540 925 80 304 151 454 194 227 800
623 23 328 321 988 173 813 702 630 122 288 804 61 955 823 223 603 673 525 935 607 667 748 452 421 248 705 75 580 815 841 401 50 226 970 86 839 291 737 6 208 413 144 262 440 198 101 406 415 146 313 15 21 735 570 55 613 549 68 186 522 355 920 164 179 481 837 34 18 789
837 696 339 456 944 813 969 301 309 103 700 486 985 881 692 257 746 257 354 153 878 103 949 843 478 34 209 873 928 627 862 389 560 818 316 930 549 318 259 600 258 905 73 952 663 628 857 724 106 19 845 514 159 691 273 212 115 230 934 887 757 431 160 576 464 329 433 52 277 320
397 174 52 696 670 562 311 818 236 561 327 867 603 8 839 767 941 938 783 49 586 105 144 874 465 719 793 82 493 373 977 886 828 51 810 16 9 455 584 138 303 399 94 943 94 489 789 67 364 319 161 845 306 941 880 195 862 664 337 340 777 530 169 597 423 154 698 121 635 126
549 87 81 38 216 353 143 418 315 839 207 641 182 227 674 189 162 209 974 735 330 928 339 219 309 505 832 941 695 995 298 803 842 64 706 523 760 464 866 888 134 840 245 247 813 395 592 565 24 880 623 586 756 550 63 583 203 351 26 65 459 776 305 112 228 324 979 543 522 896
795 697 476 776 1 382 650 0 679 898 859 682 637 562 788 345 630 432 871 890 598 196 855 354 583 158 601 532 903 602 270 129 590 510 440 223 825 260 215 175 986 706 423 679 387 821 511 73 807 783 176 788 549 975 383 966 226 745 280 787 291 286 111 72 825 424 895 733 867 73
526 73 929 196 263 139 104 72 963 979 912 752 633 710 790 931 932 946 450 283 293 757 428 76 720 431 62 634 67 258 130 686 559 829 624 713 285 489 105 208 115 98 508 429 295 48 527 721 559 158 907 68 150 955 14 470 659 61 735 900 3 845 646 857 665 99 119 711 81 903
425 375 788 950 728 610 415 457 189 894 933 355 449 194 902 119 3 539 413 768 265 960 2 795 203 588 560 124 377 982 808 509 862 632 954 20 839 269 256 155 558 315 172 910 869 885 932 764 648 237 236 794 9 487 989 870 994 601 623 595 431 410 734 50 409 290 582 198 490 448
323 920 496 509 164 172 957 285 72 16 70 181 850 962 603 810 678 45 895 420 42 398 948 461 333 657 472 836 265 108 736 630 986 849 747 495 797 228 318 859 102 664 772 336 538 720 65 152 950 484 722 782 875 67 736 21 873 77 369 784 610 239 971 362 721 873 579 335 647 363
426 920 917 863 37 441 260 483 485 253 463 926 950 6 41 444 359 933 48 787 777 458 125 277 74 879 31 188 534 670 419 312 336 24 110 715 589 949 586 738 740 573 940 822 600 135 643 900 763 147 794 436 40 980 234 266 469 484 226 238 149 556 970 377 405 384 746 542 31 185
847 325 883 685 585 500 373 74 505 553 136 75 213 98 811 218 963 455 767 691 758 783 205 345 342 259 533 532 121 548 594 480 804 110 868 885 201 426 394 327 543 645 565 686 314 586 508 288 264 20 508 427 608 809 501 878 863 506 944 417 179 739 66 460 456 854 278 928 879 161
240 171 480 178 128 868 205 223 222 236 680 999 828 527 619 116 922 583 62 206 231 902 420 386 944 974 803 608 345 901 262 725 130 34 959 670 673 48 819 240 652 694 41 296 382 649 300 42 74 747 823 779 994 276 283 199 639 629 917 598 953 819 430 957 931 286 132 144 221 935
680 209 200 961 836 468 514 614 553 37 204 334 137 328 966 918 678 624 569 148 319 957 114 662 125 461 421 881 115 552 17 443 507 439 48 36 906 733 844 745 519 880 378 804 306 695 146 212 613 776 555 104 52 648 523 116 473 696 543 832 374 799 753 525 108 231 322 854 19 618
243 258 316 23 635 818 105 576 962 438 798 376 973 508 566 867 371 798 562 298 105 121 287 790 282 72 863 523 726 30 606 989 60 90 626 686 384 647 911 224 51 346 777 871 398 41 729 311 807 388 514 576 103 385 924 392 156 876 391 884 955 392 4 277 591 986 702 493 573 164
948 663 924 315 313 558 151 918 60 14 680 292 390 998 218 501 443 680 62 449 381 929 233 274 531 81 904 349 892 330 672 799 535 953 154 115 758 660 968 710 438 546 951 531 698 724 839 349 408 214 577 139 719 521 709 791 961 680 503 897 910 945 487 261 782 829 104 408 107 691
966 675 898 164 204 893 957 231 766 342 600 49 181 229 910 346 825 341 916 419 803 534 764 900 235 561 338 984 746 935 9 68 815 938 684 413 724 574 670 454 131 40 934 950 523 518 820 56 748 632 208 149 804 166 433 295 432 608 833 838 483 934 863 385 599 177 362 330 996 213
12 85 627 841 193 589 214 784 744 184 545 858 634 696 137 128 551 672 80 624 897 521 585 373 999 535 672 866 194 333 702 408 694 18 355 566 140 942 192 322 526 466 756 946 371 477 759 712 602 203 909 713 757 200 124 284 657 189 921 640 862 698 969 533 914 593 964 611 105 612
550 362 657 679 316 431 762 596 223 278 757 426 669 854 405 357 45 259 269 725 61 177 849 819 167 9 602 788 982 308 668 105 573 172 56 673 406 960 803 546 878 598 664 684 211 403 411 304 478 815 278 978 825 847 193 130 960 416 549 100 62 496 701 494 651 491 907 882 34 797
371 22 360 489 861 289 392 889 270 605 62 573 529 275 387 314 82 950 114 774 727 540 228 381 369 850 581 428 922 988 779 306 108 792 730 994 898 131 75 588 636 272 456 121 297 524 877 65 38 680 538 933 96 240 905 833 73 239 368 46 123 136 955 367 257 49 757 7 816 327
942 513 443 742 805 242 54 975 490 502 179 312 197 303 613 118 896 154 954 353 394 447 530 323 205 597 956 563 87 148 918 4 508 270 433 183 741 405 910 672 470 770 578 619 330 746 75 105 340 218 368 379 412 349 466 767 708 863 998 490 807 466 881 349 179 610 169 733 387 55
946 4 724 785 487 508 737 18 163 774 543 787 516 746 693 814 348 501 907 858 812 197 489 781 383 405 602 554 611 76 213 104 413 995 112 230 762 393 189 919 47 562 160 7 289 108 586 187 763 658 619 862 490 943 824 860 158 863 460 231 956 908 838 166 563 476 545 1000 18 348
869 652 206 370 274 263 384 151 909 546 647 18 854 82 823 361 535 263 518 143 558 402 503 252 892 330 364 687 235 852 186 526 511 520 489 802 1000 301 25 389 54 15 951 64 493 180 460 277 405 104 179 405 188 441 381 574 657 152 90 605 533 933 501 399 175 415 882 659 783 98
986 881 430 341 853 804 28 814 477 791 683 806 451 242 68 226 924 618 734 165 860 26 946 220 394 652 387 921 396 593 493 974 369 469 284 170 868 405 460 590 135 760 256 465 218 599 861 760 737 22 731 968 987 672 164 528 251 104 132 880 570 843 537 983 923 277 684 760 183 821
557 841 285 87 826 557 625 400 921 171 742 967 473 242 699 48 501 621 147 19 514 279 224 640 545 11 685 875 80 129 309 98 361 744 574 450 385 79 945 155 614 585 532 424 75 376 643 376 439 863 801 762 95 225 485 864 595 344 971 38 623 469 151 271 352 413 172 208 927 825
413 371 198 739 658 334 469 912 994 998 9 850 15 515 222 13 407 916 19 733 989 218 942 821 910 0 301 246 888 804 878 148 522 702 919 524 908 559 619 865 793 876 638 130 927 979 313 162 608 585 869 74 682 364 598 468 598 480 754 958 605 801 39 961 392 427 129 972 54 593
776 651 356 857 960 506 468 344 854 861 62 715 995 518 407 336 986 112 868 559 571 101 978 173 130 613 129 581 188 846 376 150 894 965 569 830 698 752 753 121 267 265 798 354 606 144 903 821 457 367 637 968 333 91 259 495 740 21 454 862 809 288 452 108 600 795 456 323 80 925
5 12
267 413 799 180 435 31 50 518 179 572 718 186
208 320 233 998 487 701 630 8 536 135 4 56
438 526 517 521 598 193 116 736 618 918 994 867
593 792 965 304 888 694 115 623 524 835 486 895
193 620 705 626 610 258 325 698 368 240 552 926
86 77
767 203 335 687 980 542 461 712 573 519 194 582 1000 91 333 372 329 442 749 58 958 928 157 102 515 944 165 361 376 547 596 287 438 558 770 208 211 687 720 910 692 442 945 499 836 463 153 659 858 260 492 971 970 596 271 648 440 543 184 922 317 770 70 464 873 970 884 396 949 105 921 918 556 926 885 280 927
403 524 755 786 464 265 985 843 600 113 178 865 296 68 635 545 984 804 349 958 597 773 202 674 216 557 379 109 557 558 126 748 246 510 792 868 860 99 865 409 842 442 904 318 24 319 23 22 620 115 631 714 745 396 264 483 801 577 155 861 792 936 887 842 417 865 443 755 303 704 926 148 529 128 922 433 323
397 196 428 578 774 71 707 448 719 507 330 817 413 707 841 423 98 369 720 431 320 963 360 172 193 363 330 366 250 307 378 45 961 128 74 977 455 781 10 973 197 210 459 900 762 403 402 798 751 776 384 197 483 761 93 926 315 308 758 446 579 746 957 644 524 121 621 338 670 460 580 590 24 517 533 804 978
729 367 456 49 381 462 348 723 631 28 582 326 958 718 829 364 267 617 417 379 508 68 87 555 290 862 881 958 416 101 396 647 112 552 499 387 723 570 596 586 286 797 805 112 658 622 485 118 811 566 541 726 734 792 0 740 456 7 812 695 516 202 686 734 998 514 912 801 340 563 186 827 76 603 130 974 859
100 783 670 827 63 537 258 627 575 259 712 211 877 722 210 846 862 701 104 2 318 965 479 881 168 111 810 147 28 439 598 890 771 211 599 318 549 157 185 519 819 403 788 740 213 612 979 203 436 309 639 341 718 447 209 672 201 495 788 65 579 119 748 899 842 983 86 227 204 346 512 816 555 723 917 598 471
734 982 873 893 135 669 472 5 1000 657 886 352 180 57 623 652 804 856 104 61 643 216 950 291 843 519 187 3 364 549 456 184 362 397 238 480 646 988 541 472 71 123 986 11 913 442 560 904 733 687 930 115 824 554 666 256 602 968 538 306 320 484 417 734 358 966 168 184 382 95 361 983 190 505 309 476 986
109 947 876 520 599 99 231 883 362 134 520 450 993 530 940 148 178 607 739 807 622 938 105 44 699 688 188 749 255 929 201 627 219 406 586 941 532 749 744 949 58 523 597 134 196 321 87 850 758 983 692 707 411 712 658 381 394 214 14 12 707 540 284 66 269 695 342 88 51 445 379 306 920 399 664 792 504
397 793 767 142 694 49 25 378 239 263 377 575 219 962 85 455 81 401 125 985 863 316 632 881 165 566 381 613 471 587 825 109 903 528 219 97 67 894 628 615 54 50 1000 509 358 749 718 304 387 911 512 502 875 809 393 408 268 215 435 443 548 234 628 324 797 563 614 189 36 315 627 128 57 576 613 65 14
145 754 405 577 729 776 807 977 896 634 37 613 329 509 418 678 304 339 286 261 27 103 688 84 580 888 220 232 407 416 757 386 137 431 455 909 412 587 459 172 832 463 178 379 547 132 735 984 533 806 274 68 400 334 91 487 152 895 900 330 359 628 468 536 565 104 485 915 551 917 979 168 190 169 70 462 836
751 992 616 528 781 301 532 427 839 190 714 225 429 92 832 652 833 198 45 278 748 932 803 240 141 609 804 331 283 674 790 218 818 202 253 799 552 984 26 976 35 223 116 828 176 541 590 428 100 781 203 826 400 21 465 317 885 350 706 241 660 525 225 521 800 104 120 171 824 926 707 913 283 321 370 920 907
202 499 483 616 822 959 626 130 558 103 106 699 263 764 752 259 817 898 692 223 673 695 584 180 694 688 648 328 824 125 372 546 796 33 489 205 640 505 549 40 85 224 675 550 146 366 672 729 202 94 713 486 940 251 167 950 518 396 688 816 519 754 577 405 616 961 885 79 410 608 376 382 19 960 78 741 647
460 830 28 557 172 608 245 145 920 104 387 282 77 554 88 580 840 74 112 509 551 792 467 279 617 363 27 623 83 189 686 881 222 661 288 409 566 164 357 280 560 818 862 263 841 264 598 667 483 580 674 197 629 831 596 59 468 567 904 642 120 233 17 491 817 755 677 986 935 624 935 375 783 507 730 810 288
231 457 634 73 297 755 276 841 449 543 292 438 814 572 323 306 857 912 445 719 247 239 71 523 766 726 813 492 150 973 244 252 258 131 701 592 496 822 57 660 168 193 579 972 395 542 209 858 335 419 605 361 776 761 144 74 743 188 49 131 351 339 409 367 800 404 88 353 280 879 218 18 237 323 974 945 76
207 762 486 327 380 654 166 44 190 468 933 5 897 518 404 739 943 672 922 52 726 266 257 424 222 577 22 856 607 406 425 10 983 797 408 126 612 316 901 452 569 903 827 721 792 375 668 194 668 53 589 363 109 313 231 424 39 983 767 962 741 436 895 195 403 351 197 612 222 849 939 521 946 455 90 859 306
298 164 343 656 250 5 495 103 357 891 322 134 186 108 658 875 110 97 283 807 480 772 557 699 518 284 260 101 80 292 431 21 35 496 456 585 477 602 934 935 673 800 703 626 121 667 326 648 813 721 711 882 747 99 420 946 495 982 115 740 57 189 596 623 77 960 245 69 279 700 334 895 573 134 213 709 595
923 272 801 453 316 369 399 808 377 165 702 232 680 355 640 739 127 765 202 710 335 891 958 982 900 517 835 535 119 393 906 629 574 92 906 641 55 582 146 803 457 3 504 146 694 248 752 48 689 927 514 841 677 807 311 837 283 251 91 186 209 513 148 178 859 282 798 72 497 649 373 660 297 940 738 636 273
312 239 483 232 768 992 813 22 508 314 387 277 774 526 806 419 961 807 190 610 617 683 37 923 635 498 638 607 857 442 62 417 569 345 394 514 681 95 291 143 963 94 911 11 514 510 520 547 295 467 910 526 1000 526 666 502 195 289 473 633 608 262 251 522 105 576 629 912 456 863 219 368 191 386 143 247 424
652 985 23 765 205 952 311 578 178 374 366 8 691 536 621 208 48 437 800 900 857 366 400 354 626 158 123 537 792 916 521 826 213 285 534 681 114 94 579 100 770 602 916 455 117 972 181 156 390 832 99 225 600 264 641 738 370 664 779 793 794 798 380 304 436 24 496 580 691 468 934 497 508 669 421 628 973
45 153 825 533 500 270 363 792 840 607 596 37 247 276 983 222 996 53 5 966 965 308 825 867 608 304 810 972 223 33 570 895 834 561 823 725 958 664 863 470 687 0 855 995 326 866 369 782 583 648 556 527 936 51 246 488 193 355 137 620 469 586 939 726 858 405 559 7 866 511 683 416 398 410 464 810 113
789 458 887 951 823 821 722 668 643 257 72 200 848 233 207 96 860 224 810 603 539 165 923 860 838 764 299 530 312 68 415 4 138 347 980 910 818 700 667 669 210 245 541 314 985 320 501 915 932 635 362 771 676 839 220 34 499 798 199 892 140 560 966 596 883 415 942 132 866 710 861 996 714 799 492 721 419
274 756 702 832 959 606 671 752 291 856 314 296 54 280 218 296 164 136 117 513 86 752 934 63 995 218 641 741 353 845 913 759 446 81 201 908 87 184 498 423 812 366 225 346 192 884 286 491 20 211 958 798 17 937 131 606 307 355 935 319 783 587 508 31 215 962 487 317 843 609 440 701 173 615 111 140 239
967 985 75 883 416 92 673 206 780 452 516 389 280 689 682 527 618 941 495 51 593 713 334 407 630 831 299 944 115 108 431 102 468 680 43 662 731 47 751 415 706 767 265 307 767 91 674 776 170 197 339 470 655 898 222 920 761 764 780 329 545 488 882 626 200 570 570 441 565 390 534 374 166 50 404 321 884
16 928 400 930 769 123 576 394 320 370 651 649 694 971 798 936 267 526 28 208 749 562 554 952 111 118 635 201 537 161 2 977 910 713 642 229 188 297 353 701 92 558 770 303 117 847 610 22 718 926 899 24 580 878 571 303 104 196 577 782 907 753 269 88 558 480 374 73 822 48 182 63 691 445 137 558 264
168 968 840 495 447 139 681 828 195 196 346 894 370 689 246 402 6 264 673 576 826 495 301 216 456 624 164 477 661 693 356 121 367 311 337 200 16 789 877 875 944 728 347 474 213 423 782 983 284 912 394 252 676 584 653 369 157 149 85 299 309 427 976 651 900 716 529 712 43 866 460 668 576 329 194 683 940
258 180 108 429 547 124 354 928 273 591 86 496 256 300 510 660 598 71 477 547 631 79 645 368 553 569 94 957 891 782 467 834 908 339 859 232 821 182 778 760 848 959 997 211 928 232 945 232 619 835 670 543 200 436 767 15 852 817 543 317 933 974 106 567 629 629 347 375 877 139 350 848 478 563 331 502 320
823 25 502 217 603 812 623 212 982 252 682 632 12 392 161 643 1000 205 673 958 509 935 260 991 410 748 486 674 215 200 611 673 488 420 576 855 802 159 771 513 642 432 776 48 430 400 500 804 81 254 650 750 720 895 677 647 557 695 601 699 206 639 917 274 927 187 185 53 273 175 146 119 229 681 29 178 783
720 550 790 800 418 656 945 42 615 914 803 350 424 834 339 897 455 718 279 95 851 711 444 733 45 244 232 723 546 661 947 255 20 991 19 367 661 278 495 410 808 24 783 858 94 339 462 278 186 464 129 177 265 33 901 874 432 175 930 486 724 484 631 689 767 637 374 76 364 19 634 74 596 509 360 979 38
462 344 860 654 964 192 787 508 227 530 139 818 428 984 849 315 386 124 597 764 984 662 779 887 534 465 656 36 35 104 36 861 625 771 946 748 701 64 399 711 956 851 59 796 505 689 401 901 929 721 571 454 729 189 655 647 804 873 279 693 793 83 864 962 185 12 913 508 130 382 893 256 467 212 36 404 862
729 86 292 819 621 36 172 30 584 111 95 868 172 490 267 509 667 358 705 38 11 135 242 920 221 926 489 86 660 733 411 545 827 364 269 280 135 771 849 973 160 649 371 130 894 38 457 711 224 204 147 329 400 86 863 806 653 457 256 453 524 929 956 14 447 713 58 948 142 487 382 172 900 560 263 577 643
528 946 557 913 580 291 495 454 112 416 952 997 401 963 245 608 200 559 161 401 414 262 942 438 923 75 928 452 721 519 46 384 714 858 405 277 27 329 977 920 530 847 524 56 512 907 256 293 717 967 926 848 221 757 964 276 402 654 689 107 426 583 732 982 976 284 341 508 234 448 109 544 288 405 593 734 723
319 78 43 127 438 158 177 710 891 722 248 546 245 670 583 847 642 310 687 828 805 556 2 121 616 706 302 428 382 855 10 770 208 802 716 561 809 223 434 579 518 945 653 612 404 373 987 855 994 872 818 964 668 818 219 457 505 747 699 111 885 337 905 829 243 821 270 413 316 30 311 938 173 637 633 740 65
790 3 627 605 516 826 230 982 116 935 318 119 915 624 804 777 574 647 559 565 352 874 787 313 718 781 371 384 496 80 371 143 422 242 722 823 944 748 502 931 442 0 998 678 359 350 21 544 505 572 717 732 188 235 882 645 695 769 948 721 676 143 363 194 944 60 811 933 166 685 854 108 733 693 821 717 729
721 438 326 490 21 69 926 686 565 705 760 592 116 713 837 910 778 726 667 49 800 127 254 587 690 163 227 130 838 445 191 260 302 615 928 765 168 276 183 253 704 795 259 606 731 88 324 522 677 244 242 918 284 745 563 917 826 820 690 961 784 108 845 829 234 178 233 318 825 491 351 129 208 362 375 408 898
288 35 841 417 377 847 500 125 104 589 204 829 775 51 619 665 687 294 178 223 876 707 333 45 202 588 906 702 159 170 326 91 189 351 137 390 388 744 25 36 49 594 752 849 137 517 72 304 142 912 889 297 107 341 646 336 771 874 97 624 540 79 334 374 386 121 539 98 582 486 940 135 85 270 860 359 677
494 675 478 459 530 563 233 650 129 929 133 900 349 331 565 11 249 730 765 473 226 503 669 873 835 36 633 715 885 82 58 393 134 734 687 756 233 832 14 676 964 499 980 197 455 421 49 572 883 982 660 728 8 896 207 922 301 941 161 662 494 124 565 236 134 532 673 891 708 377 71 764 851 420 80 290 126
710 85 366 921 199 587 552 843 49 616 860 5 52 172 659 796 812 926 806 939 340 166 668 413 834 152 204 497 888 497 77 489 981 680 110 776 131 923 972 275 821 558 740 40 496 361 624 929 265 679 417 200 681 504 732 440 112 242 825 534 434 168 175 7 54 466 892 839 935 696 594 765 582 192 462 258 399
262 161 82 17 769 919 996 425 681 28 600 85 905 803 681 160 792 229 50 895 950 680 441 803 92 689 256 530 563 736 217 506 178 340 127 4 285 447 275 91 961 365 567 188 853 859 627 201 281 597 228 66 916 54 942 710 367 498 359 99 184 698 0 489 116 484 586 839 107 587 516 446 565 25 378 205 794
318 69 551 697 264 248 970 369 577 989 853 716 184 115 876 311 707 25 136 329 514 983 785 726 137 16 838 571 734 255 152 63 128 736 252 404 324 965 751 710 478 125 446 749 781 408 160 759 926 203 392 887 238 900 213 431 755 301 991 511 71 633 232 736 779 915 464 245 707 50 928 572 230 677 712 670 522
742 107 635 965 513 6 3 834 319 944 490 519 337 165 254 547 420 245 553 861 822 829 140 374 754 639 125 556 586 2 512 165 573 902 331 831 656 650 886 176 981 112 483 250 555 298 538 143 381 751 419 894 395 587 160 350 896 616 351 44 58 540 830 902 925 432 633 862 271 938 703 770 80 771 590 447 833
60 311 236 523 571 462 410 974 846 110 518 911 350 1 363 894 954 881 757 815 525 793 917 639 62 481 853 467 866 780 249 227 645 878 137 307 455 575 689 280 256 492 771 696 285 280 494 624 543 459 650 218 943 538 982 714 576 24 435 285 409 799 219 500 479 29 200 37 49 946 133 24 125 358 767 66 689
377 255 401 487 474 530 303 365 235 758 425 38 550 598 588 747 619 718 759 369 146 304 837 469 239 777 840 839 288 789 147 489 380 813 58 382 840 512 61 1 602 625 340 977 512 998 291 570 198 542 615 956 551 752 203 30 280 607 517 77 5 168 361 783 343 449 754 661 382 834 551 115 401 211 677 103 50
880 320 146 855 253 398 609 780 265 205 768 883 760 709 597 344 248 374 189 123 544 333 13 214 23 860 563 650 664 760 571 743 407 618 86 494 594 571 295 602 464 316 698 814 699 572 455 624 388 304 671 539 873 631 633 20 504 45 726 865 988 895 48 713 202 17 664 689 730 874 706 14 107 741 244 600 385
14 300 671 854 495 949 956 125 626 353 395 22 72 880 899 576 41 185 407 110 878 298 643 222 454 329 767 908 277 798 824 911 678 415 905 692 114 951 896 793 209 671 438 278 760 960 23 905 35 432 350 675 294 343 673 325 264 998 113 775 157 943 131 187 95 866 188 473 660 183 904 821 904 128 746 51 186
730 725 70 563 647 221 147 417 462 821 437 284 399 976 882 300 628 573 663 510 317 315 834 108 83 472 950 634 987 857 598 321 181 189 999 213 756 634 606 337 735 15 806 223 986 844 74 770 42 725 933 176 727 946 452 757 276 200 343 661 553 938 264 143 172 184 210 252 73 993 62 469 506 31 714 521 648
621 271 779 336 911 27 650 447 401 584 140 486 827 373 193 734 665 600 690 39 426 389 536 870 794 757 574 69 256 775 658 195 867 977 423 117 202 456 798 385 472 951 846 787 186 144 787 852 36 696 957 767 139 529 868 14 926 627 912 865 43 176 799 418 774 544 572 910 416 989 271 571 186 222 962 342 108
54 305 287 657 967 740 459 111 686 958 325 671 930 492 536 763 56 126 773 91 680 479 134 30 97 716 30 850 756 796 129 256 900 818 604 908 979 327 141 209 767 918 260 779 704 143 315 429 746 899 655 278 281 871 554 243 602 674 771 996 968 862 555 215 857 110 522 476 416 129 506 457 474 833 544 172 948
810 54 972 226 494 601 333 758 278 429 352 551 532 119 584 90 624 43 15 375 955 428 929 114 32 502 485 277 206 191 245 52 26 761 967 962 279 47 278 165 909 746 454 523 76 282 901 96 926 477 623 848 625 374 843 679 20 211 504 204 469 685 328 265 415 819 692 509 312 301 214 183 912 39 487 143 339
222 397 274 911 300 772 507 767 393 206 776 243 326 909 845 18 347 528 486 357 50 259 454 245 471 638 419 747 938 685 640 286 355 271 676 722 813 126 895 996 438 49 0 552 672 247 480 213 148 965 21 402 384 362 995 541 962 338 896 228 357 546 257 62 5 717 144 357 389 811 517 180 582 988 639 179 83
517 493 678 488 693 927 617 411 740 810 732 580 28 259 137 787 558 286 65 287 21 748 111 781 170 424 707 360 878 22 55 425 875 20 604 531 28 366 113 80 62 306 224 674 960 436 805 500 54 387 407 103 11 819 375 565 898 364 157 440 627 752 835 986 968 702 839 702 108 30 860 612 354 486 213 652 297
741 824 814 695 896 658 683 82 497 846 56 775 720 277 85 675 726 300 464 943 231 845 912 194 104 637 990 680 410 606 552 627 101 427 789 965 128 22 138 628 900 929 656 698 688 928 198 113 767 554 148 316 692 251 730 461 809 544 276 741 545 674 974 106 162 841 131 242 191 226 659 935 522 318 783 376 507
856 309 716 797 788 671 194 528 960 544 919 480 61 379 346 217 466 390 542 618 717 638 67 621 990 228 349 807 215 256 637 248 490 553 862 72 197 663 714 917 847 850 244 778 663 271 848 179 696 595 861 997 426 1 261 317 562 802 593 864 185 684 814 757 879 984 970 514 844 527 861 350 951 409 325 291 747
621 580 543 872 255 282 215 852 300 542 636 135 759 476 109 636 33 210 688 383 501 645 27 876 725 689 130 47 212 791 454 586 607 881 507 828 498 99 101 492 994 799 202 577 713 751 117 572 316 877 257 443 616 260 512 700 273 601 566 947 778 741 754 947 338 581 138 853 590 333 187 743 909 119 281 993 717
707 9 118 477 731 776 804 203 618 625 717 730 512 314 516 718 408 532 236 24 928 144 565 304 989 377 515 213 458 401 891 79 714 541 642 594 462 259 929 651 239 722 838 19 830 874 566 461 595 191 258 795 412 873 196 634 529 884 343 597 131 321 675 631 131 461 86 843 969 148 310 320 421 87 353 415 766
96 573 454 540 198 641 566 577 983 569 641 2 486 530 601 128 166 287 986 515 444 898 553 163 471 79 571 784 585 249 59 840 862 657 708 165 490 13 354 736 605 456 559 915 455 858 965 204 305 663 313 796 689 184 463 977 622 842 140 660 193 444 592 60 594 362 338 11 378 936 847 611 580 87 719 528 871
653 373 143 910 938 214 954 320 237 563 87 439 881 450 937 429 847 963 188 789 108 997 39 924 850 417 143 806 932 773 164 749 123 809 319 308 221 714 234 374 728 503 541 227 143 286 140 480 882 198 586 89 306 917 164 623 198 85 135 997 522 962 370 787 266 881 372 19 215 305 706 968 251 990 564 459 318
313 286 172 819 229 467 651 35 894 110 919 748 841 22 280 299 673 894 227 932 675 275 895 168 821 655 459 319 909 906 986 967 144 554 433 679 290 140 552 412 503 581 690 386 124 750 190 221 67 639 11 183 263 992 232 534 112 809 752 688 817 686 22 986 765 526 948 590 258 64 625 408 510 883 386 718 144
788 916 387 640 589 280 906 373 611 322 622 299 661 332 738 852 645 874 735 986 299 455 33 592 843 852 860 226 562 376 397 85 945 979 686 677 72 333 813 669 253 881 70 824 885 13 73 749 513 380 574 673 232 975 47 545 450 700 305 715 111 365 537 918 915 908 645 353 923 49 365 412 403 845 229 39 100
975 845 244 15 773 364 781 487 537 679 324 439 501 667 64 640 182 218 805 999 797 887 737 927 300 858 943 89 768 164 958 326 880 791 613 649 637 758 935 723 407 53 588 596 115 600 926 676 255 445 473 415 581 132 228 254 676 976 654 540 939 49 507 849 961 614 715 279 314 108 19 715 809 520 638 38 892
233 886 289 107 347 53 76 210 439 229 56 402 688 340 268 804 128 779 181 308 561 710 227 892 390 554 486 608 683 769 873 499 289 262 925 785 611 335 152 189 407 202 965 466 3 541 473 326 988 344 360 565 638 185 545 924 686 916 435 341 824 575 307 583 874 472 923 224 933 851 528 704 987 381 871 547 386
119 233 672 106 483 212 910 783 429 740 561 258 18 969 245 522 540 270 150 780 444 433 377 245 601 699 700 271 275 52 967 388 847 577 485 732 400 796 828 200 913 635 987 471 768 827 823 467 416 232 37 470 589 26 190 56 630 15 791 71 405 239 509 962 786 860 574 53 512 29 267 910 770 558 645 642 767
555 399 801 163 951 918 812 875 703 854 389 515 824 378 803 130 491 889 569 255 107 162 416 379 595 957 976 985 649 56 186 566 593 554 841 84 106 889 283 527 161 359 535 325 20 150 259 398 219 738 628 710 801 296 153 815 526 470 45 815 749 528 65 942 730 528 889 806 539 576 146 161 882 532 74 511 674
202 131 252 19 448 53 713 66 833 363 989 20 373 856 542 863 473 952 772 806 196 685 141 713 938 479 324 742 101 928 32 256 444 785 314 585 949 1 718 835 436 746 274 686 479 529 14 533 116 288 188 76 617 948 275 987 896 36 4 188 967 456 674 676 88 466 125 613 852 643 717 756 836 593 73 909 7
715 286 375 96 62 244 515 564 194 141 648 544 324 837 817 483 443 683 369 622 866 762 646 891 641 714 809 782 210 421 81 323 615 642 848 966 815 853 567 14 412 541 10 857 863 84 309 804 203 66 940 928 632 274 224 431 249 772 49 5 101 902 434 722 105 621 705 312 66 738 709 132 489 879 371 426 112
382 643 630 737 533 347 942 342 223 371 46 765 206 284 320 246 622 317 256 631 778 100 622 422 722 652 943 847 204 565 359 838 119 129 532 456 859 730 239 33 493 639 628 329 887 136 408 161 448 213 713 24 781 284 894 915 176 889 206 99 990 583 693 327 861 990 1000 241 267 732 601 723 326 66 468 715 8
519 743 4 155 458 804 836 632 477 396 37 341 482 202 550 772 119 624 744 123 965 737 790 887 966 727 375 977 974 36 447 588 642 676 150 14 338 669 495 559 188 591 547 382 254 118 819 28 551 95 506 191 510 951 673 367 710 432 533 484 237 175 452 926 629 632 699 754 414 572 889 275 20 999 585 318 74
543 299 842 604 292 493 58 947 407 956 140 525 306 328 76 172 987 511 609 830 82 195 684 969 628 413 412 673 205 718 841 948 312 777 912 78 559 272 957 987 92 465 715 193 817 288 436 606 956 741 575 459 182 791 442 238 855 573 667 209 290 715 302 746 442 584 703 732 44 83 148 919 711 440 750 328 607
891 954 478 611 659 234 27 857 804 138 787 585 207 776 307 436 834 723 365 493 166 715 601 57 658 305 723 622 198 188 545 927 101 124 116 921 234 77 241 192 65 316 87 739 918 929 29 567 481 680 130 841 892 578 283 319 445 139 281 254 293 967 506 467 160 560 405 855 994 505 735 585 149 842 156 99 855
583 143 69 675 324 86 794 454 848 349 962 490 820 875 551 691 18 554 446 121 931 57 94 871 155 490 101 681 961 490 611 160 963 865 341 548 362 25 439 894 392 360 409 458 727 953 783 456 214 988 770 986 486 364 23 371 402 68 456 56 904 655 754 34 445 444 14 453 229 912 679 710 197 953 606 659 898
13 874 17 703 249 229 229 896 807 7 711 254 790 308 158 505 632 475 767 788 392 587 352 106 435 905 97 696 699 861 530 191 447 91 661 131 297 204 380 611 734 274 508 281 730 540 365 517 63 803 767 135 351 135 295 22 428 444 800 244 5 756 442 875 25 498 71 353 830 92 269 553 43 676 797 323 440
390 961 381 148 895 869 983 708 801 307 173 994 322 705 172 701 401 257 329 648 706 270 978 27 358 608 979 323 837 79 891 588 172 752 500 254 471 680 416 899 585 521 638 724 963 82 407 376 985 112 708 863 147 653 936 697 446 458 295 817 748 226 225 170 315 269 213 623 470 141 195 204 595 294 524 591 51
292 36 457 347 640 672 801 541 18 24 42 103 281 210 880 773 15 65 470 762 817 536 859 628 827 396 944 804 524 240 286 448 346 436 806 673 653 613 683 130 297 898 831 2 748 376 735 42 680 184 136 779 654 709 221 599 411 824 965 167 896 427 271 898 67 508 729 489 947 973 729 493 257 923 84 543 633
170 890 393 517 963 461 622 841 51 124 98 670 787 235 938 692 885 730 971 435 975 728 493 707 420 577 188 651 143 181 688 61 278 439 425 586 385 81 311 120 602 292 446 705 651 37 176 854 609 168 663 186 661 448 108 518 174 198 719 370 344 166 909 131 506 914 411 14 883 72 828 751 545 386 31 264 355
305 652 1000 156 951 79 213 446 946 914 423 116 1 786 522 716 777 118 150 7 207 85 550 508 755 883 886 334 850 227 639 94 462 315 850 659 445 255 920 145 292 534 699 416 19 682 519 595 889 487 34 752 501 620 450 60 593 149 813 703 812 154 199 764 87 572 177 832 689 23 227 516 567 377 837 861 8
889 297 31 554 71 160 151 473 799 72 428 615 393 434 347 486 72 222 508 999 185 209 29 244 346 26 699 932 171 177 822 548 189 255 804 451 228 299 695 172 834 60 362 134 808 736 237 215 803 863 237 810 785 602 907 253 351 198 600 792 144 915 721 911 990 29 446 143 171 893 291 293 889 383 397 620 916
68 952 191 819 75 901 860 997 578 437 453 916 661 927 912 978 900 937 489 533 133 95 454 870 856 721 5 439 213 541 624 11 997 821 856 520 241 866 192 266 218 84 770 667 608 869 981 73 422 915 687 568 394 384 251 399 912 39 427 441 305 130 265 284 525 996 302 280 204 581 510 341 839 776 998 182 983
239 860 919 447 294 609 107 88 58 572 513 148 952 124 24 112 793 633 340 302 917 985 657 75 484 424 965 460 348 962 454 924 190 532 603 602 108 80 613 733 926 927 535 763 450 82 116 580 184 882 38 226 96 412 57 316 579 68 576 230 238 928 797 810 695 868 230 626 100 728 383 932 118 263 247 976 699
382 203 12 210 516 809 545 190 130 223 559 60 180 580 209 82 739 565 673 166 861 966 508 783 689 126 281 658 153 958 38 45 671 90 741 938 858 919 509 230 279 849 504 167 441 479 976 59 873 113 482 941 104 298 864 739 213 463 606 920 743 652 859 553 570 970 35 367 424 111 653 124 20 602 454 946 676
236 694 316 125 597 896 930 387 488 680 483 179 825 532 38 90 701 665 658 707 940 389 980 702 623 502 763 191 351 125 372 724 6 962 493 383 21 434 408 896 223 904 983 496 988 81 448 122 952 299 879 851 285 185 386 460 760 927 297 771 512 340 686 812 186 361 867 97 629 376 66 368 426 936 555 109 81
779 567 875 711 370 732 962 474 682 809 960 31 206 880 999 849 339 876 811 755 688 307 658 122 869 959 472 150 376 26 704 637 215 110 330 245 978 409 349 750 211 739 161 109 808 458 183 807 787 321 413 984 148 884 875 302 94 722 169 900 179 869 495 631 802 547 692 253 390 848 179 921 913 272 189 780 118
810 224 806 631 95 625 858 624 477 718 325 334 723 336 791 432 484 401 166 793 534 358 940 956 309 99 626 33 558 430 765 666 419 931 784 239 454 345 882 261 181 661 466 913 869 127 944 231 166 106 518 944 894 290 362 343 583 140 7 175 233 845 476 18 563 311 422 303 76 562 285 978 268 83 117 500 919
486 924 644 413 56 907 159 11 104 537 698 807 551 971 342 663 610 875 775 294 37 116 981 517 5 554 968 515 942 735 636 93 745 756 806 374 687 167 358 25 206 973 198 121 425 292 412 858 448 40 688 813 369 266 611 215 688 979 75 564 511 52 19 881 577 608 364 956 969 858 609 703 91 444 517 649 138
474 957 549 922 839 769 3 886 343 894 68 480 304 2 704 659 841 580 327 922 955 73 29 872 791 592 711 479 729 466 34 0 671 767 946 23 641 281 948 335 865 739 233 396 752 32 619 557 51 674 271 545 684 230 725 588 203 200 383 841 650 651 168 493 171 938 45 972 605 833 950 523 556 188 281 386 561
315 612 147 21 7 31 245 142 896 648 524 118 73 873 129 32 767 879 912 574 541 456 95 177 698 390 466 820 725 540 218 363 499 321 583 687 592 967 288 606 508 865 499 103 142 616 515 261 280 322 679 621 4 364 105 874 414 809 863 190 726 823 310 955 169 623 19 277 211 518 1 650 220 503 202 498 371
624 566 901 624 951 566 669 692 402 857 294 723 585 658 756 814 50 73 151 634 664 836 465 116 953 707 40 569 567 919 653 402 294 855 814 497 514 894 180 942 323 578 916 964 607 239 654 976 957 429 814 666 639 368 53 148 455 551 918 302 205 241 907 423 963 788 524 221 572 15 983 932 507 277 561 700 859
804 866 699 629 734 777 860 121 538 871 204 563 172 120 681 569 167 830 109 315 617 911 704 962 854 978 151 518 362 541 775 789 439 807 139 285 657 225 813 303 142 127 464 946 926 752 552 856 340 954 499 362 401 167 935 552 839 66 411 332 11 110 226 704 631 125 659 165 365 285 758 432 510 547 691 483 808
2 678 97 991 49 488 847 565 92 265 639 160 571 759 528 552 948 504 467 203 173 35 865 987 265 303 217 794 222 166 499 340 313 459 445 671 339 975 347 754 625 462 519 923 223 294 419 806 338 13 601 290 737 580 288 417 608 441 359 641 535 878 301 812 928 642 902 109 411 735 204 292 7 233 268 563 804
60 91
985 713 752 822 61 226 694 414 836 123 435 913 982 433 828 234 716 847 81 412 486 365 752 422 957 998 257 72 161 265 797 884 648 782 590 194 33 325 538 499 21 940 70 282 395 53 828 603 247 357 626 754 875 11 753 599 373 953 674 560 772 980 119 362 982 339 585 186 706 89 788 88 165 91 992 672 965 147 62 34 403 543 484 398 875 425 618 403 575 271 934
369 830 180 775 279 27 222 367 441 42 806 703 178 336 432 133 993 800 261 308 508 557 168 870 207 83 528 63 859 77 416 593 642 968 665 456 256 531 242 823 662 256 109 974 569 502 841 758 405 281 434 147 627 772 382 665 742 150 337 197 853 624 949 138 876 995 489 275 57 840 974 157 181 717 907 391 134 873 643 343 296 59 726 167 634 880 562 461 333 867 375
527 209 217 923 138 380 747 407 324 264 585 455 314 219 44 838 601 952 208 388 520 215 59 653 464 685 663 398 309 951 920 28 926 329 178 789 362 865 874 301 652 453 833 207 785 57 465 390 159 408 725 849 962 541 4 415 404 486 309 232 80 863 73 408 708 934 886 81 138 416 807 461 950 240 189 636 709 650 631 985 274 365 340 230 131 29 63 723 822 80 490
878 773 236 725 867 207 953 772 928 788 559 25 526 101 326 868 662 69 412 287 578 629 907 94 50 741 748 258 617 210 623 186 79 114 432 965 605 905 360 467 895 819 643 864 616 127 929 830 738 754 480 336 46 805 815 729 663 264 897 273 85 316 482 155 980 262 163 77 252 362 540 956 407 360 108 881 18 989 598 449 702 56 480 294 991 570 362 870 585 781 320
740 880 90 533 819 625 785 119 879 435 624 342 358 630 13 96 246 826 334 60 120 64 668 398 374 161 235 879 264 844 874 652 580 498 238 22 939 919 781 181 727 65 577 180 700 163 973 285 550 241 230 150 960 468 559 671 273 423 60 446 713 425 16 770 989 804 227 826 661 26 245 75 343 919 270 138 434 483 866 971 653 390 775 331 360 79 335 802 70 89 935
573 687 149 818 270 737 738 348 523 632 580 657 887 14 413 592 499 973 719 377 939 0 120 497 724 967 48 522 574 587 290 405 298 407 681 92 358 746 925 845 772 613 4 25 709 998 231 704 944 895 531 388 562 507 594 981 627 441 552 466 542 530 501 641 940 824 301 584 312 488 871 567 437 148 318 210 192 252 489 19 877 693 131 825 182 873 50 98 150 950 316
848 957 863 473 519 608 636 816 80 515 629 721 428 621 139 610 298 909 453 321 357 698 620 277 228 774 196 251 492 157 45 224 686 948 263 563 155 348 211 411 151 741 910 630 501 946 591 860 915 310 868 50 44 31 994 478 155 349 257 371 468 361 189 336 104 9 578 53 318 340 384 245 976 79 631 400 461 610 832 17 705 795 681 446 305 358 179 64 13 635 379
326 720 696 476 909 373 440 656 423 561 241 450 823 304 220 546 485 812 338 168 619 654 541 993 764 739 760 136 990 729 993 152 325 578 234 882 133 631 775 668 761 315 29 450 523 999 1000 866 203 922 128 887 881 49 915 343 141 655 436 970 363 636 908 818 606 58 683 849 407 274 580 489 762 705 26 823 379 243 508 847 42 583 533 551 296 821 907 814 333 662 964
930 628 133 136 600 867 328 78 0 433 529 394 759 134 414 301 529 1000 474 693 94 216 774 636 853 600 704 417 760 290 268 268 285 944 292 566 553 653 101 413 742 995 919 131 235 26 143 371 316 280 170 752 791 144 362 620 474 140 49 661 256 464 95 659 877 653 132 650 963 20 420 700 627 757 559 267 856 93 632 159 563 777 411 113 803 112 267 57 39 247 834
562 458 154 230 960 25 443 42 890 407 840 59 799 471 113 426 42 396 349 390 59 696 639 813 650 551 976 168 427 885 340 742 549 679 203 591 463 144 550 577 832 377 719 813 640 544 119 357 498 211 720 298 626 642 688 875 920 275 583 221 171 262 119 363 282 703 294 772 93 139 395 986 231 162 209 591 552 763 892 974 98 86 783 120 416 550 203 167 663 47 258
954 765 325 3 473 739 612 387 729 865 709 626 855 939 346 774 352 967 923 140 906 140 239 387 204 252 535 35 210 470 679 895 347 663 172 777 471 327 560 311 312 288 556 337 954 510 218 992 10 9 246 418 955 318 736 739 430 315 853 974 793 208 677 854 560 410 790 316 995 169 722 100 664 762 146 502 140 947 790 926 488 831 320 678 296 236 608 718 293 198 729
503 533 558 127 913 862 722 84 7 45 407 358 149 653 755 350 114 725 139 478 444 617 306 306 973 664 37 727 125 697 3 925 888 505 421 391 14 324 983 884 752 572 815 168 546 200 968 340 49 219 830 444 842 672 101 785 64 822 915 990 353 996 283 293 40 760 608 592 670 116 699 410 790 357 881 755 322 418 672 610 552 865 52 611 30 256 987 479 633 551 386
48 381 122 27 287 890 304 380 212 317 760 898 182 997 717 170 169 286 710 363 76 584 468 581 146 126 301 609 472 781 885 189 768 352 521 364 274 491 722 44 686 81 270 479 814 863 596 385 889 966 145 808 914 892 255 88 480 208 129 59 138 189 543 868 454 780 455 610 596 31 405 551 766 737 861 21 470 23 881 593 721 694 798 271 58 168 525 558 31 367 952
330 96 885 850 803 173 673 818 611 932 98 772 184 261 396 222 898 303 614 571 687 861 621 477 577 448 235 366 405 631 307 692 941 691 195 47 545 882 680 470 715 640 252 626 116 276 124 374 848 260 189 330 169 344 568 652 876 223 437 202 626 98 453 426 7 429 261 52 153 125 44 733 619 117 553 937 429 876 151 414 704 683 628 11 344 760 820 293 802 367 20
361 54 379 256 766 894 554 774 968 94 414 419 833 853 940 159 78 6 775 792 740 654 720 365 624 602 470 721 483 746 678 461 859 518 367 298 345 94 964 641 543 425 401 267 727 656 241 525 300 850 62 183 925 889 511 658 554 400 642 517 591 939 711 9 395 890 757 244 32 279 220 125 591 828 585 658 965 109 667 681 207 425 1000 515 719 173 744 399 376 124 174
748 130 969 229 998 915 84 344 394 324 489 440 668 227 958 950 867 988 910 258 225 251 609 910 427 691 298 812 942 650 620 319 570 524 173 780 270 541 657 901 986 586 910 18 688 542 222 469 589 205 707 573 596 726 686 459 672 345 860 900 777 422 36 276 950 480 658 811 493 527 755 44 266 629 104 673 941 784 435 307 951 102 360 647 439 208 503 485 806 950 419
920 727 279 459 268 974 514 125 340 189 403 676 964 96 748 782 937 219 284 656 836 869 675 583 371 229 647 611 814 398 127 413 830 680 169 242 423 808 824 524 351 588 813 43 975 539 330 322 800 923 977 716 996 915 95 8 146 865 694 181 554 503 650 776 137 261 622 479 486 597 941 622 274 394 541 614 866 809 395 883 720 420 394 875 316 385 368 641 611 903 200
605 263 866 27 64 32 96 281 685 758 295 237 163 291 255 253 520 89 494 242 863 521 937 746 803 545 393 859 908 736 715 47 751 135 561 891 144 642 669 966 276 992 794 680 534 635 430 448 997 169 616 959 222 535 53 869 0 29 581 109 92 245 362 956 591 93 804 276 55 233 880 627 149 416 151 779 856 209 57 950 224 553 777 886 977 214 261 105 365 931 323
124 800 318 81 965 377 665 113 206 120 405 822 548 325 49 28 246 742 426 441 184 636 992 683 799 87 576 782 653 671 254 574 548 763 80 264 150 108 306 512 41 201 182 4 634 304 329 880 997 947 917 185 130 909 457 307 850 661 233 627 696 178 571 399 47 435 912 51 310 692 655 4 777 959 650 94 867 956 98 15 975 390 257 417 182 50 972 307 82 310 680
588 526 416 441 75 475 914 10 47 955 106 470 242 852 26 491 384 573 113 184 468 572 821 489 251 634 176 24 0 831 535 995 390 692 585 640 447 244 100 636 897 464 957 146 616 652 615 691 40 854 32 794 713 450 248 807 590 960 272 184 754 829 21 871 554 764 36 176 754 329 930 545 210 680 825 141 896 283 468 96 548 448 507 293 126 687 712 249 435 194 779
717 983 91 146 45 216 176 611 541 47 426 950 961 628 530 895 287 515 187 91 128 133 803 467 929 64 26 804 199 957 672 245 206 645 388 64 325 9 836 421 793 103 828 210 643 805 84 370 460 169 906 873 609 168 538 927 144 655 937 79 437 109 4 73 973 722 703 556 798 981 614 37 900 622 128 427 947 14 33 252 790 209 831 932 166 476 164 934 320 630 455
686 951 336 623 169 411 828 336 998 620 540 158 734 452 457 462 426 620 136 557 51 522 253 558 181 446 192 64 690 893 521 986 937 617 354 366 27 803 87 112 582 246 745 185 97 619 675 960 756 947 449 118 970 631 885 394 720 377 653 131 969 982 686 356 102 135 642 611 514 406 772 382 309 405 64 660 395 541 933 319 835 153 535 202 697 792 916 723 964 20 752
926 755 522 750 953 383 489 305 601 551 798 111 408 351 117 41 91 551 27 210 871 364 892 828 653 848 349 802 391 129 67 924 672 193 7 702 674 502 956 610 239 749 107 440 775 915 91 221 203 552 616 942 324 871 317 79 172 576 388 0 681 937 4 622 871 625 746 743 217 416 199 536 594 377 906 517 423 382 512 265 567 490 936 875 626 280 277 944 183 399 416
502 919 190 511 391 417 618 413 956 747 281 3 264 983 334 270 629 357 202 625 916 757 643 67 332 623 1 412 997 644 585 289 976 492 592 530 711 220 9 911 918 83 200 623 384 751 659 758 686 459 304 71 478 56 629 971 239 171 852 235 938 132 560 809 440 547 869 312 944 580 138 180 168 486 376 97 587 199 991 500 385 236 702 889 777 400 640 358 590 846 64
932 655 100 43 877 585 222 559 46 28 665 149 896 905 540 465 991 889 755 521 623 36 295 666 513 300 397 982 522 200 746 970 225 84 343 201 337 884 460 348 46 653 155 979 433 446 236 589 647 214 694 34 12 93 408 39 768 846 46 162 842 549 310 545 530 933 255 683 385 231 128 831 17 567 512 797 959 983 158 878 798 713 343 293 381 851 393 591 51 617 509
110 92 5 772 912 936 734 893 293 403 216 899 396 992 362 289 390 199 861 733 213 518 521 377 30 235 932 213 294 31 986 301 474 412 851 230 443 8 702 365 569 770 452 356 39 589 239 796 726 403 530 831 680 505 239 478 129 504 949 224 885 423 534 432 481 115 835 0 973 615 564 891 406 464 52 463 418 386 215 281 612 668 598 947 947 607 821 548 851 435 464
470 852 382 375 110 779 731 651 55 522 486 743 730 951 567 929 940 398 724 329 513 165 822 236 720 727 361 945 850 718 886 162 380 849 679 765 389 7 901 775 368 619 603 814 85 354 86 484 213 451 172 806 117 872 653 211 330 827 312 830 896 995 477 39 140 729 689 827 272 706 16 952 982 609 68 120 55 831 9 820 993 907 771 392 583 613 108 211 0 230 700
326 749 106 766 964 414 421 764 277 477 44 947 794 487 28 930 602 58 837 376 148 921 116 403 464 383 789 186 525 742 546 828 210 995 150 516 395 383 104 379 212 808 469 721 120 751 144 868 321 126 508 715 700 558 230 698 100 570 349 712 847 462 97 343 14 269 682 975 952 165 643 216 836 500 421 826 117 940 919 561 577 657 560 711 745 582 434 231 549 454 912
669 963 746 48 376 266 386 271 632 722 748 744 570 74 446 541 71 862 727 407 173 774 428 856 765 406 526 282 245 388 6 963 530 980 763 583 713 114 78 432 660 473 304 348 184 644 759 12 89 352 362 29 331 801 749 784 839 497 453 438 31 131 422 497 996 854 471 967 127 557 751 429 103 795 754 665 100 558 839 742 572 888 694 121 239 22 708 451 257 656 365
20 915 69 849 500 195 780 437 410 744 627 995 411 511 590 833 745 982 188 385 407 435 395 746 669 304 332 529 821 606 890 668 938 286 140 336 980 895 216 865 514 908 478 0 232 371 228 854 754 861 360 87 923 269 620 397 920 824 493 811 943 584 892 654 942 784 979 628 321 177 216 483 953 475 109 806 521 787 943 858 79 420 900 641 733 960 250 254 209 415 847
706 566 370 192 934 814 503 624 567 978 21 963 726 468 109 463 844 907 306 511 376 529 238 235 802 313 928 806 700 886 461 180 575 745 187 696 529 163 463 790 801 898 779 76 59 601 975 699 324 307 896 772 269 784 937 407 159 640 775 198 658 605 997 715 667 59 678 704 67 730 208 686 514 611 113 556 443 761 722 790 137 392 701 55 687 701 238 891 700 531 884
370 719 956 685 660 269 488 328 233 474 294 832 359 281 737 992 189 860 786 963 635 133 211 381 718 579 913 28 782 730 906 34 172 788 453 357 979 107 195 611 215 734 643 166 649 254 530 414 890 715 317 540 864 424 437 213 608 811 279 595 485 272 292 489 437 432 304 112 310 864 42 700 896 786 465 581 217 875 794 654 539 302 799 728 413 60 805 248 108 23 825
660 36 644 401 334 349 175 498 681 240 292 946 577 952 600 907 171 398 97 918 817 420 730 543 359 984 966 28 360 204 832 422 28 255 532 973 556 172 577 827 587 397 691 366 154 700 437 691 207 714 929 429 881 703 713 115 231 398 124 57 701 989 624 364 956 212 46 533 193 750 870 66 67 61 26 271 5 47 931 341 455 147 13 260 73 970 107 608 66 899 542
195 99 946 5 523 988 132 573 72 856 733 930 500 418 191 962 372 804 362 736 196 466 26 225 239 484 263 985 34 901 360 978 891 774 19 802 209 559 71 95 712 804 753 1000 615 866 412 491 452 321 216 65 535 961 265 161 705 824 811 96 820 870 661 477 831 999 533 419 243 947 729 569 171 682 601 57 173 8 112 398 286 204 736 214 591 772 960 898 336 391 992
424 833 600 136 850 765 341 183 92 327 123 813 595 727 561 129 117 47 418 247 125 354 347 471 278 660 448 494 440 412 53 82 364 656 430 597 39 775 110 56 545 696 559 640 805 291 101 230 317 121 341 634 772 819 455 567 88 26 852 616 149 786 626 107 77 860 502 699 97 752 465 364 743 163 727 160 501 21 228 841 860 963 218 51 133 226 925 697 627 66 612
746 756 55 680 599 8 74 273 939 827 641 458 619 300 803 588 348 750 641 813 162 48 545 169 318 769 163 269 311 576 488 935 773 669 396 634 234 152 572 938 978 363 971 855 526 137 370 491 625 973 250 788 95 253 586 502 618 584 293 161 418 592 466 15 328 27 101 269 764 897 111 252 109 231 79 697 619 517 532 481 33 523 461 498 816 391 90 635 86 67 901
773 293 66 818 402 915 54 549 578 868 452 512 711 915 826 374 16 941 155 807 513 828 439 713 865 621 270 594 333 968 834 983 328 725 552 916 619 662 263 684 644 445 998 536 403 614 201 419 917 308 905 105 89 350 182 716 659 337 722 581 349 942 735 408 754 467 522 857 327 715 105 666 10 942 347 997 657 285 507 711 571 332 402 489 604 814 431 757 177 768 439
573 671 914 425 249 26 64 422 936 305 988 951 323 760 270 187 610 773 735 419 832 201 994 551 53 745 824 665 218 440 936 680 666 257 850 991 101 451 550 104 971 711 604 510 225 610 545 195 411 192 78 33 667 136 339 489 710 823 53 801 284 287 438 200 292 665 214 851 282 667 748 651 874 598 518 353 72 522 993 774 156 304 560 878 924 444 469 881 168 755 123
569 694 425 473 692 823 4 175 3 40 692 61 898 556 955 149 520 114 994 564 551 683 147 908 5 641 790 564 230 443 34 433 430 518 670 45 785 514 246 388 745 913 707 216 702 101 129 746 975 668 60 69 400 542 654 798 763 99 677 619 71 777 261 212 363 422 138 476 767 497 781 583 275 241 217 232 433 357 805 615 276 993 531 134 893 155 337 683 701 357 214
728 390 952 924 826 480 626 247 628 721 399 59 681 208 993 412 742 372 712 151 522 687 844 224 429 66 930 104 539 325 637 538 705 134 770 21 971 315 337 976 351 605 776 197 673 337 415 165 77 711 966 271 114 490 289 465 897 63 308 220 555 159 665 759 939 487 113 475 64 702 970 42 841 701 517 208 974 579 664 828 184 287 703 705 957 587 339 812 327 815 522
648 109 394 598 908 962 64 804 487 936 612 312 555 539 72 245 355 140 548 63 101 993 812 117 124 532 707 832 168 172 448 338 113 976 248 42 289 683 749 509 403 192 993 35 79 910 838 732 204 739 288 276 79 543 7 199 124 920 405 643 265 213 359 984 496 350 919 16 12 769 91 385 818 715 638 933 170 854 242 318 444 349 53 586 439 784 602 294 52 912 511
986 149 887 945 103 699 218 483 407 172 529 822 878 379 253 565 779 562 709 665 471 858 611 51 588 32 468 903 791 790 34 691 801 958 732 561 367 837 806 166 714 322 522 389 937 568 233 185 723 709 405 696 198 569 504 709 327 975 158 927 176 700 73 181 854 901 152 111 416 368 257 357 177 483 768 588 694 207 378 631 230 895 262 335 840 408 435 944 438 606 544
424 812 239 16 653 523 909 801 198 782 155 208 615 706 752 136 651 685 799 65 20 663 851 193 154 479 68 830 123 864 314 939 641 950 671 49 453 345 354 815 306 599 385 118 459 676 384 149 301 85 198 254 656 269 672 153 838 304 224 754 412 116 466 383 995 824 946 585 625 972 236 868 495 878 550 264 43 754 162 649 119 344 151 123 739 909 236 836 359 534 71
202 706 565 490 845 362 682 308 316 67 506 803 794 767 266 451 799 629 811 210 64 438 362 970 343 12 287 750 371 788 903 785 168 78 330 15 38 612 762 826 539 141 47 930 297 810 322 873 290 885 759 75 808 983 297 111 526 446 508 371 378 367 341 650 223 996 550 509 262 808 15 213 258 371 207 316 708 860 453 197 131 859 425 394 528 179 945 82 494 950 984
3 830 904 788 169 874 918 620 454 516 162 793 64 272 349 233 884 465 32 615 504 999 496 178 630 209 591 669 76 909 629 912 546 878 85 770 173 714 702 651 177 949 945 688 408 120 165 489 52 979 427 836 645 696 559 646 872 999 991 432 88 169 983 440 155 489 323 791 953 99 295 905 747 905 607 391 342 675 718 317 320 94 105 620 801 95 794 213 642 811 454
850 470 634 863 93 636 210 636 475 371 191 779 92 617 714 780 817 625 244 920 780 101 633 318 337 230 651 449 379 888 205 921 673 601 731 966 451 128 659 176 650 592 19 730 871 661 761 267 361 682 660 827 999 754 114 907 645 744 321 951 381 653 351 251 388 819 453 322 381 212 401 0 143 906 126 105 42 411 486 657 904 847 731 508 788 823 227 965 285 549 947
518 546 341 740 789 46 741 801 637 947 766 708 54 66 339 898 85 475 185 169 286 196 495 975 176 24 941 822 473 651 728 348 377 624 533 146 130 188 136 493 966 177 630 693 263 899 263 554 186 301 228 64 980 285 680 800 537 15 78 275 464 532 226 299 707 87 967 760 866 263 882 309 909 915 626 484 661 124 637 817 906 877 863 277 489 623 755 678 439 994 166
521 183 586 149 894 444 574 531 327 340 58 176 21 924 823 786 288 487 982 714 568 414 85 553 635 742 601 80 452 910 55 250 320 45 990 784 278 437 594 229 533 71 110 235 766 20 977 634 726 925 183 796 955 423 42 481 295 356 215 824 918 507 913 698 465 263 255 893 930 641 255 688 42 900 352 34 828 474 594 833 172 437 369 196 502 958 585 989 326 119 189
618 627 81 833 490 322 84 249 250 951 606 996 24 806 879 830 948 659 315 642 958 635 619 297 412 766 391 327 422 783 79 673 907 992 628 987 222 324 225 891 591 906 263 5 193 491 84 841 119 546 196 374 476 345 717 834 123 239 919 28 749 920 28 243 223 785 418 990 190 993 279 366 281 886 7 176 156 493 867 950 275 457 489 113 536 44 10 91 882 922 917
226 782 229 176 492 784 765 791 906 927 988 528 391 58 294 84 887 974 327 461 161 693 678 793 783 41 643 580 308 259 613 133 643 959 767 886 699 871 887 377 216 208 128 778 128 336 992 749 337 791 50 173 100 184 330 621 128 484 413 243 572 974 247 283 803 751 419 808 94 991 866 373 315 209 335 20 742 320 866 19 770 210 740 870 306 292 260 238 805 98 819
202 929 363 688 980 214 653 816 241 831 142 21 258 55 472 354 865 567 315 115 999 368 295 287 467 45 585 747 712 2 541 690 463 646 981 10 944 455 450 710 524 239 503 314 401 469 508 86 634 709 817 270 569 899 466 593 71 700 886 748 571 107 319 838 671 604 378 255 849 595 527 598 642 216 99 223 929 862 110 39 27 321 439 911 717 225 518 280 12 232 206
54 346 373 487 87 488 869 813 442 905 44 98 241 127 185 356 28 889 91 346 192 493 113 81 177 512 942 145 986 785 563 977 425 157 805 564 280 601 151 450 799 707 197 211 933 719 939 952 964 891 886 272 191 372 697 806 551 57 920 505 502 676 450 483 13 529 139 676 988 842 696 63 117 53 326 829 922 10 379 478 206 639 543 283 635 575 950 142 746 952 918
570 667 192 82 548 499 896 112 638 860 17 483 707 752 507 180 31 624 171 783 628 131 25 440 881 626 184 788 141 111 553 985 679 852 268 201 609 624 764 841 672 181 739 950 927 817 460 356 982 123 539 441 247 626 24 213 282 940 278 780 1000 619 515 261 861 559 140 362 929 623 956 466 452 850 473 591 242 747 64 655 718 820 487 902 822 641 788 498 296 328 674
755 355 486 632 390 97 435 885 533 238 127 677 83 91 634 846 105 387 311 492 783 286 344 834 861 589 728 149 415 317 573 912 266 943 995 846 517 982 216 883 191 21 730 74 422 163 789 347 200 308 505 324 408 911 914 856 618 685 57 627 499 697 864 1000 812 989 476 437 593 786 230 598 347 730 597 637 319 125 948 5 752 708 281 796 325 957 331 913 300 991 38
889 505 856 322 121 852 326 885 547 74 67 153 163 498 331 644 705 957 515 415 429 791 494 50 840 218 725 981 790 649 481 646 658 101 996 348 460 106 193 631 570 444 974 134 608 687 801 258 622 995 895 535 750 481 271 861 627 749 995 435 958 913 280 57 918 510 433 135 358 328 616 568 485 294 671 618 28 484 130 675 609 422 320 187 412 418 60 69 346 637 766
336 654 264 58 682 730 922 873 140 430 45 203 202 718 288 626 239 567 957 962 141 66 213 165 910 210 212 535 600 317 450 989 623 992 519 19 864 183 50 2 46 585 813 382 505 576 924 373 345 842 153 641 97 579 39 896 620 816 258 157 908 192 40 588 690 720 791 344 616 651 921 570 327 110 0 716 894 696 23 319 88 23 930 448 950 588 801 540 503 327 40
779 152 859 479 372 65 378 544 627 780 113 121 330 576 865 305 879 787 864 793 605 725 226 213 567 954 882 828 583 538 516 324 943 430 199 902 772 309 484 914 676 467 685 911 95 318 2 905 427 680 774 640 251 714 300 731 640 705 749 277 393 715 647 812 976 784 551 973 479 897 939 764 374 58 424 333 957 356 883 941 436 395 873 99 33 2 917 416 74 133 276
334 888 681 777 534 18 300 374 422 139 747 515 663 885 764 827 208 891 183 888 610 699 769 611 877 406 305 804 39 495 410 55 438 798 361 357 482 114 653 856 847 827 301 746 648 606 267 997 335 253 592 722 307 509 296 954 698 262 38 682 169 715 383 507 524 305 369 825 868 209 494 97 685 305 124 741 382 155 153 962 969 524 417 614 561 739 115 581 50 847 736
509 821 728 771 477 286 56 865 533 921 354 542 430 475 626 769 258 736 690 387 515 624 784 647 930 494 957 762 315 649 998 812 767 130 415 68 250 347 828 724 384 604 3 979 784 469 16 432 720 253 924 364 739 363 638 431 239 4 536 844 719 306 521 875 934 349 391 698 270 211 228 708 448 451 916 517 222 182 965 269 263 151 902 701 715 1000 564 723 702 687 1000
192 928 27 412 168 740 835 648 274 396 861 985 488 971 995 445 193 733 615 842 395 242 466 627 195 571 349 641 33 915 450 190 710 608 926 81 926 339 837 883 240 846 819 784 931 395 428 714 758 726 41 251 149 349 682 824 970 16 456 446 779 351 449 70 302 171 740 334 326 184 746 950 425 532 798 228 342 125 902 215 903 530 481 596 475 238 50 434 564 917 27
