7
1 31
331 222 189 749 235 908 12 480 328 678 221 389 739 416 70 623 67 811 50 611 566 689 692 120 25 735 697 48 350 950 98
81 50
652 136 172 356 317 846 799 259 694 947 626 262 507 241 238 689 122 942 264 863 231 945 407 424 100 611 691 196 420 514 127 538 804 24 693 353 85 748 562 371 591 260 650 505 550 715 527 997 363 874
277 673 578 276 406 135 792 33 150 254 745 648 447 795 550 446 793 881 748 617 202 493 566 487 184 833 975 580 499 755 141 528 991 411 410 141 773 634 311 521 226 200 964 3 153 70 224 329 799 146
473 725 21 673 806 1000 161 929 808 295 72 633 991 566 703 833 329 552 62 223 951 893 108 367 151 715 31 19 838 2 515 684 11 904 171 74 599 920 904 569 243 78 498 203 326 141 47 447 619 7
218 657 378 691 33 221 656 609 186 362 48 201 552 712 439 548 252 135 566 852 758 479 457 994 493 530 352 582 907 728 808 941 271 912 932 188 570 885 560 873 223 961 737 608 457 50 797 109 700 288
623 901 221 662 782 529 293 767 750 374 935 632 694 788 500 723 607 694 26 765 454 887 797 456 42 668 828 836 526 303 289 207 72 691 128 60 468 470 908 732 715 776 446 763 667 296 770 346 732 843
142 126 448 541 376 474 842 731 97 614 510 585 176 831 317 198 53 651 904 447 273 241 974 342 68 133 178 493 691 224 525 872 740 413 151 153 758 28 298 634 643 679 264 872 687 991 209 564 702 719
582 593 453 87 130 137 563 976 4 715 803 620 359 354 852 290 81 798 924 296 65 114 395 686 998 291 358 36 611 942 47 587 993 68 36 443 684 132 67 779 743 11 550 367 15 982 978 446 723 950
922 580 102 627 283 445 993 752 941 766 335 652 420 590 766 841 718 228 637 798 522 314 832 288 957 874 674 197 327 779 166 897 769 151 96 261 287 920 134 811 33 482 494 480 372 281 783 825 61 985
417 531 503 62 462 447 76 252 150 863 583 776 872 42 124 683 700 547 125 96 672 95 377 975 423 38 733 755 179 593 757 828 896 930 714 554 581 110 868 653 384 197 252 366 597 672 521 839 116 99
648 358 778 354 215 604 79 265 999 295 467 483 815 511 488 145 17 338 379 253 681 319 283 635 246 833 436 827 187 993 856 185 562 70 169 561 113 666 513 432 608 113 407 912 242 209 200 535 818 936
876 861 8 966 804 470 421 998 272 271 406 167 583 974 215 821 110 189 550 38 782 305 999 465 236 821 204 967 438 648 939 936 139 741 106 819 724 275 982 111 123 400 79 78 374 904 900 74 712 725
611 505 31 262 581 111 719 907 352 527 494 223 453 99 267 477 309 887 464 381 148 918 727 198 139 798 516 897 294 488 767 228 641 674 825 502 445 943 942 480 489 72 347 52 212 369 748 857 509 715
866 553 774 24 690 988 140 87 381 77 500 377 493 772 788 609 441 465 750 972 212 941 444 17 723 625 368 453 278 227 56 903 475 454 584 822 892 485 506 992 85 294 60 743 93 51 867 74 515 297
549 897 392 46 583 813 839 102 849 882 321 982 995 220 979 115 14 78 83 97 931 96 627 429 100 349 578 964 959 491 471 239 306 500 533 999 461 983 948 28 224 76 651 25 751 631 910 700 358 419
653 140 794 634 495 118 45 554 646 159 449 101 951 116 103 284 445 428 582 589 375 80 319 615 97 628 852 91 779 458 395 456 413 663 972 915 618 596 538 754 58 286 672 932 467 228 715 945 764 261
826 18 756 942 790 272 412 88 911 96 976 84 417 940 366 993 959 997 134 204 474 189 99 0 271 990 440 305 156 879 280 298 737 384 713 394 897 795 521 249 192 276 219 370 2 12 47 178 197 329
906 179 395 93 947 10 292 533 235 478 684 605 150 471 594 961 474 133 609 133 490 680 927 813 0 370 59 348 460 815 341 118 403 223 704 866 563 728 864 563 261 116 153 375 751 406 768 268 519 324
251 134 942 441 743 577 54 942 558 137 238 167 701 396 553 932 823 720 262 72 722 219 583 901 129 93 168 131 771 978 214 393 522 84 347 871 136 773 160 209 186 65 591 721 503 514 247 634 272 904
403 556 569 896 998 760 654 149 742 843 49 518 309 539 205 551 135 394 685 533 553 78 207 168 946 127 214 264 673 345 795 287 655 555 806 736 102 509 762 909 46 285 322 595 864 546 135 881 905 479
224 311 922 192 319 604 338 181 169 757 606 818 613 225 580 541 968 78 726 538 40 694 448 294 418 700 541 907 361 943 820 40 692 415 113 36 338 185 588 843 755 896 863 567 248 285 460 32 857 641
698 917 112 383 80 634 267 458 781 355 958 56 911 468 670 481 937 333 794 458 214 318 649 152 123 295 791 931 294 262 377 373 621 530 600 343 44 472 115 516 403 30 886 312 673 49 258 773 416 315
799 287 886 443 295 255 70 35 561 479 230 320 31 129 231 83 383 876 132 78 599 479 370 660 548 214 917 542 510 187 655 225 576 144 959 693 222 63 251 417 775 364 84 941 554 292 864 552 657 685
924 219 720 577 306 69 267 724 477 616 293 160 427 252 303 596 109 929 216 871 830 504 381 973 600 264 540 169 149 307 878 234 274 314 533 100 130 392 468 675 99 356 674 340 823 414 972 126 141 283
284 735 793 914 150 472 353 496 879 820 875 208 814 117 911 508 883 975 701 209 311 310 777 523 644 929 319 272 378 484 159 118 893 341 728 789 764 665 444 561 817 7 937 598 254 389 754 103 643 924
749 768 399 425 82 702 895 425 573 755 153 140 983 850 956 587 667 476 103 468 850 992 719 315 364 966 422 30 801 154 311 257 885 731 686 454 737 187 901 573 725 331 287 898 502 288 374 733 916 582
790 260 148 699 147 715 614 146 972 314 147 503 840 108 816 790 640 620 386 862 599 739 161 847 246 594 376 88 625 275 426 387 549 154 336 689 139 54 425 82 971 129 984 863 958 10 651 579 705 354
134 725 177 494 456 315 728 853 199 700 753 472 752 154 863 154 814 37 560 842 859 240 960 633 393 787 351 893 250 426 702 248 246 634 958 222 239 768 701 51 444 198 593 250 133 213 258 412 615 798
498 544 796 306 403 91 424 365 206 342 216 296 417 88 327 731 948 326 388 290 254 734 499 890 33 970 903 128 339 466 755 710 514 98 685 10 391 450 754 192 46 31 875 762 698 47 933 562 804 219
102 452 573 870 793 521 620 315 276 966 780 620 591 185 187 634 424 274 877 576 797 40 818 11 160 762 216 10 701 343 769 908 650 118 42 874 411 674 356 106 756 438 510 383 48 449 663 998 548 518
23 512 930 845 431 265 507 115 905 1000 404 685 655 394 456 297 442 255 905 881 922 573 187 433 289 175 322 561 337 672 256 201 12 823 136 453 463 559 991 399 102 40 551 864 916 881 560 243 612 188
332 74 6 410 341 981 940 583 497 919 200 372 522 62 36 848 549 748 432 105 421 642 600 8 575 194 636 766 65 139 459 180 840 382 276 196 237 915 625 229 460 801 582 740 323 548 820 137 193 131
111 672 910 7 137 589 81 0 714 781 642 337 142 506 98 484 248 464 185 715 0 612 184 586 569 61 15 724 110 853 942 962 446 1 258 179 373 20 294 127 741 721 67 444 117 175 994 716 694 108
899 431 163 337 184 737 305 417 237 104 704 484 377 908 577 348 299 141 617 914 9 600 806 798 62 151 172 718 460 20 173 606 84 386 400 567 774 514 962 681 783 80 490 585 930 238 575 758 122 813
264 63 695 108 277 341 268 955 824 662 608 594 759 864 884 459 909 697 706 78 892 323 200 292 770 633 975 516 415 145 688 411 896 224 591 78 891 648 477 715 111 277 737 554 610 875 932 734 167 885
681 848 321 589 174 738 403 651 718 268 340 277 566 862 472 41 271 411 530 969 921 51 205 816 976 789 845 384 884 336 937 706 563 606 891 508 150 462 208 282 553 264 279 343 753 603 205 418 689 895
798 656 754 233 520 506 326 511 801 692 47 432 97 76 916 929 227 163 604 702 950 219 792 754 250 624 900 158 623 640 47 722 724 384 803 730 461 408 503 797 585 439 783 926 540 432 504 366 833 424
778 56 609 528 215 759 75 94 753 328 931 101 234 889 487 607 395 541 40 189 35 975 743 25 329 585 452 547 61 812 255 156 954 988 470 31 822 169 82 541 378 609 407 204 661 906 914 36 914 928
194 860 225 572 300 921 340 333 175 354 942 147 304 651 139 236 81 62 441 923 356 386 457 668 283 442 693 421 51 272 588 512 974 355 13 225 333 517 757 404 621 215 838 825 263 116 19 194 433 256
844 776 108 239 758 252 591 763 873 947 204 503 467 55 111 163 42 796 654 408 546 122 387 90 339 538 2 91 400 671 909 77 58 335 112 896 515 318 824 563 25 82 343 949 43 922 284 204 630 481
277 387 72 999 895 473 90 570 96 871 230 943 989 157 364 529 33 321 638 145 991 718 549 526 145 455 322 865 875 153 442 918 753 258 63 737 938 241 637 170 749 612 244 429 381 106 599 854 282 475
94 337 244 561 201 601 80 364 889 335 498 789 500 211 657 270 973 626 111 215 222 593 605 846 227 6 612 896 712 407 775 29 543 232 881 916 578 957 46 636 592 206 323 949 398 300 495 313 816 155
319 35 671 654 460 959 6 966 244 95 52 202 822 58 61 592 162 871 829 811 806 805 372 234 85 3 983 29 58 318 777 24 412 438 941 721 533 743 79 447 922 82 5 681 634 337 973 240 139 843
596 82 190 813 27 59 459 781 689 133 169 594 295 217 936 843 927 80 777 497 919 222 714 336 681 344 611 8 912 950 826 348 689 652 781 458 534 317 637 210 847 103 781 490 58 444 973 970 927 492
575 522 673 931 668 153 238 154 718 467 637 330 779 666 530 884 556 490 633 702 704 578 166 361 639 938 103 694 750 344 910 279 158 370 806 883 587 407 972 238 543 446 193 635 541 440 816 672 12 193
297 339 379 839 506 503 552 434 568 259 764 254 29 620 141 635 588 826 120 956 787 219 972 517 822 357 773 133 690 289 87 510 636 403 718 650 554 302 508 798 957 566 238 172 887 915 427 695 241 836
785 561 358 36 846 840 571 881 835 81 255 54 721 951 134 959 492 449 713 621 940 229 827 744 414 37 822 384 28 218 522 15 472 679 618 729 907 746 715 326 965 271 757 293 907 583 905 916 284 493
585 611 293 450 153 610 634 678 688 287 596 35 386 388 780 967 611 485 981 432 471 483 42 935 623 482 985 927 98 141 591 946 527 145 654 631 900 197 213 82 747 506 850 991 187 507 88 950 333 185
793 306 77 478 231 292 58 57 825 805 693 221 584 585 747 224 894 603 167 519 994 523 905 455 936 785 897 755 737 78 821 897 745 19 346 474 62 206 185 403 262 409 739 940 116 820 707 687 120 791
158 61 181 474 489 741 794 815 318 518 664 446 119 851 73 135 831 894 884 372 383 879 410 362 548 122 510 181 499 381 781 161 862 137 780 545 972 848 100 976 557 700 183 250 196 68 939 5 861 665
237 789 134 444 293 833 279 797 917 956 299 448 34 308 517 161 454 396 98 578 798 970 290 196 361 560 629 205 963 381 654 949 7 81 323 196 140 507 78 799 715 620 594 613 818 208 145 841 791 419
561 469 426 979 279 987 151 276 923 857 812 446 96 444 457 386 191 394 752 226 357 957 713 794 353 610 961 714 188 272 827 51 301 278 717 640 195 517 777 115 703 37 680 834 84 463 268 250 238 82
477 323 433 178 330 808 622 299 471 381 288 775 855 301 61 101 630 382 146 912 585 155 677 588 638 329 6 862 42 674 647 760 802 910 109 247 444 328 647 554 413 508 892 985 10 574 557 509 686 415
712 473 234 892 488 548 180 566 684 916 427 576 727 935 448 297 65 81 4 470 171 44 267 174 168 961 446 646 613 276 848 655 808 838 390 988 174 30 279 363 876 116 514 401 117 623 543 675 796 909
909 347 483 108 934 483 884 279 362 738 416 635 52 613 444 4 856 712 51 903 468 53 772 77 262 102 268 232 308 656 556 612 970 697 760 127 145 13 90 891 291 495 362 193 643 85 500 256 363 486
690 939 570 773 441 701 590 814 331 64 839 448 998 695 311 125 800 757 77 31 56 424 153 567 924 909 423 7 851 636 709 944 809 912 960 830 171 565 222 384 252 127 760 999 738 450 250 718 97 719
227 13 814 554 805 713 933 759 72 469 875 856 951 827 976 121 478 715 875 427 807 687 817 420 733 303 23 801 881 726 274 764 290 286 456 249 449 586 695 374 821 362 721 163 195 7 31 713 928 466
233 841 584 132 179 276 164 470 249 116 191 933 84 880 190 421 749 603 784 176 494 348 183 258 512 744 186 215 780 258 598 281 449 157 278 667 769 235 556 586 332 107 110 400 438 101 349 295 204 610
890 31 493 984 346 822 273 201 831 996 986 348 648 670 336 567 146 363 210 907 295 681 525 45 496 457 344 71 713 818 395 679 823 711 275 727 358 278 380 236 118 910 902 520 989 38 19 341 571 36
655 550 198 868 314 340 491 27 643 104 301 528 947 27 860 687 344 996 964 577 335 439 999 785 2 311 215 931 195 257 259 961 950 433 921 374 96 908 619 171 393 576 564 713 685 460 264 665 487 944
349 443 715 214 908 182 143 602 74 842 492 61 412 930 666 631 830 237 142 627 899 474 391 381 282 120 814 889 348 745 285 525 136 210 27 192 353 959 895 839 579 471 685 684 866 969 327 902 53 884
922 393 884 52 945 474 433 419 164 434 843 935 794 483 498 400 548 715 82 858 721 774 960 143 881 278 753 553 45 566 519 781 937 25 531 566 915 776 17 420 101 215 572 446 351 135 176 173 297 355
908 612 76 294 6 688 885 96 802 670 571 894 250 977 555 236 309 357 559 560 770 656 604 152 747 196 550 128 998 301 592 309 834 456 867 210 935 205 799 367 825 395 112 893 679 483 708 366 519 54
57 979 245 933 890 938 813 237 155 557 718 17 453 420 250 437 825 807 417 62 866 752 429 367 345 835 411 67 24 259 23 886 36 910 251 675 301 91 851 903 441 628 330 162 307 15 984 512 496 787
430 527 996 629 366 303 707 822 28 700 16 78 194 120 934 273 227 20 974 264 559 360 943 657 932 697 396 801 40 507 331 832 314 263 164 774 80 633 268 869 966 779 377 832 88 710 553 740 905 352
180 213 45 277 750 628 135 708 593 221 697 378 158 9 287 811 997 745 626 876 101 2 862 32 3 29 455 305 230 302 417 174 186 294 438 957 766 416 848 155 189 646 628 311 309 243 834 913 856 296
381 591 716 268 625 826 738 630 167 34 773 966 669 152 47 457 717 981 980 219 15 195 552 377 81 875 564 109 585 310 838 802 57 350 155 469 830 899 664 887 533 810 39 516 316 963 204 956 872 707
701 644 477 534 566 472 918 162 409 630 60 142 591 189 174 521 868 479 905 777 971 918 67 653 248 75 615 167 47 810 580 223 720 531 442 344 54 81 897 630 9 681 942 267 474 9 505 3 566 392
0 467 842 244 524 397 58 600 435 407 919 100 4 416 441 712 687 932 8 943 187 446 50 203 163 724 362 308 127 227 724 876 225 909 187 376 18 769 333 165 956 274 318 857 490 28 664 174 959 636
126 842 689 165 41 701 470 24 157 927 994 463 603 441 490 417 335 343 620 889 606 491 32 413 692 631 781 873 62 293 516 309 555 441 765 402 895 13 546 491 702 465 959 546 87 215 342 458 823 244
652 792 668 76 760 387 661 904 679 392 876 177 173 958 997 595 345 490 551 296 116 90 204 993 990 441 182 145 661 691 790 86 696 439 429 947 863 364 714 883 401 212 856 520 530 137 525 75 287 548
422 770 194 704 940 172 107 606 359 199 30 262 33 815 633 951 547 826 545 595 441 307 876 764 70 296 959 433 292 853 475 67 608 227 496 397 254 293 430 201 599 479 907 14 597 794 834 973 957 591
49 144 250 973 916 549 596 653 701 333 570 547 277 130 271 714 737 70 812 130 971 464 917 516 528 235 89 146 161 568 342 154 373 107 759 405 758 820 946 530 77 571 715 611 885 727 122 816 606 176
860 831 869 159 953 539 766 643 763 857 358 574 592 819 498 225 106 112 855 637 759 833 418 673 36 860 409 490 959 385 601 283 646 259 553 996 539 950 239 37 53 65 69 103 59 946 427 943 236 247
883 368 674 749 199 252 178 115 339 172 68 127 935 30 747 690 977 576 422 578 273 528 831 217 388 170 730 235 416 695 554 657 185 394 936 700 124 216 473 87 953 75 481 644 260 161 236 513 321 696
933 691 739 582 581 211 823 515 730 281 946 439 847 599 799 360 602 653 802 182 33 76 481 493 95 643 220 294 660 480 815 105 80 522 832 918 299 654 746 761 215 677 898 38 706 376 24 458 215 206
746 35 929 653 519 248 40 33 258 850 800 726 286 814 710 29 437 271 649 193 670 91 955 579 853 524 558 816 80 12 359 725 741 168 746 666 683 86 634 489 153 62 326 293 773 543 739 20 156 876
159 107 866 848 33 876 510 464 215 788 567 647 559 268 264 471 157 589 156 296 817 194 408 260 73 318 857 150 439 655 270 271 724 88 928 146 368 498 106 271 792 545 396 149 258 224 555 871 576 202
675 110 634 891 264 649 558 321 888 943 6 735 311 921 95 225 67 311 330 789 199 394 784 11 410 438 539 874 809 724 596 518 544 952 229 850 942 424 271 686 544 383 825 93 736 360 116 445 770 208
642 24 981 279 800 426 558 69 186 480 802 403 15 911 347 154 794 464 163 898 341 661 513 399 545 559 940 997 950 820 536 221 298 483 868 421 915 422 383 623 701 317 784 931 853 995 370 989 295 758
639 345 458 158 252 182 418 381 128 677 242 888 924 790 997 831 360 584 608 808 118 582 380 8 452 371 705 966 622 555 130 90 16 362 823 324 17 359 3 175 145 307 749 142 660 412 515 71 523 927
689 40 637 858 366 302 397 867 905 258 15 992 968 73 401 828 938 551 329 29 134 783 748 240 506 127 233 639 213 572 12 193 570 982 460 714 218 995 677 85 289 463 691 349 137 0 175 299 632 432
55 73
526 395 142 88 792 205 290 937 21 129 818 113 58 515 309 787 205 432 496 435 701 85 744 95 231 72 457 45 757 652 6 620 734 636 843 60 351 253 900 996 986 47 456 508 5 475 779 555 806 565 705 983 989 967 437 587 286 362 787 478 181 185 243 498 262 343 807 951 676 689 80 815 151
591 668 35 876 977 713 271 525 906 322 657 287 314 511 80 868 214 712 356 735 453 668 646 555 384 235 195 544 977 805 973 832 41 222 45 901 87 68 91 545 806 358 680 567 837 517 446 122 560 758 372 854 541 235 719 266 791 193 461 375 79 643 581 965 625 883 911 901 934 699 168 407 105
840 226 743 153 586 618 771 568 700 77 742 697 17 149 452 226 356 401 50 536 647 715 189 210 575 996 268 63 401 114 27 268 633 112 281 181 605 120 919 780 602 393 685 770 387 705 864 385 638 128 194 940 792 658 795 438 28 646 457 476 222 389 47 219 360 14 358 550 79 551 234 255 284
632 21 401 979 596 169 206 39 931 188 179 893 605 347 946 180 517 889 470 604 312 939 488 379 484 439 94 16 588 759 837 732 477 481 280 657 368 530 612 886 587 36 64 498 83 232 252 919 743 250 940 577 922 29 48 355 412 422 152 145 274 893 314 629 522 344 905 743 680 56 718 790 96
71 213 601 189 867 280 537 596 658 590 513 225 217 786 977 322 401 728 496 278 414 147 487 974 827 552 124 327 889 359 711 550 586 165 373 158 115 277 424 586 927 440 84 369 102 261 961 938 910 588 231 221 396 907 803 470 190 381 112 18 524 506 544 799 533 693 222 584 896 451 493 71 365
625 760 640 634 505 806 553 797 347 115 162 548 37 275 150 182 575 698 522 101 209 547 199 265 862 398 815 758 137 868 94 612 812 998 875 232 909 410 396 694 254 614 70 234 69 253 227 279 171 480 718 421 270 265 853 352 774 621 907 782 58 162 734 211 778 165 587 145 836 475 896 222 401
519 53 567 968 730 998 88 467 423 517 18 250 956 839 48 981 918 120 680 310 308 167 49 661 457 709 396 671 178 279 775 355 769 812 31 848 28 957 820 28 108 136 428 149 769 346 222 347 162 441 664 929 693 398 698 534 801 221 767 265 53 831 623 528 7 708 33 813 186 172 775 400 471
774 449 71 751 448 462 379 153 607 144 445 190 692 279 617 199 625 944 32 737 399 144 61 487 312 66 470 601 680 764 208 490 605 956 522 28 929 661 937 878 847 281 147 345 183 205 293 185 899 91 274 168 134 422 579 318 457 273 245 863 704 469 559 792 311 803 826 891 190 516 67 832 146
459 352 24 250 191 132 656 277 900 91 246 8 430 109 299 658 931 716 451 16 163 113 85 725 939 763 90 175 874 968 773 95 218 343 230 5 902 461 375 971 966 574 852 552 399 554 482 509 106 246 956 64 973 189 970 360 863 333 262 541 402 216 994 223 357 325 1 75 583 351 875 179 664
728 114 877 594 544 52 767 481 966 692 514 819 334 645 401 376 870 470 592 359 659 861 245 154 127 675 685 579 534 228 964 777 339 114 675 891 414 526 371 518 266 409 9 464 56 423 485 982 426 543 828 949 610 917 411 198 381 53 496 590 941 313 906 922 1 43 431 248 730 833 768 805 903
966 129 460 329 661 242 296 967 433 125 910 969 724 878 886 397 872 195 320 364 741 972 273 796 476 581 625 153 62 865 916 234 882 597 522 306 710 627 64 1 108 433 535 424 677 608 854 457 617 552 502 983 546 779 54 388 669 520 32 402 227 583 218 754 114 554 762 937 149 297 769 443 346
455 64 369 391 849 976 431 545 186 69 866 752 19 793 649 793 497 682 935 740 279 790 843 844 641 222 856 275 206 478 701 549 298 525 684 694 445 861 754 499 152 94 367 154 330 874 792 943 710 782 57 893 991 809 417 334 914 369 456 250 462 945 336 75 279 202 331 708 984 193 92 308 887
982 291 400 48 609 739 140 569 614 425 304 334 995 262 343 92 942 379 480 393 213 321 511 803 314 223 713 950 646 659 160 93 195 841 462 922 920 158 937 61 776 153 498 814 520 388 289 957 858 859 54 512 211 339 467 839 28 651 454 633 521 424 162 878 994 452 796 641 721 249 548 652 93
293 581 227 920 977 119 950 43 171 902 414 621 221 174 394 152 936 949 651 629 833 827 588 266 910 418 628 441 746 180 697 211 940 780 421 12 59 355 361 803 237 561 661 862 742 289 485 440 952 399 900 613 369 119 842 20 681 64 849 806 394 561 504 118 931 648 80 223 948 44 373 164 635
854 940 728 460 310 488 545 928 998 128 396 941 300 796 747 548 531 93 444 751 571 595 431 644 525 545 343 917 70 700 677 778 607 736 634 150 556 276 268 558 769 359 679 962 65 706 856 589 968 259 110 129 358 699 7 996 329 658 90 45 107 798 615 792 917 788 860 306 646 913 300 262 587
246 106 918 507 928 341 459 763 489 212 263 345 121 667 925 795 309 489 558 865 771 792 956 7 241 207 280 574 147 907 333 862 982 65 706 40 72 632 263 568 708 530 197 744 667 234 148 218 912 460 56 877 249 290 775 187 46 299 742 744 160 178 638 776 285 955 42 322 577 336 817 89 915
95 760 64 947 443 325 424 617 86 182 623 336 738 255 898 137 759 408 703 788 131 391 309 278 161 725 759 656 461 732 13 243 930 831 638 317 937 110 925 572 358 907 561 562 469 159 227 955 99 668 868 307 686 605 395 630 419 521 481 723 948 63 127 366 943 829 62 852 898 295 655 204 613
246 358 196 831 252 914 430 617 268 33 532 658 781 477 650 172 849 535 344 907 961 825 188 761 30 644 1 552 316 783 802 742 256 982 661 722 985 191 571 419 193 123 348 128 965 115 328 141 898 891 512 605 672 202 106 815 433 840 811 715 155 269 109 388 44 923 737 143 147 224 817 577 40
901 453 638 828 185 442 190 292 46 898 792 951 190 682 893 587 159 282 751 767 758 161 50 138 392 93 671 648 819 793 449 207 161 967 525 981 832 847 366 366 442 777 617 111 781 918 6 802 305 336 818 58 674 853 652 695 679 192 536 658 686 964 264 931 780 482 127 781 563 462 755 413 220
799 409 858 938 374 766 101 383 11 721 688 67 75 680 751 628 599 249 464 954 307 54 236 267 145 34 812 980 188 320 36 200 596 577 964 609 617 96 612 874 49 393 828 403 962 2 513 823 909 874 202 860 992 303 795 347 699 341 571 779 167 602 441 221 985 0 979 781 808 96 332 893 558
810 841 449 80 284 726 82 161 403 506 190 182 470 680 487 709 983 711 566 570 18 378 452 989 804 598 206 268 363 181 1000 346 955 609 103 770 71 244 443 978 948 245 93 277 886 707 664 969 283 263 588 368 782 484 87 423 579 122 271 893 189 741 705 590 821 687 115 791 917 918 90 508 17
126 856 116 901 610 52 512 318 319 23 303 214 621 993 263 633 293 495 346 275 469 488 28 186 608 993 361 61 904 252 435 900 115 427 376 958 929 239 937 918 496 484 855 413 359 547 152 765 19 86 371 155 683 779 153 579 818 836 367 110 422 327 350 189 932 855 906 69 269 545 483 996 458
330 297 704 523 735 39 308 276 890 749 892 745 390 684 822 324 521 310 122 183 429 199 908 268 987 881 925 636 457 754 628 468 85 388 488 892 285 813 852 631 140 919 380 739 955 906 988 79 905 684 912 174 681 874 326 934 163 589 618 345 239 567 439 959 99 534 574 932 891 818 357 971 299
852 716 108 561 211 708 952 139 247 437 600 872 256 949 326 121 63 743 784 950 871 681 91 424 164 438 662 842 415 769 100 290 162 252 634 176 657 387 184 661 220 353 115 82 606 205 485 484 869 692 697 894 288 248 160 536 271 347 265 844 656 209 289 296 785 93 271 447 979 21 813 384 108
603 727 836 672 882 417 480 716 0 344 710 925 603 593 5 363 167 601 776 806 232 152 958 16 837 593 917 917 730 773 621 877 347 401 231 969 1 476 668 469 597 814 969 402 767 529 800 854 741 775 302 346 368 688 918 212 430 859 289 266 706 464 789 488 800 619 48 92 257 511 73 398 926
895 137 326 947 107 222 566 809 905 286 519 761 360 451 961 953 866 502 322 420 223 701 752 738 785 705 777 874 465 776 949 496 652 978 660 637 426 693 415 98 707 703 719 552 188 114 255 435 563 437 237 500 85 918 519 512 240 831 688 99 445 251 699 421 756 451 348 230 714 931 365 881 203
159 27 95 202 945 128 643 388 208 765 438 645 812 761 957 611 753 889 621 966 973 458 627 673 361 806 706 881 594 995 672 850 902 590 258 270 631 139 234 31 507 520 10 669 742 756 488 762 595 546 251 961 716 80 127 148 989 346 1000 212 49 761 785 445 699 855 796 693 674 662 923 969 950
61 631 189 831 787 91 772 746 898 739 355 523 928 983 373 629 321 557 12 212 622 533 546 533 159 593 456 697 164 158 665 447 145 417 745 490 184 309 523 964 142 180 447 548 471 148 613 502 461 641 487 530 120 275 295 623 629 524 639 494 999 327 841 322 974 867 410 781 914 492 964 696 903
405 295 34 686 950 52 761 46 42 333 691 528 618 726 894 766 611 11 254 262 383 621 22 317 556 560 975 283 637 470 946 234 438 836 344 758 474 674 77 203 757 292 205 333 990 188 459 555 851 449 462 731 871 868 709 113 311 758 733 436 439 122 418 361 661 51 16 771 659 761 771 487 96
135 794 115 269 894 709 648 518 666 897 274 766 835 509 946 777 778 111 360 883 769 588 597 848 796 755 330 208 969 772 997 774 404 840 203 360 133 674 238 463 956 49 397 37 375 686 208 830 7 758 447 746 116 694 374 838 696 742 483 863 738 534 39 658 399 519 425 575 791 931 697 524 929
76 831 739 354 678 432 831 323 47 749 654 858 591 107 691 776 547 977 938 644 448 170 451 434 527 511 785 14 701 90 232 183 207 822 383 852 763 299 667 250 611 257 839 812 330 49 843 383 978 487 752 549 480 308 676 229 663 633 278 589 338 377 166 254 519 281 810 315 382 439 930 972 581
864 560 936 962 567 194 70 863 873 847 579 346 22 469 673 489 327 1 571 328 922 537 581 875 931 153 250 318 216 538 311 125 868 75 674 520 808 339 39 477 208 406 822 739 4 74 30 745 136 427 431 493 236 888 677 5 151 629 820 42 611 830 726 178 718 275 906 646 595 974 628 326 732
917 998 701 433 792 783 342 584 550 304 424 913 255 646 482 759 486 636 837 947 220 260 701 125 636 868 971 660 634 819 542 32 945 851 887 770 594 897 482 872 50 567 155 133 619 244 586 652 4 361 507 110 728 638 590 373 233 130 915 799 105 746 423 638 5 210 570 68 432 483 765 538 789
554 529 665 42 708 560 912 280 951 692 336 761 204 139 944 675 656 776 159 274 845 455 194 206 761 456 324 309 867 513 828 456 624 876 14 718 2 395 660 623 43 301 734 929 599 340 636 6 314 257 178 3 398 553 712 216 625 463 548 382 781 685 701 149 781 360 305 77 59 504 19 4 122
669 254 466 407 607 162 247 772 47 395 670 76 730 746 435 620 447 671 588 538 852 321 352 737 862 908 271 376 467 827 735 567 386 577 851 425 878 861 369 696 224 721 337 692 175 6 869 345 452 679 449 802 742 60 900 268 719 412 695 0 56 496 202 455 571 906 311 934 137 123 283 827 945
378 867 678 911 702 619 327 503 626 98 788 102 7 812 84 501 719 337 807 492 383 707 527 658 48 945 589 793 288 534 741 800 795 629 936 970 702 770 837 30 1 51 702 734 320 817 244 740 689 798 786 169 880 73 470 10 238 573 231 397 981 960 551 821 554 425 434 698 73 977 375 574 595
175 852 329 580 10 256 59 390 509 965 999 179 756 438 469 908 354 327 759 161 544 900 867 322 242 510 329 476 404 305 26 923 873 381 535 102 847 550 518 716 550 205 907 467 132 664 2 606 942 889 387 53 500 240 294 530 377 254 765 816 889 45 212 489 860 136 222 875 388 342 171 223 792
367 322 957 658 963 622 817 251 592 897 752 728 106 336 439 418 504 871 563 118 956 133 95 86 5 800 481 764 3 627 144 378 40 26 306 997 49 218 356 334 798 614 797 845 166 581 484 303 517 319 171 794 722 87 300 782 141 853 878 92 783 152 660 890 233 758 462 466 488 168 788 519 703
572 342 160 964 952 423 93 464 320 447 910 28 489 486 302 296 215 463 985 62 914 815 575 274 483 289 296 381 349 463 836 282 821 494 440 331 252 899 800 674 381 977 915 18 796 160 869 779 150 429 82 415 317 946 547 672 549 790 171 8 78 685 921 203 515 714 965 901 445 85 766 133 542
953 621 67 957 980 904 2 737 464 176 386 504 843 964 590 293 305 171 466 142 562 201 177 512 189 995 659 642 598 749 929 457 24 354 478 768 455 872 246 715 321 856 293 867 129 302 182 846 380 243 50 714 160 129 596 184 856 538 463 920 471 803 620 865 82 800 899 645 75 759 916 391 342
124 64 92 551 581 268 275 508 355 624 921 543 927 6 863 505 401 791 491 537 925 734 960 275 998 33 488 836 479 452 888 876 113 302 736 182 45 265 242 966 907 620 768 719 524 560 368 883 885 738 516 347 769 587 777 208 271 54 380 458 312 32 666 179 827 345 141 22 841 885 515 681 841
251 781 269 127 16 215 158 387 137 69 687 898 263 310 452 319 689 937 833 945 688 882 766 945 938 142 109 592 448 459 654 71 236 775 543 974 918 421 458 152 898 196 293 371 868 566 239 144 64 565 932 279 195 397 355 705 665 202 900 632 664 141 212 87 857 95 823 361 905 141 253 417 89
898 246 956 606 78 569 725 319 666 410 255 676 495 35 135 871 347 269 787 840 371 653 4 50 143 501 15 107 520 772 381 578 387 975 305 547 773 928 148 638 2 596 483 493 48 603 368 725 986 694 848 682 474 397 892 449 38 749 464 95 564 920 301 434 388 755 611 110 126 184 310 739 76
389 40 312 302 927 681 146 869 666 531 635 473 441 155 862 563 429 615 935 920 326 597 502 686 443 513 360 312 880 813 433 291 799 489 967 754 532 637 47 134 51 300 45 129 858 40 934 31 413 33 539 686 540 196 98 154 817 577 326 332 346 450 954 970 706 142 417 509 131 397 35 413 346
472 157 869 355 75 143 847 289 229 248 798 584 206 664 599 318 779 527 995 747 89 788 40 712 351 551 738 495 392 749 959 816 976 12 910 678 99 76 710 327 618 888 659 958 156 399 720 592 283 222 867 273 237 201 162 542 80 120 464 424 489 711 441 30 969 283 983 378 302 229 167 566 672
978 950 747 151 55 738 452 926 63 281 856 40 430 982 333 478 142 196 555 194 371 999 927 216 394 404 454 314 185 2 884 81 215 105 143 758 464 184 436 978 808 373 261 95 775 790 238 202 802 54 552 839 210 473 64 35 758 511 381 919 132 299 656 811 289 808 267 358 578 115 920 577 386
885 34 808 528 425 759 306 521 371 642 260 401 172 849 423 639 773 188 536 5 139 240 563 39 365 790 869 838 870 423 453 798 830 932 713 395 603 340 453 818 500 360 583 173 194 501 221 967 455 506 668 578 919 509 529 29 198 558 122 597 511 435 547 973 929 429 343 509 737 674 209 558 154
52 918 9 323 805 441 763 169 68 502 17 506 637 287 690 127 93 566 339 690 135 882 511 879 587 599 672 991 917 156 609 605 959 440 248 713 740 483 1 954 465 790 946 279 815 824 423 451 700 589 761 367 847 934 846 832 204 606 556 656 519 11 116 772 828 907 933 701 943 563 354 855 47
856 917 101 888 354 109 391 739 817 23 488 973 229 858 732 369 994 351 720 156 779 969 543 561 119 456 400 234 326 636 383 271 759 109 955 628 816 274 487 124 555 757 841 120 527 179 937 309 220 800 113 884 590 102 86 483 330 636 984 698 761 995 451 891 137 806 746 133 85 669 489 792 190
884 140 518 197 624 455 171 92 672 290 185 925 57 197 535 844 415 116 235 264 230 934 690 345 330 395 457 393 805 463 678 952 800 881 109 344 380 669 626 243 205 305 669 770 290 267 478 216 661 519 207 577 332 379 758 510 113 508 282 681 125 682 462 383 795 733 410 99 145 217 334 660 112
270 946 388 188 787 87 945 976 161 445 226 348 589 98 662 887 550 64 742 130 693 672 506 347 66 771 527 585 891 778 209 807 802 758 326 668 715 201 352 367 622 824 743 177 242 835 71 871 982 461 105 346 831 450 487 790 274 542 600 223 73 735 318 215 555 408 358 222 747 958 979 668 256
365 555 375 542 424 801 62 848 67 250 980 12 259 267 192 559 795 758 879 432 879 490 471 583 872 412 125 662 344 440 806 720 770 122 800 656 21 468 32 817 210 713 242 580 41 24 485 322 946 839 868 509 484 90 9 595 953 520 417 723 349 137 566 344 534 765 167 751 156 199 789 169 213
17 165 616 194 60 687 816 82 409 747 651 306 654 695 304 712 384 313 91 259 382 484 507 835 831 50 877 464 968 159 156 262 136 551 837 420 964 417 770 349 674 3 710 85 692 325 389 852 93 147 89 404 874 36 292 76 245 581 787 516 923 258 566 722 495 622 531 18 426 510 571 368 402
284 544 560 93 82 897 379 677 441 330 410 764 904 227 797 700 565 302 831 405 14 842 945 432 805 856 205 678 323 191 368 355 218 310 784 735 960 36 606 786 235 513 103 17 167 647 697 55 533 721 824 897 232 90 991 49 282 652 392 406 917 344 742 273 639 388 955 567 190 188 177 997 445
490 180 738 142 431 174 609 414 419 339 716 713 399 28 769 884 863 332 344 667 768 378 991 122 906 894 834 610 94 795 535 449 400 232 598 39 113 587 945 286 666 447 226 448 138 723 721 225 972 584 231 697 398 666 903 829 336 273 278 521 178 421 854 379 263 271 697 59 943 201 803 193 731
72 11
321 956 352 281 242 228 450 530 452 728 890
721 636 39 640 151 533 97 602 52 50 968
450 264 195 102 336 747 56 864 300 460 288
952 954 573 288 45 435 134 573 438 378 645
298 991 746 725 303 787 822 438 405 474 859
69 489 89 758 43 684 456 827 469 177 543
188 229 530 763 38 516 710 558 692 794 579
345 436 716 931 450 131 19 854 712 524 116
530 393 622 578 883 277 318 337 954 800 241
39 154 490 171 4 12 831 268 331 589 604
450 767 669 183 804 106 653 271 406 15 892
267 255 219 409 522 421 212 827 315 726 599
22 176 865 580 349 680 507 134 31 796 769
931 106 838 86 55 213 197 142 304 79 248
526 265 52 80 164 828 67 377 911 534 381
506 339 249 682 387 701 967 304 400 28 408
689 518 811 176 814 940 640 191 487 725 732
764 44 120 561 453 331 649 803 746 463 324
391 124 211 966 490 834 366 492 22 363 541
475 744 392 41 322 382 48 488 661 427 612
914 790 25 124 163 806 339 371 301 997 325
124 284 637 707 946 123 124 205 100 138 23
860 272 171 860 196 748 981 324 94 48 387
337 776 472 68 4 528 400 709 825 973 228
265 787 548 783 699 763 475 219 164 144 23
782 596 35 87 988 30 174 246 956 686 786
183 883 131 890 801 957 149 701 791 74 864
57 97 968 219 987 326 518 59 583 344 522
807 618 873 975 17 548 481 403 73 659 5
526 630 715 513 807 126 126 23 68 717 869
569 67 813 365 651 118 233 680 118 521 246
865 17 780 281 812 233 573 433 942 397 827
666 70 605 485 81 471 795 181 93 376 173
458 428 837 647 284 426 142 300 96 38 131
63 545 82 39 984 493 827 56 195 492 33
274 387 833 291 142 826 466 823 716 628 143
776 760 821 467 826 856 964 607 119 761 477
927 630 618 864 257 539 524 153 401 593 253
727 660 744 835 795 254 660 188 743 682 588
152 144 350 150 203 924 52 884 449 978 909
441 332 766 61 521 939 31 813 948 856 163
354 580 636 942 133 127 705 484 703 156 906
352 80 868 305 92 409 584 61 131 527 973
487 928 311 629 890 631 752 538 987 930 858
454 597 488 696 95 74 544 694 709 764 528
97 369 772 228 416 479 800 419 97 483 713
106 293 731 159 4 780 785 600 492 365 613
97 653 162 826 162 769 266 987 996 272 639
609 369 83 740 126 562 95 949 17 679 765
951 265 827 13 624 469 354 722 920 917 245
868 42 771 81 465 96 308 829 897 101 100
938 236 405 930 334 817 656 338 980 34 737
646 376 188 133 423 580 580 458 204 684 182
700 473 141 283 931 776 284 451 673 263 470
709 229 781 758 723 149 436 681 170 305 309
301 161 747 400 371 711 801 355 523 231 810
995 462 427 960 13 309 954 251 521 731 851
557 718 242 270 466 151 986 680 300 694 190
443 120 870 486 638 757 368 473 928 968 403
166 614 931 560 139 862 730 674 912 574 219
794 490 226 282 590 980 677 742 794 6 217
229 977 898 504 75 472 486 437 468 165 752
850 673 680 392 387 682 297 968 16 804 886
61 153 653 84 584 21 477 494 512 209 583
21 50 527 103 138 614 480 972 859 667 263
677 540 895 383 31 442 412 905 19 906 505
469 189 960 671 653 124 198 784 992 101 897
902 912 800 678 736 135 738 636 389 915 502
566 374 772 882 756 644 313 143 482 898 55
949 706 456 336 874 628 612 111 863 605 739
471 937 252 749 629 138 321 798 963 512 152
852 910 66 935 618 562 148 320 771 219 282
26 56
330 79 292 284 860 634 772 636 596 528 34 515 582 393 732 482 27 13 348 615 80 732 336 332 668 813 954 967 71 733 70 815 835 139 436 582 395 778 406 113 946 670 197 239 617 292 254 388 487 921 51 795 215 97 205 24
37 330 780 617 742 972 362 622 876 663 872 396 741 965 25 787 621 948 811 531 402 62 654 726 456 972 196 536 624 618 2 753 888 700 2 553 910 959 315 198 784 963 774 832 505 185 891 337 214 725 956 377 363 570 815 870
47 709 975 188 665 952 902 181 503 39 472 702 489 428 164 978 534 601 7 375 134 960 292 635 283 439 495 41 336 97 650 459 592 561 967 134 960 748 76 526 57 882 979 925 94 743 563 136 464 502 725 593 13 944 3 818
348 94 332 208 550 318 46 956 102 19 871 6 862 435 719 660 52 920 278 279 450 306 37 10 308 17 722 464 168 152 887 263 607 7 636 916 271 547 751 65 739 131 259 169 378 729 724 942 268 595 968 216 446 117 396 472
584 484 809 690 277 405 966 900 28 317 951 7 78 851 887 287 199 806 49 653 637 566 113 708 63 112 745 893 1 516 483 436 738 172 457 579 935 168 286 63 35 367 209 628 111 755 841 993 553 334 871 745 465 404 151 581
527 71 466 675 755 688 187 513 862 438 922 779 283 459 599 646 171 214 604 479 358 764 809 93 844 577 904 345 83 552 66 787 787 13 415 501 71 497 105 850 305 245 930 388 200 755 219 715 300 773 788 198 26 871 695 970
44 434 645 692 429 820 658 171 825 335 651 395 738 629 593 36 968 795 62 95 542 698 318 886 198 403 873 360 896 816 949 595 608 465 995 996 835 63 381 46 530 484 632 113 475 534 208 310 660 979 228 790 62 966 667 270
670 596 141 795 773 588 65 560 287 540 128 84 845 456 345 517 736 334 599 823 120 287 887 882 32 727 863 560 246 247 787 383 460 145 392 439 788 821 46 900 637 261 281 117 44 528 399 702 300 66 502 937 212 825 545 457
783 714 675 814 969 837 222 997 778 605 156 711 668 329 451 364 428 382 392 825 458 114 193 401 725 390 496 446 402 823 706 811 421 778 41 750 49 790 848 241 803 156 193 161 636 8 882 19 210 939 324 906 393 597 465 770
112 513 78 123 88 973 554 934 958 666 726 97 738 293 313 439 391 283 241 100 643 630 663 788 702 255 626 778 171 79 118 372 267 865 336 980 270 841 500 25 157 796 622 615 998 623 276 892 435 350 181 726 596 72 82 478
499 387 439 207 684 141 548 90 340 102 715 31 98 198 432 652 219 384 719 918 255 318 609 373 180 851 10 571 302 181 700 84 471 258 240 401 208 1000 640 249 682 345 107 963 939 75 395 922 370 774 631 998 331 921 595 742
940 204 418 180 642 501 346 955 776 69 220 846 321 615 573 425 537 346 899 181 219 659 253 224 900 590 283 304 759 807 515 14 695 77 73 340 539 979 951 528 98 893 232 47 275 659 5 214 369 914 255 164 277 208 910 802
522 948 967 249 654 739 713 29 621 862 155 571 662 561 333 668 553 507 280 337 624 198 882 969 958 533 754 618 361 266 236 670 931 96 964 382 716 506 710 228 414 819 564 959 160 820 115 698 17 397 889 437 623 370 752 600
350 219 941 168 583 629 15 334 998 811 702 694 398 860 364 285 884 63 846 8 534 290 354 239 279 639 681 616 972 632 650 663 392 797 302 228 7 370 289 426 211 823 130 995 458 449 353 526 246 10 110 765 338 768 607 400
369 1000 568 183 895 817 104 146 874 712 492 675 59 268 303 834 453 433 81 537 548 879 110 690 113 835 39 914 48 785 154 705 216 390 119 48 779 419 850 860 64 630 197 832 575 402 379 483 587 758 958 630 734 21 859 627
279 598 234 663 711 227 269 618 491 294 821 140 481 199 393 479 27 284 207 172 422 393 312 356 959 175 256 741 312 976 862 393 88 407 639 561 156 382 599 811 146 202 447 285 895 926 874 550 605 652 112 613 115 582 186 297
570 322 996 620 230 226 49 601 679 436 215 91 627 441 828 562 616 508 50 694 923 598 679 947 247 742 444 423 383 482 49 999 925 568 529 310 395 17 913 509 240 226 649 352 960 867 767 676 873 10 719 680 958 750 307 476
404 239 923 592 332 61 121 903 605 162 616 146 179 676 666 359 513 870 20 612 20 101 582 619 990 480 283 247 49 925 392 838 945 427 118 132 903 532 167 975 181 805 834 394 274 81 700 102 863 622 710 459 530 354 129 447
583 866 989 625 808 36 693 212 240 784 613 132 716 439 446 933 467 708 86 681 323 714 317 603 28 226 570 256 933 736 30 125 253 82 615 321 869 121 569 871 207 285 943 825 562 466 349 457 371 161 116 727 975 124 541 941
174 715 623 832 230 1000 238 952 360 955 149 433 632 376 17 909 401 331 305 267 599 535 577 609 492 519 721 274 116 965 726 5 198 665 838 985 272 222 652 806 629 818 795 766 759 402 399 205 904 631 318 965 784 246 267 130
278 698 286 459 160 380 191 416 913 677 58 604 992 642 682 316 540 686 682 268 508 706 632 602 490 509 394 808 817 896 166 873 170 536 961 744 953 302 383 568 531 676 659 884 359 626 722 451 944 469 39 55 771 131 346 544
929 105 891 268 755 779 967 830 468 502 427 599 893 907 1000 195 313 537 333 437 280 120 525 423 523 606 817 978 232 51 916 845 708 848 414 882 453 613 302 876 301 357 684 125 908 113 327 456 23 19 778 941 840 228 92 825
882 138 265 893 851 670 554 737 924 849 960 400 776 626 494 558 368 483 12 2 809 174 709 342 547 671 297 956 531 798 414 390 419 985 392 686 570 799 358 463 998 833 4 355 101 965 750 304 346 393 500 286 840 52 697 824
163 993 74 169 141 743 888 110 567 218 790 536 732 856 565 952 932 345 903 684 754 686 407 368 563 185 279 584 846 199 637 3 916 119 199 493 606 646 678 885 327 738 338 676 587 699 573 284 105 655 598 390 52 375 0 987
797 707 559 208 262 196 15 57 278 718 494 25 116 223 393 4 461 795 853 971 218 990 636 394 222 158 363 609 43 852 696 202 579 941 529 567 410 903 543 523 936 633 336 939 646 897 162 271 825 366 701 116 370 627 101 666
822 287 759 171 822 712 978 986 800 131 173 533 472 746 55 31 391 991 542 210 543 566 526 118 601 841 883 165 616 252 633 946 941 344 804 64 27 346 129 694 246 811 878 813 186 340 96 670 359 386 60 939 831 582 40 882
40 58
607 539 444 66 394 933 471 121 205 898 724 377 144 250 345 322 248 572 307 29 862 715 27 567 54 626 637 296 933 300 164 430 799 469 285 356 468 19 313 596 791 693 974 927 809 765 321 124 746 254 329 495 356 517 166 867 10 666
645 172 107 687 796 602 45 35 764 494 849 222 564 260 809 776 745 694 648 489 881 371 16 598 758 457 336 458 761 352 323 543 235 441 36 749 865 23 296 476 49 668 536 980 754 656 774 708 568 150 93 794 205 211 581 369 779 922
315 247 11 250 236 216 602 611 738 546 968 495 468 892 222 802 722 592 797 436 399 205 692 717 283 485 926 882 612 809 756 736 493 364 703 472 919 176 518 777 189 416 816 40 146 390 669 975 702 561 979 254 756 898 99 860 137 435
534 713 283 864 419 283 207 310 412 77 2 806 743 511 818 580 647 192 644 246 891 756 209 441 310 301 41 484 664 585 898 44 660 72 959 267 193 72 811 39 42 320 547 242 321 998 323 526 403 989 851 247 267 605 557 517 350 880
306 54 876 328 96 108 914 57 352 715 742 429 6 7 45 945 444 398 300 608 491 283 438 502 447 301 769 313 576 799 263 939 936 247 297 510 43 832 135 442 977 177 714 543 825 819 939 915 409 852 872 305 793 93 241 595 340 685
567 623 383 487 400 745 794 807 374 184 471 205 283 948 577 575 189 826 696 43 585 933 814 459 214 801 130 511 268 587 589 643 156 227 644 727 561 273 635 583 815 225 182 228 313 594 949 667 876 334 225 96 32 33 620 38 212 773
147 449 588 490 661 458 35 481 663 711 638 655 858 930 926 329 708 288 572 501 229 874 904 708 421 742 958 721 753 419 822 331 95 867 931 710 237 532 153 749 248 13 599 287 609 701 882 86 886 757 326 567 745 145 467 178 335 662
18 664 708 698 302 659 1000 886 233 350 555 777 587 668 630 383 557 969 736 400 110 575 555 909 0 183 580 120 916 218 701 271 991 755 724 248 94 689 897 126 413 909 571 708 489 950 994 175 494 828 134 441 325 324 911 676 109 356
941 506 695 256 890 189 413 464 765 729 508 988 528 159 312 871 256 402 333 438 980 839 260 919 157 864 779 240 554 965 609 176 134 548 526 939 156 290 837 249 630 865 43 413 528 751 155 552 454 637 197 108 80 851 375 437 184 960
205 226 770 923 806 114 358 863 947 225 337 666 305 635 386 116 535 883 327 440 913 205 456 919 42 905 907 621 407 837 96 326 51 330 435 824 853 996 857 613 694 89 868 708 311 137 773 589 335 178 861 242 604 84 152 374 853 224
476 460 550 898 264 920 478 824 90 14 477 593 757 459 712 963 990 681 86 459 896 356 355 441 137 687 397 554 242 314 621 279 637 55 463 727 868 182 268 290 411 608 257 627 833 182 796 245 746 791 889 163 829 262 58 766 781 400
365 106 74 551 523 213 892 246 503 920 526 717 144 569 207 676 541 176 760 774 4 311 695 70 687 641 66 366 430 683 209 852 590 997 494 396 521 230 241 261 880 798 341 285 726 622 210 569 794 56 922 704 207 408 730 611 201 26
778 772 626 796 543 122 212 850 408 542 952 287 289 229 658 330 260 118 576 956 855 341 171 25 267 972 749 649 158 82 197 994 826 711 386 943 642 48 326 708 675 808 544 472 260 12 653 653 629 763 740 54 529 772 281 965 935 10
420 878 670 713 95 255 957 169 990 202 522 389 324 491 356 396 224 939 568 973 348 84 470 567 372 341 911 29 337 857 980 686 984 594 230 604 643 658 906 450 691 296 388 324 59 256 635 197 104 890 571 798 280 48 604 268 25 317
503 509 57 474 860 878 570 848 167 116 637 633 213 807 745 619 950 507 561 714 831 674 98 981 446 416 176 208 927 690 716 641 258 499 555 215 935 44 216 877 694 334 327 55 746 346 88 457 191 491 997 894 12 493 794 237 589 873
835 669 300 381 174 901 296 497 510 122 384 577 395 887 401 97 218 44 964 763 552 913 644 256 576 596 274 470 91 975 589 193 376 939 701 512 419 490 103 791 509 469 719 521 931 373 620 370 567 492 401 216 142 524 551 737 987 182
132 742 953 363 901 21 475 301 135 643 475 246 609 172 342 288 841 456 436 54 775 502 466 680 981 709 677 331 158 979 693 256 551 275 971 795 388 542 831 142 777 24 703 698 277 376 441 807 479 861 844 502 356 252 380 334 770 11
906 982 730 95 349 903 137 200 161 221 793 718 633 975 190 631 1000 567 250 301 516 446 527 72 56 973 504 75 767 19 632 100 233 548 819 566 74 233 222 556 78 389 349 152 519 320 897 598 555 237 79 932 184 326 377 544 856 648
212 486 171 830 135 917 760 478 527 951 828 192 43 180 505 548 202 400 483 967 414 984 774 74 565 687 722 311 393 702 293 532 974 848 1000 668 142 839 265 890 161 918 413 252 536 145 995 50 766 562 636 497 120 222 192 989 221 19
440 455 938 642 704 253 370 720 46 983 815 354 408 932 556 32 496 776 846 187 15 906 643 467 970 163 227 620 219 210 266 298 737 914 176 880 174 904 12 819 244 137 506 228 323 312 2 193 622 935 349 64 653 199 484 367 59 814
725 129 584 594 895 747 799 61 19 249 598 481 651 880 558 345 238 521 737 113 17 994 374 900 722 74 744 577 613 595 299 356 847 592 495 332 30 288 617 952 195 781 36 631 991 318 440 666 755 936 194 27 279 604 230 651 723 936
247 389 220 73 675 164 478 180 369 819 238 180 256 44 254 713 608 540 927 929 331 271 220 1 321 627 586 378 497 74 818 165 431 981 419 342 849 1 45 859 700 287 525 629 709 593 801 834 139 356 89 345 239 330 575 238 755 24
170 412 647 259 529 437 192 824 167 382 84 392 789 445 69 7 83 429 931 331 913 203 632 739 21 737 504 127 478 178 852 618 961 503 875 560 274 116 889 239 756 849 540 930 765 282 727 861 669 261 878 709 996 63 656 92 894 576
64 987 348 419 484 710 15 425 57 615 759 661 424 84 932 230 942 10 265 655 891 881 827 594 956 902 294 222 636 739 669 941 938 275 36 225 354 26 653 399 224 532 471 491 765 871 272 130 371 37 126 765 527 403 971 365 738 239
731 891 872 451 877 561 284 379 600 794 32 404 631 306 147 487 879 900 19 108 768 394 289 582 383 761 893 907 415 122 170 113 546 352 585 168 219 297 83 860 592 892 508 723 667 732 989 449 527 616 783 688 832 714 829 43 200 512
711 126 614 341 223 504 219 776 148 901 734 175 724 306 289 12 575 419 312 670 601 7 693 800 687 521 76 189 516 290 541 845 371 24 669 677 665 477 884 609 15 945 577 715 875 79 653 931 987 390 922 310 563 684 123 497 956 627
508 236 600 886 372 634 749 823 271 957 227 545 53 270 150 670 580 426 790 798 787 68 200 614 965 742 664 532 361 527 695 820 651 201 62 113 231 200 941 214 292 522 50 344 224 672 352 511 193 658 753 126 476 931 499 141 953 801
796 691 778 90 918 299 525 290 570 961 21 252 413 146 253 474 443 243 637 953 521 552 2 115 740 343 142 318 741 544 484 346 923 49 576 727 125 754 811 512 802 645 640 381 843 579 730 148 666 747 626 943 772 644 637 270 855 555
746 110 964 559 731 222 802 265 400 123 907 329 457 157 522 361 897 868 982 923 206 756 901 588 989 251 545 843 174 828 578 80 966 183 945 864 771 903 203 944 636 733 172 958 94 21 892 509 140 380 710 133 454 606 831 640 190 206
564 557 935 340 153 223 101 10 849 826 852 782 381 985 613 892 523 861 267 596 117 137 334 195 943 781 518 479 981 38 689 205 20 617 31 606 910 377 295 388 676 407 546 50 233 455 409 92 516 598 52 65 758 524 352 709 636 256
385 887 132 602 538 34 942 412 512 170 416 491 48 716 826 659 416 920 740 442 408 863 519 172 672 511 498 719 792 285 360 795 939 928 878 948 294 813 790 491 922 128 830 266 456 472 608 208 263 167 934 647 474 205 495 796 38 156
289 973 321 28 801 433 456 499 699 81 896 591 263 546 672 307 395 263 3 258 144 273 858 68 489 560 846 682 85 667 806 786 1000 354 492 769 434 677 407 105 394 928 564 421 188 958 351 69 199 24 437 635 544 232 341 704 232 936
786 923 638 365 589 865 575 882 898 622 950 219 801 786 323 462 227 607 35 13 641 285 244 283 782 979 834 276 462 102 942 366 42 523 716 617 372 216 324 0 28 75 264 605 906 107 213 612 322 522 8 683 598 341 685 281 961 348
770 47 156 793 943 12 267 776 637 42 910 196 931 612 260 504 21 339 94 164 337 842 574 677 819 865 702 849 364 879 839 87 586 140 142 651 971 595 840 903 521 85 510 84 484 585 291 300 909 619 542 8 139 469 991 82 496 605
226 864 213 930 30 492 740 162 915 737 758 283 956 174 205 371 684 815 497 576 501 479 541 20 413 734 466 706 638 48 930 653 804 531 370 210 716 59 807 654 245 633 684 309 121 718 708 940 304 584 783 926 342 982 983 923 618 342
949 508 446 686 123 529 276 224 147 683 481 197 23 508 751 151 499 778 433 962 842 781 651 772 891 668 930 805 837 176 773 376 111 243 458 16 748 825 896 638 718 126 105 135 891 225 197 989 436 448 416 859 865 853 49 910 463 512
534 107 639 154 927 21 276 113 85 881 895 320 847 256 558 398 11 735 507 675 290 414 569 420 171 876 62 40 937 521 376 109 48 834 488 265 264 851 643 175 162 222 953 928 908 750 186 990 718 851 120 362 903 586 617 33 154 95
693 480 571 204 690 514 625 151 383 605 152 744 597 395 874 259 109 33 329 817 568 756 797 947 678 251 63 516 137 482 587 422 634 7 586 300 251 464 205 586 912 337 622 666 767 346 144 931 193 409 481 96 776 733 441 491 717 493
951 682 768 102 773 524 290 425 412 771 920 777 145 43 626 282 90 804 907 307 719 867 487 450 362 678 870 608 109 617 457 968 691 51 688 311 656 460 598 310 280 37 646 944 504 504 895 211 383 799 848 422 629 617 228 150 266 254
127 457 489 622 259 729 756 67 775 287 687 689 896 959 920 515 497 17 136 999 666 832 352 195 10 8 57 338 152 558 530 595 298 173 348 732 546 875 530 98 411 34 127 757 398 333 837 527 983 551 877 178 914 407 157 876 984 789
6 15
740 916 201 826 109 478 197 476 239 475 958 136 783 514 352
461 39 84 90 11 55 305 89 915 599 860 341 584 905 157
346 59 35 427 125 920 918 493 347 142 138 246 198 294 924
48 85 698 580 773 852 873 243 318 698 715 943 923 126 992
115 723 92 606 72 728 429 18 402 342 642 331 582 200 954
430 66 415 650 327 129 943 374 618 683 85 811 829 822 411
