96 95
1 2
1 23
1 81
2 3
2 4
2 5
2 7
3 6
3 8
3 13
3 52
4 12
4 14
4 18
5 37
6 11
6 19
7 9
7 10
7 63
8 88
9 31
9 60
10 15
11 55
12 26
12 33
12 82
13 27
14 16
14 41
14 49
14 72
14 90
15 17
16 20
16 21
16 28
16 64
17 58
17 70
19 51
19 77
19 89
19 96
20 39
20 40
20 57
21 22
21 38
21 48
21 86
22 24
22 25
22 32
23 30
23 47
26 65
27 29
27 34
27 92
28 53
30 45
31 42
32 35
32 44
32 59
32 79
33 50
34 43
35 36
35 66
37 46
37 75
40 83
41 54
44 68
44 71
45 62
45 73
45 76
48 61
50 85
52 78
54 56
55 67
57 93
58 84
59 74
60 94
62 87
65 91
67 69
72 80
80 95
