91 90
1 2
1 3
1 9
1 16
1 45
2 6
2 10
2 15
2 23
2 50
2 75
2 85
2 87
3 4
3 5
3 18
3 27
3 42
4 13
4 19
5 7
5 8
6 11
6 20
6 44
6 51
6 81
7 12
7 14
8 17
8 21
8 25
8 26
10 86
11 47
11 80
12 22
12 38
13 32
13 41
14 31
14 49
15 24
15 34
15 63
16 28
16 46
17 43
17 60
19 54
20 29
21 30
27 71
28 69
29 33
29 37
29 57
30 36
31 39
32 35
34 73
35 56
36 40
41 72
42 53
42 78
44 83
46 52
46 55
46 70
47 48
47 59
47 76
47 89
48 58
48 64
48 65
49 68
49 79
50 62
55 84
57 90
59 61
59 67
61 66
63 74
73 91
74 77
77 82
82 88
