60 9.40
0.00 0.00
18.80 0.00
24.92 16.94
27.15 21.11
32.63 26.63
33.84 20.34
42.34 21.81
43.84 39.44
56.65 44.85
58.55 41.36
64.54 27.07
67.10 21.20
70.56 23.81
73.69 33.20
78.41 26.18
91.74 30.84
96.41 27.14
110.01 40.60
127.13 51.84
128.30 66.71
137.89 61.86
140.01 66.91
142.01 69.29
143.66 70.34
162.21 58.40
164.19 61.89
174.07 66.74
177.46 65.62
183.70 54.93
189.63 37.65
195.39 39.33
199.33 41.08
202.28 44.33
221.01 52.91
234.89 57.71
236.37 61.56
238.41 48.89
239.51 50.22
246.27 46.80
257.19 45.55
262.10 52.30
267.11 50.35
268.70 47.69
270.03 48.81
281.98 52.55
283.03 56.04
284.51 59.22
297.19 60.97
305.04 64.00
319.34 61.73
325.27 59.35
328.37 77.34
331.44 78.86
336.81 79.87
337.97 99.36
339.35 102.36
356.82 114.66
372.47 128.39
379.23 147.49
398.03 147.49
