1000
2892 1532 0 42464
5278 1679 0 40305
4698 622 0 29867
3246 2197 0 42022
2643 1 0 47657
509 426 0 42995
3901 928 0 41591
8080 453 0 41615
652 1212 0 40437
9161 2695 0 45107
7561 250 0 41133
783 1918 0 41843
59 2209 0 39980
8493 942 0 39108
1822 225 0 32684
3099 2339 0 38031
4576 2024 0 42579
5663 2546 0 43218
5326 2361 0 42817
2904 2048 0 44379
1789 2295 0 37453
116 588 0 42451
3594 1769 0 42849
3466 335 0 38274
1205 263 0 36124
9200 2156 0 34446
6465 2771 0 44676
2824 107 0 47597
3728 853 0 46348
3168 2248 0 42060
362 112 1532 42352
1714 274 1679 40031
1516 1323 622 28544
7872 1254 2197 40768
1187 2372 1 45285
791 1435 426 41560
6304 1959 928 39632
9312 921 453 40694
3101 739 1212 39698
1298 2631 2695 42476
8830 1955 250 39178
5774 32 1918 41811
6404 387 2209 39593
6223 2072 942 37036
7790 869 225 31815
4837 971 2339 37060
1450 906 2024 41673
2041 1154 2546 42064
1675 2121 2361 40696
4479 2203 2048 42176
9546 747 2295 36706
2458 2036 588 40415
8426 2064 1769 40785
1380 630 335 37644
8743 482 263 35642
4777 3030 2156 31416
6552 587 2771 44089
282 896 107 46701
2973 2308 853 44040
3141 618 2248 41442
4556 118 0 43878
2186 56 0 41928
2052 1343 0 29146
926 1485 0 42734
7447 1218 0 46440
7462 880 0 42541
1982 813 0 41706
3618 1076 0 40992
9149 964 0 40685
7558 624 0 47178
5949 1693 0 39690
2844 953 0 42808
4973 34 0 42155
6551 2561 0 37489
8873 1008 0 31901
4567 2175 0 38195
1705 1417 0 43186
205 1225 0 44539
2849 408 0 44770
7617 1685 0 44742
2917 1561 0 38187
6142 2481 0 40558
1923 2904 0 41714
3400 843 0 37766
5768 332 0 36055
2928 589 0 36013
1367 1768 0 45679
3786 186 0 47518
852 2600 0 44601
966 1128 0 43180
2734 1526 118 42352
368 1897 56 40031
7640 602 1343 28544
3838 1966 1485 40768
4552 1155 1218 45285
8914 981 880 41560
4073 2074 813 39632
3961 298 1076 40694
8875 987 964 39698
2845 4702 624 42476
679 512 1693 39178
7000 997 953 41811
142 2562 34 39593
1043 453 2561 37036
4641 86 1008 31815
3852 1135 2175 37060
5205 1513 1417 41673
15 2475 1225 42064
6254 4074 408 40696
2283 2566 1685 42176
1128 1481 1561 36706
5985 143 2481 40415
1843 929 2904 40785
4780 122 843 37644
1057 413 332 35642
4238 4597 589 31416
9387 1590 1768 44089
2124 817 186 46701
8835 561 2600 44040
274 1738 1128 41442
4109 1560 1644 40792
9672 1566 1953 38465
5817 191 1945 28353
3366 1378 3451 39390
9745 2822 2373 42463
2156 533 1861 41027
9173 2243 2887 37389
114 2456 1374 38238
1993 1040 1951 38658
2629 1224 5326 41252
1440 1088 2205 38090
3319 782 1950 41029
2656 1780 2596 37813
2026 1942 3014 35094
7868 871 1094 30944
5091 1016 3310 36044
4134 2699 2930 38974
1884 2872 3700 39192
7166 831 4482 39865
5975 2313 4251 39863
2030 2489 3042 34217
9847 1893 2624 38522
2434 3 3833 40782
9781 688 965 36956
3152 1444 745 34198
3850 843 5186 30573
7018 2925 3358 41164
7346 1831 1003 44870
631 536 3161 43504
3556 935 2866 40507
5041 2132 3204 38660
8272 2736 3519 35729
5306 2071 2136 26282
6626 984 4829 38406
2699 2825 5195 39638
4708 1429 2394 39598
6750 1253 5130 36136
2367 327 3830 37911
2730 2560 2991 36098
9509 1497 6550 39755
2955 1713 3293 36377
7446 355 2732 40674
2292 1286 4376 36527
6904 1354 4956 33740
439 1075 1965 29869
2020 2387 4326 33657
8660 2106 5629 36868
2648 1241 6572 37951
2058 1709 5313 38156
4907 185 6564 39678
1268 2446 5531 31771
9196 1884 4517 36638
8711 2963 3836 37819
3505 1537 1653 35419
7909 476 2189 33722
8943 2617 6029 27956
4648 1995 6283 39169
90 2588 2834 42282
601 70 3697 43434
3636 2664 3801 37843
3835 939 5336 37721
1735 2710 6255 33019
1901 2349 4207 23933
3625 1473 5813 36933
4450 2928 8020 36710
8808 196 3823 39402
2007 664 6383 35472
2129 659 4157 37252
3878 734 5551 35364
7070 1455 8047 38300
8659 942 5006 35435
8941 1664 3087 39010
6531 2988 5662 33539
8775 2228 6310 31512
7484 124 3040 29745
1318 521 6713 33136
8575 236 7735 36632
850 278 7813 37673
208 45 7022 38111
4650 235 6749 39443
217 2370 7977 29401
8454 1201 6401 35437
922 58 6799 37761
7846 1740 3190 33679
8466 184 2665 33538
8211 2783 8646 25173
9817 1856 8278 37313
358 2172 5422 40110
1336 3004 3767 40430
1442 271 6465 37572
5470 2658 6275 35063
2934 2434 8965 30585
2220 149 6556 23784
8173 2783 7286 34150
6986 1858 10948 34852
9946 536 4019 38866
6807 645 7047 34827
9239 523 4816 36729
9749 1139 6285 34225
2785 1404 9502 36896
912 2786 5948 32649
8831 2927 4751 36083
7148 408 8650 33131
9024 1021 8538 30491
4107 340 3164 29405
4353 178 7234 32958
8713 2558 7971 34074
4666 856 8091 36817
6067 1382 7067 36729
2570 2869 6984 36574
4131 2164 10347 27237
6905 1721 7602 33716
2391 2352 6857 35409
2025 1079 4930 32600
4190 736 2849 32802
3606 1241 11429 23932
2073 1629 10134 35684
2172 2353 7594 37757
2597 1262 6771 39168
6628 1466 6736 36106
9855 552 8933 34511
3813 2561 11399 28024
8292 1995 6705 21789
1200 1154 10069 32996
1138 43 12806 34809
9485 2447 4555 36419
1778 622 7692 34205
5841 2111 5339 34618
3178 784 7424 33441
7600 2494 10906 34402
5647 1550 8734 31099
5231 477 7678 35606
9432 881 9058 32250
8212 1915 9559 28576
8182 448 3504 28957
9246 1535 7412 31423
325 1411 10529 32663
5969 1803 8947 35014
2429 1992 8449 34737
13 1732 9853 34842
6912 743 12511 26494
4473 1088 9323 32628
5080 852 9209 34557
7829 2062 6009 30538
7942 2780 3585 30022
256 1848 12670 22084
5346 2083 11763 33601
7412 1734 9947 36023
4873 2302 8033 36866
3576 1527 8202 34579
5669 858 9485 33653
8564 62 13960 27962
715 793 8700 20996
8472 2414 11223 30582
1120 1698 12849 33111
214 2550 7002 33869
1923 302 8314 33903
6073 1879 7450 32739
9230 766 8208 32675
1157 1495 13400 32907
2770 1290 10284 29809
347 443 8155 35163
6261 1207 9939 31043
9943 721 11474 27855
5476 2450 3952 26507
1104 1871 8947 29552
1009 1556 11940 31107
4841 1837 10750 33177
5410 1791 10441 32946
1086 1662 11585 33180
6861 1556 13254 24938
8179 2804 10411 29824
8617 243 10061 34314
7285 551 8071 29987
3884 1478 6365 28544
31 2143 14518 19941
8569 222 13846 33379
8339 2765 11681 33258
7964 2249 10335 34617
1348 796 9729 33783
3460 1171 10343 32482
9461 777 14022 27185
523 140 9493 20856
4129 858 13637 29724
1452 2019 14547 31092
9170 1499 9552 32370
9691 2327 8616 31576
9939 2577 9329 30162
8029 1002 8974 31673
7853 2470 14895 30437
2789 1980 11574 27829
6089 453 8598 34710
7859 1456 11146 29587
9195 349 12195 27506
1896 861 6402 25646
1108 1071 10818 28481
8937 2281 13496 28826
2716 366 12587 32811
6528 958 12232 31988
8706 2539 13247 30641
4538 1360 14810 23578
6546 781 13215 29043
7630 2468 10304 31846
6377 2850 8622 27137
1954 679 7843 27865
6377 1216 16661 18725
2555 1217 14068 32162
5279 371 14446 32887
2042 2536 12584 32081
1189 2332 10525 31451
9860 2147 11514 30335
1128 1335 14799 25850
2764 1273 9633 19583
9003 2614 14495 27110
7083 469 16566 30623
9027 2609 11051 29761
5467 511 10943 31065
5570 2632 11906 27530
405 2912 9976 28761
8583 2026 17365 28411
7742 1263 13554 26566
3651 2021 9051 32689
7849 2563 12602 27024
2097 1468 12544 26038
4107 1130 7263 24516
8462 273 11889 28208
2797 1365 15777 27461
7722 1238 12953 31573
7296 1716 13190 30272
987 2957 15786 27684
5648 2893 16170 20685
950 2458 13996 26585
3600 1448 12772 30398
689 1007 11472 26130
5106 1393 8522 26472
8346 1024 17877 17701
8937 2498 15285 29664
5274 2562 14817 30325
3127 429 15120 31652
343 117 12857 31334
3514 2598 13661 27737
4437 400 16134 25450
4999 1923 10906 17660
1972 2103 17109 25007
8367 1170 17035 29453
4027 2674 13660 27087
5304 284 11454 30781
2236 171 14538 27359
1232 392 12888 28369
6325 301 19391 28110
2171 1234 14817 25332
6292 1894 11072 30795
439 1429 15165 25595
776 2610 14012 23428
5443 713 8393 23803
5507 1558 12162 26650
8589 2682 17142 24779
6777 2150 14191 29423
3578 918 14906 29354
3572 972 18743 26712
766 1668 19063 19017
4239 1032 16454 25553
1 1337 14220 29061
8568 553 12479 25577
4387 28 9915 26444
1931 637 18901 17064
9534 2948 17783 26716
956 367 17379 29958
6283 1288 15549 30364
6626 435 12974 30899
4660 301 16259 27436
9910 717 16534 24733
6371 2669 12829 14991
1136 1443 19212 23564
6639 308 18205 29145
5368 1831 16334 25256
1517 1958 11738 28823
4160 1731 14709 25628
3034 2906 13280 25463
1648 2559 19692 25551
1852 2029 16051 23303
8745 1140 12966 29655
2748 2755 16594 22840
6112 482 16622 22946
5776 2757 9106 21046
9079 2504 13720 24146
9741 1000 19824 23779
2475 2687 16341 26736
2849 2440 15824 26914
9749 232 19715 26480
4440 133 20731 18884
7588 757 17486 24796
7421 1789 15557 27272
9103 310 13032 25267
6234 2555 9943 23889
3902 1531 19538 15533
997 279 20731 26437
1948 1222 17746 28736
443 2674 16837 27690
579 2389 13409 28510
6487 1872 16560 25564
4973 6 17251 24727
7899 69 15498 14922
8289 1442 20655 22122
9121 2348 18513 26797
216 996 18165 24260
8495 730 13696 28093
7641 306 16440 25322
4254 1641 16186 23822
936 1304 22251 24247
1908 321 18080 22982
2571 1837 14106 27818
9984 2254 19349 20586
9571 784 17104 22162
7969 2426 11863 18620
1290 1139 16224 23007
7928 1980 20824 21799
4088 2174 19028 24562
6916 2877 18264 24037
9498 982 19947 25498
3659 1407 20864 17477
8975 1034 18243 23762
3312 2363 17346 24909
2075 2072 13342 23195
1900 186 12498 23703
990 317 21069 15216
1669 643 21010 25794
6876 2191 18968 26545
492 1162 19511 26528
8882 1289 15798 27221
7782 1481 18432 24083
4824 304 17257 24423
5826 556 15567 14366
8648 1580 22097 20542
8059 2583 20861 24214
1517 1557 19161 22703
8823 2647 14426 25446
1934 2888 16746 22434
294 1709 17827 22113
8566 540 23555 23707
1697 1025 18401 21957
6664 2316 15943 25502
7380 1652 21603 18934
1674 1475 17888 20687
6236 1946 14289 16674
5249 543 17363 22464
9405 899 22804 20900
8177 2983 21202 21579
5139 733 21141 23304
4804 2849 20929 22649
6174 396 22271 17081
9064 284 19277 23478
5509 2385 19709 22524
975 1202 15414 21993
2598 2356 12684 21347
336 2608 21386 12608
2998 385 21653 25409
982 1290 21159 25255
6697 1935 20673 24593
1574 2923 17087 24298
6628 977 19913 23106
3594 2097 17561 22326
6063 1578 16123 12788
862 2909 23677 17633
4279 2858 23444 21356
7901 849 20718 21854
3039 242 17073 25204
544 285 19634 22149
9954 2277 19536 19836
8982 489 24095 23218
2958 1154 19426 20803
845 1865 18259 23637
2386 579 23255 18355
234 1235 19363 19452
2569 1234 16235 15440
6608 860 17906 21604
3390 2210 23703 18690
1459 3012 24185 18567
2936 1056 21874 22248
43 746 23778 21903
4103 1030 22667 16051
8801 2481 19561 20997
7894 2617 22094 19907
8449 2613 16616 19380
653 1533 15040 19814
1542 372 23994 12236
1175 688 22038 24721
5131 2747 22449 22508
7607 2556 22608 22037
445 2843 20010 21455
2432 2192 20890 20914
6739 986 19658 21340
2319 743 17701 12045
9692 203 26586 17430
4429 1338 26302 20018
3005 209 21567 21645
2322 1474 17315 23730
6175 762 19919 21387
8183 1155 21813 18681
2504 2020 24584 21198
403 2987 20580 17816
8606 1095 20124 22542
4043 1651 23834 16704
9483 1808 20598 17644
8007 54 17469 15386
9611 889 18766 20715
6612 2836 25913 15854
6689 2241 27197 16326
3495 1881 22930 20367
861 889 24524 21014
4239 2433 23697 13618
2968 484 22042 20513
7909 2200 24711 17707
995 1552 19229 17828
5466 1283 16573 18531
1300 331 24366 11905
3753 974 22726 23747
8910 1807 25196 20701
1427 1519 25164 20518
7175 2079 22853 19376
4951 1848 23082 19066
2011 2227 20644 19113
4973 179 18444 11866
7176 2064 26789 15366
9443 42 27640 19976
738 1462 21776 20183
1405 2828 18789 20902
1689 2513 20681 18874
5833 1700 22968 16981
5321 950 26604 20248
2339 790 23567 17026
7699 1324 21219 21218
1266 1488 25485 15216
1251 1807 22406 15837
8784 77 17523 15309
1960 1930 19655 18785
1998 755 28749 15099
7093 2953 29438 13373
6257 1404 24811 18963
3261 2425 25413 18589
4470 845 26130 12773
8591 306 22526 20207
9618 2567 26911 15140
5206 1580 20781 16248
2552 2082 17856 16449
1325 90 24697 11815
6929 2663 23700 21084
9608 2239 27003 18462
769 1973 26683 18545
3102 133 24932 19243
6467 830 24930 18236
9004 604 22871 18509
2057 536 18623 11330
3974 223 28853 15143
3346 140 27682 19836
8477 1379 23238 18804
2322 1003 21617 19899
6272 1870 23194 17004
2891 1671 24668 15310
1354 10 27554 20238
4430 1042 24357 15984
7751 1830 22543 19388
1842 2428 26973 12788
4104 1799 24213 14038
2762 500 17600 14809
208 2242 21585 16543
6330 697 29504 14402
3075 111 32391 13262
5647 2619 26215 16344
5983 1886 27838 16703
1278 21 26975 12752
1328 338 22832 19869
4212 1230 29478 13910
3823 547 22361 15701
2665 115 19938 16334
6900 668 24787 11147
608 42 26363 21042
9189 1777 29242 16685
7392 2045 28656 16500
158 561 25065 18682
1709 2615 25760 15621
1067 792 23475 17717
7676 1245 19159 10085
7440 218 29076 14925
1197 691 27822 19145
9323 2769 24617 16035
7793 1534 22620 18365
9805 2460 25064 14544
8057 75 26339 15235
3974 2101 27564 18137
856 19 25399 15965
6451 496 24373 18892
6707 1138 29401 11650
2544 570 26012 13468
8450 1739 18100 13070
1429 2827 23827 13716
3197 2314 30201 12088
6400 859 32502 12403
560 625 28834 15719
1443 167 29724 16536
9166 1790 26996 10962
1036 2240 23170 17629
868 1139 30708 12771
6005 2353 22908 13348
8736 1522 20053 14812
8049 2223 25455 8924
9321 1552 26405 19490
3254 1329 31019 15356
6525 2008 30701 14492
2409 536 25626 18146
1455 2391 28375 13230
7867 2773 24267 14944
4348 873 20404 9212
9840 792 29294 14133
2513 624 28513 18521
2092 2276 27386 13759
4683 2117 24154 16248
2345 1719 27524 12825
1600 826 26414 14409
7489 823 29665 17314
3318 1216 25418 14749
6187 2820 24869 16072
1801 2431 30539 9219
1316 2164 26582 11304
8903 1581 19839 11489
784 117 26654 13599
7611 1545 32515 10543
4228 104 33361 12299
1929 2325 29459 13394
2555 1616 29891 14920
6876 2074 28786 8888
4093 938 25410 16691
9576 1959 31847 10812
6054 568 25261 12780
8574 976 21575 13836
735 1870 27678 7054
7831 2881 27957 16609
8473 1153 32348 14203
994 2549 32709 11943
999 1860 26162 16286
5675 2336 30766 10894
1729 2432 27040 12512
5731 347 21277 8865
3560 2422 30086 11711
5942 2582 29137 15939
4154 1020 29662 12739
1330 1808 26271 14440
7006 1231 29243 11594
8674 259 27240 14150
7232 2190 30488 15124
7786 1600 26634 13149
2052 2132 27689 13940
213 1193 32970 8026
9715 315 28746 10989
8818 2503 21420 8986
288 1659 26771 11940
3396 1390 34060 9153
9626 2916 33465 9383
9984 2598 31784 10796
3782 2460 31507 12460
1528 2142 30860 6746
201 2085 26348 14606
2475 2181 33806 8631
1980 646 25829 12134
5603 1720 22551 12116
3482 1394 29548 5660
95 2136 30838 14473
1683 995 33501 13208
4754 197 35258 11746
6800 623 28022 15663
857 222 33102 10672
4447 948 29472 11564
2962 1961 21624 6904
429 258 32508 11453
5657 97 31719 15842
2059 2551 30682 10188
8918 2016 28079 12424
9237 208 30474 11386
2888 2478 27499 11672
9009 1875 32678 13249
2558 796 28234 12353
8891 2766 29821 11174
9005 278 34163 7748
2357 2414 29061 8575
4744 2489 23923 6497
2048 2808 28430 9132
202 1664 35450 7489
3195 2251 36381 7132
6923 1891 34382 8905
9287 2121 33967 10339
343 742 33002 6004
2999 822 28433 13784
9980 729 35987 7902
9955 213 26475 11921
1932 1201 24271 10915
2963 376 30942 5284
2234 348 32974 14125
2606 2024 34496 11184
7110 1558 35455 10188
259 1365 28645 14298
9796 798 33324 9874
2805 1752 30420 9812
3238 1227 23585 5677
4813 2696 32766 8757
1496 887 31816 14955
5155 2184 33233 8004
1807 95 30095 12329
1624 159 30682 11227
564 1719 29977 9953
8717 1908 34553 11341
3625 2349 29030 10004
3922 1858 32587 9316
4201 72 34441 7676
3557 2645 31475 5930
1406 1345 26412 5152
7368 420 31238 8712
2326 361 37114 7128
568 2572 38632 4560
45 833 36273 8072
3314 1326 36088 9013
5962 695 33744 5309
7934 2042 29255 11742
2557 2531 36716 5371
2143 773 26688 11148
3226 2123 25472 8792
1326 130 31318 5154
1300 2827 33322 11298
5431 1114 36520 10070
6894 558 37013 9630
7624 851 30010 13447
2923 2746 34122 7128
1041 182 32172 9630
8332 777 24812 4900
6983 2724 35462 6033
2039 2813 32703 12142
255 983 35417 7021
2612 857 30190 11472
8179 1553 30841 9674
9010 901 31696 9052
3861 1630 36461 9711
2745 508 31379 9496
5928 2793 34445 6523
865 560 34513 7116
8665 217 34120 5713
7350 116 27757 5036
7569 456 31658 8256
6919 1665 37475 5463
4494 764 41204 3796
9119 2595 37106 5477
548 616 37414 8397
5953 2 34439 5307
2930 1089 31297 10653
8464 1298 39247 4073
4501 2009 27461 9139
3031 2981 27595 5811
2062 1396 31448 3758
916 2450 36149 8848
8541 948 37634 9122
2316 2567 37571 7063
6128 1723 30861 11724
4237 668 36868 6460
6900 23 32354 9607
1237 385 25589 4515
4183 466 38186 5567
770 2414 35516 9728
6273 688 36400 6333
5600 1625 31047 9847
5607 418 32394 9256
3794 157 32597 8895
3053 1383 38091 8328
4613 2268 31887 7228
4980 2446 37238 4077
8999 778 35073 6338
3842 1452 34337 4261
4535 897 27873 4139
7704 1623 32114 6633
4901 2005 39140 3458
6270 1456 41968 2340
8944 369 39701 5108
4997 2815 38030 5582
8867 301 34441 5006
4247 3029 32386 7624
1366 732 40545 3341
8688 982 29470 8157
8862 1062 30576 4749
7896 502 32844 3256
8399 1807 38599 7041
831 2007 38582 7115
7402 1896 40138 5167
8408 2416 32584 9308
5837 847 37536 5613
6573 1686 32377 7921
3266 1431 25974 3084
3385 467 38652 5100
2925 2011 37930 7717
3925 335 37088 5998
3378 2449 32672 7398
5643 2206 32812 7050
8519 1253 32754 7642
7278 1916 39474 6412
464 2316 34155 4912
2069 68 39684 4009
336 1185 35851 5153
3078 156 35789 4105
9771 2354 28770 1785
6815 2404 33737 4229
2947 1745 41145 1713
2374 916 43424 1424
401 2326 40070 2782
6239 2785 40845 2797
5331 1366 34742 3640
3782 2988 35415 4636
961 725 41277 2616
1087 2221 30452 5936
3477 26 31638 4723
9457 70 33346 3186
7787 2591 40406 4450
3565 1707 40589 5408
3272 2689 42034 2478
5482 1554 35000 7754
5919 2380 38383 3233
7686 2080 34063 5841
726 1348 27405 1736
8863 1677 39119 3423
9507 1598 39941 6119
487 1525 37423 4473
2444 1762 35121 5636
9880 2489 35018 4561
6214 2854 34007 4788
456 1403 41390 5009
6921 1173 36471 3739
2124 1502 39752 2507
5283 2076 37036 3077
3543 337 35945 3768
1823 1101 31124 684
8047 1131 36141 3098
261 65 42890 1648
4645 479 44340 945
3518 2372 42396 410
1172 689 43630 2108
7078 46 36108 3594
1532 1993 38403 2643
3797 288 42002 2328
9389 2260 32673 3676
8637 2770 31664 1953
6423 77 33416 3109
1022 1806 42997 2644
7963 1038 42296 4370
8959 296 44723 2182
5186 2822 36554 4932
2387 1824 40763 1409
1183 2561 36143 3280
6344 434 28753 1302
5550 225 40796 3198
6111 1197 41539 4922
4693 853 38948 3620
1837 2937 36883 2699
8309 40 37507 4521
6883 1769 36861 3019
7761 1802 42793 3207
1571 786 37644 2953
1134 1483 41254 1024
577 1864 39112 1213
3071 1146 36282 2622
7785 323 32225 361
1595 2771 37272 327
5428 575 42955 1073
529 549 44819 396
4231 32 44768 378
2965 684 44319 1424
5585 1182 36154 2412
398 162 40396 2481
9627 624 42290 1704
8350 857 34933 2819
2751 1929 34434 24
7558 2225 33493 884
1147 1210 44803 1434
2498 2191 43334 2179
5144 661 45019 1521
2593 2017 39376 2915
7277 209 42587 1200
1693 1119 38704 2161
975 145 29187 1157
7201 2711 41021 487
1428 2118 42736 2804
3754 912 39801 2708
92 1489 39820 1210
1236 1952 37547 2569
8580 2353 38630 666
3383 1556 44595 1651
2965 2953 38430 0
5183 1024 42737 0
7870 1213 40976 0
3103 2622 37428 0
2916 361 32548 0
7964 327 40043 0
7584 1073 43530 0
1182 396 45368 0
7730 378 44800 0
2990 1424 45003 0
139 2412 37336 0
966 2481 40558 0
7395 1704 42914 0
9274 2819 35790 0
8397 24 36363 0
4803 884 35718 0
9818 1434 46013 0
2884 2179 45525 0
4025 1521 45680 0
2789 2915 41393 0
6790 1200 42796 0
8170 2161 39823 0
2466 1157 29332 0
7594 487 43732 0
4495 2804 44854 0
3290 2708 40713 0
9608 1210 41309 0
1942 2569 39499 0
9269 666 40983 0
9706 1651 46151 0
179 2409 37644 1330
5961 678 41254 1829
6509 679 39112 2398
4318 1692 36282 2076
5551 365 32225 319
4571 1312 37272 1786
6372 1408 42955 240
310 933 44819 12
7237 240 44768 170
4187 877 44319 1231
9855 2867 36154 727
6527 303 40396 2340
5036 855 42290 1473
1628 2563 34933 1113
8892 542 34434 1411
3668 1715 33493 1394
7744 618 44803 2026
8083 2849 43334 1521
8710 2075 45019 107
9565 1109 39376 3823
1015 1118 42587 291
5841 519 38704 2761
8553 224 29187 1078
5586 1819 41021 1379
6443 1455 42736 3467
2141 192 39801 3428
5376 224 39820 2475
3690 420 37547 4101
3203 487 38630 2532
151 1040 44595 2167
1585 1330 40053 0
3430 1829 41932 0
1129 2398 39791 0
8761 2076 37974 0
4995 319 32590 0
8345 1786 38584 0
7227 240 44363 0
8727 12 45752 0
4558 170 45008 0
7429 1231 45196 0
834 727 39021 0
9695 2340 40699 0
8165 1473 43145 0
3137 1113 37496 0
8064 1411 34976 0
2982 1394 35208 0
7359 2026 45421 0
1538 1521 46183 0
2188 107 47094 0
4466 3823 40485 0
776 291 43705 0
7583 2761 39223 0
5073 1078 29411 0
104 1379 42840 0
1644 3467 44191 0
129 3428 39993 0
252 2475 40044 0
2060 4101 37967 0
8680 2532 39117 0
6421 2167 45635 0
