100
8915 1069 0 34904
7325 396 0 29245
9315 731 0 27109
7443 5037 0 38819
9441 850 0 34889
7169 4363 0 31674
3696 1391 1069 33513
3177 3902 396 25343
3924 2159 731 24950
9531 5426 5037 33393
6469 90 850 34799
1266 1817 4363 29857
5536 2458 0 33515
9863 2862 0 26779
4011 1178 0 26662
6451 4169 0 39687
1684 507 0 35232
8691 5923 0 30114
8225 2 2458 33513
9449 1436 2862 25343
7078 1712 1178 24950
1773 6294 4169 33393
6451 433 507 34799
401 257 5923 29857
5144 2589 2460 30924
7236 4735 4298 20608
9151 2367 2890 22583
147 549 10463 32844
2725 5643 940 29156
9806 78 6180 29779
1141 4764 5049 26160
6064 290 9033 20318
4889 938 5257 21645
719 5558 11012 27286
2758 4209 6583 24947
9171 4978 6258 24801
2330 1482 9813 24678
9589 566 9323 19752
2164 2420 6195 19225
3779 1714 16570 25572
6360 1453 10792 23494
9772 5152 11236 19649
4352 3540 11295 21138
5065 3676 9889 16076
9221 864 8615 18361
2500 4163 18284 21409
2768 1221 12245 22273
5742 2394 16388 17255
7040 5588 14835 15550
6390 1312 13565 14764
7731 3798 9479 14563
514 3698 22447 17711
3148 5507 13466 16766
2485 2972 18782 14283
4065 2966 20423 12584
1027 1926 14877 12838
8862 1104 13277 13459
889 1804 26145 15907
5061 5137 18973 11629
62 3271 21754 11012
6661 2872 23389 9712
130 1664 16803 11174
4255 56 14381 13403
7317 5066 27949 10841
3251 243 24110 11386
1765 3401 25025 7611
5943 3876 26261 5836
6039 3374 18467 7800
1742 3651 14437 9752
6056 3274 33015 7567
3045 4067 24353 7319
6399 254 28426 7357
8194 2486 30137 3350
8264 1915 21841 5885
9096 2957 18088 6795
3988 898 36289 6669
4134 5115 28420 2204
287 2265 28680 5092
246 1338 32623 2012
2490 4147 23756 1738
2117 3872 21045 2923
8093 2568 37187 4101
5316 2204 33535 0
7102 5092 30945 0
8249 2012 33961 0
863 1738 27903 0
5919 2923 24917 0
7189 4101 39755 0
4457 4888 28420 2431
130 136 28680 7221
5370 923 32623 2427
7637 1139 23756 4746
7486 1445 21045 5350
3159 445 37187 6224
7704 2431 33308 0
9019 7221 28816 0
1463 2427 33546 0
248 4746 24895 0
9243 5350 22490 0
3070 6224 37632 0
