1000
9739 1015 0 45233
7583 1235 0 39908
1080 689 0 40164
5225 1387 0 34416
5107 522 0 42864
623 2230 0 39634
5931 917 0 51023
9045 2654 0 38551
2191 1474 0 35302
3996 202 0 42403
1835 1400 0 36245
7538 1683 0 39432
9849 360 0 41810
5337 2684 0 33270
2528 297 0 45598
2037 2334 0 47714
770 2583 0 36377
9702 2431 0 41035
1701 2298 0 38138
882 1164 0 46470
9382 105 0 43128
8359 2516 0 35261
735 338 0 41305
6956 2585 0 41876
4101 2414 0 43104
3691 198 0 42103
7524 554 0 43381
1872 2012 1015 43221
6448 2339 1235 37569
1119 1131 689 39033
3444 136 1387 34280
9023 393 522 42471
2306 731 2230 38903
2227 347 917 50676
4703 465 2654 38086
5160 1457 1474 33845
401 616 202 41787
5463 2530 1400 33715
6630 1400 1683 38032
3131 2255 360 39555
8572 1382 2684 31888
7193 2209 297 43389
3292 1668 2334 46046
3067 1140 2583 35237
4681 1340 2431 39695
398 272 2298 37866
8836 1839 1164 44631
6403 1174 105 41954
8482 1119 2516 34142
5080 1186 338 40119
8273 1444 2585 40432
9278 1656 2414 41448
5439 2393 198 39710
273 162 554 43219
2106 1703 0 44545
8211 535 0 40608
8070 1248 0 39605
6354 957 0 34846
1455 174 0 43212
9968 763 0 41101
3531 912 0 51028
4967 1948 0 39257
2489 980 0 35796
5326 628 0 41977
3376 1872 0 35773
1409 1872 0 39243
9049 663 0 41507
1350 2555 0 33399
1931 2489 0 43406
1129 1765 0 48283
1880 586 0 38374
3300 1224 0 42242
5349 185 0 40251
4037 1214 0 46420
7864 620 0 42613
1988 1061 0 36716
7063 407 0 41236
4130 2386 0 42075
1741 544 0 44974
202 2136 0 40165
5676 537 0 43398
2224 1324 1703 43221
4405 3039 535 37569
727 572 1248 39033
121 566 957 34280
2205 741 174 42471
3990 2198 763 38903
1244 352 912 50676
1661 1171 1948 38086
1997 1951 980 33845
3336 190 628 41787
7395 2058 1872 33715
6638 1211 1872 38032
9119 1952 663 39555
1372 1511 2555 31888
228 17 2489 43389
3150 2237 1765 46046
2745 3137 586 35237
7756 2547 1224 39695
4563 2385 185 37866
1558 1789 1214 44631
665 659 620 41954
3318 2574 1061 34142
2745 1117 407 40119
3761 1643 2386 40432
316 3526 544 41448
3482 455 2136 39710
9119 179 537 43219
4700 1746 3027 41475
7931 502 3574 37067
8141 706 1820 38327
944 269 1523 34011
1467 2202 915 40269
2193 1410 2961 37493
6521 2120 1264 48556
4790 911 3119 37175
2298 225 2931 33620
2653 1794 818 39993
9333 2355 3930 31360
9447 1629 3083 36403
4336 2083 2615 37472
1637 2633 4066 29255
8892 728 2506 42661
9215 1676 4002 44370
7854 1380 3723 33857
6307 71 3771 39624
2948 1631 2570 36235
714 790 3003 43841
4017 1688 1279 40266
4810 410 3635 33732
5914 1335 1524 38784
1794 2454 4029 37978
4911 657 4070 40791
1227 2131 2591 37579
8326 2222 716 40997
2022 2266 4773 39209
469 480 4076 36587
7320 578 2526 37749
8587 73 1792 33938
5714 2377 3117 37892
4337 2021 4371 35472
2695 2362 3384 46194
6994 1 4030 37174
4929 1954 3156 31666
3008 692 2612 39301
8387 2272 6285 29088
4574 1429 4712 34974
7520 1314 4698 36158
4492 702 6699 28553
4108 2200 3234 40461
9132 2301 5678 42069
8088 1918 5103 31939
3507 1365 3842 38259
6441 498 4201 35737
8002 1462 3793 42379
2715 2115 2967 38151
1342 1064 4045 32668
5539 2236 2859 36548
7947 58 6483 37920
9582 772 4727 40019
3750 731 4722 36848
1559 530 2938 40467
3370 600 7039 38609
1051 437 4556 36150
2754 2006 3104 35743
4615 316 1865 33622
8401 1958 5494 35934
3021 2660 6392 32812
2690 1145 5746 45049
6134 2621 4031 34553
2219 273 5110 31393
270 295 3304 39006
4158 24 8557 29064
9365 1085 6141 33889
2908 456 6012 35702
7923 1543 7401 27010
9774 2524 5434 37937
858 2400 7979 39669
966 727 7021 31212
1133 1398 5207 36861
8272 1421 4699 34316
4190 2487 5255 39892
2356 1950 5082 36201
683 1542 5109 31126
4853 26 5095 36522
4779 1230 6541 36690
2270 2143 5499 37876
6800 818 5453 36030
2906 1423 3468 39044
9270 1782 7639 36827
9470 1922 4993 34228
756 2405 5110 33338
8879 1393 2181 32229
1184 1474 7452 34460
6571 663 9052 32149
9457 2632 6891 42417
3666 914 6652 33639
19 1131 5383 30262
3374 1388 3599 37618
968 485 8581 28579
6895 2282 7226 31607
370 1483 6468 34219
8092 946 8944 26064
641 1553 7958 36384
7235 2017 10379 37652
8085 1162 7748 30050
5979 663 6605 36198
2331 462 6120 33854
9937 1280 7742 38612
9762 584 7032 35617
5225 1829 6651 29297
1297 2111 5121 34411
4429 1834 7771 34856
1834 1803 7642 36073
3972 1485 6271 34545
2622 498 4891 38546
2532 1210 9421 35617
684 988 6915 33240
6831 940 7515 32398
4660 1473 3574 30756
832 1144 8926 33316
5892 2472 9715 29677
6112 1305 9523 41112
9372 176 7566 33463
6783 1537 6514 28725
9474 145 4987 37473
5406 245 9066 28334
7176 434 9508 31173
5711 366 7951 33853
7214 324 9890 25740
4634 2526 9511 33858
9518 107 12396 37545
1621 384 8910 29666
9815 2164 7268 34034
906 377 6582 33477
9420 2679 9022 35933
9004 52 7616 35565
2433 148 8480 29149
2431 1542 7232 32869
7803 756 9605 34100
7566 1780 9445 34293
8763 1312 7756 33233
8430 1780 5389 36766
5543 111 10631 35506
3469 953 7903 32287
9552 969 8455 31429
826 2036 5047 28720
4315 1403 10070 31913
1150 890 12187 28787
6671 581 10828 40531
9679 1845 7742 31618
5744 1623 8051 27102
5890 460 5132 37013
2487 1167 9311 27167
1081 1733 9942 29440
2003 211 8317 33642
1695 444 10214 25296
4348 2548 12037 31310
8287 292 12503 37253
8089 590 9294 29076
9373 1403 9432 32631
6136 116 6959 33361
5950 1290 11701 34643
8672 1324 7668 34241
7398 1848 8628 27301
9207 1969 8774 30900
4427 112 10361 33988
6402 1567 11225 32726
3586 598 9068 32635
747 2451 7169 34315
8937 2001 10742 33505
766 1023 8856 31264
3899 295 9424 31134
202 849 7083 27871
8574 2029 11473 29884
2003 679 13077 28108
644 1303 11409 39228
9214 141 9587 31477
199 233 9674 26869
4246 2066 5592 34947
1359 1073 10478 26094
8109 2088 11675 27352
9096 1487 8528 32155
2201 239 10658 25057
5987 643 14585 30667
8807 2448 12795 34805
2124 1301 9884 27775
3012 1143 10835 31488
6092 2279 7075 31082
5973 707 12991 33936
2849 337 8992 33904
3717 1475 10476 25826
8670 974 10743 29926
7120 2187 10473 31801
8454 1544 12792 31182
1253 1271 9666 31364
9209 2252 9620 32063
6984 2525 12743 30980
6625 32 9879 31232
1045 2374 9719 28760
7776 611 7932 27260
1639 1941 13502 27943
5883 1306 13756 26802
5668 1617 12712 37611
7247 2416 9728 29061
2559 91 9907 26778
8826 905 7658 34042
7069 1753 11551 24341
7156 1362 13763 25990
142 221 10015 31934
4397 1217 10897 23840
9515 701 15228 29966
6703 636 15243 34169
6803 2336 11185 25439
1666 1011 11978 30477
7848 2183 9354 28899
1561 738 13698 33198
726 1269 9329 32635
8559 1717 11951 24109
6640 685 11717 29241
2710 294 12660 31507
1090 1456 14336 29726
9852 416 10937 30948
3556 859 11872 31204
6583 2123 15268 28857
1730 2374 9911 28858
2461 2011 12093 26749
1946 1251 8543 26009
4865 620 15443 27323
2309 1001 15062 25801
238 1824 14329 35787
7415 2247 12144 26814
3904 229 9998 26549
4102 151 8563 33891
134 2153 13304 22188
8247 2106 15125 23884
5874 1200 10236 30734
5103 2561 12114 21279
8528 2384 15929 27582
9677 862 15879 33307
2231 446 13521 24993
2201 1510 12989 28967
5981 2530 11537 26369
2522 405 14436 32793
3593 1759 10598 30876
7455 807 13668 23302
7549 1063 12402 28178
2845 1680 12954 29827
7636 1248 15792 28478
1617 2572 11353 28376
1439 2266 12731 28938
224 244 17391 28613
1169 290 12285 28568
599 243 14104 26506
9404 538 9794 25471
1283 1456 16063 25867
3673 604 16063 25197
3503 1977 16153 33810
8849 1552 14391 25262
8557 792 10227 25757
598 1320 8714 32571
2562 59 15457 22129
79 641 17231 23243
6397 2129 11436 28605
8552 952 14675 20327
1277 938 18313 26644
3268 1585 16741 31722
8488 2235 13967 22758
8104 272 14499 28695
3812 1323 14067 25046
1927 2218 14841 30575
5224 1426 12357 29450
2055 1106 14475 22196
3093 2510 13465 25668
8303 1100 14634 28727
8764 2644 17040 25834
547 1505 13925 26871
7409 1200 14997 27738
7252 2122 17635 26491
6903 118 12575 28450
9419 632 14347 25874
2386 1242 10332 24229
7520 1726 17519 24141
90 403 16667 24794
7803 2412 18130 31398
2400 1750 15943 23512
895 72 11019 25685
4242 1871 10034 30700
2182 2097 15516 20032
8319 491 17872 22752
1755 1334 13565 27271
7863 1010 15627 19317
1343 76 19251 26568
9943 1640 18326 30082
6454 1510 16202 21248
1266 1332 14771 27363
7922 366 15390 24680
588 2228 17059 28347
4256 1166 13783 28284
1471 1186 15581 21010
7084 2276 15975 23392
1007 1237 15734 27490
7681 1582 19684 24252
6221 2188 15430 24683
240 1261 16197 26477
7594 692 19757 25799
7536 1997 12693 26453
5908 331 14979 25543
1442 1787 11574 22442
1383 1565 19245 22576
1471 93 17070 24701
419 1102 20542 30296
3873 2269 17693 21243
6937 585 11091 25100
92 2610 11905 28090
2753 1222 17613 18810
1108 487 18363 22265
9887 2483 14899 24788
4017 514 16637 18803
4249 2112 19327 24456
5483 1858 19966 28224
5608 658 17712 20590
21 1010 16103 26353
2134 1746 15756 22934
2204 2022 19287 26325
7678 1594 14949 26690
2351 204 16767 20806
9937 1055 18251 22337
615 1863 16971 25627
9090 2571 21266 21681
3917 687 17618 23996
4259 1950 17458 24527
1244 1206 20449 24593
8227 2584 14690 23869
1255 139 15310 25404
2659 397 13361 22045
7541 2267 20810 20309
2440 1402 17163 23299
1437 1893 21644 28403
3227 733 19962 20510
4241 968 11676 24132
8627 76 14515 28014
900 337 18835 18473
7388 285 18850 21980
1655 2144 17382 22644
7545 1287 17151 17516
8760 1821 21439 22635
1342 1603 21824 26621
7114 1178 18370 19412
2995 284 17113 26069
1640 999 17502 21935
8599 1613 21309 24712
1883 1736 16543 24954
8508 350 16971 20456
7480 2067 19306 20270
7473 1310 18834 24317
2983 520 23837 21161
1289 1648 18305 22348
3278 1359 19408 23168
4209 2228 21655 22365
2735 72 17274 23797
9854 2630 15449 22774
3587 1213 13758 20832
2394 305 23077 20004
1444 464 18565 22835
1864 1423 23537 26980
5770 13 20695 20497
8960 1220 12644 22912
7629 659 14591 27355
1415 664 19172 17809
2635 1028 19135 20952
2827 1533 19526 21111
4187 1265 18438 16251
4820 1353 23260 21282
4380 80 23427 26541
4739 242 19548 19170
5915 489 17397 25580
9887 1057 18501 20878
6267 835 22922 23877
9644 2068 18279 22886
2063 956 17321 19500
9715 1900 21373 18370
1960 1902 20144 22415
7108 2176 24357 18985
2172 918 19953 21430
5285 2330 20767 20838
9403 2445 23883 19920
9893 980 17346 22817
9837 1478 18079 21296
2984 1290 14971 19542
1750 392 23382 19612
8831 1381 19029 21454
1153 2494 24960 24486
1570 1242 20708 19255
5996 317 13864 22595
4607 1903 15250 25452
1115 2378 19836 15431
1251 1414 20163 19538
150 148 21059 20963
2337 1675 19703 14576
7104 882 24613 20400
3123 2410 23507 24131
4818 1312 19790 17858
2048 100 17886 25480
4751 1568 19558 19310
8601 267 23757 23610
5706 2135 20347 20751
7595 16 18277 19484
4909 811 23273 17559
1724 247 22046 22168
6368 1958 26533 17027
1532 659 20871 20771
958 1330 23097 19508
9784 1317 26328 18603
1540 2030 18326 20787
1356 761 19557 20535
8304 1795 16261 17747
1879 927 23774 18685
85 983 20410 20471
1216 632 27454 23854
9419 716 21950 18539
9803 1389 14181 21206
9095 2515 17153 22937
2490 254 22214 15177
7103 941 21577 18597
1620 213 21207 20750
1536 337 21378 14239
146 1563 25495 18837
3937 1915 25917 22216
43 630 21102 17228
7021 1669 17986 23811
2088 2697 21126 16613
1805 2582 24024 21028
4677 2347 22482 18404
2339 833 18293 18651
132 594 24084 16965
4601 2380 22293 19788
6459 1247 28491 15780
8307 2365 21530 18406
1554 755 24427 18753
2077 1970 27645 16633
4985 831 20356 19956
2486 686 20318 19849
3924 772 18056 16975
228 1840 24701 16845
657 2272 21393 18199
3022 1806 28086 22048
8048 1989 22666 16550
554 2678 15570 18528
1787 1831 19668 21106
8913 2441 22468 12736
1424 1765 22518 16832
3059 892 21420 19858
7905 355 21715 13884
1631 903 27058 17934
4148 1627 27832 20589
9270 2108 21732 15120
3921 2604 19655 21207
7417 1080 23823 15533
1001 682 26606 20346
2684 1149 24829 17255
1442 1576 19126 17075
4329 143 24678 16822
2643 645 24673 19143
4897 1232 29738 14548
8835 156 23895 18250
3953 656 25182 18097
1614 343 29615 16290
7962 555 21187 19401
4894 2313 21004 17536
1779 2080 18828 14895
6304 193 26541 16652
7351 523 23665 17676
1372 2200 29892 19848
7101 1190 24655 15360
4823 207 18248 18321
6268 2584 21499 18522
2348 900 24909 11836
6014 774 24283 16058
157 1669 22312 18189
324 60 22070 13824
1676 625 27961 17309
3706 393 29459 20196
5899 116 23840 15004
6001 2124 22259 19083
4635 1975 24903 13558
8304 2347 27288 17999
7627 1453 25978 15802
3683 378 20702 16697
490 2027 24821 14795
9166 2014 25318 17129
8949 1019 30970 13529
7879 37 24051 18213
6455 2215 25838 15882
6724 1720 29958 14570
7675 2631 21742 16770
9809 411 23317 17125
2843 2407 20908 12488
2372 417 26734 16235
7122 1046 24188 16630
394 2503 32092 17345
3197 1526 25845 13834
775 1890 18455 16431
5457 1332 24083 17190
2121 391 25809 11445
8006 1273 25057 14785
3023 2101 23981 16088
9068 49 22130 13775
2148 2463 28586 14846
795 588 29852 19608
2547 80 23956 14924
7168 1228 24383 17855
7267 356 26878 13202
710 853 29635 17146
743 2507 27431 13295
6381 407 21080 16290
5074 969 26848 13826
5790 2311 27332 14818
4503 1906 31989 11623
2266 915 24088 17298
5731 1274 28053 14608
6463 1400 31678 13170
7753 1354 24373 15416
5840 2608 23728 14517
7578 167 23315 12321
4595 2183 27151 14052
8958 1656 25234 14974
9823 1410 34595 15935
2596 2197 27371 11637
8742 1768 20345 14663
7379 2271 25415 14919
8864 1279 26200 10166
7332 1443 26330 13342
2255 2554 26082 13534
519 2159 22179 11616
7139 2237 31049 12609
4784 2161 30440 17447
1912 2467 24036 12457
8054 1426 25611 16429
9475 770 27234 12432
1202 1846 30488 15300
8394 56 29938 13239
8520 651 21487 15639
9724 146 27817 13680
4559 1484 29643 13334
1666 1574 33895 10049
7235 905 25003 16393
3194 1980 29327 12628
3659 1239 33078 11931
6415 291 25727 15125
450 717 26336 13800
5380 392 23482 11929
6637 509 29334 13543
1388 696 26890 14278
4929 1255 36005 14680
2640 1696 29568 9941
4504 1132 22113 13531
4499 826 27686 14093
3227 371 27479 9795
7827 630 27773 12712
8366 5 28636 13529
1600 1026 24338 10590
7127 996 33286 11613
3735 1326 32601 16121
2841 812 26503 11645
9157 1531 27037 14898
931 2544 28004 9888
2590 881 32334 14419
5160 1881 29994 11358
5248 2651 22138 12988
1819 2105 27963 11575
4068 1726 31127 11608
9264 1108 35469 8941
8720 1375 25908 15018
5763 2177 31307 10451
9694 1892 34317 10039
4311 1039 26018 14086
2449 1908 27053 11892
8133 1137 23874 10792
2444 2296 29843 11247
9901 334 27586 13944
1539 1862 37260 12818
1988 270 31264 9671
1860 2090 23245 11441
1742 2482 28512 11611
1916 175 27850 9620
3610 1 28403 12711
8680 1144 28641 12385
7214 919 25364 9671
5780 227 34282 11386
9577 2110 33927 14011
4216 1459 27315 10186
7080 1203 28568 13695
1601 1614 30548 8274
1311 1650 33215 12769
7782 758 31875 10600
5612 419 24789 12569
3446 324 30068 11251
6826 445 32853 11163
2254 100 36577 8841
2766 1085 27283 13933
572 1644 33484 8807
1641 191 36209 9848
1728 1752 27057 12334
3963 1335 28961 10557
7549 337 25011 10455
5808 855 32139 10392
7894 767 27920 13177
8152 38 39122 12780
5376 2644 31534 7027
2862 1982 25335 9459
8558 1404 30994 10207
7249 512 28025 9108
6728 503 28404 12208
3824 1446 29785 10939
9427 482 26283 9189
5903 1099 34509 10287
9791 1103 36037 12908
6321 1323 28774 8863
8484 750 29771 12945
1619 1145 32162 7129
9217 2056 34865 10713
3960 1690 32633 8910
8302 1690 25208 10879
7139 2385 30392 8866
463 1306 33298 9857
6654 165 36677 8676
8390 2166 28368 11767
8485 324 35128 8483
258 1889 36400 7959
4895 1492 28809 10842
6996 1049 30296 9508
1203 1141 25348 9314
9356 859 32994 9533
1711 2190 28687 10987
715 1829 39160 10951
8998 871 34178 6156
6893 1471 27317 7988
6156 2469 32398 7738
143 2059 28537 7049
7275 1559 28907 10649
1414 2612 31231 8327
8948 400 26765 8789
605 208 35608 10079
5037 2269 37140 10639
2721 662 30097 8201
9586 1166 30521 11779
3217 14 33307 7115
6807 246 36921 10467
6130 490 34323 8420
1490 1545 26898 9334
2271 689 32777 8177
9419 2615 34604 7242
8480 353 36842 8323
176 2116 30534 9651
3723 584 35452 7899
3431 1517 38289 6442
6648 1754 30301 9088
4794 611 31345 8897
448 1755 26489 7559
6543 1377 33853 8156
7510 1722 30877 9265
4926 1555 40989 9396
7196 2210 35049 3946
860 473 28788 7515
4402 915 34867 6823
1619 247 30596 6802
8423 2601 30466 8048
7170 1423 33843 6904
3442 2100 27165 6689
2597 2642 35816 7437
9172 1770 39409 8869
9604 591 30759 7610
6469 2133 31687 9646
4621 1522 33321 5593
724 1654 37167 8813
7952 474 34813 7946
9530 2448 28443 6886
4271 191 33466 7986
5355 499 37219 6743
7591 755 37195 7568
4857 949 32650 8702
8596 1609 36036 6290
8814 330 39806 6112
9521 663 32055 8425
5398 2253 31956 6644
2584 2593 28244 4966
4473 2279 35230 5877
7221 2087 32599 7178
969 2219 42544 7177
8778 395 37259 3551
5613 1292 29261 6223
6463 2573 35782 4250
6773 552 30843 6250
6664 747 33067 7301
1045 1679 35266 5225
9837 1178 29265 5511
7327 1711 38458 5726
1510 2631 41179 6238
2418 2319 31350 5291
7108 1921 33820 7725
4028 1782 34843 3811
8596 2421 38821 6392
8530 1333 35287 6613
4262 2397 30891 4489
3113 2502 33657 5484
1067 2145 37718 4598
5457 2296 37950 5272
1907 2023 33599 6679
2875 1942 37645 4348
3461 1942 40136 4170
5280 1379 32718 7046
9379 132 34209 6512
8709 645 30837 4321
5623 890 37509 4987
373 2485 34686 4693
916 483 44763 6694
6156 101 37654 3450
5109 5 30553 6218
5617 667 38355 3583
5317 316 31395 5934
8365 658 33814 6643
3878 944 36945 4281
1478 309 30443 5202
4297 994 40169 4732
8150 2022 43810 4216
7064 1658 33669 3633
2389 1167 35741 6558
344 66 36625 3745
4218 1455 41242 4937
462 1444 36620 5169
2189 861 33288 3628
121 200 36159 5284
512 1292 39863 3306
1937 1812 40246 3460
3344 2027 35622 4652
9932 1293 39587 3055
6710 1031 42078 3139
4987 1402 34097 5644
8881 1813 34341 4699
9025 161 31482 4160
5046 2018 38399 2969
1968 1672 37171 3021
401 1716 45246 4978
4959 513 37755 2937
2744 2587 30558 3631
9824 216 39022 3367
248 1682 31711 4252
300 2698 34472 3945
4405 1536 37889 2745
11 2029 30752 3173
7972 1310 41163 3422
1181 638 45832 3578
359 846 35327 2787
8309 2244 36908 4314
2110 1155 36691 2590
1066 1241 42697 3696
515 1607 38064 3562
325 322 34149 3306
201 1737 36359 3547
8790 474 41155 2832
690 283 42058 3177
8327 248 37649 4404
8037 237 40880 2818
6666 433 43109 2706
5208 2353 35499 3291
688 2574 36154 2125
8695 576 31643 3584
2319 285 40417 2684
1378 98 38843 2923
7743 1683 46962 3295
4263 1008 38268 1929
3482 1691 33145 1940
7894 2325 39238 1042
2799 1536 33393 2716
5507 532 37170 3413
912 2139 39425 606
6759 38 32781 3135
356 936 42473 2486
6394 860 46470 2718
2731 920 36173 1867
7355 2191 39152 2123
1489 1079 37846 1511
1264 1613 43938 2083
7480 1944 39671 1618
5847 1634 34471 1672
9448 1109 38096 2438
8848 275 41629 2557
204 1333 42341 1844
6040 2353 37897 2051
791 1403 41117 1415
1647 1032 43542 1674
7462 2591 37852 700
9169 386 38728 1739
1803 1556 32219 2028
9124 746 40702 1938
3682 2659 38941 264
6190 2021 48645 1274
4770 609 39276 1320
747 288 34836 1652
9218 936 41563 106
1850 330 34929 2386
690 2112 37702 1301
3439 183 41564 423
6485 1643 32819 1492
3570 2023 43409 463
7330 131 47330 2587
8729 851 37093 1016
2154 587 41343 1536
4763 849 38925 662
9407 990 45551 1093
2489 1096 41615 522
1040 33 36105 1639
6424 182 39205 2256
6113 774 41904 1783
9032 1115 43674 729
5113 364 40250 1687
2688 127 42520 1288
4651 1245 44574 429
7529 700 40443 0
5782 1739 39114 0
2939 2028 33775 0
8662 1938 41448 0
4329 264 41600 0
1916 1274 50666 0
1062 1320 39885 0
3171 1652 35124 0
664 106 42499 0
4877 2386 35259 0
6528 1301 39814 0
9651 423 41747 0
69 1492 34462 0
6414 463 45432 0
715 2587 47461 0
549 1016 37944 0
4542 1536 41930 0
9709 662 39774 0
7736 1093 46541 0
6224 522 42711 0
9577 1639 36138 0
274 2256 39387 0
6530 1783 42678 0
9375 729 44789 0
1246 1687 40614 0
821 1288 42647 0
2422 429 45819 0
7971 1307 37852 1984
3078 741 38728 1384
624 153 32219 3431
3384 685 40702 1999
9152 1561 38941 1362
2996 651 48645 2644
3188 513 39276 1416
1250 1821 34836 119
8676 60 41563 982
673 309 34929 2407
9766 1827 37702 1586
8841 26 41564 580
4036 23 32819 3112
7634 379 43409 2107
6539 157 47330 2561
3733 1695 37093 172
5911 1079 41343 1044
5934 614 38925 897
861 1342 45551 741
3175 1338 41615 280
1581 1512 36105 160
505 741 39205 1697
3996 1007 41904 1550
8377 1602 43674 242
7503 1538 40250 513
9280 1046 42520 369
8510 1507 44574 167
4249 1984 39159 0
106 1384 39469 0
9758 3431 32372 0
7016 1999 41387 0
6325 1362 40502 0
9379 2644 49296 0
3001 1416 39789 0
491 119 36657 0
4559 982 41623 0
9945 2407 35238 0
2673 1586 39529 0
9644 580 41590 0
5 3112 32842 0
2143 2107 43788 0
2127 2561 47487 0
164 172 38788 0
836 1044 42422 0
30 897 39539 0
5592 741 46893 0
4692 280 42953 0
1682 160 37617 0
192 1697 39946 0
3120 1550 42911 0
2696 242 45276 0
6539 513 41788 0
4322 369 43566 0
4100 167 46081 0
