100
6779 127 0 28862
239 2692 0 23828
590 4889 0 27468
8 1727 0 32892
6039 1491 0 34397
87 3298 0 18461
1534 6481 0 10827
4825 1310 0 25485
2918 7082 0 29120
4011 1999 127 26863
1250 7275 2692 16553
1695 4215 4889 23253
289 8537 1727 24355
5248 8493 1491 25904
4690 1552 3298 16909
4735 1722 6481 9105
1637 284 1310 25201
4817 8498 7082 20622
1968 871 0 28118
2500 8406 0 18114
343 3783 0 28574
2349 5239 0 29380
47 2632 0 33256
227 536 0 21223
9265 2228 0 15080
3448 1485 0 25310
1559 3231 0 32971
4996 1255 871 26863
8552 1561 8406 16553
7468 5321 3783 23253
3771 5025 5239 24355
2525 7352 2632 25904
3993 4314 536 16909
1408 5975 2228 9105
3930 109 1485 25201
4125 12349 3231 20622
3280 4808 2126 22055
98 1049 9967 15504
8572 4515 9104 18738
536 5605 10264 18750
9414 4506 9984 21398
2812 6547 4850 10362
8233 392 8203 8713
2206 4651 1594 20550
9861 921 15580 19701
1754 2906 6934 19149
245 2826 11016 12678
5644 2140 13619 16598
6449 5270 15869 13480
9768 6175 14490 15223
9496 3074 11397 7288
7532 1301 8595 7412
4726 2615 6245 17935
2448 6746 16501 12955
8402 7643 9840 11506
1443 3114 13842 9564
2937 7163 15759 9435
140 8614 21139 4866
4349 1646 20665 13577
2837 1374 14471 5914
367 3809 9896 3603
6076 8167 8860 9768
3542 5500 23247 7455
8871 4896 17483 6610
5878 4938 16956 4626
3902 5050 22922 4385
3606 4107 29753 759
6802 7514 22311 6063
82 3130 15845 2784
9118 1791 13705 1812
925 7898 17027 1870
6952 628 28747 6827
2712 1492 22379 5118
9461 4626 21894 0
4492 4385 27972 0
8654 759 33860 0
1807 6063 29825 0
9272 2784 18975 0
1974 1812 15496 0
565 1870 24925 0
6330 6827 29375 0
1675 5118 23871 0
865 2226 16956 7338
4314 8723 22922 712
8230 2977 29753 1889
8785 6597 22311 6980
6830 4345 15845 1569
1741 3424 13705 179
2543 3608 17027 6160
166 7153 28747 302
546 1650 22379 4960
7882 7338 19182 0
722 712 31645 0
2258 1889 32730 0
7591 6980 28908 0
2166 1569 20190 0
3201 179 17129 0
827 6160 20635 0
5001 302 35900 0
6734 4960 24029 0
