100
1875 9208 0 32086
3922 2830 0 35045
8978 961 0 11474
7981 2577 0 17427
4641 8040 0 18370
7908 2144 0 20716
8586 2000 0 33479
8198 3687 0 27693
8340 4437 0 19530
215 9689 0 31298
4325 1627 9208 30459
2381 8665 2830 26380
5537 1575 961 9899
4070 6000 2577 11427
864 6347 8040 12023
7650 3742 2144 16974
502 6426 2000 27053
8399 1465 3687 26228
6881 2886 4437 16644
7089 8761 9689 22537
1761 6193 0 35101
8043 9482 0 28393
8509 1961 0 10474
1215 499 0 19505
8362 1240 0 25170
5686 813 0 22047
8495 2238 0 33241
1110 1293 0 30087
8021 4268 0 19699
9407 2512 0 38475
8480 4642 6193 30459
231 2013 9482 26380
9311 575 1961 9899
9400 8078 499 11427
7975 13147 1240 12023
819 5073 813 16974
3627 6188 2238 27053
7032 3859 1293 26228
6604 3055 4268 16644
3694 15938 2512 22537
4848 8942 10835 21517
4251 7660 11495 18720
5992 2125 2536 7774
4609 2827 8577 8600
5407 4919 14387 7104
9939 1500 5886 15474
3001 3354 8426 23699
909 9302 5152 16926
938 9992 7323 6652
9350 8701 18450 13836
2651 4853 19777 16664
3663 5865 19155 12855
3863 679 4661 7095
2061 4529 11404 4071
3191 3341 19306 3763
9865 3561 7386 11913
352 8263 11780 15436
6892 7950 14454 8976
788 609 17315 6043
4244 9389 27151 4447
1178 9452 24630 7212
3514 4041 25020 8814
1002 5261 5340 1834
3492 239 15933 3832
5572 2475 22647 1288
8306 2624 10947 9289
6054 6475 20043 8961
4147 4225 22404 4751
5176 1041 17924 5002
564 3448 36540 999
2452 7212 34082 0
2153 8814 29061 0
5845 1834 10601 0
5946 3832 16172 0
4084 1288 25122 0
5705 9289 13571 0
6929 8961 26518 0
1973 4751 26629 0
8498 5002 18965 0
510 999 39988 0
702 5553 24630 11111
4824 1919 25020 10936
5306 3970 5340 3125
5769 1762 15933 2309
5674 785 22647 2978
4453 94 10947 11819
1041 5565 20043 9871
8944 5140 22404 3836
539 943 17924 5100
379 1451 36540 2996
4128 11111 30183 0
613 10936 26939 0
9195 3125 9310 0
9562 2309 17695 0
2370 2978 23432 0
4840 11819 11041 0
9985 9871 25608 0
2422 3836 27544 0
3853 5100 18867 0
924 2996 37991 0
