5669 8015
308 4240 1
2563 5516 2
2258 4162 1
1094 3648 2
3284 3357 2
12 360 2
2380 4339 2
1719 2078 1
2817 4442 2
3409 4588 1
1973 4851 2
1147 4503 2
430 2983 2
3630 5227 2
663 5493 2
355 1404 1
1608 2081 1
4081 4554 1
2390 3071 2
1216 3492 2
605 2230 1
2246 3260 2
2982 3711 1
540 3591 1
805 1752 2
2116 3691 2
207 2664 2
465 2722 1
567 2999 1
1173 1582 2
167 3629 2
2303 4674 1
1571 4314 1
1833 3910 2
4059 4740 1
1004 1114 2
390 423 2
504 2427 1
4352 4754 2
213 4573 2
950 2524 1
68 3449 2
2914 3390 2
229 2927 1
123 4368 2
2453 3650 2
2194 3834 1
2081 2914 1
4992 5205 2
3647 3835 2
1919 3940 2
2408 4754 2
335 3372 2
921 3570 2
3336 4000 2
2473 3368 2
1571 3954 1
189 1798 1
4315 5638 1
1570 2780 2
591 1155 2
2884 3139 1
337 2754 1
324 3150 1
404 1327 2
1462 3745 1
410 3920 1
1233 2411 1
1959 2022 1
1893 4239 1
1424 2932 2
451 5233 1
1588 3991 2
555 3464 1
3854 4963 2
397 4924 2
1414 1724 2
2615 4198 1
749 4390 1
1403 2292 1
544 3947 2
225 5433 2
1325 5503 1
606 671 1
235 1488 1
1194 4309 1
1990 3174 1
1678 2535 2
4132 4787 2
1685 1809 2
2103 5479 1
1304 4357 2
464 3800 1
3474 4374 1
974 1063 1
902 3423 2
863 3680 1
849 4416 2
4017 4301 1
68 3439 1
4459 4508 1
1414 3756 2
1398 2708 2
3625 4230 1
1177 1575 1
400 1567 2
1801 5006 2
119 3295 1
2994 3124 1
837 1543 2
995 4443 2
362 2330 1
454 5030 1
968 2225 1
70 1178 1
1028 2780 2
300 1587 1
2683 4162 2
365 4728 2
2675 4806 1
2258 3056 2
2795 4409 1
119 4657 2
1686 5444 2
4104 5218 2
2006 4457 2
2591 4050 1
2312 4405 2
853 4261 1
3492 4930 2
2326 2725 2
2224 3549 2
100 2582 1
2193 4245 2
2157 2460 2
150 1649 1
1367 5365 1
939 2690 2
1547 2328 1
601 4336 2
1382 4741 1
1405 2144 1
3410 5291 2
4123 5657 1
621 4251 2
2165 3467 1
542 2712 1
1054 5081 2
4746 4904 2
361 1201 1
2945 3242 1
2954 5641 2
3329 5273 2
2920 4308 1
393 2507 2
245 4011 1
2786 3931 1
1635 5235 2
252 4785 2
1629 4754 1
3828 4800 1
1000 2768 1
1222 3272 1
348 4547 1
2959 4909 2
2069 4014 1
1659 1679 2
1932 3656 2
3814 3895 2
146 1026 2
80 4051 2
3158 3375 1
3763 3988 1
735 5104 2
1962 5154 2
1291 4844 2
35 1114 1
664 4441 2
2382 4917 1
663 1382 2
4949 5209 1
317 4351 2
1007 3835 2
1083 5563 2
1794 4225 1
904 1728 1
1394 4238 1
3360 5291 1
287 4097 2
1850 3910 2
699 930 2
382 1075 1
1613 2097 2
2724 3933 1
3962 5553 2
1921 2723 1
3426 3913 1
486 4043 2
871 3584 2
2281 4655 2
1370 4358 1
214 3410 2
3401 3681 1
1890 4674 1
1649 4302 2
1240 5190 2
3916 4538 2
1646 4525 1
623 2722 1
1416 2956 2
557 1434 2
1621 3673 1
840 3925 2
4917 5242 2
2172 3948 1
1106 4521 1
1975 3454 2
1039 3887 1
682 3887 1
1660 3768 2
2602 3118 2
281 1203 2
3120 3188 2
1672 3957 1
1542 4984 1
1832 2803 1
681 3869 1
1287 3558 1
2664 4491 1
722 1892 1
1793 3266 2
631 4051 1
4084 4226 2
681 4102 2
2909 4163 2
1261 2605 2
1002 2032 1
1885 2398 1
2173 4301 2
3843 3928 2
1074 4099 1
1238 2189 1
1802 2985 1
3919 4770 1
2843 4448 2
1841 1879 2
3710 5525 2
24 1134 2
3560 4103 2
245 1860 1
2689 3519 2
4263 4816 1
1181 2043 2
2236 5210 2
705 1667 2
1992 2724 2
3753 4206 2
22 2650 1
2688 2692 1
1979 2572 2
3127 4342 1
1579 3309 2
511 3485 2
1662 3395 1
3497 5414 2
2408 4060 2
326 4854 2
1344 2076 2
4144 4646 1
2401 3973 2
1386 3465 2
2614 3505 2
1999 5144 2
2100 3195 2
3360 5001 2
762 4744 2
3301 4777 1
4945 5629 2
4241 5242 1
244 3604 2
206 1770 2
37 919 2
1206 5007 2
1001 5227 1
76 1105 2
445 3002 1
4505 4944 2
2580 2615 1
1737 3829 2
2980 4537 1
311 881 1
2365 4661 2
2809 4256 2
1915 5554 2
1957 2394 2
825 2040 2
3739 4045 2
2650 3832 1
1137 1856 2
1867 1901 2
3193 5657 1
1440 2327 2
1604 4230 2
2114 3603 2
152 2584 1
4136 4292 2
844 1307 2
4509 5176 1
3407 4597 2
3958 4556 2
447 4713 1
2800 4290 2
1020 1089 2
3081 4353 2
2367 2810 1
1433 3969 2
4932 5176 1
3967 4857 2
1051 3197 2
288 1708 2
399 5231 2
1592 2063 1
3063 3099 1
3179 3427 1
3604 4062 2
397 2193 1
2721 5069 1
1466 2577 2
2529 3095 1
3321 4954 2
111 1807 2
176 1818 2
2782 2949 2
3695 3871 2
3087 3421 2
268 2431 2
3759 4105 1
17 2953 1
713 1121 1
2947 5592 1
813 2593 2
543 1736 1
2444 3277 2
1615 2576 2
2423 5312 1
2275 5571 1
754 3321 2
3571 5117 2
1257 1840 1
744 4832 1
465 589 2
1689 4034 1
3387 4580 1
2047 3656 2
94 1550 2
3472 5280 2
3826 4562 2
725 2354 2
1092 5297 1
2874 5209 1
1811 5620 2
5125 5478 2
114 5000 1
774 2484 1
1726 5094 2
821 4543 2
1496 2286 2
2555 5629 1
3381 5353 1
1364 3282 1
3330 3937 2
123 4811 2
2389 4440 1
718 2662 1
81 5282 1
84 1995 2
4019 5544 1
3679 5414 2
820 1075 1
2115 3268 2
741 904 2
1934 3894 1
910 3655 2
1346 2061 1
1977 3941 2
3282 3415 1
2225 2405 2
4005 4744 2
1401 2963 1
3823 3964 2
4645 5654 2
3773 5512 1
3308 3324 2
416 4180 2
1469 4000 1
1605 5237 2
2009 4108 2
2803 3231 1
2445 4522 2
333 3162 2
661 2674 1
3554 5420 1
1395 4029 1
8 2886 1
2381 4955 1
2575 4841 2
1556 2220 1
113 567 1
776 4325 2
1297 4054 1
2346 3948 1
1985 3453 2
948 2827 2
1102 1519 1
2055 3415 2
2760 5089 1
1380 5160 2
1147 3363 2
784 2249 1
2678 3415 1
1476 2968 2
450 2946 2
1624 4631 2
1714 4448 2
1016 3114 2
1239 3236 1
3230 4485 2
266 337 1
542 1947 2
49 4988 2
501 1457 2
179 1770 1
4318 4716 2
4252 4454 1
1330 3320 1
1663 4571 1
2320 2894 1
781 4636 2
3852 4219 2
1288 5335 2
351 2039 1
241 1739 1
2036 3776 1
822 2699 2
3004 4949 1
1849 5250 2
1143 1982 1
2222 2320 1
3506 5665 2
1412 3057 1
799 1475 1
1291 3888 2
5400 5603 2
2360 4351 2
2748 4478 1
1481 3822 1
2711 5480 2
460 4352 2
4648 4842 2
2507 4939 1
4193 5007 2
2431 2850 1
4845 5573 1
1834 5414 1
970 1749 1
2522 2772 1
5530 5653 1
656 3512 2
2763 5346 1
774 3249 2
3436 3487 2
2664 4853 1
1343 2905 1
161 3349 2
4345 5331 1
55 4124 2
2092 2274 2
697 2463 2
3210 3588 1
4298 5427 2
2563 2873 1
3292 5279 2
1795 3872 2
2310 4146 1
1972 2900 2
586 4778 2
1370 3328 1
258 3421 1
1544 5234 1
4366 5073 2
3835 4417 1
3667 4913 1
3147 4606 1
311 370 2
3858 3935 1
2564 5241 1
886 5622 1
2827 2882 2
1226 3440 2
1768 4118 1
1012 1105 2
480 2897 1
528 4067 2
983 4291 1
1106 3426 2
994 3919 2
1383 2878 1
4674 4712 1
1840 3798 1
1359 4718 2
3938 4636 2
4 992 1
2582 4999 2
1655 2500 2
888 4806 2
392 3536 1
2717 4291 1
950 1647 2
2787 4759 2
2094 5486 1
1500 2561 2
2775 5435 2
869 5521 1
1280 1413 2
3580 3738 2
1625 4127 2
2268 3712 2
3821 4452 1
1670 4106 1
1182 2324 2
2484 3696 1
1470 2571 1
1635 3667 1
1258 2896 1
3010 5334 1
738 2227 1
3487 4829 2
697 4059 2
3898 4632 2
3698 3933 2
156 199 1
75 622 2
542 4922 2
4708 5351 2
66 3069 1
3954 4731 2
2781 5143 1
1277 3386 1
2204 4525 2
1256 1496 2
1145 4504 1
264 2643 1
1277 5308 2
3565 3589 2
1365 1572 2
2445 4758 2
48 1013 1
3777 4668 1
226 1956 2
3470 4639 1
306 1232 2
2510 2852 1
18 5083 2
4291 4482 2
3813 4016 1
4142 4548 2
2170 2333 1
1084 4860 1
5417 5613 2
985 4891 2
833 2682 1
2629 4191 1
1231 3409 1
2043 4938 2
3834 4295 1
4609 5182 2
3198 3967 1
3243 4028 2
267 4214 1
4323 4963 1
1195 1448 1
4007 4767 2
634 1906 1
1627 5364 1
2196 5311 2
933 1811 2
500 5090 2
2904 3083 1
2126 3266 2
418 1128 1
1014 4432 1
3486 3758 2
471 2946 1
1480 5547 2
382 1025 2
937 1412 2
540 4872 1
3423 5097 2
3535 4039 1
4137 5251 2
439 4367 2
3804 5229 2
219 1371 2
2593 3896 1
3170 5482 1
2332 2724 1
129 513 1
3705 4539 2
2202 5323 1
3339 4899 2
2318 4614 2
2335 4540 2
2153 3671 1
1885 5133 2
1419 5261 2
76 2182 2
3664 4364 1
1207 5172 2
1926 2377 2
2927 3148 2
791 1677 2
654 5386 1
3495 5384 1
1397 1512 1
3960 5620 2
2905 4376 1
109 1699 1
175 1352 2
190 5357 2
1872 3813 2
685 4092 1
5052 5141 1
1699 3200 1
3553 4371 1
2857 4495 2
1187 4211 1
1875 2362 1
3947 4973 1
3758 4750 2
4039 4233 2
421 937 2
1839 4649 2
1575 4906 1
223 3207 1
2111 2321 2
354 1027 1
41 2387 1
2974 5266 1
2240 3132 2
1092 5546 1
660 3262 2
3920 5380 2
2377 3473 1
2304 2706 2
1677 5662 2
219 2680 1
49 4760 2
18 317 1
3201 3408 2
3551 5472 1
2121 4649 1
155 5098 2
1287 4670 1
67 2487 2
1504 5443 1
395 1373 2
2092 3067 1
663 879 1
4639 5587 1
1571 3747 2
1762 4268 1
804 1625 1
2967 4714 1
1598 5277 2
4153 4515 2
1141 3598 1
3548 3827 2
838 1003 2
4373 4854 2
1221 3351 1
2252 4484 2
971 4809 2
2668 4645 1
2247 4390 2
4018 5341 2
711 5164 1
3942 4834 1
4773 5046 2
1843 5252 1
1154 4261 2
45 2618 1
447 1167 2
1486 5325 1
2235 2311 2
261 892 1
633 3870 2
422 3434 2
207 4503 2
769 2340 1
1854 5361 2
675 5533 1
1681 4339 1
1049 4722 1
1262 3351 2
291 3489 2
3725 5267 1
1368 3655 1
3638 4021 2
3983 4825 2
1584 4746 1
742 2174 1
1226 2907 2
59 5191 2
754 2668 1
1620 3516 2
3595 5434 2
3540 4404 1
3099 4646 1
5254 5614 2
2653 2664 2
523 3515 1
887 4211 2
45 4386 1
2154 2247 2
1254 3278 2
87 1894 1
1365 2909 1
3199 4808 2
656 1585 2
2155 3426 2
2079 3307 2
1256 5590 2
3799 5608 2
237 4155 2
1426 3615 2
674 1986 1
482 4094 1
1487 2073 2
674 5163 2
1165 3250 2
1432 4513 1
4122 4648 2
76 697 1
300 5465 1
1670 3588 2
3142 4057 2
2028 4221 2
1069 1662 2
1743 4103 2
1597 2318 1
2321 3809 2
2122 2161 1
1710 2159 1
477 3323 2
102 4661 2
142 3126 1
889 4019 1
2207 5649 2
4401 4463 1
1195 4999 2
92 914 1
4683 4700 1
1524 3133 2
9 3580 2
165 5246 1
3041 3197 1
1080 5557 1
998 4750 2
807 3881 1
1591 3366 1
737 4724 1
2953 5621 2
968 1146 1
4004 4602 2
313 2573 2
14 5031 1
2828 4988 1
1593 4061 1
1125 1763 2
3151 4087 2
1559 2453 2
3851 4421 2
2921 3476 1
2200 2877 1
1393 3210 2
36 4512 2
145 1296 1
417 3665 1
96 3851 1
2850 4170 1
1023 4776 1
1034 5464 2
939 1732 2
2101 3798 2
33 2220 1
1251 1754 1
3002 4345 2
2881 5484 1
2368 4579 2
227 5612 2
414 3191 2
394 1284 2
1703 2715 1
758 1215 1
4652 5277 1
3786 4521 1
89 917 1
193 1569 2
510 5067 2
1461 4664 1
748 3490 2
4804 5511 2
2175 2902 2
4241 5150 1
934 3577 2
513 4087 2
1573 4378 2
3394 5576 2
2412 3482 2
1249 2523 1
1411 5542 1
621 2499 2
1272 2193 2
418 2579 1
1088 5378 2
1143 4361 2
2388 2609 1
1327 2204 1
1225 2397 2
1954 5483 2
3830 4582 1
4145 5055 2
300 1641 1
1425 2639 2
4416 5554 1
2421 4869 1
1351 3351 1
2538 3238 1
1796 1915 2
1666 4607 2
3318 3517 2
3414 3540 2
1992 2113 1
1388 2674 2
1644 3000 2
1271 5082 1
1232 1310 2
2177 5654 2
287 1549 1
299 1803 1
3531 3854 2
2844 5060 2
1324 2024 2
1476 5091 2
126 1097 2
102 5216 2
2275 2871 1
3128 5206 2
320 401 1
4476 5271 1
3715 3975 1
869 3519 1
1541 4961 2
2123 2884 1
1297 1952 1
1508 5036 1
300 2484 1
1405 3414 1
2259 4032 2
121 3628 2
2082 4173 2
3746 4236 2
2869 2947 2
434 3969 2
159 5490 2
3103 4367 1
1269 3162 2
663 5023 2
526 4471 1
3413 5474 1
2049 2830 2
872 3905 2
2529 2557 1
1782 3734 2
461 4528 1
2050 5388 1
1258 2107 2
4215 5522 2
1917 2019 2
1398 4822 2
888 1354 1
2930 5523 2
4116 4167 1
3596 4571 2
4473 5180 2
2402 3742 2
3204 5269 1
114 3290 1
1186 5025 2
3974 5370 2
3791 4793 2
2675 4072 1
4202 4494 1
1408 4201 1
1364 4111 2
2692 5163 2
1120 2568 1
850 3893 2
2187 4412 1
2141 4034 2
244 3936 2
451 2466 1
40 3619 1
998 3915 2
1801 1862 2
48 3075 2
538 4267 1
1589 4170 1
2340 2817 1
1750 3652 2
1274 4053 1
2259 3656 2
190 3758 2
2273 4154 2
25 3401 2
3600 3791 1
2625 3437 1
1060 2920 1
419 2818 2
1235 4548 1
2649 5510 2
3719 4058 2
3852 3994 2
2810 4308 1
340 4346 1
3146 3368 1
655 4130 1
592 1350 1
173 853 1
725 5004 2
605 4426 1
2160 4294 1
276 2719 1
1356 5060 1
1834 4867 1
1789 2320 2
465 3396 1
1825 4646 1
657 4229 2
2291 2849 2
2546 4248 1
748 4551 2
2956 3067 2
1433 3751 2
1215 3941 1
984 1774 1
1130 1789 2
1804 4488 1
3542 5374 2
321 1941 2
3432 4878 1
4321 4596 1
1476 4977 1
1064 3449 2
1236 2041 1
352 4311 2
4443 4682 2
1613 5581 1
2032 4310 1
537 2127 1
4155 5658 2
525 1973 1
1362 3345 1
1449 4808 2
426 3740 2
605 5473 2
3303 3347 2
1016 4045 1
2938 3996 2
3447 5066 1
783 1445 1
1803 3507 1
1860 3255 2
509 3440 2
835 4272 1
992 3823 1
1229 1841 2
1139 1542 2
862 3006 2
4675 5520 2
5010 5464 1
2256 2389 2
2662 3808 2
5127 5253 2
1456 4880 1
1820 5096 1
1995 3988 2
1565 2454 2
2593 4550 2
3178 3933 2
364 4663 1
1380 3630 2
3095 4229 2
5080 5192 2
1688 3817 2
3075 3339 1
1396 5104 2
1177 1727 1
1227 2971 2
1888 2760 2
276 4149 1
1893 3959 1
3769 4325 2
330 409 1
1896 4415 1
3584 5349 1
2714 5054 2
2291 4408 1
4208 4464 1
2371 3179 2
2187 2878 2
2218 5057 2
956 5042 1
4787 5370 2
1079 1972 2
2120 5482 2
2560 3397 2
521 1554 1
3787 4105 2
75 2686 1
707 4416 1
1870 5019 1
2313 4625 1
4858 5311 1
2083 2711 2
333 4730 1
497 5322 1
3250 4359 2
1745 5634 1
998 3721 2
1506 4640 2
1853 3420 2
2964 3795 2
75 2408 1
807 4482 1
1202 4733 2
3597 5197 1
352 2788 2
1989 2581 2
3531 4622 2
3413 4744 1
82 461 2
3780 5143 1
346 2778 2
285 1623 2
744 1229 2
3568 4686 1
1588 3193 1
215 4319 2
1850 2123 1
340 4334 1
792 1946 2
4164 4544 1
424 4024 2
4882 4893 2
4141 4955 2
859 1643 2
1955 3580 1
2182 2986 1
1110 2351 2
1635 3617 1
111 3270 1
389 3032 1
1821 2946 2
3307 3746 2
132 1495 2
1532 5119 1
1287 5624 2
1441 3126 2
2196 2996 1
710 1567 1
3881 4958 2
2353 4126 1
82 1151 1
2067 4335 2
1013 4791 1
121 5006 2
1653 5516 1
2533 3779 2
90 2134 2
4114 5276 2
2795 4770 2
1844 2500 2
329 1458 2
1473 4193 1
3021 4570 2
2401 4293 1
621 2624 1
2810 5335 1
3579 5255 1
1038 3726 1
5334 5344 2
3158 3516 2
3685 3985 1
703 3694 1
3474 5495 2
4193 4268 1
1128 3925 1
1380 2094 1
1266 3344 1
1958 4925 1
868 4975 1
1967 5572 1
2534 3247 1
493 5427 1
590 2141 1
2534 3378 1
4017 5255 1
1614 5027 2
226 2046 2
262 1139 1
4164 4653 1
1907 3647 2
2256 2852 2
48 924 1
273 1191 1
2102 2360 1
4091 5430 1
2016 2552 1
2399 3550 2
1326 4681 1
1008 3290 1
933 2276 2
2421 5650 2
954 3798 2
320 5646 1
2978 5511 2
949 1884 2
1533 4823 2
58 1115 2
851 5580 1
2668 4072 2
196 1523 2
169 3066 1
397 2446 2
1378 5125 2
2155 3939 2
311 2244 2
2531 3685 2
92 4758 2
459 3152 1
159 1318 1
1406 2524 1
301 5334 2
2188 4156 1
952 5387 1
1236 3593 2
167 4811 1
579 1458 1
674 3240 1
1664 2131 1
995 1615 2
582 4778 1
1058 1549 2
108 5109 2
99 617 2
2423 4505 2
1730 1849 2
1280 2373 1
256 2302 2
2130 2648 1
1691 3035 2
2251 4204 1
2781 4251 1
661 4487 1
2179 3899 1
3047 3453 1
1939 5109 2
2561 3872 2
2720 4137 1
2554 4087 1
2029 2422 2
1928 4917 1
1140 3796 1
355 1043 1
1658 4032 2
1603 2430 2
2632 5008 2
2489 2715 2
4213 4267 2
5415 5502 1
1470 2952 2
1816 4650 1
3148 3674 2
1648 5488 1
1628 4443 2
27 3339 2
1034 2595 1
1501 2644 2
2364 5167 1
1838 4113 2
3306 3319 1
2745 5530 1
3986 4826 2
5029 5097 2
424 5560 2
1541 2617 2
713 2661 1
59 2513 1
765 3228 2
3842 5525 1
601 2165 1
1004 5275 2
1297 2226 1
2974 5190 1
2217 5395 1
777 3079 1
1596 3241 1
196 4470 1
190 3745 2
3156 5116 2
1440 5284 1
505 3947 1
3381 3535 1
1724 2176 2
154 4221 2
749 1931 1
3123 4260 2
2308 2878 1
1950 2634 1
2648 2772 1
843 1120 2
2854 3308 2
1050 3478 2
389 5065 2
3451 5487 2
1273 3692 2
3761 5170 2
3608 3941 1
4557 4648 2
1213 4063 1
1423 2313 2
1293 5203 1
887 3414 2
947 3154 2
1735 3104 2
1704 4416 1
3018 3165 1
2394 4333 2
4202 4674 1
667 4596 2
2051 3090 2
189 5390 1
391 3334 2
1941 2962 1
1035 2288 2
3624 4984 2
2355 3040 2
9 4582 1
2473 4154 1
848 2734 2
878 4156 2
4664 5517 1
1808 5628 1
3340 3504 2
2397 5202 1
638 3043 2
2207 2615 1
2882 3157 2
1098 4884 2
636 1315 2
566 2865 1
4837 5499 2
1742 3311 2
659 3657 2
3281 4420 1
733 3212 2
2686 4602 2
1341 3418 1
2556 2852 1
4346 5268 2
615 3907 1
3508 4267 1
3000 5382 2
251 2692 2
4312 4705 1
2975 5645 1
1999 5474 1
3271 5102 1
43 2806 2
1486 5547 1
3062 4475 1
64 2611 2
4099 4117 2
1142 2708 1
5427 5543 1
1646 5615 1
4304 5149 2
2676 3043 2
1119 1893 2
368 1390 1
1064 5536 2
176 5161 1
509 1821 1
2032 4411 2
942 1763 1
2137 3954 2
2871 5565 1
1859 3253 2
2888 4790 1
2092 2800 2
49 935 2
212 3633 2
3361 4570 1
863 3018 2
2439 3829 2
1569 4500 1
377 2019 1
4226 5619 2
779 1369 1
692 2757 2
1611 2461 1
1610 5558 2
1411 1575 1
877 1049 2
128 3138 2
2403 3279 1
2522 4455 1
2797 3081 2
2883 3731 1
1779 4899 2
2348 5007 1
2776 3496 2
583 4996 2
4259 4828 1
2109 2854 1
99 889 1
682 719 1
2884 4422 2
783 4158 2
2949 4393 1
3407 3686 1
1193 2096 1
3464 5247 1
1925 3870 2
2520 3001 2
1453 3812 2
1800 1989 2
2380 3643 2
3419 4759 1
3757 5241 2
533 1596 1
4201 4844 2
51 2935 1
2658 3746 1
2751 5560 2
1259 2592 1
2864 5336 1
3156 3940 1
3165 5430 1
1485 2047 1
1546 3440 1
4566 5084 1
807 2427 1
1398 3179 2
1428 4990 1
446 2024 2
768 2626 1
2958 3952 2
1276 1934 2
2219 2978 2
1692 4527 1
337 4820 1
3649 4067 2
822 1514 1
1516 4223 1
2588 5091 1
2478 3761 2
1173 1514 1
2039 3804 2
270 5390 2
2867 5488 1
3887 5604 2
810 2922 1
262 873 1
957 4987 2
1160 2317 2
1492 4505 2
3769 3910 1
2549 4325 1
1614 2698 1
2862 3900 2
1967 3959 1
3715 3996 2
3239 4900 1
2923 3858 2
2606 3436 2
1026 3840 1
3495 4536 1
866 2436 1
1744 3083 1
1612 2086 1
1861 2563 1
2480 3508 1
754 5470 2
1033 2947 1
860 1448 1
3800 5578 2
392 1202 2
3351 3508 1
1109 3872 2
173 3681 2
3088 3940 1
927 2095 1
1541 1682 1
2868 4058 1
895 4452 1
709 3368 1
1977 2567 2
1412 1512 2
134 4096 1
2198 2786 2
2435 5579 2
2153 4008 2
3760 4799 2
550 908 2
1153 4409 1
2893 3368 1
2692 3392 1
3800 4057 2
2870 3090 1
1021 1661 2
1278 4799 1
2090 5038 2
1660 4628 2
530 4823 2
2339 3050 2
4705 5651 1
1881 4597 1
3238 3335 1
2209 3725 2
3492 3694 2
4719 5430 1
2974 3874 2
1710 3437 2
32 1505 1
222 1874 1
964 4276 2
2895 3247 1
451 1062 1
382 687 1
889 2382 2
2330 4557 1
2997 3840 2
513 5390 2
3973 4113 2
3430 3941 1
365 1293 2
429 3484 1
787 3458 1
1923 2383 2
1847 4577 2
740 3873 2
3349 4817 1
2098 2772 1
2826 5259 2
4255 4602 1
799 1362 2
1140 1909 1
2981 4170 2
793 825 1
1952 2295 1
890 895 2
300 2152 1
4768 5576 1
718 813 2
3662 5645 2
885 1569 1
2555 2696 2
1002 2330 2
276 3347 1
449 3715 2
1822 4625 1
1314 3463 1
4394 5583 1
184 5065 2
2777 4281 2
3137 3694 1
1864 4480 2
5182 5265 2
463 5228 1
4644 4799 2
2030 5074 1
1609 5599 2
1116 2890 2
3982 5309 2
1495 3777 2
4269 5022 1
4449 4891 2
4517 5288 2
1767 3946 2
1015 1170 2
1244 2667 2
796 839 2
2309 3628 2
1043 4953 1
1460 3682 2
3637 4895 2
2631 3377 1
2156 3831 1
3290 3376 2
3391 3628 1
1080 2929 2
268 1763 2
788 3525 2
775 4882 2
3768 4502 2
831 1465 1
4750 4852 1
580 4062 1
1952 5462 2
1706 5307 1
1130 1994 1
2127 4996 2
3118 3130 1
1366 2066 1
929 1801 2
378 3168 2
1835 3728 1
3927 4286 1
4005 4621 1
3065 3829 1
385 1699 1
1303 3759 1
691 4750 2
996 2435 1
1468 5250 1
1201 1460 2
2428 2849 1
194 1480 2
3972 4074 1
986 3057 1
1067 1562 1
2568 3577 1
1213 3340 2
1791 2677 2
1750 4707 2
1263 4582 1
3162 3352 1
843 997 1
746 762 1
730 1702 1
725 5322 2
3915 5601 2
88 2687 1
2701 3001 2
2238 4979 2
831 3104 1
1380 5417 1
3513 5568 2
995 2905 2
860 5046 1
3036 5632 2
3643 4133 2
5437 5583 1
742 2379 2
3263 4381 1
1151 4244 2
142 1603 1
2334 2473 2
1756 4473 2
3651 4556 2
452 2356 1
644 4739 1
1227 4471 2
93 1717 1
2002 4127 1
630 4288 2
775 4224 1
1118 3388 1
453 1844 2
2547 5607 2
1148 1508 2
464 2930 2
800 2461 1
1966 2483 2
2469 3577 2
363 3616 2
1621 4222 2
704 5366 2
2443 3835 1
1398 2189 1
1250 3871 2
754 3210 1
106 2979 2
5003 5259 2
1553 5482 1
210 1037 1
1223 2951 1
3900 4289 2
2146 5188 1
1664 2231 2
189 3107 2
1330 1576 2
3931 5154 1
1017 3092 1
3304 4763 1
1606 4633 2
4196 4615 2
1623 3900 2
166 4978 2
1781 1989 1
81 4350 1
357 5506 2
2425 5152 2
2899 3317 1
221 1540 2
3638 4111 1
2208 4352 2
1245 3722 2
1728 4274 2
2261 4095 2
2866 4647 1
726 4192 1
830 3704 1
515 4563 1
2647 4096 2
1476 4249 1
1089 1873 1
1338 2151 2
3082 5611 2
547 4114 2
351 5318 1
3069 5181 2
152 1540 1
2325 4043 1
1320 5112 2
1675 3839 1
2165 3448 1
2039 4927 2
2662 5471 2
720 2449 2
1855 5642 1
3208 4967 1
368 2304 1
3583 4208 2
3149 3738 1
1210 2495 2
2618 4012 1
398 3281 1
2271 5019 2
323 4355 2
1956 5074 1
1682 3904 2
1390 5181 1
1589 2027 2
1560 3253 1
279 1979 2
2987 3683 2
302 788 1
1300 3863 1
1152 1263 2
502 853 2
765 4505 2
3987 5667 2
1369 2562 2
78 3320 2
4413 4420 2
2604 3762 1
1633 3013 2
3533 5577 2
4588 5664 1
2131 3608 1
1894 3479 1
1207 3804 1
2105 2935 1
317 2663 2
298 1707 2
1854 3684 2
2027 4806 1
2763 5555 1
3282 3349 2
432 506 2
753 3831 1
871 2166 1
591 2569 2
1447 4246 1
1033 3620 1
2276 3055 1
635 4180 2
62 3482 1
1199 3241 1
169 5200 1
875 5325 2
2803 3434 1
1391 5600 2
975 1387 1
2003 3878 1
47 638 1
3351 4577 1
189 2410 1
1770 4047 1
2095 2575 1
3890 4426 1
231 2928 1
1712 3833 2
1172 2426 1
2832 5181 1
1726 3807 1
1702 4314 2
1076 1556 2
355 3335 1
1266 2122 1
207 2862 2
271 4365 1
1189 2265 2
19 1829 1
3376 4361 2
4200 5236 1
1878 3313 1
218 1953 1
2274 5124 1
229 2745 1
2348 4295 2
2522 4567 1
1180 2758 2
767 1124 2
850 1442 1
1130 1561 2
2006 3526 1
2331 2936 2
1895 4845 1
186 4297 1
1041 1495 2
394 5491 2
2293 3586 1
806 4051 1
2474 5255 1
2033 4597 1
1000 1872 2
1070 3522 2
4015 5512 1
3011 4173 1
639 1137 1
1948 3345 2
639 4517 1
3081 3910 1
2335 3303 1
3669 5570 1
502 3406 1
3023 4078 1
355 707 1
3741 5124 1
2022 4973 2
310 5657 2
4153 4978 2
471 3157 2
352 5650 2
3956 5590 1
786 899 1
865 2022 2
1475 4032 2
224 2604 1
1209 1393 1
3945 4603 2
2781 4880 1
1946 4164 2
3103 4346 1
4277 5238 1
2298 3989 2
2753 5012 1
1050 4413 2
71 5014 1
998 4149 1
1041 5000 2
2868 3023 1
195 5058 1
3258 4647 1
533 3498 2
1140 4048 2
3529 3979 1
2997 3951 2
504 574 1
399 1314 1
2043 2774 1
1745 5621 2
4113 4250 2
3296 3604 2
1090 2159 1
3756 4348 1
1204 2451 2
3571 5108 2
2244 3485 1
2898 4137 1
1534 5123 2
1104 4801 1
444 5093 1
2372 3750 1
266 5169 1
1523 2658 1
264 3404 2
167 376 1
1986 3604 2
2178 2824 1
2877 4394 1
4308 5635 1
745 3378 1
61 5487 2
4658 4793 1
389 681 1
1962 5403 1
726 3503 1
2944 5483 2
2811 5255 1
893 1534 1
1899 3273 1
850 1104 2
1150 5301 1
4135 5432 2
2406 4350 1
1004 1068 2
2164 2396 1
132 3150 1
1686 4704 2
1131 1416 2
1498 2100 1
970 3038 1
1292 1614 2
1106 4468 1
2571 3489 2
3031 3918 2
386 1146 2
2258 3566 1
2409 3584 1
3725 4882 1
2677 3027 1
1344 1791 1
2553 4266 1
3105 3751 2
1531 2471 1
253 4754 1
4270 4688 2
621 3882 2
23 3405 1
1692 4267 1
2600 5131 2
35 1807 2
1636 1949 2
422 2260 2
1700 3521 1
15 4487 2
4223 5406 1
2167 4589 2
1121 3494 2
1299 1408 2
1357 4838 2
180 3182 1
2385 3151 2
4304 5439 2
1883 5557 2
4938 5447 2
1392 3983 2
2934 3709 1
580 2367 1
161 1439 1
261 1780 2
589 5051 2
1354 2049 1
479 4121 1
1638 3308 1
1027 1453 1
3342 5384 2
2468 4811 2
3426 3771 2
388 2572 2
2770 3093 2
2112 2490 1
942 4071 2
1472 4813 2
1682 2408 1
957 3226 2
1990 3068 2
3349 4063 1
1294 3726 1
1298 3046 1
4326 4880 2
340 798 1
242 4499 2
2118 3377 1
2323 3710 2
2711 4310 2
2027 2197 2
3527 4215 1
1744 3814 2
4438 4743 1
600 2895 2
644 1588 1
132 1265 2
3117 3644 2
557 3952 1
2492 3980 1
467 2788 2
602 5552 2
2668 3564 2
3444 4010 1
4222 4799 1
265 1644 1
1317 1741 2
4782 5204 1
914 4841 1
5546 5653 2
2040 2166 1
1823 2253 2
1453 4498 2
1420 2597 1
1737 3163 2
2001 3555 1
3193 3904 2
534 1493 2
585 2431 1
3606 5599 1
4069 4149 1
926 4437 1
2694 4099 1
1652 4961 2
3471 4481 2
1876 3339 2
3731 5083 1
1276 4972 2
2652 3192 2
820 4039 1
2345 3464 1
2307 4864 2
3404 4727 2
1005 4195 1
1783 5089 2
484 545 2
3486 4528 2
515 1760 2
4300 4833 2
4653 5275 1
2487 4312 1
1130 2563 1
3586 5257 1
3598 4435 1
3547 4195 1
2687 4954 1
2671 5214 2
529 5396 2
2001 3843 1
1110 4360 1
4004 4709 2
3335 5629 2
4893 5072 1
964 5543 1
674 3880 1
1296 5141 1
962 1453 2
2514 2884 2
16 3571 1
631 5077 1
1623 2811 1
357 3062 1
4928 5307 1
1219 4346 2
1828 1862 2
1483 2285 1
776 3006 2
2590 4030 2
3305 5651 1
1281 1594 1
2671 3799 1
2889 4319 1
726 1629 2
918 2540 1
464 3424 1
1622 5467 2
1928 3772 1
2773 2805 1
1954 2264 2
1055 2861 2
956 5542 1
920 1741 1
1231 2353 2
2879 3723 1
2642 3864 1
2598 4434 2
1649 3430 1
2865 3550 1
343 988 1
792 4906 1
574 744 2
4716 5409 2
2547 3024 1
1551 5445 2
4268 5592 2
1628 4444 2
2373 3057 2
2773 3053 2
2986 3343 1
855 3434 2
266 4181 2
2434 3774 2
290 1002 1
2678 4299 2
1380 1420 1
4033 5232 2
2688 3850 1
464 1106 2
2196 5336 2
2408 3404 1
1531 3272 2
1811 4913 2
1575 4654 2
1320 5289 2
778 1163 1
1086 2749 2
1873 2391 2
3706 4052 2
2035 3602 2
2633 2998 1
3241 3605 1
2038 2475 1
4771 5545 2
1400 4816 2
551 4374 2
2582 4797 2
3073 5492 1
3957 5177 1
2936 5575 2
1548 2965 1
775 5332 1
3059 4251 1
3580 4797 2
431 2825 1
2089 5119 2
604 1644 2
3512 4204 1
3420 4946 1
1799 3076 2
1655 3859 2
2306 3974 2
4 4117 1
2202 5547 1
1089 4452 2
189 3672 2
651 3761 1
3631 5531 1
1257 4740 2
3419 5411 2
1757 3831 1
2025 2633 2
403 5138 1
3462 4225 1
900 1655 1
261 665 1
3867 5621 2
1790 1899 2
99 5611 1
2957 3328 1
839 964 2
3663 4285 1
4855 4940 1
1571 4264 1
1761 2471 2
1593 3301 1
3549 3948 2
3105 3680 1
3228 3437 2
147 2431 2
3878 5390 1
420 2112 1
2626 3681 2
2961 5147 1
3641 3932 1
897 1334 2
1039 2429 1
2508 5095 2
1272 5640 1
3228 4513 2
4129 4646 1
3014 5063 1
2009 2154 1
194 3345 1
1941 3614 1
1999 4950 1
4287 4918 2
4030 5479 2
3975 4256 1
1514 1953 2
1319 2192 1
4287 4813 2
249 2291 2
4331 5612 1
9 2544 2
646 1833 2
523 535 2
2747 2909 1
153 4419 2
1086 3403 1
234 1992 1
2798 3370 2
670 4546 2
4332 5641 2
2510 2534 1
2369 3394 2
1733 2938 2
1125 3192 1
3114 4670 2
2119 3775 2
987 1107 1
1831 2175 2
3770 3967 1
587 3535 2
1539 1667 2
59 5340 2
1320 4209 2
1163 4487 1
2975 5521 2
794 2142 2
604 3161 2
1556 4845 1
3827 5343 2
1328 3982 2
1747 3892 2
1616 5669 2
1157 1329 2
230 2655 2
2155 4692 2
1065 1614 1
2105 3691 2
1286 3980 1
3863 4708 2
1683 1985 1
1961 5013 1
3034 4823 2
1226 1481 1
2081 4840 2
650 4654 2
2133 3246 1
727 1006 1
1602 3112 2
1166 5634 2
4242 5502 1
2099 5648 1
2431 4105 1
1215 5469 1
49 1197 1
473 2794 2
71 2091 2
2186 2280 2
2487 4691 1
3392 5239 2
623 5017 2
3565 3963 1
680 1264 2
1622 2972 1
3606 4767 1
4727 5576 2
103 4180 2
1957 4541 2
33 1622 1
3533 5501 2
3393 5473 2
1020 3831 2
3550 4343 2
1235 1775 2
1239 4425 2
942 1021 1
2284 4926 1
1640 3016 2
4265 5585 2
1847 3657 2
2308 2484 1
3695 5645 2
188 4950 1
2382 4809 2
756 2550 2
547 1516 2
4729 4936 2
4229 4815 2
3795 4752 2
2867 3776 2
2444 4624 1
1149 5071 2
2543 4224 2
4657 5132 2
1393 5115 1
708 4099 1
1457 1750 2
2709 3638 1
2707 4849 2
2680 3542 1
3159 4974 2
821 1183 1
1801 2374 2
3650 4202 1
767 3525 1
2465 3195 1
3979 5636 2
2394 4221 1
2153 4254 1
2001 3338 2
228 2224 1
659 3256 1
2598 3544 2
1090 4363 2
1367 1557 2
1640 2017 1
1889 4312 2
729 2314 1
120 2307 1
1352 2632 1
341 3604 1
3054 3753 2
1766 4397 2
976 5247 2
1449 1747 1
64 1060 1
3083 4957 1
2166 3602 1
1470 3404 1
4105 4553 1
1677 2291 1
3304 4946 1
1642 4439 2
2111 2219 1
2146 3577 1
2014 3886 2
1537 2600 2
3200 3694 2
1523 4008 2
1680 2216 2
2115 4647 1
2840 3768 1
509 1327 1
2735 3410 2
395 1201 1
1612 4841 1
743 1742 2
2664 4535 1
532 1697 2
1659 3921 2
2894 3090 1
741 3616 2
2301 4732 2
124 175 2
343 3169 1
1619 3325 1
964 2426 1
1049 4598 2
435 730 1
3785 5554 2
1643 5174 1
676 2902 1
2042 2717 2
2226 3628 1
1214 2029 1
2249 2370 2
3735 4036 2
1219 1621 1
1025 2893 2
2400 3706 1
3538 3960 1
620 5474 1
774 2558 1
950 1602 1
893 3436 1
2563 2936 2
511 2947 2
1468 2511 1
518 4408 2
752 2394 2
2225 3812 1
895 3307 1
497 3900 2
3338 3355 2
2355 3710 1
1337 4305 2
1575 2051 2
3102 4875 1
2375 3763 2
4453 5649 1
2437 2469 2
3029 4150 1
2566 5429 1
2259 5282 1
920 1223 2
703 2817 1
1130 1660 2
658 3910 2
1244 4371 2
2110 3468 1
2214 2869 2
479 3276 2
3272 3439 2
1940 4500 2
3 4982 1
227 4549 1
53 4311 1
676 3892 2
2358 5081 1
162 3161 1
880 5276 1
1726 2647 2
4019 4056 1
126 3223 2
932 2702 1
9 478 2
2318 4518 2
4540 4554 2
2585 5166 1
1634 4649 1
3187 5642 2
2017 5390 2
3867 3927 2
4105 5534 1
1546 2500 1
2703 4515 1
1513 4303 1
335 5165 2
2448 2806 1
1877 2571 1
553 5248 2
242 4212 2
2841 2912 2
4427 5228 1
3659 4451 2
1593 4619 2
3441 4289 1
2545 3222 1
524 3114 1
1876 4515 2
2651 3276 2
2085 3209 1
196 433 2
280 4417 2
3408 4772 2
1527 3268 1
1307 4409 1
2633 2638 1
4931 4959 2
2171 2728 1
1636 2702 1
4096 4181 1
59 1735 2
177 4641 1
656 5227 2
2541 4917 1
3731 4982 1
706 4148 1
362 5407 1
2090 4427 1
1524 5634 2
1254 5030 2
25 2059 2
2622 4639 1
2248 2903 2
398 1518 1
2404 4617 2
524 4112 1
2673 5442 2
1603 2584 2
308 4703 2
3227 4991 1
1802 2624 1
1658 2518 1
2919 5648 1
2235 3744 2
3088 3512 2
1629 2833 1
381 3348 1
1567 3635 1
3773 4930 2
575 4234 1
1487 4749 1
2053 3193 2
2932 5611 1
1487 3501 1
108 568 1
2068 4822 2
2652 3346 1
3767 5109 1
337 972 1
191 2797 2
1776 2538 2
1104 1972 1
1666 4035 2
4166 4927 1
2927 5092 1
3795 5134 2
351 2629 2
2730 4324 2
4540 4913 1
2465 4900 2
1587 3317 1
325 2994 1
1654 4712 2
1439 3401 1
272 4917 2
3069 4965 1
2653 5203 1
3670 3955 1
633 1259 1
505 694 1
2422 5521 2
1405 5169 1
3606 5597 1
2260 4917 1
4874 5387 2
1309 2852 2
1351 2901 1
232 3754 2
73 429 1
2247 3850 1
2894 3156 2
1748 3291 2
3640 5070 2
921 3168 1
1807 2634 2
2897 3833 1
5051 5052 1
1742 5460 2
3314 3464 2
3446 3906 1
4345 5458 2
1068 1883 2
212 2489 1
2241 4041 2
600 3088 1
3364 4202 1
3147 5343 2
2637 4746 2
1796 4438 2
3131 5472 1
2203 3936 1
2350 3741 2
4643 5557 2
3831 3926 2
1607 5244 1
432 2077 2
3389 5345 1
504 1637 1
3349 4380 1
3468 5039 2
2580 4187 1
376 2962 1
214 1100 1
1548 3441 1
3317 4945 1
211 3683 1
1978 2842 2
519 4481 2
2353 4653 2
2604 2667 1
2530 5031 1
3414 4607 1
960 1129 1
314 4518 2
487 4691 2
1508 1598 2
812 1205 2
3069 5639 2
1048 3683 2
1708 1772 1
944 3084 2
1837 3561 2
1580 3737 1
3239 4055 1
1177 2906 1
1708 2795 2
1927 4052 2
969 3763 2
3250 4278 2
4472 4854 2
3833 4537 2
1928 3559 2
854 4324 1
1051 3698 2
609 4233 2
560 1397 1
638 754 2
529 4641 1
1603 2135 2
3974 4636 2
2075 2194 2
5019 5224 1
1584 2217 2
4126 4818 1
1783 5653 2
2532 4124 1
4925 5254 1
290 1495 1
154 1689 1
3211 4414 2
2797 4390 2
578 5178 2
396 4921 2
1710 1722 2
288 353 1
2953 5480 1
1097 2128 1
5061 5405 1
1559 2086 2
624 2549 1
2253 2702 2
1754 3350 2
2490 2674 2
1512 2820 2
3648 5647 1
1252 3639 2
3773 5222 2
2521 5566 1
3810 4679 2
1283 1533 1
10 4230 2
2143 2879 2
944 1238 2
868 3017 2
2295 3484 2
680 918 2
94 3179 2
3265 4293 2
4103 5567 1
236 5419 2
3178 4634 1
1501 1992 2
2113 2204 1
2738 3097 2
3238 4440 1
278 1318 1
4577 4990 1
2000 5343 1
682 4667 2
5218 5558 1
938 3481 1
356 4377 2
3414 4609 2
4056 5552 1
1090 5322 1
1492 4674 1
888 5233 1
2415 2650 2
2360 4253 2
2057 3759 1
1232 5019 2
4115 5129 1
2841 4511 2
2525 4909 1
2400 3593 1
707 3577 2
721 2105 1
2282 3412 1
3949 4549 2
2554 2697 2
3965 5393 2
358 4989 1
1715 5134 1
836 3319 1
1493 3183 2
444 2938 1
919 1952 1
4 3705 1
24 2155 2
1618 5110 2
23 3580 2
2232 2668 2
3076 3918 1
184 3307 1
4062 5017 1
1000 2798 2
992 4145 2
284 4673 2
528 1479 1
497 907 1
262 3330 2
4246 4616 1
557 942 1
1958 3206 1
3010 5212 2
1161 1225 2
395 3960 1
225 4643 2
2570 4849 1
1742 5626 1
2919 4923 2
3007 5599 2
3025 4805 2
3285 4412 1
834 5644 1
1226 4152 1
1790 2797 2
1230 4191 2
2802 3630 2
3352 5076 1
4335 5131 1
1841 4159 1
1595 5157 2
2653 3990 1
1927 2940 1
5132 5280 1
2733 3256 1
1247 2464 1
1749 3738 2
323 4327 1
1455 4195 2
3888 5479 1
2490 3815 2
278 956 1
1852 5289 2
2242 2320 2
2419 5164 1
959 3689 2
1900 5304 2
792 5011 1
412 5001 2
1683 3544 2
1256 5382 2
2004 2320 2
320 1331 2
655 1079 1
1122 1616 1
1145 2166 2
3597 4291 1
2329 5194 2
149 5250 2
3655 4219 1
738 4216 1
254 335 1
2011 5641 2
799 1731 2
507 1596 2
2964 5600 1
2435 5376 2
3779 5107 1
719 2644 2
366 3598 2
1088 3764 1
4137 4272 2
453 1645 1
2779 5537 2
3072 3956 1
3121 4294 1
1253 1523 2
2682 2831 2
3614 4953 2
3976 5027 1
3069 4677 2
1854 3379 1
1471 1681 2
756 4023 1
2559 3557 1
2290 2424 1
4809 4961 2
863 1343 2
2429 2507 1
1574 1637 1
3318 4779 2
934 3835 2
2343 5654 2
3223 5262 2
3686 4730 2
3021 3668 1
1105 3384 2
2692 3370 2
3741 5196 2
1981 5364 2
3518 4765 1
4792 4870 2
52 2854 2
3289 5354 2
385 403 2
2521 3078 2
1134 1299 2
1131 3542 2
3600 4467 2
27 1114 1
3987 5252 2
2271 2598 1
2101 4790 1
3115 3204 2
128 3540 1
3332 4322 1
2585 4820 2
996 1819 1
2224 5334 2
3317 4068 1
160 5343 1
2889 3743 1
669 5585 1
872 3960 1
1890 3766 2
1390 3310 1
3856 4663 1
1295 2185 2
782 4920 1
2098 5633 1
4188 5096 1
1894 5217 1
1414 2420 1
116 4913 1
551 3774 1
3742 4365 1
2035 5642 2
1909 2369 2
1732 2838 1
582 1724 2
983 1268 1
221 3673 2
551 3645 2
1872 1930 1
1400 2558 2
2121 2563 1
2071 5331 1
3376 5266 2
2848 4399 1
3926 5271 1
3168 3601 1
3469 4199 2
1189 2884 2
1114 5417 2
1316 2159 1
2405 4283 2
1787 3866 2
307 2137 1
4100 4431 2
133 2121 1
4111 5188 1
4051 4692 2
943 3253 1
728 1476 2
773 4133 2
121 2703 2
1113 1585 1
491 2234 2
478 3463 1
1249 4776 2
4666 5329 1
338 2596 1
1189 4340 1
990 5531 2
1985 4536 2
2413 4210 1
1595 4046 2
2416 4085 1
2779 3044 2
1584 2923 2
755 1424 2
559 5383 1
3535 4300 2
808 1541 1
2401 3297 1
1958 4086 2
1597 2179 2
657 3702 2
593 2319 1
400 580 1
481 2044 1
167 4537 2
1740 2499 1
190 2723 2
3042 4078 2
2219 3180 1
958 4482 1
5227 5354 1
5425 5540 2
64 3381 1
190 627 1
2909 3689 1
499 782 1
1328 3924 1
2814 4922 1
1977 5222 1
519 2775 1
893 1739 1
2770 4314 2
367 3508 1
856 3915 1
3666 3924 1
4973 5106 1
1373 5163 2
2212 5087 1
3039 3388 1
1115 4699 2
2274 5234 2
2840 3203 1
283 3430 2
1648 2524 2
815 4866 2
2909 3627 2
114 2137 1
2121 4249 1
2926 4246 2
1936 5502 2
3177 4000 2
1061 5142 1
1516 2679 2
550 4863 2
2964 3557 2
1631 4649 2
1112 3023 2
4859 5086 1
590 4702 2
3460 3885 2
2699 4463 2
2535 4766 2
2717 4088 1
144 2517 2
788 5010 2
3755 4247 2
3514 4555 1
466 3362 2
709 2773 1
3631 5402 2
297 3467 2
178 1398 2
2467 4324 1
1172 3977 2
2908 5039 1
86 1484 2
352 1270 2
4229 4440 2
35 3800 2
534 643 1
467 1922 1
1598 3434 1
1578 5235 1
1394 1935 2
490 3620 2
3168 5610 1
2911 4552 1
630 1055 2
1063 4439 2
2709 4779 1
944 3624 2
2532 2703 1
70 4844 2
1982 3346 1
1158 1941 2
1665 3810 2
970 1237 1
3576 4212 2
4237 4282 2
2018 3976 1
2447 3038 2
1211 4899 2
3187 3321 1
1958 3172 1
3401 4401 1
1970 4630 1
2090 4156 2
136 3909 1
919 1747 2
365 2184 1
802 1647 1
106 2858 2
537 3357 1
2326 3665 2
1657 2304 1
1097 2427 1
216 2094 2
2274 5428 2
183 2672 2
1862 4746 1
1718 4265 2
2408 4473 1
2432 2674 2
3547 5444 2
5040 5139 2
3950 5229 2
3425 4637 2
4415 5189 1
1804 1866 2
2599 4993 1
3136 4469 2
378 3296 2
2420 2951 2
1027 1076 1
1003 2268 2
3913 5001 2
2261 4472 1
3409 4057 2
3522 3596 1
2032 5140 1
445 3861 2
565 3768 1
1102 4325 2
202 1703 1
2357 3794 2
1015 4468 2
2016 2433 1
1823 2731 1
1791 3261 2
235 2959 2
39 3570 1
23 3330 1
1788 3384 1
2263 4165 2
317 5258 2
1323 4603 1
4383 4819 1
1679 3664 2
216 2588 2
799 2446 2
4849 5008 2
1142 3917 1
2998 5234 1
2056 3815 1
2114 3148 1
1302 3563 2
388 1032 2
4018 4313 2
2923 4214 1
1574 2536 2
2943 5294 1
3994 4262 1
1862 4354 1
2409 4940 1
2457 4878 2
2180 5405 2
3334 4475 2
347 2598 2
3473 3544 1
1516 2464 2
1886 5252 2
4494 5455 1
3037 3597 2
1402 2886 2
3296 4231 2
1969 4807 2
4763 4808 1
1206 4054 2
273 2916 2
52 2101 1
4668 5202 1
1908 3442 2
899 3665 2
195 2472 1
5198 5436 2
1703 4600 2
2719 3752 1
3705 3878 1
526 2636 1
1066 3303 1
4090 4621 1
1113 2286 2
3802 5230 2
163 3661 2
367 5096 1
165 2684 1
3124 4550 1
3722 4913 1
2052 2171 1
628 2713 2
439 2864 2
4160 4524 1
1909 5082 1
1168 2905 1
1794 3127 1
2769 4971 2
1285 5326 1
3404 3779 1
3497 4430 2
1244 4664 1
2176 4883 2
1452 2603 1
1935 3090 1
329 1001 2
2137 3904 1
1507 4423 1
238 801 1
761 4068 2
1562 4212 2
2460 4015 2
49 383 2
2348 2371 2
2054 3188 1
1403 2487 2
1132 1949 2
23 4691 2
3599 4120 1
1442 5100 1
2767 5487 1
4338 4899 1
1444 4259 2
866 1769 2
1593 2119 2
2209 3628 2
1017 2461 1
391 5237 2
1690 3420 2
4054 4719 1
1763 5450 1
1089 3733 2
41 3842 1
1673 5031 2
2594 3988 1
3544 4201 2
1879 4839 2
3754 4153 2
2838 5663 2
3713 3911 2
2191 2984 2
3111 4346 2
1335 4727 2
772 1820 2
1213 3956 1
1148 2570 1
2117 2798 2
1082 2225 2
2299 4160 1
1581 3645 2
1869 5329 2
1129 5078 2
4023 4191 2
3780 5285 2
1682 3759 1
2560 4180 1
3107 5264 1
2201 5493 2
21 2243 1
3222 5460 1
553 2456 2
2414 5500 1
3810 3837 1
2547 4267 1
1775 3832 2
5206 5483 1
1671 3307 2
1062 4290 1
141 4732 2
4051 4213 2
2501 5349 2
2388 4222 2
644 4529 1
4485 4842 1
8 2497 2
1110 3332 1
4277 5360 1
3645 3872 1
1499 3521 2
1829 3069 2
1151 5008 1
2134 5605 2
734 3496 1
1824 2163 2
1286 1492 2
2869 3467 2
1166 5310 1
261 2219 1
123 3963 1
4576 4714 2
4051 5407 2
805 3167 1
434 2661 1
3993 4098 2
2684 2742 2
2846 4702 1
327 5000 1
2168 2210 2
2582 3459 1
2322 4785 1
1024 2726 1
4359 4380 1
279 3329 2
1616 5651 1
359 2810 2
2205 2605 1
750 1994 2
212 4968 2
2179 2492 2
898 1658 1
842 3699 2
798 1557 1
3026 5464 2
2461 3116 1
3298 3890 1
759 2368 2
2048 5127 2
4132 4454 1
256 3313 2
3871 4184 2
2211 2934 2
1038 3856 2
3140 3989 1
2311 4385 1
1247 2749 1
63 2554 1
2373 2487 1
2053 5441 1
3583 4777 2
692 1161 1
2514 4449 2
328 2021 2
3562 4552 2
25 2284 2
3431 5583 1
1199 1980 2
4592 4685 1
1043 4031 2
192 2084 1
3235 5357 1
1165 3127 2
2508 3519 1
328 2695 2
2935 3851 1
4044 4888 2
3489 4245 2
3304 3332 2
1627 5094 2
1347 3582 1
2022 2870 2
284 5474 2
114 1032 1
1804 3793 2
163 3596 1
1037 3169 1
4589 5201 2
1448 4644 2
3655 5547 1
1692 2099 1
3734 5169 2
2853 5655 2
3228 4360 1
2548 4891 2
3679 4252 2
2591 5447 2
1470 2952 1
1188 1302 2
4122 5642 1
479 1561 2
210 809 1
350 5541 2
3715 3825 2
1223 2177 1
2436 2886 2
2545 2900 1
1706 4773 2
1915 4047 1
449 1120 1
976 2137 1
886 3562 2
2751 4425 1
1370 2371 2
594 5605 2
2113 4460 1
3880 4836 2
3642 4377 2
1609 2222 1
3106 3619 1
151 2517 2
1477 3627 2
151 350 1
2343 2694 2
485 5263 2
772 5567 1
1373 5548 2
2727 5058 1
14 1002 1
277 4308 1
70 1951 1
2734 4867 2
1238 2000 2
1510 5181 1
1356 3637 1
3960 4044 2
2210 2794 1
5393 5590 1
2832 3743 2
670 3419 1
695 5344 2
2292 2898 1
2607 5647 2
2055 5212 1
2 941 1
1004 2316 1
2126 2723 1
465 2504 2
2824 4124 2
2887 4806 1
4820 5455 2
4258 5382 1
1302 2538 1
1463 3094 1
2529 3898 1
180 1408 1
623 4922 2
92 942 2
2095 5144 2
343 1118 2
3857 3865 2
3214 3395 1
2171 3684 1
2101 2800 2
208 939 1
1415 4924 1
3168 5266 2
1541 3503 1
193 4140 2
3965 4892 2
2037 2765 2
1289 4571 1
75 2223 1
328 4082 1
3408 5004 1
1195 4612 1
1254 3353 1
1752 3154 1
356 4245 1
4850 5583 2
1186 4638 1
519 4099 2
3941 5375 2
2987 5545 1
1444 1776 1
3521 4924 1
4915 5174 2
314 3791 1
809 1037 1
2234 3496 2
2186 4739 2
3166 3445 2
453 5337 1
3389 4478 1
1180 5273 1
2988 4810 2
1697 3594 1
3181 4867 1
1539 2668 1
2585 3004 1
1998 3285 2
1888 2880 2
1082 5478 2
284 1840 2
650 5297 1
3584 3928 2
3416 3971 1
557 4505 2
246 4594 1
2322 2819 2
1263 2541 2
4808 4984 1
4599 5418 2
325 778 1
3489 4552 2
1862 2045 2
2720 2859 1
1289 3566 2
3613 4434 2
2585 5310 2
1726 1899 1
3987 4552 1
2617 4272 1
2020 2776 2
1395 1562 2
933 2094 1
157 986 2
316 530 2
211 882 2
592 846 1
1058 1681 2
21 4381 1
2562 2779 2
2189 4073 2
313 4581 1
548 5201 2
1307 2789 1
3022 4593 2
3349 4831 1
3447 4501 1
894 1196 1
1209 2429 1
943 2245 1
516 1397 1
1122 1589 1
2673 2930 2
1295 1353 1
2690 3524 2
2422 2435 1
818 3647 1
1914 3682 1
4351 5010 2
830 5570 2
3718 4991 2
2175 3132 1
1393 5064 1
4487 5463 1
3718 4948 2
474 2984 1
4622 4760 2
1607 2468 2
630 1144 1
4662 5254 2
732 1032 1
12 5541 2
525 2577 2
3592 5464 2
1736 2542 2
449 916 1
3600 4680 1
2808 3951 2
871 5025 1
2701 3331 1
3340 3496 2
922 3001 2
601 5164 1
3655 4185 2
2495 5613 1
1847 4378 2
548 2526 1
1444 2780 1
1964 2511 2
3858 5174 2
1655 4353 1
3046 3157 2
634 1585 2
3714 5370 1
2713 2729 2
71 3239 2
2355 2973 2
1081 1811 1
1661 3418 2
3883 4266 1
3291 3936 1
908 2257 2
2226 2498 1
2703 5452 2
2633 3083 2
355 4466 1
1525 2401 2
587 2853 1
2036 2101 2
1314 3207 1
22 2749 1
1662 2511 1
2174 3716 1
2138 4924 2
826 908 2
671 3139 2
1495 3943 2
4184 4752 2
411 2298 2
1370 3491 2
135 3109 2
1209 3826 2
2007 3276 2
698 2604 1
1538 3487 2
3149 4167 1
185 936 2
20 989 2
1716 5644 1
1052 4652 1
3163 3463 2
2809 3678 1
2121 3543 1
129 4891 1
2225 2884 2
2433 4488 2
4787 5015 1
687 5506 1
3101 5163 2
831 4349 2
113 1516 2
1633 3040 2
1046 2492 1
2705 3811 2
219 369 1
1673 2340 2
1049 1775 2
4436 4776 2
1975 3567 1
2729 4463 2
3058 3219 1
1167 2182 2
58 5215 2
3640 4191 1
1207 4430 2
2483 5401 2
88 2631 2
3277 4519 1
2036 3947 2
1516 5494 1
1998 3665 1
3610 5022 1
353 3300 1
2945 2967 2
4431 5606 1
95 1300 1
42 3273 2
2531 5622 2
3397 5084 2
1329 3609 2
4568 4814 2
126 1135 2
1589 4841 1
1701 4748 1
1860 4235 1
91 803 2
1532 5427 1
1996 2320 1
1256 5435 1
1846 2178 2
828 5361 2
785 3971 1
3394 4481 2
1258 2428 1
2535 4161 2
3053 5110 1
2981 3643 1
3696 5515 1
49 2065 2
271 2167 1
2040 5038 1
3925 5414 2
3543 3831 1
854 1646 2
3092 4542 2
849 1565 1
3557 4364 1
1604 2896 1
2679 3270 2
2535 2856 2
1027 1801 2
2357 2938 2
131 3509 1
26 670 2
3316 4922 2
1362 5669 1
2071 2952 1
1031 3521 2
3505 3983 1
1263 4112 2
1467 1904 2
769 1974 1
2289 2650 1
2032 2557 1
292 2962 2
1007 3021 1
1506 2613 1
2417 3654 1
2386 4012 1
3804 3898 1
2700 4060 2
3700 4510 1
2155 4355 1
1738 4878 2
1922 2423 1
2344 3458 1
2457 4766 1
3117 4451 2
2050 2318 1
194 942 2
4317 5058 2
844 4979 2
3515 4145 2
3233 4289 2
772 5295 2
2602 2802 2
2804 5204 2
1371 4605 2
1768 2386 1
3963 4178 1
2582 5232 1
95 2446 2
2329 2410 1
3479 4870 1
1447 2804 2
570 4547 1
91 5623 1
4688 5259 1
4426 4714 2
3024 4116 1
2381 5573 1
281 824 1
140 4097 2
2607 3407 2
1729 5061 2
96 1612 1
2062 3847 2
201 5066 1
2597 4084 2
1990 2432 2
341 3324 2
3869 4394 1
693 2764 2
4388 4597 2
1314 4186 2
670 998 1
780 5593 1
1343 1952 1
2917 5496 1
2374 4090 1
2728 3886 2
497 1639 1
1581 4866 2
1297 2341 2
2789 3971 2
3158 4164 2
1119 3446 1
1052 4154 1
3675 4546 2
3141 4200 1
540 1768 1
1776 2357 2
3825 5327 1
1128 4801 1
37 253 2
179 5366 1
1255 4611 2
376 665 1
58 4807 1
3165 4530 1
1124 3895 1
600 3029 2
2493 3652 1
1700 2463 1
299 4708 1
1410 3976 1
4972 5211 2
3787 4714 1
3937 4702 2
498 1786 1
1444 3559 2
300 3658 1
946 2412 2
1265 4595 2
414 1404 2
1562 5276 2
2558 2697 2
213 821 2
3264 4095 1
1217 2389 1
4990 5516 1
3446 3647 2
2496 3081 2
4720 5162 2
4076 4191 1
579 3910 1
3294 3516 1
16 1846 2
1326 2138 2
2273 5532 2
1040 1612 1
1172 2144 2
1549 4653 1
1777 3795 2
3747 4451 1
1893 5476 2
3282 5420 1
2734 2809 1
1336 2605 1
4455 5098 2
5063 5378 1
4064 4795 2
702 1944 2
79 4374 2
998 3694 1
999 2198 1
3707 5443 1
3917 5034 1
1182 1627 1
2339 3549 1
189 3741 1
269 487 2
2238 5495 2
2521 4243 2
137 4735 2
2448 3690 1
694 1484 2
540 1057 1
732 3907 2
570 3170 2
2664 2726 1
1431 2156 2
1373 1740 2
1406 4766 1
1613 2908 1
770 4019 2
2851 3835 2
1020 5561 1
1349 1928 2
342 4373 1
1602 4376 2
1920 3815 1
409 3132 1
2210 3202 2
3028 4907 1
1018 3969 2
3766 4425 1
2347 5099 1
1870 3833 1
1216 4083 2
2156 5374 1
1752 2331 1
3093 5638 2
616 3280 1
2287 2720 2
275 2218 2
2419 3668 2
1949 5355 1
412 2966 2
500 4001 1
2396 3537 2
3017 4796 1
1039 5617 1
1097 4639 2
1394 1571 2
4517 4798 1
2819 4566 2
620 3297 1
3551 4243 1
614 1109 2
1657 2196 1
1305 5523 2
2256 5381 1
3371 3877 2
1295 2174 1
4272 4580 1
1933 3327 2
660 4310 2
3994 4110 1
3062 5424 2
4519 5066 1
1852 4999 2
1374 4571 1
1755 4236 2
1003 5405 2
582 625 2
432 4924 1
39 2779 1
906 3352 1
352 5198 2
2388 4134 1
3760 4489 1
3265 3733 1
5002 5596 1
1462 2465 2
3297 4203 1
3148 5099 1
208 5471 1
2037 4259 1
856 3880 2
235 3429 2
740 2511 1
3487 5475 1
1455 2839 2
42 688 1
1256 3984 2
2994 3121 1
782 3603 2
2451 2887 2
1997 2256 2
2806 4571 1
1610 2570 1
2608 3312 2
1613 3904 2
592 2098 1
1328 2908 2
964 3800 1
2983 5433 1
680 4064 1
721 2796 1
837 5394 2
1231 3599 1
3850 4192 2
1112 4106 1
1728 4137 2
674 3273 1
569 754 2
3931 4935 1
4348 5365 1
2639 3016 1
199 1814 1
4255 5274 1
230 3694 1
1466 2349 1
553 3847 2
1827 2030 1
328 5563 1
389 4183 2
242 3115 1
1746 4325 1
529 2388 1
946 4122 1
2139 3493 1
3315 5345 2
451 1975 2
2940 4544 1
119 2133 2
5245 5513 2
1367 2543 2
1576 3611 1
462 1015 1
4440 5282 2
790 4708 1
2579 3910 1
1937 2854 1
445 2359 2
510 1089 2
1555 4581 2
1242 1572 2
3524 4307 1
231 851 2
1217 1286 2
1997 4489 1
2830 3737 1
4649 5180 2
1412 1449 1
3688 4899 2
935 2988 2
2534 3258 1
764 4113 1
3627 5409 1
1619 2249 1
2534 3952 1
2120 4228 2
106 4729 1
2126 4159 1
402 3033 1
1092 2653 2
1058 4730 2
218 3778 2
602 3835 2
1623 3459 2
344 2219 1
1233 4965 1
766 3422 2
1086 4873 1
2082 3408 1
2185 2861 2
3451 4242 1
3239 3612 2
2924 4191 1
1522 4432 1
1098 1303 1
1397 3610 1
280 1648 2
2747 3876 2
387 730 2
1766 2940 2
4245 5272 1
2772 4373 2
2220 4037 2
2147 3527 2
3357 4462 1
935 1135 1
1463 5297 1
5223 5428 1
3235 3571 1
2146 3011 2
276 1575 1
1875 3362 1
460 1271 1
1334 1797 2
1739 2492 1
2031 2380 1
1606 2476 1
3078 4732 2
3392 4003 2
2279 3879 1
325 701 2
3725 3924 1
449 4215 1
1224 2601 2
4080 4975 2
1884 5346 1
1586 4266 1
522 1812 1
884 4774 1
55 735 2
2514 3332 1
2354 3589 1
1884 4489 1
4349 4727 1
1089 5579 2
4022 4149 2
6 1226 2
3345 4623 1
3464 5293 2
1450 5010 2
841 1032 2
585 3210 1
813 894 1
4383 5124 1
1698 3076 2
934 1755 2
1924 2223 2
1876 3850 2
715 1937 2
2082 3240 2
2998 3861 2
2570 3453 2
2562 3493 2
2 3637 1
2025 4244 1
1021 1813 2
4570 5661 2
3149 3480 1
1438 5138 1
1554 3971 1
4324 4677 2
1567 1777 1
2886 3627 1
2678 2869 2
2465 2641 1
1432 4346 2
481 1980 2
196 4416 2
244 1746 1
4689 5049 1
1524 1930 1
1407 2852 1
989 3157 1
4673 4709 2
1255 1275 1
3285 5036 2
3898 4822 1
3417 4249 2
3850 5525 2
1654 2768 1
2574 5315 2
2953 3370 1
83 382 2
4452 4909 1
4638 5281 2
273 2605 2
4076 5661 2
3585 4021 2
3672 5242 2
4849 5431 1
1629 2988 1
1571 4309 2
638 3740 1
88 2437 1
2854 2857 1
790 896 1
2468 3382 2
1535 2938 1
721 1408 1
2056 3324 2
3318 4826 2
1931 4908 2
1341 5570 2
3327 3362 2
79 4826 1
1878 5053 1
1836 4291 1
1176 5297 1
1277 2081 1
4770 4964 2
1736 4222 1
130 1313 1
2119 3904 2
85 4996 2
2005 2819 1
737 3360 1
82 5469 2
2434 5131 2
3416 4930 2
2112 5126 1
105 4367 1
326 1816 2
5056 5530 2
1300 5308 1
1194 4294 1
4608 5154 2
630 3264 2
1757 3242 1
298 2626 2
1443 5092 2
2547 5180 1
2229 3308 1
5 5009 1
1646 1886 1
2957 4361 1
1598 4027 2
85 4607 2
2853 2908 2
905 1975 2
4326 5553 2
4389 4909 2
2152 5151 2
1584 2192 2
3084 3943 1
283 420 1
1033 4057 1
1864 2392 2
939 1026 1
1503 4414 2
4458 4492 1
1750 2947 2
3002 4026 1
2794 3423 2
3517 5337 2
1291 5247 2
2241 2763 2
4105 4774 2
829 1454 2
1131 1543 2
326 1632 2
369 2024 1
3560 4612 1
1371 4651 1
1370 4331 1
4112 4497 1
25 4562 2
4384 5279 2
331 5632 1
3840 4482 2
1967 3761 2
4578 5483 1
3188 3468 1
1118 1645 2
1972 2986 1
297 2793 2
22 309 1
4649 5296 2
4017 5090 2
4074 4087 1
1425 1691 1
233 1491 1
1149 2743 2
713 4889 1
1395 4414 2
2625 4931 2
3475 5559 2
3642 4812 1
1953 3211 2
1993 3850 2
1550 2877 2
1396 3989 1
2609 5342 1
1889 5237 1
1928 2242 2
2689 2998 2
2571 5605 2
3656 4036 2
2380 5298 2
3647 5107 1
1686 3203 2
2584 5295 2
2137 4248 1
398 4092 2
1194 4348 2
4390 4657 2
196 3729 1
1909 3974 1
98 1910 1
4472 5535 1
3072 3366 2
4687 5282 1
4737 4781 2
2684 2960 2
683 1537 1
1825 2694 1
1093 3691 2
790 3445 1
3244 4291 1
259 4750 1
2276 3121 1
1050 4165 2
1027 5309 2
282 1040 2
3827 4706 1
1482 5651 1
3479 3910 1
2597 3181 2
581 1988 2
195 3266 2
1514 3120 1
806 4054 2
938 5444 1
1214 1561 2
2570 3413 2
2610 4953 2
2015 4297 2
2288 2479 2
4837 5525 1
312 2964 2
2841 4466 2
3450 3820 1
1978 3856 1
404 3867 1
956 1197 2
369 4539 2
655 4203 1
1156 2388 1
3751 5030 2
883 2309 1
1700 1783 1
2221 3317 1
47 2479 1
15 3643 2
2636 2937 2
2676 3430 1
2143 5253 1
2728 4065 2
2276 2501 1
511 893 1
5454 5555 1
321 4243 2
4818 5645 1
482 3349 1
3965 5235 2
710 5519 2
2342 3993 2
2707 4995 1
3322 3376 1
642 3501 2
3691 3879 1
110 3760 2
1247 2509 2
2272 3081 1
2860 2913 2
1289 4340 1
600 4704 2
1113 1933 2
1914 3725 1
2897 5523 2
2398 3102 2
130 4173 2
335 4215 2
3082 4181 1
1046 3546 1
2327 2961 1
1395 5044 2
4315 5666 2
2629 3550 2
270 3149 2
583 4517 2
3996 5582 1
657 1344 2
1896 5586 2
740 2748 2
1275 5610 2
1712 2668 2
40 309 1
2296 4283 1
3953 5051 2
943 2683 1
2259 5157 1
2163 3610 2
226 2687 1
766 5100 2
440 4235 1
2789 3017 1
432 4731 2
830 2626 2
796 4452 1
3112 3265 1
3996 5613 2
2232 2847 1
3219 3389 1
778 4990 2
106 177 1
4033 5396 2
2075 5644 1
1925 2409 2
2286 3312 1
428 4054 2
558 3030 1
1254 3788 1
2826 4031 1
1800 5049 2
373 3749 1
914 4363 2
1940 2439 1
1061 4460 2
1660 3874 1
2913 4696 1
1573 3689 2
1467 1846 1
509 2833 1
1567 4039 2
3690 5581 1
1252 1486 1
2615 4696 1
483 1762 1
2131 2985 2
1349 5359 1
933 3721 2
1132 1345 1
882 900 2
1550 2159 1
2901 3611 1
3422 4798 1
2345 3103 2
3311 4406 2
223 2526 2
5281 5516 2
3188 4884 1
1169 5596 2
2929 5126 1
2056 3475 1
348 4504 1
2024 4256 2
4389 4532 1
1381 3190 1
615 4217 1
3626 4101 2
2175 4597 1
1337 1884 1
1836 2179 1
193 1574 1
2400 2612 2
2605 3675 2
243 645 1
257 2601 2
856 1753 2
4496 4985 2
2908 3493 2
3342 4689 2
2926 4480 2
1966 4205 2
1000 2451 1
1352 2338 1
500 3505 2
959 5620 2
3956 4183 1
3270 3752 1
4115 5010 1
599 4513 2
3632 4194 1
119 2738 2
2318 2527 1
183 2712 2
317 3431 1
3258 3502 2
103 803 2
2263 2748 1
1372 3848 1
3916 4000 2
4097 5556 1
2429 4790 1
3859 4993 2
3069 3708 2
3859 5189 1
382 775 2
589 1508 2
470 5275 2
2458 3720 2
4247 4706 2
966 5579 1
1928 3338 1
1367 3050 2
68 3033 1
2469 4030 1
1382 3898 2
2602 2683 2
1257 4177 2
4527 5444 2
1509 3196 2
125 4955 2
643 4855 1
3023 5321 1
2714 3681 2
733 3093 1
1198 4108 2
734 4716 1
1350 3068 1
3355 4693 1
435 2708 2
308 1437 2
221 2544 1
3240 5036 1
2149 3979 2
2082 2818 2
1015 3572 1
2714 3540 2
944 4593 1
626 3064 1
1893 2557 2
2214 3607 1
4419 5292 1
2057 2176 1
1597 3948 2
1537 3170 2
2069 3756 2
2633 4391 1
1467 2725 1
317 3378 1
15 2262 1
2375 4992 2
3804 5416 1
5106 5206 1
694 1524 2
4390 4767 2
336 844 1
2130 4428 1
932 4746 1
4842 5566 2
2894 3153 2
702 775 2
1593 3272 2
139 2284 2
3863 3908 1
557 1707 2
2869 4294 2
2425 3121 1
1918 2642 2
531 3076 2
3577 5110 1
2047 2488 1
807 4929 1
1089 3181 2
3892 4145 1
2733 4055 1
3542 4735 2
1982 3143 2
2288 3008 2
2795 3227 1
3849 4076 1
758 1200 2
771 2496 2
679 3459 2
1708 2716 1
4183 4241 1
4326 5071 1
2541 3997 1
2843 4001 2
439 5166 2
4285 5048 1
441 4030 2
1309 4301 2
1262 1939 1
2794 4256 2
347 5307 2
4443 5404 1
3927 4169 2
2053 3283 2
687 3095 2
859 1814 2
3199 3491 1
2755 3294 1
1030 2261 2
2689 4714 1
266 663 2
2115 3591 1
3045 3199 1
975 4184 1
3860 4868 2
2780 4703 1
497 1976 2
1391 3528 2
836 1133 2
520 2528 1
3127 4621 2
3244 4017 1
1310 4240 2
466 3327 1
1166 2295 2
1665 4605 2
409 5560 1
502 2658 1
2184 5109 1
2659 4953 2
1266 2286 1
1287 2612 2
1471 1925 2
254 1889 2
1299 3617 1
2658 5534 2
208 2396 2
843 4036 1
274 3661 1
705 2273 1
429 592 2
3998 4943 1
1512 4885 2
3432 4059 2
1511 3695 2
3980 4537 2
3425 4218 1
4570 4767 1
665 2081 1
519 2481 1
626 1666 1
2636 4225 2
334 1196 1
759 3648 2
327 1681 2
1143 3702 2
722 851 2
394 1333 2
4355 5655 2
3024 5543 1
885 4788 1
2995 4035 1
4215 4265 2
515 2191 2
3164 4418 1
1595 5561 1
2388 4589 2
4856 4965 2
309 1315 1
149 976 2
421 3945 1
1749 4147 1
989 2014 2
1253 4046 2
105 2669 1
1373 4711 2
2842 3910 1
3470 4412 2
2348 4774 2
1440 2444 2
2156 2681 2
136 892 2
1751 4705 1
1460 3793 1
3851 3876 1
729 4240 1
2042 2836 2
2556 2840 2
2173 2624 1
3633 5557 2
122 3373 1
3225 3878 2
496 4640 1
768 3502 2
731 1624 2
255 3413 2
1060 3147 2
4520 4997 1
2852 2857 2
3778 4785 2
486 1128 2
4348 4683 1
629 2402 1
3369 4531 1
59 1099 1
854 5534 1
758 851 2
2829 3071 2
912 3430 1
4742 4806 2
728 5187 1
2030 2133 2
2871 3104 2
355 3620 2
679 3206 2
3036 3248 2
416 3291 1
3099 3506 1
3861 5213 1
314 4714 1
4540 4835 2
5474 5597 2
1860 4882 1
1215 4772 2
2146 3186 2
1893 2151 1
49 1432 2
2515 5533 2
645 2331 1
4124 5252 1
1888 3092 2
2636 3803 1
766 1123 1
1805 4484 1
4543 5363 2
38 3119 1
1526 4610 1
265 1549 1
4757 5117 2
1249 5626 2
3414 4259 2
2844 3023 1
2580 4466 2
434 4339 1
1074 4033 1
806 2626 1
852 3189 2
875 1198 2
349 2222 2
2669 3498 1
56 1828 1
2717 4288 1
1182 5171 2
2286 4381 1
364 437 2
5390 5627 2
2455 3368 1
2232 3606 1
4018 4167 2
930 2860 1
35 2137 1
1529 3991 2
2861 5644 1
23 3337 1
951 4464 1
1583 1659 1
1008 2976 2
1538 5543 2
1748 4639 1
5571 5651 1
27 356 2
5 1161 2
700 1610 2
1778 3617 2
940 5535 1
1682 4128 1
339 4495 2
2414 4215 2
2441 3703 2
1673 3759 1
1243 4068 2
3688 4863 1
2600 4913 2
1243 2392 1
1197 1815 1
2400 3414 1
2550 5633 2
2995 4068 2
2258 4947 2
3463 3630 1
19 20 1
114 2463 2
3626 5086 2
999 1850 2
1514 2581 2
2305 3107 1
2219 3324 1
3715 3787 2
3139 5633 1
184 1398 1
123 2049 2
1283 1832 2
1057 1436 1
385 3727 2
3431 4316 1
1227 3318 2
232 4767 1
2768 3857 1
186 445 2
4993 5475 2
259 2093 1
2486 3143 2
2743 4986 2
2638 5123 2
238 694 1
767 3411 1
1933 3245 2
495 2536 1
2391 2828 1
2646 4519 2
2258 3311 1
433 1519 2
3021 3153 1
4242 4757 1
1812 4816 1
341 3873 2
808 2524 2
1389 3283 2
2505 4930 1
636 2006 1
830 3383 2
578 3068 2
902 2733 2
1424 3640 2
4452 5011 1
2317 3388 2
563 1090 1
297 3057 2
1199 2068 2
832 1139 1
1772 5612 1
115 959 2
1747 3674 1
299 989 2
3864 4725 2
1778 2820 2
1631 3174 2
3350 3587 2
4159 5586 2
34 1528 2
2211 4315 2
3803 5300 1
1657 2737 1
2333 4102 1
434 1500 2
1368 5354 1
2990 3976 1
3190 3493 1
1073 2064 2
1653 3969 2
3806 4077 2
758 4685 1
2922 2998 1
1586 4579 2
229 2353 1
557 2912 2
3082 5658 2
664 3254 1
793 4922 2
2618 4792 2
1546 2166 2
1983 4619 2
2712 3047 2
716 812 1
699 3337 2
2198 2482 1
4971 5338 1
564 1674 2
3813 5069 1
3985 4246 1
3372 4358 1
43 635 1
2661 5661 2
1 392 1
3807 4387 1
836 2840 1
4105 4449 1
2384 3948 2
989 2564 2
4990 5266 2
2488 4146 1
2175 4160 2
914 1994 2
449 4342 1
2243 2633 2
702 3758 1
1971 2466 2
1142 2409 2
964 2417 2
1333 4745 1
3126 4275 1
2656 5574 1
1080 2429 2
295 3964 1
3832 4585 2
3582 4112 1
849 2205 1
3772 5314 1
1487 5450 2
1233 5559 2
256 3753 2
1322 5370 2
1664 2225 1
3566 4124 1
3177 4058 1
3087 3153 1
3153 3170 2
719 3633 1
3017 3733 2
1379 4273 2
2743 3710 1
2670 3303 2
1115 1735 1
1615 5581 1
4564 4627 2
2317 2895 1
1779 3283 2
2709 2870 1
2400 4540 1
4289 4755 2
705 3753 2
3058 4936 1
553 4188 1
653 2230 2
309 5048 2
93 4263 2
1255 2069 1
1319 1974 1
2320 5553 2
131 3053 2
939 4639 2
2259 3746 2
131 5362 2
2479 3399 1
1169 2289 1
2527 2658 2
2283 2575 1
522 3872 2
112 4132 2
3719 4526 2
3513 3857 2
4021 4657 1
2667 3356 1
472 3783 2
3535 4907 2
1145 2284 2
891 1382 1
1803 3520 2
1414 5157 1
799 4934 2
140 3741 2
2033 3278 1
1938 5194 2
2718 3824 2
2027 4306 1
634 832 2
1193 4939 1
2048 2742 1
223 3185 2
1091 1678 2
554 5495 1
854 5456 2
3705 5124 1
3377 4866 2
1163 5213 1
582 1674 2
4283 4685 2
2101 2441 1
205 5479 2
1210 1488 2
1517 3329 1
4010 4098 1
3752 5338 1
1930 4034 1
1577 3536 2
2275 3040 1
3616 4102 2
659 5181 2
3593 4350 1
2736 2819 1
495 3747 1
3033 4279 2
3392 5072 1
2912 3595 2
91 1904 2
79 2202 2
1530 3962 1
1736 5308 2
1581 5412 2
1901 3308 1
4889 5282 2
1946 2056 1
737 1258 1
1116 2614 2
2524 5217 1
2384 5424 1
1911 4557 1
2035 2662 1
2534 5132 1
1846 2589 2
425 4228 1
1007 2825 2
1375 3076 1
448 3601 2
1129 3636 1
318 2760 2
2562 5052 2
2149 3234 2
3764 4429 2
1685 3869 1
3445 4918 1
1601 3935 1
655 4132 1
2098 2825 1
1995 4590 1
112 1947 2
1233 1616 1
4686 4735 2
322 5091 1
3435 3929 1
2107 4907 2
1238 2601 1
2344 3060 1
1096 4905 1
1155 2002 2
1266 2504 2
2482 2691 2
1277 5203 1
3056 4306 1
2333 4484 1
215 4748 1
958 3027 1
2645 4004 2
3513 4855 1
4427 4962 2
1420 1558 2
1133 1735 1
2505 4154 1
1767 2291 2
1068 3247 2
535 3434 1
1916 4188 2
2000 5597 2
145 2019 1
1883 5288 1
3292 4905 2
3762 5458 2
3508 4186 2
735 1063 2
1970 2271 1
1560 3221 2
1247 1395 2
304 396 1
398 3994 1
1053 4339 1
1625 2856 1
1591 4462 2
3249 3852 1
3191 4450 2
2731 3070 1
746 2158 2
164 2573 2
1404 1484 2
1265 4668 1
55 5577 1
3287 4689 2
2180 4100 2
2277 4299 2
3744 4799 1
2730 4114 2
4 2460 2
1403 1692 1
1733 5521 1
282 4331 1
2569 3194 2
514 4971 2
1249 4540 2
1668 3488 1
3669 3968 1
2494 2513 2
3567 4359 1
1653 4048 2
1164 2839 1
2365 3756 1
316 2277 1
286 2643 2
2576 2884 1
2743 5441 2
4818 5414 2
2025 2095 1
1454 4918 1
2514 3436 2
1882 3162 2
2965 5428 1
412 4212 2
2643 3907 1
4377 5550 1
1194 3606 2
1537 3356 2
1223 3849 1
1109 4251 1
3565 3856 2
682 4969 2
2865 3461 2
2969 3212 2
1156 3784 2
271 4428 2
3285 3768 1
2380 3844 2
1284 5032 1
265 2161 1
791 1660 2
2125 4001 2
4238 4421 2
268 3009 1
160 4353 1
4400 4993 2
3843 5314 2
2367 3465 2
1934 3619 1
2152 4095 1
412 3575 1
2618 4280 2
2127 4173 2
930 1976 1
2843 4052 2
3678 4487 2
90 4389 2
1588 4695 2
476 2944 1
428 1780 1
65 2903 2
1803 3280 2
660 686 2
1793 3788 2
4212 4751 2
4604 4881 2
823 4957 1
4259 5634 1
654 4569 1
3926 5563 1
2992 3388 1
258 2553 1
903 4967 2
1488 1765 2
3170 3380 1
1983 5153 2
3868 4343 2
434 2142 2
4255 4434 1
4636 5066 1
1201 5143 1
1749 4187 1
691 3650 1
2848 2976 2
3316 4043 1
3066 3835 2
2107 5481 2
25 5598 1
4055 5531 1
865 5602 1
589 1297 2
2584 3867 2
408 4241 2
4148 5091 2
2506 3496 2
724 876 1
843 5004 2
658 5594 1
2036 2369 2
1947 3935 1
3026 3362 1
1223 5136 2
324 3845 1
1114 4795 1
637 730 1
1618 3715 1
3749 4642 2
3428 5139 1
3015 3731 1
310 2162 1
745 5144 1
302 4113 1
3652 5079 2
2246 5469 2
752 3824 1
3036 3416 2
2879 5265 1
1589 2336 1
152 5657 1
1496 4538 1
3224 4352 2
3455 4814 1
961 5391 1
1377 2836 1
1511 5272 2
3862 5248 1
4001 4318 2
2238 5125 1
1954 3574 1
1203 4960 2
540 4283 1
1033 1810 1
1940 4110 1
4205 4680 1
1545 4507 1
1783 3104 1
3829 5116 2
1046 2683 1
548 4900 1
665 2857 1
248 4920 2
3279 3304 1
2876 4005 2
830 1443 2
101 5003 1
667 2274 2
4104 4224 2
1826 3262 2
672 4392 2
922 1239 2
2321 5175 1
3326 4801 1
1474 5235 1
622 2355 1
1743 2109 2
3562 4847 1
1731 2259 2
4904 5446 2
4730 5518 2
547 4371 1
1313 5597 1
487 1261 2
80 1373 2
1128 2141 1
945 5566 2
5004 5036 1
2050 3457 2
1524 3202 1
4018 4100 2
2488 4858 2
85 1314 2
1665 3209 2
3645 4768 1
257 5090 1
814 2273 2
2131 3271 2
2545 3446 1
2319 3179 1
2359 2868 2
1389 4600 1
4330 4471 1
1785 2187 2
5298 5503 1
2967 4405 2
181 2928 1
1986 5600 1
568 2793 1
2508 2827 1
3523 4817 1
2636 5049 2
4354 4781 2
1041 4087 2
4388 5640 1
2923 3893 1
3319 4158 1
1570 5378 2
3240 4781 1
1645 5421 2
3271 4028 1
148 643 1
2432 3515 2
3127 5371 1
1593 3811 1
140 3721 1
3118 4909 2
3940 4617 2
2317 4309 1
279 1606 2
930 1247 1
2267 3496 2
2662 3488 2
3523 4132 1
1549 1960 1
284 2445 1
742 1064 1
147 2059 2
2224 3138 2
127 1620 1
899 2682 2
1635 4728 1
3686 5427 2
137 5650 1
395 4932 1
2523 3545 1
317 3703 1
1705 4295 1
2018 5530 1
1665 3076 1
1707 3902 1
1883 2091 2
1701 3531 2
4839 5511 1
839 4110 2
3954 5483 1
1592 2868 2
1815 3641 2
3872 5401 2
2068 2357 2
696 4130 2
2507 4876 1
378 2206 2
3444 3785 2
3835 5380 2
4355 5269 1
465 5400 2
1102 1889 1
2452 3637 2
1814 4240 2
929 1392 1
1664 2987 1
1253 4960 1
1966 4933 1
86 1612 2
2648 4038 1
37 2131 1
1557 2233 2
762 2998 2
308 2413 1
2538 3792 2
469 2586 2
263 835 1
2570 4550 2
1237 3163 2
1384 3165 1
2799 5289 2
2722 3884 2
1234 5577 1
2052 4218 1
3037 4724 1
920 2773 1
3099 5102 1
1360 3902 1
2820 3105 1
3683 5140 1
2957 4416 1
599 654 2
1963 4616 1
731 5263 1
2997 5129 2
2613 5598 1
903 1996 1
973 2843 1
2775 5016 2
819 5180 2
2822 4962 2
3543 4860 2
1116 3637 1
3376 5280 1
3365 4758 2
1961 4523 1
1461 4351 2
1747 3851 2
1260 4344 1
1965 3738 2
640 3962 1
3258 3334 1
3810 4308 1
1481 2974 2
747 4699 2
965 1172 1
2712 3194 1
1019 3349 2
2081 5502 1
145 1893 1
46 2464 1
4822 5060 1
1859 5370 1
2004 2458 2
569 5082 2
965 2452 1
369 690 2
3127 4164 1
2755 3610 1
3809 4235 1
948 4974 1
344 1603 1
4493 4765 1
1826 2001 2
1919 2813 1
561 1347 1
1498 4958 2
1102 3551 1
894 4418 1
2664 5164 1
1865 4899 2
678 3859 2
865 2794 1
422 2667 1
662 1998 1
1802 5486 1
1533 5474 2
381 2817 2
546 3522 2
1268 3606 1
930 4036 1
5099 5273 2
1479 2485 2
1099 2268 1
4716 5509 2
942 1016 2
669 4783 1
860 3499 1
1185 4447 2
207 246 2
515 2509 2
520 859 1
2178 3453 1
3354 3980 2
562 1723 2
385 3568 2
854 5426 2
3948 5426 1
2108 4699 1
5415 5444 2
1573 3645 1
2247 4556 2
15 1490 2
5148 5630 2
485 1213 2
2376 4480 2
182 1619 1
2559 5365 2
2525 3532 1
1612 4627 2
1733 4499 1
682 1557 2
1235 2860 1
963 4001 2
2319 3030 1
1856 2224 1
1526 2264 2
1157 1621 2
35 1852 1
139 3805 2
3440 4274 2
2344 5103 1
1289 3765 2
1750 1917 2
3063 4275 2
3309 3569 2
763 1642 2
3210 5639 1
849 1771 2
527 2627 2
115 2473 2
2474 3344 2
2611 5056 2
1659 5437 2
373 4516 2
2543 3039 1
1065 2713 2
342 3180 1
2830 5645 2
1318 2697 2
4286 5279 2
3105 5416 1
3940 4724 1
1855 3511 2
2559 4731 1
1191 5148 2
374 547 2
4776 4893 1
1366 3405 1
523 2642 1
479 1603 1
2549 2759 1
2583 3681 1
1046 2659 1
743 3591 2
732 3593 1
48 589 1
3227 3979 2
163 962 1
77 2038 1
2249 2920 2
3369 3477 2
141 2031 2
112 821 2
4341 5291 2
3652 3744 1
684 2150 2
616 863 2
2368 3566 1
573 3787 1
4158 5015 1
4414 5102 1
856 1470 2
3143 3955 2
2163 3422 1
1425 3206 1
629 3478 2
2041 2620 1
3553 3948 1
661 5635 2
167 759 2
3248 5435 2
1167 3588 1
3207 5051 2
506 4660 2
140 4678 1
3153 3304 2
384 1647 2
1437 3777 1
2322 3003 2
3156 3561 2
188 4765 2
2649 4827 2
2325 2515 2
2188 4029 1
3157 4988 2
829 3907 2
1328 4299 2
27 4347 1
1400 3098 1
4478 4652 1
422 2444 2
590 2143 1
1134 4888 1
1355 4113 1
1934 2665 2
3176 4241 2
857 1431 1
534 3576 1
1385 5507 1
313 1108 1
2304 4087 2
2387 2616 1
1802 3387 1
4137 5623 2
89 1716 1
276 3432 1
5119 5412 2
1668 3202 2
2019 5319 1
3719 5339 2
1388 3000 1
3226 3362 1
754 2405 1
699 2896 1
800 3879 1
3477 5430 2
2406 3389 2
2236 3117 1
1274 2646 2
1 1422 2
167 4029 2
2206 3096 2
2535 3058 2
1413 5397 1
871 5633 2
4168 4371 1
724 2726 1
182 2857 2
771 919 1
580 2270 2
324 5067 2
1065 3745 1
2310 4845 1
2053 5526 1
4904 5629 1
255 3304 2
4310 5073 2
2752 3911 1
759 3858 2
3613 5618 1
2045 2754 1
47 1859 2
353 2000 2
2186 2729 2
1195 3175 2
3676 3909 1
3681 5026 1
2034 2276 1
421 5667 1
2154 3279 1
883 2196 1
518 1578 2
4032 4766 2
555 2102 1
68 3741 2
2270 3221 2
734 1622 1
2632 3256 1
603 3457 2
2225 5398 1
2606 2746 1
2022 3773 2
108 1047 1
48 1194 1
1167 3794 2
3856 5290 2
184 5666 1
801 5032 1
7 2009 2
1842 4888 2
4050 4464 1
1168 2057 2
382 1672 2
711 4130 2
665 724 1
2756 4929 2
1922 3501 1
1014 3967 1
1694 2293 2
1665 3525 1
3422 5077 1
1412 4928 1
1646 4541 2
2532 5508 2
149 1062 1
3693 5525 2
303 4717 1
2958 3028 2
4111 4632 2
1235 2482 2
2525 2853 2
3062 4134 2
2536 3703 2
1626 2773 1
2239 3507 1
3254 4252 1
119 335 2
4998 5019 1
339 760 1
730 1395 2
443 3645 1
802 2539 1
603 1357 2
144 5539 2
1431 4605 2
3631 5543 1
1007 1330 1
67 1081 2
4402 4835 1
4799 5369 1
4243 5333 1
1539 2473 2
902 3850 2
3376 3394 1
4024 4619 2
1549 3474 2
3380 3675 1
2245 4176 1
708 5156 1
352 4938 2
1117 1133 1
154 2903 2
3589 3926 1
1944 3295 1
1277 2804 2
2388 3317 1
587 2270 1
1471 4785 2
2445 4272 1
502 3590 2
2005 3457 2
2776 5241 2
4320 4679 1
4871 5393 2
38 955 2
1990 2365 2
1725 2865 2
2346 5625 1
2639 4432 1
3520 4421 2
2607 3393 1
4288 4721 1
1125 3514 1
3337 3616 2
368 4998 1
94 3216 1
4250 4560 1
2695 3661 1
447 4635 1
30 1903 2
2405 5476 1
4730 4961 1
805 3855 1
627 2207 2
1197 2260 2
2803 4237 1
507 2935 1
4199 4209 2
2777 4717 2
2724 3037 2
1192 1476 1
481 4117 1
3235 3937 2
1817 5633 2
4114 5206 1
3314 4447 1
854 2452 1
294 2341 2
3957 5379 2
2261 4439 1
2236 4368 1
2425 5302 1
299 1213 2
233 3963 1
545 4217 1
4252 5045 1
2631 2876 1
3155 3167 1
142 404 2
2477 3817 1
318 4533 1
167 4445 1
233 2075 2
830 4348 2
1914 2931 2
225 1005 2
546 3127 1
371 2767 1
1594 2164 2
4834 4952 2
1039 4506 2
9 4070 2
2389 2445 2
504 2080 1
190 2903 2
2299 2697 1
2204 4111 1
2718 4033 2
1508 4879 2
4659 5374 2
444 4203 2
3119 3793 1
3095 5088 1
1592 4871 1
1150 4012 2
2092 3743 1
1181 3394 1
831 4131 2
2681 3867 2
1502 3054 2
3058 4030 1
3613 4772 2
2248 2756 1
511 513 2
3181 5462 2
235 1868 2
4208 5572 1
280 4132 2
2429 5339 1
1355 2219 2
708 4167 1
1036 3402 1
2162 3888 1
251 1396 2
1759 2662 2
879 5055 2
3030 5227 1
2552 3800 1
1027 3813 2
4190 4377 2
1702 5249 2
1739 3923 1
358 1491 1
1492 4752 1
4092 4101 2
266 4615 1
418 3098 1
1824 4470 1
2531 3565 2
598 2791 1
1748 4793 2
1456 5314 2
2586 3648 1
2582 4628 1
3112 5340 2
2251 3775 1
123 5117 2
1441 3591 2
811 2803 2
1908 3314 2
710 5018 1
2706 3419 1
410 414 2
612 3871 1
1568 5619 2
3995 5436 2
926 5393 2
1391 1459 1
4191 4953 1
2003 2390 2
1818 4048 1
918 4038 1
619 2814 1
2486 2542 1
2789 4903 1
3868 5197 1
3925 5239 1
292 3307 1
42 1204 1
3121 5289 1
1117 3790 1
2776 4210 2
1488 5635 1
1549 2986 2
1140 5270 1
3747 4143 1
466 2979 1
391 1691 1
1861 5018 1
1182 3965 1
2004 4855 1
4552 5600 2
2050 3661 1
381 3088 2
2228 5373 2
175 5235 1
4446 5653 2
1523 3311 2
5417 5431 1
721 818 2
1671 5551 1
832 3069 1
2019 4334 1
1 69 1
2384 5629 2
1912 2666 1
1574 3848 1
2004 3733 1
209 621 1
1685 3236 2
3514 3782 2
4593 5265 2
3491 4910 2
787 5233 2
1730 4317 1
1833 2609 1
3458 3654 1
365 1791 1
977 4208 2
1412 2281 2
354 1918 1
355 5055 1
2152 2461 1
1753 1773 2
1906 4907 2
255 1057 2
2011 3661 2
842 1815 1
3790 4455 1
1281 2294 2
1652 3941 1
3234 4305 2
1967 3712 1
4076 5334 2
607 4434 2
1231 5496 1
1311 4252 2
763 4865 2
2794 5616 1
1811 3573 1
3844 4257 1
801 3322 1
1899 5206 2
3252 3636 2
252 5254 2
556 3233 1
2023 5125 1
171 1959 1
1781 5279 2
2681 4112 2
1682 3681 1
1875 3802 1
941 1782 1
1262 4231 1
1822 2685 2
982 2521 2
2786 3332 1
231 3077 1
3919 4202 1
3422 4379 2
3786 4354 2
832 3979 1
1562 2848 2
1601 1931 1
235 3521 2
2492 4601 2
315 1460 2
1116 1878 1
631 5404 1
1659 4544 1
2279 4926 1
696 3665 2
3088 4743 1
321 337 1
1110 3790 1
3611 5229 1
519 1556 1
3067 3580 2
2653 3985 2
2356 3404 2
3165 4780 2
2806 5386 2
264 1614 2
4180 5410 2
179 5316 2
4229 4453 1
2815 4852 1
194 2699 2
3145 5636 2
956 1952 2
2496 4645 2
1207 2130 1
1000 4440 2
353 873 2
880 1869 1
919 1378 1
201 4146 1
598 1217 2
2201 5383 1
1425 3082 1
5397 5615 2
380 3139 1
231 3873 2
544 2727 2
1761 5180 1
2423 3468 1
1913 2161 1
3667 4201 1
743 5498 2
26 4362 2
99 1603 2
4842 5209 2
416 1425 2
1643 2883 1
3630 3924 1
3344 5300 2
649 2012 2
3965 4096 1
2884 5274 2
53 3120 1
1626 3611 1
720 4621 1
2825 3848 2
75 5519 2
4364 4494 1
2019 4804 2
3927 4570 2
1590 2260 2
219 2999 1
4177 4240 1
2101 2221 2
1632 1857 1
143 1661 1
2898 5614 2
2136 5479 2
757 4956 2
411 2325 2
2065 3024 1
4300 5504 2
3303 4665 2
1075 4791 1
529 3727 2
2638 3869 1
2060 2498 1
3878 4516 1
1601 3588 1
793 4003 1
2544 5357 2
186 4831 1
1672 2397 2
1156 4408 1
1900 3743 1
552 2285 1
2100 3528 1
970 1383 2
2665 2889 1
1100 1313 2
1425 5587 1
4043 5169 1
2468 4314 2
636 3579 2
1335 3657 2
832 4382 2
2575 3238 1
844 5269 1
278 4620 1
4448 5198 2
192 2333 1
42 3728 1
2543 5466 2
3813 5615 2
1857 4752 2
324 1548 1
1076 4141 1
1882 4721 1
1669 2838 1
19 2356 1
2198 5236 1
135 4750 1
289 1858 2
1830 2507 2
1194 3995 1
2503 3735 1
859 1157 2
2966 4512 1
1548 3354 1
1040 1210 1
292 2573 2
2354 2821 2
1100 4927 2
1517 2123 1
1529 5484 2
4530 5193 2
590 4189 1
3445 4137 2
1681 3592 1
1804 4397 1
68 3183 2
315 3579 2
1578 2972 1
1400 3723 2
676 2749 2
1099 4796 1
4039 4074 1
662 5086 1
718 855 1
3283 4981 1
4904 5529 2
1250 3130 1
609 2683 2
1416 5520 1
2685 3491 1
2855 5092 2
29 3999 1
929 5360 2
2841 5592 2
3571 3709 2
88 5340 2
2516 5417 2
2659 4432 1
2400 2893 1
4703 5091 2
4433 4883 2
624 1591 2
1533 1572 1
1521 1683 1
526 3642 2
764 1638 1
3027 3768 1
419 5450 1
1023 2378 2
2670 4703 2
1350 2926 2
2339 2819 2
412 4088 1
2433 4102 1
258 2103 1
1114 4087 1
3103 3735 2
83 3794 1
449 2264 2
2981 3122 1
4730 5184 1
4004 5431 1
2198 3195 2
694 5526 1
2624 4731 2
1793 1871 1
1938 2728 1
171 4071 1
3770 3906 1
429 3262 1
3338 3685 1
1776 3405 2
3042 3957 2
4588 4791 1
970 3736 1
3656 4508 2
1469 4358 1
598 2062 2
412 2594 2
1938 3463 1
2874 3677 1
1302 1924 2
1124 2486 2
1633 5099 2
1228 2244 1
1956 5132 1
1588 3804 2
3350 4887 2
922 2267 2
1063 2890 2
125 1790 2
3114 3864 1
2919 4046 2
4869 5165 2
3372 4755 1
1442 4503 1
521 1550 2
1415 4010 1
1695 5263 2
5236 5614 2
2060 3184 2
581 3221 2
1818 4560 1
414 4939 1
1143 2008 2
1631 2198 1
733 5020 2
179 3894 1
140 4869 1
2949 5199 2
2111 3509 2
2700 5510 1
1000 4908 1
1432 4845 1
1214 1590 2
1089 5444 1
4111 4947 2
4358 5464 1
1150 2003 1
1715 2234 1
1359 5528 1
4052 4238 1
3435 4812 2
1281 1859 2
2453 2468 2
4409 4679 1
3600 4294 1
87 3406 1
2161 3445 2
1967 3430 2
3975 4149 1
350 5260 2
1769 3168 1
4670 5546 2
3801 4767 2
3063 3291 1
245 1350 1
3606 3701 1
2642 3468 2
3005 3067 2
1894 2777 2
2416 3301 1
851 5426 2
4880 5566 2
1299 2683 2
3118 3471 2
2147 4290 1
1615 4959 2
262 3167 2
3535 5403 1
431 1683 1
723 2329 2
1531 3702 1
406 4401 2
4722 4783 1
352 3927 2
490 4305 1
1277 1825 2
608 724 2
3910 4536 1
815 3818 2
766 3847 1
2490 3853 1
1394 5121 2
2074 4411 1
1219 4835 1
1226 3659 1
83 1408 1
33 865 1
2830 3286 1
216 2163 1
133 3753 2
4384 5167 1
2192 2521 1
889 2552 1
4420 5535 1
1509 4115 2
1746 4890 2
2461 3828 2
1872 3698 1
3680 3931 1
2945 4362 1
4375 5411 2
1808 5493 1
1849 3717 1
1728 4807 1
1014 1234 1
809 2152 2
165 1616 2
2062 4039 1
806 3005 1
12 1915 2
1842 3337 1
3662 5251 2
572 944 1
4989 5022 1
2176 5364 1
2744 5520 1
1477 4435 1
435 1775 1
1968 5112 2
2769 3795 1
155 887 1
1723 4342 2
320 4983 2
2724 4104 2
3283 3426 2
2437 4517 2
3063 3633 2
4222 5172 1
2555 2842 1
3594 4756 1
1209 2273 2
120 5005 1
744 2574 2
115 1211 2
2714 5449 1
1437 2215 2
1091 4971 1
977 1871 2
1613 5078 1
733 1603 2
2118 3889 1
3452 4219 1
3456 3992 2
3728 4592 1
724 896 1
6 4136 1
1343 5507 1
448 1092 2
411 2795 2
1223 5348 2
175 3721 2
3519 5031 2
1176 2212 1
2258 4828 2
215 1137 1
3013 5451 2
627 3532 1
4769 4935 1
1797 4287 1
4156 5343 2
1623 1784 2
3074 3968 2
168 1508 1
82 1085 1
779 3659 2
1164 2367 1
2759 5284 1
220 2943 1
1245 2695 1
204 4792 1
273 3372 2
48 4176 1
124 756 2
6 768 1
2805 3029 1
761 3816 1
555 1281 2
2110 3069 2
2974 5150 1
766 2392 2
4639 5591 2
897 2770 2
262 3724 1
3068 3617 2
2724 3474 2
655 1903 1
472 4016 2
908 5063 1
5209 5550 2
849 2142 1
2468 3798 1
3341 4985 1
2767 2786 2
4248 5045 1
2588 3181 2
683 3434 1
2281 2794 1
917 3622 1
2802 4876 2
2383 4528 2
2068 4941 2
655 4577 2
3967 4175 2
1236 5201 1
2541 3365 1
105 4633 1
303 2439 2
948 4093 1
2411 3011 1
3628 4221 2
3018 4867 1
1921 4375 1
5194 5453 2
1022 1518 2
480 1664 2
3528 4585 2
4287 5493 2
2572 2965 1
3212 4867 2
3297 4120 1
1916 3531 2
3787 4198 2
350 1061 2
882 5624 2
282 811 2
363 5266 2
979 1197 1
1455 4706 2
870 4360 1
2639 4682 2
4279 4429 2
453 4766 2
3327 4047 1
3251 4180 2
761 3933 2
2824 4382 1
3062 5019 1
1397 5489 1
796 5297 1
4413 5438 2
4545 5210 2
2212 3176 1
824 4859 2
3540 3591 1
1038 3317 1
3426 3701 1
3631 3908 2
140 5137 2
411 3851 2
3526 4009 1
2988 3604 2
155 2971 2
468 4918 2
1602 2530 1
3728 3804 1
1241 1322 1
660 2463 1
3371 3829 2
1581 5179 1
2053 4167 1
3703 4173 1
1377 3947 1
4428 4457 2
2265 3661 1
1877 3897 2
2259 2311 2
75 5249 1
2355 3595 1
1582 5312 2
3630 4741 1
2994 3667 2
1945 3315 1
1896 2631 2
378 1878 2
1406 1447 2
943 3895 1
191 380 1
1157 5452 1
2569 3256 1
620 5588 1
3380 3970 1
3726 5627 1
1016 4672 2
1983 3933 1
255 2793 1
44 5285 1
2369 4109 2
526 3846 1
640 4390 1
428 4430 2
993 1472 1
5282 5353 2
1668 3450 2
1980 3037 2
233 3650 2
1695 4218 1
360 4309 2
192 3150 1
3997 5326 2
5218 5416 2
415 4388 2
1074 1434 2
930 3543 1
1145 3859 2
686 3142 2
1950 3338 1
2628 4182 1
2658 4598 1
2634 4426 1
1271 3982 1
3083 4034 1
1167 1267 1
929 2841 1
233 5088 2
849 3110 2
2345 2844 2
4109 5522 1
2945 4162 1
1589 4216 1
3378 3667 2
701 1222 1
2066 4839 1
249 2677 1
1292 1603 2
2862 4929 2
1144 4014 1
2287 5196 2
377 386 2
347 1667 2
1496 3157 2
629 1940 2
1513 4977 2
141 176 2
507 928 2
227 1114 2
1972 4346 1
1328 1394 2
4861 5560 1
4298 4763 2
5161 5549 1
3855 5528 2
2294 2855 1
191 2253 1
2884 5096 2
327 510 1
4199 4953 1
1104 3735 2
2894 4844 1
670 879 1
660 2849 2
48 4025 1
976 3854 1
1101 4045 2
1015 2819 2
184 3190 1
2901 5019 1
2256 5450 2
2093 2294 1
1017 2705 1
1560 5062 2
3543 4590 2
2075 4601 1
3777 4200 2
310 3432 1
1911 5028 2
381 4766 2
2235 2924 1
2912 4589 1
854 879 1
2233 2402 1
959 4429 1
1354 1830 1
3298 3548 2
972 3567 2
935 2499 1
2333 3522 1
1321 4335 1
598 3564 1
1593 5031 1
1476 1818 2
236 3300 2
3050 5594 2
4415 4687 2
2563 5117 2
2257 2829 2
125 1656 1
212 3107 1
956 1655 1
386 502 1
1903 3619 1
1544 4541 1
701 2250 1
3126 4288 2
1982 5485 1
345 5115 1
2455 3062 1
4 1447 2
3226 3943 1
3124 5475 2
3582 3779 2
36 3757 2
979 1469 2
3525 4909 1
393 2366 1
3082 3626 2
1652 4873 2
3496 4921 1
981 2514 1
1042 5270 2
3013 3872 1
5103 5417 2
500 1650 1
2430 3110 2
1103 1951 2
868 2528 2
1267 5167 2
3258 3866 2
514 1146 1
231 2452 2
4626 5658 2
241 2533 1
174 4181 1
1130 2169 1
573 5652 1
3265 5374 1
363 1985 1
818 1059 2
1363 1502 2
782 3190 2
4715 5600 2
2475 5443 1
3544 4159 1
1502 1956 1
3068 3859 1
2184 2652 1
2064 2596 1
708 1600 2
1645 4851 2
2059 5236 2
778 5452 2
1054 2889 1
4185 4941 1
1514 5415 1
1138 5128 1
1689 4454 1
2681 4723 2
2098 2475 2
1325 1762 1
2856 3482 2
3681 4321 2
1222 1944 2
3346 4821 1
3915 5175 1
2573 3391 1
1807 2322 1
4368 4449 1
946 4362 2
1723 4988 2
2253 5426 1
101 4808 1
1982 4085 1
3864 4574 2
1787 1866 1
1636 5340 1
1796 2814 2
2314 3504 1
2824 5362 2
1664 5449 1
2134 5387 1
2929 4270 1
3039 4471 2
2891 5099 1
1882 3954 2
1060 2763 2
733 3627 2
3175 4833 1
1061 5275 2
1636 4103 2
1904 2341 1
893 3669 1
425 2959 1
4158 4621 2
511 5132 1
3629 4935 2
861 5087 2
654 3880 2
97 2577 1
3192 4153 1
854 3123 2
3221 3576 1
3332 3984 2
347 1995 2
523 5605 1
150 1353 2
323 4028 1
3693 4864 2
855 4393 2
330 1500 1
2888 4434 2
3374 3542 2
287 3084 2
566 5028 2
552 609 2
1646 3939 2
550 948 2
1596 4188 2
3727 5514 1
1561 4924 1
72 1160 2
816 3722 1
268 4951 2
2631 4886 1
2338 3977 2
3109 4494 2
2199 4898 2
1974 2133 2
1030 1582 2
3379 4584 2
1356 2871 2
188 3164 2
1405 5290 2
175 2949 1
3335 3870 1
5094 5190 2
2542 4219 1
2824 3542 1
1140 2758 1
3670 5062 2
4867 5338 2
3272 5617 2
218 2050 1
2878 4164 2
1713 1725 1
2595 2846 2
55 4746 2
3020 4086 2
3660 4910 2
1379 3717 2
739 1946 2
1861 3869 2
3836 4693 2
340 1662 2
1735 2747 2
1012 1182 2
2891 3073 1
577 1041 1
411 3269 2
2552 3631 2
2988 3336 1
743 3104 2
220 3619 2
3407 4208 2
2853 3600 2
2508 3676 1
4840 4915 1
2756 5660 2
715 3418 2
512 4552 1
3501 4551 1
1975 2876 2
707 5138 1
602 5506 2
1218 4267 1
3244 5111 1
4283 4348 1
116 1982 1
50 5196 2
1828 2192 1
1898 4274 2
1473 2154 2
1146 3511 2
211 2474 2
3984 4545 2
2527 5588 2
1536 5500 2
116 4958 2
2782 4125 2
2157 3261 2
900 5012 1
1318 3252 2
448 4175 2
2158 5170 1
823 1258 2
2598 4892 2
3322 4174 2
2753 4661 2
4852 5455 1
3249 4513 2
2602 3621 1
639 871 1
699 860 2
4365 4920 2
1855 4257 1
4310 5239 2
833 3289 2
4681 5055 1
1315 3135 1
3952 5105 2
372 692 1
663 4080 2
4523 4633 1
1784 4520 1
3282 4026 2
727 2793 1
299 3823 2
4600 4779 2
1220 3928 1
744 2807 2
3296 5231 2
543 2661 2
1394 2585 1
234 5081 1
897 1628 2
3593 5227 2
58 3057 2
3590 4821 2
131 1142 1
1385 2979 2
572 3486 1
111 803 1
373 5349 2
2795 4869 2
167 3543 2
1508 2444 1
2800 5613 2
316 4003 2
3545 3621 2
773 3438 2
63 5277 1
806 2942 1
1815 4619 1
3773 4211 2
3024 5222 1
250 4982 2
1543 1667 2
367 3888 1
114 365 2
3982 5209 2
2289 2483 2
308 1542 2
2853 4653 2
1589 4570 1
5235 5361 1
1629 2566 2
1298 2978 2
3035 4995 2
206 3834 2
1460 3516 1
3094 4960 2
3299 3751 2
1114 3197 1
1746 3145 2
2876 3016 1
1603 3483 1
2493 3376 1
2977 5490 1
2659 4795 2
2426 5069 2
1280 3924 1
1831 2988 2
120 806 2
756 1728 1
432 942 2
677 2872 1
2294 5614 1
3131 5026 1
2554 3657 2
4812 5329 2
529 2156 2
241 5481 2
3366 5166 2
22 2746 2
122 5300 1
698 3782 1
309 2077 1
1906 4987 2
466 5288 2
443 926 2
722 5510 1
1275 1671 1
628 2605 1
3002 4681 2
1572 2461 1
1701 4559 2
2877 5659 2
2168 5140 1
651 1776 1
1311 5006 1
1400 4619 1
1872 1951 1
164 2345 2
1065 1918 1
1101 2327 1
1950 2502 2
319 695 1
1276 2468 2
4893 5012 2
24 3061 2
3098 4239 1
4738 5189 2
679 1110 2
2634 3796 1
1183 2647 1
4132 4230 2
4258 4494 2
853 3715 1
4765 5255 1
3510 3513 2
3337 5643 2
3422 3704 1
1940 2620 1
2442 4211 1
1947 3589 1
3088 4669 2
2940 3196 2
1474 2639 2
1524 3757 1
972 2164 1
48 161 1
2971 5629 1
820 4614 1
213 2894 2
2794 3583 2
3014 3382 1
1578 5020 2
2518 3592 1
40 3291 2
283 3403 1
1525 2367 2
1734 3273 2
956 1494 1
3480 4464 1
2775 3542 2
1692 2452 1
1432 1656 1
3426 5064 2
2781 3975 1
1407 4388 1
458 2452 1
3068 5601 2
3027 5257 2
117 489 1
1781 2061 2
1687 2244 1
1173 3966 1
3064 3660 1
3388 5577 1
2336 3192 2
483 4066 2
3668 5252 2
3400 3742 2
1101 2454 1
1784 3223 2
4938 5667 1
1034 5236 1
2630 2936 2
1490 3175 2
2246 2792 1
506 2466 1
1323 4591 1
3978 4366 2
5526 5575 1
4011 5369 2
3202 5141 2
488 4601 2
3696 4202 1
2627 3931 2
1375 5405 2
3060 3803 2
3621 3667 2
1169 2662 2
178 5587 1
24 3439 2
2768 3326 1
3593 5152 2
2351 4005 2
3512 4937 1
434 4729 2
263 357 1
208 4608 1
2158 3674 1
610 5020 2
3165 3231 2
109 3740 2
778 3059 2
3407 4697 1
2889 4368 1
2424 4159 1
4443 4897 1
242 5379 1
4071 4200 1
1136 4735 2
1375 3646 1
3438 4217 2
1696 4990 1
1717 3975 1
2469 3866 2
3129 3292 2
495 4440 1
550 2960 2
2546 5581 2
703 1127 1
2070 4996 1
1871 4031 1
1436 4123 2
721 995 2
400 3206 2
2010 3815 2
2766 4508 2
2546 2797 1
263 4052 2
70 3642 1
3581 3582 2
754 2834 2
1980 2373 1
1219 1816 2
2242 4365 1
2303 3870 2
723 3449 1
1964 2738 2
2110 3602 2
3261 4999 2
1103 4317 2
812 5615 1
976 3526 1
2069 3935 2
1864 3682 2
4378 4513 1
2015 3480 1
1797 2856 1
3131 3890 1
1015 4114 2
3275 3626 2
1105 3532 1
2541 5455 2
3940 5633 2
2453 2773 2
4282 4624 1
2244 5628 1
651 5431 1
671 5126 1
2635 3604 1
40 3393 2
2443 3258 2
658 2658 1
833 1515 2
381 4936 1
1569 4376 2
597 1430 2
912 4264 1
2402 5058 1
545 3864 1
850 3097 2
74 4322 2
280 4668 1
65 109 1
895 1868 2
229 1378 2
337 3385 2
105 2638 1
3074 4254 2
3168 4245 1
1554 5399 2
770 2624 2
3290 4327 1
2911 3294 1
486 1369 1
3459 4227 2
1572 4038 2
985 2639 1
1925 2412 1
1956 5556 1
1354 3581 2
2014 4695 2
424 4708 1
2725 5013 2
2931 4175 1
566 1339 2
1435 3164 1
134 3832 2
333 2312 2
3237 4613 2
700 3355 1
3255 3702 2
2410 4681 1
1626 3225 2
433 479 2
1144 1746 1
545 5121 2
449 1259 1
2144 4284 1
1663 1727 1
2621 3107 2
513 514 2
1902 3734 2
275 3558 1
263 4821 1
1493 5505 1
2285 4119 2
2 1058 1
1829 4084 2
1653 2803 1
1308 1999 2
1642 2449 2
2578 4753 1
3180 5367 1
1694 3388 1
250 2046 1
282 3880 1
4071 5543 1
3137 4315 2
2418 2895 1
1556 5410 2
579 5462 2
2610 3990 2
1662 4158 1
4004 4565 1
4074 4233 1
611 2933 1
2576 4920 2
493 4538 1
1088 2247 2
1229 4233 1
4313 5478 1
1380 5587 1
92 3133 1
3744 4506 1
1633 3813 1
185 2568 2
395 3112 2
138 4417 2
1737 3119 1
2732 4326 1
3440 3748 2
4234 5038 2
232 4462 1
1368 4637 1
848 2490 2
4632 4828 1
54 5541 1
1067 2198 2
1373 1748 2
1339 1882 2
1016 5104 1
1926 3202 2
1758 2300 2
1854 4304 2
1544 4771 2
1602 3861 1
684 5045 2
2286 3636 1
663 2336 2
4499 5099 1
1085 2881 2
505 4551 1
2052 4843 2
2225 2420 1
1645 3440 2
1495 2573 2
3018 3474 2
2332 4143 2
1509 1934 2
958 2725 2
1710 2748 2
1346 4673 2
1673 1958 1
558 2093 2
369 3256 1
3573 4154 1
775 1273 2
210 2092 1
1513 5060 2
578 1071 2
1069 4801 2
2328 3943 1
2766 4002 2
2427 4253 1
827 3339 2
3172 5546 1
2339 3083 1
3230 4678 1
658 5560 2
2313 5576 2
1802 3521 2
2851 3617 2
500 4199 2
43 3584 1
1013 1820 1
527 2962 1
894 4831 1
597 1112 1
1420 3628 2
1790 3098 1
2962 3150 1
1768 4822 2
2534 3971 2
774 2647 2
3270 3638 1
1585 3057 1
429 2741 2
908 3628 2
2790 4453 2
280 546 1
3463 4484 2
1434 1941 1
212 5030 2
885 4768 1
1021 2013 2
3229 3901 1
1543 4350 1
2911 3385 2
2606 3002 1
2830 5436 1
613 2945 2
299 5105 1
4254 4529 2
3454 5616 2
3592 5412 2
4120 5415 1
1132 1247 2
1677 4533 2
2122 4519 1
4621 5028 2
1540 5075 1
466 1155 1
914 5370 2
867 3038 2
2274 3283 2
2105 3930 1
1123 2362 2
4213 4988 1
773 924 1
2537 2860 1
3256 4285 1
705 1899 1
1229 3422 2
2001 4625 2
1699 5056 2
1416 5171 2
1990 3728 1
28 4927 2
2235 3927 1
4134 4873 1
3244 3425 2
449 2661 1
1831 2168 1
637 2360 2
423 864 1
3031 4357 1
1129 1416 1
1757 4626 2
1756 2145 2
2117 3786 1
1004 3099 1
1341 2104 2
549 4627 2
1449 3748 2
362 738 2
2557 3741 2
2509 2893 2
3831 5250 2
777 2863 1
3362 4837 2
2344 5146 2
2545 2686 2
3721 5290 2
1308 1819 2
1555 3157 2
494 3337 2
2437 2593 2
1739 1758 1
1294 5209 2
1071 3141 2
2957 5048 1
2357 5528 1
1635 5342 2
1969 2033 2
1328 3503 2
537 5202 1
470 2862 1
471 5234 1
2598 5461 2
1397 1400 1
2714 4117 1
3139 4335 2
3239 4855 2
3378 4905 2
960 1175 2
349 906 2
2841 5491 1
1778 5501 2
849 3815 1
227 3047 1
4476 5448 1
22 942 2
1075 3654 1
1665 4690 1
1208 4374 1
1001 2407 1
614 2779 2
365 1919 1
793 1941 2
4 5043 1
1535 1710 2
1400 1683 2
703 4790 1
497 2162 2
995 3172 1
696 5278 1
113 4917 2
865 1925 1
425 5216 1
4834 5200 2
1875 3307 2
272 2000 1
1528 5156 1
3173 5532 1
3606 4689 1
1998 4340 2
1868 2518 1
4218 5144 1
1309 3956 1
1417 2532 1
2970 4490 2
63 484 1
2818 5514 1
880 2115 2
3360 5578 2
3 3388 1
3930 4143 1
1633 3926 2
2548 4006 2
1001 3768 2
1007 1973 1
2009 2671 2
4224 5157 1
964 1751 2
312 4169 2
717 4779 2
2376 3965 1
1719 5303 2
1061 3643 1
984 2922 2
941 4739 2
1749 5606 2
274 4681 2
926 2116 2
1137 3329 2
1762 4285 2
4419 4930 2
1753 4303 2
4036 5200 2
753 4016 2
3016 3806 1
709 3894 2
1207 1441 1
4183 5386 1
4847 5061 2
2023 2454 2
3736 4065 1
2599 3921 1
3585 3978 1
1591 3036 1
372 1815 2
1679 4705 2
2140 4128 2
958 3573 2
1929 5409 2
168 1508 2
812 4223 1
2651 5578 2
430 3432 2
979 2150 1
2771 3564 2
3443 3916 2
3205 4563 2
1612 3015 2
908 2879 1
331 375 2
2447 4914 2
1674 4718 2
637 3118 1
194 4883 1
997 1481 1
583 2304 2
4502 5612 2
1577 3222 1
1216 2302 2
1696 3090 1
1365 5276 2
3483 4546 2
920 2982 2
221 2252 1
3074 3278 2
474 3200 2
1460 4426 2
1918 2594 1
3544 3648 2
565 3413 2
111 5098 1
524 4031 1
3433 4232 1
1509 2282 2
1808 5283 2
2120 2460 2
133 1378 2
4915 5109 2
1608 3663 2
3868 4170 1
96 5349 2
1601 4188 1
724 1459 1
3043 4098 2
1427 3217 1
4984 5318 1
179 4243 2
2839 3613 2
1769 3451 2
973 2714 2
3309 4107 2
4452 5196 2
545 1196 1
3033 5491 1
706 5289 2
839 3469 2
1405 3286 2
653 1782 2
1718 1757 2
4342 4690 2
3879 5192 2
3285 4071 2
3125 3368 2
361 2911 2
2554 2613 1
864 4285 2
93 3444 1
1513 3617 2
123 5502 2
2487 2968 2
1018 1137 2
2336 4907 2
1422 3313 1
3898 5269 1
2486 5296 2
1949 2849 1
1884 4205 2
347 2284 2
3026 3828 1
490 4236 2
247 672 2
969 2477 2
1620 2977 1
673 2057 2
2968 4055 2
225 4882 1
2497 5088 1
3058 4809 1
3728 5218 1
975 2700 1
863 5590 1
837 1116 2
142 5438 2
2573 3009 2
969 1635 1
939 4356 1
1931 2116 2
2083 5348 1
778 5606 1
212 1973 1
2406 3762 1
879 4430 2
1586 5040 1
408 4546 1
1056 3451 1
2715 3841 1
2444 3186 1
2443 3430 2
1549 2988 1
709 1791 2
423 2206 2
1998 5629 2
1061 4123 2
2334 4335 1
3393 5104 2
1452 3800 2
172 2490 1
734 1715 1
913 2327 2
2694 4283 2
402 1041 1
349 817 1
3205 4685 1
2355 3646 1
823 3280 2
1618 4130 1
3495 5207 2
1769 2973 1
666 3673 1
2334 3283 2
3071 4821 1
785 2246 1
1026 2075 2
3167 5342 1
2996 5466 1
1594 2767 2
1932 3628 1
525 596 1
433 1200 1
787 3300 1
95 5635 1
1737 2044 2
399 3646 1
3406 5137 1
2229 5393 2
3194 5129 1
1353 2675 1
2273 4558 1
1529 2450 1
1276 5037 2
1115 5173 2
151 206 2
3053 5320 2
1035 1325 1
1597 3497 2
1702 5611 2
1515 1548 1
551 2350 1
3288 5644 2
2576 3032 2
2891 4321 2
3873 3936 2
45 2586 1
3073 5445 1
3883 4280 2
2579 3656 1
868 2059 1
3485 5645 2
1262 3454 2
2029 4505 1
300 5640 1
19 3700 2
2640 3804 1
1516 1737 1
2832 4628 2
616 718 2
2069 3125 2
600 2505 1
1188 5010 1
3182 3781 1
1655 2403 1
796 2585 1
1558 5644 1
175 3356 2
2215 3821 1
1743 3412 2
268 2530 1
1956 3690 2
545 5207 1
1970 3795 1
1968 2984 1
73 4131 1
195 2739 2
2326 4433 2
1821 5289 1
3587 3797 1
1126 3509 1
952 4323 1
2178 2553 2
3031 4605 2
2808 3475 1
198 859 1
3560 4213 1
24 1908 1
573 4569 2
3572 4750 2
2000 2629 2
2274 5165 1
1458 2699 2
715 4470 1
3220 5188 2
1261 4360 1
1666 3614 2
1363 4674 2
2999 4053 1
890 5188 2
1926 2700 2
3640 5469 2
5579 5645 2
649 3760 1
228 599 1
2390 4084 1
2703 4942 2
329 5149 1
212 947 2
2976 4119 1
22 2376 1
1078 4088 2
1097 4732 2
627 4043 1
497 4550 1
1917 2579 2
438 1299 1
2407 3259 2
2639 4877 1
1631 3572 2
244 2424 2
4855 4946 2
582 1749 1
2632 4520 1
1745 3233 1
425 2870 1
3727 5261 2
273 1731 2
758 4721 1
1930 4404 1
2143 2657 2
4665 4727 2
1159 2286 2
419 2558 1
70 3838 1
1336 4899 1
802 4932 2
2101 4445 1
3582 4075 2
1575 5114 2
2923 5321 1
3882 4309 2
1799 2846 1
741 904 1
322 4436 1
305 3697 1
3372 4760 1
137 4660 1
4407 4451 1
1912 3891 2
163 3965 1
3365 4541 2
619 4795 2
685 847 2
915 4316 1
2266 4835 1
290 678 1
3534 4597 2
229 2680 1
2528 4600 2
2952 4409 1
745 1103 2
673 3664 2
430 1644 1
1080 3652 1
1019 5186 2
2733 4428 2
3362 4523 1
454 4583 1
1530 1954 2
1820 4291 1
2582 4240 1
230 3667 2
2819 3957 2
1559 5025 1
2361 4120 2
1869 3789 2
3446 5484 2
536 2455 2
2150 3106 2
79 3051 2
419 1544 1
246 1247 1
127 1580 2
77 4378 2
494 1885 1
988 2440 2
1917 4866 1
685 4823 1
1512 2195 1
3491 4837 1
1760 4869 1
2087 5069 2
2714 3049 1
1751 1952 2
761 2713 2
257 4122 1
2752 3815 1
521 3734 2
122 240 2
348 4822 1
1493 4493 2
3844 3963 1
2783 3794 1
420 1297 2
3069 3283 2
1 2017 1
274 3689 2
3292 3560 2
1586 5128 2
1267 3038 1
1807 4438 1
321 3580 1
916 2984 2
1120 1517 2
119 2554 2
717 3864 2
2880 5497 2
346 1568 2
2269 3345 2
336 4984 2
3435 3905 2
2634 5324 1
1833 4968 2
3088 4809 1
2051 2530 2
2763 5599 2
3208 4357 2
5006 5613 1
1332 1697 2
313 2013 1
260 3790 1
448 3159 1
1284 1816 1
3408 3869 2
1727 2230 1
2042 5545 2
4870 5396 2
56 958 2
876 3827 2
2825 5653 2
768 3197 2
3182 4453 2
2339 3093 1
3768 3964 2
863 3351 2
1123 4980 1
215 718 2
55 1563 1
1392 3933 2
2491 4945 1
3360 5106 1
1274 1500 2
473 4763 1
211 4312 1
389 5179 2
175 301 2
1016 1333 1
593 2820 2
1131 3242 2
362 2861 2
984 3514 1
4612 5530 1
1750 3481 2
2490 4622 2
1061 2166 2
2835 3641 2
2783 2939 1
2381 2779 2
315 2472 2
1679 4181 2
1979 2732 1
380 1892 2
1402 3253 2
1377 3933 1
330 629 1
17 1512 2
767 5242 1
25 3880 2
3357 4474 2
270 4150 2
487 2310 1
3458 3604 1
1687 3240 2
2229 4681 1
2762 4057 2
2985 4494 2
1388 5611 2
402 1677 2
4758 5118 1
3600 5563 2
271 4310 2
1743 5455 2
3273 4441 1
1188 4947 1
1006 4050 2
1019 2371 2
1983 3789 1
2634 3296 1
2039 5609 1
2638 4924 1
914 1130 2
719 2871 1
3686 5511 1
252 1030 2
3119 4379 2
2285 4203 2
1101 4858 1
515 4338 2
2658 3351 1
1187 1888 2
3149 3698 1
3504 4390 2
206 3094 1
3461 5650 1
911 4330 2
1131 3531 1
1625 5220 2
936 1930 1
2422 3807 1
2109 4309 1
2754 3552 1
291 1900 2
4174 5083 2
3121 4508 1
1522 5253 1
918 4837 1
247 4344 2
1195 2077 2
3583 5164 2
303 3195 1
3222 3444 2
2528 3159 1
2729 3792 1
308 2869 2
3021 3258 2
3440 5470 1
1512 3320 1
27 4363 1
3862 5572 2
1486 3454 1
1804 5221 1
4064 4471 1
1246 2114 1
2555 2905 2
2174 5089 1
2643 5250 2
788 2336 2
2019 5313 2
1841 4997 1
121 4771 2
2911 3435 1
658 758 2
364 1106 1
2869 4000 2
851 3329 1
1828 4661 2
818 1726 1
2874 4388 1
1442 2685 2
1669 3215 1
2943 3896 2
439 2086 1
734 2629 1
552 5521 2
2551 5650 2
982 4826 1
777 3267 1
49 5030 1
2766 3646 1
4076 4421 2
1999 2037 1
1920 2065 2
791 2762 1
1653 4564 1
33 3196 2
899 5282 2
197 2190 1
2316 4069 2
1621 4974 2
1437 2550 1
214 3541 1
3197 4891 1
1766 4161 2
980 1559 2
1248 1309 1
4587 5609 2
1066 1641 2
1481 4150 1
1710 2192 1
939 2129 1
3707 3777 1
1436 2183 2
1341 2093 2
583 1858 1
337 4694 2
3137 4965 1
4210 4799 1
3510 4005 2
40 928 1
504 4352 1
2008 4081 2
2522 2921 1
86 2307 2
1241 1578 2
2498 5016 1
2833 4204 2
336 3603 1
1535 2271 2
3440 4863 1
96 1620 2
2888 3007 1
2059 4880 2
155 5582 1
1108 1268 1
2346 2925 1
1234 4280 1
1146 5374 2
3123 4154 2
1898 5432 1
419 5007 1
157 2412 1
2088 2258 1
871 3699 1
1642 4452 2
3821 5424 2
2832 4091 1
4750 5278 2
2040 3330 1
1537 4763 2
2995 5572 1
1569 4520 1
1890 4290 1
622 4539 1
2067 2284 2
895 5373 1
186 5026 2
402 2616 2
5480 5605 1
915 1290 1
658 3890 1
1635 3863 2
886 1971 2
124 2951 1
2747 5327 2
1672 3350 1
1226 1574 1
1205 2701 1
1059 5579 2
3255 4976 2
1733 3206 2
2211 5535 1
2175 5198 1
969 1737 2
1968 2555 2
1526 1804 1
2073 4709 2
2829 3100 2
132 5501 1
396 1032 2
1805 4625 2
528 4915 1
4419 4638 1
1220 5026 1
1204 4305 1
3535 4983 2
232 2040 1
3019 5473 1
2880 3087 2
430 4436 2
720 4964 2
204 5106 2
2280 4622 1
2233 3475 1
1 4090 2
752 1163 1
1035 1305 1
1268 3764 2
1742 4787 1
429 722 1
781 5606 1
2395 3195 1
3631 5637 2
604 2371 1
2210 4973 2
219 1190 2
2808 3439 1
412 2371 2
1954 3072 1
3096 3986 2
2615 4380 1
2118 4766 2
3560 4141 2
1067 2429 1
2786 4307 2
1855 3904 1
2189 5152 1
1361 3781 1
527 3711 1
1121 1815 1
2551 5383 1
2555 3724 1
1678 4646 2
666 1407 1
3584 4983 1
4229 4397 2
1240 3383 2
468 524 2
318 572 1
2095 3774 2
1604 2716 2
3413 4162 1
1791 4575 1
2539 3218 1
3589 5575 1
1933 5092 1
2215 3779 1
4698 4756 1
4450 5054 2
109 377 2
1642 4079 1
2141 3825 2
2133 3854 1
1936 5306 1
1125 5599 2
2588 4189 2
1413 2929 1
1271 4979 1
2455 3510 1
1961 4579 1
2316 5308 2
1988 2137 2
1108 1960 1
3651 4842 2
31 5047 1
1732 4661 2
1464 3723 2
3087 4351 1
586 2897 2
253 3533 2
820 3159 1
3257 4227 1
1305 2459 2
1076 5364 1
2742 4639 2
2229 4108 1
255 3869 1
2608 2741 2
742 1599 1
2760 3191 2
1605 3084 2
1239 5259 1
2210 3146 1
2310 3475 2
128 1138 1
2354 2900 2
2197 3714 2
3711 5163 2
2032 2188 2
1647 2495 1
634 3083 2
595 3297 2
1334 1938 2
1524 2861 2
991 3647 2
1857 3822 1
1449 1800 2
3007 5034 2
3827 5472 1
2548 5222 2
495 3449 1
2284 3123 2
1210 4873 2
2625 2633 2
81 4027 1
1449 4640 2
180 4268 1
2099 4496 2
95 1535 2
1952 4603 1
1044 4244 1
3209 5087 2
1773 4853 1
1076 3740 2
2291 3687 1
1262 3915 2
2365 4709 2
2993 4329 1
3957 5406 1
2045 3669 2
2386 5089 2
4452 5152 1
1660 4205 1
3474 3688 1
1504 5635 1
120 821 1
396 2597 1
1635 4056 1
1408 4415 1
2003 5349 2
3822 4211 1
2967 3967 1
351 3764 1
1857 4000 2
937 4355 2
641 5122 1
3059 4539 1
528 2787 1
4511 4842 1
3540 4037 2
2052 3192 2
4951 5363 2
1961 4133 1
2510 2884 1
2100 3253 1
734 2535 2
1300 5036 1
4338 5204 1
758 3948 2
811 4998 1
2571 4663 1
1166 3253 2
2128 3140 2
3976 4698 1
631 5594 1
1990 3312 2
4892 5502 1
1130 4191 1
3595 5641 1
2641 5433 2
323 2766 2
2205 2933 2
3536 4361 2
690 2654 1
936 3485 1
3178 3690 1
3001 5303 1
3479 5028 1
423 3293 2
4564 4780 1
191 1487 1
2164 3596 1
382 2206 1
847 2659 1
873 1941 2
2188 4557 1
2196 2487 2
186 5553 2
140 2306 2
77 1380 2
173 4132 2
2345 5039 2
692 768 2
162 2951 1
285 3372 1
2244 3872 1
12 3467 2
1594 4457 1
360 4355 2
3404 3449 2
2879 3568 2
3041 4077 2
289 2563 1
2715 5639 1
1543 2405 1
1512 5652 1
633 3911 2
1212 2510 2
126 2077 2
327 4237 2
381 2816 2
1421 4738 2
172 962 2
581 5051 1
2116 3037 2
1199 3806 1
3108 4671 1
2721 5152 1
3288 4276 2
753 4496 1
715 5256 1
1591 2693 2
2148 2352 1
4517 5266 1
3993 4942 1
2620 4757 2
2641 2826 2
3877 3978 1
807 3546 1
2618 4292 1
2292 3913 2
1053 5627 2
957 3166 2
1254 3309 2
3146 5168 2
4178 4489 2
3644 5046 2
2776 3645 1
5326 5576 2
1846 4169 1
432 2426 1
353 4130 2
133 1387 1
1325 3925 1
179 2531 2
767 5098 1
536 2846 2
350 3538 1
2196 4593 1
1731 1736 1
585 3037 2
3558 4317 1
3249 4335 1
4607 5103 1
1161 4509 1
1246 5545 1
1230 4841 1
664 2352 2
2510 3237 1
1581 3511 2
297 1889 1
3536 4186 2
3043 3138 2
2222 2947 1
1223 2140 2
3603 5315 2
5100 5499 2
1085 4053 1
3629 4346 1
2912 4330 1
1629 2939 1
614 3699 1
2745 4342 1
3627 5511 2
1965 2112 1
3401 3841 1
1726 3287 2
806 4179 2
4185 4219 1
618 3601 2
1023 1385 1
1914 5094 1
1668 2066 2
1422 4237 2
1453 2061 1
2420 4364 1
205 899 2
3063 3443 2
1825 3840 2
3254 3396 1
4099 4796 1
2023 3924 1
245 611 1
2112 3579 1
3073 3488 2
2357 4547 1
3578 4059 2
31 2657 2
130 1768 1
4124 5199 1
2044 4432 1
2887 5123 2
2755 2803 1
107 2135 1
5328 5574 1
1704 3716 2
645 2852 2
307 5329 2
1739 2864 1
4054 4225 2
926 5082 2
1306 4810 1
1570 3113 2
3452 3767 1
3352 5150 1
3033 3279 1
774 994 1
1392 5006 1
1167 4168 1
154 3509 1
1075 3564 2
899 5383 1
3255 3852 2
644 681 1
406 1784 2
125 5225 2
964 1201 2
3373 4165 2
2871 2915 1
3678 5486 1
1933 2565 2
1674 3797 1
1313 3571 1
2150 4811 2
606 5315 2
2795 3604 1
2219 2313 2
854 3142 2
1521 5224 1
1579 1676 2
3227 4102 2
892 1064 1
15 2526 1
810 3691 2
994 998 1
1655 3608 2
1274 3252 2
4182 5557 1
2640 3175 1
2735 3978 2
2808 4747 1
3618 3686 2
2080 5193 2
1163 2560 2
4613 4919 1
2328 4883 2
3645 5499 2
5138 5383 1
97 3301 2
2473 3212 2
2952 3641 2
2459 4919 1
2489 4006 1
4848 4978 1
1133 1958 2
3402 4446 1
479 4094 1
472 2634 2
1661 2156 1
3234 3306 1
2771 4005 2
3973 5091 2
2231 4671 1
1026 1321 1
2542 4252 2
931 5180 1
240 4469 2
3901 3921 1
1001 3756 1
1716 5198 1
33 5022 1
5000 5163 2
1391 5476 2
3978 4718 2
2876 4761 2
2534 3081 2
1758 3762 2
215 3906 2
3749 5611 2
453 2312 1
4815 5018 2
621 1068 1
3473 4598 2
964 1104 2
3487 4341 1
3140 3200 2
2692 5094 1
607 2332 2
1121 1615 2
541 612 1
401 4580 1
795 2443 1
2890 3571 1
4811 5017 1
361 977 2
1507 3946 1
2579 3365 1
2676 4142 1
1691 5519 2
2519 5079 2
2502 3027 2
2943 4591 1
1185 2098 2
1725 2796 1
4191 4359 1
645 3356 2
1038 3634 1
1811 3376 1
2627 4408 2
1661 1662 2
188 263 2
1269 1346 2
3526 4065 2
186 3774 1
767 2802 2
61 2751 1
2252 4075 2
3419 4367 2
613 1566 2
2865 3484 1
405 5474 1
1337 3485 2
2732 4452 1
2503 3056 2
3718 4770 2
149 3292 2
158 2770 1
400 3551 1
3578 4845 2
1608 3854 1
2657 3021 1
2805 3067 1
4789 5239 1
4305 4887 1
1371 4613 2
1426 3644 1
1433 2999 2
1769 1919 1
1811 4791 2
340 2780 1
2136 4796 2
2634 3147 1
420 5225 1
3554 4103 2
439 4296 2
2494 4379 1
1722 3535 1
3893 4490 1
302 1954 1
2273 5638 2
2933 2938 1
1612 2768 2
43 1683 1
2628 2971 1
875 5417 1
2756 5623 1
4475 4665 1
563 2907 1
533 3126 2
726 979 1
971 5187 1
812 2478 1
1022 5131 2
3114 4520 2
776 4045 2
521 3764 1
3377 5060 1
1013 2696 2
1985 3803 1
1067 3118 1
1042 1561 2
2604 4257 1
1449 4031 2
2630 4075 2
4039 4330 1
3031 3577 2
3405 4494 2
4196 4820 2
3338 3473 2
3948 5171 2
1489 2375 2
1103 3574 1
1487 3406 1
444 4735 2
664 1076 2
173 5365 1
3050 3164 2
1682 5427 1
538 3979 1
2580 4933 1
4002 5231 2
2827 5278 2
1619 4356 1
2596 3163 2
1336 1883 1
523 758 2
2223 5032 1
3370 4304 1
769 1169 1
3352 5160 1
1938 4083 2
244 2834 2
2389 3262 2
2576 3440 2
10 1516 1
54 4219 1
173 2413 1
1740 3863 2
802 4483 2
2092 2374 1
1348 1687 1
2738 4502 2
4268 4298 2
910 1278 1
2459 5373 2
259 5147 1
182 4443 2
326 2421 1
2984 4583 2
1354 3821 2
652 1229 1
684 3550 1
2280 5266 1
879 5656 1
1571 4231 2
1025 5197 1
1596 3575 1
3279 3309 1
3319 5327 2
917 3630 1
471 4297 1
722 4005 1
2796 3843 1
