1000
5000
1 8 393
1 17 354
1 6 981
1 9 558
1 6 655
1 27 860
1 64 845
1 7 688
1 8 765
1 6 153
1 9 684
1 15 648
1 14 175
1 18 217
1 10 271
1 6 587
1 8 773
1 10 945
1 8 981
1 10 763
1 267 726
1 16 65
1 11 554
1 21 382
1 8 43
1 7 252
1 14 273
0 9 741
0 43 501
0 7 685
1 6 411
0 33 547
1 20 157
0 28 130
1 225 520
0 384 400
1 14 185
0 20 472
1 6 713
1 6 67
1 15 20
0 11 891
1 7 196
1 37 364
0 11 911
0 6 564
1 9 442
0 8 808
1 6 461
1 121 572
1 8 709
1 7 318
0 9 889
0 35 807
0 7 787
1 6 315
1 40 129
0 14 538
1 8 855
0 9 433
0 6 214
1 23 624
1 733 766
1 15 262
0 74 550
1 6 605
1 13 716
1 14 127
0 6 242
0 7 589
1 9 602
0 7 959
0 43 557
0 9 647
1 10 867
1 13 746
1 13 472
1 6 419
1 10 427
1 26 611
1 6 735
0 8 140
1 12 341
0 7 567
0 6 244
1 7 548
1 85 676
0 6 616
1 35 600
1 733 922
0 13 663
1 20 977
0 7 381
0 8 654
1 36 343
0 7 295
1 7 158
0 59 131
0 6 40
0 6 276
1 19 702
0 13 419
0 6 52
1 10 315
1 97 824
0 15 179
0 16 558
1 24 387
1 6 27
0 6 110
0 9 331
0 9 31
1 32 447
0 6 970
1 8 625
0 6 732
0 713 869
0 16 744
0 11 117
0 6 316
1 25 908
0 6 230
0 10 170
0 834 846
0 9 525
0 6 720
1 16 459
0 7 431
0 6 678
1 15 988
1 42 461
0 8 286
0 6 440
0 11 27
0 23 781
1 6 839
0 15 189
0 35 141
0 9 159
1 8 799
1 8 357
0 38 102
0 736 958
1 104 389
1 11 816
1 21 754
0 18 418
1 17 630
0 36 760
0 7 169
0 23 797
1 6 89
1 11 556
1 8 249
0 5 915
1 15 692
0 10 558
0 87 195
1 13 228
0 33 315
1 17 28
1 16 999
1 33 98
1 14 873
0 7 929
1 7 148
1 8 61
0 20 808
0 747 985
1 6 561
1 9 278
0 18 940
1 15 732
0 9 269
1 21 480
0 6 248
1 13 910
0 15 619
1 5 1000
0 10 294
1 18 51
1 717 766
1 7 272
1 9 926
1 20 791
0 18 302
0 6 420
0 10 936
0 7 977
0 34 532
0 11 359
1 19 942
0 7 247
0 732 798
1 5 972
0 6 630
0 6 434
0 8 354
1 46 737
0 6 332
0 7 981
1 6 943
1 8 953
1 5 916
1 6 563
0 15 877
1 17 858
1 7 72
1 12 405
1 10 575
0 17 21
1 6 423
1 6 511
0 34 512
0 7 109
0 14 396
0 7 293
1 6 397
0 7 409
1 11 66
1 11 426
1 45 214
1 363 526
1 18 245
1 6 643
1 9 698
0 9 997
1 7 74
0 12 742
1 29 658
1 10 805
1 12 469
1 885 986
0 17 607
0 41 971
1 6 949
1 6 21
0 9 921
0 6 48
1 5 878
0 12 90
0 14 694
0 7 101
1 22 291
1 6 375
0 14 824
1 35 308
1 6 101
0 15 711
0 36 310
0 6 348
1 13 80
0 7 305
1 9 446
0 11 573
1 6 283
1 6 295
1 6 193
1 9 570
1 8 33
1 7 276
0 57 527
0 208 296
0 7 653
0 16 216
0 11 237
1 8 387
1 8 915
0 12 870
0 41 211
0 9 771
1 20 471
1 6 37
0 7 807
0 6 894
1 5 928
0 9 367
0 892 920
1 7 104
0 6 526
0 14 862
0 5 819
0 16 880
0 11 395
0 78 580
0 6 450
0 9 321
1 44 671
0 693 825
0 908 958
1 14 753
0 7 801
0 6 374
0 13 847
0 11 797
1 8 181
1 536 783
1 28 237
1 12 351
1 5 802
0 6 876
1 50 747
0 22 130
1 287 646
0 35 91
1 13 254
0 48 574
0 6 802
0 7 699
1 38 437
0 53 501
0 6 386
0 13 381
1 70 805
0 14 106
1 26 509
1 7 932
1 6 611
1 19 164
1 9 706
1 66 841
0 8 270
0 10 854
1 16 897
1 52 347
1 9 940
0 95 161
1 9 272
1 24 591
1 6 709
0 5 975
0 79 117
0 31 573
1 67 350
1 14 95
0 13 967
0 438 720
1 9 258
0 5 983
1 6 897
0 10 230
0 13 959
0 15 379
1 5 932
0 6 62
0 17 723
0 105 133
0 8 142
1 6 39
0 9 169
0 854 898
0 10 502
0 20 78
1 7 622
0 11 883
1 5 952
1 6 515
0 11 759
0 6 664
0 6 570
0 8 530
1 6 127
1 8 599
1 7 20
1 27 558
0 10 458
1 15 266
0 21 925
0 11 17
0 9 641
1 6 883
1 9 46
1 7 838
1 77 386
0 321 475
1 8 337
1 9 988
1 818 951
1 21 176
1 7 34
1 5 774
1 40 343
1 919 940
1 14 581
1 17 314
0 6 716
0 11 109
0 10 264
0 128 576
1 615 904
1 34 247
0 36 848
1 6 73
1 8 423
1 7 184
0 6 990
1 5 996
1 6 57
0 46 116
1 8 55
0 15 831
1 6 485
0 37 385
0 74 246
1 5 954
1 5 884
0 6 962
1 9 394
0 7 47
0 6 888
0 13 865
0 47 403
0 171 495
0 8 550
0 14 858
0 30 846
0 5 825
0 22 494
1 6 145
0 6 274
0 40 478
0 5 781
1 50 743
1 897 940
1 6 49
0 9 59
1 11 644
0 12 908
1 7 788
0 7 215
0 6 918
1 17 306
0 12 878
0 13 243
0 9 739
1 5 804
0 7 407
1 48 209
1 6 567
0 10 988
1 195 252
1 44 73
1 20 733
0 34 772
1 11 800
0 913 923
1 34 967
1 6 133
1 6 251
1 7 44
0 8 100
1 729 858
1 6 51
0 26 88
1 38 183
1 158 895
0 5 603
0 15 367
1 9 764
0 5 785
1 6 373
0 5 727
0 37 365
1 7 762
1 10 955
0 14 214
1 9 774
0 9 267
1 31 596
0 55 707
1 6 729
0 12 896
1 6 225
1 6 673
1 10 637
1 14 479
0 31 495
0 7 291
0 10 462
1 7 804
0 594 602
1 13 424
1 14 287
0 6 144
1 6 185
1 6 733
0 21 521
0 68 888
1 7 676
1 6 59
0 6 806
1 7 568
1 6 521
1 6 445
0 102 234
1 8 157
0 6 452
1 10 165
0 17 347
0 18 362
0 45 571
1 5 854
1 16 145
0 18 392
0 6 672
0 15 203
1 5 566
0 25 305
0 8 556
0 27 973
1 6 29
1 6 227
1 42 135
0 6 124
1 8 897
0 17 101
0 6 824
1 13 352
1 6 491
1 6 327
0 15 769
0 858 882
0 6 8
0 7 165
1 5 662
1 5 678
1 15 714
1 33 592
0 36 316
1 6 177
0 7 35
1 102 627
1 17 170
1 96 619
0 13 575
1 5 760
0 12 130
0 8 888
1 18 437
0 6 518
1 6 825
1 17 578
1 16 425
1 18 857
0 13 57
0 42 714
0 7 373
0 8 384
0 11 735
1 7 852
0 6 884
1 27 146
0 24 516
0 900 964
0 22 388
1 13 198
0 77 423
0 13 783
1 39 666
0 16 450
1 6 915
1 6 261
1 9 350
1 10 87
0 28 930
1 7 566
0 9 727
0 9 421
0 236 974
1 5 538
0 8 776
1 651 882
1 29 44
0 16 646
0 42 642
1 8 415
0 6 546
0 12 720
1 12 807
0 9 917
0 53 779
0 8 632
1 9 696
1 21 738
0 5 841
0 11 671
0 873 955
0 5 535
0 29 163
1 16 399
1 59 74
1 5 628
0 7 45
1 51 300
0 8 306
0 47 843
1 982 991
0 6 524
1 7 124
0 6 90
1 8 477
1 5 718
0 6 74
1 5 998
1 7 526
0 31 585
0 25 983
1 666 725
1 6 503
1 24 597
0 6 292
0 33 179
0 9 153
1 794 897
0 17 277
0 8 448
0 12 688
1 9 340
0 14 482
0 16 964
0 70 660
1 262 947
0 28 558
0 5 521
0 6 466
1 125 402
1 61 774
1 10 49
1 12 275
0 37 541
1 664 775
1 5 696
0 8 680
1 6 547
0 459 959
1 13 630
1 6 309
1 5 924
1 7 908
0 7 817
0 7 841
0 8 370
1 5 492
0 16 756
1 64 451
0 6 510
1 22 261
0 9 313
1 18 989
0 13 655
1 46 245
1 11 724
0 19 999
0 783 795
0 9 487
1 81 590
0 7 399
1 6 921
0 5 851
0 18 364
1 5 430
1 6 405
0 154 848
0 8 242
0 7 423
0 8 44
1 17 176
1 6 617
1 22 125
1 108 485
0 7 65
1 7 832
0 5 877
1 6 121
1 8 847
0 9 599
1 13 612
1 24 111
1 47 106
1 10 403
0 9 911
0 10 176
1 9 52
0 15 613
0 8 86
0 9 285
0 6 730
1 27 364
0 7 345
1 7 690
1 5 816
1 5 976
0 5 875
1 20 107
0 102 676
0 8 606
0 6 172
0 27 407
0 15 293
0 14 122
0 5 913
1 14 837
1 30 219
0 39 941
0 9 127
1 14 981
0 17 257
1 20 925
1 9 462
1 159 872
0 8 94
1 6 239
0 6 826
1 20 853
0 18 828
0 5 773
1 5 512
0 45 801
0 5 717
1 7 182
0 24 746
0 7 823
1 6 895
1 910 933
0 5 709
1 18 753
1 637 944
1 10 79
0 37 39
1 50 189
1 14 841
1 8 231
0 6 610
1 5 376
0 13 159
0 16 696
1 12 21
0 8 736
1 6 129
1 6 821
1 20 765
1 6 539
1 6 131
0 5 751
1 12 973
0 5 821
0 19 715
1 9 760
1 6 149
0 7 361
0 14 724
1 6 47
1 17 436
0 23 67
0 964 998
0 6 272
0 6 972
1 6 361
0 13 17
1 7 38
1 79 936
1 7 120
0 26 740
0 15 987
0 7 505
1 24 945
0 7 845
1 7 340
0 5 657
0 5 629
1 6 585
0 29 623
1 7 100
1 7 432
0 9 609
0 14 336
0 6 896
1 7 386
1 7 634
1 185 462
1 6 197
1 7 904
1 5 498
1 392 861
0 5 411
1 19 704
0 10 860
1 9 948
1 31 478
0 17 935
0 7 749
0 5 561
1 5 378
0 6 86
1 11 574
0 5 641
0 6 384
1 619 922
1 7 446
1 7 208
0 5 337
1 55 252
1 6 107
1 5 310
1 7 604
0 6 738
1 7 174
1 12 629
1 7 334
0 7 705
0 16 74
0 10 566
0 5 681
0 7 23
0 29 573
0 11 21
1 7 356
0 70 740
0 5 325
0 12 384
1 6 959
0 25 307
1 5 520
1 10 691
0 7 161
1 6 507
0 10 528
0 23 609
1 21 28
0 5 525
1 6 337
0 98 916
1 10 103
1 23 214
0 16 288
1 8 103
1 566 857
0 8 874
1 6 711
1 11 466
1 6 141
1 5 728
0 12 266
0 33 613
0 798 920
1 6 847
0 7 597
0 385 791
0 15 795
0 15 251
0 7 815
0 14 610
1 6 219
0 5 673
0 5 273
1 13 852
1 5 948
1 167 556
0 11 799
1 27 128
0 6 34
0 5 361
1 21 726
1 10 233
1 9 206
0 10 562
0 15 707
1 5 552
0 6 314
1 112 625
1 6 641
1 11 304
1 6 833
0 24 956
1 11 144
0 17 357
1 5 238
0 7 29
0 5 349
1 23 876
1 9 386
0 5 335
0 6 208
1 387 982
0 25 339
0 6 68
0 6 776
1 8 745
1 37 176
1 5 716
0 34 686
0 15 183
0 45 805
0 8 280
0 5 327
0 37 141
0 22 220
1 5 850
0 464 576
0 43 751
1 6 25
1 5 658
1 7 560
0 8 948
1 20 949
1 8 373
0 12 660
0 6 100
0 6 430
1 6 269
0 8 252
1 32 497
0 6 134
1 5 910
0 60 744
1 48 767
1 667 750
1 22 145
1 560 765
0 181 665
1 20 341
0 5 855
1 14 65
1 11 296
0 5 221
1 6 311
1 5 946
0 44 396
1 10 607
1 5 292
0 8 898
0 36 902
1 7 412
1 6 351
0 6 70
1 6 649
0 53 595
1 68 957
1 39 978
0 9 523
0 9 219
1 5 450
1 67 936
0 193 217
1 7 76
1 5 122
1 5 494
1 12 117
1 6 581
1 6 807
1 8 517
1 7 444
0 8 716
0 5 419
0 11 93
1 5 746
0 8 146
1 5 462
0 937 947
1 7 216
0 8 38
1 8 561
1 8 439
0 25 61
1 18 223
0 17 87
0 10 18
0 7 69
1 16 699
0 16 306
0 7 137
1 16 353
1 10 875
1 46 857
1 54 195
1 7 170
0 5 693
1 7 866
1 24 771
1 10 979
1 8 459
1 19 732
1 8 83
1 5 416
0 6 304
0 6 198
1 15 804
0 10 982
1 12 881
0 6 746
1 5 220
0 5 285
1 18 121
0 9 959
0 5 941
0 7 831
0 6 92
1 11 986
1 80 105
1 7 286
0 6 600
0 5 351
0 9 349
1 439 662
0 78 800
1 19 862
0 6 442
0 5 723
0 23 279
1 5 614
1 8 535
0 41 497
1 5 446
1 5 888
0 5 83
0 5 95
0 63 497
1 9 212
1 11 88
0 11 533
0 6 326
1 5 686
1 81 360
1 7 658
0 6 350
0 5 165
0 7 319
0 10 720
1 7 580
1 21 430
0 23 41
1 11 954
1 7 602
0 5 741
0 9 21
0 8 174
0 12 632
0 5 217
0 5 661
0 5 67
0 12 820
1 11 288
0 5 619
0 21 627
1 8 149
0 8 200
1 8 69
1 9 538
0 19 495
1 6 343
1 6 301
0 8 672
1 7 544
1 369 444
1 16 793
1 11 714
0 26 994
1 82 879
1 12 949
1 12 55
1 5 390
0 6 220
0 14 836
0 16 204
0 7 271
0 8 760
1 24 231
1 19 350
0 5 937
1 5 542
0 30 588
0 5 199
0 17 117
0 13 473
1 6 189
1 15 348
0 6 188
1 7 166
0 41 569
0 83 357
0 7 37
1 618 697
0 8 524
0 22 700
1 15 762
1 6 379
1 14 733
0 898 904
1 24 389
0 7 601
1 8 869
1 7 694
1 5 28
1 6 595
0 126 800
1 5 864
1 7 870
1 9 82
0 10 84
0 7 525
1 5 626
0 5 231
1 6 467
1 7 68
1 32 503
1 5 466
1 15 280
0 7 723
1 43 704
1 9 106
1 9 134
0 42 526
0 9 117
0 9 613
1 5 846
1 12 111
1 48 863
0 7 813
1 5 808
0 5 423
0 33 995
1 9 978
0 27 81
0 52 932
0 5 647
0 5 591
1 11 418
0 15 625
1 7 584
0 53 735
0 72 556
0 5 873
1 7 242
1 9 660
0 9 67
1 25 134
0 29 473
0 9 183
1 8 787
1 11 194
0 9 341
0 6 488
1 11 26
1 6 875
0 14 542
0 17 223
1 18 337
1 16 325
0 6 270
0 4 988
1 5 424
0 5 477
0 10 280
1 8 349
0 16 740
0 8 764
1 5 876
0 17 751
0 9 757
0 10 664
0 5 457
1 8 497
0 21 371
1 164 463
0 6 782
0 19 65
1 15 224
0 7 453
0 22 178
0 6 432
0 5 653
1 17 272
1 10 139
1 7 274
0 5 577
1 8 845
0 18 338
1 4 965
1 6 767
0 7 565
1 5 562
0 8 580
1 47 336
0 20 364
1 6 383
0 270 372
1 53 822
1 368 431
0 12 426
1 11 1000
1 5 984
0 5 59
0 5 995
0 4 880
0 9 329
0 7 713
1 5 374
0 11 313
1 20 967
0 5 307
1 758 981
0 22 128
0 4 990
0 10 68
1 15 352
1 114 483
1 15 420
0 8 288
0 60 374
0 6 470
0 8 854
0 5 609
1 6 395
1 5 486
1 31 146
0 10 748
0 6 682
1 4 953
0 11 235
0 7 367
1 4 825
0 4 864
0 5 665
1 15 388
0 12 442
1 8 25
0 12 96
1 19 856
0 11 697
1 5 476
0 5 77
1 12 93
0 9 769
1 8 49
1 8 829
0 6 30
0 5 465
1 6 55
0 21 177
0 20 898
1 14 725
0 9 283
1 5 284
0 6 922
1 5 110
1 10 553
0 5 447
1 5 504
1 5 880
0 8 198
1 10 231
0 11 323
1 44 685
1 8 427
0 15 931
0 8 368
0 5 555
0 21 667
1 9 136
0 5 749
0 5 237
0 8 56
0 10 384
1 9 398
1 6 85
0 6 246
1 53 402
1 14 325
0 6 772
1 18 369
1 8 933
1 8 821
0 5 635
0 6 226
1 8 267
0 586 798
1 4 865
1 7 482
1 5 660
0 5 807
0 28 514
1 10 661
1 7 326
0 765 977
0 5 41
1 10 777
1 4 867
1 5 364
0 5 613
1 7 680
1 5 484
0 7 943
0 26 288
0 5 233
1 5 308
0 4 852
0 5 37
1 9 644
0 6 984
1 5 302
1 6 695
0 21 411
0 21 307
0 4 844
0 7 61
1 7 428
1 8 57
0 4 830
0 8 52
0 6 618
1 4 863
0 20 618
0 916 918
1 5 338
1 13 860
0 11 757
1 17 962
1 6 661
1 8 817
0 7 683
1 9 996
0 11 907
0 6 790
0 9 617
0 10 196
1 5 572
1 11 834
0 20 72
1 15 182
0 5 347
1 828 901
0 5 469
0 40 412
1 14 671
1 6 809
0 8 894
1 5 756
1 8 97
1 7 130
0 59 135
0 8 166
0 4 934
1 46 497
0 5 153
1 894 957
0 12 352
0 9 853
0 7 873
0 9 33
1 17 800
0 5 245
0 4 728
1 6 593
0 41 155
0 4 946
1 6 647
1 21 654
0 8 12
1 39 258
0 5 837
1 6 551
1 5 724
0 4 842
1 588 697
0 5 115
1 5 732
0 7 59
1 209 280
0 5 719
1 37 170
1 13 388
1 5 330
1 6 317
0 4 758
1 60 669
0 5 599
1 8 211
0 6 760
1 18 971
0 6 912
1 5 574
1 371 464
0 33 805
1 6 651
0 25 473
0 6 416
0 5 989
0 6 750
1 4 751
1 5 702
1 9 778
1 399 712
0 4 822
1 27 456
0 7 585
0 7 349
0 9 345
1 5 800
0 4 724
1 5 36
0 495 501
0 9 577
0 9 961
1 8 781
0 910 916
0 10 948
1 14 23
1 14 171
0 5 129
1 7 402
0 9 899
1 32 653
0 8 400
1 7 684
0 4 738
0 5 29
1 10 497
0 870 888
0 71 379
0 14 506
0 77 255
0 10 330
0 6 238
1 20 921
1 5 704
0 7 987
1 5 256
1 5 172
1 11 122
1 8 691
1 5 366
1 6 267
0 5 565
1 5 88
0 5 247
1 4 739
0 7 669
0 6 764
0 802 902
1 4 991
0 6 974
0 7 579
0 7 67
0 8 82
1 4 883
0 5 167
1 533 800
0 46 138
0 8 942
1 11 998
1 175 450
0 5 879
1 6 125
0 5 663
0 10 786
1 33 330
1 317 504
1 4 997
0 10 456
1 4 719
1 15 414
0 4 836
0 13 867
0 4 808
1 101 638
0 5 589
0 9 109
0 10 996
0 4 914
0 7 289
1 5 70
1 11 218
0 4 692
0 10 286
1 5 640
0 11 921
1 109 112
0 5 341
1 6 441
0 39 869
0 6 278
1 7 896
0 8 812
1 23 188
0 6 514
1 12 331
1 4 807
1 8 139
1 257 510
1 53 542
0 4 772
1 4 791
0 10 874
0 85 133
0 12 862
0 7 229
0 11 949
0 5 403
1 5 410
0 4 556
1 21 524
0 6 882
0 10 674
0 8 842
1 6 389
0 127 483
0 33 169
0 5 293
1 5 856
0 4 840
0 4 604
1 10 365
0 5 931
1 5 824
0 21 961
1 7 956
0 4 632
0 5 229
0 20 520
1 10 721
1 4 709
1 26 221
0 4 668
0 6 254
1 6 307
0 7 481
0 6 228
0 59 721
1 96 683
1 4 703
0 4 588
0 4 528
1 19 968
0 5 251
0 9 615
0 8 234
0 9 217
1 49 460
1 5 838
1 10 399
0 4 950
1 21 804
0 8 112
1 6 811
1 65 550
0 9 243
0 13 49
1 6 391
0 12 526
1 4 731
1 8 925
1 5 50
0 10 452
0 7 577
1 5 14
0 13 305
1 5 752
0 12 940
0 4 952
0 7 357
0 6 816
0 22 502
1 16 429
0 9 95
1 902 997
0 23 945
1 6 909
1 6 501
1 10 889
1 4 649
1 6 657
0 14 346
0 4 526
1 5 632
0 22 400
1 5 594
1 35 356
0 7 33
0 103 517
1 27 104
0 7 529
0 5 367
1 23 992
1 73 196
0 22 728
0 862 876
1 12 735
1 61 706
1 55 416
1 138 353
1 817 890
1 4 835
1 10 609
1 7 976
0 9 483
0 778 814
1 6 293
0 4 524
1 6 541
1 20 609
1 11 444
0 8 704
1 6 249
1 5 276
0 5 961
0 4 548
0 6 832
1 4 619
0 4 552
0 4 848
0 14 806
0 4 418
1 8 929
0 7 235
1 9 266
0 11 727
0 10 654
0 927 949
0 5 147
1 4 535
0 4 970
0 5 263
1 10 885
1 6 779
1 5 872
0 5 241
0 12 272
0 4 502
1 13 558
1 6 509
1 15 384
1 5 468
0 8 326
1 28 835
1 15 154
0 6 142
0 12 428
1 4 773
1 5 582
0 5 353
1 25 108
0 11 441
0 826 920
0 8 720
1 5 754
0 5 517
0 5 433
1 14 355
0 12 614
1 6 187
1 28 519
1 16 627
1 989 990
0 81 455
1 8 363
1 7 878
0 5 169
0 15 115
1 4 429
1 5 332
0 8 396
0 13 487
1 18 655
0 5 755
0 162 384
0 12 382
0 17 523
0 7 965
1 6 15
0 4 638
1 7 96
1 11 584
1 12 777
1 5 274
0 6 336
1 6 565
1 9 608
0 11 41
1 53 968
1 7 262
0 7 275
1 5 300
0 5 49
1 5 586
0 64 304
1 18 757
0 5 173
0 6 862
1 4 539
1 7 398
1 7 378
0 7 385
0 4 806
1 827 996
0 15 31
1 4 569
1 8 441
1 167 780
1 21 542
1 5 58
1 13 888
1 4 609
0 17 859
1 71 318
1 7 424
0 420 456
0 17 605
1 5 720
1 11 964
1 6 633
1 4 333
0 37 411
0 27 977
0 4 986
0 5 971
0 6 580
0 6 946
0 5 171
1 9 528
1 13 766
1 10 469
0 4 344
1 19 604
1 5 960
0 4 580
0 25 597
1 4 363
1 12 719
1 4 633
1 732 939
0 4 454
0 22 750
0 21 231
1 4 561
1 8 63
1 4 397
1 15 42
0 5 205
1 4 519
0 4 426
1 6 303
1 7 632
0 4 882
0 5 55
0 5 65
0 4 290
0 21 287
1 54 229
1 17 506
0 28 824
0 5 883
1 10 219
1 15 194
0 5 601
1 4 929
0 4 850
0 13 921
0 9 439
0 4 280
0 812 994
0 5 39
1 12 645
0 7 703
1 5 72
1 39 684
0 6 72
0 11 301
0 8 772
1 517 688
0 31 907
0 8 978
1 4 513
0 13 873
1 4 313
1 5 208
1 4 847
1 542 745
0 13 633
0 8 848
0 11 315
1 731 914
0 42 812
0 7 459
0 930 944
1 5 426
0 11 95
0 5 9
0 10 864
0 10 814
0 6 414
1 49 604
0 4 432
0 6 652
0 6 964
1 15 30
0 5 683
0 9 971
1 889 920
0 673 883
1 5 336
1 30 113
1 8 271
0 7 659
1 19 160
1 913 926
0 10 958
0 6 306
1 6 421
1 6 259
0 4 868
1 6 531
0 82 908
0 8 364
0 44 838
0 11 425
0 5 287
1 14 979
0 134 548
0 9 573
1 582 889
1 6 613
0 7 731
0 6 522
0 5 345
1 83 360
1 5 818
0 20 204
1 5 670
0 5 265
0 5 463
0 4 242
1 4 889
1 38 559
1 923 940
0 4 484
0 5 191
1 11 200
0 5 805
0 7 689
1 4 393
0 25 93
1 6 63
0 5 157
1 5 20
1 4 341
1 6 629
1 8 637
1 9 866
0 10 650
0 4 726
1 609 656
1 4 573
1 11 558
1 4 315
1 5 530
1 4 981
0 4 438
0 11 71
1 4 485
0 5 343
0 5 711
1 17 532
1 11 116
1 7 692
0 6 468
0 16 482
0 4 994
0 7 975
0 5 267
1 6 339
1 40 801
0 10 302
1 9 356
0 10 232
0 4 784
0 7 729
0 5 405
1 6 363
1 5 358
0 5 605
1 5 30
1 13 402
1 6 81
0 5 279
0 214 928
0 5 207
1 4 827
0 14 352
0 4 688
1 4 251
1 5 834
1 4 227
1 10 153
1 13 94
1 7 480
1 4 443
0 33 825
1 12 705
1 5 710
0 304 980
1 4 175
1 17 688
1 11 434
1 70 747
0 4 376
0 5 181
1 691 884
1 19 310
1 14 149
0 6 848
0 7 491
1 805 944
1 4 839
1 27 158
0 11 549
0 44 194
1 5 868
0 4 444
1 12 235
0 5 985
0 7 203
1 6 945
0 5 917
0 32 312
1 18 567
1 99 810
1 8 643
1 86 103
0 8 510
1 33 518
1 20 781
0 4 746
0 5 827
1 4 261
1 34 297
0 4 240
1 5 460
1 6 23
1 9 680
0 6 494
0 11 391
0 78 846
0 8 222
0 18 390
1 17 358
0 23 115
1 39 170
0 18 900
1 12 81
0 4 92
0 5 677
1 5 228
0 9 13
1 4 593
0 5 967
1 48 59
1 7 106
0 6 998
1 21 954
0 4 742
1 6 837
0 40 594
0 5 715
0 13 731
1 922 977
0 4 156
1 7 448
0 6 88
0 9 633
1 6 751
1 4 969
0 5 753
0 156 814
0 4 450
0 9 221
0 30 724
0 6 158
0 4 480
0 4 220
1 24 279
1 5 790
0 375 421
1 190 923
1 16 555
1 6 277
0 4 68
0 7 983
0 10 90
0 5 21
0 9 479
0 53 745
1 4 463
1 777 792
1 4 461
0 9 481
1 9 556
1 7 418
0 7 145
1 8 971
0 800 930
0 11 621
0 6 296
0 55 987
0 7 129
0 4 264
1 5 978
0 5 475
1 4 725
0 7 759
1 6 545
1 4 861
1 17 344
1 5 584
1 648 891
1 5 160
0 11 217
1 101 968
0 7 527
0 5 393
0 216 736
1 9 124
0 6 118
1 6 765
0 6 324
1 54 915
1 7 610
0 12 942
0 9 35
0 16 38
0 10 476
1 10 523
1 10 837
0 4 34
1 4 411
1 7 472
0 594 644
1 11 770
1 6 323
0 4 352
1 7 988
1 7 524
0 455 879
1 27 774
1 6 11
1 5 474
1 11 888
0 23 93
1 4 473
1 11 932
0 5 471
1 321 688
0 17 795
1 18 195
1 4 163
1 77 804
1 17 748
1 5 388
1 8 663
0 11 431
1 28 735
1 4 123
1 67 526
1 12 577
1 9 42
0 4 306
0 4 318
0 11 131
1 4 281
1 486 979
0 5 625
0 5 743
0 4 590
0 33 43
1 13 344
1 5 472
1 4 831
1 956 987
1 9 662
1 22 111
0 4 64
1 4 15
1 711 846
1 6 331
0 6 300
1 4 23
0 8 578
1 4 237
1 33 118
1 5 508
0 6 934
0 10 852
0 10 544
1 5 944
1 28 707
0 4 138
0 8 478
0 4 628
0 5 721
1 5 706
0 4 222
1 7 192
0 7 551
0 14 464
0 8 962
0 4 686
1 5 278
0 10 126
0 6 766
0 4 406
0 11 709
0 5 161
1 4 819
0 4 602
1 11 210
1 5 164
1 27 662
0 19 317
0 6 120
1 7 556
1 4 923
0 5 573
1 11 694
1 7 176
1 6 621
0 4 256
1 4 229
1 5 400
0 4 170
1 5 940
0 7 755
1 15 526
1 9 56
1 5 772
0 5 283
1 4 173
1 7 234
0 17 423
0 6 438
1 6 135
1 128 801
0 9 505
1 5 34
0 23 651
0 5 371
0 429 559
1 948 977
1 5 52
1 4 769
1 9 80
1 4 425
0 10 256
0 4 260
0 3 879
1 10 671
0 8 246
0 4 476
1 4 961
0 6 726
0 4 124
1 5 764
0 10 432
1 133 634
0 8 892
1 7 522
1 4 119
1 7 946
1 13 656
0 9 375
1 11 854
0 11 19
0 4 108
1 310 781
1 27 612
0 31 323
1 21 270
1 7 590
1 3 972
0 4 740
0 3 937
1 16 423
0 6 878
0 14 380
1 4 221
0 4 566
1 7 190
0 929 943
1 30 583
0 4 186
1 4 207
1 5 212
1 19 234
1 7 468
1 4 107
0 8 630
0 4 410
1 5 296
1 12 223
1 7 702
0 4 174
1 47 192
1 5 394
1 23 282
1 18 153
1 8 735
0 4 520
0 5 927
0 7 329
0 30 568
0 13 477
0 7 727
1 6 769
1 7 218
1 3 894
0 4 710
0 3 909
0 917 973
0 9 953
0 5 537
0 4 22
0 7 583
0 6 656
0 5 215
1 12 301
0 4 578
1 814 845
0 3 867
1 3 944
0 6 106
0 5 667
0 463 717
0 6 844
0 9 115
1 9 756
0 13 405
1 21 92
0 7 591
1 5 216
0 15 119
1 7 298
0 3 825
0 5 163
1 11 806
1 14 305
0 5 113
1 4 187
1 370 505
1 6 147
0 4 188
0 9 85
0 59 295
1 5 962
0 762 978
0 5 25
0 915 953
0 17 775
0 4 616
0 47 117
0 908 910
1 13 890
0 20 946
0 8 304
1 7 500
1 104 489
0 5 19
0 507 765
0 6 916
1 6 171
0 6 26
0 5 767
1 4 941
1 11 448
1 5 408
1 4 353
1 36 285
1 8 997
0 4 966
0 4 910
1 7 434
1 5 870
0 23 931
1 7 48
0 5 363
1 4 369
1 5 664
0 16 718
1 14 293
0 5 849
0 17 613
1 9 682
1 4 279
0 5 365
1 7 282
0 5 593
1 6 653
0 6 340
1 24 313
0 13 23
0 4 862
1 4 901
1 5 186
0 4 404
0 22 268
1 951 966
1 7 520
1 12 25
0 5 13
0 7 999
0 9 225
1 15 882
1 3 848
1 4 713
1 4 435
1 3 932
1 4 273
1 4 481
1 4 5
1 8 661
0 5 73
0 8 34
1 4 585
0 7 693
0 3 907
1 11 766
0 4 872
1 5 196
1 7 742
0 12 708
0 3 895
1 10 235
0 4 442
1 4 197
0 5 643
1 12 729
0 4 368
0 12 152
1 3 940
0 9 385
1 15 432
0 4 614
1 4 55
1 6 111
0 6 492
1 4 183
0 14 88
0 4 912
1 5 146
1 5 360
0 4 300
1 12 157
1 7 994
0 4 916
0 4 412
0 882 970
0 5 295
0 19 619
0 9 287
0 4 388
0 7 899
1 4 71
0 3 755
0 3 725
0 115 505
0 8 204
0 5 151
0 5 737
1 6 61
0 5 401
0 61 339
1 3 884
0 8 88
1 632 783
1 4 727
1 31 504
1 8 491
1 20 233
0 5 355
1 21 272
1 4 575
1 8 767
1 7 408
1 3 810
0 5 745
1 18 451
0 4 74
1 823 918
0 9 463
0 7 55
1 3 622
0 4 860
0 6 378
0 4 28
0 4 482
1 4 213
1 7 516
1 3 742
0 5 369
1 25 136
1 12 31
0 7 569
1 4 327
0 4 508
1 4 849
1 5 748
0 5 493
1 4 987
0 5 289
1 9 346
0 5 793
0 41 391
0 39 223
1 132 665
1 25 332
1 5 108
1 4 943
1 7 186
0 31 191
1 3 774
0 5 571
0 11 945
1 3 836
0 22 888
0 4 512
0 18 78
0 7 849
0 4 46
0 4 80
0 3 845
1 20 815
1 16 61
0 9 335
0 4 704
0 6 256
1 88 635
1 6 803
1 13 608
0 3 779
1 624 685
1 7 108
0 6 394
1 8 229
0 8 300
1 3 992
0 7 365
1 5 722
1 3 998
0 4 672
0 6 320
1 3 590
1 4 837
1 8 245
1 109 982
1 4 567
1 5 206
1 13 112
1 5 100
1 15 78
0 4 456
1 3 938
1 7 238
0 8 126
1 3 676
1 10 507
1 4 29
1 4 467
1 4 983
0 5 255
1 3 560
1 4 141
1 7 250
0 8 688
1 9 96
1 98 441
0 4 384
1 33 548
1 12 129
0 4 598
1 4 89
0 4 478
0 8 122
1 7 66
0 4 402
0 4 50
0 5 131
1 4 85
0 5 713
0 10 212
1 4 611
0 4 116
0 9 967
1 4 803
0 3 545
1 14 413
1 3 952
0 8 702
1 8 141
1 8 617
1 3 882
0 3 807
1 3 646
1 6 525
1 345 836
0 4 550
0 4 796
0 17 139
1 13 204
1 5 778
1 5 48
0 3 883
0 4 660
0 3 691
0 5 979
1 4 413
1 3 842
0 3 665
0 3 703
1 9 176
1 5 96
0 4 810
0 5 311
0 4 736
0 5 859
0 6 436
1 3 880
0 17 617
1 7 426
1 3 708
0 4 288
1 3 522
1 4 897
0 3 551
1 3 990
0 12 38
1 12 379
1 7 716
0 4 646
0 10 338
0 5 575
0 8 862
1 3 964
0 16 212
1 4 61
1 3 768
1 4 21
1 838 999
0 11 77
0 81 347
1 65 902
0 3 753
1 3 656
0 8 292
0 3 627
1 5 556
0 5 415
0 137 681
0 7 911
0 10 34
0 3 719
1 14 947
0 4 788
1 60 149
0 683 975
0 4 278
0 6 192
0 4 136
0 3 747
1 6 433
1 27 690
0 3 455
1 20 703
1 11 140
0 4 210
1 6 937
1 4 645
0 358 850
1 3 866
0 5 63
0 3 979
1 3 514
0 3 803
1 4 877
1 5 112
0 5 209
1 290 557
1 6 965
1 3 728
1 7 624
1 37 910
1 3 486
1 3 484
0 5 17
0 3 435
0 14 416
0 5 455
0 10 438
0 198 602
1 20 429
0 18 836
1 8 779
0 4 586
0 4 534
0 6 54
0 4 664
1 4 349
1 18 781
1 3 780
0 4 224
0 13 383
0 5 119
0 3 625
0 5 489
1 4 223
0 13 667
1 204 989
1 9 914
1 22 723
0 4 472
0 4 282
1 5 104
0 7 907
1 4 733
0 24 448
1 26 655
0 250 774
1 6 369
0 9 919
0 228 282
0 5 313
1 5 270
1 16 517
1 4 43
1 3 788
1 4 437
1 15 680
0 3 599
1 12 819
0 4 366
1 24 287
1 84 135
0 7 63
0 6 376
0 3 527
1 7 478
0 3 833
1 6 175
0 3 563
0 884 966
1 27 788
1 3 802
0 3 647
1 6 195
1 18 113
1 5 548
0 3 851
1 4 677
1 4 945
0 8 16
1 3 872
0 10 714
0 3 709
0 6 688
0 7 769
0 3 401
1 3 564
0 12 370
0 4 720
0 5 159
0 10 410
0 3 955
1 4 129
0 6 812
1 9 360
0 4 6
1 6 479
1 3 958
0 5 483
1 6 203
1 10 595
0 174 674
1 8 73
0 3 629
1 20 325
0 4 152
0 3 689
1 7 542
1 111 270
0 9 533
1 8 805
0 3 567
0 4 678
1 4 125
0 9 989
1 4 13
0 4 370
0 3 353
1 11 904
0 3 869
0 4 948
0 3 349
1 20 49
1 4 629
1 3 322
0 13 665
1 7 972
1 9 510
1 16 583
1 695 798
0 3 441
0 5 45
1 29 408
1 4 27
0 3 651
1 3 502
0 4 564
1 3 584
0 4 296
0 3 927
0 6 920
1 6 463
1 5 318
0 19 755
1 36 821
0 3 481
1 4 907
1 9 890
1 827 986
1 3 544
0 5 261
0 4 776
1 3 478
0 3 643
0 14 820
0 4 500
0 5 443
1 4 465
1 4 47
0 121 669
1 7 266
0 4 272
0 35 535
0 7 471
1 26 531
0 10 102
1 9 378
0 5 495
1 3 970
1 4 407
0 3 301
1 3 294
1 4 239
0 3 681
0 4 760
1 15 350
0 5 79
1 5 986
0 6 160
1 4 53
0 60 920
1 904 929
0 4 56
1 8 647
1 15 460
1 10 259
0 6 322
1 144 961
1 5 166
1 3 432
0 7 159
1 5 392
0 10 840
1 10 603
1 5 294
1 5 242
1 3 480
1 32 667
1 4 471
1 3 456
1 3 268
1 9 590
0 3 981
1 4 587
1 5 522
0 3 617
0 4 146
0 4 648
0 493 609
1 10 795
0 3 635
0 113 593
1 7 194
0 5 649
0 3 287
1 6 105
1 10 621
1 5 246
1 5 844
1 8 861
0 47 183
0 4 984
1 4 787
1 15 276
1 3 838
0 3 959
1 3 658
0 10 918
1 3 516
0 3 929
0 18 756
1 5 890
0 71 233
1 3 796
0 5 109
0 3 195
0 9 131
0 20 986
1 3 284
0 3 905
1 3 534
0 7 765
1 4 621
0 13 91
0 3 717
1 6 13
0 3 457
1 4 307
0 5 275
0 12 484
0 13 721
0 4 198
1 3 912
0 3 341
0 4 658
0 3 601
1 4 547
0 3 263
0 4 960
0 7 217
1 4 957
1 3 382
1 4 275
1 9 630
1 3 968
0 3 261
0 6 396
1 3 260
1 23 834
1 3 272
1 4 109
1 3 466
1 3 888
0 6 84
0 7 651
0 3 571
1 9 904
1 3 156
0 37 59
1 15 684
0 4 510
1 3 160
1 3 1000
0 8 794
1 7 636
0 8 220
0 12 460
1 3 250
1 4 101
0 3 417
0 3 149
1 4 601
0 254 854
1 3 892
1 4 763
0 5 223
0 3 701
1 12 745
1 5 516
1 4 871
1 14 785
1 3 834
1 39 252
1 25 394
0 11 769
1 6 939
1 7 630
0 4 980
1 4 517
0 12 472
0 16 808
1 10 131
1 7 210
1 14 219
1 4 949
1 8 463
0 9 423
1 4 217
0 16 904
1 3 860
0 3 199
0 6 366
1 3 718
1 3 136
1 3 326
1 3 482
1 7 462
0 7 783
1 11 294
1 5 926
0 39 241
1 9 324
0 14 186
0 5 75
1 14 17
1 7 112
0 5 437
0 5 499
0 3 999
0 4 572
1 4 309
1 11 928
0 3 121
1 9 508
1 3 278
0 5 373
1 8 739
0 5 845
1 8 147
0 14 716
0 4 26
0 3 489
1 22 897
0 3 251
1 9 770
0 10 682
0 3 335
1 5 564
0 3 893
0 125 475
1 5 404
1 3 224
0 45 539
1 3 288
1 3 318
1 7 86
0 3 707
1 5 418
1 6 281
1 4 399
1 5 428
0 892 916
1 3 314
0 4 378
1 35 472
0 4 106
1 6 777
1 3 876
1 3 858
1 3 662
1 3 406
1 6 157
1 6 919
0 7 455
0 10 702
1 4 655
0 15 749
0 18 194
1 962 971
1 6 103
1 8 297
1 3 80
0 6 574
1 709 928
1 3 856
0 9 141
1 55 280
0 6 740
1 5 848
0 4 560
1 16 993
1 3 696
0 10 464
1 4 767
0 3 741
1 5 482
1 3 348
0 3 933
1 27 336
1 4 419
0 3 233
0 7 259
0 7 21
1 9 784
0 3 131
0 3 865
1 9 310
1 3 204
0 4 262
0 3 991
0 3 445
0 14 454
1 41 50
1 4 159
1 3 168
1 3 30
0 3 173
1 3 804
0 5 611
0 9 931
0 12 804
0 26 744
0 3 941
1 103 260
1 3 56
1 4 177
1 5 42
0 3 245
1 4 795
0 5 633
0 3 911
0 3 87
1 3 238
0 3 813
1 16 265
1 3 262
1 4 91
1 4 421
0 4 364
1 3 62
1 7 578
1 3 296
1 4 139
1 5 8
0 3 259
1 4 167
1 5 224
1 4 599
1 4 617
0 4 558
0 7 805
1 6 367
0 3 767
1 3 350
0 5 935
0 18 246
0 5 315
0 8 90
1 5 56
1 938 981
0 5 141
0 5 235
1 3 48
0 3 479
0 6 362
0 4 12
0 3 19
0 3 945
1 24 61
1 16 891
0 20 174
0 7 31
0 4 828
1 19 456
0 4 428
1 6 517
0 17 797
0 151 859
1 5 862
1 3 178
1 39 628
1 3 216
0 3 39
1 33 602
0 3 207
0 4 538
0 2 944
0 5 799
0 2 956
1 37 684
0 8 30
1 5 262
0 4 38
0 6 786
1 5 382
1 6 459
0 3 473
1 3 618
0 4 316
0 3 899
0 3 239
1 11 674
0 3 847
1 3 766
1 5 554
0 2 916
0 3 453
1 3 20
1 5 712
0 3 781
1 19 284
0 4 326
0 14 802
0 11 199
1 5 286
1 4 995
1 30 907
1 58 707
0 3 185
1 4 823
0 5 15
1 5 618
1 12 979
1 4 667
1 4 447
1 6 205
1 5 316
0 918 994
0 3 415
1 16 121
0 6 930
1 2 985
1 5 544
0 3 735
1 4 771
0 3 355
0 5 31
0 8 762
1 9 144
1 3 596
0 3 659
0 5 997
0 3 465
1 6 255
0 19 223
1 18 91
0 3 273
1 6 533
0 3 337
1 9 412
1 5 464
1 3 976
1 3 74
1 19 738
1 5 620
1 3 454
1 12 527
0 869 993
0 3 913
0 4 314
1 7 996
1 4 367
1 5 396
0 3 897
1 3 612
0 7 379
0 28 946
1 7 596
1 9 126
0 9 253
0 20 358
1 4 607
1 6 179
1 39 146
1 28 363
1 2 863
0 3 737
1 5 606
1 13 848
0 30 90
1 32 115
1 2 939
1 2 955
0 3 201
1 6 253
0 4 554
0 13 139
0 3 795
0 3 463
1 13 922
0 6 624
1 3 472
1 3 176
1 10 957
1 2 917
1 4 191
1 9 794
1 2 877
1 3 352
0 3 155
1 3 610
0 4 462
1 4 745
1 13 346
0 5 303
1 8 749
1 6 933
0 10 184
0 10 712
0 3 595
0 3 529
1 3 846
0 12 286
1 2 975
1 12 473
0 5 747
1 7 232
0 2 964
1 3 864
1 4 83
0 4 414
1 56 889
0 5 739
0 30 624
0 29 281
0 12 144
1 2 871
0 6 406
0 3 891
0 3 523
1 57 124
1 4 753
1 6 873
1 4 681
0 5 787
0 3 291
1 4 329
1 15 324
0 3 831
0 6 204
0 18 850
0 6 334
1 2 993
1 2 801
1 3 248
1 3 934
0 3 539
1 5 176
1 2 959
1 33 442
0 3 923
0 3 585
0 3 783
0 6 874
1 4 181
1 26 873
1 2 797
1 5 326
1 7 530
0 2 786
0 2 772
1 3 722
0 18 480
1 2 833
1 3 448
0 5 117
1 2 851
0 3 295
1 7 134
0 54 624
0 3 221
1 3 356
0 5 379
0 3 577
1 2 743
0 9 527
1 3 914
1 2 859
0 7 121
1 3 740
0 3 329
1 17 350
0 4 434
1 2 879
1 37 178
1 6 979
0 24 984
0 2 820
1 31 748
1 3 16
1 3 26
0 3 815
1 2 921
0 6 42
0 3 769
0 2 744
1 3 782
1 2 819
0 6 76
0 19 509
0 23 707
1 751 974
0 2 866
0 5 507
0 4 400
0 4 786
1 5 708
0 11 507
0 6 622
1 2 911
1 3 570
1 6 715
1 6 289
1 16 93
1 2 705
1 60 485
0 51 483
1 7 118
1 69 572
1 3 14
0 5 549
0 865 987
0 4 18
1 3 290
1 2 757
0 13 135
0 3 605
0 10 598
0 3 137
1 8 85
0 2 764
1 3 394
0 18 648
0 5 53
0 4 10
1 2 777
1 5 842
1 12 73
0 3 397
1 3 808
1 19 806
0 3 203
1 7 918
0 3 829
0 30 398
0 5 277
0 3 45
1 5 758
0 14 822
1 3 302
1 3 720
1 3 566
0 3 511
1 2 831
0 2 762
0 3 731
0 8 682
1 3 292
1 22 973
0 4 770
0 2 960
0 4 992
1 4 97
1 3 920
1 3 490
0 4 130
1 4 73
1 3 84
0 2 664
1 5 558
1 3 130
1 5 644
1 3 578
1 2 767
1 7 650
0 3 209
0 2 658
1 4 917
1 475 630
1 3 354
0 11 253
1 6 435
0 4 774
1 4 59
1 2 727
1 7 42
0 2 778
1 2 703
1 3 752
0 6 372
0 2 806
0 17 939
1 2 707
1 2 765
0 3 787
0 3 181
0 2 692
1 4 371
0 4 78
1 4 873
1 4 641
0 4 694
0 5 889
1 6 815
1 3 274
1 2 677
0 2 850
0 7 897
0 10 472
1 7 382
0 4 298
1 2 713
0 3 695
1 4 859
1 8 109
0 937 945
1 7 410
0 2 878
0 2 754
1 5 218
1 3 374
1 4 255
1 3 488
1 2 601
1 2 747
0 3 189
0 3 247
0 3 461
1 5 24
0 2 642
1 2 899
0 6 310
1 3 464
1 6 285
0 10 448
0 2 788
1 11 486
1 2 923
1 3 320
0 3 13
1 3 786
1 3 698
0 3 357
1 36 907
0 2 634
0 4 606
1 30 477
0 12 14
1 7 612
0 3 375
0 7 675
1 112 667
0 104 174
0 4 706
0 3 477
0 2 924
1 3 128
1 2 685
0 21 399
1 4 623
1 2 799
0 3 367
0 5 679
0 3 275
0 2 804
1 5 320
1 13 220
1 8 397
0 22 784
1 11 594
0 848 870
0 3 17
1 3 542
0 2 988
0 5 895
0 5 539
0 4 448
1 4 257
1 3 134
1 2 699
1 3 78
0 2 776
1 2 729
0 621 929
1 4 189
1 3 162
1 7 324
0 11 25
0 3 537
0 3 5
1 3 270
0 2 1000
1 7 292
0 3 67
0 3 59
1 2 657
0 3 439
0 4 440
1 2 579
0 2 968
0 36 806
1 23 978
1 12 65
0 3 921
1 3 628
1 437 920
0 11 401
1 2 997
1 3 440
0 13 915
0 4 328
0 3 475
1 10 77
1 5 858
1 3 756
1 2 875
0 3 223
0 4 846
1 20 745
1 2 507
0 139 521
0 9 857
0 3 603
0 7 193
1 3 358
0 3 71
1 16 367
0 5 57
1 2 545
1 6 599
1 11 924
1 3 500
0 2 588
1 3 402
0 2 662
0 7 489
0 2 730
0 4 98
1 2 737
0 2 704
1 2 501
0 7 581
0 11 721
0 3 997
1 3 636
0 6 104
1 8 107
1 11 472
0 825 907
0 3 123
1 9 946
1 250 683
0 6 742
1 7 146
0 20 446
1 3 950
1 19 634
0 2 890
1 2 597
0 7 545
1 2 637
0 2 716
0 7 383
1 3 146
1 3 38
0 2 998
1 2 589
0 3 243
0 2 900
1 5 506
0 8 890
1 8 227
0 2 468
1 2 889
1 2 791
0 14 118
0 2 652
1 8 833
1 10 207
0 4 110
0 2 628
0 2 718
0 2 466
0 3 119
1 3 106
1 4 383
1 2 621
1 25 566
1 2 983
1 2 881
1 4 303
0 2 610
1 2 927
0 4 168
0 4 396
1 951 954
0 2 504
1 98 999
0 3 227
1 22 991
0 2 670
1 3 462
1 3 118
0 8 592
1 2 815
1 3 312
1 26 119
0 7 417
1 9 414
0 3 533
0 4 596
1 3 800
0 3 359
0 5 529
1 4 625
0 4 82
1 2 477
0 5 467
1 2 715
1 2 569
1 4 799
1 3 32
0 3 467
0 2 688
1 6 865
0 9 275
0 3 957
0 3 673
0 873 991
1 2 599
0 3 161
0 2 818
1 3 434
1 8 93
0 2 452
0 2 430
0 4 236
0 2 654
0 21 317
1 2 843
0 2 666
0 2 472
1 3 416
1 3 240
1 2 583
1 2 541
1 69 506
0 7 549
0 3 989
1 11 182
0 2 938
1 3 988
0 2 558
0 4 94
0 2 980
0 6 136
0 3 581
1 2 989
1 3 328
1 6 771
0 2 646
0 3 165
0 2 552
0 5 817
0 7 17
0 32 682
0 3 431
1 32 461
0 3 241
1 9 456
0 98 386
1 2 375
1 3 420
0 3 491
1 3 980
1 4 555
0 8 988
1 3 504
1 3 242
0 2 518
0 5 761
1 2 485
0 738 792
1 3 418
1 2 587
1 7 570
0 21 173
1 10 327
0 2 424
0 3 593
0 16 790
0 6 58
0 6 828
0 503 597
1 2 853
1 3 626
0 2 848
0 47 671
0 844 940
0 2 406
0 3 135
1 3 96
1 3 210
0 6 338
1 36 929
0 17 55
1 68 961
0 3 411
0 3 179
1 3 42
1 12 423
0 803 985
0 2 416
0 2 672
1 3 408
0 4 904
1 3 182
0 2 490
0 2 484
0 2 566
0 5 417
0 2 800
0 7 95
0 4 266
0 2 986
1 2 823
1 3 556
1 2 559
0 2 520
1 5 766
1 2 795
0 3 21
1 892 975
0 2 498
0 3 821
1 63 570
0 7 853
0 3 65
0 2 682
1 3 614
0 4 142
1 4 695
0 7 473
1 2 719
1 2 689
0 3 667
1 3 380
0 2 748
1 3 470
0 34 870
1 2 353
0 142 270
1 2 809
0 2 366
0 2 638
0 2 564
1 2 401
1 2 307
0 7 701
1 3 744
0 2 322
0 2 292
0 5 869
0 2 364
1 6 425
1 2 471
1 4 643
1 5 282
0 4 866
0 4 96
0 24 752
0 2 782
1 41 460
1 3 36
0 3 739
0 2 278
1 6 401
1 3 792
1 3 670
0 2 238
0 8 658
1 2 615
0 14 604
0 14 644
1 2 255
0 2 248
0 2 350
1 25 290
1 4 169
1 2 459
1 5 814
0 3 721
1 3 724
1 9 410
1 4 359
0 2 882
1 2 611
0 2 876
1 2 667
0 8 68
0 2 774
1 2 709
1 2 457
0 5 183
1 297 900
1 24 741
0 6 576
0 6 288
0 6 954
0 2 756
0 3 711
1 2 303
1 3 120
0 3 623
1 7 162
0 10 186
0 2 304
1 2 805
1 2 215
1 4 911
0 2 218
1 3 228
1 2 269
0 2 254
0 2 310
0 7 789
0 5 139
0 9 623
1 6 113
0 9 667
0 5 953
1 2 297
0 2 898
1 5 118
1 2 825
1 28 297
1 3 366
0 5 179
0 2 356
0 2 446
1 2 249
1 2 591
0 2 760
0 6 412
1 5 690
0 12 380
0 3 107
1 3 442
1 2 331
0 8 754
1 6 841
0 6 146
1 2 735
1 19 374
0 3 759
1 2 827
1 2 241
0 7 9
0 2 784
1 3 70
1 2 673
1 2 227
0 7 71
1 4 87
1 3 246
1 2 243
1 25 656
1 4 265
1 4 391
0 2 458
0 986 990
1 14 511
0 9 559
1 11 830
1 2 205
0 2 308
1 5 46
0 24 116
0 2 408
1 2 343
0 2 386
1 43 592
0 2 478
1 3 686
0 2 586
1 3 34
0 9 11
0 2 294
0 14 556
0 5 281
1 2 423
0 3 93
0 2 152
1 62 369
0 2 884
0 3 267
1 2 935
1 12 461
0 2 580
1 2 229
1 4 553
1 5 402
0 7 821
0 14 780
1 2 421
0 4 358
0 953 993
1 2 377
0 2 698
0 9 359
1 2 117
1 2 367
0 5 297
1 2 203
0 3 289
1 2 111
0 5 61
0 9 317
1 7 372
0 10 672
0 2 976
0 2 170
0 2 240
0 2 390
1 3 602
0 7 103
1 2 417
1 3 280
0 5 487
1 11 984
1 2 717
0 3 279
1 2 413
1 2 173
0 2 994
0 3 597
0 2 90
1 4 77
1 3 498
0 4 574
1 7 858
1 3 196
1 2 319
1 7 476
0 3 743
0 24 352
0 10 708
0 931 965
1 2 191
0 2 320
0 2 894
1 21 298
1 9 306
1 2 633
1 3 922
1 2 515
1 3 388
1 3 822
0 4 696
0 3 433
1 3 638
0 8 172
1 4 289
1 8 601
0 3 951
0 2 136
0 2 874
0 5 89
0 11 825
1 2 785
1 2 905
1 2 439
1 6 579
1 2 539
0 2 188
0 2 868
0 2 120
1 3 890
0 15 23
1 2 821
0 15 695
0 2 602
0 3 25
0 2 78
1 2 979
0 2 60
1 2 445
0 2 450
0 3 679
0 2 142
1 2 631
1 3 340
0 3 427
0 2 46
1 2 697
0 2 534
1 2 399
0 3 171
0 2 420
1 2 721
1 33 254
0 3 663
1 3 650
1 5 656
0 2 700
0 3 519
1 3 620
0 8 430
0 2 10
0 2 144
0 11 717
1 2 405
0 834 974
0 2 880
0 5 519
1 2 433
1 2 257
0 2 746
0 2 492
1 2 153
0 2 186
1 2 931
1 4 131
0 3 811
0 19 961
0 2 516
0 3 961
0 2 720
0 5 47
0 2 448
0 2 42
0 2 108
1 2 341
1 3 572
0 2 796
0 4 196
1 2 261
1 2 163
0 13 281
0 2 394
1 2 925
0 2 198
0 2 872
1 5 560
1 2 679
0 4 902
0 12 978
0 1 997
1 2 27
0 2 196
1 2 25
1 1 966
1 9 490
1 2 701
1 10 221
0 2 732
1 8 121
1 3 468
0 2 442
0 2 236
0 2 244
0 7 835
0 6 162
0 3 915
0 6 856
0 2 372
1 2 305
0 2 252
0 2 808
1 14 91
0 2 396
0 20 664
0 2 752
1 2 137
1 2 321
0 12 304
1 9 238
1 2 585
0 2 400
0 2 648
1 5 82
0 2 324
0 2 902
1 9 964
0 1 987
1 102 673
1 4 855
0 2 464
1 1 962
0 1 957
0 2 192
0 6 50
1 3 844
0 3 677
0 2 584
1 2 197
1 2 179
1 2 147
0 1 983
1 5 346
1 1 982
0 2 948
1 3 258
1 1 1000
0 2 892
1 2 943
0 2 270
0 4 474
0 2 506
0 3 421
0 3 555
1 2 35
0 14 146
0 4 532
0 2 856
0 3 143
1 3 758
0 3 773
0 3 565
1 475 856
1 1 940
0 5 175
0 3 307
1 3 426
0 2 694
1 2 113
0 2 276
1 2 857
1 18 129
0 4 920
0 1 935
0 15 757
0 5 919
1 2 145
1 2 211
1 4 935
0 2 984
1 5 370
1 231 468
1 2 873
1 1 944
1 2 951
1 4 345
1 3 820
0 1 981
1 2 247
0 5 621
1 3 212
1 2 973
0 2 724
0 4 76
0 4 684
0 2 230
1 2 5
0 3 313
1 9 840
1 9 868
0 2 330
0 5 319
0 2 316
1 3 214
1 756 927
0 2 618
0 2 88
0 2 26
0 7 99
0 2 154
1 1 852
1 3 8
1 3 208
0 12 294
0 1 865
0 865 969
1 2 39
1 4 137
0 2 632
0 4 712
0 2 816
1 2 363
0 2 930
1 1 994
0 2 536
0 2 312
0 3 41
0 1 953
0 45 703
0 49 585
0 3 775
0 6 660
0 8 80
0 3 75
0 4 354
0 2 28
1 1 848
0 3 255
1 3 616
0 2 44
0 4 834
1 5 806
0 1 861
0 14 640
1 1 866
0 5 503
1 12 791
1 1 878
1 2 115
1 2 51
0 5 973
0 367 529
1 5 698
1 9 798
0 18 758
1 2 613
0 4 826
1 11 76
0 11 375
1 4 195
0 21 181
1 2 619
0 7 267
0 1 979
1 8 197
0 2 494
1 4 785
0 2 70
0 16 244
0 7 499
1 4 271
0 2 66
0 2 182
1 9 484
0 3 257
1 2 549
0 1 897
0 1 951
1 1 850
1 813 876
0 20 232
0 14 926
1 2 505
1 3 674
1 1 822
0 1 809
1 3 526
1 2 443
1 3 776
0 1 821
1 27 154
1 2 21
0 2 138
0 1 773
0 2 554
1 2 167
0 2 770
1 2 121
1 2 155
1 3 510
0 1 789
0 4 62
0 4 212
1 6 549
0 3 487
0 7 89
1 2 133
1 2 57
1 3 332
1 1 816
1 2 135
1 5 610
0 1 833
0 4 24
0 1 959
1 1 768
1 2 71
1 1 920
1 3 738
1 2 547
1 1 786
1 2 101
0 2 858
1 2 509
0 2 190
1 2 365
0 3 381
1 2 49
0 2 794
1 1 996
0 6 578
0 1 993
0 8 196
1 3 580
1 2 751
1 1 812
1 3 664
0 3 437
0 10 326
0 3 943
0 2 68
1 2 275
1 9 642
0 1 779
0 2 440
0 2 946
1 1 820
1 7 940
1 1 826
1 2 663
1 9 924
0 2 726
1 1 958
0 1 901
1 3 592
1 1 750
0 1 973
0 2 358
0 2 272
1 7 546
0 2 474
0 2 160
1 1 880
1 1 746
1 8 125
1 1 728
0 1 855
1 1 802
1 1 766
0 1 893
0 1 839
1 5 272
1 2 143
0 1 845
0 2 620
1 3 550
0 1 797
1 5 588
1 1 918
1 2 761
1 1 908
1 4 603
1 1 942
0 936 956
0 1 675
1 36 561
0 3 751
0 1 937
1 1 948
0 14 130
1 1 710
0 2 16
0 2 942
1 1 864
1 1 794
0 1 919
1 2 971
0 1 729
0 2 264
0 2 214
1 5 38
0 2 226
0 2 184
0 2 374
1 2 461
0 1 697
1 1 654
0 1 731
1 4 135
0 3 51
1 1 964
1 14 969
1 11 778
0 2 482
0 2 738
1 2 373
0 1 723
0 3 53
0 689 957
1 8 137
0 2 578
1 1 896
1 150 409
1 2 489
0 1 775
1 2 83
1 3 122
1 1 706
1 11 914
0 1 677
1 1 814
0 1 727
1 1 788
1 1 638
1 2 139
1 3 44
1 10 317
1 2 655
0 1 769
0 2 576
0 1 707
1 3 60
0 1 633
0 1 649
1 2 11
1 2 511
1 1 882
1 1 986
1 3 64
0 2 166
1 2 213
1 2 283
1 1 660
0 1 719
1 1 894
0 1 701
1 2 895
0 4 88
1 1 628
0 4 372
0 7 343
0 2 550
0 3 43
0 1 603
0 1 819
0 2 444
1 1 642
1 2 45
0 55 453
1 1 600
1 26 595
1 2 969
1 2 119
1 6 747
0 4 122
1 1 738
0 3 129
1 1 950
0 2 84
0 1 739
1 2 627
0 1 989
0 5 991
1 1 970
0 1 913
0 2 52
0 2 548
0 8 350
1 2 463
1 3 12
1 1 780
0 1 955
1 3 202
0 1 689
0 1 599
1 1 670
0 1 849
0 1 585
0 1 803
0 1 835
0 2 470
1 2 841
0 2 250
1 3 306
1 1 902
1 9 322
0 1 611
1 612 943
1 2 85
1 5 348
0 1 583
0 1 571
1 2 37
0 907 955
0 1 693
1 1 760
0 3 187
1 2 281
1 1 632
1 1 828
1 2 9
1 1 668
1 1 542
1 347 400
0 1 553
1 1 870
0 1 859
1 2 907
0 1 995
0 1 683
1 1 568
1 1 580
1 1 832
0 2 488
1 2 567
0 1 857
1 2 563
0 4 656
0 1 853
1 1 722
0 18 634
1 2 449
0 1 621
1 2 385
1 1 598
0 2 314
1 43 748
1 2 77
1 2 43
1 3 158
0 1 805
0 1 659
1 1 648
1 13 968
1 1 824
1 1 682
1 1 934
0 3 73
0 3 705
0 1 565
0 1 713
0 1 843
0 2 32
1 218 709
0 1 529
1 1 776
0 1 521
0 2 384
0 3 535
1 1 502
1 5 528
1 2 175
0 1 487
0 1 715
0 2 438
1 4 365
1 1 784
0 2 290
1 2 605
1 5 414
0 14 426
1 1 500
1 1 846
1 1 646
1 1 486
1 1 518
1 1 606
0 1 519
1 869 974
0 1 589
0 2 712
0 1 473
1 1 516
0 9 27
1 4 153
0 2 500
1 1 556
0 1 495
1 2 487
0 3 81
1 1 752
0 1 541
0 1 573
0 1 637
0 2 164
1 1 884
1 1 536
1 1 680
0 2 156
1 1 546
1 1 552
1 2 359
1 13 970
0 2 798
1 7 948
0 1 709
1 2 379
0 1 509
1 1 448
0 2 302
1 6 855
0 1 671
1 1 758
0 1 721
1 1 590
1 2 91
1 4 427
1 2 475
1 1 442
1 2 759
1 1 770
0 3 27
0 1 941
0 2 476
1 1 432
0 3 531
0 6 690
1 1 762
1 1 716
0 972 998
1 1 512
0 3 151
0 1 593
1 1 452
1 1 464
0 1 749
1 1 614
1 1 420
0 2 140
0 1 433
1 1 466
1 1 774
0 1 555
0 7 695
0 1 823
1 2 313
0 1 663
1 1 676
1 2 855
0 2 562
0 1 409
0 1 471
1 1 438
1 1 474
0 2 538
1 1 834
0 2 300
1 3 22
1 1 440
0 1 403
0 1 427
0 1 501
1 1 582
0 1 551
0 2 266
1 2 361
0 1 875
0 1 411
0 1 393
0 1 379
0 2 780
1 1 586
1 1 974
1 4 111
1 2 557
0 1 375
0 1 841
1 3 520
1 3 552
0 2 134
1 1 374
0 2 106
1 2 455
0 2 594
1 2 33
0 10 620
1 1 662
1 2 811
0 1 559
0 1 469
1 2 659
1 1 396
0 1 613
1 2 161
1 2 141
1 1 990
1 21 368
1 11 768
1 1 364
1 1 424
1 1 430
0 1 513
0 1 453
0 1 425
0 1 615
0 1 391
0 1 479
0 1 361
1 2 189
0 1 407
0 1 669
1 21 142
0 1 423
1 1 836
0 1 561
0 1 977
1 3 142
1 141 434
1 1 418
1 2 193
1 1 380
0 1 629
0 1 337
0 4 112
1 1 936
0 22 322
0 1 807
0 3 113
0 2 978
1 2 69
0 4 670
1 1 358
1 2 987
0 2 486
0 5 135
1 1 748
0 1 817
0 1 617
1 2 169
0 1 317
0 1 421
0 2 296
0 1 461
0 1 685
1 1 376
1 1 482
0 1 547
0 2 210
0 1 517
0 2 220
1 2 723
0 1 497
1 1 700
1 1 360
0 2 708
0 2 80
0 2 98
1 4 885
1 1 368
1 8 595
1 4 455
0 1 595
0 2 222
1 1 640
1 4 285
1 3 126
0 15 29
0 1 313
1 1 514
0 8 230
1 2 123
1 1 434
1 3 286
1 1 328
0 22 364
0 1 309
1 9 50
0 3 345
1 1 278
0 1 703
1 1 282
0 1 267
1 1 304
1 1 458
0 1 437
1 1 324
0 2 344
1 2 787
0 1 783
1 1 498
0 2 76
0 1 389
0 1 745
0 1 975
0 1 483
1 1 658
1 1 382
1 6 427
1 2 105
1 1 354
0 3 495
1 4 653
0 1 287
1 1 524
0 1 289
0 1 253
0 1 847
1 1 290
1 1 800
0 1 351
1 1 344
0 1 463
1 1 250
1 1 254
1 1 472
0 1 371
0 2 50
1 3 452
1 3 140
0 1 311
1 2 63
0 2 306
1 1 292
0 1 329
0 1 335
0 1 795
1 1 890
1 1 684
1 1 302
0 1 395
0 1 237
0 1 985
1 2 937
1 1 260
1 1 332
1 4 381
0 1 225
1 1 258
0 1 999
0 1 279
0 1 209
1 1 594
0 1 307
0 1 293
0 1 609
1 1 604
1 2 67
1 1 362
1 1 296
1 1 218
0 1 431
0 1 401
1 1 228
0 1 231
1 1 220
1 2 15
1 12 965
1 913 946
0 1 369
0 1 263
0 1 415
1 1 602
1 1 612
1 1 210
1 1 478
0 1 295
1 1 270
0 1 493
0 1 439
0 1 185
1 1 316
1 1 268
0 1 277
1 2 233
1 1 176
0 3 89
1 1 222
0 1 699
0 1 197
0 1 597
1 1 264
1 3 164
0 2 256
1 1 386
0 1 343
0 1 447
1 1 744
0 1 791
0 1 341
1 2 327
1 1 456
0 1 635
1 1 314
0 4 194
0 1 173
1 1 262
1 1 216
1 1 236
0 1 211
1 1 372
0 1 499
0 1 315
0 6 902
0 1 195
1 1 294
0 9 249
1 1 256
1 1 352
0 1 169
1 1 162
1 4 379
0 1 269
0 1 215
0 1 863
1 1 610
1 3 282
0 1 345
0 1 157
1 1 238
0 5 497
0 3 713
1 1 204
1 1 190
0 1 533
1 1 128
0 1 159
1 1 214
1 1 136
1 1 346
0 1 373
0 1 265
1 1 156
1 3 692
1 1 334
1 1 142
1 1 508
0 1 131
0 1 127
0 1 273
1 1 370
0 1 109
1 1 108
1 1 194
0 1 229
1 1 172
0 1 189
0 1 123
1 1 692
1 6 737
1 1 100
0 1 163
1 1 246
1 1 154
1 6 679
0 1 405
1 1 468
0 1 449
1 1 202
0 1 221
1 1 124
0 1 119
0 1 97
0 1 149
1 1 152
0 1 619
0 1 147
0 1 117
0 1 81
0 1 107
1 1 168
1 1 188
1 1 170
1 1 198
0 1 103
0 1 85
1 1 90
0 3 925
0 1 167
1 1 118
0 1 145
1 1 70
0 1 387
0 1 125
1 1 148
1 1 104
0 1 271
1 1 178
1 1 68
0 1 67
0 1 303
0 1 101
0 1 91
1 1 116
1 1 98
0 1 121
1 1 72
1 1 714
0 1 333
1 1 76
1 1 110
0 1 115
0 1 223
0 1 69
0 1 323
0 1 79
0 1 57
1 1 66
1 1 94
1 1 230
0 1 673
0 1 61
1 1 200
1 1 58
0 1 37
1 1 106
0 1 51
1 1 32
0 1 525
0 1 41
1 1 54
1 1 34
0 1 141
0 1 55
0 1 49
0 1 35
0 2 546
0 1 259
1 1 144
1 1 30
1 1 40
0 1 53
1 1 80
0 1 23
1 1 42
0 1 15
0 1 47
1 1 166
0 1 19
1 1 26
0 1 9
1 1 12
0 1 11
1 1 6
1 1 16
1 1 8
0 1 199
0 1 3
