250
5000
0 211 239
0 67 237
0 84 242
0 115 209
0 158 230
0 71 191
0 97 115
0 190 216
0 88 250
0 219 225
0 86 92
0 85 141
0 63 111
0 117 203
0 215 247
0 84 232
0 62 70
0 129 143
0 92 200
0 56 168
0 57 165
0 80 150
0 166 218
0 86 184
0 53 145
0 69 75
0 69 169
0 168 234
0 160 164
0 123 129
0 77 147
0 75 119
0 59 215
0 61 167
0 157 173
0 58 124
0 98 120
0 196 226
0 61 205
0 79 153
0 40 158
0 54 224
0 82 156
0 82 128
0 63 187
0 172 188
0 57 129
0 62 224
0 56 138
0 90 184
0 89 153
0 84 104
0 91 217
0 123 167
0 199 221
0 68 174
0 67 239
0 37 185
0 92 184
0 122 160
0 85 215
0 79 215
0 103 199
0 158 194
0 141 233
0 60 122
0 62 84
0 79 185
0 188 210
0 133 155
0 92 128
0 96 240
0 61 75
0 70 166
0 191 223
0 59 135
0 123 247
0 107 123
0 62 106
0 69 237
0 50 180
0 111 193
0 94 108
0 94 106
0 62 248
0 123 221
0 156 214
0 108 214
0 36 112
0 42 176
0 77 149
0 107 169
0 77 219
0 61 121
0 91 153
0 90 158
0 49 199
0 115 141
0 77 145
0 155 173
0 103 113
0 112 150
0 166 200
0 57 111
0 39 157
0 188 232
0 111 205
0 102 170
0 112 156
0 70 150
0 57 63
0 226 236
0 132 236
0 59 133
0 102 240
0 129 133
0 102 188
0 116 214
0 68 138
0 121 233
0 59 141
0 59 191
0 146 214
0 69 135
0 56 102
0 167 223
0 74 198
0 116 212
0 61 117
0 64 240
0 60 120
0 62 156
0 117 215
0 96 164
0 88 242
0 71 83
0 74 138
0 82 232
0 71 239
0 78 166
0 153 225
0 166 216
0 88 196
0 121 171
0 204 236
0 92 126
0 95 215
0 152 188
0 98 142
0 170 220
0 103 147
0 67 79
0 87 123
0 121 223
0 80 244
0 128 248
0 27 39
0 90 136
0 198 204
0 92 176
0 50 74
0 130 220
0 128 196
0 183 239
0 166 204
0 107 219
0 123 171
0 117 187
0 62 138
0 69 137
0 60 190
0 157 223
0 54 92
0 132 194
0 59 183
0 132 210
0 87 239
0 180 190
0 96 120
0 160 172
0 57 79
0 169 247
0 217 225
0 90 174
0 143 223
0 71 187
0 147 169
0 126 166
0 95 105
0 60 96
0 130 164
0 64 176
0 148 236
0 98 164
0 7 17
0 221 245
0 85 125
0 102 136
0 61 219
0 102 146
0 97 239
0 128 180
0 80 198
0 57 219
0 57 203
0 136 198
0 60 80
0 62 170
0 141 145
0 185 187
0 90 118
0 53 59
0 56 234
0 45 67
0 52 248
0 64 146
0 169 205
0 88 94
0 149 191
0 79 165
0 60 104
0 163 185
0 199 237
0 206 210
0 148 200
0 136 242
0 88 212
0 138 220
0 33 219
0 55 173
0 75 137
0 84 134
0 84 106
0 54 76
0 39 89
0 55 73
0 89 99
0 57 67
0 24 152
0 62 142
0 50 152
0 55 113
0 118 180
0 107 205
0 95 219
0 123 147
0 239 245
0 58 96
0 166 174
0 128 160
0 85 237
0 141 247
0 134 216
0 60 206
0 242 244
0 138 174
0 141 193
0 95 147
0 156 218
0 55 149
0 68 216
0 71 225
0 109 153
0 60 210
0 87 117
0 96 102
0 54 74
0 78 96
0 61 109
0 83 153
0 122 152
0 84 204
0 70 124
0 78 188
0 71 137
0 125 183
0 34 206
0 85 205
0 149 203
0 58 188
0 115 205
0 145 193
0 84 180
0 73 153
0 131 209
0 105 231
0 87 105
0 203 237
0 57 153
0 53 55
0 108 124
0 83 183
0 97 145
0 52 58
0 63 137
0 100 154
0 107 193
0 120 184
0 64 216
0 60 174
0 53 125
0 82 120
0 156 166
0 98 100
0 96 104
0 109 163
0 55 71
0 49 77
0 188 250
0 53 113
0 84 190
0 56 158
0 150 188
0 87 231
0 194 224
0 118 132
0 78 80
0 96 112
0 88 154
0 104 154
0 61 223
0 141 173
0 135 193
0 60 220
0 107 231
0 120 194
0 68 226
0 128 168
0 38 70
0 106 200
0 129 185
0 88 240
0 100 242
0 231 245
0 52 250
0 53 137
0 57 107
0 163 239
0 78 156
0 53 187
0 145 187
0 67 219
0 117 197
0 133 219
0 54 232
0 62 196
0 106 108
0 69 91
0 71 89
0 85 119
0 141 153
0 73 141
0 83 173
0 206 250
0 58 170
0 54 70
0 173 225
0 121 231
0 146 218
0 52 158
0 164 242
0 107 197
0 40 194
0 42 136
0 88 108
0 17 87
0 94 102
0 169 231
0 51 225
0 68 78
0 80 152
0 116 198
0 122 250
0 109 223
0 51 209
0 143 185
0 224 236
0 82 176
0 133 191
0 58 220
0 129 183
0 52 62
0 53 77
0 174 232
0 77 137
0 59 115
0 146 248
0 50 136
0 147 199
0 155 197
0 184 206
0 74 180
0 172 210
0 187 191
0 126 168
0 76 200
0 57 173
0 138 160
0 59 73
0 188 226
0 45 97
0 86 148
0 194 196
0 91 133
0 78 88
0 128 130
0 58 82
0 59 165
0 94 160
0 25 31
0 153 197
0 51 163
0 56 98
0 57 191
0 98 138
0 176 198
0 116 240
0 86 120
0 135 157
0 92 174
0 113 149
0 174 206
0 164 166
0 61 97
0 108 150
0 193 225
0 98 106
0 64 188
0 148 204
0 73 91
0 54 176
0 103 173
0 132 164
0 135 155
0 119 185
0 183 193
0 130 224
0 130 138
0 209 231
0 184 224
0 92 160
0 52 176
0 55 239
0 131 223
0 123 239
0 71 129
0 117 165
0 88 168
0 106 158
0 107 157
0 154 250
0 124 132
0 143 237
0 200 212
0 55 153
0 156 204
0 106 220
0 53 171
0 124 250
0 104 134
0 95 157
0 74 190
0 67 125
0 69 217
0 141 157
0 119 157
0 69 99
0 62 98
0 45 57
0 49 137
0 75 247
0 94 138
0 74 136
0 108 148
0 91 173
0 50 240
0 60 68
0 75 171
0 53 155
0 146 184
0 205 233
0 92 108
0 54 236
0 59 111
0 141 199
0 104 124
0 51 147
0 102 244
0 56 210
0 183 191
0 108 244
0 61 203
0 52 184
0 109 113
0 92 198
0 56 148
0 50 176
0 102 172
0 163 193
0 88 126
0 117 155
0 78 124
0 52 216
0 113 129
0 56 214
0 96 158
0 90 106
0 137 197
0 99 129
0 170 236
0 64 248
0 130 248
0 70 170
0 115 173
0 98 104
0 100 250
0 87 247
0 55 197
0 63 211
0 55 103
0 156 240
0 60 106
0 149 211
0 67 233
0 131 239
0 85 113
0 95 143
0 126 236
0 118 216
0 119 147
0 19 135
0 68 98
0 87 167
0 60 74
0 147 163
0 56 152
0 141 205
0 198 214
0 56 136
0 124 210
0 123 157
0 134 158
0 117 239
0 129 199
0 50 148
0 75 145
0 169 191
0 91 143
0 51 185
0 106 170
0 76 198
0 59 171
0 76 188
0 44 210
0 84 98
0 67 245
0 111 133
0 212 236
0 54 104
0 73 245
0 99 155
0 107 155
0 157 239
0 74 206
0 107 137
0 97 147
0 96 190
0 158 250
0 67 123
0 60 78
0 87 111
0 92 146
0 60 212
0 67 191
0 19 49
0 73 203
0 126 188
0 104 244
0 157 225
0 120 176
0 96 128
0 55 59
0 116 138
0 61 141
0 68 82
0 60 134
0 95 99
0 156 164
0 105 115
0 49 131
0 82 240
0 74 108
0 155 199
0 64 130
0 125 205
0 87 147
0 152 210
0 68 166
0 49 53
0 60 100
0 96 146
0 68 132
0 116 146
0 61 211
0 146 250
0 198 240
0 53 191
0 88 200
0 133 245
0 216 236
0 84 224
0 42 168
0 51 247
0 158 236
0 84 94
0 122 226
0 142 174
0 27 183
0 67 157
0 64 106
0 86 176
0 97 223
0 61 69
0 98 160
0 58 180
0 87 205
0 50 70
0 62 226
0 86 136
0 221 225
0 75 149
0 131 145
0 71 99
0 135 221
0 73 107
0 196 230
0 47 209
0 59 61
0 200 250
0 210 248
0 74 100
0 94 206
0 141 211
0 77 143
0 135 185
0 17 205
0 62 168
0 131 155
0 63 153
0 47 233
0 12 176
0 70 190
0 153 223
0 47 143
0 122 126
0 47 149
0 60 180
0 56 166
0 68 230
0 104 152
0 79 247
0 98 166
0 102 236
0 51 155
0 86 198
0 18 172
0 132 146
0 134 184
0 124 126
0 92 94
0 47 173
0 146 148
0 142 152
0 168 230
0 82 98
0 121 137
0 133 173
0 78 158
0 85 199
0 113 137
0 134 160
0 89 187
0 85 245
0 132 218
0 82 150
0 121 147
0 47 89
0 103 141
0 136 188
0 118 200
0 224 234
0 88 118
0 219 221
0 100 102
0 113 155
0 56 80
0 53 129
0 57 69
0 106 190
0 109 203
0 232 234
0 45 225
0 69 149
0 112 164
0 121 153
0 44 56
0 109 197
0 47 111
0 103 193
0 64 166
0 105 135
0 100 124
0 80 184
0 82 94
0 122 166
0 122 180
0 45 169
0 108 122
0 88 164
0 45 83
0 79 199
0 164 168
0 53 193
0 59 123
0 95 233
0 131 245
0 135 173
0 50 150
0 63 225
0 49 167
0 54 56
0 95 165
0 191 217
0 49 215
0 167 203
0 106 198
0 44 218
0 148 250
0 68 190
0 78 102
0 55 69
0 49 147
0 53 71
0 58 248
0 53 95
0 149 231
0 117 131
0 97 111
0 99 119
0 60 130
0 116 196
0 45 165
0 68 116
0 138 244
0 50 138
0 51 133
0 149 233
0 53 83
0 74 172
0 90 196
0 126 224
0 176 204
0 51 215
0 104 160
0 130 188
0 34 124
0 79 117
0 45 79
0 123 155
0 152 172
0 126 234
0 107 171
0 55 115
0 62 154
0 154 158
0 138 248
0 108 242
0 115 221
0 71 125
0 107 199
0 87 89
0 59 149
0 49 79
0 50 198
0 143 221
0 92 232
0 78 248
0 104 148
0 121 155
0 60 124
0 85 91
0 150 152
0 55 123
0 92 138
0 96 152
0 148 150
0 69 71
0 106 250
0 118 236
0 124 128
0 117 163
0 112 124
0 107 135
0 64 124
0 51 83
0 108 116
0 71 209
0 86 168
0 71 115
0 190 250
0 197 199
0 60 158
0 102 160
0 80 106
0 100 112
0 98 200
0 55 141
0 44 206
0 132 220
0 146 180
0 51 137
0 69 209
0 223 231
0 80 132
0 89 163
0 158 198
0 49 107
0 134 232
0 17 45
0 184 194
0 57 99
0 53 231
0 126 244
0 167 221
0 15 157
0 126 248
0 74 218
0 76 84
0 133 193
0 57 193
0 44 226
0 61 83
0 17 123
0 96 216
0 107 221
0 124 236
0 69 141
0 85 121
0 50 62
0 53 75
0 92 102
0 200 236
0 47 107
0 51 57
0 45 85
0 91 111
0 64 120
0 60 150
0 163 237
0 54 96
0 176 188
0 88 206
0 106 130
0 43 79
0 15 237
0 86 160
0 121 173
0 52 236
0 212 218
0 180 240
0 146 176
0 160 184
0 54 100
0 50 102
0 122 146
0 64 200
0 131 143
0 96 136
0 200 230
0 112 210
0 138 170
0 71 97
0 149 171
0 99 149
0 75 223
0 205 245
0 122 196
0 146 156
0 92 100
0 52 168
0 218 220
0 84 112
0 145 205
0 49 157
0 78 168
0 68 244
0 49 113
0 55 165
0 121 199
0 33 79
0 43 197
0 133 167
0 68 100
0 108 130
0 67 69
0 99 245
0 106 236
0 190 248
0 109 125
0 25 49
0 165 225
0 183 217
0 85 131
0 53 117
0 94 104
0 61 143
0 167 187
0 149 193
0 73 109
0 84 244
0 50 60
0 108 190
0 47 185
0 50 190
0 158 164
0 87 145
0 91 219
0 61 107
0 50 88
0 42 106
0 158 190
0 61 111
0 82 216
0 68 158
0 105 153
0 142 206
0 42 92
0 67 111
0 53 199
0 53 153
0 157 205
0 67 103
0 74 90
0 49 95
0 97 109
0 56 154
0 57 233
0 204 212
0 135 245
0 91 141
0 96 126
0 118 120
0 13 75
0 51 97
0 60 244
0 56 172
0 86 88
0 58 242
0 184 232
0 106 148
0 44 200
0 106 150
0 126 190
0 80 242
0 87 135
0 63 113
0 91 167
0 150 242
0 100 206
0 86 158
0 43 209
0 111 223
0 54 94
0 138 156
0 87 187
0 45 193
0 193 205
0 128 174
0 83 211
0 63 143
0 118 160
0 216 242
0 95 185
0 82 212
0 64 126
0 83 247
0 115 191
0 98 116
0 147 225
0 100 218
0 58 134
0 50 188
0 55 157
0 112 158
0 188 190
0 73 87
0 107 117
0 59 197
0 188 198
0 82 180
0 24 116
0 112 130
0 123 149
0 51 79
0 42 190
0 143 247
0 121 203
0 55 185
0 40 176
0 103 121
0 55 95
0 91 215
0 52 138
0 56 68
0 148 166
0 126 196
0 129 239
0 141 163
0 68 194
0 95 217
0 56 78
0 69 219
0 126 132
0 44 106
0 73 225
0 25 105
0 77 131
0 99 147
0 56 240
0 85 115
0 54 216
0 98 232
0 96 108
0 105 171
0 97 165
0 76 134
0 79 203
0 59 157
0 94 204
0 152 236
0 84 226
0 56 194
0 143 215
0 79 109
0 84 176
0 103 169
0 70 210
0 54 244
0 53 115
0 147 187
0 145 225
0 86 130
0 158 244
0 70 236
0 197 217
0 95 119
0 58 226
0 41 203
0 164 212
0 42 250
0 41 171
0 71 205
0 100 170
0 59 155
0 70 126
0 94 142
0 38 148
0 44 146
0 131 237
0 44 108
0 57 137
0 100 224
0 141 155
0 76 168
0 51 61
0 120 236
0 29 113
0 61 245
0 92 116
0 126 212
0 61 247
0 55 91
0 47 221
0 67 217
0 43 73
0 44 70
0 129 211
0 64 134
0 73 169
0 165 171
0 89 165
0 33 63
0 57 231
0 157 187
0 109 137
0 54 212
0 120 142
0 58 132
0 58 98
0 54 126
0 53 247
0 44 142
0 107 121
0 157 211
0 70 118
0 86 190
0 115 211
0 113 237
0 58 148
0 135 165
0 198 230
0 69 155
0 58 232
0 39 191
0 44 112
0 78 242
0 43 149
0 90 130
0 128 250
0 106 166
0 86 220
0 42 172
0 148 224
0 97 221
0 89 245
0 67 155
0 90 242
0 105 121
0 90 96
0 71 135
0 62 184
0 124 248
0 63 133
0 73 103
0 56 244
0 119 135
0 41 193
0 129 209
0 180 218
0 118 130
0 83 239
0 89 191
0 143 163
0 117 219
0 106 206
0 129 137
0 184 204
0 40 50
0 52 76
0 57 239
0 86 172
0 76 204
0 43 233
0 51 71
0 106 160
0 121 129
0 128 218
0 130 146
0 77 117
0 56 230
0 42 188
0 155 193
0 44 148
0 58 230
0 59 247
0 129 205
0 64 244
0 163 165
0 133 217
0 40 156
0 75 233
0 74 200
0 56 96
0 95 211
0 160 206
0 130 216
0 152 168
0 45 55
0 42 80
0 131 221
0 135 187
0 43 55
0 204 244
0 97 215
0 150 226
0 86 134
0 102 122
0 106 230
0 44 96
0 105 205
0 88 190
0 117 133
0 194 204
0 43 63
0 78 132
0 84 168
0 92 248
0 40 142
0 103 209
0 133 215
0 138 146
0 44 216
0 79 211
0 115 157
0 88 90
0 191 247
0 80 212
0 131 211
0 59 117
0 51 125
0 103 225
0 143 145
0 73 95
0 172 230
0 154 174
0 188 240
0 38 224
0 41 211
0 61 105
0 98 156
0 97 247
0 43 51
0 77 165
0 47 237
0 13 187
0 206 244
0 39 109
0 38 154
0 83 191
0 54 82
0 126 176
0 47 247
0 64 152
0 55 145
0 57 77
0 197 209
0 83 133
0 59 245
0 37 219
0 57 87
0 89 231
0 80 250
0 106 168
0 206 212
0 71 141
0 38 146
0 86 116
0 108 232
0 98 170
0 136 244
0 41 145
0 113 217
0 40 196
0 136 146
0 109 129
0 129 131
0 52 194
0 44 126
0 50 232
0 41 135
0 50 128
0 59 91
0 94 180
0 128 234
0 122 230
0 134 248
0 67 117
0 43 173
0 40 96
0 37 225
0 56 82
0 153 193
0 39 165
0 60 148
0 84 234
0 39 187
0 37 85
0 49 59
0 84 166
0 68 96
0 63 219
0 73 209
0 152 240
0 104 188
0 102 164
0 37 103
0 82 130
0 45 187
0 49 247
0 152 214
0 56 206
0 59 203
0 37 153
0 56 198
0 69 147
0 40 82
0 40 130
0 87 199
0 89 217
0 111 219
0 41 155
0 126 214
0 63 123
0 89 237
0 45 91
0 61 133
0 108 126
0 96 106
0 41 51
0 97 163
0 75 199
0 60 108
0 86 216
0 184 216
0 135 145
0 36 126
0 167 211
0 134 148
0 41 191
0 52 152
0 169 233
0 30 158
0 53 131
0 171 211
0 133 153
0 168 188
0 37 57
0 122 150
0 142 158
0 73 231
0 103 187
0 106 248
0 135 225
0 54 156
0 53 237
0 53 149
0 94 118
0 82 234
0 70 158
0 37 59
0 115 153
0 45 211
0 40 116
0 44 240
0 37 97
0 50 158
0 100 160
0 49 211
0 165 193
0 60 136
0 84 148
0 39 75
0 36 106
0 96 170
0 191 197
0 96 224
0 97 113
0 40 152
0 112 170
0 188 220
0 80 174
0 168 236
0 97 193
0 91 107
0 36 198
0 40 108
0 88 204
0 69 123
0 104 194
0 40 60
0 43 217
0 96 100
0 36 68
0 60 226
0 58 196
0 105 141
0 84 86
0 49 115
0 88 104
0 42 198
0 88 146
0 102 134
0 42 134
0 133 211
0 52 170
0 164 226
0 51 233
0 43 113
0 38 104
0 185 191
0 36 214
0 193 231
0 50 96
0 131 147
0 218 250
0 150 170
0 115 167
0 67 87
0 154 168
0 85 219
0 51 199
0 172 250
0 196 250
0 141 239
0 51 55
0 40 210
0 119 121
0 71 91
0 21 129
0 105 167
0 43 111
0 47 157
0 58 158
0 98 124
0 150 190
0 55 105
0 62 88
0 43 219
0 103 133
0 212 250
0 45 111
0 90 102
0 226 230
0 45 147
0 73 165
0 173 205
0 42 74
0 173 185
0 94 122
0 40 76
0 38 240
0 180 224
0 88 132
0 118 148
0 52 214
0 172 206
0 118 244
0 124 130
0 76 146
0 132 148
0 44 86
0 73 239
0 111 211
0 128 190
0 37 205
0 85 221
0 58 94
0 122 220
0 142 172
0 39 107
0 55 231
0 43 89
0 50 216
0 122 198
0 131 183
0 59 97
0 11 185
0 50 230
0 37 209
0 78 122
0 50 78
0 173 221
0 163 183
0 44 158
0 49 169
0 91 119
0 141 225
0 76 138
0 50 206
0 122 172
0 44 132
0 39 43
0 112 214
0 84 118
0 78 250
0 52 164
0 155 167
0 59 67
0 43 71
0 132 160
0 39 123
0 33 199
0 41 129
0 57 221
0 125 141
0 191 219
0 34 154
0 116 244
0 124 194
0 41 209
0 41 43
0 43 163
0 82 210
0 129 225
0 183 225
0 36 40
0 67 147
0 40 94
0 52 70
0 113 205
0 51 95
0 122 200
0 94 126
0 118 176
0 95 109
0 62 118
0 200 216
0 39 57
0 49 119
0 113 209
0 42 196
0 55 187
0 108 176
0 52 154
0 121 165
0 77 217
0 185 231
0 198 232
0 54 204
0 51 193
0 129 135
0 37 169
0 54 148
0 41 137
0 37 187
0 64 86
0 126 240
0 36 146
0 36 42
0 39 113
0 129 245
0 96 174
0 120 190
0 119 211
0 153 211
0 187 233
0 60 154
0 53 133
0 134 230
0 137 165
0 39 203
0 63 157
0 52 96
0 63 193
0 203 247
0 90 152
0 88 224
0 87 215
0 150 154
0 33 107
0 170 244
0 40 220
0 147 183
0 153 167
0 33 169
0 121 193
0 185 193
0 169 225
0 103 245
0 36 58
0 100 216
0 34 236
0 152 158
0 142 234
0 44 224
0 197 219
0 64 88
0 165 197
0 45 135
0 79 85
0 198 236
0 40 100
0 76 80
0 42 242
0 120 204
0 70 94
0 187 231
0 50 244
0 38 122
0 78 218
0 112 128
0 108 184
0 148 194
0 62 232
0 42 152
0 53 143
0 136 236
0 149 237
0 54 250
0 83 167
0 142 194
0 55 147
0 42 174
0 63 245
0 88 174
0 134 188
0 34 62
0 92 214
0 210 236
0 104 176
0 61 191
0 94 128
0 36 124
0 40 54
0 63 203
0 118 248
0 197 221
0 61 67
0 54 196
0 89 233
0 50 130
0 112 126
0 128 148
0 172 242
0 153 169
0 84 206
0 137 141
0 55 121
0 68 234
0 128 138
0 51 221
0 133 209
0 43 245
0 38 210
0 120 212
0 85 157
0 148 180
0 38 164
0 130 180
0 86 212
0 116 166
0 121 145
0 69 125
0 119 137
0 130 158
0 47 125
0 34 174
0 36 226
0 135 223
0 42 44
0 84 156
0 171 193
0 50 196
0 145 165
0 64 154
0 168 240
0 50 98
0 78 176
0 158 174
0 38 60
0 95 173
0 42 104
0 83 143
0 42 224
0 62 130
0 113 125
0 37 95
0 49 183
0 34 200
0 50 166
0 79 103
0 41 121
0 51 53
0 49 135
0 112 226
0 41 233
0 52 142
0 88 234
0 167 173
0 89 199
0 50 170
0 147 193
0 120 152
0 197 233
0 78 154
0 67 107
0 109 221
0 156 220
0 230 242
0 143 147
0 57 147
0 129 169
0 107 183
0 56 248
0 52 172
0 147 245
0 40 68
0 194 216
0 132 224
0 45 167
0 108 172
0 39 173
0 69 79
0 124 198
0 123 131
0 120 240
0 99 107
0 34 118
0 52 218
0 198 244
0 146 160
0 47 193
0 91 95
0 152 224
0 67 135
0 156 188
0 33 53
0 187 239
0 98 172
0 128 172
0 30 118
0 173 247
0 165 209
0 112 176
0 84 90
0 190 218
0 78 230
0 87 107
0 37 137
0 209 233
0 157 221
0 57 109
0 30 70
0 10 68
0 52 84
0 56 124
0 40 166
0 190 230
0 131 137
0 44 54
0 134 204
0 82 118
0 47 59
0 82 106
0 36 220
0 84 146
0 92 152
0 153 247
0 217 245
0 33 119
0 80 196
0 118 190
0 45 223
0 57 225
0 45 237
0 88 112
0 31 67
0 30 210
0 53 73
0 37 119
0 68 118
0 33 61
0 56 242
0 56 86
0 33 203
0 62 132
0 47 219
0 76 136
0 36 148
0 117 137
0 34 220
0 152 204
0 160 240
0 50 194
0 89 171
0 50 134
0 55 131
0 42 248
0 185 197
0 125 185
0 43 167
0 120 170
0 163 225
0 42 154
0 36 82
0 31 33
0 41 49
0 74 120
0 38 212
0 86 240
0 34 172
0 125 157
0 125 215
0 77 237
0 30 54
0 97 191
0 79 191
0 78 136
0 209 211
0 132 142
0 124 150
0 31 185
0 102 120
0 120 146
0 41 157
0 99 115
0 30 150
0 31 231
0 157 247
0 112 118
0 199 205
0 158 214
0 152 164
0 45 171
0 39 153
0 134 164
0 31 145
0 31 55
0 120 180
0 115 129
0 134 146
0 30 34
0 31 245
0 145 223
0 43 129
0 38 74
0 124 242
0 34 150
0 105 123
0 39 171
0 73 215
0 67 149
0 41 91
0 85 187
0 47 133
0 216 232
0 50 132
0 73 183
0 92 226
0 176 234
0 33 123
0 33 73
0 76 108
0 242 248
0 205 237
0 15 217
0 61 183
0 75 205
0 62 230
0 36 200
0 44 84
0 117 157
0 42 184
0 52 220
0 96 230
0 138 230
0 112 232
0 42 78
0 34 190
0 130 214
0 168 198
0 36 74
0 164 210
0 36 96
0 29 115
0 102 130
0 150 236
0 117 143
0 92 204
0 38 156
0 194 218
0 43 135
0 62 160
0 31 69
0 125 169
0 168 232
0 37 211
0 51 69
0 92 170
0 43 225
0 112 206
0 57 131
0 113 219
0 106 134
0 57 183
0 104 210
0 113 157
0 63 165
0 31 45
0 86 232
0 99 233
0 41 79
0 185 221
0 83 109
0 51 67
0 86 234
0 170 250
0 76 92
0 100 232
0 31 171
0 45 143
0 71 119
0 115 223
0 145 173
0 164 232
0 203 245
0 33 187
0 29 223
0 132 156
0 43 147
0 42 226
0 50 248
0 51 219
0 29 137
0 38 242
0 31 167
0 54 242
0 47 145
0 111 191
0 25 187
0 164 236
0 52 126
0 234 250
0 36 116
0 98 168
0 138 206
0 36 176
0 99 211
0 199 233
0 116 172
0 43 121
0 97 167
0 183 231
0 36 70
0 47 135
0 34 92
0 37 47
0 157 203
0 70 90
0 41 119
0 57 163
0 135 209
0 37 145
0 100 164
0 43 157
0 142 150
0 126 198
0 41 163
0 183 203
0 56 130
0 43 109
0 56 90
0 27 113
0 57 209
0 31 215
0 137 237
0 54 240
0 119 209
0 82 124
0 73 193
0 50 226
0 38 184
0 36 94
0 29 57
0 75 197
0 152 216
0 29 41
0 31 63
0 53 185
0 103 197
0 63 67
0 31 37
0 117 237
0 49 71
0 47 183
0 160 168
0 187 221
0 40 86
0 38 170
0 31 97
0 104 204
0 42 142
0 70 108
0 64 92
0 41 123
0 30 104
0 119 225
0 42 132
0 75 107
0 41 113
0 36 190
0 74 224
0 47 53
0 41 59
0 41 45
0 27 43
0 84 248
0 109 143
0 167 219
0 38 98
0 33 97
0 52 90
0 33 49
0 130 212
0 41 63
0 75 173
0 30 164
0 50 86
0 27 63
0 34 244
0 77 211
0 200 248
0 56 218
0 106 156
0 27 133
0 30 90
0 31 219
0 206 248
0 29 95
0 40 52
0 136 150
0 160 204
0 85 225
0 55 171
0 153 205
0 68 214
0 47 131
0 30 160
0 141 143
0 137 239
0 88 180
0 123 185
0 30 128
0 27 147
0 40 226
0 55 119
0 38 174
0 70 188
0 142 164
0 152 212
0 54 106
0 173 233
0 116 224
0 40 172
0 83 155
0 143 205
0 33 215
0 84 230
0 31 41
0 54 172
0 94 184
0 30 212
0 51 117
0 173 209
0 27 125
0 33 57
0 85 169
0 164 196
0 62 76
0 76 224
0 210 250
0 136 230
0 56 176
0 40 244
0 50 250
0 97 135
0 43 187
0 52 116
0 33 185
0 100 248
0 216 248
0 92 98
0 29 199
0 71 79
0 86 150
0 44 250
0 27 197
0 62 128
0 79 123
0 112 134
0 34 76
0 138 210
0 157 217
0 119 165
0 212 224
0 107 115
0 33 113
0 51 205
0 34 188
0 27 211
0 41 95
0 214 234
0 30 56
0 27 145
0 126 138
0 37 91
0 34 158
0 31 89
0 73 129
0 109 219
0 95 237
0 116 118
0 176 180
0 148 174
0 67 183
0 167 247
0 52 146
0 92 142
0 172 248
0 80 88
0 31 115
0 70 82
0 210 230
0 94 196
0 124 196
0 58 76
0 167 169
0 169 183
0 70 184
0 89 149
0 73 133
0 43 87
0 92 218
0 54 118
0 212 242
0 34 168
0 57 89
0 124 146
0 126 154
0 30 106
0 47 153
0 23 171
0 30 194
0 124 148
0 39 41
0 40 150
0 82 160
0 60 70
0 138 166
0 131 167
0 31 135
0 29 109
0 154 194
0 42 206
0 104 230
0 27 55
0 31 49
0 31 39
0 41 217
0 36 230
0 42 214
0 24 194
0 63 95
0 152 220
0 191 211
0 58 224
0 41 131
0 40 204
0 51 145
0 30 92
0 37 167
0 34 52
0 79 205
0 60 84
0 55 77
0 102 220
0 108 206
0 51 237
0 126 184
0 45 191
0 152 232
0 170 240
0 58 86
0 97 103
0 24 56
0 25 97
0 27 141
0 25 51
0 34 212
0 42 180
0 56 58
0 33 99
0 44 214
0 39 117
0 24 106
0 41 67
0 30 68
0 68 150
0 174 190
0 34 58
0 31 233
0 33 121
0 30 124
0 204 250
0 75 157
0 30 52
0 29 185
0 43 215
0 29 61
0 210 244
0 53 61
0 39 67
0 68 250
0 38 64
0 236 240
0 69 203
0 47 85
0 108 204
0 194 236
0 96 122
0 157 185
0 30 226
0 115 187
0 76 124
0 68 154
0 183 211
0 53 99
0 171 197
0 27 79
0 75 239
0 59 131
0 63 69
0 173 215
0 25 45
0 23 119
0 45 117
0 91 221
0 103 117
0 47 67
0 131 135
0 25 115
0 78 212
0 58 122
0 56 156
0 87 197
0 29 215
0 90 142
0 80 194
0 25 73
0 97 209
0 164 234
0 38 200
0 33 129
0 190 200
0 166 240
0 24 184
0 90 212
0 204 232
0 130 176
0 137 163
0 91 247
0 68 88
0 38 216
0 143 187
0 29 131
0 24 38
0 176 212
0 40 70
0 138 214
0 71 111
0 30 224
0 37 155
0 47 225
0 27 167
0 80 126
0 33 111
0 116 248
0 109 133
0 89 185
0 136 170
0 150 250
0 143 183
0 157 165
0 143 225
0 142 248
0 143 245
0 44 160
0 68 172
0 24 52
0 45 183
0 74 250
0 190 214
0 90 112
0 40 174
0 121 131
0 43 145
0 78 92
0 87 137
0 27 163
0 37 193
0 29 63
0 134 136
0 108 230
0 147 191
0 113 165
0 24 62
0 90 168
0 79 157
0 53 239
0 191 231
0 25 75
0 27 47
0 100 148
0 44 104
0 61 193
0 67 215
0 142 198
0 41 103
0 111 119
0 39 71
0 150 156
0 25 223
0 92 158
0 190 212
0 40 180
0 25 67
0 153 239
0 31 57
0 49 191
0 51 157
0 33 157
0 88 128
0 27 129
0 163 215
0 24 94
0 107 237
0 27 231
0 123 145
0 64 212
0 29 55
0 132 134
0 25 71
0 211 223
0 190 244
0 33 165
0 115 217
0 25 173
0 57 217
0 24 118
0 164 244
0 21 223
0 31 87
0 51 153
0 94 134
0 54 164
0 36 130
0 122 236
0 148 190
0 36 62
0 141 221
0 209 217
0 176 240
0 24 88
0 44 198
0 27 107
0 79 217
0 112 198
0 21 117
0 220 240
0 24 248
0 47 115
0 24 132
0 69 245
0 172 198
0 149 219
0 82 244
0 33 135
0 50 54
0 206 218
0 24 176
0 166 188
0 21 155
0 50 124
0 23 55
0 145 211
0 124 176
0 50 204
0 29 141
0 40 242
0 128 210
0 31 157
0 99 131
0 24 138
0 30 86
0 34 88
0 34 184
0 43 105
0 78 142
0 29 157
0 38 236
0 147 167
0 63 119
0 25 123
0 158 170
0 43 203
0 71 149
0 25 155
0 34 60
0 25 41
0 23 67
0 51 91
0 117 153
0 171 245
0 71 193
0 47 91
0 54 124
0 44 134
0 134 176
0 37 141
0 29 245
0 34 90
0 80 108
0 185 245
0 37 149
0 21 149
0 137 203
0 131 191
0 20 164
0 132 234
0 36 156
0 23 203
0 20 212
0 57 85
0 29 203
0 218 236
0 83 107
0 147 173
0 29 187
0 40 44
0 21 49
0 125 217
0 21 169
0 105 147
0 23 51
0 128 226
0 61 115
0 29 51
0 102 200
0 24 70
0 71 87
0 82 172
0 23 211
0 50 94
0 39 223
0 152 206
0 24 218
0 76 166
0 80 230
0 166 234
0 128 158
0 54 68
0 97 117
0 103 137
0 43 247
0 27 85
0 119 183
0 41 223
0 30 234
0 41 57
0 21 69
0 59 79
0 21 197
0 20 184
0 21 239
0 24 98
0 168 220
0 37 147
0 41 149
0 68 70
0 20 96
0 27 71
0 34 148
0 149 205
0 47 51
0 52 160
0 125 221
0 154 232
0 62 86
0 38 198
0 78 108
0 158 166
0 84 164
0 150 194
0 38 232
0 220 242
0 30 94
0 30 64
0 184 226
0 146 174
0 133 149
0 38 112
0 206 230
0 184 196
0 91 231
0 21 87
0 40 168
0 21 199
0 20 68
0 21 105
0 31 197
0 188 212
0 24 180
0 98 184
0 36 136
0 50 174
0 150 172
0 53 217
0 56 184
0 77 221
0 171 223
0 125 203
0 109 123
0 37 143
0 200 218
0 125 173
0 169 203
0 122 142
0 143 153
0 100 188
0 19 121
0 38 248
0 56 150
0 134 212
0 115 219
0 85 137
0 29 205
0 21 91
0 21 145
0 25 53
0 30 96
0 19 217
0 111 147
0 24 158
0 94 212
0 49 149
0 55 215
0 36 138
0 123 187
0 180 210
0 99 199
0 20 116
0 156 200
0 53 219
0 221 247
0 69 143
0 25 209
0 38 136
0 20 62
0 8 132
0 102 180
0 23 89
0 180 206
0 30 82
0 130 226
0 27 233
0 33 125
0 37 99
0 19 115
0 75 113
0 19 123
0 18 134
0 30 112
0 113 223
0 21 163
0 54 134
0 19 231
0 138 194
0 180 216
0 142 166
0 18 220
0 188 244
0 75 215
0 37 245
0 29 49
0 27 185
0 21 203
0 34 102
0 29 239
0 108 132
0 21 133
0 97 153
0 30 176
0 18 226
0 220 224
0 27 149
0 37 163
0 33 87
0 20 138
0 25 133
0 21 143
0 20 158
0 38 214
0 29 53
0 132 206
0 23 79
0 67 169
0 18 124
0 176 236
0 128 184
0 36 210
0 216 224
0 18 62
0 145 191
0 21 73
0 37 55
0 25 111
0 33 141
0 73 105
0 23 125
0 62 240
0 21 217
0 57 245
0 17 225
0 33 233
0 204 234
0 132 184
0 120 136
0 171 239
0 24 146
0 27 245
0 155 211
0 210 232
0 143 217
0 71 197
0 18 190
0 154 190
0 19 131
0 185 215
0 45 199
0 29 31
0 19 31
0 19 245
0 18 24
0 78 206
0 17 165
0 20 214
0 156 250
0 113 121
0 45 73
0 25 211
0 58 212
0 27 209
0 30 148
0 18 194
0 17 103
0 17 105
0 19 141
0 19 77
0 23 77
0 160 226
0 43 119
0 131 133
0 128 176
0 20 122
0 18 88
0 18 170
0 155 223
0 33 109
0 36 60
0 154 230
0 27 53
0 23 31
0 31 83
0 33 37
0 24 156
0 20 150
0 39 135
0 20 102
0 117 233
0 23 153
0 33 117
0 19 87
0 85 209
0 27 157
0 17 85
0 219 223
0 25 27
0 78 98
0 24 172
0 60 156
0 17 63
0 17 59
0 24 44
0 36 180
0 41 125
0 23 103
0 169 209
0 126 174
0 25 149
0 31 129
0 23 107
0 18 210
0 29 163
0 20 136
0 109 169
0 149 165
0 24 108
0 185 247
0 20 124
0 37 171
0 113 245
0 137 155
0 20 142
0 39 121
0 19 199
0 68 198
0 17 163
0 16 158
0 27 217
0 20 176
0 19 239
0 154 164
0 187 209
0 19 145
0 136 194
0 56 60
0 21 211
0 153 245
0 216 218
0 40 216
0 17 231
0 163 197
0 17 115
0 36 80
0 36 158
0 168 172
0 21 113
0 155 169
0 20 100
0 198 242
0 155 239
0 39 55
0 45 49
0 24 154
0 25 85
0 71 103
0 17 173
0 196 236
0 33 171
0 33 59
0 163 231
0 18 142
0 20 34
0 168 250
0 16 96
0 132 180
0 55 155
0 168 224
0 96 138
0 16 164
0 121 247
0 109 165
0 19 233
0 17 77
0 29 85
0 52 232
0 88 116
0 215 239
0 31 211
0 90 134
0 138 212
0 180 184
0 60 128
0 116 200
0 169 171
0 50 200
0 24 188
0 33 225
0 130 166
0 15 191
0 21 85
0 15 205
0 25 69
0 43 169
0 24 174
0 38 160
0 71 155
0 112 154
0 111 125
0 37 71
0 51 149
0 16 102
0 17 113
0 82 224
0 19 193
0 16 84
0 39 245
0 19 197
0 191 203
0 171 215
0 142 212
0 242 250
0 24 148
0 131 149
0 54 128
0 43 97
0 18 112
0 15 119
0 19 95
0 30 36
0 119 239
0 16 204
0 34 126
0 92 230
0 15 89
0 17 79
0 115 145
0 19 105
0 37 105
0 15 163
0 31 43
0 87 211
0 155 219
0 52 100
0 17 199
0 21 121
0 19 39
0 18 116
0 15 223
0 15 29
0 24 242
0 31 143
0 42 218
0 18 52
0 21 171
0 23 29
0 45 71
0 19 37
0 68 204
0 18 82
0 61 171
0 61 221
0 118 230
0 19 149
0 112 174
0 50 106
0 180 244
0 17 107
0 25 83
0 21 131
0 37 73
0 128 216
0 15 239
0 62 136
0 77 239
0 20 188
0 37 231
0 42 86
0 33 67
0 95 121
0 60 132
0 17 223
0 89 225
0 21 61
0 31 51
0 37 133
0 15 103
0 122 212
0 19 43
0 20 190
0 105 173
0 36 174
0 15 143
0 203 223
0 24 80
0 18 50
0 74 240
0 16 124
0 88 232
0 53 205
0 33 211
0 19 185
0 15 53
0 45 47
0 45 107
0 100 212
0 163 209
0 18 250
0 171 203
0 79 187
0 234 248
0 17 211
0 75 89
0 100 244
0 16 194
0 133 143
0 24 220
0 117 119
0 25 141
0 109 193
0 111 237
0 21 23
0 21 79
0 170 210
0 211 215
0 136 148
0 23 115
0 155 191
0 19 203
0 20 36
0 152 226
0 166 180
0 16 74
0 56 250
0 137 185
0 47 239
0 188 236
0 15 79
0 27 199
0 102 138
0 18 42
0 21 107
0 59 199
0 17 203
0 156 210
0 34 210
0 200 242
0 24 58
0 17 141
0 25 247
0 23 209
0 29 83
0 18 96
0 171 187
0 116 170
0 18 102
0 203 219
0 87 99
0 17 89
0 23 183
0 17 61
0 75 103
0 125 165
0 165 219
0 13 233
0 13 209
0 17 239
0 18 100
0 27 225
0 16 196
0 104 190
0 79 169
0 170 188
0 16 244
0 24 92
0 16 224
0 45 95
0 29 183
0 25 157
0 154 216
0 43 165
0 168 248
0 16 206
0 16 116
0 13 71
0 136 234
0 106 138
0 27 89
0 108 180
0 136 240
0 37 107
0 31 169
0 15 185
0 15 155
0 17 143
0 16 98
0 102 150
0 16 64
0 21 183
0 13 51
0 16 18
0 13 217
0 41 111
0 27 49
0 23 155
0 45 63
0 164 170
0 18 60
0 19 47
0 119 187
0 24 78
0 27 131
0 13 157
0 18 30
0 71 113
0 17 135
0 205 217
0 20 242
0 15 99
0 92 190
0 152 166
0 34 156
0 80 158
0 19 187
0 89 111
0 42 90
0 17 23
0 15 43
0 18 90
0 18 174
1 27 120
0 24 200
1 90 113
1 23 206
0 25 119
1 24 221
0 156 180
0 13 155
1 12 219
1 19 84
0 176 184
0 15 123
1 87 112
0 18 244
0 25 193
0 19 89
0 19 129
0 36 160
0 16 104
0 111 245
0 13 131
1 13 250
0 11 67
1 153 154
0 27 99
1 70 197
0 25 77
1 12 183
1 15 200
1 20 123
1 21 38
1 27 160
0 40 42
1 23 146
1 146 237
0 97 157
0 164 200
0 16 160
0 15 215
1 25 240
0 45 87
1 23 230
1 29 60
1 13 52
0 41 109
1 242 245
1 15 134
0 13 15
0 12 96
0 20 94
0 18 168
1 205 224
1 95 164
0 36 244
1 16 17
1 15 190
0 18 94
0 13 33
1 30 47
1 43 60
0 49 163
0 40 62
1 45 198
0 31 155
0 12 90
0 38 152
0 15 73
0 106 214
0 17 29
0 12 234
0 17 43
1 13 108
0 123 197
0 56 120
1 183 248
1 92 219
1 98 183
1 16 87
0 18 74
1 13 88
0 12 190
0 15 147
1 15 120
0 16 122
0 38 204
1 205 248
1 18 95
1 91 226
1 197 250
0 23 85
0 34 84
0 174 240
0 16 134
0 38 120
0 153 209
1 17 134
1 215 250
0 16 90
1 27 106
1 24 105
0 199 215
1 95 216
1 17 74
0 12 16
1 25 104
1 13 68
1 70 221
1 70 91
0 69 153
1 16 215
0 13 95
1 51 52
1 203 230
0 211 237
0 13 147
0 56 134
1 166 211
0 232 250
0 54 206
0 98 134
1 12 217
0 13 145
1 16 111
0 21 205
0 147 205
1 12 29
1 92 191
0 20 64
0 29 39
1 17 120
1 13 92
1 12 15
0 12 124
1 77 82
0 16 92
1 11 210
0 39 63
0 83 137
1 55 104
1 16 23
1 156 199
1 11 146
0 12 42
0 100 142
0 17 121
1 131 150
0 116 148
0 16 214
1 97 98
0 11 153
0 15 113
1 197 242
0 184 248
1 20 197
0 45 125
0 16 106
0 30 170
1 73 220
1 173 234
1 42 83
0 20 240
0 11 107
1 20 155
1 11 98
0 68 136
0 58 116
0 13 43
0 15 95
0 16 52
1 146 215
0 17 27
0 27 135
0 174 176
1 104 183
0 42 194
0 18 240
0 13 237
1 12 129
1 77 224
0 230 250
1 11 174
1 34 115
1 24 167
0 16 58
1 33 68
0 11 69
0 25 233
0 38 44
1 12 119
0 11 217
1 12 85
1 11 214
1 18 117
0 27 121
1 43 174
0 167 171
1 12 59
1 174 239
1 25 98
1 17 60
0 11 75
0 120 198
0 124 170
0 19 147
0 18 248
0 211 225
0 11 223
1 196 205
1 42 63
1 12 77
1 64 191
0 12 132
1 11 108
1 17 54
1 239 250
1 11 216
1 44 55
0 30 188
1 178 189
0 11 211
1 141 220
0 38 56
0 138 226
0 12 64
1 38 197
0 24 64
0 20 104
1 63 168
1 19 150
0 12 106
1 11 36
0 132 216
0 86 248
0 19 237
0 132 170
1 18 21
0 12 126
0 40 106
0 134 220
1 195 208
1 16 115
1 80 89
0 24 30
0 27 41
0 167 217
1 34 191
1 13 134
0 12 184
1 16 197
1 18 89
1 109 116
1 210 247
1 71 244
0 10 196
1 21 34
1 125 138
1 11 134
1 19 94
1 19 212
1 60 77
0 90 220
1 34 197
1 21 50
1 15 198
0 12 44
1 20 131
0 174 180
0 11 225
0 7 31
1 13 244
0 17 129
0 166 168
1 171 220
1 12 49
1 25 80
0 24 134
1 11 148
0 51 211
1 11 68
0 169 199
1 57 92
0 108 134
0 188 224
0 13 29
0 20 196
0 27 137
0 39 61
1 13 56
0 13 77
1 20 107
1 17 158
1 106 147
1 16 91
1 10 173
1 163 250
0 15 199
0 17 237
1 167 204
1 149 154
0 76 128
1 70 183
0 95 187
0 18 154
1 97 250
1 129 230
0 40 148
1 29 234
0 21 31
0 29 147
1 27 112
0 45 219
0 199 245
0 16 212
0 10 166
1 12 95
0 59 109
0 11 105
1 11 168
0 47 83
1 13 124
1 31 40
0 10 204
1 13 70
1 11 236
1 56 137
1 130 153
1 18 219
0 10 158
0 131 187
1 26 139
0 19 153
0 10 130
0 163 191
1 11 30
1 98 115
1 40 51
0 12 84
1 17 90
1 10 133
1 12 17
0 11 169
1 19 226
0 17 169
0 11 53
0 10 200
0 19 83
0 24 90
1 27 54
0 206 214
0 138 242
0 16 234
0 40 56
0 87 133
0 73 167
1 19 248
0 44 156
1 12 89
0 37 203
1 199 244
0 10 138
1 10 233
1 47 226
0 47 197
0 10 132
1 123 152
1 146 171
0 15 45
0 115 237
1 112 125
0 18 40
0 98 130
0 30 198
0 21 137
1 10 57
0 24 224
0 99 219
0 10 100
1 11 132
0 16 154
0 18 204
0 40 170
0 37 233
0 16 44
0 45 203
1 20 59
0 190 232
0 17 55
1 11 158
1 25 124
1 23 106
0 154 160
0 17 183
1 147 196
0 18 146
1 19 82
1 20 163
1 10 105
0 172 244
0 13 231
0 146 198
1 13 40
0 11 121
0 132 154
1 73 198
0 10 248
1 24 95
0 121 239
0 82 236
0 18 234
0 11 31
0 21 27
0 34 142
1 10 149
1 46 151
1 12 99
1 9 184
1 12 51
0 10 240
1 10 239
0 12 206
1 12 153
0 87 119
1 16 25
0 10 80
0 10 82
0 25 217
0 15 17
1 11 96
0 12 60
0 118 204
1 39 76
1 21 218
0 88 210
0 39 99
1 10 187
1 31 42
0 44 82
0 13 163
0 18 108
0 13 97
0 12 152
1 9 190
1 13 104
1 15 150
1 103 172
0 17 37
0 237 245
1 9 234
1 11 24
0 62 206
0 12 194
0 83 219
0 12 18
1 37 112
0 11 221
0 10 40
0 13 219
0 9 157
0 18 214
1 168 197
0 12 118
1 11 218
0 11 91
0 9 133
0 31 137
1 9 194
1 11 142
0 16 76
1 12 53
1 12 39
1 74 203
0 218 224
1 12 37
0 42 130
1 11 84
1 18 51
1 10 19
1 11 138
1 13 116
1 11 160
1 122 225
0 11 29
0 13 165
1 141 158
0 135 211
1 85 138
0 19 99
1 163 240
1 134 221
1 34 171
0 16 70
1 13 136
1 11 240
1 138 155
0 118 234
1 190 215
1 9 196
0 52 104
0 15 107
0 15 97
0 18 128
0 13 89
0 10 50
1 13 138
0 11 149
1 19 220
0 15 109
0 9 165
0 12 86
1 96 191
1 23 170
1 21 248
1 21 130
0 18 54
0 27 223
0 134 244
0 10 112
0 10 120
1 11 52
1 9 54
1 13 50
1 9 146
1 47 230
0 78 234
0 12 92
0 16 142
0 27 73
1 13 100
0 25 135
0 10 52
0 12 250
1 15 40
0 9 85
0 9 91
1 11 170
1 12 43
0 12 160
1 200 223
1 167 224
0 9 95
1 9 40
1 15 242
1 10 111
1 13 58
0 9 193
0 12 100
0 40 118
0 11 131
0 10 78
1 21 80
0 12 122
0 107 173
1 11 136
1 9 90
1 8 239
1 9 174
1 11 196
0 9 59
1 11 250
1 31 34
0 23 57
0 11 183
1 43 70
1 15 92
0 11 13
0 9 15
0 21 115
0 9 67
1 13 16
1 9 156
0 13 25
0 20 200
0 196 200
1 8 211
1 11 18
0 8 220
0 9 137
0 115 165
0 15 105
1 8 217
0 99 239
1 29 194
0 20 194
0 9 97
0 12 24
0 125 199
1 9 84
1 18 19
1 9 152
0 39 111
0 47 49
1 127 162
0 153 171
1 191 214
1 9 242
0 24 96
1 11 190
1 34 149
1 29 198
1 11 60
0 9 143
1 15 30
0 16 80
1 13 184
1 25 190
0 9 57
1 57 86
0 57 211
1 10 51
1 203 244
1 9 106
0 196 242
1 36 59
0 18 164
1 96 103
1 15 128
0 16 148
1 19 206
0 120 220
1 8 183
1 10 107
1 24 123
1 10 31
0 13 59
0 24 76
1 29 74
1 25 94
0 13 183
1 8 205
1 10 71
1 21 198
0 38 82
1 9 30
1 125 236
0 31 91
1 12 191
1 9 200
0 10 176
0 39 169
0 152 160
0 36 108
0 23 135
1 19 234
1 9 34
1 126 233
0 21 99
1 12 149
1 50 57
0 9 49
0 116 226
1 9 82
1 18 123
1 17 34
1 20 223
0 8 236
1 87 126
0 10 54
0 13 135
1 12 203
1 16 137
1 9 212
1 9 236
0 183 247
0 117 167
0 16 128
1 18 47
0 12 170
1 12 145
0 224 242
1 29 136
1 17 168
0 185 237
0 9 29
1 11 124
1 37 148
0 9 129
0 9 149
1 10 41
0 73 199
1 40 247
1 9 74
0 12 38
0 9 141
1 8 45
1 11 120
1 8 71
1 11 76
0 12 232
1 19 164
0 8 198
0 95 117
0 11 147
0 9 69
1 16 231
0 33 85
1 21 200
0 11 103
1 8 87
1 30 53
0 25 29
1 50 63
0 9 83
1 9 134
0 20 248
0 62 200
0 38 176
0 13 223
0 7 245
0 8 108
0 24 68
1 18 41
0 116 154
0 8 18
0 102 176
0 16 220
0 21 185
1 13 212
1 11 248
1 9 112
0 10 188
0 11 47
0 13 129
0 9 73
1 25 50
0 244 250
0 29 155
0 13 73
1 13 156
1 11 128
0 59 147
1 9 102
0 11 155
1 41 220
0 120 196
0 191 215
0 13 115
0 8 58
0 187 225
0 9 25
0 154 224
1 9 70
1 8 103
0 27 109
1 9 138
0 9 27
0 8 102
0 10 92
1 9 52
1 21 100
1 10 169
0 105 219
0 92 236
1 80 163
1 27 44
0 8 96
0 13 27
0 64 174
1 25 130
0 23 91
0 21 125
0 79 183
0 8 196
0 9 43
0 16 174
1 13 210
1 9 92
1 9 44
0 13 53
0 9 61
0 8 80
1 13 38
1 11 38
1 9 118
0 8 134
1 58 183
0 7 183
1 38 215
1 16 145
0 169 239
1 10 45
0 9 121
0 21 123
1 37 124
1 30 71
1 10 137
0 25 203
1 10 209
0 11 63
1 153 166
1 12 47
0 216 250
1 34 85
0 9 211
1 8 107
0 7 171
1 217 236
1 13 220
0 15 135
0 33 245
1 16 209
1 196 197
0 9 203
0 8 68
0 15 21
0 12 174
1 17 100
1 9 204
0 13 113
1 8 131
0 13 141
0 12 200
0 8 224
0 8 36
0 8 70
0 154 210
0 33 145
0 18 216
1 87 218
1 13 142
1 16 199
1 7 188
0 10 128
1 13 74
1 12 103
1 8 197
0 119 155
0 198 216
0 7 225
0 10 74
0 8 94
1 17 244
0 60 116
0 7 51
1 9 96
1 10 23
1 110 229
0 8 190
0 7 91
1 17 30
1 11 242
0 20 132
0 7 43
1 191 216
1 18 147
0 9 185
1 17 128
0 211 247
0 154 236
1 7 92
0 7 187
1 7 216
1 16 43
0 10 98
1 12 25
0 10 216
1 7 250
1 18 233
1 19 136
0 7 25
1 13 154
0 7 129
0 148 248
0 8 10
0 39 53
1 8 219
1 7 62
1 8 111
1 211 220
0 12 244
0 7 107
1 38 245
0 7 157
0 12 130
0 17 69
1 8 17
0 10 86
0 24 160
0 174 188
1 10 53
1 7 78
1 158 239
1 171 250
0 11 23
1 8 19
1 12 113
1 7 194
1 12 173
1 10 191
1 7 130
1 7 64
0 52 230
0 11 45
0 13 105
0 8 24
1 15 104
1 27 86
1 12 19
0 20 106
1 15 50
1 199 212
1 8 47
1 6 203
0 64 190
0 67 153
0 21 25
1 167 218
0 7 217
0 12 168
1 19 138
0 29 117
0 8 200
1 27 64
0 12 166
1 15 206
0 20 236
1 10 145
1 94 217
1 11 188
1 8 125
1 49 170
0 116 124
0 6 188
1 8 203
0 16 54
1 11 122
1 6 199
0 8 40
1 193 238
1 9 160
0 33 133
0 20 84
1 15 158
0 8 130
1 123 184
0 8 232
1 15 180
0 8 158
0 24 236
0 11 87
0 15 77
0 9 19
0 33 131
1 12 115
1 82 185
0 6 196
1 22 165
0 42 236
1 199 210
0 8 164
1 25 244
1 180 245
1 204 205
0 7 67
1 31 244
0 160 248
0 24 198
1 17 164
1 7 244
1 55 196
1 9 218
0 11 95
0 25 183
0 40 84
0 11 125
1 8 157
1 20 89
1 41 50
0 10 136
1 7 196
1 12 185
0 61 199
1 21 92
0 200 240
1 125 218
0 15 23
1 40 185
0 80 84
1 10 27
0 16 50
1 8 209
1 7 24
1 27 82
0 9 103
0 11 219
0 6 220
0 7 27
0 7 247
0 194 220
0 6 128
1 148 185
1 8 199
0 7 209
0 7 71
1 19 64
1 13 242
0 197 215
1 13 160
0 118 172
0 13 85
0 10 18
0 8 170
0 10 102
1 7 10
1 54 205
1 6 215
0 18 206
1 7 76
1 21 52
0 9 111
0 6 168
1 6 157
0 9 119
1 23 188
1 7 234
0 9 99
1 6 51
0 15 55
1 43 198
1 7 198
1 47 206
0 6 152
1 12 187
0 8 38
0 7 203
0 6 88
0 6 240
0 11 73
1 40 157
1 10 147
0 7 23
1 8 31
0 20 38
1 7 36
1 96 183
0 12 180
0 11 39
1 103 212
1 6 209
1 7 94
0 39 131
0 6 30
1 8 133
1 6 43
1 6 239
0 7 143
1 75 240
1 31 230
1 6 25
0 9 77
0 8 136
0 12 188
1 12 45
1 6 223
1 10 167
0 18 232
0 45 103
0 19 113
0 6 234
0 6 16
0 8 42
1 9 104
1 21 60
0 8 166
1 13 30
0 6 106
0 12 146
1 16 123
1 10 89
1 5 218
0 135 197
1 10 183
0 20 180
1 6 19
1 55 166
1 231 250
1 9 68
0 8 148
0 11 203
0 11 133
1 6 133
0 9 125
1 13 34
1 5 216
1 8 9
1 25 62
0 5 247
0 39 247
0 18 104
0 11 19
1 6 115
1 197 236
0 27 97
1 11 44
0 6 166
1 7 248
1 183 226
0 13 121
0 90 126
0 240 244
0 6 60
1 12 91
0 8 16
0 13 111
0 6 58
0 7 155
0 10 34
1 15 220
1 16 173
1 7 122
0 8 60
1 9 10
1 18 141
1 42 199
0 11 197
0 196 220
1 91 164
0 9 45
1 9 136
1 82 149
0 45 61
1 8 155
1 6 71
0 6 136
0 21 103
0 25 33
0 6 206
1 7 90
0 68 210
1 6 15
0 16 216
1 13 102
1 8 11
0 6 10
1 99 156
0 7 83
0 9 37
1 41 76
0 165 221
1 144 249
1 19 74
1 6 73
0 6 124
1 23 214
1 11 194
1 171 174
0 105 185
1 7 150
1 6 61
1 7 220
0 10 250
1 10 21
0 17 97
0 23 41
0 24 210
0 6 96
1 6 169
1 8 75
1 8 167
1 7 54
0 12 148
1 8 49
0 91 203
1 7 134
1 5 152
1 173 230
0 5 217
1 5 180
1 6 7
0 5 57
0 142 218
1 5 62
1 32 121
0 7 191
1 8 73
0 13 91
1 20 171
0 8 124
1 6 107
0 53 221
1 27 108
1 6 45
0 7 39
1 5 90
0 245 247
1 223 230
1 17 204
0 23 143
1 9 116
1 13 80
1 10 205
1 12 125
1 152 197
1 6 103
0 6 104
0 10 70
1 7 58
1 180 183
0 11 99
0 10 242
0 7 99
1 15 64
0 7 9
0 6 24
1 6 109
1 5 84
1 24 71
1 234 237
0 12 20
0 148 170
1 13 200
1 6 233
1 5 200
1 6 237
0 5 137
0 4 236
0 6 62
0 141 223
1 7 102
0 5 205
0 5 183
0 5 79
1 5 20
1 7 124
0 36 56
1 10 63
0 5 133
0 10 124
0 21 57
1 6 211
0 12 138
0 210 242
0 11 215
1 7 12
1 7 132
0 4 204
1 6 27
0 5 43
1 11 82
0 68 242
0 7 205
1 7 212
1 13 90
0 10 148
0 20 44
1 16 29
1 9 130
0 7 211
0 27 59
0 10 174
1 7 204
0 6 214
0 5 91
0 5 53
1 11 104
0 5 9
1 4 169
1 9 78
1 9 224
1 52 57
0 11 193
1 5 100
0 5 111
0 4 234
1 5 24
1 203 242
0 5 13
0 23 185
0 51 75
0 19 221
0 16 30
1 5 64
0 102 248
0 4 184
0 5 145
0 13 83
0 4 188
1 20 147
1 5 198
1 6 191
0 5 239
0 7 133
1 33 230
0 5 85
1 5 74
0 10 184
1 6 31
1 13 54
0 7 55
1 6 91
1 11 56
0 12 102
0 145 231
0 112 190
1 20 239
1 7 52
0 5 63
1 4 209
1 172 203
1 6 183
1 31 134
1 7 100
0 10 164
0 8 50
0 4 164
1 212 247
1 5 118
0 5 33
1 95 204
1 4 231
1 6 11
1 36 157
1 29 78
1 7 106
1 8 41
1 8 37
0 8 150
1 5 148
0 8 240
0 21 119
0 10 84
1 6 113
1 6 37
1 4 247
0 16 118
0 8 142
0 12 54
0 4 82
1 15 174
1 19 118
1 233 250
1 15 216
0 6 174
1 5 38
1 36 173
0 4 106
1 4 61
0 8 214
0 5 59
0 4 220
1 17 198
1 31 142
1 5 86
0 8 20
1 43 224
0 15 37
0 33 43
0 4 62
1 5 234
0 5 25
1 8 225
1 10 125
1 5 80
0 17 71
1 5 58
1 6 79
1 4 173
1 6 87
1 4 57
1 8 15
0 5 95
1 5 130
1 4 199
0 5 143
0 6 92
1 5 248
1 7 200
0 4 126
1 5 82
0 7 167
1 4 163
1 4 99
1 7 120
0 4 20
0 4 102
1 7 156
0 4 250
0 15 71
0 19 107
0 11 109
0 9 225
0 6 156
0 225 237
1 8 215
0 9 221
0 4 240
1 15 234
0 8 146
1 11 40
1 6 143
0 5 61
1 6 225
1 5 6
0 6 126
0 124 134
1 7 40
0 6 54
1 4 125
1 5 142
1 9 198
1 5 164
0 9 183
0 5 149
0 4 100
0 7 45
0 5 167
0 11 33
1 4 147
1 8 231
1 5 54
1 6 33
1 5 204
1 6 21
1 4 97
0 6 112
1 6 69
1 7 108
1 3 230
1 4 15
1 9 166
0 23 173
0 63 163
1 163 216
1 14 213
0 67 71
0 6 70
0 10 214
1 3 204
0 23 123
1 6 123
1 4 43
1 4 171
1 5 210
1 3 236
1 7 30
1 200 217
0 6 172
0 12 142
0 3 221
1 30 49
0 158 242
1 44 103
1 5 8
1 11 86
1 4 5
1 222 235
1 4 137
1 5 158
1 5 42
1 3 212
1 4 119
1 6 187
1 59 106
0 18 156
1 3 250
0 4 146
1 3 220
0 7 111
0 5 15
1 11 150
0 3 153
1 3 170
0 7 97
1 7 44
1 118 185
1 4 245
0 6 20
0 4 120
1 4 219
1 7 174
0 3 129
1 13 76
0 11 89
1 3 190
1 16 187
1 7 98
1 6 163
1 3 188
0 4 152
0 19 143
0 3 239
1 5 50
1 5 102
0 4 64
1 3 138
1 3 112
1 10 211
1 21 40
1 5 212
1 5 78
0 3 171
1 8 233
1 4 87
1 3 100
1 7 172
0 3 119
0 4 44
0 20 118
0 6 94
1 161 176
1 3 206
1 7 80
0 9 53
1 3 118
1 3 154
1 38 99
1 13 172
0 5 37
0 4 230
0 214 218
1 7 112
0 102 204
1 3 76
1 17 220
0 11 141
1 5 190
0 5 87
1 3 96
0 3 163
1 18 97
1 167 206
0 219 239
1 9 230
1 124 133
1 154 221
0 3 183
1 3 150
1 7 118
0 37 197
1 4 211
0 7 87
1 7 146
0 3 123
1 3 92
1 3 156
0 4 124
0 4 134
0 5 69
0 3 187
1 19 194
1 4 89
0 5 157
1 3 124
0 6 170
0 10 36
1 4 115
1 150 239
1 7 138
1 147 242
0 4 206
1 3 184
1 10 99
0 9 217
0 23 133
1 3 34
1 3 30
0 3 217
1 9 206
0 4 156
0 23 95
1 4 47
1 4 149
1 4 41
1 3 56
0 5 203
1 8 29
0 6 100
1 3 136
0 4 84
0 6 184
0 6 82
0 8 12
0 3 67
0 3 63
0 6 122
0 3 75
1 3 4
0 6 198
0 27 123
1 4 131
0 3 99
0 5 225
1 7 16
0 5 55
1 7 190
1 3 42
0 4 160
1 4 63
0 3 205
1 3 88
1 2 219
1 3 84
1 11 198
0 21 247
1 3 86
0 5 71
0 2 204
1 4 73
1 3 44
0 6 98
0 4 94
1 4 157
0 3 155
0 220 236
1 2 223
0 4 226
0 4 166
1 4 141
0 4 200
0 3 77
1 24 209
0 3 121
1 3 106
0 16 126
1 5 18
0 2 200
0 4 74
0 8 120
0 4 80
1 31 116
1 7 160
0 5 89
0 4 104
1 3 104
0 2 232
1 4 215
1 3 116
1 15 248
0 2 218
0 7 29
1 3 224
1 8 23
1 3 40
0 7 73
1 27 92
0 16 210
1 3 20
0 3 27
1 2 153
0 187 217
0 4 196
0 3 137
0 3 111
1 2 147
1 6 129
1 4 19
0 4 56
0 3 11
0 3 29
0 5 103
1 6 85
1 3 168
1 3 60
1 2 237
0 5 147
1 5 96
1 2 123
1 5 184
0 2 130
1 2 197
0 6 134
0 3 185
1 8 77
0 2 146
1 54 67
1 6 55
0 10 142
1 2 145
0 7 33
0 12 248
0 2 158
0 2 212
1 5 166
0 2 134
1 3 148
1 6 39
1 4 67
0 174 194
1 2 97
0 2 86
1 3 50
0 3 191
1 2 183
1 7 56
0 2 176
0 3 91
0 5 115
1 2 131
1 6 99
0 2 190
0 3 9
0 2 116
0 2 154
1 5 52
1 3 68
0 10 220
0 8 218
1 2 67
1 34 205
0 2 70
1 7 34
0 12 204
0 2 96
0 24 124
0 12 104
1 2 59
0 6 78
0 25 113
0 6 242
0 4 54
1 2 199
0 5 113
1 2 61
1 3 122
0 2 164
1 4 29
1 4 109
1 2 133
1 2 119
0 2 138
0 2 150
0 8 184
1 2 89
0 2 60
0 10 62
1 173 204
1 10 141
1 2 91
0 25 153
1 5 98
0 3 31
0 2 206
0 2 38
1 2 155
1 3 128
0 17 145
1 3 54
0 6 76
1 2 107
1 2 239
0 15 203
0 2 180
0 7 147
0 2 50
1 2 21
1 4 77
0 2 42
1 2 211
0 3 173
1 3 16
1 7 74
1 2 43
0 3 85
0 2 104
1 4 143
0 5 31
1 2 15
0 4 8
1 2 49
0 83 169
0 3 143
1 10 103
1 197 212
0 2 124
1 2 53
0 3 219
1 2 7
0 2 54
0 2 166
0 3 149
0 2 44
0 28 110
1 1 242
1 216 239
1 2 75
1 3 194
0 6 180
0 2 20
0 3 37
0 8 90
0 13 167
0 6 232
0 2 6
0 1 233
1 2 63
1 5 112
1 2 247
1 4 9
0 4 78
1 33 158
0 4 42
0 2 184
0 2 84
1 227 232
0 3 13
1 2 29
1 13 158
0 3 135
1 1 214
1 135 228
1 4 223
0 3 71
1 2 17
1 2 221
1 3 244
1 4 33
1 11 154
0 2 4
1 2 51
0 4 24
1 69 224
1 2 163
1 2 47
1 1 206
0 2 234
1 5 12
0 10 154
0 4 52
0 2 24
0 2 126
0 2 80
0 3 49
0 2 118
0 5 193
0 1 209
1 2 95
1 2 5
0 2 198
1 2 185
1 7 218
1 2 149
1 2 171
1 3 240
0 5 141
0 3 55
0 2 248
0 1 221
0 2 194
1 1 196
1 2 103
0 2 36
1 2 19
1 2 225
0 2 148
1 91 154
1 2 209
0 2 106
0 2 120
1 1 164
0 1 197
0 2 18
0 3 141
1 2 55
1 1 236
0 1 225
0 5 165
1 25 74
0 2 76
1 1 204
0 3 125
0 1 215
0 1 157
1 2 25
0 1 217
1 4 17
1 1 168
1 2 11
0 1 237
0 5 155
0 2 226
0 3 95
0 4 122
1 1 150
1 1 244
1 1 188
0 2 156
0 2 34
0 1 231
0 4 128
0 1 203
0 1 153
0 2 210
0 1 147
1 1 234
0 1 239
0 2 58
1 1 146
1 1 190
1 1 124
0 10 152
1 1 200
0 1 123
0 86 166
1 2 45
1 1 120
0 2 240
0 1 185
0 1 137
1 1 152
1 2 77
1 3 94
0 1 117
1 1 172
1 1 130
0 1 149
0 4 18
1 1 118
0 2 64
0 7 117
0 2 100
1 1 106
0 1 111
0 2 52
1 5 250
1 3 152
1 1 136
0 1 143
0 1 167
0 1 135
1 1 116
1 1 96
1 2 187
0 1 129
0 2 82
1 1 224
1 2 13
1 1 134
1 1 90
1 1 102
1 1 180
0 1 171
1 10 221
0 1 205
0 2 62
0 1 113
0 1 105
0 10 64
0 2 30
0 1 187
1 4 7
0 1 247
0 1 245
1 1 230
1 1 88
0 1 119
0 2 92
1 1 112
0 1 87
0 1 115
1 2 215
0 1 141
1 2 83
0 1 83
0 1 61
0 1 73
0 1 79
1 1 74
0 2 170
1 1 64
1 1 132
1 1 54
0 1 75
1 1 62
1 1 60
1 1 226
0 3 83
1 1 100
0 1 57
1 1 122
1 1 142
1 1 94
0 1 63
1 1 68
1 1 76
0 1 109
1 1 184
0 1 41
1 1 52
1 1 56
1 2 79
1 1 98
1 1 126
0 1 37
0 1 121
1 1 30
1 1 86
0 1 67
1 3 248
1 1 40
0 1 23
1 1 104
1 1 42
1 1 108
1 1 36
0 1 91
0 1 47
1 1 16
0 1 17
1 1 20
1 1 18
1 1 12
0 1 21
1 1 10
0 1 11
0 1 51
0 1 9
1 1 160
0 1 27
1 1 6
0 1 25
0 1 3
