1000
5000
1 12 413
1 22 353
1 11 488
1 12 929
1 338 999
1 35 394
1 34 677
1 14 177
1 759 804
1 10 23
1 744 833
1 35 898
1 32 739
1 16 623
1 68 799
1 38 909
1 10 391
1 14 797
1 10 15
1 80 941
1 540 979
1 13 420
1 15 334
1 15 144
1 46 59
1 19 180
1 76 199
1 20 659
1 151 972
1 14 851
1 10 501
1 14 397
1 13 732
1 10 523
1 63 688
1 10 551
1 15 314
1 20 65
1 72 589
1 26 589
1 23 602
1 14 689
1 10 265
1 14 661
1 20 669
1 687 950
1 14 199
1 604 761
1 25 940
1 20 809
1 14 193
1 26 849
1 14 89
1 11 306
1 12 471
1 23 610
1 10 165
1 17 656
1 13 714
1 627 796
1 12 449
1 13 148
1 226 815
1 14 417
1 11 184
1 14 855
1 70 287
1 11 844
1 23 186
1 585 852
1 17 776
1 202 683
1 348 801
1 13 368
1 74 127
1 9 914
1 11 750
1 832 957
1 11 600
1 45 234
1 18 607
1 26 151
1 15 368
1 19 792
1 10 797
1 13 296
1 15 796
1 26 797
1 22 27
1 51 530
1 100 371
1 13 398
1 222 561
1 36 765
1 9 886
1 10 869
1 11 358
1 10 55
1 17 328
1 17 838
1 9 892
1 17 804
1 505 512
1 36 793
1 22 499
1 11 522
1 19 74
1 13 246
1 28 633
1 14 763
1 10 181
1 9 626
1 18 851
1 34 667
1 24 471
1 57 486
1 17 694
1 56 481
1 16 431
1 18 811
1 24 889
1 94 99
1 867 924
1 10 837
1 851 914
1 14 327
1 11 802
1 11 18
1 19 870
1 16 237
1 28 983
1 9 970
1 18 997
1 9 894
1 30 273
1 10 385
1 82 499
1 13 866
1 10 303
1 12 749
1 16 327
1 13 724
1 27 130
1 28 319
1 212 615
1 12 41
1 16 497
1 20 689
1 25 542
1 37 290
1 12 221
1 13 658
1 21 238
1 20 165
1 9 854
1 21 920
1 12 201
1 11 514
1 11 930
1 182 821
1 29 690
1 22 429
1 86 349
1 16 613
1 11 544
1 9 544
1 868 911
1 81 316
1 24 799
1 18 877
1 23 164
1 40 293
1 14 289
1 18 113
1 11 352
1 14 339
1 62 835
1 19 860
1 13 112
1 10 907
1 151 598
1 20 365
1 28 465
1 15 620
1 19 126
1 21 358
1 21 86
1 68 535
1 10 571
1 23 572
1 33 546
1 10 127
1 9 916
1 50 295
1 24 677
1 9 736
1 10 703
1 19 432
1 21 656
1 40 603
1 11 126
1 11 156
1 36 133
1 71 940
1 11 426
1 43 388
1 12 541
1 10 945
1 37 280
1 10 911
1 14 55
1 15 926
1 80 783
1 41 872
1 30 703
1 22 71
1 10 535
1 13 512
1 9 474
1 14 77
1 21 524
1 33 742
1 13 460
1 11 820
1 12 875
1 23 574
1 504 553
1 93 254
1 14 315
1 17 702
1 22 991
1 34 439
1 10 613
1 11 692
1 13 996
1 109 504
1 21 494
1 59 586
1 16 829
1 12 855
1 16 985
1 21 120
1 14 837
1 17 334
1 13 484
1 48 809
1 26 635
1 14 165
1 17 290
1 35 444
1 13 482
1 14 265
1 9 746
1 17 168
1 17 476
1 11 602
1 18 285
1 19 196
1 63 840
1 14 871
1 10 91
1 14 593
1 799 808
1 13 220
1 13 892
1 12 179
1 140 401
1 11 746
1 10 603
1 11 296
1 38 843
1 18 655
1 11 486
1 13 122
1 12 583
1 10 701
1 52 181
1 12 577
1 18 833
1 61 136
1 110 851
1 16 231
1 19 600
1 9 460
1 13 394
1 10 193
1 12 847
1 10 997
1 27 714
1 18 943
1 11 852
1 10 823
1 9 818
1 17 974
1 9 380
1 45 162
1 10 709
1 12 395
1 9 834
1 13 900
1 414 855
1 10 481
1 148 495
1 45 900
1 66 219
1 12 189
1 11 866
1 146 863
1 9 816
1 11 266
1 12 119
1 14 149
1 9 202
1 19 94
1 294 567
1 52 357
1 9 216
1 13 392
1 10 903
1 18 367
1 25 68
1 20 877
1 10 475
1 60 159
1 9 700
1 11 804
1 40 359
1 24 157
1 9 752
1 29 742
1 12 681
1 29 460
1 312 673
1 18 641
1 46 911
1 23 726
1 14 721
1 12 801
1 845 998
1 11 290
1 26 223
1 11 88
1 74 387
1 18 613
1 24 861
1 17 850
1 50 997
1 23 82
1 655 674
1 15 698
1 39 558
1 9 858
1 18 59
1 19 584
1 25 646
1 11 350
1 11 170
1 12 945
1 8 27
1 50 371
1 14 637
1 87 418
1 860 977
1 14 663
1 64 813
1 52 627
1 19 446
1 10 327
1 26 993
1 10 315
1 59 992
1 15 906
1 15 844
1 14 507
1 10 73
1 21 186
1 15 492
1 25 394
1 49 676
1 9 718
1 10 659
1 17 626
1 79 302
1 12 135
1 24 609
1 22 355
1 20 241
1 13 282
1 21 940
1 10 427
1 18 547
1 16 617
1 9 958
1 29 964
1 13 772
1 16 929
1 15 576
1 25 768
1 10 669
1 23 188
1 51 108
1 9 702
1 29 160
1 16 883
1 20 223
1 9 482
1 9 576
1 26 743
1 359 674
1 12 63
1 23 754
1 45 50
1 10 355
1 29 636
1 10 259
1 122 915
1 18 465
1 494 523
1 22 169
1 12 181
1 177 258
1 19 596
1 26 219
1 10 505
1 22 887
1 10 393
1 21 316
1 9 162
1 11 906
1 21 598
1 14 337
1 11 838
1 91 774
1 9 68
1 177 484
1 21 474
1 12 57
1 38 47
1 25 78
1 23 856
1 9 494
1 17 730
1 783 876
1 844 965
1 11 914
1 76 383
1 10 115
1 42 279
1 31 1000
1 10 275
1 18 569
1 11 826
1 18 387
1 12 713
1 10 653
1 26 157
1 37 236
1 19 456
1 10 187
1 9 994
1 9 148
1 11 508
1 166 543
1 202 775
1 60 851
1 11 436
1 21 910
1 32 401
1 13 236
1 13 150
1 26 435
1 10 983
1 8 823
1 32 443
1 10 207
1 10 131
1 22 103
1 9 924
1 26 301
1 84 279
1 42 771
1 16 169
1 17 710
1 22 293
1 21 34
1 70 249
1 9 586
1 13 488
1 23 544
1 10 895
1 40 187
1 26 55
1 23 908
1 34 725
1 26 429
1 12 131
1 10 579
1 17 462
1 26 585
1 11 492
1 14 359
1 10 679
1 420 505
1 28 891
1 120 775
1 8 759
1 10 743
1 17 896
1 669 950
1 10 915
1 23 250
1 15 482
1 137 376
1 14 667
1 9 170
1 43 236
1 12 595
1 17 250
1 38 899
1 14 353
1 15 494
1 16 775
1 12 233
1 9 92
1 15 410
1 20 525
1 9 76
1 59 376
1 149 842
1 14 905
1 46 375
1 17 926
1 11 672
1 76 267
1 9 242
1 9 260
1 9 290
1 20 565
1 11 260
1 123 866
1 13 582
1 16 101
1 8 993
1 146 877
1 101 748
1 26 407
1 8 753
1 16 781
1 16 157
1 9 402
1 24 835
1 14 895
1 13 90
1 14 751
1 9 734
1 11 698
1 9 478
1 41 416
1 11 60
1 10 359
1 8 539
1 10 373
1 14 209
1 12 251
1 17 188
1 9 248
1 53 740
1 36 471
1 24 429
1 13 100
1 11 968
1 47 400
1 14 849
1 8 565
1 8 835
1 10 799
1 789 954
1 14 233
1 8 975
1 223 248
1 28 709
1 16 835
1 20 331
1 18 327
1 15 396
1 64 201
1 8 815
1 46 277
1 21 896
1 11 716
1 15 124
1 9 714
1 11 402
1 15 566
1 293 692
1 16 287
1 71 496
1 11 540
1 36 313
1 50 913
1 19 194
1 14 71
1 25 794
1 11 384
1 56 233
1 961 968
1 10 731
1 8 921
1 11 984
1 13 626
1 9 316
1 13 496
1 9 30
1 262 593
1 23 388
1 382 719
1 10 163
1 765 944
1 11 840
1 10 875
1 675 978
1 9 78
1 25 526
1 8 999
1 16 483
1 13 194
1 8 919
1 19 418
1 14 357
1 9 370
1 18 631
1 797 816
1 139 186
1 18 663
1 8 917
1 51 680
1 13 450
1 17 808
1 28 295
1 47 836
1 91 840
1 21 580
1 24 255
1 26 421
1 146 251
1 18 583
1 8 409
1 8 509
1 33 462
1 20 855
1 31 646
1 35 878
1 14 743
1 15 242
1 32 75
1 13 322
1 12 401
1 45 488
1 31 690
1 13 674
1 16 635
1 12 877
1 12 797
1 21 862
1 19 966
1 12 579
1 23 872
1 18 255
1 11 916
1 8 805
1 11 104
1 11 82
1 8 427
1 66 533
1 36 777
1 906 909
1 12 759
1 63 926
1 29 988
1 12 961
1 9 464
1 33 178
1 539 986
1 8 331
1 899 958
1 10 607
1 16 353
1 11 132
1 8 675
1 30 315
1 9 10
1 13 530
1 14 783
1 15 648
1 13 190
1 17 316
1 11 510
1 20 301
1 15 94
1 8 355
1 35 698
1 16 723
1 12 17
1 10 651
1 8 709
1 10 161
1 20 687
1 282 931
1 8 567
1 9 286
1 37 454
1 14 877
1 11 940
1 11 148
1 476 625
1 38 349
1 19 470
1 11 42
1 92 509
1 8 589
1 60 231
1 9 896
1 9 160
1 12 243
1 24 315
1 11 794
1 23 212
1 8 777
1 39 224
1 16 369
1 15 556
1 16 481
1 14 157
1 15 886
1 8 231
1 23 384
1 92 525
1 10 43
1 28 629
1 8 895
1 25 718
1 10 817
1 30 213
1 10 729
1 15 412
1 10 313
1 10 151
1 34 605
1 531 814
1 28 745
1 935 942
1 13 98
1 9 844
1 14 605
1 23 890
1 22 269
1 316 781
1 9 796
1 679 744
1 9 56
1 8 627
1 8 799
1 28 875
1 852 925
1 10 509
1 15 476
1 12 973
1 8 611
1 18 81
1 8 721
1 47 622
1 16 161
1 19 652
1 42 43
1 8 933
1 9 230
1 12 327
1 190 319
1 20 405
1 20 829
1 20 305
1 9 136
1 9 450
1 20 433
1 8 89
1 26 97
1 14 737
1 10 119
1 884 893
1 23 994
1 15 674
1 55 714
1 32 547
1 153 836
1 24 495
1 10 789
1 15 722
1 30 665
1 12 269
1 67 556
1 17 900
1 17 618
1 59 540
1 11 566
1 15 802
1 13 226
1 13 864
1 8 81
1 890 929
1 26 733
1 11 440
1 12 649
1 9 126
1 24 657
1 21 198
1 12 597
1 15 836
1 22 143
1 161 620
1 11 634
1 9 490
1 12 239
1 18 175
1 21 632
1 8 313
1 11 262
1 29 624
1 14 875
1 13 96
1 19 308
1 27 832
1 134 665
1 139 766
1 10 439
1 8 51
1 10 847
1 27 158
1 8 307
1 7 906
1 8 767
1 11 234
1 10 299
1 134 311
1 12 817
1 16 59
1 52 967
1 33 694
1 8 513
1 544 983
1 11 576
1 9 694
1 537 790
1 792 883
1 11 710
1 43 486
1 30 347
1 14 901
1 17 578
1 8 953
1 22 515
1 9 880
1 8 247
1 8 451
1 20 407
1 527 644
1 8 935
1 8 967
1 27 362
1 7 920
1 9 534
1 310 939
1 21 284
1 11 700
1 24 503
1 11 988
1 41 240
1 64 537
1 42 397
1 11 328
1 9 806
1 8 361
1 606 609
1 13 28
1 12 151
1 41 334
1 27 236
1 21 222
1 9 508
1 245 380
1 11 406
1 18 855
1 23 426
1 10 309
1 9 550
1 778 923
1 10 123
1 17 246
1 28 51
1 20 201
1 10 887
1 66 455
1 8 623
1 14 45
1 11 630
1 15 352
1 8 421
1 19 284
1 751 968
1 7 848
1 10 217
1 31 316
1 894 971
1 19 998
1 7 960
1 11 976
1 14 447
1 7 976
1 12 613
1 23 56
1 8 213
1 11 620
1 8 453
1 35 572
1 10 137
1 31 84
1 8 849
1 10 177
1 12 955
1 19 22
1 13 388
1 8 761
1 25 524
1 66 987
1 8 367
1 12 905
1 8 537
1 20 449
1 16 603
1 26 871
1 23 270
1 9 572
1 13 240
1 16 833
1 66 307
1 24 387
1 11 678
1 9 898
1 9 100
1 11 332
1 8 245
1 10 229
1 13 102
1 10 723
1 14 59
1 88 265
1 9 356
1 10 885
1 714 797
1 9 904
1 24 627
1 13 298
1 7 794
1 107 638
1 9 236
1 24 485
1 36 63
1 8 655
1 124 947
1 36 341
1 12 477
1 845 968
1 7 850
1 77 478
1 11 518
1 12 213
1 23 100
1 17 480
1 89 724
1 13 380
1 29 98
1 13 130
1 28 517
1 9 26
1 13 656
1 79 526
1 38 45
1 15 784
1 31 728
1 10 583
1 14 147
1 7 594
1 9 50
1 14 27
1 18 691
1 15 798
1 66 659
1 24 455
1 8 115
1 16 997
1 19 60
1 38 995
1 17 120
1 9 900
1 8 813
1 9 276
1 10 999
1 870 889
1 11 90
1 111 582
1 84 247
1 12 689
1 14 613
1 18 231
1 18 357
1 789 804
1 23 174
1 34 377
1 8 11
1 15 190
1 14 185
1 8 737
1 28 859
1 19 76
1 8 583
1 9 836
1 9 906
1 24 147
1 10 239
1 13 218
1 8 715
1 88 199
1 11 562
1 8 505
1 37 624
1 7 554
1 11 456
1 10 95
1 92 221
1 8 437
1 29 422
1 37 662
1 11 12
1 76 707
1 12 37
1 13 222
1 106 245
1 13 816
1 11 284
1 84 769
1 9 412
1 10 19
1 8 529
1 12 881
1 244 385
1 7 508
1 35 326
1 33 532
1 115 272
1 73 638
1 22 897
1 29 734
1 8 789
1 19 378
1 11 548
1 108 465
1 19 658
1 23 134
1 13 972
1 11 162
1 19 344
1 8 67
1 7 680
1 22 275
1 39 684
1 9 646
1 7 360
1 8 337
1 19 370
1 13 960
1 36 233
1 659 744
1 13 752
1 17 164
1 41 794
1 295 690
1 30 793
1 14 51
1 11 98
1 7 1000
1 9 578
1 13 30
1 13 178
1 11 980
1 16 221
1 10 277
1 11 554
1 91 370
1 9 944
1 15 208
1 18 549
1 811 880
1 10 465
1 41 464
1 20 97
1 16 769
1 7 652
1 8 37
1 7 526
1 9 288
1 8 63
1 115 926
1 875 910
1 18 133
1 23 992
1 16 499
1 7 388
1 449 584
1 9 48
1 10 805
1 22 513
1 34 743
1 9 32
1 8 569
1 21 212
1 11 32
1 13 608
1 63 254
1 27 652
1 11 856
1 7 896
1 15 18
1 8 423
1 36 697
1 39 360
1 57 872
1 8 929
1 7 702
1 7 926
1 9 678
1 16 379
1 31 898
1 24 821
1 22 889
1 10 271
1 32 447
1 15 754
1 13 146
1 97 552
1 169 328
1 19 68
1 9 774
1 17 444
1 68 429
1 14 525
1 16 437
1 13 452
1 23 552
1 7 198
1 15 132
1 8 809
1 26 507
1 7 328
1 7 224
1 9 980
1 15 640
1 10 361
1 9 374
1 16 527
1 8 607
1 9 488
1 13 818
1 8 431
1 9 808
1 30 901
1 11 460
1 953 976
1 30 289
1 10 283
1 14 685
1 12 195
1 70 689
1 21 648
1 7 118
1 7 806
1 20 41
1 17 878
1 24 419
1 22 359
1 16 907
1 23 910
1 55 276
1 13 734
1 215 768
1 7 140
1 14 687
1 8 169
1 13 210
1 9 190
1 19 924
1 12 755
1 19 336
1 100 567
1 359 822
1 7 546
1 8 925
1 12 765
1 28 93
1 45 580
1 14 441
1 7 440
1 188 535
1 24 879
1 66 665
1 835 880
1 10 655
1 21 644
1 31 120
1 17 760
1 21 240
1 40 231
1 100 663
1 7 474
1 10 933
1 20 979
1 8 369
1 18 761
1 12 987
1 9 80
1 7 528
1 10 255
1 922 951
1 22 195
1 12 651
1 7 480
1 737 836
1 10 967
1 13 680
1 40 681
1 10 861
1 19 660
1 9 164
1 14 921
1 7 544
1 10 197
1 22 271
1 8 669
1 15 538
1 9 486
1 7 860
1 8 31
1 19 116
1 763 890
1 16 213
1 10 575
1 8 289
1 45 398
1 17 724
1 10 117
1 7 974
1 10 745
1 42 133
1 13 270
1 21 56
1 9 476
1 607 652
1 11 556
1 14 43
1 13 562
1 9 60
1 7 266
1 36 75
1 40 105
1 8 87
1 8 837
1 7 802
1 67 630
1 8 21
1 18 527
1 7 148
1 15 360
1 835 972
1 46 891
1 852 901
1 40 61
1 41 358
1 24 925
1 15 888
1 8 769
1 17 450
1 19 688
1 32 429
1 7 8
1 7 72
1 8 159
1 14 311
1 593 704
1 26 115
1 38 823
1 14 219
1 16 843
1 51 776
1 10 979
1 212 765
1 68 649
1 8 991
1 15 920
1 11 892
1 32 861
1 14 35
1 9 514
1 66 835
1 10 281
1 18 245
1 8 29
1 213 886
1 7 514
1 951 974
1 31 784
1 731 856
1 11 286
1 7 782
1 858 991
1 7 240
1 16 367
1 815 862
1 11 116
1 8 493
1 940 997
1 27 604
1 131 806
1 34 157
1 38 227
1 17 96
1 11 596
1 50 259
1 10 429
1 7 736
1 7 724
1 11 646
1 7 144
1 8 747
1 6 889
1 14 655
1 19 42
1 37 500
1 17 588
1 11 280
1 7 854
1 667 988
1 7 174
1 15 158
1 10 397
1 952 991
1 11 684
1 9 822
1 7 538
1 8 893
1 6 817
1 9 560
1 16 143
1 20 593
1 19 538
1 112 951
1 13 890
1 7 686
1 14 589
1 14 87
1 12 21
1 9 636
1 22 57
1 7 80
1 100 315
1 15 994
1 10 531
1 523 998
1 9 214
1 181 694
1 510 739
1 11 388
1 8 435
1 6 923
1 9 262
1 7 838
1 13 684
1 11 606
1 884 991
1 10 105
1 11 210
1 9 112
1 8 941
1 50 405
1 12 305
1 37 574
1 7 530
1 27 888
1 35 906
1 531 680
1 26 343
1 12 199
1 12 573
1 25 396
1 12 169
1 20 217
1 40 649
1 97 492
1 6 639
1 9 690
1 13 184
1 7 804
1 18 359
1 885 982
1 20 359
1 14 683
1 7 418
1 18 871
1 15 638
1 13 462
1 45 776
1 9 208
1 40 287
1 8 637
1 14 103
1 8 939
1 47 626
1 7 356
1 8 353
1 10 755
1 9 292
1 19 782
1 8 297
1 10 349
1 6 759
1 33 680
1 7 42
1 74 297
1 11 258
1 860 893
1 13 764
1 7 290
1 9 306
1 17 314
1 42 869
1 25 618
1 7 650
1 6 837
1 119 662
1 16 427
1 9 28
1 7 284
1 13 314
1 9 462
1 74 403
1 8 711
1 11 504
1 7 260
1 7 12
1 19 434
1 17 372
1 22 431
1 15 62
1 8 215
1 6 523
1 9 150
1 12 61
1 32 395
1 25 452
1 39 372
1 14 237
1 7 704
1 51 204
1 12 311
1 8 33
1 6 669
1 26 809
1 9 420
1 911 924
1 46 511
1 13 590
1 6 833
1 8 625
1 11 858
1 8 23
1 8 291
1 7 434
1 8 101
1 10 715
1 7 476
1 17 20
1 22 917
1 8 485
1 8 455
1 540 935
1 90 231
1 46 105
1 23 542
1 14 897
1 9 16
1 632 713
1 26 437
1 10 487
1 22 133
1 6 543
1 10 925
1 7 826
1 11 236
1 7 170
1 14 923
1 463 742
1 14 873
1 7 378
1 15 534
1 11 890
1 16 415
1 8 319
1 6 855
1 13 480
1 8 91
1 14 925
1 6 591
1 13 40
1 78 539
1 7 560
1 9 140
1 71 894
1 87 920
1 16 95
1 9 922
1 10 11
1 690 787
1 7 26
1 30 523
1 17 318
1 11 612
1 22 663
1 12 27
1 6 997
1 46 231
1 9 178
1 12 291
1 12 617
1 19 302
1 12 953
1 7 348
1 13 276
1 33 672
1 8 235
1 7 280
1 8 345
1 15 996
1 22 113
1 9 580
1 6 975
1 614 881
1 56 683
1 11 644
1 8 287
1 7 96
1 126 665
1 94 279
1 11 272
1 13 822
1 13 840
1 14 581
1 8 139
1 120 181
1 16 195
1 10 201
1 16 265
1 7 216
1 6 611
1 10 905
1 6 845
1 16 513
1 7 908
1 6 549
1 14 501
1 304 689
1 6 609
1 8 561
1 17 136
1 7 250
1 9 372
1 7 774
1 8 207
1 8 743
1 11 670
1 41 810
1 12 363
1 7 798
1 66 843
1 703 794
1 10 867
1 78 993
1 11 986
1 16 879
1 11 490
1 6 561
1 8 735
1 6 341
1 7 912
1 6 823
1 56 539
1 10 801
1 10 495
1 17 156
1 10 173
1 7 852
1 27 996
1 7 556
1 11 396
1 6 351
1 363 790
1 6 751
1 7 36
1 7 314
1 33 754
1 7 128
1 10 99
1 15 96
1 25 608
1 7 20
1 29 884
1 50 87
1 29 716
1 26 333
1 6 867
1 7 252
1 7 14
1 63 814
1 6 513
1 7 674
1 12 279
1 12 89
1 9 96
1 7 510
1 22 711
1 6 681
1 10 461
1 6 623
1 19 184
1 6 737
1 6 103
1 6 553
1 6 61
1 6 187
1 17 160
1 9 394
1 7 576
1 15 160
1 153 320
1 10 725
1 98 697
1 809 820
1 14 707
1 8 871
1 6 289
1 905 940
1 13 24
1 7 982
1 52 485
1 6 687
1 19 548
1 33 566
1 8 295
1 12 571
1 57 292
1 83 202
1 9 650
1 7 600
1 14 267
1 15 934
1 12 799
1 48 525
1 7 620
1 10 891
1 9 496
1 15 738
1 600 835
1 39 832
1 5 976
1 6 421
1 6 451
1 6 225
1 10 957
1 680 715
1 18 847
1 10 581
1 420 987
1 8 525
1 679 968
1 8 239
1 6 383
1 14 915
1 8 407
1 9 146
1 9 124
1 6 891
1 6 299
1 10 759
1 13 604
1 6 147
1 7 304
1 21 804
1 6 943
1 6 735
1 16 841
1 719 776
1 48 303
1 13 326
1 7 916
1 41 116
1 18 893
1 6 153
1 8 43
1 21 50
1 37 584
1 9 348
1 6 843
1 18 165
1 33 254
1 37 68
1 6 413
1 22 319
1 265 454
1 881 968
1 14 973
1 13 172
1 984 995
1 80 165
1 7 638
1 8 15
1 784 975
1 9 954
1 9 520
1 8 649
1 105 460
1 17 66
1 7 636
1 8 619
1 25 726
1 19 460
1 8 205
1 6 237
1 13 632
1 8 879
1 6 911
1 7 262
1 16 611
1 6 921
1 12 435
1 7 254
1 13 92
1 6 907
1 6 723
1 80 175
1 14 449
1 7 772
1 28 249
1 5 918
1 7 380
1 13 126
1 8 499
1 13 644
1 8 931
1 20 995
1 967 978
1 9 88
1 8 167
1 7 76
1 8 17
1 6 731
1 33 574
1 5 878
1 10 749
1 5 744
1 6 21
1 6 551
1 762 853
1 48 947
1 6 315
1 7 760
1 57 492
1 6 985
1 21 272
1 30 435
1 13 160
1 18 111
1 895 998
1 7 52
1 5 870
1 17 412
1 7 98
1 72 179
1 149 872
1 7 656
1 6 373
1 6 369
1 45 48
1 5 776
1 7 186
1 6 379
1 9 84
1 8 591
1 17 64
1 8 383
1 484 721
1 16 223
1 11 632
1 14 511
1 5 712
1 24 931
1 5 792
1 6 269
1 21 586
1 54 579
1 7 86
1 8 495
1 16 807
1 10 41
1 7 18
1 11 46
1 5 916
1 13 46
1 28 957
1 866 991
1 11 850
1 10 671
1 8 533
1 9 768
1 8 629
1 7 492
1 51 720
1 75 426
1 5 992
1 7 878
1 21 972
1 6 995
1 22 161
1 320 695
1 11 650
1 20 619
1 9 656
1 5 674
1 21 690
1 6 189
1 9 220
1 5 822
1 16 671
1 29 790
1 7 234
1 6 357
1 9 238
1 17 148
1 6 683
1 5 596
1 6 319
1 13 982
1 24 189
1 27 170
1 41 792
1 6 435
1 24 311
1 5 876
1 6 101
1 61 818
1 15 102
1 6 389
1 38 353
1 9 118
1 8 59
1 9 606
1 6 205
1 20 597
1 945 978
1 9 426
1 10 547
1 6 571
1 11 446
1 6 223
1 5 586
1 8 19
1 7 936
1 5 604
1 6 29
1 21 66
1 6 527
1 892 911
1 5 768
1 5 606
1 22 761
1 607 866
1 6 857
1 307 774
1 13 280
1 9 926
1 5 928
1 40 169
1 5 640
1 6 509
1 18 759
1 22 923
1 6 285
1 9 254
1 28 729
1 26 715
1 7 410
1 6 973
1 42 859
1 5 994
1 7 242
1 59 72
1 6 429
1 9 300
1 840 991
1 34 775
1 5 746
1 10 33
1 9 302
1 11 348
1 20 585
1 11 884
1 13 230
1 5 578
1 8 639
1 8 791
1 6 227
1 6 477
1 40 153
1 6 39
1 8 439
1 9 910
1 6 933
1 20 589
1 6 569
1 7 124
1 18 561
1 6 9
1 43 460
1 7 586
1 5 672
1 28 123
1 18 719
1 17 238
1 5 986
1 18 625
1 70 875
1 21 576
1 139 634
1 6 637
1 11 454
1 5 646
1 90 915
1 8 299
1 891 990
1 5 608
1 5 750
1 7 74
1 8 449
1 41 528
1 12 467
1 8 229
1 15 392
1 7 396
1 9 778
1 16 313
1 6 811
1 19 680
1 6 91
1 5 862
1 20 199
1 11 468
1 9 102
1 392 697
1 25 742
1 7 692
1 8 411
1 793 910
1 7 648
1 23 52
1 10 389
1 12 217
1 10 433
1 858 913
1 7 370
1 12 147
1 637 804
1 28 659
1 10 931
1 8 13
1 6 665
1 7 516
1 6 573
1 54 195
1 8 677
1 46 879
1 14 669
1 25 574
1 12 303
1 7 694
1 14 367
1 10 75
1 286 703
1 6 73
1 55 592
1 9 40
1 23 128
1 10 657
1 5 656
1 32 465
1 13 964
1 7 964
1 5 370
1 6 193
1 10 377
1 13 606
1 5 418
1 10 737
1 5 466
1 7 430
1 56 357
1 618 723
1 6 661
1 9 936
1 14 935
1 9 320
1 6 123
1 5 798
1 37 350
1 7 156
1 33 182
1 5 778
1 5 158
1 20 441
1 5 208
1 5 880
1 6 45
1 5 970
1 13 456
1 8 897
1 9 436
1 9 968
1 43 738
1 7 918
1 5 652
1 10 689
1 8 829
1 9 984
1 110 893
1 14 427
1 13 362
1 12 891
1 20 243
1 8 157
1 6 71
1 8 467
1 7 892
1 110 613
1 6 917
1 8 901
1 7 432
1 5 602
1 12 121
1 11 254
1 877 998
1 46 579
1 36 95
1 32 329
1 5 520
1 10 897
1 5 226
1 24 353
1 7 78
1 10 403
1 20 963
1 7 558
1 13 514
1 8 417
1 6 117
1 15 760
1 21 748
1 5 820
1 16 25
1 6 729
1 6 35
1 10 629
1 5 88
1 747 762
1 5 150
1 611 724
1 8 463
1 5 720
1 16 911
1 5 332
1 11 764
1 24 615
1 9 418
1 5 174
1 7 54
1 5 864
1 6 87
1 15 900
1 6 167
1 7 890
1 10 331
1 4 985
1 7 332
1 6 909
1 13 446
1 7 336
1 11 252
1 18 995
1 13 796
1 18 917
1 10 351
1 13 116
1 75 796
1 5 342
1 12 347
1 8 971
1 11 202
1 9 596
1 12 99
1 859 900
1 8 581
1 7 324
1 6 559
1 19 754
1 11 360
1 37 240
1 25 84
1 9 928
1 11 298
1 6 47
1 4 991
1 19 774
1 11 712
1 11 368
1 7 500
1 5 886
1 7 842
1 6 453
1 4 889
1 9 362
1 5 302
1 6 755
1 24 619
1 15 562
1 6 155
1 13 704
1 27 220
1 8 177
1 6 265
1 5 130
1 12 367
1 10 511
1 10 877
1 5 14
1 4 885
1 6 213
1 5 248
1 848 913
1 6 97
1 7 864
1 63 264
1 4 897
1 13 594
1 7 376
1 5 884
1 8 877
1 9 384
1 7 870
1 846 897
1 5 324
1 5 24
1 11 848
1 36 885
1 6 511
1 15 988
1 6 885
1 6 209
1 5 98
1 4 869
1 110 127
1 6 781
1 16 67
1 11 108
1 4 907
1 12 51
1 9 182
1 5 338
1 6 871
1 9 860
1 16 515
1 834 851
1 6 711
1 10 677
1 12 715
1 8 501
1 9 62
1 32 389
1 31 160
1 30 361
1 5 450
1 6 401
1 9 284
1 10 147
1 10 851
1 12 295
1 6 879
1 6 83
1 11 68
1 5 368
1 5 760
1 7 572
1 7 444
1 712 829
1 5 66
1 72 985
1 8 315
1 26 61
1 14 297
1 5 732
1 7 998
1 4 973
1 64 807
1 16 479
1 4 975
1 672 759
1 12 451
1 12 535
1 14 275
1 5 842
1 7 754
1 55 290
1 5 104
1 9 792
1 10 347
1 37 822
1 7 684
1 12 643
1 23 690
1 6 575
1 4 719
1 18 39
1 5 856
1 6 815
1 8 963
1 10 107
1 6 941
1 15 568
1 8 131
1 5 622
1 12 751
1 13 678
1 170 835
1 17 368
1 31 532
1 28 585
1 5 402
1 6 541
1 13 516
1 5 532
1 40 629
1 7 670
1 6 587
1 13 880
1 8 869
1 4 635
1 6 175
1 6 705
1 12 155
1 16 477
1 5 34
1 12 289
1 4 665
1 10 519
1 48 953
1 6 927
1 18 371
1 21 784
1 15 470
1 5 512
1 7 126
1 6 51
1 145 902
1 25 538
1 5 996
1 5 784
1 12 581
1 900 909
1 462 903
1 35 810
1 105 112
1 39 50
1 20 797
1 16 845
1 9 672
1 20 571
1 5 20
1 4 887
1 11 494
1 4 711
1 4 515
1 5 534
1 974 997
1 38 429
1 14 61
1 6 507
1 27 686
1 4 633
1 5 920
1 8 395
1 9 166
1 5 432
1 8 73
1 17 204
1 13 198
1 6 261
1 7 518
1 30 187
1 6 493
1 5 836
1 8 317
1 14 231
1 4 815
1 6 653
1 4 715
1 5 648
1 7 548
1 4 589
1 438 683
1 8 401
1 8 413
1 6 249
1 7 56
1 4 955
1 559 784
1 6 605
1 7 38
1 10 489
1 12 753
1 7 158
1 13 492
1 9 122
1 6 849
1 50 909
1 22 589
1 5 774
1 4 649
1 10 687
1 4 945
1 25 520
1 5 64
1 7 202
1 7 934
1 7 630
1 7 362
1 5 714
1 5 164
1 5 90
1 5 118
1 79 612
1 19 904
1 18 767
1 5 360
1 18 427
1 5 358
1 35 100
1 4 755
1 5 270
1 16 471
1 4 447
1 14 483
1 4 953
1 843 848
1 958 991
1 5 516
1 8 771
1 7 646
1 13 778
1 32 615
1 94 921
1 4 637
1 4 555
1 480 933
1 8 853
1 5 538
1 4 629
1 14 421
1 10 357
1 5 178
1 8 165
1 11 886
1 37 772
1 27 240
1 5 710
1 7 358
1 8 187
1 8 609
1 5 580
1 6 643
1 8 911
1 7 298
1 5 594
1 6 821
1 9 668
1 5 678
1 6 475
1 23 292
1 6 589
1 324 331
1 4 575
1 6 455
1 4 275
1 5 686
1 10 87
1 6 67
1 15 560
1 18 557
1 7 88
1 20 747
1 18 207
1 634 991
1 10 31
1 19 270
1 5 68
1 9 184
1 12 403
1 4 457
1 128 555
1 55 156
1 5 246
1 6 317
1 24 681
1 17 996
1 4 731
1 4 705
1 7 160
1 24 379
1 5 668
1 5 364
1 20 833
1 5 782
1 4 501
1 17 790
1 13 914
1 14 881
1 135 944
1 12 265
1 4 423
1 15 678
1 7 66
1 6 463
1 5 924
1 4 529
1 5 16
1 9 278
1 5 78
1 13 876
1 7 456
1 7 308
1 4 349
1 19 542
1 15 462
1 4 913
1 4 947
1 26 719
1 4 713
1 4 283
1 4 321
1 940 951
1 61 810
1 6 221
1 13 572
1 4 199
1 5 26
1 8 597
1 25 986
1 19 46
1 4 375
1 4 921
1 4 371
1 6 489
1 13 660
1 5 644
1 900 905
1 5 376
1 6 783
1 7 450
1 41 320
1 29 760
1 11 130
1 10 681
1 6 993
1 5 890
1 4 297
1 43 216
1 28 255
1 8 271
1 26 573
1 6 771
1 5 416
1 5 258
1 19 886
1 4 401
1 6 447
1 6 173
1 4 277
1 29 222
1 33 900
1 9 94
1 7 866
1 23 494
1 5 654
1 14 197
1 7 734
1 6 93
1 13 336
1 4 353
1 9 568
1 4 489
1 4 641
1 6 15
1 7 278
1 835 896
1 4 967
1 6 247
1 5 282
1 10 539
1 6 109
1 4 367
1 5 38
1 726 831
1 9 548
1 4 671
1 5 166
1 6 485
1 25 846
1 13 258
1 4 443
1 7 532
1 4 421
1 4 733
1 574 819
1 25 150
1 5 852
1 7 574
1 6 367
1 102 423
1 6 595
1 5 310
1 654 805
1 43 736
1 11 414
1 8 329
1 9 456
1 6 19
1 10 611
1 6 275
1 9 222
1 6 859
1 7 762
1 4 527
1 14 349
1 5 810
1 23 498
1 17 398
1 13 958
1 8 441
1 5 210
1 6 151
1 6 805
1 5 184
1 861 914
1 11 14
1 25 630
1 4 441
1 29 280
1 31 488
1 4 345
1 19 692
1 6 525
1 90 919
1 122 575
1 4 37
1 5 568
1 306 619
1 4 497
1 4 691
1 6 819
1 4 571
1 77 384
1 4 853
1 10 77
1 27 578
1 14 993
1 12 811
1 18 41
1 25 560
1 4 45
1 4 819
1 12 709
1 4 651
1 14 153
1 4 317
1 26 273
1 5 754
1 6 281
1 8 859
1 4 721
1 36 679
1 7 808
1 4 659
1 14 99
1 37 978
1 5 866
1 5 484
1 4 301
1 5 330
1 6 415
1 21 74
1 4 663
1 43 722
1 8 137
1 8 465
1 5 436
1 5 56
1 17 600
1 18 355
1 4 467
1 25 412
1 15 202
1 5 382
1 4 557
1 4 341
1 17 384
1 6 271
1 6 487
1 12 977
1 10 345
1 6 359
1 7 48
1 10 65
1 60 77
1 4 115
1 7 398
1 13 430
1 13 992
1 6 135
1 6 313
1 12 547
1 6 267
1 5 40
1 3 960
1 7 726
1 36 809
1 8 951
1 9 798
1 7 654
1 3 900
1 14 975
1 9 820
1 8 555
1 3 826
1 10 879
1 4 511
1 7 390
1 6 419
1 7 352
1 6 469
1 4 761
1 4 337
1 121 360
1 6 861
1 5 28
1 7 244
1 21 254
1 5 528
1 4 339
1 5 160
1 4 391
1 4 43
1 5 546
1 7 876
1 169 796
1 5 92
1 4 383
1 547 724
1 6 481
1 25 304
1 8 681
1 9 622
1 10 463
1 4 413
1 7 204
1 11 588
1 6 877
1 9 54
1 4 55
1 4 267
1 4 365
1 414 689
1 17 492
1 15 818
1 5 906
1 5 352
1 10 697
1 5 854
1 50 205
1 5 850
1 13 730
1 5 286
1 10 901
1 4 67
1 9 640
1 3 776
1 5 438
1 11 134
1 12 469
1 4 285
1 12 845
1 9 432
1 6 753
1 3 862
1 6 691
1 58 323
1 16 771
1 31 162
1 3 958
1 12 369
1 5 988
1 7 372
1 27 664
1 6 243
1 5 804
1 4 177
1 22 365
1 7 344
1 5 764
1 23 412
1 7 930
1 4 295
1 7 512
1 5 796
1 4 351
1 7 580
1 4 185
1 3 602
1 4 307
1 12 229
1 4 95
1 5 904
1 12 965
1 3 584
1 4 135
1 23 980
1 11 704
1 8 699
1 44 621
1 7 504
1 4 729
1 13 844
1 8 389
1 68 623
1 5 704
1 5 300
1 3 934
1 4 597
1 4 681
1 5 60
1 7 598
1 29 338
1 8 863
1 39 296
1 4 39
1 4 91
1 918 979
1 10 555
1 3 820
1 7 606
1 4 17
1 5 790
1 19 766
1 5 818
1 3 730
1 19 698
1 9 218
1 7 634
1 4 749
1 4 677
1 7 22
1 5 46
1 12 173
1 3 670
1 3 718
1 5 834
1 4 237
1 6 651
1 4 723
1 8 531
1 98 111
1 4 643
1 5 100
1 23 326
1 8 293
1 23 950
1 5 6
1 5 482
1 27 356
1 11 950
1 5 618
1 50 217
1 5 212
1 3 536
1 4 875
1 6 627
1 8 603
1 11 638
1 3 738
1 6 797
1 3 996
1 8 595
1 78 809
1 10 831
1 12 641
1 5 322
1 4 87
1 10 889
1 4 799
1 4 971
1 4 873
1 6 363
1 17 678
1 25 544
1 13 784
1 3 524
1 4 137
1 8 945
1 4 435
1 3 946
1 5 974
1 5 412
1 20 909
1 804 995
1 4 775
1 4 703
1 34 479
1 18 987
1 3 376
1 9 546
1 12 143
1 4 535
1 5 316
1 3 894
1 9 446
1 9 468
1 3 348
1 22 743
1 4 61
1 5 146
1 4 327
1 12 297
1 25 774
1 21 304
1 8 347
1 19 30
1 3 390
1 9 110
1 6 127
1 4 439
1 4 373
1 18 329
1 6 121
1 6 969
1 3 518
1 4 747
1 8 363
1 7 268
1 4 725
1 110 507
1 4 615
1 5 140
1 4 313
1 8 339
1 9 964
1 7 322
1 4 315
1 3 550
1 5 554
1 911 930
1 17 478
1 4 631
1 3 720
1 6 331
1 18 235
1 4 255
1 8 745
1 7 894
1 9 116
1 4 917
1 9 776
1 4 27
1 4 363
1 4 257
1 5 148
1 9 98
1 4 609
1 17 32
1 3 254
1 13 646
1 5 266
1 4 843
1 4 613
1 28 501
1 91 300
1 7 62
1 7 954
1 3 436
1 3 972
1 6 403
1 8 283
1 3 940
1 3 482
1 6 869
1 3 804
1 8 907
1 10 329
1 3 504
1 5 488
1 85 616
1 6 461
1 22 557
1 4 151
1 3 326
1 806 869
1 4 559
1 4 789
1 3 566
1 3 620
1 6 95
1 5 504
1 3 334
1 3 264
1 8 419
1 4 477
1 6 533
1 4 329
1 3 290
1 4 155
1 18 115
1 4 139
1 3 852
1 3 864
1 5 274
1 3 724
1 3 924
1 4 669
1 4 837
1 6 905
1 5 224
1 3 158
1 7 166
1 7 10
1 3 212
1 8 723
1 4 451
1 8 83
1 3 854
1 5 592
0 3 887
1 4 795
0 7 229
1 11 972
0 36 738
0 3 139
1 11 276
1 3 248
1 22 751
1 4 567
0 9 667
0 3 279
0 6 614
0 10 476
1 918 967
1 7 928
1 4 57
1 4 393
1 59 554
0 3 241
0 12 470
0 3 413
0 3 915
1 5 470
1 12 419
0 3 357
0 4 46
1 8 923
1 6 519
0 4 208
1 582 911
0 13 717
0 3 101
0 8 982
1 11 854
1 54 259
1 3 124
1 10 247
1 7 578
0 3 63
0 6 344
1 13 620
0 4 162
1 805 958
0 4 686
0 5 123
0 6 558
0 6 410
0 8 216
0 13 591
1 21 654
1 5 54
1 31 146
0 10 390
0 4 50
0 4 330
0 6 518
0 8 430
1 9 990
0 3 51
1 3 322
0 16 732
0 8 518
1 3 608
1 11 318
0 37 983
0 3 11
0 4 6
0 13 149
0 5 569
0 3 859
0 4 414
0 4 296
1 4 9
1 5 510
1 4 311
1 3 358
1 5 940
1 816 895
1 6 89
0 4 610
0 3 589
0 3 557
1 3 538
1 5 698
1 5 808
1 3 382
0 14 504
1 4 25
0 19 217
1 3 982
1 3 94
1 12 359
0 4 700
0 4 894
0 3 717
1 9 604
0 5 67
1 3 492
0 3 785
0 3 227
1 5 420
1 4 189
1 8 507
1 3 26
0 8 426
0 3 403
1 4 859
0 808 912
0 4 70
1 3 336
0 23 987
0 3 553
0 4 242
0 3 463
0 61 139
0 6 726
1 3 132
1 11 524
0 3 207
1 9 698
0 3 777
1 3 736
1 3 74
0 3 89
0 3 121
0 7 995
0 3 131
0 5 407
0 30 750
0 5 339
0 3 273
0 8 970
1 4 31
0 23 597
1 3 528
1 10 923
1 14 387
1 3 454
1 3 888
1 3 722
1 3 32
0 3 123
1 3 208
1 4 605
1 5 168
0 10 894
1 6 851
0 11 33
0 95 557
0 5 541
0 3 767
1 11 808
0 5 723
0 3 91
1 5 680
0 11 761
1 5 794
0 4 820
0 4 446
1 3 402
0 4 328
0 7 81
0 4 190
1 3 164
1 5 400
0 3 595
1 4 147
1 2 987
0 9 405
1 3 732
1 7 610
0 7 251
0 7 281
1 3 710
0 2 980
0 3 319
0 6 290
1 4 269
1 4 581
1 4 431
0 4 144
1 6 339
1 9 480
0 3 993
0 15 715
0 15 271
0 4 284
0 110 698
1 3 76
0 3 259
0 8 536
1 15 498
0 5 485
1 352 523
1 16 901
1 3 104
1 3 662
1 22 639
0 5 21
1 7 904
0 173 807
1 3 928
1 10 209
0 7 859
0 3 33
0 2 1000
0 10 296
1 23 520
0 2 934
1 21 146
0 4 428
1 3 268
1 7 112
0 15 307
1 3 92
0 3 359
1 46 107
0 13 657
0 5 41
1 3 680
1 489 944
0 3 521
0 3 677
0 5 79
0 7 373
1 8 173
0 3 867
1 3 744
0 3 103
1 3 772
0 3 617
0 10 946
0 3 747
1 4 525
0 5 851
0 3 853
0 3 669
0 5 71
0 3 247
1 3 246
0 3 287
1 3 116
1 4 965
1 21 892
0 3 635
0 13 597
1 807 980
1 5 728
0 2 832
0 3 365
0 4 450
0 32 582
1 29 352
1 11 778
1 28 119
0 3 925
1 3 70
0 3 351
0 4 234
1 5 630
0 8 132
1 3 752
0 11 859
0 32 182
0 3 511
1 9 328
1 6 925
1 3 180
1 4 73
0 3 19
0 2 918
1 7 102
1 27 608
0 3 499
0 3 83
0 3 713
0 2 844
0 6 774
1 3 64
1 62 401
0 5 173
1 3 626
1 3 302
0 831 879
1 3 210
1 3 468
1 8 385
1 4 437
1 5 872
1 10 307
1 4 11
1 17 796
1 3 486
1 54 213
1 3 656
1 826 911
0 3 861
1 2 963
0 6 48
0 7 877
1 3 818
1 3 904
0 4 958
0 6 532
0 4 766
1 27 612
0 3 627
0 3 649
1 2 889
0 15 675
1 16 177
1 4 531
1 35 222
1 3 12
0 3 209
1 3 514
1 4 813
1 3 242
1 2 893
1 3 350
1 5 736
0 3 177
0 24 68
0 3 791
0 7 31
0 93 377
1 2 879
0 3 593
1 979 986
0 10 478
0 3 417
1 3 34
0 10 974
1 3 174
1 18 739
1 37 530
1 3 380
0 3 13
1 11 326
0 5 805
0 4 464
0 2 876
0 2 784
1 2 881
1 6 215
1 5 328
0 9 277
1 7 68
0 13 143
1 7 188
0 3 193
0 4 94
0 8 110
1 22 79
0 126 916
1 2 711
1 5 230
1 10 499
1 5 428
1 10 387
0 2 970
0 4 184
0 6 398
0 5 361
1 4 699
1 3 906
0 6 120
0 2 976
1 14 907
0 5 813
1 3 194
1 5 298
0 2 702
1 3 876
0 3 831
1 3 102
1 9 942
1 4 805
0 5 509
1 4 675
1 2 795
1 3 372
1 969 1000
1 7 194
0 3 903
1 8 985
0 3 705
0 11 577
1 4 801
0 3 687
0 2 774
0 3 195
1 5 1000
1 5 888
1 2 717
0 18 678
0 2 850
1 4 449
0 3 239
0 5 613
1 14 867
0 5 513
0 2 854
1 4 191
0 6 456
1 3 668
1 3 438
0 3 39
1 9 332
0 3 663
0 13 41
0 9 157
0 6 76
1 63 328
1 20 711
1 3 672
1 2 925
1 2 985
1 24 221
0 3 883
1 4 689
1 2 927
1 26 711
1 893 986
0 4 504
0 3 811
0 2 840
0 6 90
0 45 155
0 3 143
0 2 634
1 3 378
0 9 151
0 2 910
1 12 533
1 3 166
1 3 360
0 4 908
0 2 748
1 3 808
1 3 516
1 4 479
1 7 334
1 15 542
0 3 55
1 8 577
0 9 913
0 3 983
1 3 162
0 2 936
0 33 227
0 3 309
1 3 554
1 3 150
0 3 929
0 5 349
0 2 856
1 2 849
0 4 834
1 5 290
0 12 376
1 26 107
0 80 398
0 2 696
1 3 594
1 5 446
1 4 573
0 3 383
1 5 198
1 9 760
0 893 977
1 2 869
0 2 954
0 5 427
0 5 511
0 8 792
0 12 108
1 23 652
0 2 900
1 6 297
0 6 342
1 50 787
1 3 56
1 11 120
0 7 897
1 9 504
0 6 72
1 4 791
0 2 872
1 48 841
0 3 179
1 7 422
1 3 50
1 3 572
0 36 610
0 3 461
0 4 554
1 19 140
1 3 140
1 22 475
0 4 718
0 2 606
1 2 591
1 5 816
0 3 451
0 3 111
1 6 977
0 2 534
1 16 443
0 3 501
0 4 40
0 3 231
0 8 382
1 2 631
0 4 888
1 3 918
0 18 646
1 12 675
0 3 233
1 2 529
1 5 492
0 2 576
1 21 908
1 4 409
1 9 866
1 5 406
1 2 891
1 5 314
1 6 733
1 3 690
1 5 22
1 28 569
0 3 537
0 3 345
0 29 787
1 4 943
0 9 953
0 4 244
1 2 857
0 34 680
0 45 337
1 3 766
0 3 201
0 7 375
0 3 197
1 4 753
0 3 161
0 605 911
0 6 216
0 5 631
0 3 709
1 5 202
1 4 187
1 4 167
0 2 580
0 2 964
1 8 641
0 338 954
1 5 506
0 3 441
1 5 724
0 2 712
1 2 493
0 3 453
0 5 249
1 3 556
0 4 268
0 2 992
1 2 487
1 3 510
0 2 476
1 4 619
1 17 426
1 2 485
1 7 426
1 6 277
1 4 561
0 3 43
1 2 525
0 2 460
1 4 105
0 3 147
1 3 222
0 15 191
1 37 292
1 3 260
0 3 891
1 6 635
0 4 528
1 19 402
0 3 73
1 4 169
1 2 745
0 4 308
1 5 518
1 2 441
1 2 609
1 2 659
0 12 96
0 6 372
0 2 498
0 3 541
0 3 995
1 3 750
1 3 6
1 2 971
0 12 132
0 2 728
1 2 543
1 15 384
0 52 322
1 3 914
0 3 641
0 2 912
0 2 884
1 2 695
0 4 936
1 9 684
1 2 737
0 2 828
0 2 798
1 3 30
0 3 153
1 7 394
1 5 120
0 3 167
1 4 303
1 3 474
0 112 850
1 3 292
1 868 871
0 6 402
1 3 606
1 3 654
0 9 995
0 2 598
1 2 679
1 23 60
1 5 70
0 13 415
1 4 369
0 5 671
0 7 219
0 3 41
1 2 541
0 2 858
1 4 109
1 2 603
1 2 513
1 6 547
1 4 505
0 16 336
1 9 364
1 12 115
1 4 963
1 2 811
0 2 862
1 13 736
0 877 891
0 4 710
1 6 197
0 2 700
0 5 37
0 2 958
1 12 247
1 3 276
1 3 190
1 7 190
1 2 539
1 3 632
1 5 268
1 4 333
0 2 560
0 4 54
0 3 45
0 3 395
0 2 410
1 3 356
1 2 531
0 2 944
0 2 464
1 2 575
1 2 469
0 2 734
1 3 148
1 36 983
1 2 427
0 3 353
0 4 574
1 2 535
1 3 370
1 2 435
1 2 895
1 2 447
0 2 790
1 2 415
1 3 460
0 3 389
1 5 336
1 55 542
1 2 627
1 5 658
1 3 410
0 10 846
1 2 625
1 2 991
0 2 538
0 3 245
1 2 761
1 2 731
1 4 289
1 157 782
0 2 620
1 8 519
0 9 77
1 3 986
1 2 911
0 3 675
1 8 379
1 12 433
0 15 511
0 12 358
0 4 538
1 3 466
1 2 553
0 3 87
0 9 107
1 753 960
1 3 98
0 2 582
0 2 536
0 2 986
0 6 12
0 2 602
1 4 193
1 7 272
0 12 338
0 3 493
1 7 90
0 5 195
1 2 549
0 2 344
1 9 134
0 4 754
0 2 842
0 18 698
1 2 595
1 4 473
0 6 434
0 4 452
0 3 483
0 4 896
0 4 364
1 24 97
0 5 15
1 2 909
0 2 322
1 2 505
1 59 978
1 3 384
0 2 524
0 400 818
0 2 396
0 3 889
1 2 357
0 2 664
0 2 420
1 18 301
1 4 697
0 2 864
1 4 227
0 5 239
0 2 972
1 2 471
0 8 656
0 2 270
0 2 298
0 5 665
0 3 261
0 7 71
0 10 188
1 2 407
0 3 517
0 2 590
0 3 815
1 2 481
0 3 189
0 3 519
1 9 838
0 2 978
1 2 503
0 2 486
1 2 929
0 3 145
0 2 688
1 4 399
1 2 289
0 4 166
1 3 344
1 6 707
0 2 280
1 2 321
1 3 954
0 16 320
0 2 892
1 11 188
0 2 650
0 2 314
1 3 998
1 5 204
1 2 291
1 3 14
1 3 462
1 2 607
0 2 528
0 3 419
0 2 438
0 2 492
0 5 527
0 3 157
1 4 361
0 3 837
0 4 632
0 2 658
1 37 94
1 2 935
0 18 118
0 28 118
1 12 695
1 2 221
1 2 423
0 2 204
1 2 611
0 2 674
0 65 627
1 2 363
0 3 109
1 8 181
0 4 80
0 3 311
1 2 617
1 3 822
1 3 38
0 12 164
0 39 961
0 65 399
0 2 644
1 450 863
0 3 871
1 2 755
1 3 224
1 3 590
0 2 530
0 2 188
1 7 958
1 6 799
1 2 577
1 3 922
0 4 438
0 2 600
0 3 547
1 2 585
0 3 315
0 2 782
1 2 969
0 2 296
0 5 463
1 2 193
1 2 205
0 9 117
1 3 4
0 8 538
0 3 113
0 4 716
0 11 155
1 2 495
0 2 262
1 4 471
0 3 175
1 2 957
1 2 623
1 4 655
0 4 180
1 3 342
0 4 126
0 2 260
0 5 283
1 982 991
0 2 248
1 3 16
1 3 78
0 2 180
0 6 584
1 2 163
0 5 887
0 2 494
0 4 532
1 2 499
0 2 974
1 3 406
0 4 598
1 4 523
0 5 611
1 9 610
0 5 101
0 2 914
1 3 400
1 12 527
1 2 259
1 11 70
0 2 820
0 3 723
1 3 36
0 2 754
0 95 543
1 3 760
1 3 746
1 5 544
1 2 861
1 16 535
1 3 796
1 12 333
1 2 315
0 2 144
0 2 454
0 2 566
1 6 133
0 2 106
1 3 762
0 4 148
1 4 417
0 3 305
1 15 750
1 2 789
1 2 571
1 2 271
0 6 646
1 4 841
1 3 936
1 4 533
1 3 24
1 2 149
1 3 270
1 3 798
1 3 446
1 2 899
1 2 241
1 45 160
0 2 520
1 5 500
0 18 878
0 2 450
0 2 540
1 3 134
0 4 120
1 4 539
0 2 288
0 7 543
0 5 893
0 7 791
0 4 226
1 2 707
0 3 75
1 3 624
0 19 109
0 3 79
0 2 252
0 3 373
1 3 508
1 5 508
1 2 309
1 46 139
1 2 661
1 10 63
1 2 219
0 3 401
0 2 684
1 2 217
1 4 103
1 2 597
1 2 187
0 3 265
0 15 583
0 7 267
1 3 42
1 3 374
0 2 506
0 3 523
0 3 749
1 2 763
0 2 84
0 2 198
1 4 229
0 2 474
1 2 417
0 19 273
0 18 86
0 3 235
0 5 749
1 4 657
1 2 101
1 30 889
1 6 355
1 11 316
1 3 298
1 3 54
1 2 161
0 2 98
1 3 660
0 3 23
1 11 160
1 2 95
1 2 725
0 3 873
1 8 691
1 75 416
1 2 243
1 5 588
1 2 477
0 5 789
0 2 596
1 3 980
1 2 51
1 2 401
0 2 916
0 2 126
1 3 610
0 2 430
0 4 34
1 2 285
1 2 75
1 17 362
1 2 191
0 2 60
1 3 432
0 3 37
1 2 735
0 4 426
0 22 636
0 2 412
0 2 16
0 18 732
0 2 852
0 4 316
1 2 403
0 3 843
1 2 55
0 968 990
0 5 363
0 7 499
1 3 394
1 14 869
1 3 412
1 3 418
0 7 961
0 6 868
0 4 884
1 63 120
0 3 543
1 12 427
0 6 734
0 4 108
1 3 512
0 6 478
1 2 11
1 4 551
1 2 333
1 2 497
1 3 586
0 5 921
0 2 100
0 2 752
1 6 763
1 4 583
0 2 888
1 2 643
1 3 640
0 3 215
1 5 468
0 7 457
1 4 927
1 40 89
0 5 775
1 2 305
1 5 182
0 11 875
0 10 248
1 4 233
0 13 557
0 5 39
1 1 968
1 2 841
1 3 414
1 2 743
0 2 364
0 7 145
1 35 928
1 2 385
1 3 872
1 12 615
1 2 9
1 2 739
1 2 341
1 3 110
1 2 339
1 2 397
0 2 292
1 2 135
0 2 122
0 2 186
1 7 122
0 3 249
0 2 310
1 16 955
0 2 384
1 2 605
0 8 986
1 2 119
0 2 304
0 2 574
0 3 137
1 3 130
1 2 669
0 2 848
1 2 653
1 2 57
1 8 685
1 2 515
0 2 554
1 16 307
0 1 903
1 2 637
0 4 254
1 6 801
0 24 822
1 3 434
0 3 65
0 1 951
0 1 899
1 2 973
1 2 327
1 8 405
0 1 907
0 4 378
0 2 406
1 1 992
1 2 437
1 2 15
0 2 568
1 14 821
1 6 161
1 4 395
1 2 479
0 2 26
1 2 945
1 2 19
0 5 385
0 2 66
1 1 936
1 2 885
1 2 41
1 2 293
0 64 268
1 2 853
1 7 350
1 2 123
1 1 994
1 1 950
1 134 701
1 8 109
1 2 7
0 2 264
0 40 48
0 9 931
0 1 857
0 5 331
1 2 439
0 2 134
1 1 872
1 2 831
0 2 762
0 2 56
0 1 973
1 4 291
1 2 275
1 15 126
0 45 749
1 22 395
1 2 461
0 2 52
0 2 750
0 2 670
1 2 215
1 5 936
1 1 972
0 1 863
1 115 520
1 4 807
0 8 568
0 1 859
0 9 73
0 2 178
1 2 325
1 1 898
1 1 986
0 12 476
0 8 294
1 2 967
0 4 568
1 25 612
1 3 278
0 11 47
0 2 714
1 2 3
1 828 937
1 3 978
0 2 904
0 5 517
0 21 363
0 2 240
0 8 980
1 2 43
0 2 518
0 1 933
1 2 369
1 1 880
0 1 917
0 2 608
0 1 997
0 2 924
0 2 120
0 3 849
1 2 61
0 1 847
1 2 133
1 3 574
1 3 430
0 2 50
0 3 71
1 5 844
0 1 897
1 4 113
0 11 679
0 3 429
0 2 352
0 3 301
0 6 910
0 6 470
0 2 558
0 2 210
0 2 96
0 1 967
0 1 791
0 2 174
1 2 331
0 5 151
0 3 745
0 1 935
1 1 798
1 13 378
0 1 809
0 3 283
1 2 371
1 2 229
1 4 281
0 2 496
1 2 413
0 4 60
1 2 871
1 2 113
1 890 969
1 5 180
1 2 771
0 14 886
0 2 168
0 3 943
0 3 637
1 3 600
1 2 781
0 3 93
0 2 776
1 2 343
0 2 436
0 1 759
0 1 885
1 5 522
1 2 359
0 1 901
1 1 766
1 2 295
0 1 777
0 2 398
0 61 809
1 2 233
0 90 924
0 2 578
1 1 868
0 3 97
1 2 517
0 2 550
1 2 651
1 1 814
0 2 158
1 2 905
0 1 941
1 1 796
0 1 729
0 2 586
0 2 968
1 3 840
0 1 829
0 3 367
1 1 790
0 2 6
0 3 9
0 2 82
1 2 699
1 1 952
1 2 199
1 2 33
1 2 355
0 1 915
1 2 67
0 3 165
1 1 886
1 2 173
1 1 734
0 1 891
0 1 851
1 2 181
1 2 273
1 222 993
0 2 998
0 2 390
0 3 735
0 3 255
0 2 20
0 2 208
0 2 334
1 4 75
1 2 733
0 1 751
1 4 241
0 2 996
0 1 841
1 19 926
1 1 696
0 6 96
0 2 416
0 1 747
1 1 870
0 3 291
0 1 721
1 2 507
1 2 393
0 3 575
1 2 833
1 3 598
1 1 842
1 1 912
0 2 546
1 1 794
1 1 736
0 2 514
1 3 28
0 1 785
0 3 539
1 5 860
1 1 704
0 2 490
1 2 237
1 1 864
0 1 687
1 2 261
1 2 175
1 1 904
0 1 795
1 2 519
0 6 286
1 3 22
1 11 38
1 1 714
1 2 569
1 2 613
0 1 769
0 1 817
1 25 866
0 1 731
1 2 375
1 1 694
0 3 639
1 2 147
0 3 471
0 1 643
1 2 521
0 2 796
0 4 124
1 1 638
1 2 23
1 2 63
1 14 393
0 1 637
0 2 446
0 1 715
0 9 525
1 2 143
1 2 299
0 2 202
0 2 166
1 5 478
1 13 652
1 4 537
0 2 246
1 940 961
0 2 772
1 5 984
0 1 669
1 5 612
0 48 744
0 1 767
1 2 269
1 2 367
0 10 258
0 1 831
0 2 368
0 21 341
1 2 703
0 2 68
1 1 866
0 2 988
0 2 656
1 1 988
1 1 754
0 1 697
0 1 983
1 1 600
0 1 819
0 1 923
0 7 149
1 9 870
1 1 834
1 1 832
1 1 928
1 2 559
1 2 127
0 1 623
0 1 733
0 2 826
0 11 223
1 3 52
1 955 972
0 2 40
1 2 391
1 2 589
1 2 317
0 2 624
1 7 776
0 1 911
0 1 793
1 1 622
1 1 900
0 720 838
1 1 716
1 2 109
0 2 610
1 6 55
1 2 99
1 2 319
1 1 774
0 2 414
1 2 919
0 1 835
1 4 7
1 1 770
0 1 709
0 1 661
1 2 97
0 2 302
1 2 137
1 1 1000
0 1 939
1 1 750
0 12 908
0 1 627
0 16 474
1 1 590
0 2 626
1 1 652
1 1 634
1 2 5
1 1 588
1 1 914
1 1 980
0 2 214
1 1 562
1 1 816
0 1 927
1 1 958
0 2 308
1 1 894
1 5 276
0 1 833
0 1 607
1 56 217
0 1 719
1 3 596
1 1 528
0 1 975
0 1 577
0 8 484
1 8 255
0 1 701
0 9 799
0 1 571
1 7 590
1 14 21
1 4 961
0 2 482
0 1 597
1 1 614
1 5 730
0 2 64
0 3 763
0 1 625
0 3 977
0 1 559
0 1 539
1 1 752
1 1 530
1 1 572
1 9 764
1 1 532
0 2 224
1 1 906
0 3 607
1 1 662
0 1 633
1 2 931
1 3 692
1 1 580
1 1 520
0 1 635
0 1 681
1 2 649
0 1 665
1 1 810
0 1 603
1 2 301
0 4 934
0 1 529
0 1 797
1 1 648
1 3 920
1 4 23
1 3 118
1 1 930
0 1 971
0 8 54
0 2 4
1 2 729
1 1 496
0 1 629
0 1 929
1 3 926
1 4 877
1 1 516
0 1 775
0 1 845
0 2 218
1 5 48
0 2 110
1 5 422
1 1 592
0 1 503
0 2 244
1 1 550
1 1 560
0 3 325
0 1 593
0 1 659
0 2 766
1 1 940
1 2 667
1 1 996
0 1 467
1 2 121
0 2 330
1 3 188
1 1 654
1 3 546
0 1 461
1 2 465
0 2 804
0 8 854
0 3 467
0 1 441
1 1 618
0 3 923
1 1 854
1 1 884
0 1 587
1 1 510
1 1 470
1 2 723
1 1 526
0 1 765
0 1 947
1 2 207
0 5 391
0 2 342
0 1 547
0 2 316
1 1 440
1 1 690
0 1 783
1 2 805
1 1 574
0 1 895
1 3 878
1 1 522
0 1 471
1 1 552
1 2 875
0 1 807
0 1 707
0 1 977
0 1 695
0 42 112
1 1 478
0 4 556
1 1 966
1 1 670
0 32 808
0 2 254
0 2 10
0 1 739
1 1 922
0 3 115
0 1 567
1 1 504
0 1 523
0 1 763
0 7 75
0 1 419
1 1 836
0 2 118
1 12 501
1 1 416
1 1 488
0 5 637
1 1 856
1 1 506
1 1 534
0 1 439
1 1 548
0 2 104
1 1 890
1 1 422
1 2 115
0 1 421
0 1 525
0 3 341
0 1 383
0 1 837
1 1 558
0 1 385
1 1 524
1 1 610
0 5 707
1 1 760
1 5 914
1 3 630
0 1 413
1 26 111
0 4 712
1 2 701
1 1 576
1 1 376
0 1 479
0 1 367
1 1 668
0 1 369
0 1 679
1 1 664
0 1 513
1 1 606
1 6 503
0 2 806
0 1 411
0 1 691
0 11 651
1 2 579
1 5 362
1 1 484
1 1 358
1 1 420
0 1 583
1 1 374
1 1 430
0 1 333
1 1 362
0 1 565
1 19 726
1 1 594
1 1 348
1 1 626
1 1 384
0 1 531
1 1 602
1 1 802
0 1 409
0 3 973
0 1 683
0 2 906
1 1 640
1 1 320
1 11 364
1 1 328
0 1 497
1 1 698
0 2 846
0 1 351
1 1 852
0 1 737
0 1 711
0 1 581
0 2 898
1 1 540
0 1 325
1 1 686
1 1 768
1 2 59
0 1 867
0 1 405
0 1 925
0 1 713
1 1 512
1 1 306
0 2 284
0 1 509
0 2 432
0 52 466
0 1 969
0 1 475
1 1 344
1 1 660
0 4 828
0 1 799
1 1 432
0 3 479
0 2 618
0 1 309
0 1 489
1 1 414
1 2 79
1 4 359
0 5 161
1 38 575
0 1 287
1 1 476
1 1 444
0 1 507
0 1 431
1 1 412
1 1 270
0 1 463
1 1 280
1 1 266
1 1 350
0 187 919
1 1 288
0 1 417
1 2 453
0 3 823
0 1 327
0 1 477
0 2 562
0 1 285
1 1 392
0 1 881
0 1 289
1 1 318
0 1 251
1 1 474
1 1 396
1 2 93
1 1 310
0 1 429
0 1 469
1 2 995
0 1 455
1 1 304
0 1 275
0 1 241
0 1 403
1 1 498
0 1 945
0 1 279
1 1 368
1 2 117
0 1 313
1 1 410
0 2 738
1 4 175
1 17 264
1 1 240
1 1 388
0 1 245
1 3 604
1 1 300
1 4 455
1 1 274
0 1 263
0 1 555
0 1 965
1 1 480
0 1 499
0 1 591
0 2 282
0 2 746
1 1 500
0 1 261
0 1 505
0 1 999
0 1 265
1 1 692
0 2 722
0 1 227
1 1 556
1 1 778
1 1 208
0 1 511
1 1 224
1 1 292
1 1 492
1 1 290
0 1 249
1 2 641
0 1 573
1 1 226
1 1 482
1 1 234
0 1 501
1 1 244
1 1 260
0 1 705
0 1 365
0 1 855
1 1 248
1 1 272
0 3 127
0 1 745
0 1 291
1 7 330
1 1 742
1 1 236
0 1 457
1 1 284
0 1 257
0 1 177
1 1 518
1 1 334
0 2 946
1 1 194
1 2 297
1 1 230
1 1 218
0 1 495
1 1 378
0 1 321
0 1 165
0 1 347
1 1 554
0 1 215
1 1 822
1 7 868
0 1 427
1 1 166
1 1 330
0 2 718
0 1 219
0 864 934
1 1 150
0 3 397
0 1 363
1 1 308
0 1 813
1 1 286
0 1 239
0 1 355
0 1 147
1 1 180
0 1 161
1 1 910
1 1 144
0 2 164
0 1 137
1 1 792
1 1 170
1 1 212
1 1 220
0 1 519
1 1 294
0 1 283
1 25 764
1 1 238
1 1 276
0 1 139
1 1 246
0 1 987
0 2 908
0 1 167
0 1 213
0 1 401
0 1 143
0 1 123
1 1 126
1 1 158
1 1 258
0 1 119
1 1 604
1 1 146
1 1 172
1 1 202
0 1 131
0 1 185
1 1 108
1 1 338
1 2 71
0 2 332
0 1 663
1 1 184
1 1 102
0 1 443
0 3 105
1 1 134
1 1 370
0 1 953
1 1 94
1 1 390
0 2 222
1 1 314
1 1 322
0 1 95
0 1 149
0 1 93
1 1 156
1 1 130
0 1 117
1 1 122
1 1 92
0 1 361
0 1 159
0 1 105
1 1 196
0 1 187
0 1 81
1 1 324
1 1 74
1 1 128
0 1 341
1 1 96
0 1 85
0 1 243
1 1 204
0 1 135
0 1 315
1 1 438
1 1 78
0 1 717
0 1 225
1 1 62
0 1 379
1 1 98
1 2 677
0 1 395
1 1 80
0 1 55
1 1 250
0 1 83
0 1 67
1 1 174
1 1 50
0 1 77
0 1 73
1 1 88
1 1 52
0 1 65
1 1 110
0 1 91
0 1 43
0 1 329
1 1 462
1 1 40
1 1 116
1 1 36
0 1 61
1 1 188
0 1 107
1 1 136
0 1 47
0 1 37
1 1 32
0 1 57
0 1 45
1 1 46
1 1 86
1 1 132
0 1 41
0 1 29
0 1 25
1 1 60
1 1 38
1 1 22
0 1 359
1 1 66
1 1 20
0 1 15
1 1 104
1 1 16
0 1 13
0 1 27
0 1 9
1 1 8
0 1 33
1 1 56
0 1 7
0 1 5
0 1 3
1 1 12
