100
4353
1 1 2
1 1 6
1 1 26
1 1 34
1 1 18
1 1 24
1 2 41
1 1 20
1 1 60
1 1 28
1 2 77
1 1 58
1 1 32
1 1 62
1 1 80
1 1 54
1 4 19
1 2 17
1 1 50
1 2 39
1 3 42
1 4 15
1 2 89
1 1 84
1 1 100
1 85 88
1 2 13
1 2 11
1 1 76
1 5 100
1 71 80
1 1 96
1 5 40
1 1 88
1 2 47
1 2 19
1 3 8
1 3 18
1 3 16
1 4 25
1 2 15
1 5 66
1 2 83
1 7 94
1 3 58
1 4 77
1 4 35
1 2 21
1 7 72
1 2 37
1 5 36
1 2 61
1 85 90
1 2 43
1 2 23
1 3 30
1 95 98
1 88 93
1 3 70
1 7 92
1 2 55
1 2 73
1 2 81
1 17 90
1 2 85
1 5 52
1 2 87
1 36 75
1 4 93
1 64 71
1 3 28
1 84 95
1 20 91
1 3 4
1 2 71
1 3 32
1 3 84
1 2 79
1 5 62
1 3 44
1 3 100
1 3 68
1 3 86
1 3 50
1 2 91
1 30 85
1 2 95
1 82 99
1 4 87
1 3 60
1 8 67
1 6 11
1 3 10
1 18 67
1 16 17
1 7 44
1 4 73
1 5 58
1 3 34
1 5 86
1 6 7
1 3 80
1 6 99
1 3 90
1 17 84
1 6 47
1 11 80
1 4 11
1 3 82
1 88 97
1 3 76
1 4 51
1 3 62
1 5 88
1 51 68
1 10 65
1 67 72
1 4 49
1 26 55
1 17 82
1 23 42
1 10 11
1 8 77
1 13 28
1 4 39
1 4 69
1 10 33
1 6 67
1 85 100
1 41 46
1 48 71
1 4 65
1 5 46
1 4 17
1 5 90
1 11 56
1 5 94
1 5 28
1 8 89
1 5 6
1 49 88
1 14 15
1 8 53
1 6 41
1 8 55
1 5 42
1 6 95
1 11 28
1 6 51
1 16 69
1 17 52
1 4 53
1 11 60
1 9 82
1 5 80
1 23 58
1 5 92
1 41 58
1 9 28
1 13 100
1 63 64
1 4 99
1 6 61
1 61 92
1 8 33
1 8 93
1 7 84
1 28 49
1 53 72
1 5 68
1 4 97
1 8 23
1 5 64
1 5 8
1 5 48
1 10 39
1 14 37
1 11 68
1 7 58
1 78 81
1 6 29
1 6 43
1 65 94
1 5 54
1 6 75
1 94 95
1 90 99
1 50 65
1 6 19
1 8 19
1 9 10
1 5 74
1 35 46
1 6 17
1 9 24
1 83 90
1 7 48
1 15 92
1 12 69
1 6 15
1 6 33
1 8 81
1 7 30
1 16 33
1 35 42
1 72 73
1 10 81
1 74 97
1 55 66
1 20 87
1 10 67
1 29 46
1 6 79
1 12 93
1 81 88
1 16 51
1 6 55
1 6 45
1 49 90
1 53 56
1 39 42
1 6 57
1 93 100
1 7 10
1 6 25
1 26 53
1 7 38
1 6 83
1 7 66
1 12 27
1 8 79
1 6 49
1 61 74
1 12 51
1 35 50
1 91 94
1 20 67
1 13 54
1 11 50
1 12 73
1 69 90
1 19 32
1 63 72
1 76 95
1 29 40
1 8 91
1 86 89
1 11 64
1 8 13
1 7 14
1 38 87
1 32 95
1 7 46
1 17 18
1 54 81
1 7 36
1 23 52
1 7 8
1 57 82
1 21 100
1 9 60
1 7 52
1 17 78
1 41 78
1 17 64
1 7 68
1 11 40
1 73 78
1 13 80
1 8 41
1 7 62
1 10 13
1 15 16
1 83 98
1 38 47
1 9 38
1 21 98
1 36 57
1 19 90
1 7 56
1 8 11
1 8 49
1 40 61
1 43 48
1 27 68
1 16 77
1 12 77
1 84 99
1 42 75
0 10 14
0 25 29
0 16 74
1 60 67
1 7 76
1 65 74
1 9 26
0 7 89
1 7 70
0 43 55
1 7 88
0 15 29
0 90 96
0 13 97
0 49 95
0 56 96
0 78 80
0 8 12
1 15 78
0 79 83
0 16 68
1 13 60
0 9 11
1 12 15
0 25 87
1 17 76
0 11 55
0 9 75
0 11 65
1 13 72
0 16 52
1 71 76
0 86 90
0 10 42
0 21 77
1 10 73
0 14 76
0 14 32
0 10 80
0 4 48
0 74 92
0 11 87
1 15 56
0 8 72
0 8 92
1 13 96
0 30 60
1 65 98
0 11 83
1 14 81
0 55 79
1 66 99
0 8 24
0 52 78
1 8 25
1 47 62
0 9 65
1 12 95
0 17 91
1 19 44
1 8 73
1 92 93
1 10 85
0 27 43
1 29 66
1 13 50
1 6 85
0 15 19
0 69 77
1 82 83
1 60 91
0 13 29
0 23 53
0 47 77
1 10 19
1 21 88
1 72 91
1 50 83
0 57 67
1 8 57
0 36 68
1 11 34
1 42 67
1 66 83
0 8 68
1 9 74
0 24 86
1 30 41
1 75 96
0 51 83
0 11 99
0 12 86
1 58 91
1 11 98
0 41 45
0 21 99
0 68 84
1 10 41
0 13 49
1 9 20
0 10 100
0 10 62
1 24 47
0 61 67
1 13 16
0 48 50
0 66 84
0 14 94
1 40 53
0 11 41
1 11 92
0 71 77
1 15 72
0 25 43
1 62 95
1 57 84
0 13 45
1 8 83
0 21 71
0 37 67
1 12 37
1 11 24
1 67 82
1 11 48
1 9 76
1 50 77
1 9 32
1 92 99
1 84 87
1 63 88
0 63 79
1 14 77
0 14 28
0 29 49
0 68 78
0 9 73
1 38 75
0 11 19
1 25 50
1 19 30
1 9 36
0 55 61
1 21 76
1 61 82
1 32 63
1 9 34
0 28 38
1 13 76
0 39 71
0 10 30
0 21 69
1 14 57
0 12 62
1 20 27
0 12 92
0 53 83
1 35 90
0 63 89
0 80 94
0 70 86
1 10 57
0 52 64
1 51 100
1 12 39
1 15 60
1 58 85
0 41 53
0 18 74
0 10 24
0 11 43
1 16 57
0 15 33
1 7 100
0 11 67
0 65 93
1 71 82
1 14 63
0 12 98
1 23 46
1 41 50
0 17 81
1 73 86
1 18 81
1 23 96
0 54 66
1 17 98
1 29 48
1 21 56
1 56 77
0 12 50
1 15 26
1 10 71
1 10 75
0 20 50
1 67 74
1 98 99
1 33 40
1 16 43
0 56 68
1 30 93
1 23 62
1 11 62
0 81 97
0 72 76
0 15 25
0 6 88
0 10 48
1 25 96
0 16 64
0 52 60
0 11 47
1 72 95
1 14 21
0 35 55
0 15 35
0 62 68
0 39 91
1 66 67
0 50 70
1 17 100
0 45 65
1 55 78
1 17 88
1 69 82
0 15 47
0 40 76
1 11 82
1 14 39
1 65 72
1 12 75
1 62 75
0 11 95
0 52 100
1 15 54
1 62 99
1 21 64
0 14 66
1 74 95
0 27 49
1 26 51
1 12 17
1 11 76
0 10 88
0 14 26
0 58 78
1 21 60
0 34 92
0 21 29
1 28 89
0 12 30
0 17 85
0 16 26
1 20 79
1 11 94
1 24 93
0 54 94
0 12 66
0 33 77
1 14 51
0 56 58
0 13 41
1 11 70
0 62 66
1 47 50
0 50 84
0 20 36
1 14 85
1 12 91
1 47 54
0 14 16
1 87 94
0 28 40
1 17 54
1 10 89
0 20 44
0 14 96
0 16 92
0 15 65
0 13 91
1 76 87
1 19 88
1 16 81
1 27 28
0 76 90
0 42 78
1 15 74
1 54 75
1 14 43
1 20 45
0 14 88
1 42 45
0 23 37
1 55 84
1 10 87
0 66 100
0 30 64
1 94 99
0 11 21
1 37 78
1 13 20
1 73 92
1 11 20
1 66 87
0 42 52
1 26 49
1 46 77
0 15 97
0 11 49
0 61 63
1 5 26
0 13 87
0 12 94
0 80 84
1 49 66
1 23 44
1 13 14
0 33 89
1 39 58
1 8 27
0 14 44
1 13 86
1 72 99
1 37 82
0 68 82
1 44 71
1 39 78
0 40 50
0 18 36
1 17 94
1 57 72
0 39 61
1 20 85
1 18 75
0 12 68
0 76 98
1 29 38
0 16 38
1 51 96
1 18 19
1 10 91
0 37 97
1 46 85
0 21 97
1 12 55
1 52 83
1 16 75
0 12 90
1 15 28
1 36 85
0 35 81
1 7 18
1 75 82
1 88 95
1 12 35
1 51 72
1 12 29
1 17 92
1 53 86
1 64 67
1 13 66
0 16 76
1 29 60
1 60 99
0 8 56
1 21 78
1 16 29
0 78 92
0 60 90
0 15 55
0 15 69
0 37 43
0 45 75
1 32 55
1 12 43
0 34 54
1 37 40
0 13 95
1 38 79
0 13 71
0 33 43
1 11 86
0 16 90
0 64 94
0 3 41
0 5 81
0 13 35
0 57 81
0 34 74
0 13 39
1 18 57
0 66 90
0 89 95
1 13 56
0 53 81
1 26 57
1 26 73
1 35 64
0 83 87
0 39 77
0 17 55
0 33 87
0 12 82
1 48 63
1 61 64
0 13 99
1 42 87
0 12 64
1 44 51
1 14 23
0 16 36
0 33 69
0 68 94
1 14 53
1 40 95
1 43 52
0 21 27
0 58 84
1 39 88
0 25 51
1 44 93
1 41 90
1 43 80
1 60 79
0 25 55
0 16 44
0 49 69
1 20 65
1 53 58
0 37 77
1 37 52
1 17 40
0 62 82
1 54 55
0 32 58
0 26 86
1 48 51
1 84 91
1 83 96
1 37 72
1 19 72
1 45 64
1 24 67
1 19 82
0 62 90
0 13 57
1 23 32
1 14 45
1 21 26
0 28 66
0 16 72
1 13 82
1 20 75
0 28 70
0 62 78
1 12 87
1 37 44
1 19 100
1 53 62
0 25 93
1 73 88
0 28 36
1 32 65
0 28 80
0 37 89
1 61 84
0 25 39
1 68 91
1 14 33
0 21 33
1 58 77
0 55 97
0 14 24
1 49 80
0 20 46
0 48 76
0 15 45
0 29 99
1 46 53
1 53 54
1 49 72
0 17 33
1 9 86
1 23 34
0 19 23
0 14 34
0 18 72
1 18 47
0 19 25
0 12 70
0 14 72
0 38 64
0 73 83
0 35 37
0 20 74
0 50 78
0 28 98
0 37 51
1 13 94
1 32 47
1 47 98
0 44 76
0 67 99
1 14 35
0 55 73
0 15 93
0 18 26
0 60 66
1 44 85
0 26 50
0 38 40
1 56 85
1 16 87
1 16 49
1 14 75
0 85 91
0 16 96
1 80 87
0 21 45
1 45 94
0 62 94
0 29 69
0 67 69
1 77 96
1 71 98
0 46 80
0 65 67
0 16 28
0 14 82
1 89 92
0 20 70
0 17 69
1 27 80
0 65 95
1 14 69
1 63 100
1 42 99
1 16 73
0 16 46
0 19 43
0 15 41
1 30 45
1 3 74
0 17 39
1 18 99
1 68 93
0 54 90
1 20 73
0 15 87
1 21 46
1 66 69
0 94 100
0 41 99
1 45 48
1 18 45
0 23 97
1 83 84
0 45 91
1 56 75
0 60 92
0 18 58
1 26 77
1 16 63
1 16 89
1 73 98
0 23 87
1 48 91
1 23 76
1 71 94
0 14 36
1 7 34
1 36 51
1 54 87
1 48 55
0 23 67
0 17 51
1 64 95
1 21 90
1 45 86
1 14 87
1 47 100
1 57 90
0 37 95
0 14 38
1 80 83
0 16 50
0 23 85
1 9 50
0 36 58
1 14 55
1 20 61
1 63 96
1 63 94
0 18 98
1 45 66
1 38 53
1 65 70
1 89 98
0 81 87
0 34 50
0 36 42
0 23 33
0 63 91
1 48 95
1 9 30
1 29 70
1 15 36
0 16 30
1 55 72
1 11 46
0 39 87
1 55 70
1 28 47
0 26 78
0 77 95
0 90 100
0 43 95
1 16 53
1 70 77
1 19 46
1 20 21
1 90 93
0 53 73
0 64 86
1 71 90
1 75 80
0 85 97
1 36 69
0 67 83
1 16 83
0 16 48
1 28 75
0 70 88
0 44 90
0 44 84
1 15 76
1 73 94
0 28 50
0 45 49
1 44 55
1 92 97
0 45 55
0 28 92
1 19 50
1 43 96
0 26 48
0 10 36
1 33 76
0 16 20
0 66 94
0 17 37
0 16 58
1 15 68
0 37 99
1 94 97
1 54 85
1 56 89
1 33 64
0 21 85
1 23 84
0 23 39
1 64 77
1 37 90
1 28 77
1 18 85
1 48 79
0 17 43
1 20 39
0 21 89
1 23 92
0 95 99
1 51 78
1 46 73
0 38 72
0 24 82
0 15 91
0 17 19
1 41 100
0 48 66
1 32 57
0 71 79
0 53 99
0 36 100
0 37 73
1 53 82
0 15 81
0 23 99
0 84 92
1 20 49
1 20 33
1 44 45
0 47 71
1 16 27
0 77 99
0 21 25
0 58 74
1 37 80
1 89 100
1 70 85
0 15 21
1 18 91
0 58 96
0 18 92
0 80 86
1 37 96
1 69 80
1 19 52
1 56 99
1 13 58
1 80 99
0 3 83
1 41 72
0 54 98
1 38 39
1 37 58
1 40 85
1 35 94
0 29 41
0 86 96
0 70 74
0 30 70
0 52 84
1 57 66
1 35 76
1 18 71
1 44 77
1 19 36
1 48 89
1 64 93
1 19 92
0 12 54
0 67 75
1 49 76
1 25 60
0 57 69
0 55 71
0 20 42
1 16 91
0 18 20
0 14 98
0 45 69
1 49 54
0 16 78
1 66 97
0 47 69
1 25 34
1 69 94
0 17 79
0 69 83
1 42 93
0 19 63
0 19 37
1 81 92
0 72 86
0 18 84
1 12 63
0 63 71
1 51 90
1 27 34
0 24 52
1 40 97
0 8 100
1 38 65
0 26 38
1 90 97
0 39 93
1 43 46
0 42 80
0 37 57
1 24 75
1 17 32
1 53 96
0 50 90
0 19 53
0 72 78
1 36 39
1 68 77
1 41 70
0 62 84
0 17 93
1 72 85
0 17 21
1 25 48
0 74 96
0 75 83
1 65 82
1 35 44
0 30 98
0 19 99
0 50 52
1 19 48
1 48 83
0 64 90
0 38 54
1 29 80
0 34 90
0 65 97
0 17 73
0 38 62
1 24 25
0 62 76
1 25 44
0 66 88
0 51 53
1 47 88
0 52 68
0 25 77
1 35 72
1 70 71
0 18 32
1 72 83
0 43 73
0 20 48
1 86 87
0 38 70
1 48 81
1 29 98
0 53 89
1 25 32
0 42 68
1 25 78
0 77 83
0 43 77
1 52 65
0 17 99
0 23 45
0 96 100
1 26 97
1 68 81
1 6 97
1 35 60
0 39 97
0 26 58
1 20 47
0 17 83
1 75 86
1 24 95
0 52 90
1 12 41
0 93 99
0 33 97
0 20 66
0 66 96
0 43 63
1 25 56
1 42 79
1 37 94
0 27 37
1 26 67
1 71 88
1 34 37
0 45 63
0 23 77
1 19 86
1 39 50
1 71 72
0 32 70
0 24 96
0 61 65
0 39 57
1 34 81
1 42 91
0 61 93
1 6 69
1 41 60
1 54 67
0 29 93
0 89 97
0 26 80
0 23 73
1 60 61
1 43 88
1 91 98
1 38 81
0 4 46
0 25 69
0 77 93
0 58 100
0 75 91
0 72 94
0 26 96
0 21 53
1 91 100
1 17 86
1 60 97
1 70 87
1 19 96
1 48 65
1 80 81
1 49 86
0 35 75
0 19 87
1 19 56
0 62 70
1 16 19
1 25 46
1 32 83
1 36 63
1 37 38
0 52 94
1 52 81
0 54 68
1 24 89
0 12 36
1 65 100
0 89 91
0 33 41
1 48 57
0 18 76
1 9 48
0 39 53
1 77 84
0 83 95
1 23 56
0 52 62
1 15 70
1 44 97
0 21 49
1 46 89
1 18 83
0 27 79
0 33 61
1 49 70
0 46 94
1 55 90
0 54 86
0 58 66
1 39 52
0 56 62
0 19 65
0 34 80
0 70 90
0 48 60
0 30 94
1 69 70
0 51 93
0 20 60
1 80 89
0 33 81
1 15 38
1 40 47
0 72 74
1 30 57
0 29 35
0 87 93
1 51 52
1 95 100
1 34 95
0 20 24
0 30 54
1 30 99
0 26 30
0 26 32
1 60 89
0 19 83
0 19 57
0 56 72
1 45 74
1 77 100
1 63 70
0 30 82
0 43 75
1 15 90
1 7 32
1 89 90
1 39 84
0 44 62
1 48 73
0 57 75
0 55 77
0 20 78
1 45 54
0 65 71
0 54 72
1 27 38
0 32 90
1 27 58
0 17 97
0 21 65
0 69 79
1 25 74
1 19 60
0 38 52
1 35 96
0 43 53
0 28 32
1 45 62
0 16 86
1 32 75
1 20 35
0 41 87
1 21 86
0 9 29
0 57 99
0 57 79
0 48 94
0 29 85
0 75 87
0 24 44
1 50 87
1 52 85
1 56 71
1 32 81
1 69 96
0 51 69
0 45 99
1 44 95
1 42 95
1 35 100
1 68 83
1 87 100
0 44 74
1 74 87
1 38 93
0 24 50
1 74 89
0 25 81
0 54 78
1 24 77
1 27 82
0 41 83
0 30 74
0 23 29
0 35 79
0 48 62
0 21 41
0 21 67
1 65 90
0 14 90
0 68 70
0 37 91
0 49 75
1 63 66
1 38 73
1 16 85
1 44 49
1 67 96
0 86 88
1 21 92
1 10 47
0 60 88
0 24 32
0 39 41
0 18 38
0 26 40
0 28 34
1 26 85
0 28 42
0 30 66
1 21 66
1 35 74
0 41 51
0 26 66
1 70 97
0 50 62
0 85 93
0 61 97
1 28 61
1 14 83
1 19 70
0 52 80
1 27 78
1 24 71
1 37 46
1 37 100
0 66 72
0 14 68
1 41 66
1 21 96
1 29 68
0 56 86
0 50 86
1 32 45
1 23 24
0 23 75
1 29 92
0 66 68
1 17 44
0 58 76
0 65 73
1 26 39
0 54 62
1 77 98
1 26 65
0 29 37
1 52 97
0 21 95
0 48 84
0 25 91
0 48 54
1 39 72
0 28 60
0 77 81
1 56 83
1 28 97
0 80 98
1 28 63
0 76 80
0 82 98
0 58 82
1 20 29
1 25 82
0 23 91
1 44 99
1 51 88
0 23 35
0 51 77
0 32 78
1 41 62
0 40 54
0 33 91
1 50 53
1 23 66
0 56 100
0 60 62
1 51 66
1 42 85
1 27 96
0 86 98
0 27 45
1 55 68
1 35 88
1 29 36
1 83 94
0 36 46
0 52 92
0 80 100
1 32 97
1 38 49
1 40 43
1 40 63
1 7 82
1 25 26
0 37 45
0 60 76
0 60 98
1 44 67
1 49 50
0 63 95
0 21 81
1 34 73
0 50 64
1 71 100
1 63 78
1 48 93
0 47 67
1 68 87
1 34 79
1 50 75
0 30 38
1 71 74
1 29 88
0 81 89
1 55 100
1 51 94
1 23 78
0 82 90
0 32 38
0 55 57
1 80 85
1 32 91
1 50 91
1 19 66
0 39 85
0 34 56
1 68 85
1 60 75
1 88 89
0 71 75
1 52 73
0 74 76
1 52 63
1 23 28
0 35 85
1 44 91
1 30 65
0 74 82
1 61 70
1 24 29
0 51 97
0 35 39
1 62 71
0 84 98
1 30 69
0 26 54
0 23 71
1 47 80
1 15 100
0 19 47
1 52 75
1 75 84
1 30 81
0 70 76
0 7 85
0 44 92
0 51 79
0 28 58
1 63 84
0 45 73
1 47 66
1 23 26
0 37 79
1 34 41
1 33 46
1 21 82
0 51 81
0 8 32
0 37 47
0 42 54
1 63 68
1 9 100
0 36 78
1 26 83
1 25 92
1 35 78
1 25 84
1 76 89
0 44 56
1 39 82
0 30 56
0 55 85
0 42 46
1 43 94
0 23 49
1 33 56
1 26 45
1 17 48
0 56 88
0 25 71
0 19 91
0 51 57
0 24 56
0 33 51
1 24 37
1 52 95
1 46 79
1 53 100
1 41 44
1 97 98
0 14 58
0 29 75
0 57 85
1 12 89
1 23 100
1 25 42
1 37 50
0 25 99
1 41 64
1 8 47
1 30 73
0 24 40
1 57 94
0 35 77
1 8 9
0 55 87
1 51 58
1 37 54
1 53 64
0 62 86
0 73 77
0 29 83
1 28 43
1 21 52
1 7 16
1 23 72
1 34 93
0 27 63
0 82 88
0 57 95
1 23 64
0 25 35
0 56 70
1 64 83
0 61 69
1 27 48
0 14 56
0 36 66
1 45 100
1 50 97
0 34 94
1 74 83
1 49 68
1 12 67
1 10 49
1 66 81
0 40 84
1 30 91
1 28 91
1 4 91
0 62 98
0 32 80
1 43 44
1 25 100
1 42 89
0 46 90
0 23 69
1 78 79
1 92 95
0 36 98
0 34 100
1 39 98
0 58 60
0 27 33
1 93 94
0 47 73
1 18 55
0 67 81
1 35 98
0 78 100
1 15 40
1 64 79
0 24 64
1 36 87
0 30 72
0 78 84
1 27 40
1 72 93
0 25 27
1 33 38
1 37 84
1 54 97
0 20 40
0 34 60
0 67 97
1 67 76
0 45 87
1 24 55
0 27 93
1 52 71
0 34 58
1 66 89
1 38 51
1 67 94
0 54 80
1 34 63
1 38 67
1 41 88
0 46 48
0 11 51
0 51 75
0 10 60
1 30 97
1 87 96
1 52 99
1 41 80
0 49 53
1 39 76
1 25 52
0 30 84
0 55 95
1 47 48
0 32 40
0 33 83
1 16 61
1 33 80
0 40 60
1 40 57
0 53 69
0 41 55
0 53 87
0 30 40
0 27 95
1 15 88
0 32 62
0 11 79
0 50 60
1 20 71
0 6 10
1 89 96
1 61 80
0 26 52
0 36 90
1 52 93
1 46 95
1 25 58
0 37 93
1 82 93
0 29 39
0 44 48
1 64 89
0 92 96
1 62 81
0 50 100
1 27 94
0 34 52
1 58 65
0 6 36
1 24 65
1 26 69
0 26 28
1 32 61
1 30 75
1 34 91
1 35 84
0 81 85
0 17 95
1 53 80
0 52 58
0 43 81
0 36 44
1 28 67
0 69 87
0 42 96
1 38 61
1 40 45
1 38 43
0 52 82
0 17 45
1 35 92
1 57 70
1 40 77
0 71 85
1 50 63
1 25 70
0 57 97
1 18 21
0 56 74
0 30 68
1 44 65
1 6 35
0 67 71
1 81 100
0 39 83
0 40 70
1 36 95
1 26 33
0 53 65
0 36 50
1 77 86
1 13 64
1 26 47
0 49 93
1 42 57
0 54 56
1 70 93
0 45 47
0 35 43
0 69 99
1 61 66
1 45 46
0 32 44
0 38 96
1 29 64
1 40 65
0 38 68
1 14 91
1 27 62
0 33 57
0 72 82
1 62 93
0 26 64
0 20 96
1 48 97
0 53 57
1 24 61
1 29 42
1 40 87
1 34 43
1 42 77
1 50 73
0 35 63
0 24 70
0 62 100
1 58 81
0 34 46
1 19 98
0 36 86
1 62 89
0 34 78
0 29 65
1 86 99
0 29 81
1 26 89
0 27 99
0 47 75
0 50 68
1 40 51
1 61 76
0 38 80
0 28 64
0 60 64
1 23 80
0 41 95
0 48 58
0 35 97
0 34 82
0 16 42
1 28 51
0 75 93
0 49 91
1 64 75
1 9 56
0 33 93
1 64 99
0 73 91
1 49 96
0 65 77
1 49 98
0 33 35
1 26 61
0 18 52
0 55 99
1 39 68
1 53 60
0 24 68
1 10 43
0 29 33
0 17 27
0 84 94
0 7 45
1 29 74
1 40 91
0 34 64
1 78 91
1 64 73
0 11 93
0 70 94
0 56 60
0 36 48
0 11 97
1 61 86
0 33 65
1 28 83
0 69 89
0 36 76
1 69 88
1 80 95
1 55 64
0 28 54
0 49 99
0 38 82
1 57 76
1 75 78
0 32 68
0 77 85
0 18 78
1 24 41
1 36 89
1 21 44
1 75 90
0 57 71
0 32 84
0 16 82
1 55 86
0 2 50
0 88 100
1 46 61
0 64 98
1 27 54
1 77 88
1 21 84
0 53 79
1 25 68
1 97 100
0 30 44
1 42 47
1 12 79
0 73 97
0 53 61
0 32 56
0 33 85
0 36 40
1 40 73
0 85 95
0 27 85
1 34 35
1 35 56
0 60 72
0 82 94
0 58 90
1 74 79
1 26 79
0 27 87
1 51 86
0 46 82
1 14 19
1 34 39
0 19 95
0 49 79
0 40 64
0 40 98
0 42 70
1 43 100
1 34 47
0 66 76
1 77 82
1 5 82
1 53 66
0 39 65
1 69 92
0 58 80
1 60 81
1 53 92
1 34 75
1 26 87
1 30 95
1 37 66
1 66 75
0 43 99
0 81 91
0 61 85
1 56 93
0 28 86
0 3 85
0 26 70
0 24 94
1 32 79
0 63 81
1 47 86
1 46 71
0 20 26
1 23 98
1 41 54
1 75 94
1 49 62
1 51 92
1 43 66
1 78 83
0 71 83
0 25 37
0 52 70
0 70 84
0 37 69
0 42 72
0 64 76
1 87 92
1 24 85
1 67 70
1 70 83
0 49 81
1 56 87
0 47 97
0 44 86
0 50 72
0 74 84
1 37 76
0 47 61
1 52 91
1 29 82
1 58 95
1 48 49
1 53 78
1 41 82
1 75 100
1 40 71
1 52 61
1 55 58
0 12 96
0 55 93
0 45 79
0 30 86
1 47 52
0 40 88
0 40 68
0 46 56
1 45 96
0 36 38
1 41 56
1 18 69
1 67 68
0 37 71
1 45 80
0 34 84
0 50 76
1 27 56
0 29 71
1 32 33
0 43 89
1 16 99
1 11 88
0 29 43
0 44 50
1 35 40
1 54 93
1 6 39
0 82 100
1 39 96
0 64 80
0 37 65
1 29 50
0 40 58
0 73 85
1 85 92
1 30 39
0 71 93
1 54 69
1 36 53
0 77 97
1 32 41
0 68 74
0 60 82
1 76 79
0 66 80
1 74 91
0 57 89
1 80 93
1 67 92
1 32 77
0 37 63
1 43 68
0 29 87
1 28 29
0 51 71
0 74 94
1 4 41
1 27 76
1 11 42
1 36 97
0 48 78
1 36 41
0 41 89
0 23 51
0 41 73
0 20 98
1 33 42
0 70 96
1 13 24
1 87 88
1 34 69
1 42 49
0 30 76
1 50 69
1 15 20
0 41 65
0 27 55
0 46 70
1 9 14
0 73 87
0 35 91
0 53 63
0 23 25
0 16 70
1 50 57
1 33 36
1 39 62
0 58 88
0 42 92
0 8 84
1 70 89
0 58 64
1 21 94
1 58 79
1 55 88
0 32 36
0 30 96
1 7 28
0 88 96
1 34 65
1 39 64
0 60 68
1 79 96
1 32 99
1 15 64
1 18 51
1 45 88
1 30 33
0 76 86
0 12 14
0 44 100
0 41 67
1 63 86
0 56 98
1 33 84
1 42 83
0 44 64
0 63 65
0 33 99
1 35 66
0 33 63
0 36 60
0 76 78
1 65 78
0 35 73
1 50 81
1 27 100
0 18 70
1 44 89
0 64 92
1 25 64
0 24 38
1 44 73
0 40 72
1 30 37
0 44 52
0 61 71
0 2 58
1 46 93
1 30 89
1 9 92
1 29 86
0 49 87
0 58 92
1 48 85
0 26 92
0 36 88
0 21 75
1 88 99
1 36 91
1 76 97
1 23 90
0 37 85
1 83 88
0 19 89
1 45 98
0 10 12
1 57 60
1 36 73
1 18 43
1 51 70
1 57 92
0 40 44
1 58 73
0 82 96
1 43 98
1 41 84
0 35 57
1 25 54
0 52 76
1 73 90
0 5 17
1 29 100
0 32 46
1 79 80
1 16 25
0 61 77
1 55 62
0 40 62
1 28 41
0 46 88
1 40 69
0 36 94
0 11 53
1 58 99
0 76 88
1 41 68
1 50 51
0 37 55
1 43 72
0 61 83
1 72 89
1 81 86
1 9 68
0 21 57
0 30 80
0 17 47
1 67 88
0 75 95
0 39 89
0 57 63
1 3 66
1 49 52
0 53 95
0 49 77
0 54 100
1 95 96
1 75 92
1 71 92
0 37 39
1 58 75
0 4 38
1 74 93
1 19 64
1 69 100
0 17 65
1 43 78
0 51 65
1 6 73
1 28 69
0 34 70
0 46 58
1 62 91
1 44 75
1 46 87
1 47 68
1 54 95
0 77 87
1 78 87
1 68 71
0 29 97
0 64 96
0 53 75
1 74 77
0 42 94
1 32 35
1 36 77
0 30 46
0 25 33
1 51 84
0 41 93
0 57 83
0 46 76
1 37 42
1 54 79
0 90 94
0 42 98
0 63 69
1 27 86
1 29 56
1 53 68
0 39 43
0 52 96
0 39 69
0 38 98
0 91 95
0 36 96
0 58 94
0 32 60
1 58 69
0 26 82
1 54 99
1 66 79
1 48 53
0 79 97
0 42 56
0 50 82
1 16 79
0 40 92
0 26 72
1 69 74
1 43 62
0 56 80
1 30 49
1 24 43
0 49 97
0 35 45
0 25 67
1 68 69
1 62 87
0 34 48
1 13 26
0 67 93
1 19 38
0 37 53
1 44 79
1 34 57
1 39 100
0 39 99
1 24 45
0 38 42
1 33 94
0 78 82
0 57 77
0 29 89
1 41 94
1 58 61
0 48 52
0 32 76
0 29 61
0 15 43
1 29 44
0 40 78
1 27 66
1 27 92
0 46 68
1 80 97
1 35 36
0 58 70
1 53 76
0 30 34
1 54 57
0 34 72
1 32 49
1 12 47
0 36 80
1 24 79
1 44 53
1 27 74
1 62 63
0 43 47
1 34 49
1 32 53
0 27 65
1 25 28
0 61 99
1 41 92
1 35 62
0 79 99
0 74 88
1 38 91
1 85 96
1 16 21
0 27 41
1 19 84
0 32 66
1 68 75
1 17 34
0 38 48
1 26 43
1 91 96
1 28 87
1 36 65
0 32 86
1 27 46
1 76 99
0 46 98
1 62 77
1 50 71
0 25 41
1 39 46
0 32 52
0 76 92
0 40 94
0 17 25
1 67 78
0 42 62
1 38 55
1 42 61
0 41 79
0 69 95
1 35 58
1 42 53
0 35 87
1 61 94
1 21 80
1 62 97
0 9 33
1 27 44
1 36 81
0 18 24
1 77 80
0 17 23
1 50 89
0 47 55
1 48 67
1 33 68
1 50 93
1 43 92
0 48 88
0 60 70
0 27 69
1 37 60
1 46 55
1 30 53
1 29 32
0 51 61
1 18 53
0 23 65
0 42 90
0 89 93
1 81 82
1 28 45
0 35 89
1 47 94
0 47 95
0 53 71
0 45 95
1 24 33
0 28 76
0 30 50
0 47 65
1 42 43
1 46 65
1 37 62
0 46 60
1 33 100
0 48 98
0 57 65
0 15 17
1 40 93
0 48 64
0 26 44
0 36 64
1 48 99
1 74 85
1 32 51
1 28 65
1 39 92
0 29 45
0 15 37
0 39 47
0 71 89
1 18 39
0 73 89
1 23 48
0 63 97
1 30 71
0 48 92
0 28 30
0 26 46
0 65 85
0 29 79
0 29 57
0 84 96
1 40 49
1 27 70
0 63 83
1 49 56
0 35 83
1 29 58
1 28 35
0 27 81
1 54 89
1 35 52
1 34 83
1 33 98
1 41 52
0 38 84
0 44 88
0 39 49
0 32 64
1 37 64
0 47 93
1 7 24
1 32 69
0 37 83
0 23 27
1 12 61
0 47 53
0 71 73
0 80 96
0 38 88
0 49 57
0 77 89
1 62 83
1 29 34
0 27 73
1 23 94
0 9 45
0 54 88
1 23 88
1 29 54
1 9 80
1 70 79
1 33 82
1 33 50
1 36 99
1 10 21
1 39 70
1 50 95
0 27 71
0 36 52
1 67 84
0 35 69
1 29 94
1 24 81
0 11 57
0 43 67
1 32 93
0 64 72
1 25 38
0 28 90
0 34 98
1 75 98
1 32 39
1 13 90
1 61 78
1 81 98
1 29 62
1 60 93
0 71 95
1 30 47
0 73 75
0 29 53
0 46 100
1 29 30
1 34 85
1 26 37
1 10 51
0 50 96
0 53 77
0 25 57
1 24 53
1 35 54
1 23 30
0 24 98
0 30 52
1 67 90
1 84 93
1 75 76
1 37 48
0 76 94
1 91 92
0 26 62
0 13 63
1 56 57
0 40 90
0 5 73
1 43 86
0 47 91
0 26 56
1 33 72
0 36 82
1 24 27
1 43 74
1 62 79
1 33 90
0 64 66
1 27 60
1 24 73
0 65 99
0 27 83
0 30 48
0 32 82
0 27 57
0 38 46
0 50 88
1 20 57
0 67 89
0 40 66
0 38 94
0 39 51
0 33 79
0 70 82
1 32 89
1 63 76
0 74 80
0 56 66
0 69 93
1 85 94
1 56 65
1 36 67
0 32 88
0 44 96
0 26 42
0 24 92
1 47 76
0 24 78
1 38 85
0 49 67
0 37 81
1 73 80
1 78 85
0 67 73
0 84 86
1 52 57
1 28 73
0 73 93
0 43 61
0 26 76
0 54 74
0 29 67
1 24 87
0 25 75
0 26 94
0 42 64
0 21 55
1 28 57
0 60 74
0 24 36
1 8 99
1 81 96
0 34 38
0 34 68
0 48 68
1 52 77
0 63 73
0 27 35
1 51 76
0 58 72
1 44 83
1 25 40
0 29 47
1 19 24
0 24 26
1 51 98
1 36 79
0 43 65
0 29 55
1 78 99
0 66 82
0 46 66
0 33 75
0 25 79
0 45 89
0 8 46
0 43 49
0 28 56
1 26 63
1 23 70
0 61 95
1 39 66
0 55 75
0 28 74
1 68 95
0 91 97
1 44 87
0 14 92
1 65 86
1 45 78
1 54 63
1 18 63
1 66 95
1 55 92
0 27 61
1 17 24
0 33 71
1 33 78
0 58 68
1 53 70
1 34 99
0 40 74
1 17 68
1 34 51
1 74 81
1 57 58
0 62 64
0 63 85
1 67 98
0 53 93
1 27 90
1 25 62
0 52 74
0 92 94
0 19 67
0 38 56
1 34 55
0 55 69
0 44 80
1 41 76
1 46 97
0 45 51
1 21 70
0 50 92
1 86 97
1 41 96
0 26 84
0 21 83
1 23 50
1 53 88
1 34 87
0 72 84
1 53 74
0 35 95
1 26 29
0 47 63
1 33 86
0 42 60
1 34 97
0 41 77
1 21 72
0 29 63
1 46 99
0 54 92
1 12 25
0 42 84
0 41 81
1 37 68
0 32 98
1 30 43
0 21 73
0 60 100
1 82 97
1 20 55
1 40 75
1 33 48
0 32 94
1 21 62
0 25 49
0 72 90
0 23 43
0 51 85
1 39 44
1 72 75
1 50 67
0 27 47
1 47 56
0 41 97
1 74 75
1 28 39
1 69 78
1 23 86
0 56 94
0 62 72
1 41 48
0 61 87
0 30 42
0 45 77
0 20 100
1 26 91
0 16 32
0 25 63
1 78 95
1 26 93
1 21 28
1 38 41
0 23 55
0 52 72
1 65 92
1 25 30
0 18 28
1 56 69
0 29 51
1 22 59
1 69 86
1 73 82
0 37 61
0 28 100
1 33 58
0 43 85
1 60 63
1 25 98
1 21 74
1 55 82
1 69 84
0 46 50
1 51 80
1 25 36
1 17 30
0 42 50
0 44 98
0 23 79
1 20 63
1 66 93
0 41 47
0 34 40
0 23 61
1 43 82
0 56 82
1 15 84
1 39 54
0 21 93
1 47 82
0 24 48
0 62 92
1 25 76
1 26 27
1 14 89
1 33 66
1 47 58
1 30 83
1 55 94
0 27 53
1 63 90
0 28 88
1 57 86
0 88 98
1 24 49
1 42 69
1 29 52
1 41 74
1 57 62
1 32 87
1 57 74
1 42 97
0 52 66
0 67 95
1 67 80
1 20 25
1 61 96
0 25 73
0 50 80
0 39 95
0 33 73
1 28 79
0 49 61
0 26 60
0 79 85
0 66 98
1 21 50
1 64 69
0 71 97
0 75 77
0 76 84
0 24 62
0 19 77
0 87 91
0 39 79
0 32 50
1 26 41
1 49 100
0 52 88
1 54 61
0 9 87
1 32 71
1 48 69
1 63 92
0 18 40
1 20 51
1 21 34
0 32 74
0 88 94
1 40 41
1 35 82
1 11 44
0 67 79
1 74 99
1 25 86
0 19 69
1 30 51
0 33 95
1 68 89
0 21 43
0 24 58
1 28 85
0 10 50
1 35 86
1 21 54
0 25 83
0 62 74
1 72 81
0 46 92
1 20 95
1 55 80
1 26 95
1 26 99
0 90 92
0 39 63
1 28 33
0 28 68
1 56 63
1 40 83
1 48 77
0 43 87
0 26 90
1 38 77
0 20 62
1 28 99
1 45 72
0 41 69
0 27 39
0 35 67
1 20 69
1 38 95
1 35 70
0 38 74
0 40 100
1 24 97
0 23 89
0 81 99
0 57 93
0 20 84
1 15 32
0 20 64
0 32 54
1 42 55
0 67 91
1 18 89
1 23 68
1 25 80
0 42 74
0 62 96
1 29 76
0 52 56
0 52 86
0 35 51
0 63 93
1 25 94
0 73 99
0 43 71
0 32 72
1 27 32
0 54 60
0 42 66
0 44 60
0 45 93
0 66 78
0 32 34
0 35 53
1 21 38
0 47 99
1 56 67
1 25 72
1 24 35
1 70 95
1 36 47
1 45 52
0 47 57
0 19 73
1 12 45
1 39 94
0 40 96
0 44 66
1 44 69
1 27 84
1 20 93
0 23 93
0 23 47
0 29 73
0 25 97
1 93 96
1 62 69
1 46 63
0 20 30
0 44 54
1 53 98
1 33 60
0 49 85
1 87 90
0 27 97
0 21 37
1 21 48
1 30 67
0 40 86
1 39 60
0 36 70
0 51 67
1 20 53
0 18 48
1 60 87
0 18 54
0 27 29
1 38 99
1 46 69
0 46 54
1 29 96
1 18 73
1 76 93
0 54 82
1 23 74
1 49 60
0 41 57
1 44 47
0 63 67
1 63 74
0 18 90
0 61 73
1 33 52
1 32 37
0 69 85
0 68 76
0 18 68
0 39 55
1 23 54
0 20 76
1 25 66
1 47 96
1 18 77
0 47 83
1 76 85
0 24 90
1 72 97
1 42 51
0 38 66
1 76 83
0 23 57
1 63 80
1 19 80
0 34 62
1 44 57
1 61 88
1 52 55
0 60 94
1 23 60
1 60 65
1 27 36
1 45 60
1 54 65
0 38 76
1 75 88
1 18 37
0 18 44
0 46 96
0 45 53
0 24 34
0 67 77
0 63 75
0 18 88
1 38 83
0 26 68
0 38 60
0 82 84
0 17 89
0 11 23
1 36 43
0 68 98
1 44 81
0 29 91
1 66 71
1 49 78
0 78 98
1 28 95
0 17 67
1 37 56
0 35 47
0 16 100
0 69 91
0 19 55
1 18 87
0 41 43
1 29 84
1 13 52
0 21 61
1 53 90
1 20 37
0 19 35
1 39 48
0 44 78
0 18 86
0 34 96
1 40 99
0 27 91
0 44 94
1 32 73
0 33 37
0 51 63
1 27 72
0 32 96
0 20 52
0 94 96
1 27 30
1 40 67
1 18 35
0 26 98
0 19 33
1 79 100
0 44 70
1 36 71
1 43 58
1 36 49
0 19 81
1 61 62
1 66 85
1 37 92
1 43 56
0 18 96
1 58 63
0 44 46
0 25 45
0 35 61
0 78 90
1 17 72
0 43 83
1 51 54
0 92 100
0 30 62
0 50 56
0 25 53
1 20 77
1 38 89
0 66 70
1 42 73
0 18 100
0 87 99
1 45 56
1 23 36
0 63 99
1 20 83
1 88 91
0 36 54
1 89 94
0 89 99
1 96 97
1 8 45
0 38 44
1 34 71
0 70 72
0 32 48
0 18 82
0 40 80
1 36 55
1 58 83
0 19 97
0 45 97
0 83 85
1 16 97
1 43 84
0 57 91
1 16 47
1 4 81
1 17 28
0 49 83
1 54 73
1 34 61
1 43 64
0 68 96
1 26 71
1 30 61
0 44 58
1 28 81
0 56 90
1 19 20
0 49 65
1 21 32
0 43 91
0 63 77
1 23 40
1 11 74
0 28 48
1 68 73
1 47 78
1 30 79
1 28 93
1 44 61
1 87 98
0 45 85
0 25 89
0 64 100
1 21 36
1 86 91
1 28 71
0 8 52
1 29 78
0 43 97
1 49 74
1 28 53
1 65 80
1 82 89
0 78 88
0 42 100
0 15 51
0 16 60
1 21 30
1 24 99
0 15 53
0 70 98
1 47 60
1 84 85
1 57 98
0 24 88
0 19 75
1 52 89
1 28 55
1 38 63
0 33 55
0 66 92
1 30 35
0 28 78
0 16 56
1 57 88
1 34 67
0 18 64
0 65 87
1 52 67
0 15 83
1 90 91
0 41 63
0 66 74
1 47 74
0 50 66
0 61 89
1 27 52
1 46 91
1 41 42
0 26 100
0 20 38
0 18 42
0 23 95
1 39 80
0 25 61
1 21 68
0 23 81
1 27 42
0 20 58
1 21 24
0 33 45
0 86 94
1 60 73
0 49 71
0 30 36
0 36 72
1 54 91
0 44 68
1 42 81
1 62 67
1 90 95
0 98 100
1 16 37
0 50 74
1 45 92
0 42 88
0 93 95
1 11 26
0 24 100
1 46 51
0 20 82
0 54 70
0 69 71
0 61 81
0 15 95
1 17 46
0 48 82
0 35 41
1 53 94
0 14 80
0 69 97
0 15 73
0 42 76
1 17 50
1 18 61
0 60 96
1 56 79
0 79 91
1 37 70
1 19 62
1 26 35
1 66 91
1 24 57
0 30 90
1 44 63
1 14 71
1 35 80
1 32 67
0 15 27
1 79 86
0 43 93
0 46 78
1 19 34
0 18 62
1 47 92
0 27 75
1 17 70
1 19 76
0 36 92
0 38 92
1 55 60
1 14 61
1 15 94
0 19 41
0 60 86
1 33 92
1 45 58
1 15 48
1 43 70
0 48 56
1 37 86
0 53 55
0 40 48
1 14 47
0 43 69
0 80 92
0 29 77
1 14 97
0 17 61
0 25 47
0 38 58
0 15 77
1 56 95
0 14 78
1 60 85
0 16 54
0 20 88
0 74 100
1 33 88
1 47 84
0 61 91
1 47 72
1 13 88
0 64 88
1 53 84
1 70 81
0 51 73
0 17 57
0 34 76
0 39 67
1 30 55
1 49 94
1 50 99
0 41 85
1 15 82
1 15 86
0 41 71
0 14 86
0 55 91
0 41 49
1 33 62
1 60 95
1 48 75
1 72 79
1 46 49
1 20 99
1 50 55
1 18 49
1 14 67
1 35 48
1 60 77
1 15 62
0 34 86
0 21 35
1 50 79
1 76 91
0 14 70
1 58 71
1 20 23
0 19 49
1 16 39
1 13 42
1 38 69
0 78 96
1 30 63
0 41 75
0 16 80
1 25 90
1 40 79
1 35 38
0 35 93
1 96 99
1 45 68
1 24 83
0 24 84
0 15 99
0 33 47
0 25 65
1 14 93
1 43 54
0 42 44
0 51 99
1 52 87
1 46 83
1 57 96
0 16 40
1 21 58
0 34 88
0 50 98
0 19 29
0 17 29
1 45 76
0 46 64
0 14 42
1 14 65
1 71 84
1 19 94
0 24 74
0 18 56
0 24 28
1 33 54
0 15 75
0 35 71
0 13 89
1 46 81
1 18 95
1 13 36
0 49 63
0 15 61
1 51 74
1 62 73
0 78 94
1 24 91
0 33 39
1 24 63
1 57 68
1 81 84
1 39 40
1 36 45
0 16 34
1 34 53
1 58 87
0 47 81
1 46 57
0 57 73
1 14 99
0 63 87
0 11 71
1 65 66
1 39 56
0 12 60
0 49 51
0 68 88
0 47 49
1 15 96
0 20 28
0 48 74
1 77 94
0 27 77
1 13 32
0 26 88
0 96 98
0 51 87
1 14 49
0 15 39
1 56 81
1 47 64
0 28 52
1 49 58
0 69 81
0 20 92
0 12 38
1 29 72
0 41 61
0 12 74
0 47 79
1 24 39
1 72 77
0 53 97
0 17 53
1 12 85
0 13 55
1 13 68
1 18 97
0 28 82
1 33 44
1 78 97
1 69 72
0 48 80
1 40 81
0 83 97
1 36 93
0 19 27
1 73 84
0 64 70
0 18 50
0 70 92
0 53 85
0 15 49
1 18 41
0 17 77
1 43 60
1 39 90
0 48 90
0 50 54
1 68 97
0 66 86
1 16 93
0 13 85
1 28 37
1 13 84
0 14 48
1 14 73
1 45 82
1 14 95
0 15 79
1 19 68
0 21 47
0 49 89
0 38 86
0 38 90
0 57 61
1 55 76
0 13 75
1 34 45
0 44 82
0 11 61
1 45 70
1 37 88
0 46 62
0 38 50
1 46 75
0 25 85
0 45 67
1 14 27
1 52 79
0 19 51
0 40 52
1 17 74
0 52 54
1 40 55
1 45 50
1 43 90
1 57 80
1 8 21
0 56 78
1 32 85
1 55 56
0 62 88
0 19 45
1 13 18
0 20 56
1 12 71
1 17 58
1 21 42
1 17 80
1 16 65
1 17 42
0 34 44
0 35 49
1 11 58
1 48 87
1 40 89
0 11 45
1 12 49
1 60 83
1 19 54
0 14 64
1 11 16
0 80 88
0 58 98
0 27 67
1 68 99
0 56 76
1 20 41
0 34 42
1 84 89
0 20 72
0 10 98
1 15 50
1 19 78
1 66 73
0 47 85
0 14 20
0 80 82
0 12 56
1 11 72
0 30 88
0 11 37
0 15 85
0 56 92
0 12 84
1 78 93
1 27 64
0 72 80
0 13 67
1 49 64
1 15 18
1 37 98
0 49 55
0 55 65
1 15 44
1 18 25
1 13 40
0 13 17
1 51 56
1 51 62
1 17 56
1 58 97
1 11 96
0 55 89
1 30 77
1 13 34
0 64 78
1 20 97
0 10 90
0 16 94
0 45 71
0 11 25
1 27 50
0 39 45
1 24 51
1 17 96
1 11 38
1 16 23
0 17 75
1 43 50
0 20 86
1 10 95
1 11 100
0 75 79
1 23 38
0 30 78
1 58 67
0 13 23
0 28 46
1 15 58
0 30 32
1 55 96
0 35 65
1 13 44
1 52 53
1 41 86
1 23 82
0 20 54
1 26 75
1 13 46
0 10 72
0 14 84
0 24 46
1 41 98
1 17 36
1 49 82
0 73 81
0 71 87
1 69 98
0 16 84
1 17 26
0 64 82
0 13 27
0 51 55
0 23 83
1 12 65
0 10 70
1 10 99
0 36 84
1 19 26
0 64 74
0 11 91
1 13 30
1 11 54
1 56 73
0 30 100
0 11 69
0 61 79
0 19 61
0 39 81
1 55 74
1 13 74
0 11 63
0 52 98
0 9 85
1 16 71
1 16 95
0 32 92
0 42 86
1 14 17
0 12 32
0 25 95
0 61 75
1 33 96
1 38 57
1 32 43
0 10 38
1 11 14
0 12 42
1 36 83
1 12 57
1 18 29
1 10 15
0 87 95
1 16 67
1 67 100
1 77 92
0 20 80
1 42 71
1 9 62
0 12 44
0 13 61
1 16 35
1 62 65
1 10 53
0 48 96
1 11 84
0 14 74
1 85 98
0 95 97
0 50 94
0 56 84
1 17 62
0 37 75
1 50 85
1 83 86
1 49 92
0 54 64
0 12 48
1 47 90
0 9 97
0 39 73
0 17 63
1 81 90
0 81 83
0 40 46
1 18 23
1 10 45
0 11 39
0 16 66
1 61 100
0 10 66
0 10 76
0 90 98
0 15 63
1 84 97
0 85 99
0 19 79
1 10 27
0 80 90
1 10 55
0 9 55
0 74 86
1 78 89
1 79 94
1 11 12
1 9 44
0 45 83
1 11 90
0 53 91
0 20 68
1 49 84
1 46 67
0 24 60
1 2 65
1 39 86
0 10 34
0 14 50
1 9 70
1 9 40
0 9 19
1 11 78
0 9 67
0 12 88
0 48 100
1 9 98
0 10 82
0 11 75
1 99 100
1 47 70
1 61 68
0 7 97
1 19 58
0 17 35
1 9 16
0 44 72
0 11 17
0 9 37
1 9 94
0 65 89
1 12 21
1 15 42
1 9 58
1 8 75
0 12 16
1 10 97
0 9 79
0 9 13
0 9 83
1 8 61
1 80 91
1 71 86
0 9 27
0 33 67
1 56 61
1 10 35
0 10 26
1 38 45
1 73 100
1 33 34
0 9 43
0 8 38
1 34 89
0 21 79
1 10 93
0 26 36
1 51 64
1 37 74
1 24 69
0 74 98
0 9 51
0 9 53
0 43 45
0 12 46
1 19 28
1 15 34
1 10 61
0 12 18
1 79 88
0 43 79
1 9 54
1 46 47
0 35 99
1 54 71
0 91 99
1 10 79
1 62 85
1 65 96
0 11 27
0 74 90
1 16 55
0 8 94
0 76 100
0 93 97
1 77 90
1 14 41
0 14 52
0 13 37
0 9 57
1 8 37
1 8 39
1 27 88
1 11 66
1 36 61
1 61 90
0 8 10
1 82 85
1 7 98
0 42 48
0 9 49
0 7 95
1 12 97
1 12 33
0 67 85
0 97 99
0 8 20
1 70 99
0 11 35
0 70 80
0 10 32
0 9 21
1 38 71
0 19 71
0 9 41
1 83 100
0 46 52
1 11 36
0 13 47
1 73 74
1 81 94
0 75 99
1 64 97
0 84 90
0 13 25
1 7 54
0 12 72
1 18 79
0 39 75
1 8 85
0 15 71
1 26 81
0 16 62
0 68 90
0 58 62
0 28 84
1 11 30
1 63 98
1 17 20
0 7 93
1 9 88
0 72 100
1 11 52
1 17 66
0 8 78
1 67 86
0 9 77
1 9 46
0 30 58
0 56 64
0 26 34
1 8 29
0 8 66
0 13 43
0 24 54
0 75 97
0 28 72
1 61 98
1 9 42
0 24 30
1 71 78
1 7 60
0 10 96
0 7 11
0 17 87
0 9 69
0 55 67
1 10 83
0 13 65
0 20 94
0 57 87
1 65 76
1 15 24
0 8 44
1 70 73
0 58 86
0 47 87
1 63 82
0 71 91
0 7 57
1 57 64
0 9 91
1 68 79
1 69 76
1 18 93
1 8 43
1 12 53
1 17 38
0 13 53
1 8 71
0 46 86
1 82 95
1 15 80
0 68 100
1 58 89
0 68 72
0 28 44
1 9 12
0 10 16
0 16 18
0 51 95
1 76 77
0 6 78
0 18 80
0 7 99
0 6 84
0 8 64
1 7 80
0 10 74
1 61 72
1 64 81
0 8 70
1 51 60
0 65 91
1 11 32
1 25 88
0 43 57
1 9 64
1 7 40
0 21 87
1 18 33
0 72 96
1 51 82
1 64 85
0 10 46
1 65 84
0 7 29
0 20 90
1 60 71
0 7 43
1 13 92
1 15 66
1 71 96
1 12 99
0 6 80
0 13 81
0 6 30
0 14 18
1 6 53
0 9 99
0 11 85
0 28 94
1 48 61
0 79 95
1 42 65
1 79 82
0 7 51
1 36 37
1 16 41
0 36 62
0 24 80
0 11 29
0 18 46
1 65 88
0 10 94
1 73 76
1 18 65
1 60 69
1 64 65
0 33 49
1 9 78
1 8 95
0 71 81
0 6 24
1 45 90
0 6 100
0 45 81
1 5 96
1 10 17
1 57 78
1 15 52
0 6 12
0 7 37
0 7 19
0 11 77
1 7 20
1 6 63
0 54 58
0 8 98
0 8 76
1 13 70
0 12 28
1 10 29
1 15 30
1 9 66
1 6 65
1 13 38
0 83 91
0 5 99
1 7 64
0 5 89
0 27 89
0 5 91
1 6 81
1 14 25
1 10 63
1 5 76
1 19 74
1 8 51
1 33 74
0 6 8
1 5 78
0 5 61
0 15 57
0 79 93
0 65 75
1 15 98
1 35 68
0 11 13
1 54 83
0 6 28
0 5 49
0 27 51
0 5 83
0 67 87
0 10 52
1 6 87
0 6 94
1 13 78
1 65 68
1 14 79
1 55 98
1 8 17
0 65 83
0 76 82
1 15 46
1 8 69
0 15 67
1 7 90
0 14 54
1 6 9
0 6 38
1 5 18
1 64 87
0 7 73
0 5 57
1 66 77
0 8 48
0 32 42
0 5 67
1 7 86
1 21 40
1 6 23
0 8 96
1 13 62
1 7 96
1 56 97
0 8 14
0 7 81
0 24 72
1 52 69
0 7 35
1 6 13
0 13 21
0 10 40
1 20 81
0 28 96
0 8 82
1 30 87
1 50 61
0 6 18
1 20 43
1 6 71
0 82 92
0 16 98
1 10 77
1 5 50
1 5 98
0 5 51
0 7 61
0 34 36
1 4 71
1 6 21
0 47 51
1 5 72
0 75 81
1 8 15
0 4 66
0 7 47
0 5 15
1 76 81
1 6 93
0 8 86
1 57 100
1 11 18
1 5 14
0 13 73
0 15 89
1 79 92
0 5 39
1 5 38
0 13 15
0 12 52
1 70 75
0 21 39
0 37 87
1 9 52
0 8 88
1 93 98
1 16 45
0 49 73
0 62 80
0 9 89
0 54 76
0 4 78
1 39 74
1 86 93
1 5 70
0 72 98
0 7 17
0 6 54
0 13 83
0 6 76
0 88 90
1 7 74
1 64 91
1 4 45
0 18 60
1 13 48
1 12 19
0 6 34
1 19 42
0 5 93
0 5 43
0 75 85
1 45 84
0 64 68
1 12 83
0 73 79
0 8 62
1 82 87
1 5 84
1 4 9
1 6 77
1 6 91
1 4 23
0 14 46
1 70 91
0 78 86
1 5 56
1 4 29
1 4 67
0 6 70
1 77 78
1 9 72
1 4 85
0 7 65
1 3 96
0 9 17
0 5 79
0 4 92
0 91 93
1 20 89
1 6 37
0 4 86
0 9 95
1 86 95
1 73 96
0 3 91
1 79 90
0 4 56
1 9 90
1 8 35
0 4 62
0 4 70
0 5 47
1 6 27
1 6 89
1 12 23
0 4 16
0 4 44
1 56 91
1 4 5
0 3 65
1 9 18
0 9 25
1 4 57
1 4 47
1 29 90
0 87 89
1 3 78
1 85 86
0 6 98
0 3 81
1 17 60
1 19 40
0 77 91
1 4 37
0 7 39
1 4 43
1 38 97
1 72 87
1 4 63
0 24 42
0 7 49
0 6 48
1 8 97
1 9 84
0 74 78
1 7 50
0 4 34
0 4 64
1 5 44
0 4 8
0 6 62
0 8 30
1 3 88
0 10 68
1 4 79
1 34 77
0 75 89
0 6 52
0 11 89
1 33 70
1 5 12
1 3 24
0 6 20
1 3 92
0 36 74
1 3 40
0 37 49
0 3 15
1 7 26
0 5 85
0 3 79
0 88 92
1 18 27
1 4 55
0 4 76
0 4 26
0 68 86
0 7 69
0 6 96
1 4 83
1 3 14
1 8 65
1 79 84
1 42 63
0 37 41
0 2 100
0 41 91
0 26 74
1 12 13
1 83 92
1 3 72
0 4 96
0 3 17
0 3 43
0 3 11
1 3 12
1 7 12
1 4 75
1 3 56
1 82 91
1 4 95
1 12 81
0 3 49
0 3 23
0 3 71
0 4 88
1 79 98
1 4 61
1 3 38
1 7 42
1 14 29
1 2 93
0 5 69
0 5 7
0 2 94
1 4 7
0 4 24
1 10 37
1 4 33
1 2 75
0 11 81
0 2 66
1 3 46
1 3 6
0 3 57
0 83 89
1 27 98
1 5 60
0 3 27
0 2 88
1 7 78
0 6 64
0 4 28
1 5 24
1 5 10
1 4 13
0 2 44
1 2 57
1 10 69
1 10 23
0 3 7
1 4 27
0 3 61
0 2 92
1 43 76
1 58 93
1 5 30
0 2 70
1 2 69
0 47 89
1 8 63
1 4 89
1 2 27
0 2 60
0 60 78
1 2 99
0 3 69
0 2 48
0 2 18
0 2 98
1 5 32
0 12 26
0 6 82
1 2 67
1 13 98
1 2 51
1 2 29
1 3 54
0 3 5
1 3 26
1 2 97
1 2 35
0 2 42
1 3 94
1 2 49
0 2 4
0 4 18
0 3 73
1 9 96
1 8 87
1 2 3
1 5 16
1 3 52
0 65 69
0 2 46
0 64 84
0 2 34
1 4 21
1 1 94
0 1 93
0 2 30
1 3 20
1 2 9
1 2 25
0 1 87
0 1 79
0 2 74
0 1 91
1 2 63
0 83 99
1 5 34
1 2 7
0 1 97
0 1 95
1 3 98
1 1 90
0 1 69
1 1 82
0 13 69
1 1 98
1 2 45
0 3 55
1 10 25
1 3 48
1 1 92
1 3 36
1 5 20
1 1 56
0 1 75
0 3 87
0 2 56
1 1 86
0 2 80
0 5 37
0 1 83
1 2 33
1 2 53
1 1 64
1 1 78
1 1 66
1 1 74
0 1 57
1 2 5
0 94 98
0 1 41
0 1 55
1 3 64
1 1 44
0 1 51
0 2 54
0 1 77
0 1 43
1 1 68
1 1 40
1 54 77
1 1 70
0 2 62
0 1 25
0 5 33
1 1 36
1 1 38
0 1 35
1 1 48
0 1 39
1 1 30
0 1 19
1 1 46
1 1 42
1 1 16
0 1 17
1 1 72
0 2 6
0 1 11
1 1 52
1 1 10
1 1 8
1 1 12
0 1 5
1 1 4
1 1 14
0 1 3
