89
63 111
75 81
83 105
203 112
128 190
153 50
182 222
76 123
139 69
104 86
12 194
200 158
63 230
95 76
215 103
55 202
189 43
70 112
30 175
210 18
173 41
193 211
76 181
161 85
17 36
168 133
53 60
99 12
34 161
148 114
135 31
52 89
156 70
215 94
64 115
100 181
196 181
48 164
93 183
58 59
126 117
38 187
132 183
189 162
48 10
19 183
163 49
167 80
110 57
151 124
41 75
203 110
23 174
208 41
123 71
152 37
111 28
75 141
185 218
101 90
61 79
193 164
12 90
186 198
103 86
93 208
68 85
188 89
150 230
134 112
40 209
173 27
36 143
51 155
64 78
143 139
50 124
199 102
145 199
136 36
37 142
21 146
129 226
44 59
95 182
225 156
196 78
183 84
136 146
