82
32 36
215 92
63 105
170 12
15 108
138 136
136 51
67 186
114 116
101 99
39 100
185 169
167 174
15 144
63 24
187 102
63 24
68 140
151 101
62 55
200 124
37 21
118 62
131 176
230 21
171 14
230 150
158 118
123 209
155 63
25 207
227 128
129 129
186 222
200 107
17 21
139 132
211 161
22 122
89 214
33 133
153 40
66 132
102 151
47 180
42 209
144 104
64 77
187 213
13 80
57 15
229 180
101 120
223 28
30 186
190 39
46 45
85 195
26 207
86 189
145 143
53 220
187 150
28 110
192 120
66 33
151 23
159 199
122 181
147 182
160 149
93 167
163 176
100 74
81 106
44 69
117 142
195 54
148 195
72 34
104 162
166 125
