81
37 140
220 13
84 76
18 16
58 47
172 115
75 81
75 206
23 51
149 221
196 32
173 11
45 14
158 144
78 118
184 13
71 165
30 193
76 28
71 15
42 126
177 30
86 154
183 100
120 165
49 90
165 27
83 55
185 53
110 175
53 121
153 15
61 88
119 131
61 94
137 53
98 138
223 130
99 130
31 77
222 159
217 22
172 117
119 135
192 74
120 158
120 112
90 104
214 109
83 155
118 221
199 164
216 217
39 99
223 166
79 154
107 86
221 135
94 167
65 48
209 52
81 104
89 58
176 166
17 44
80 51
49 165
38 213
153 198
10 115
133 124
177 200
134 134
27 155
165 73
63 222
152 172
156 64
171 62
219 179
12 120
