100 21
001100011100100101101
000000011101111100000
101100110010011001011
011011110100111001100
011100100101110011101
111001000110111111001
111100010001010101101
011111011111010111010
111011000011100101110
001100110011011001100
101111111101001111011
100100100000100101110
010011001000001011101
011011011010010100001
110111111111000011001
101011001001111001100
101101111000101000111
100101000011110000111
001011000101101010000
111011111100100111001
011110110001100101000
111010100010100010111
011000001000011001110
011010011010000000101
101000110011101001101
001111110100100000111
011110010011100100000
010011000111011101100
100101110011001010010
010000110111100010000
100101000001110100110
001011110011110100000
111110110101010111000
001011100000001000000
000111001000001011001
101001011010001110010
001011011110000000100
001010011000010101111
001111101111100101000
111110110110001001111
010101101100110111100
100110101101111001100
101100011100000111101
100110000111111010111
001011011111110001001
010011011001011100001
110010001010111111011
100001011101010101111
100010011110110001111
110101110100111100111
010001001010000001011
011101000111110010101
001110110010010100001
110101111011001010110
101000110101010010110
111110000111100111011
111000000100001110111
111100000110111011111
111100000111000011100
101010001001101101011
100011111001111111010
111110000101010100011
101010010110100000010
000000000111001100000
110110110101010100111
010101011010101110110
000110110010001100111
001100001111011110111
110000111111111000101
011000100001111000100
010011011101010100001
000110101101000001110
100001001011001010111
011001001100011100000
110000101110011111100
100010101001101100000
010110110001010101100
101111010101001101110
100110011010100101101
101110110110100011111
100001010101001111110
110111111101101000100
000000001101011010011
010011100001100110111
110110111010010110100
110110100111100001111
110110000111011101100
011111000100111111111
000010000101101101000
101101100001010110000
110000001000010010001
000100011100000000100
111010000011100011111
001001001011100111101
011111000110111111110
100011111001101111001
010001100100101110101
110110011001001000011
111011101001000000111
101011110111001001111
