65 72
000110000001100100011011111101001111001001000010010100000011001001101011
000010110001011011100101010111100001100001001010101000011000101001100010
000001011110000010011101110011111111010101100000100111010100010100001000
001010100010001110000000000110111111100000011010111010001010110001110010
011101100110101110100110011000111101100101011011100011001000100100100010
011101111000001001011010110010100011100011111111001100000101111010010011
111010000010101001110111000010001100001000010000001101110000001110000000
111110011101000101110110111011001111010010010110010101010000101101011011
000111101111010011011111101011100100100111110111011010000101000001000110
111000010100111100100100011110010001000000011100001001010101011010111101
100010110010001001111101000001110110010111101111111101000011000000110010
110100111101001010110110011000101010000110000001001110101001000100000100
000100010011011011001010011110100111000110001100011101101000010000010000
000001101010001001110000010000101100100001100000010000011010101000111011
010101111010001110000010010010000010110100110001100001111000111000001000
101010000000101011100010111010010100111100000011101101110001000111100100
001000111110101101010001111101001010000100101110001000011001100000110001
001010010111110000111101101101010001001010011000100001001001111001110101
110100000110110010111001010111101010110001001001011001010001100110100111
111111110000110110010010000000000010101111101010110011110001111100110001
110101111011111100100010101011100001100011010101010111101110110010111101
000111111000000101110100100000101000000010101011100100000010110101100011
110101001001010100101011111011010000010000111001011100100011111011010101
101011010011000001110101111000000111000111101011000111010101001101110010
000001101111000110101110101011110111111110110110110110111001011001111010
111111100000000101011110010000000111011000010110010001100110101110011101
111111011111101101001010100010110100100101010101001111010110101011011010
000100001000101011100111000110011101011001111101101011111001101001001010
111111011000110110111011010111011001011110011100101011111110001000001110
010000011011101001001100110101111111100010010100001000000011100110001001
011100010000101111010110110010010111100111000000110111101001010100101100
110011010110101100001011010101101011011001101100010001000111100111101110
011111001111101111001010110010101101000111000111101111011111001011000100
101001001111010100111100111000100011111110100101111110100000110011011000
101101110111111001110111100000110001100011000101010011110110001111011110
000100000110000101101100011011010010010001100111110110001101100110001010
000100000101111101000100110101011000100111011011010100001010000010100101
111000111011011011000000000001110111011100011011110011100010001001011110
001110001001100000100010000011010111101111101100001110110000001111111001
100000001011101110101110000110010100011010111100011011000011100111101010
111110101001011100111001010101010010101110010101010001101111110010010000
100001010110011111011101011011111100001000011110101110000101011010010001
110111010010000111000110010011111011101000111001011010101101110111110010
001100111010010010100110100001111010001100111010111011100001001100101100
100011010101100100100110011110011011000000100001111111001110010001000101
100100000110001100111100101100010100100010101010100111010010110111010101
101011001000010001000111111010011011100011100010000100001111010111111100
010101011011100100000001001111111100101001000000010110110100100110100010
001011110100000110011101100010010101110011001101101101010110100100100000
101110001101001010101010000111110101101100011010111001000101100101011011
100111100000110000101001001011110000100101100001110001100110000000101110
111110100011010001101100100001111100110010001001000000001110010110111101
100000110011100000101110001110111110001010101111100011000010110010101001
001000001000011001001001100110010100111100011101001010010110111100000001
101011000111101011011010001001111111111010110011101111011101001001110001
000101001110000101011100110111101011110001001101001111110111011000000111
001111111101010011110110100100001011110001001000100111010111000001101111
111111100110100100010110110010000001110010011100101011010100110110011101
001110011010000000100100100011000000111110001010101110111001010111100000
111100111000001110011110000010110000010000000111011111011110010000011101
100001010010101101011011000000101100111100000110101101000101101000110110
011100110010010101001000001111100110000011100001000100001110101000000101
010110000000000010000111000001010001011101111011010101110010100111100011
101000010000100101001011010101101101101110101000100111001100010111101101
100101100001001111101010001110010111100011100010001000000111100111100001
