1000
1 2
1 3
2 4
4 5
1 6
4 7
5 8
8 9
3 10
2 11
9 12
7 13
13 14
9 15
14 16
11 17
13 18
16 19
18 20
18 21
17 22
16 23
17 24
24 25
25 26
22 27
22 28
24 29
29 30
24 31
27 32
28 33
28 34
28 35
35 36
36 37
31 38
34 39
37 40
35 41
35 42
37 43
37 44
38 45
42 46
40 47
45 48
44 49
47 50
49 51
45 52
49 53
45 54
54 55
51 56
56 57
52 58
58 59
58 60
54 61
59 62
60 63
59 64
62 65
57 66
65 67
65 68
68 69
69 70
70 71
69 72
72 73
73 74
72 75
75 76
69 77
77 78
78 79
70 80
76 81
79 82
80 83
80 84
84 85
76 86
80 87
85 88
81 89
89 90
81 91
84 92
90 93
91 94
91 95
92 96
90 97
92 98
90 99
96 100
100 101
101 102
97 103
94 104
95 105
96 106
101 107
103 108
105 109
105 110
104 111
109 112
104 113
112 114
105 115
108 116
116 117
108 118
118 119
119 120
120 121
113 122
116 123
123 124
116 125
119 126
126 127
119 128
120 129
129 130
128 131
126 132
124 133
129 134
134 135
127 136
136 137
128 138
138 139
139 140
135 141
133 142
136 143
135 144
142 145
145 146
140 147
143 148
148 149
149 150
147 151
147 152
152 153
153 154
149 155
150 156
147 157
156 158
154 159
155 160
158 161
156 162
162 163
161 164
159 165
157 166
160 167
166 168
168 169
169 170
164 171
170 172
170 173
165 174
173 175
172 176
172 177
171 178
177 179
175 180
180 181
176 182
182 183
183 184
182 185
185 186
185 187
185 188
182 189
189 190
190 191
189 192
191 193
189 194
194 195
195 196
191 197
195 198
194 199
199 200
200 201
193 202
202 203
203 204
204 205
196 206
198 207
199 208
202 209
203 210
205 211
209 212
206 213
207 214
214 215
213 216
211 217
210 218
210 219
218 220
214 221
221 222
214 223
223 224
222 225
219 226
226 227
223 228
220 229
221 230
230 231
222 232
228 233
228 234
234 235
235 236
235 237
237 238
236 239
231 240
234 241
239 242
237 243
234 244
244 245
237 246
241 247
247 248
246 249
249 250
242 251
246 252
252 253
253 254
250 255
250 256
251 257
253 258
255 259
258 260
252 261
261 262
256 263
258 264
257 265
259 266
262 267
264 268
260 269
261 270
266 271
269 272
270 273
267 274
274 275
275 276
272 277
277 278
274 279
272 280
280 281
273 282
274 283
275 284
275 285
281 286
286 287
281 288
287 289
281 290
290 291
291 292
284 293
287 294
287 295
286 296
292 297
289 298
289 299
298 300
296 301
300 302
300 303
301 304
304 305
298 306
302 307
303 308
306 309
307 310
305 311
306 312
312 313
307 314
312 315
312 316
308 317
317 318
311 319
314 320
316 321
321 322
314 323
323 324
323 325
319 326
320 327
327 328
328 329
324 330
326 331
326 332
326 333
327 334
329 335
327 336
333 337
331 338
332 339
335 340
340 341
335 342
342 343
338 344
341 345
343 346
342 347
343 348
345 349
349 350
344 351
351 352
346 353
353 354
350 355
355 356
356 357
351 358
355 359
354 360
360 361
355 362
361 363
354 364
360 365
363 366
366 367
367 368
364 369
364 370
366 371
371 372
372 373
373 374
369 375
375 376
372 377
369 378
371 379
379 380
373 381
375 382
382 383
383 384
376 385
377 386
377 387
384 388
388 389
389 390
382 391
391 392
388 393
392 394
386 395
386 396
392 397
397 398
398 399
394 400
392 401
397 402
402 403
395 404
402 405
402 406
398 407
399 408
408 409
404 410
402 411
406 412
405 413
411 414
414 415
415 416
411 417
411 418
417 419
415 420
420 421
419 422
414 423
415 424
420 425
417 426
422 427
419 428
428 429
429 430
430 431
429 432
430 433
429 434
430 435
429 436
436 437
437 438
434 439
439 440
436 441
441 442
436 443
441 444
443 445
443 446
446 447
447 448
448 449
447 450
450 451
443 452
444 453
449 454
447 455
450 456
454 457
451 458
458 459
455 460
460 461
456 462
457 463
458 464
464 465
461 466
464 467
466 468
468 469
469 470
469 471
471 472
465 473
473 474
468 475
470 476
471 477
475 478
473 479
479 480
480 481
474 482
473 483
477 484
480 485
485 486
486 487
482 488
488 489
481 490
490 491
483 492
490 493
493 494
488 495
487 496
496 497
497 498
495 499
493 500
493 501
499 502
500 503
495 504
496 505
505 506
502 507
504 508
508 509
500 510
509 511
507 512
512 513
509 514
514 515
515 516
516 517
513 518
509 519
512 520
516 521
520 522
516 523
523 524
522 525
525 526
520 527
521 528
525 529
525 530
528 531
523 532
528 533
527 534
534 535
534 536
528 537
532 538
534 539
530 540
535 541
537 542
542 543
543 544
540 545
543 546
542 547
547 548
544 549
549 550
544 551
543 552
545 553
547 554
547 555
555 556
548 557
549 558
558 559
559 560
555 561
552 562
562 563
559 564
559 565
565 566
565 567
565 568
568 569
561 570
562 571
567 572
570 573
567 574
569 575
571 576
570 577
577 578
578 579
573 580
575 581
579 582
573 583
577 584
577 585
581 586
578 587
587 588
588 589
586 590
590 591
589 592
587 593
587 594
592 595
595 596
596 597
592 598
592 599
599 600
595 601
599 602
601 603
594 604
601 605
597 606
606 607
607 608
599 609
606 610
602 611
607 612
604 613
609 614
614 615
609 616
616 617
617 618
609 619
613 620
620 621
620 622
620 623
618 624
616 625
617 626
626 627
621 628
628 629
624 630
626 631
625 632
632 633
624 634
630 635
627 636
631 637
633 638
632 639
636 640
636 641
639 642
638 643
643 644
640 645
645 646
640 647
647 648
640 649
641 650
642 651
649 652
648 653
651 654
648 655
650 656
654 657
651 658
653 659
654 660
660 661
657 662
662 663
663 664
662 665
661 666
661 667
665 668
668 669
665 670
670 671
662 672
670 673
669 674
668 675
671 676
672 677
677 678
678 679
677 680
676 681
677 682
678 683
681 684
679 685
685 686
678 687
687 688
688 689
683 690
686 691
686 692
684 693
688 694
689 695
689 696
696 697
697 698
698 699
697 700
693 701
698 702
702 703
697 704
704 705
705 706
700 707
707 708
707 709
709 710
705 711
704 712
712 713
710 714
714 715
712 716
715 717
709 718
710 719
719 720
714 721
716 722
718 723
715 724
722 725
725 726
726 727
720 728
726 729
729 730
723 731
731 732
727 733
730 734
734 735
729 736
735 737
737 738
736 739
734 740
739 741
741 742
738 743
741 744
744 745
741 746
744 747
741 748
740 749
745 750
744 751
747 752
746 753
751 754
754 755
747 756
750 757
752 758
754 759
751 760
758 761
755 762
762 763
759 764
762 765
765 766
763 767
765 768
760 769
764 770
764 771
769 772
772 773
771 774
768 775
768 776
772 777
776 778
774 779
773 780
776 781
780 782
778 783
775 784
779 785
783 786
778 787
787 788
786 789
789 790
785 791
789 792
792 793
791 794
790 795
792 796
788 797
789 798
792 799
794 800
793 801
799 802
796 803
794 804
802 805
805 806
806 807
807 808
808 809
809 810
807 811
806 812
811 813
813 814
809 815
810 816
816 817
817 818
816 819
811 820
814 821
821 822
822 823
820 824
818 825
825 826
822 827
827 828
824 829
821 830
826 831
831 832
831 833
824 834
829 835
832 836
836 837
833 838
836 839
833 840
840 841
835 842
840 843
840 844
836 845
839 846
846 847
842 848
846 849
849 850
847 851
843 852
848 853
853 854
852 855
853 856
850 857
853 858
850 859
852 860
860 861
858 862
857 863
863 864
860 865
865 866
862 867
863 868
862 869
867 870
868 871
871 872
868 873
873 874
871 875
868 876
868 877
869 878
873 879
878 880
874 881
876 882
874 883
881 884
875 885
877 886
886 887
880 888
886 889
882 890
885 891
885 892
887 893
893 894
894 895
892 896
889 897
897 898
894 899
893 900
898 901
897 902
896 903
903 904
898 905
899 906
902 907
907 908
908 909
909 910
908 911
911 912
908 913
911 914
911 915
911 916
915 917
913 918
916 919
912 920
920 921
915 922
914 923
922 924
916 925
920 926
920 927
927 928
922 929
921 930
930 931
929 932
931 933
933 934
934 935
931 936
931 937
929 938
934 939
937 940
940 941
933 942
936 943
935 944
937 945
941 946
938 947
947 948
943 949
949 950
950 951
951 952
952 953
948 954
948 955
951 956
956 957
949 958
950 959
950 960
956 961
957 962
962 963
954 964
955 965
961 966
966 967
966 968
968 969
961 970
964 971
969 972
972 973
967 974
974 975
969 976
968 977
977 978
975 979
971 980
977 981
975 982
977 983
979 984
978 985
983 986
984 987
986 988
984 989
989 990
988 991
988 992
992 993
985 994
986 995
990 996
988 997
991 998
990 999
999 1000
8 6
5 4
5 5
4 0
6 1
3 0
0 0
6 0
3 2
6 5
0 4
0 8
2 2
7 3
8 0
5 5
2 0
6 2
2 2
8 1
4 0
6 6
8 1
5 8
5 4
0 2
8 2
5 2
0 2
1 5
0 6
4 7
2 2
0 7
9 7
3 8
5 2
7 7
8 2
0 2
0 7
7 0
4 0
0 1
6 0
5 5
6 7
6 4
0 1
2 4
2 4
8 0
1 0
7 8
9 2
0 5
7 0
6 7
7 2
7 0
0 0
4 1
0 2
2 9
0 8
0 5
4 5
2 2
4 0
9 6
9 0
2 8
2 7
0 6
4 4
4 4
2 0
3 4
4 4
8 3
0 7
0 8
6 5
4 9
4 0
0 6
0 6
0 4
0 5
5 2
7 3
6 7
2 0
0 6
4 8
0 6
8 6
5 0
4 6
4 0
4 6
8 9
0 0
0 4
5 0
8 0
2 0
6 2
0 0
5 1
2 6
4 0
3 0
0 6
9 6
9 6
0 5
8 0
7 0
6 2
0 6
1 7
0 2
4 1
8 6
8 0
8 2
2 0
6 1
4 8
0 8
4 4
0 0
0 0
5 0
4 5
2 6
7 0
0 0
9 5
0 4
3 8
4 4
0 3
3 4
6 8
8 4
8 5
0 0
7 0
2 0
0 8
2 3
3 8
1 7
2 0
5 8
4 9
2 8
8 6
6 0
4 7
2 0
8 8
6 1
0 6
0 8
6 0
5 1
0 4
2 6
2 0
0 8
6 0
6 7
3 2
6 6
6 4
2 1
8 4
0 6
2 0
0 5
0 4
4 6
5 0
2 0
7 1
4 0
0 8
6 0
5 6
2 6
4 3
2 0
1 4
0 1
6 8
0 9
3 2
8 1
2 9
9 0
0 6
4 0
5 3
8 6
5 2
4 4
5 2
0 8
6 2
9 5
9 2
2 6
7 3
0 5
4 1
4 3
2 4
5 8
0 6
2 6
0 1
0 2
6 8
8 0
4 0
0 8
0 3
0 8
4 6
0 4
8 6
4 9
8 6
4 9
4 4
4 1
2 2
9 0
4 2
0 0
8 7
5 5
0 8
8 1
7 6
0 0
6 2
2 8
0 2
2 4
0 7
8 5
5 1
6 2
5 2
0 8
8 2
1 6
0 5
4 3
6 7
0 4
2 0
3 6
9 2
8 7
7 2
6 6
0 0
7 0
0 0
5 0
2 0
0 8
0 9
2 8
0 0
0 5
0 4
0 3
4 7
0 7
0 8
6 8
2 0
7 4
0 3
8 2
1 2
0 0
5 5
8 3
9 8
0 5
4 4
0 0
7 8
0 6
8 8
8 2
5 0
5 8
6 4
3 0
0 9
9 0
8 6
5 0
4 7
0 0
7 5
0 8
0 1
6 0
0 0
8 0
0 0
8 5
0 5
5 0
1 4
0 4
6 5
5 0
0 5
0 7
0 8
0 0
0 6
3 5
6 0
0 0
5 0
3 5
2 0
6 2
8 3
0 5
4 5
2 4
4 0
1 5
6 8
0 8
0 8
4 9
8 0
6 5
0 9
7 9
2 8
0 0
2 3
7 6
0 8
4 6
7 2
9 4
6 4
5 0
0 1
1 4
0 6
6 1
2 6
8 6
6 2
8 6
6 3
6 0
5 4
8 0
6 3
9 7
1 7
5 8
8 5
9 0
2 8
6 0
6 8
6 0
8 0
2 8
2 7
5 9
0 0
9 0
6 2
4 4
8 8
4 4
0 0
4 4
2 0
0 4
6 0
8 4
5 0
9 5
8 3
7 0
6 4
0 6
6 8
0 5
4 8
0 0
4 6
6 4
5 2
6 6
6 8
5 0
9 7
0 2
3 8
0 4
0 4
8 6
4 3
6 5
5 1
4 2
0 4
2 8
7 5
6 7
5 8
9 4
0 4
0 4
6 4
5 0
5 9
4 0
7 0
0 9
0 2
1 0
8 0
9 9
0 6
0 0
8 4
8 0
7 3
5 1
0 0
2 6
7 1
4 2
0 0
8 1
0 5
6 2
3 5
5 6
4 6
6 4
8 4
7 8
7 4
5 8
0 0
8 2
6 6
2 0
4 0
5 5
4 5
0 2
5 1
1 1
6 6
0 0
0 8
6 0
4 0
0 5
7 6
9 4
9 0
7 8
2 5
6 0
0 0
0 8
4 3
4 2
1 0
0 6
2 0
2 5
8 2
0 3
6 2
4 5
2 8
6 6
8 4
4 4
9 0
0 0
0 0
0 7
0 8
2 0
6 4
0 0
4 0
4 1
0 4
0 4
5 8
6 3
0 6
8 2
1 8
2 1
6 4
2 2
8 6
8 8
0 8
6 2
0 2
0 6
0 0
4 8
6 2
6 4
0 8
0 7
4 8
8 6
9 4
0 0
8 3
8 0
2 0
2 9
0 5
1 5
4 6
0 8
6 0
4 5
4 6
2 0
8 2
0 7
8 4
0 3
5 6
8 5
0 0
0 6
3 0
8 7
2 7
0 9
6 6
1 4
8 8
6 8
9 4
3 8
0 6
4 8
0 5
0 6
0 0
5 8
4 0
2 8
0 6
2 4
2 0
1 0
6 0
1 0
4 2
2 0
3 7
2 0
2 5
0 0
4 8
0 8
6 6
6 0
5 0
5 2
0 4
0 6
9 0
2 8
4 0
7 0
0 0
8 8
0 2
4 6
0 7
2 7
4 0
8 6
4 0
2 8
4 0
4 4
0 2
0 8
4 4
4 0
3 2
2 0
9 1
2 9
4 8
4 8
5 6
2 8
6 3
4 4
2 0
2 4
6 7
6 2
0 5
0 8
7 6
0 7
0 6
0 9
8 7
7 6
0 0
2 3
7 8
9 2
2 6
5 4
3 8
3 9
0 2
4 3
6 0
0 7
6 6
6 6
0 0
0 4
2 0
6 0
4 6
5 3
4 2
0 4
6 5
0 4
0 0
9 4
3 3
4 8
0 0
0 6
2 0
0 0
5 0
0 2
2 4
8 0
0 2
0 0
4 4
0 0
8 7
0 5
6 0
6 0
5 0
0 4
0 0
1 6
6 6
9 4
8 0
0 9
6 0
2 0
0 5
1 0
5 6
0 4
5 2
5 2
3 4
4 6
8 8
9 5
4 0
8 2
2 0
2 2
0 2
6 9
0 0
4 0
6 0
3 4
2 0
4 2
0 0
2 0
2 4
7 2
2 0
6 3
0 0
8 0
5 0
0 5
4 6
0 0
0 1
6 8
4 9
6 6
5 6
0 7
0 5
4 6
7 4
0 4
5 6
5 1
7 5
1 3
8 0
6 5
8 0
0 0
6 7
8 0
8 8
4 7
8 8
4 3
4 8
0 6
8 0
2 6
6 4
0 3
8 0
8 2
9 0
8 5
8 0
9 6
8 2
6 8
0 8
2 0
5 0
0 0
1 2
6 6
6 4
4 6
0 4
5 9
4 0
2 0
7 6
6 0
8 5
2 2
0 0
0 5
0 8
3 1
5 4
9 9
8 5
9 3
9 0
9 6
2 9
5 6
4 0
8 0
0 0
8 0
0 7
0 1
4 0
6 4
0 3
2 0
6 5
0 0
5 2
5 0
1 0
9 6
0 2
5 6
8 0
8 5
0 2
1 4
6 0
5 0
8 8
0 8
0 8
5 0
7 4
2 4
2 6
2 1
5 2
4 0
9 0
0 2
8 5
8 0
0 0
5 0
2 7
0 8
4 8
2 6
8 6
9 2
6 0
5 0
2 3
0 2
4 4
0 6
2 0
7 0
4 0
0 6
2 0
0 6
4 0
2 8
2 0
0 4
4 0
0 0
6 1
0 0
5 1
2 0
0 2
8 0
0 0
7 4
3 0
6 5
6 2
2 4
0 0
8 9
4 0
1 4
0 1
0 7
0 0
8 0
2 6
9 8
0 0
4 0
0 0
4 0
6 5
8 4
8 8
8 8
5 0
0 5
0 0
4 0
0 7
0 2
0 4
2 1
8 0
0 6
4 0
2 0
1 4
3 2
2 5
8 5
1 0
2 8
9 6
7 6
0 0
8 0
0 0
5 6
2 2
4 2
0 3
2 6
2 4
6 2
8 0
0 4
6 8
8 2
6 1
8 7
0 0
4 0
6 5
6 8
2 0
0 5
4 8
4 0
5 3
0 4
0 2
1 8
2 5
2 2
1 0
1 2
0 8
6 3
5 7
0 4
0 2
4 4
8 0
4 7
5 8
8 5
4 7
0 8
9 0
6 5
2 2
6 6
1 6
2 2
2 0
6 7
0 0
8 6
6 0
5 0
1 7
6 0
6 9
0 4
0 0
8 0
2 5
2 3
0 8
2 8
9 1
2 7
4 5
5 4
5 3
2 4
0 8
0 0
0 1
6 0
0 5
6 6
0 0
6 6
6 1
6 0
8 2
4 6
9 4
5 5
2 0
0 0
0 8
5 6
3 1
