1000
1 2
1 3
3 4
3 5
5 6
4 7
3 8
6 9
9 10
10 11
10 12
12 13
11 14
14 15
13 16
16 17
16 18
16 19
16 20
20 21
17 22
19 23
23 24
22 25
22 26
23 27
27 28
25 29
29 30
29 31
27 32
31 33
32 34
34 35
33 36
33 37
37 38
36 39
39 40
40 41
40 42
42 43
41 44
43 45
45 46
45 47
45 48
48 49
49 50
48 51
51 52
52 53
50 54
54 55
55 56
52 57
55 58
54 59
56 60
59 61
59 62
60 63
60 64
64 65
61 66
63 67
64 68
65 69
66 70
69 71
71 72
69 73
72 74
72 75
71 76
75 77
73 78
76 79
76 80
80 81
81 82
81 83
83 84
81 85
85 86
83 87
83 88
86 89
85 90
90 91
89 92
91 93
93 94
91 95
91 96
96 97
97 98
95 99
98 100
97 101
99 102
98 103
102 104
101 105
104 106
106 107
105 108
104 109
108 110
106 111
110 112
109 113
113 114
114 115
113 116
114 117
114 118
117 119
119 120
120 121
121 122
122 123
123 124
121 125
121 126
126 127
123 128
128 129
125 130
129 131
129 132
131 133
133 134
131 135
133 136
135 137
137 138
134 139
137 140
136 141
141 142
138 143
139 144
142 145
143 146
143 147
144 148
147 149
145 150
150 151
151 152
152 153
151 154
150 155
152 156
152 157
157 158
156 159
159 160
160 161
158 162
161 163
162 164
164 165
165 166
166 167
167 168
164 169
169 170
167 171
170 172
171 173
172 174
174 175
171 176
175 177
174 178
176 179
178 180
178 181
177 182
178 183
180 184
184 185
181 186
184 187
187 188
188 189
187 190
186 191
187 192
190 193
189 194
194 195
195 196
196 197
193 198
194 199
197 200
199 201
197 202
201 203
203 204
204 205
204 206
204 207
205 208
205 209
207 210
210 211
209 212
212 213
212 214
211 215
214 216
216 217
215 218
218 219
217 220
220 221
221 222
219 223
221 224
222 225
221 226
223 227
225 228
226 229
226 230
229 231
228 232
228 233
231 234
232 235
235 236
235 237
235 238
238 239
235 240
240 241
241 242
240 243
243 244
240 245
244 246
244 247
243 248
248 249
249 250
250 251
247 252
252 253
253 254
254 255
251 256
255 257
256 258
254 259
257 260
258 261
261 262
258 263
260 264
264 265
261 266
266 267
267 268
268 269
268 270
270 271
270 272
269 273
272 274
274 275
273 276
273 277
277 278
277 279
279 280
280 281
279 282
280 283
283 284
280 285
284 286
284 287
286 288
286 289
286 290
287 291
287 292
290 293
292 294
294 295
295 296
295 297
297 298
298 299
299 300
297 301
298 302
301 303
303 304
304 305
303 306
305 307
305 308
305 309
306 310
308 311
311 312
311 313
312 314
314 315
314 316
315 317
317 318
316 319
316 320
320 321
318 322
322 323
323 324
322 325
321 326
322 327
325 328
324 329
329 330
326 331
331 332
330 333
333 334
330 335
335 336
333 337
334 338
338 339
339 340
337 341
338 342
338 343
343 344
342 345
345 346
345 347
344 348
348 349
349 350
346 351
351 352
352 353
351 354
354 355
353 356
353 357
357 358
355 359
356 360
359 361
359 362
360 363
361 364
363 365
365 366
362 367
366 368
368 369
366 370
367 371
371 372
372 373
373 374
370 375
373 376
374 377
376 378
377 379
375 380
380 381
378 382
380 383
383 384
384 385
383 386
386 387
384 388
384 389
389 390
390 391
389 392
390 393
392 394
394 395
395 396
396 397
396 398
398 399
399 400
398 401
400 402
399 403
402 404
401 405
405 406
405 407
403 408
404 409
405 410
410 411
411 412
412 413
413 414
412 415
413 416
416 417
416 418
418 419
416 420
420 421
419 422
422 423
423 424
422 425
424 426
424 427
427 428
424 429
428 430
429 431
431 432
428 433
433 434
430 435
432 436
432 437
437 438
438 439
439 440
440 441
438 442
439 443
442 444
440 445
441 446
445 447
446 448
444 449
446 450
447 451
451 452
452 453
450 454
450 455
455 456
452 457
453 458
458 459
458 460
458 461
459 462
462 463
463 464
461 465
462 466
466 467
467 468
468 469
469 470
470 471
471 472
472 473
469 474
474 475
475 476
475 477
475 478
477 479
478 480
480 481
481 482
482 483
483 484
481 485
484 486
486 487
485 488
488 489
489 490
487 491
490 492
492 493
493 494
494 495
491 496
496 497
497 498
495 499
497 500
496 501
501 502
501 503
502 504
504 505
505 506
502 507
505 508
506 509
507 510
506 511
508 512
508 513
513 514
510 515
512 516
515 517
517 518
515 519
519 520
519 521
519 522
520 523
520 524
521 525
522 526
526 527
527 528
524 529
527 530
530 531
527 532
528 533
531 534
531 535
535 536
536 537
533 538
534 539
539 540
538 541
540 542
542 543
542 544
542 545
542 546
546 547
547 548
548 549
545 550
550 551
547 552
548 553
553 554
553 555
553 556
555 557
556 558
554 559
559 560
560 561
557 562
561 563
563 564
564 565
564 566
563 567
567 568
568 569
569 570
566 571
568 572
572 573
570 574
570 575
572 576
572 577
575 578
578 579
578 580
580 581
579 582
581 583
583 584
584 585
581 586
585 587
584 588
588 589
587 590
590 591
589 592
592 593
593 594
594 595
593 596
594 597
597 598
598 599
595 600
600 601
599 602
598 603
601 604
604 605
605 606
606 607
607 608
608 609
609 610
608 611
611 612
611 613
613 614
612 615
615 616
616 617
617 618
616 619
619 620
617 621
620 622
621 623
622 624
622 625
621 626
625 627
623 628
627 629
629 630
626 631
627 632
629 633
633 634
631 635
635 636
632 637
634 638
637 639
639 640
636 641
638 642
640 643
641 644
641 645
645 646
644 647
645 648
645 649
647 650
650 651
650 652
652 653
649 654
654 655
652 656
655 657
653 658
658 659
657 660
657 661
661 662
658 663
663 664
662 665
665 666
666 667
665 668
667 669
669 670
670 671
667 672
671 673
673 674
672 675
674 676
675 677
673 678
678 679
679 680
677 681
680 682
681 683
681 684
683 685
682 686
684 687
685 688
688 689
685 690
689 691
691 692
689 693
692 694
690 695
695 696
696 697
697 698
694 699
699 700
700 701
701 702
702 703
701 704
700 705
702 706
704 707
707 708
707 709
708 710
710 711
709 712
712 713
713 714
710 715
711 716
713 717
717 718
717 719
716 720
719 721
717 722
719 723
723 724
721 725
725 726
726 727
727 728
727 729
726 730
729 731
731 732
732 733
732 734
731 735
733 736
734 737
734 738
738 739
737 740
739 741
738 742
741 743
743 744
744 745
744 746
745 747
746 748
746 749
748 750
749 751
748 752
751 753
751 754
752 755
754 756
753 757
753 758
758 759
759 760
758 761
761 762
761 763
763 764
764 765
761 766
766 767
765 768
768 769
767 770
769 771
771 772
770 773
771 774
773 775
773 776
773 777
777 778
774 779
779 780
777 781
780 782
781 783
781 784
781 785
783 786
785 787
787 788
788 789
789 790
788 791
787 792
789 793
790 794
794 795
794 796
793 797
797 798
798 799
796 800
797 801
801 802
802 803
803 804
803 805
804 806
804 807
806 808
806 809
809 810
810 811
808 812
811 813
813 814
811 815
815 816
812 817
817 818
816 819
815 820
817 821
820 822
820 823
821 824
824 825
821 826
824 827
826 828
826 829
827 830
830 831
829 832
831 833
830 834
834 835
833 836
833 837
837 838
836 839
836 840
839 841
839 842
840 843
842 844
844 845
842 846
845 847
847 848
844 849
848 850
849 851
851 852
851 853
851 854
851 855
852 856
852 857
854 858
858 859
857 860
858 861
860 862
859 863
862 864
861 865
863 866
865 867
865 868
868 869
869 870
870 871
868 872
868 873
873 874
873 875
871 876
873 877
876 878
878 879
878 880
878 881
877 882
880 883
880 884
884 885
884 886
884 887
887 888
887 889
889 890
890 891
891 892
892 893
893 894
894 895
891 896
892 897
894 898
895 899
896 900
897 901
897 902
899 903
903 904
904 905
902 906
906 907
906 908
908 909
905 910
908 911
910 912
909 913
912 914
911 915
911 916
915 917
914 918
916 919
915 920
919 921
921 922
920 923
920 924
924 925
925 926
926 927
927 928
927 929
929 930
929 931
931 932
930 933
930 934
930 935
934 936
932 937
937 938
936 939
937 940
940 941
941 942
938 943
939 944
943 945
945 946
946 947
947 948
946 949
948 950
947 951
951 952
951 953
952 954
950 955
951 956
954 957
956 958
954 959
955 960
960 961
958 962
960 963
961 964
963 965
961 966
964 967
967 968
967 969
965 970
966 971
967 972
971 973
973 974
973 975
975 976
973 977
977 978
978 979
976 980
980 981
981 982
982 983
981 984
983 985
985 986
986 987
985 988
985 989
988 990
986 991
991 992
991 993
993 994
990 995
995 996
993 997
997 998
994 999
995 1000
0 0
0 2
1 5
6 1
9 5
0 6
0 0
8 2
8 0
9 6
2 4
5 0
6 4
0 0
5 0
4 0
7 0
0 4
5 0
4 2
0 0
0 0
6 8
9 2
2 4
4 0
2 7
6 0
4 0
9 3
7 9
5 4
5 8
4 0
5 0
0 0
5 9
6 4
6 2
6 0
6 0
8 8
1 8
4 4
4 2
5 9
5 8
0 4
8 7
0 6
0 4
6 0
6 5
5 8
9 6
6 0
0 0
0 0
0 0
0 9
6 2
2 3
8 6
8 5
9 9
0 5
3 5
2 1
9 5
6 8
2 6
8 2
0 3
8 2
0 8
2 5
9 3
8 5
8 6
6 5
8 1
8 2
8 0
5 5
6 3
8 0
4 4
8 0
4 7
5 0
0 4
0 4
0 9
4 6
0 0
4 0
0 0
8 6
1 8
9 4
7 8
0 0
8 4
6 2
8 4
6 0
0 8
8 0
8 6
2 2
0 0
0 7
5 0
1 0
4 0
0 6
4 0
5 2
0 2
7 0
5 4
2 4
5 4
6 5
0 1
0 4
9 0
5 0
2 9
4 0
6 7
4 0
2 8
0 8
6 6
0 0
2 0
3 0
8 2
0 8
0 0
7 5
8 4
0 3
8 2
4 2
0 4
0 6
0 8
0 5
8 0
9 3
9 3
8 0
8 6
1 6
2 4
0 0
2 0
0 0
3 8
6 9
6 6
9 3
8 0
0 4
8 8
0 5
8 6
4 8
2 3
7 4
5 2
6 2
2 4
8 4
1 9
0 0
0 6
0 0
5 4
8 0
6 8
2 0
4 6
0 8
3 8
1 0
0 0
9 6
6 7
0 0
2 7
4 2
2 1
6 8
8 9
5 0
0 2
8 5
6 2
8 4
5 2
3 2
7 4
6 8
4 2
7 0
5 4
5 0
4 2
2 2
6 8
8 2
0 2
8 5
2 8
0 0
6 6
4 4
2 5
5 2
0 0
1 4
2 8
6 9
1 4
4 6
8 8
3 5
8 0
0 2
6 4
8 0
0 1
8 2
4 0
0 4
8 6
4 1
0 0
0 9
8 0
1 1
2 4
4 2
8 8
5 6
7 4
8 0
4 8
2 6
0 0
3 2
0 5
4 0
0 5
6 4
0 4
3 8
5 0
6 9
6 1
2 4
2 7
6 0
0 0
4 0
2 7
0 4
7 9
4 0
6 2
0 0
4 3
4 2
6 4
8 8
0 8
2 7
8 6
5 8
7 2
4 8
0 2
6 0
6 0
5 5
0 0
3 6
6 8
7 6
2 2
0 6
0 0
2 4
5 7
5 4
0 0
7 7
5 8
0 6
3 3
4 9
4 2
0 4
8 0
0 4
6 6
0 6
0 0
6 0
1 6
8 5
0 9
2 0
8 6
6 0
4 4
0 2
2 3
0 6
6 6
5 0
5 0
5 0
6 6
6 8
8 0
7 0
0 5
6 9
2 0
8 4
1 4
2 0
2 2
8 4
1 6
0 7
8 0
2 0
8 0
2 8
9 0
7 9
0 6
0 0
0 0
4 9
4 0
0 0
6 6
2 0
2 8
6 5
4 2
9 8
0 7
6 9
1 6
0 0
6 8
8 4
8 4
0 4
6 4
0 4
7 2
8 0
6 0
0 7
8 3
0 5
2 8
8 8
6 0
0 5
6 0
5 0
3 6
8 4
9 4
0 3
7 7
4 2
2 0
8 0
0 0
8 4
4 4
0 3
6 4
2 4
9 7
6 0
0 0
0 8
0 0
0 0
0 0
4 0
3 0
9 2
3 7
4 6
4 4
4 0
0 9
4 7
4 4
2 7
0 0
8 3
6 6
2 8
2 4
2 1
4 7
0 5
0 0
0 2
2 8
6 8
9 6
0 0
1 8
2 4
4 8
7 1
4 0
0 2
2 4
4 2
6 4
6 8
3 0
0 4
2 0
5 0
1 0
3 3
4 2
0 6
4 3
7 6
0 2
0 0
6 1
0 7
0 0
1 8
4 2
0 9
4 4
5 0
6 4
6 0
6 0
5 2
7 4
0 8
4 6
1 4
4 0
8 2
2 4
8 7
2 0
0 8
8 6
5 0
6 4
0 5
2 0
0 5
0 6
4 4
2 4
3 2
7 0
5 5
8 5
8 0
0 1
8 0
6 6
0 0
0 5
0 3
0 0
0 0
0 0
7 2
2 8
8 6
2 6
5 1
5 0
0 0
2 8
4 0
4 4
0 6
4 5
9 3
9 4
2 4
8 0
4 5
6 8
1 4
0 7
2 6
5 5
0 2
6 8
4 0
0 8
5 4
2 8
0 9
4 6
6 5
6 8
4 0
7 5
6 0
2 2
4 6
8 0
0 0
8 6
8 5
6 4
2 2
8 6
6 3
6 1
2 6
6 9
7 8
6 5
2 2
2 6
8 4
0 1
0 9
8 0
0 0
0 2
0 2
4 9
5 4
6 0
1 8
7 5
0 3
4 1
5 0
4 0
8 8
0 4
5 2
6 0
0 5
0 4
5 8
4 7
4 5
0 6
6 2
9 1
0 6
6 0
6 8
2 2
6 6
1 5
6 8
4 6
0 0
2 8
4 0
9 4
6 0
2 2
5 2
6 4
5 3
5 0
6 2
0 4
5 5
4 5
6 4
2 2
4 6
8 0
3 0
0 4
0 5
8 2
8 6
0 2
6 6
8 0
5 5
6 8
4 8
1 1
6 2
4 2
4 8
2 6
0 2
4 0
5 5
0 7
4 2
0 6
4 3
6 0
5 4
8 2
4 0
7 9
2 7
0 6
0 6
0 0
0 6
0 8
6 3
6 7
4 1
0 4
8 7
1 4
4 8
0 2
8 4
0 5
4 2
2 7
2 8
6 9
8 6
7 1
7 1
0 0
2 6
6 2
0 3
6 6
0 6
0 0
0 0
2 2
6 0
8 0
7 3
2 2
0 0
0 0
2 9
3 0
4 0
8 9
0 2
8 0
4 0
2 6
5 4
2 0
4 8
5 7
0 6
0 4
4 6
4 6
4 0
2 5
3 2
2 0
8 8
4 0
4 0
4 4
2 0
0 4
0 2
4 7
0 0
0 0
4 0
3 0
2 7
3 8
4 5
0 2
6 2
3 6
5 9
7 0
2 3
5 5
0 4
8 8
2 6
0 8
4 6
4 0
0 2
9 8
0 6
0 0
2 6
2 3
0 5
8 5
6 0
2 7
1 5
0 9
7 7
4 4
4 6
3 2
0 7
4 2
0 1
5 8
2 0
2 7
4 2
4 8
4 5
1 0
7 2
5 0
2 7
8 5
6 3
4 3
0 9
6 0
0 1
2 9
8 0
0 2
2 8
2 4
8 5
0 7
4 6
6 2
4 0
8 0
8 0
0 8
8 5
0 0
8 0
7 6
5 6
4 0
6 0
0 6
4 1
8 0
0 8
8 0
6 7
2 0
2 5
6 2
0 5
0 5
0 7
3 0
2 3
7 8
0 9
9 0
6 0
0 2
6 0
0 8
1 2
2 8
4 8
8 6
8 1
1 0
6 6
0 8
0 2
0 9
5 8
5 3
9 4
9 6
3 0
6 0
2 2
2 6
4 2
4 4
2 2
8 4
2 2
0 0
2 0
4 0
0 6
0 9
4 4
6 4
4 4
6 6
0 0
0 6
4 0
7 8
2 5
0 0
6 0
5 9
4 0
8 6
8 0
4 8
2 8
4 0
6 6
4 5
0 4
8 4
2 0
2 5
4 4
9 7
0 0
2 0
2 8
9 8
5 2
3 5
4 5
1 4
2 8
5 2
9 2
6 0
0 4
2 1
6 5
7 3
9 8
6 6
5 9
8 0
5 2
0 7
1 0
6 0
0 6
2 6
6 4
5 6
4 0
6 6
1 9
8 8
0 6
5 6
9 0
4 3
8 3
8 2
3 8
0 6
5 8
5 0
0 8
0 4
2 0
1 0
2 6
0 0
0 5
0 1
0 2
9 9
0 6
2 6
2 0
2 0
5 0
5 8
4 2
5 8
4 0
0 5
5 7
0 6
9 6
3 0
0 0
0 2
3 2
6 2
8 0
2 8
0 0
4 2
8 0
0 2
6 0
5 8
0 1
4 2
0 2
3 8
5 6
2 0
2 5
6 9
0 4
0 5
7 4
0 0
8 0
2 4
8 3
2 0
2 6
9 6
8 0
4 7
3 4
3 2
8 9
5 5
6 0
8 0
8 7
6 4
6 3
0 2
4 8
0 0
2 2
2 5
4 5
1 0
0 5
8 5
0 4
1 4
0 1
0 8
7 4
7 6
4 0
0 0
0 5
0 8
6 0
2 6
6 5
0 3
4 2
0 0
8 0
2 3
5 0
0 0
4 2
5 2
2 0
0 6
4 0
2 2
5 5
0 6
0 0
4 7
2 7
4 2
6 8
4 5
9 0
8 1
6 2
3 6
2 6
5 0
7 9
