100
1 2
1 3
1 4
3 5
4 6
1 7
2 8
1 9
6 10
1 11
1 12
1 13
7 14
11 15
7 16
6 17
6 18
10 19
2 20
9 21
1 22
4 23
8 24
17 25
11 26
1 27
22 28
17 29
29 30
1 31
28 32
25 33
29 34
30 35
6 36
23 37
1 38
11 39
14 40
1 41
15 42
5 43
33 44
41 45
15 46
19 47
22 48
43 49
26 50
9 51
6 52
49 53
28 54
1 55
52 56
25 57
54 58
39 59
26 60
9 61
18 62
53 63
7 64
35 65
22 66
49 67
8 68
51 69
17 70
24 71
10 72
37 73
15 74
47 75
29 76
53 77
24 78
25 79
6 80
47 81
64 82
70 83
49 84
11 85
67 86
49 87
64 88
7 89
56 90
13 91
70 92
85 93
58 94
68 95
51 96
73 97
97 98
66 99
86 100
0 0
1 0
0 1
1 1
0 0
0 0
0 1
0 0
1 1
0 0
0 0
0 0
0 0
0 0
0 0
0 1
0 0
0 0
1 0
0 0
0 0
0 0
1 0
1 0
0 0
0 0
1 1
1 0
0 0
0 0
1 0
0 0
1 0
0 0
0 0
1 0
0 0
0 0
0 0
0 0
1 0
0 0
0 0
0 0
0 0
0 1
0 0
1 0
0 0
0 1
0 0
0 0
0 0
0 0
1 0
0 0
0 0
0 0
0 0
0 0
0 0
1 1
1 0
1 0
0 0
0 1
0 0
0 0
1 0
0 0
0 0
0 0
0 1
0 1
0 0
0 0
0 1
0 0
0 1
0 0
0 0
0 0
1 0
1 1
1 1
0 0
0 0
0 1
0 1
0 0
0 0
0 1
0 1
0 1
0 0
0 0
1 0
0 0
0 0
2 1
