866084
658406
140329
870166
456562
35192
584397
607968
218060
885393
696570
169073
413721
630560
725929
875444
81122
613806
367980
845097
868913
341706
752107
970708
609086
148025
754724
119986
45707
332343
43318
692250
599279
543858
24631
723038
722790
52733
513828
635003
551130
204368
891141
30925
451742
609786
265655
572501
211299
432367
695152
211828
841765
35817
307030
595455
538392
127171
357415
309215
181190
266851
787407
73152
728675
56697
689356
652200
584320
37749
883439
478667
953743
724444
343415
568642
739202
27609
115774
983152
66391
809237
231558
522902
343335
59252
509328
505867
539665
837316
102312
218481
309420
653984
883604
567611
186994
329793
156723
24180
113306
663284
637575
798903
845982
634596
228262
905801
813557
257740
735702
20429
100752
272666
514737
374874
555550
460650
914984
872444
159439
713412
102706
760983
679490
199521
116697
994462
572247
892398
76
234106
438148
973807
262516
504906
123916
464039
333357
421246
854119
243456
874169
658618
255908
894923
943408
447090
819919
276114
760359
340973
604961
248016
707364
398887
413561
566766
908624
82409
328343
559396
888764
146713
376309
80257
108490
488632
43923
197697
182859
13322
247145
778869
233891
934225
366250
920306
798906
357886
170771
981929
20475
373677
225267
908833
258432
769990
902711
122908
580886
730797
77911
206430
442695
967265
856952
108737
642347
245390
521540
851893
974958
385798
296986
877611
556524
278035
94564
422786
533576
783163
579306
779571
622043
464717
229329
206831
61145
564400
747299
732740
156022
325955
608897
95661
820664
558121
739923
360486
971005
165056
179572
822506
825662
918147
610286
358375
233743
113894
480987
527271
547444
644707
99227
260294
692574
757186
823358
991131
783777
975984
716799
710652
354877
265322
428558
749343
852410
27620
694328
9587
773215
343640
20164
546331
924745
122519
405153
675400
226778
238814
117056
938861
4593
29192
511994
693381
132813
677917
54523
323918
168133
419609
513120
680323
519549
263282
26591
789419
99689
73275
955598
292048
455072
935525
853295
521021
492495
557471
599779
929276
383899
552873
161542
745957
653493
226700
257592
690247
210341
516969
591332
36147
281570
89326
515613
339746
920129
732040
178899
520446
43640
650619
143287
934863
862708
154973
48190
912964
815350
484850
952383
652722
16278
711695
88064
801778
618294
756247
966395
524289
413619
834218
62938
574201
837241
360963
127873
223880
92974
561580
942954
478167
852727
817258
252181
127367
507688
111567
230772
646035
103691
343673
860912
898379
947900
867654
412692
43452
407518
410141
253453
597483
678017
422863
150654
181490
480188
254335
137225
757319
644080
437368
865626
332618
17109
965638
567435
584636
576707
605605
238903
242642
464788
711062
893366
396427
476219
594360
312012
563074
790164
937014
216253
46255
122488
769556
984518
10681
523679
59287
495895
638982
275673
35985
795523
806257
372392
836664
884648
543179
70642
682022
480581
487989
617448
901272
883601
584094
386115
550062
371188
31999
491315
498109
415993
245190
517944
157013
798861
661058
174979
369151
633364
483934
232762
830568
326316
483818
762286
316457
295295
859895
349242
946319
524503
581269
602555
429199
967952
650471
985063
567477
883396
628397
714311
376403
687015
963657
615565
903940
644172
830789
679207
882381
160744
61174
225551
786822
456724
736224
209812
335195
349125
700356
254998
837178
875010
796053
619200
494876
164669
275853
757443
39038
497492
635789
334110
55231
580325
646401
57538
978523
894901
233039
247283
514611
741858
947299
466511
630324
339868
579080
792693
86387
782539
248337
711688
450680
695739
508822
782115
844245
888931
118275
324975
226240
169030
705918
12157
953077
355063
647084
852646
22563
241292
961083
333519
196871
878676
923441
903028
117363
226298
622108
190276
874920
238325
631022
118261
588503
141391
774472
591123
3056
33619
777809
576162
96300
743120
47670
610566
281668
201092
90468
258958
365281
608559
46526
672614
17313
604776
159011
195458
722844
892543
344938
372784
888391
926145
505015
71317
593940
97888
844466
446133
102057
958875
118171
408712
951860
394443
473849
122132
463001
639221
373831
471683
999562
159249
882295
25540
541798
159395
467261
526496
483460
646285
224245
355571
99499
931932
544596
151068
140282
639974
913254
0