100 192
2 1 485
3 1 812
4 3 745
4 14 583
4 31 465
4 65 914
5 4 288
6 2 187
6 19 473
6 63 56
7 5 949
8 2 292
9 6 928
9 88 628
10 9 872
10 22 136
10 68 61
11 5 706
11 9 480
11 16 917
12 8 34
12 81 60
13 4 178
13 17 444
13 75 874
13 83 458
14 3 524
14 5 395
14 50 323
15 2 150
15 24 607
16 7 714
16 46 262
16 62 297
17 3 264
17 16 304
17 36 669
18 3 188
18 4 518
18 30 766
18 70 856
19 10 737
19 64 921
20 15 323
20 72 113
20 87 724
21 1 668
21 58 114
22 6 994
23 4 444
23 82 459
24 7 342
25 21 623
25 23 639
25 70 264
26 1 50
27 26 552
27 35 398
28 11 416
28 26 452
28 71 23
29 18 658
30 10 461
30 24 722
30 43 355
31 7 346
31 12 300
31 30 252
31 81 862
32 14 231
32 53 224
33 15 854
34 26 639
34 31 988
35 7 673
35 78 87
35 94 557
36 10 65
37 18 48
38 31 502
38 34 895
38 53 132
39 8 845
40 26 635
40 61 546
41 6 858
41 36 107
41 39 418
41 56 177
41 86 902
42 2 963
43 2 136
43 67 922
44 37 192
45 9 197
45 22 850
45 25 174
46 21 1000
46 66 192
47 8 931
48 9 782
49 24 489
50 44 627
50 68 667
51 14 669
52 27 571
53 4 545
54 20 223
54 32 23
54 90 193
55 48 725
56 51 99
57 36 221
58 19 406
58 80 154
59 50 445
60 42 213
61 17 185
62 1 405
62 41 487
63 51 840
64 8 92
64 28 539
65 7 548
66 51 120
67 7 212
67 34 628
67 81 340
68 62 669
68 97 606
69 37 904
70 12 285
70 69 614
71 24 493
71 55 221
72 13 414
72 21 435
72 99 756
73 12 203
73 40 866
74 13 198
74 94 896
75 61 726
76 17 544
76 31 336
77 2 458
77 28 722
78 26 54
79 12 446
79 28 136
80 46 930
80 54 163
81 19 914
81 56 875
81 94 153
81 95 179
82 11 901
83 76 339
84 17 99
84 69 661
85 63 593
86 23 406
87 9 876
88 12 501
88 24 658
89 73 616
90 8 105
90 57 902
91 27 52
91 48 559
91 49 355
92 10 378
93 79 529
94 29 711
94 34 521
94 77 441
95 4 561
95 23 46
95 42 474
95 75 405
96 41 730
96 50 799
96 58 141
96 82 953
97 61 838
98 21 679
98 89 817
99 61 836
100 37 480
100 48 627
100 79 743
100 97 683
