100 192
2 1 980
3 2 294
4 1 110
4 20 475
5 4 92
5 92 847
6 3 2
7 4 667
7 33 306
8 5 906
8 33 576
8 92 338
9 6 543
9 46 467
10 4 32
10 8 958
11 9 284
12 11 590
13 10 314
14 13 937
15 2 341
16 5 959
16 53 627
16 54 231
17 9 972
18 5 802
18 57 932
18 62 922
18 63 345
19 1 925
19 55 836
20 19 387
20 89 595
21 4 370
21 9 879
21 82 260
21 94 856
22 6 582
23 15 237
24 19 51
24 23 325
25 21 420
25 23 656
25 71 79
26 17 201
26 51 8
26 81 828
27 6 272
27 58 259
28 3 706
29 25 847
29 58 737
30 16 646
31 15 157
31 27 546
32 29 390
33 21 59
33 26 846
33 39 594
34 3 489
34 11 619
34 45 240
34 80 234
35 31 516
36 24 247
37 20 805
38 7 472
38 54 135
38 89 53
39 4 352
39 24 43
39 98 705
40 20 28
41 26 16
42 13 580
43 11 473
43 84 72
44 11 235
44 25 700
44 94 461
45 38 993
46 31 405
47 31 313
47 77 909
48 7 907
48 61 207
48 75 213
49 42 696
50 35 107
51 23 126
51 83 527
52 41 551
53 8 569
53 56 481
54 7 855
54 35 257
55 3 371
55 20 751
55 69 253
55 70 481
55 90 272
56 7 922
56 27 999
56 67 610
57 14 929
58 5 323
59 2 640
59 6 758
60 12 803
61 18 241
62 2 514
62 13 273
62 98 998
63 41 468
63 95 53
64 3 945
64 53 700
65 57 254
65 79 468
66 59 325
66 65 802
67 44 311
67 52 877
68 6 672
68 14 247
68 66 583
69 13 256
70 14 474
70 58 596
70 96 461
71 15 664
71 22 149
71 93 104
72 13 644
72 16 944
72 67 841
73 14 19
73 18 517
73 84 205
74 6 799
74 27 661
74 44 668
75 32 797
76 3 437
76 60 88
77 23 333
77 61 85
78 20 125
79 22 561
79 23 115
79 90 803
80 51 18
81 68 153
81 83 501
82 23 299
82 43 35
82 79 673
83 2 578
83 36 542
84 34 969
85 48 393
86 1 53
86 18 864
86 27 57
87 20 284
88 17 444
88 22 107
88 60 103
89 33 533
89 64 8
89 98 7
90 5 241
90 14 220
91 42 395
92 26 372
92 28 272
92 31 6
93 52 151
93 91 22
94 50 842
95 25 896
95 96 888
96 36 32
96 54 96
97 8 398
97 96 531
98 2 203
98 74 415
99 10 860
99 33 685
100 22 787
100 53 726
