100 193
2 1 977
3 2 307
4 2 344
5 3 323
5 53 317
6 1 897
6 25 135
7 2 424
7 43 759
8 5 660
9 1 151
9 39 682
10 8 184
10 9 952
11 3 710
12 4 799
12 70 567
13 12 483
13 17 599
13 85 998
14 5 475
14 38 260
15 9 717
16 12 439
17 14 117
18 13 895
19 8 320
20 1 352
20 66 137
21 20 207
21 74 634
21 81 4
22 3 558
22 47 690
23 1 187
23 5 280
23 55 951
24 4 870
24 82 620
25 21 954
26 4 810
26 16 56
26 74 622
27 1 171
27 31 334
28 17 433
29 24 435
29 86 566
30 22 65
30 65 991
31 6 546
32 4 859
32 46 257
33 17 730
34 1 55
34 76 423
35 8 841
36 24 863
36 80 733
37 27 189
37 80 396
37 92 993
38 23 66
39 38 498
40 15 768
41 14 707
41 24 270
42 39 503
43 33 812
44 29 347
45 23 660
45 27 355
45 81 419
45 85 37
46 23 202
46 25 178
46 36 742
46 76 945
46 81 106
47 15 834
47 34 136
47 48 270
48 9 549
49 45 558
50 19 587
51 40 340
52 11 519
52 92 679
53 3 144
53 22 222
53 51 13
53 76 32
54 1 561
54 23 69
55 26 168
55 100 327
56 21 377
56 91 455
56 93 970
57 1 451
57 12 232
57 53 192
57 83 430
58 28 293
58 55 969
58 70 113
59 40 844
60 21 793
60 38 133
61 56 857
62 39 435
63 49 491
63 84 60
63 89 910
64 9 419
64 48 682
65 29 790
66 4 745
67 60 609
68 9 250
68 21 528
68 29 837
69 52 157
70 31 162
70 62 875
70 74 611
71 18 557
71 31 776
72 23 173
72 24 373
73 36 42
73 87 364
74 5 936
74 44 794
75 16 88
76 11 148
76 47 693
76 71 585
77 72 374
77 87 36
78 4 665
78 70 103
79 67 285
79 73 380
80 12 174
81 8 401
82 56 765
82 61 77
83 1 429
83 41 605
83 79 122
84 33 549
85 11 397
85 40 126
86 37 679
86 79 968
87 66 680
87 72 159
87 75 623
87 100 994
88 1 572
88 47 651
88 55 262
88 67 943
89 11 456
89 43 392
89 59 918
90 6 875
90 14 682
90 62 815
90 100 561
91 58 115
92 76 419
93 18 202
93 37 371
93 89 681
94 6 329
94 15 399
95 44 201
96 14 537
96 49 458
96 97 18
97 40 254
97 68 701
98 11 532
98 12 920
98 18 923
98 60 908
98 71 375
98 85 159
99 85 354
100 47 314
100 72 73
