1000 300
45.0
40
647 144 21 10
118 186 30 24
772 124 11 4
948 185 9 44
13 177 26 13
285 187 2 19
638 118 1 3
316 31 1 44
501 300 26 9
477 231 23 41
71 207 26 45
359 297 22 47
298 265 9 17
103 3 24 19
978 9 30 39
309 184 7 15
563 68 30 11
358 174 6 0
766 224 15 30
650 78 9 17
888 285 4 19
1000 218 4 0
998 107 20 19
412 93 20 19
617 253 16 39
675 149 11 9
82 275 18 46
191 205 6 49
432 94 24 42
42 300 25 23
572 95 21 31
397 186 8 17
939 128 30 13
415 281 23 23
862 38 14 37
251 239 10 16
676 260 30 29
667 137 1 10
92 111 7 29
819 39 23 4
