1000 800
80.0
60
760 386 3 12
214 300 23 26
767 674 26 31
775 761 18 20
34 519 27 10
482 272 9 41
131 217 24 14
121 227 14 46
837 299 3 8
102 618 27 42
460 196 26 3
169 669 2 29
429 114 11 19
615 336 30 14
243 12 21 11
729 106 17 9
276 6 26 11
182 775 21 22
342 120 9 26
168 736 12 15
547 587 1 49
480 16 24 14
947 230 24 13
388 381 16 36
440 389 20 20
639 95 3 0
399 575 21 37
232 599 20 9
542 435 1 28
149 636 21 49
483 709 7 45
918 171 11 14
769 228 3 2
749 197 17 38
63 385 2 2
255 766 29 44
843 291 16 3
918 557 30 45
555 435 3 7
637 189 30 0
463 233 10 6
53 65 1 24
599 712 2 0
568 580 28 14
309 73 21 43
672 659 10 1
741 12 21 33
180 485 29 13
3 339 11 46
662 68 3 13
407 410 4 49
445 39 17 45
358 33 9 45
198 640 26 48
11 96 20 46
883 600 21 44
640 486 12 10
865 739 24 25
458 217 4 35
954 456 19 44
