40
0 1504 4302 8038 4814 8453 4393 61 6936 9962 696 6599 938 7543 1466 9929 720 768 2496 6154 9979 1541 7829 5631 8714 8447 905 5587 701 6046 370 6037 7435 6428 7260 2578 6490 2896 2781 2166 
1504 0 4772 8113 8403 463 9634 1548 2491 1854 3322 3581 180 5715 8719 6096 5729 5047 6858 1913 9060 6045 9165 7904 703 9718 9917 9134 1878 9137 6869 3869 8909 8414 518 1797 3714 2002 4989 308 
4302 4772 0 4569 5416 5995 6174 3882 957 3845 2469 2182 4542 1971 3084 53 2233 3944 9668 2217 7556 4440 8344 503 3203 2135 6050 4911 3217 4987 8837 4483 4241 885 6977 2214 6943 9124 4219 713 
8038 8113 4569 0 1196 682 1040 7837 1108 7758 4237 4007 8505 5560 7694 5442 5955 1779 1681 14 2920 1756 520 4950 1144 9776 960 8097 7861 9484 6114 6973 7917 8875 2295 2319 8402 7836 8595 5371 
4814 8403 5416 1196 0 1891 8706 1550 572 6872 2815 9745 7941 6477 8491 5679 1821 9086 8479 4769 5221 6922 7261 3798 1473 1203 1228 3683 7424 4978 7194 3887 4875 7205 7198 8325 9497 4195 80 5112 
8453 463 5995 682 1891 0 8934 7000 2792 4989 4309 5838 6912 5776 1865 5158 8334 2692 3950 5430 600 6893 1061 261 4842 7058 9176 9921 1810 1387 9087 4886 3935 9829 6957 5480 7930 8914 7806 6212 
4393 9634 6174 1040 8706 8934 0 857 4002 6168 5913 5162 6315 618 7247 630 4591 1395 1708 3731 3690 2840 8685 7332 5017 4869 9699 6232 6091 195 1388 6500 9112 6522 3362 9086 856 5433 9488 656 
61 1548 3882 7837 1550 7000 857 0 8764 2176 3733 7141 549 3085 4123 7959 7173 9845 949 1377 1541 2323 7784 3985 7742 4176 6418 9751 8205 7966 9306 6625 8584 8999 5612 1159 2743 9594 9463 4116 
6936 2491 957 1108 572 2792 4002 8764 0 2663 8020 1482 2531 633 8799 7208 6194 3553 3620 8504 9038 1705 4552 6521 8368 6826 3798 7345 7439 6838 6702 3892 9322 7064 7222 160 2541 287 7597 6429 
9962 1854 3845 7758 6872 4989 6168 2176 2663 0 1447 493 6417 6504 6793 7631 1827 585 4490 3250 9071 9878 2997 9346 4101 1515 2331 5265 7471 4900 149 6 5235 3057 2886 9773 6059 5090 2406 3106 
696 3322 2469 4237 2815 4309 5913 3733 8020 1447 0 6281 8334 1138 8454 7119 1297 1173 1513 767 991 5280 2192 4581 736 318 3537 5075 7044 6004 7462 5959 6658 4516 4633 6927 7364 8895 8342 2408 
6599 3581 2182 4007 9745 5838 5162 7141 1482 493 6281 0 8643 708 4725 2016 782 9960 4152 6905 3517 2694 1154 8748 7818 4283 2710 563 6896 8848 7253 1110 5039 7800 9226 7059 5355 2956 6546 9673 
938 180 4542 8505 7941 6912 6315 549 2531 6417 8334 8643 0 36 2203 807 5197 9216 8184 2572 706 7033 2965 6599 9589 5975 4164 4336 3428 3116 495 3544 9463 4334 7212 7379 5375 5088 4412 7773 
7543 5715 1971 5560 6477 5776 618 3085 633 6504 1138 708 36 0 5600 8878 3666 481 5898 6950 951 1610 5389 5363 6351 7986 7783 8005 3489 6214 6013 6637 4170 7747 6999 1592 6196 9840 5757 9180 
1466 8719 3084 7694 8491 1865 7247 4123 8799 6793 8454 4725 2203 5600 0 4819 4704 568 4438 813 1725 3439 274 623 80 2559 6640 6557 1598 5974 5794 7507 6209 8212 2270 3145 4822 4053 8629 7081 
9929 6096 53 5442 5679 5158 630 7959 7208 7631 7119 2016 807 8878 4819 0 6983 6184 606 6945 3148 5952 7724 1857 3924 8919 7988 260 1109 9468 7744 3588 7890 1144 296 3724 8028 1977 9374 4733 
720 5729 2233 5955 1821 8334 4591 7173 6194 1827 1297 782 5197 3666 4704 6983 0 6390 6489 6057 1830 5654 8614 230 3048 6543 2237 178 1586 1427 8587 6408 9298 3642 2191 8296 4290 7361 9608 4647 
768 5047 3944 1779 9086 2692 1395 9845 3553 585 1173 9960 9216 481 568 6184 6390 0 8101 5364 7672 1764 432 4559 450 5125 1889 1585 6641 3253 7721 3348 1634 4877 8000 9834 942 2982 2240 9040 
2496 6858 9668 1681 8479 3950 1708 949 3620 4490 1513 4152 8184 5898 4438 606 6489 8101 0 4233 1834 8893 6367 1675 5577 2720 3321 6812 9497 5484 2864 2695 7549 7945 1259 481 2227 3618 8755 2226 
6154 1913 2217 14 4769 5430 3731 1377 8504 3250 767 6905 2572 6950 813 6945 6057 5364 4233 0 5398 7277 3947 2081 1161 3652 9171 2615 4349 4311 6758 5491 758 3174 8512 8196 7699 3650 3235 1065 
9979 9060 7556 2920 5221 600 3690 1541 9038 9071 991 3517 706 951 1725 3148 1830 7672 1834 5398 0 5965 2841 9655 1293 6807 808 4602 3186 14 5344 8769 6334 1691 5238 4902 5955 2832 7498 5771 
1541 6045 4440 1756 6922 6893 2840 2323 1705 9878 5280 2694 7033 1610 3439 5952 5654 1764 8893 7277 5965 0 2104 2265 6485 1757 6993 92 5457 400 2110 189 3460 2756 9380 2878 3056 3909 3080 1355 
7829 9165 8344 520 7261 1061 8685 7784 4552 2997 2192 1154 2965 5389 274 7724 8614 432 6367 3947 2841 2104 0 6847 7466 1713 7976 3270 6400 1586 8987 4626 5068 6286 8794 2811 9762 8787 7375 728 
5631 7904 503 4950 3798 261 7332 3985 6521 9346 4581 8748 6599 5363 623 1857 230 4559 1675 2081 9655 2265 6847 0 7621 5403 6907 9837 6257 3301 6230 6813 8945 5806 4218 4794 2707 2200 5664 7169 
8714 703 3203 1144 1473 4842 5017 7742 8368 4101 736 7818 9589 6351 80 3924 3048 450 5577 1161 1293 6485 7466 7621 0 9138 1242 5761 4384 328 134 1794 6742 4708 3139 3110 8649 175 6575 2977 
8447 9718 2135 9776 1203 7058 4869 4176 6826 1515 318 4283 5975 7986 2559 8919 6543 5125 2720 3652 6807 1757 1713 5403 9138 0 2289 4337 9416 8426 1189 4216 1189 6659 6651 266 1420 9126 2504 2032 
905 9917 6050 960 1228 9176 9699 6418 3798 2331 3537 2710 4164 7783 6640 7988 2237 1889 3321 9171 808 6993 7976 6907 1242 2289 0 7329 6861 6162 5310 8984 3173 6453 3141 3661 2282 1171 5491 3604 
5587 9134 4911 8097 3683 9921 6232 9751 7345 5265 5075 563 4336 8005 6557 260 178 1585 6812 2615 4602 92 3270 9837 5761 4337 7329 0 4996 9849 4949 3909 5028 9695 8302 9758 2033 5173 6319 4721 
701 1878 3217 7861 7424 1810 6091 8205 7439 7471 7044 6896 3428 3489 1598 1109 1586 6641 9497 4349 3186 5457 6400 6257 4384 9416 6861 4996 0 9972 4199 6592 4332 1897 6412 6777 1673 4731 1497 8080 
6046 9137 4987 9484 4978 1387 195 7966 6838 4900 6004 8848 3116 6214 5974 9468 1427 3253 5484 4311 14 400 1586 3301 328 8426 6162 9849 9972 0 4179 171 8025 1332 3382 271 5777 491 1809 8826 
370 6869 8837 6114 7194 9087 1388 9306 6702 149 7462 7253 495 6013 5794 7744 8587 7721 2864 6758 5344 2110 8987 6230 134 1189 5310 4949 4199 4179 0 7031 927 3760 2140 4758 2316 9188 5264 8228 
6037 3869 4483 6973 3887 4886 6500 6625 3892 6 5959 1110 3544 6637 7507 3588 6408 3348 2695 5491 8769 189 4626 6813 1794 4216 8984 3909 6592 171 7031 0 8510 2379 2320 8963 9200 9680 1982 2529 
7435 8909 4241 7917 4875 3935 9112 8584 9322 5235 6658 5039 9463 4170 6209 7890 9298 1634 7549 758 6334 3460 5068 8945 6742 1189 3173 5028 4332 8025 927 8510 0 738 2970 1714 4124 5953 8103 6871 
6428 8414 885 8875 7205 9829 6522 8999 7064 3057 4516 7800 4334 7747 8212 1144 3642 4877 7945 3174 1691 2756 6286 5806 4708 6659 6453 9695 1897 1332 3760 2379 738 0 8429 5299 43 3242 6707 4190 
7260 518 6977 2295 7198 6957 3362 5612 7222 2886 4633 9226 7212 6999 2270 296 2191 8000 1259 8512 5238 9380 8794 4218 3139 6651 3141 8302 6412 3382 2140 2320 2970 8429 0 8907 4131 6594 3860 3633 
2578 1797 2214 2319 8325 5480 9086 1159 160 9773 6927 7059 7379 1592 3145 3724 8296 9834 481 8196 4902 2878 2811 4794 3110 266 3661 9758 6777 271 4758 8963 1714 5299 8907 0 5580 2569 5588 2493 
6490 3714 6943 8402 9497 7930 856 2743 2541 6059 7364 5355 5375 6196 4822 8028 4290 942 2227 7699 5955 3056 9762 2707 8649 1420 2282 2033 1673 5777 2316 9200 4124 43 4131 5580 0 5813 7573 642 
2896 2002 9124 7836 4195 8914 5433 9594 287 5090 8895 2956 5088 9840 4053 1977 7361 2982 3618 3650 2832 3909 8787 2200 175 9126 1171 5173 4731 491 9188 9680 5953 3242 6594 2569 5813 0 2174 7511 
2781 4989 4219 8595 80 7806 9488 9463 7597 2406 8342 6546 4412 5757 8629 9374 9608 2240 8755 3235 7498 3080 7375 5664 6575 2504 5491 6319 1497 1809 5264 1982 8103 6707 3860 5588 7573 2174 0 8729 
2166 308 713 5371 5112 6212 656 4116 6429 3106 2408 9673 7773 9180 7081 4733 4647 9040 2226 1065 5771 1355 728 7169 2977 2032 3604 4721 8080 8826 8228 2529 6871 4190 3633 2493 642 7511 8729 0 
