80
498
1275 533
1851 859 976
262 1382 847 51
738 331 1739 1763 126
237 314 911 451 921 1642
166 1183 1778 419 1122 347 695
438 15 995 1818 284 587 1405 1876
1856 1058 1822 1298 802 684 1109 826 463
1858 1138 848 1427 233 1269 1175 1269 1825 1765
1469 1595 583 1473 1059 1960 365 1637 1341 768 1828
160 498 1749 1159 1186 757 1097 150 1319 888 864 1565
352 1183 720 277 815 622 645 1144 1222 441 1677 1080 334
839 280 1315 292 16 454 282 963 1292 158 130 349 492 1152
303 386 347 1851 178 1991 1108 1278 1219 1706 1101 718 1611 756 1444
162 859 1899 1631 1136 298 1886 1227 6 13 1885 1363 358 1100 717 269
1544 776 230 1568 988 274 686 521 341 12 466 1985 91 999 971 258 1707
1943 43 1566 923 33 1752 387 243 1865 904 1346 1282 1482 1096 886 7 986 1682
1443 498 1709 1471 1352 1308 393 1526 173 1026 1360 1882 1695 123 140 1549 1302 688 516
1630 942 141 1466 1902 1411 1520 968 1704 168 1430 130 476 1400 1257 1623 1790 1561 1731 879
1222 101 1439 1028 905 1600 376 1038 104 31 138 1027 1664 366 830 1224 670 1256 1314 1533 162
977 1858 1185 1254 1394 801 434 1490 1141 1321 768 1798 1733 903 617 867 847 592 4 304 1475 1634
126 406 169 1599 328 904 111 568 1433 1499 1201 493 913 1563 1914 1318 1844 826 114 1943 141 1403 564
648 1025 1999 1342 49 190 1648 1888 196 1655 814 1889 1892 747 205 737 837 1204 147 1763 1694 1852 1857 1979
1656 835 460 535 1619 1859 91 1621 1558 1427 1937 22 1185 526 545 55 1498 736 252 1096 1309 1235 83 1428 1336
1665 1949 616 975 326 1497 1139 1317 1670 1457 490 528 1563 1825 1463 176 1284 1726 856 1591 1726 307 1292 1871 1774 490
1391 1606 1325 1953 6 935 1915 151 743 1006 437 748 1477 460 1894 1292 96 1005 1678 473 180 700 335 1816 843 17 283
1153 1446 301 454 1705 406 698 1329 1135 1829 160 1335 1405 161 1615 71 784 1605 1900 333 1844 1500 1541 1408 1808 1392 983 601
63 15 367 472 210 896 432 1742 479 1807 652 344 856 1781 1192 1586 1772 1915 1785 892 1682 668 1110 1094 1400 883 782 739 1512
252 537 385 1729 1434 1703 350 1509 552 564 1886 1801 1287 1694 246 251 281 1871 611 717 84 1654 348 429 340 215 1566 650 454 1533
439 1170 1442 528 270 1483 1193 242 1754 1989 1856 1652 415 1067 573 205 1693 359 1278 1692 636 1111 1777 519 1668 915 830 1 418 694 457
752 57 276 1178 1779 1123 1400 417 1359 303 1493 779 1308 140 78 1423 724 126 126 252 1806 165 1233 1134 832 1860 1939 875 1907 1601 1037 1163
1557 1921 229 1205 769 88 960 1262 1582 1398 774 1825 1801 1152 1042 1625 1945 1763 404 214 1019 1985 767 1326 201 1715 1203 1744 31 347 1588 879 1219
1144 335 800 1635 593 1053 915 599 219 1487 29 55 823 572 999 717 1607 1952 1707 1797 1165 804 557 1389 1806 1319 1237 1124 1170 666 1938 1166 1617 1804
772 167 347 1971 1595 1252 1730 197 957 1652 1809 1690 1398 48 1440 1434 805 258 1053 1840 61 319 485 1802 1687 595 1865 993 709 984 14 1755 1460 1813 1340
1414 552 1540 675 372 708 827 44 1822 703 1101 1828 1423 1113 178 1282 1779 103 66 1888 1075 1957 511 1507 1700 1589 413 1791 1213 736 1678 1844 488 66 617 1578
388 1908 475 744 800 828 1193 114 394 1769 991 1761 1930 1980 864 1930 467 1441 1591 453 322 1007 1351 1182 1107 2000 523 410 1707 1450 796 745 1527 1719 145 409 864
1718 1802 427 732 1438 1784 685 1008 20 102 308 213 64 1215 342 801 1426 1850 1206 274 187 764 1873 988 1048 1543 265 1978 1831 43 815 658 1350 558 1674 727 322 1303
528 1136 1581 326 500 1455 284 1415 94 1486 1335 122 1661 1457 1762 474 1348 1656 233 1482 7 835 467 1031 1025 1235 1731 1249 1544 574 149 1949 46 1840 1055 1238 1766 240 1087
882 1910 1131 1260 531 1126 1306 719 1382 230 443 1412 393 1620 98 381 627 1380 51 900 1819 508 375 181 1779 274 57 1862 1696 1147 1521 1994 963 1271 898 1753 1600 963 375 587
874 197 1487 23 1214 537 676 857 1005 1501 972 926 369 1817 140 1211 506 532 126 456 1714 1464 1160 1056 1660 941 353 1402 7 1315 1126 423 1992 1208 330 534 35 1968 380 1711 998
294 267 1913 1155 1504 1783 1563 1501 419 1793 321 463 1322 1922 853 1632 966 1469 822 588 1104 1928 817 1433 1503 1923 444 107 910 1930 1292 91 1944 613 1991 590 384 1125 1092 1790 1816 213
1972 270 1103 1479 499 194 670 627 662 332 36 1054 1890 1552 1604 622 285 1833 136 952 477 427 1916 1092 1325 1244 52 1893 1184 54 883 1945 956 619 975 412 1638 1318 661 613 1601 388 597
686 1294 359 312 190 1619 776 203 1979 677 808 960 1194 110 1840 885 1721 758 634 65 953 1850 148 884 205 446 1631 827 617 350 59 54 908 212 1522 711 1795 1039 1652 1448 448 1832 687 1104
814 572 1262 40 149 262 1522 86 611 264 653 559 1248 1630 417 338 240 1652 804 455 1716 1359 362 167 12 170 336 1992 703 416 178 1658 253 968 547 1458 623 1677 372 1951 1695 839 1086 1508 841
427 1617 1646 1485 278 240 631 1006 982 1860 326 822 1669 1857 1733 1997 1431 49 1214 219 1589 889 1857 495 513 490 948 391 1245 1555 1024 1187 607 1827 481 764 1034 138 192 586 856 651 1115 1613 1221 403
353 484 413 1724 1645 1827 752 1638 741 1023 1814 839 643 288 187 1325 177 1395 470 300 1858 893 756 427 1532 167 290 1026 742 1179 1547 1315 1315 1230 1428 1284 104 595 811 301 392 1373 154 40 888 385 1397
816 1821 1482 849 944 72 1095 310 1192 1822 1366 124 934 1699 1719 395 1092 1862 203 1074 1466 1028 452 147 541 1874 615 1638 368 1812 1083 1641 1605 591 372 1105 325 697 1002 594 674 1019 1708 729 1979 755 840 547
1389 1021 278 478 1663 132 1730 1174 177 1032 1727 1902 1757 1827 192 716 425 902 1892 1134 1664 592 647 538 1270 1859 624 7 1421 965 1554 1815 1018 1597 1239 1301 1926 415 1167 338 1184 494 1593 115 1794 1626 928 1450 1167
952 778 1362 839 1895 475 1103 1534 1858 1449 1391 177 1660 279 1042 1945 177 1773 1734 959 155 1909 114 1694 1667 1001 974 1725 184 1912 1702 874 718 670 744 383 25 1332 1280 175 1315 1427 1846 820 457 842 104 1296 1131 1474
500 125 913 1507 1011 1995 741 648 711 450 756 1173 362 1750 1961 118 769 1488 1683 474 94 59 1311 1707 1867 1579 1251 472 1905 1349 610 844 851 1442 1530 1920 1567 530 686 1137 1086 527 880 145 1352 1153 220 574 1456 1999 853
1561 597 208 1705 1344 1482 341 221 1808 384 1542 543 1289 574 1585 130 1511 352 1900 1254 976 1393 170 372 1668 1625 1596 818 399 1355 419 796 661 1876 1801 1142 1301 250 646 1824 893 509 466 645 1123 1983 1885 115 1050 1967 862 977
580 455 1249 1334 1989 1164 751 859 859 1549 1907 57 246 1048 173 1043 444 1258 1692 801 1177 280 1871 408 1565 1928 328 172 1715 1045 329 1171 269 628 1289 145 762 986 1444 1226 127 1651 279 464 1198 1261 814 1615 1549 1130 334 174 1516
727 661 1108 740 1785 1558 267 1087 250 1369 1929 272 1798 1473 1466 1046 1137 1658 586 1281 1805 5 1122 801 1694 1372 1842 1295 16 1083 1243 173 1914 897 1802 1682 1466 874 1648 1156 277 1208 130 721 1384 640 242 1306 695 534 1386 307 685 213
421 747 1559 1650 1493 270 1600 104 1594 816 932 1798 1327 327 1411 233 844 318 1852 1228 1431 1657 333 1285 1697 1414 1768 366 1853 96 1500 688 29 1136 97 1608 1116 966 1096 1222 1091 521 1908 1737 302 1522 593 246 1665 1372 1734 966 270 1025 1126
1558 1336 648 1498 607 1998 445 1987 1869 898 471 581 1362 40 1782 1251 1915 1881 1768 1998 244 1127 1015 515 182 1203 1528 709 117 1870 678 1774 1267 946 1693 56 1865 1610 59 416 853 1260 1664 316 1185 378 1024 342 1318 391 446 1387 6 1983 1464 1213
1965 1830 400 1599 530 231 374 1821 1876 595 639 645 1903 263 548 1586 1393 629 32 637 1503 1021 903 176 224 1329 1847 1296 864 833 433 1251 176 1201 7 1256 213 136 1779 340 504 633 982 1498 1643 1310 427 831 1897 1798 1298 911 904 1642 1538 94 1081
1686 671 1973 1818 1422 391 1729 52 251 776 561 1328 1150 462 1937 1928 1690 1627 1882 1162 1884 1120 12 1430 845 1591 537 126 697 952 966 1993 734 1026 700 1023 1273 714 275 1486 1196 1540 428 195 1618 1902 747 579 678 882 93 1693 902 955 1524 1715 1126 1448
945 68 1422 1076 1194 720 23 423 1790 1789 1695 1683 1047 1029 1535 1538 1803 1288 667 1482 440 548 790 463 1459 1625 1061 1168 292 1129 1280 1811 1593 1783 1834 1747 713 678 1389 1781 584 585 1773 487 739 1885 46 416 1661 1239 204 492 213 1578 1500 1491 339 503 839
1900 1775 706 1225 28 1976 480 732 708 985 942 946 1424 1459 1035 377 1221 571 1917 789 223 1011 837 920 128 796 1071 565 496 123 1031 495 198 1958 135 165 1854 1615 1526 1695 1607 1008 240 1090 1085 1820 1917 158 885 298 1643 1107 1420 891 1025 283 1492 453 83 21
1410 1233 1065 71 16 1363 1764 579 1449 66 443 1085 2000 1308 958 499 1901 105 1169 1547 1385 205 238 1622 869 371 903 547 1592 974 1329 186 1576 1122 1621 1387 215 1038 595 232 1381 913 910 43 1349 1944 1138 132 415 1782 1884 755 1537 1108 1532 238 1840 553 1729 744 1344
1684 1179 1659 1738 274 869 49 561 567 287 169 624 1775 760 494 1022 505 477 1229 577 1350 309 1778 1057 353 13 140 11 568 914 688 1569 1439 1658 1322 52 204 135 1440 1726 62 1155 716 556 298 1985 1143 292 113 330 1310 1744 342 1850 390 574 1821 824 1795 1464 1582 29
975 993 624 450 335 75 1459 1904 725 1289 167 171 1479 964 164 733 1474 341 1418 1707 179 678 1318 1068 148 1618 1920 1764 950 687 789 798 981 251 1158 892 143 774 1618 1814 852 1736 58 962 1347 40 1081 1306 1757 255 605 1275 1919 1547 1873 1681 390 628 1592 1289 636 578 1415
1103 864 1882 489 1979 469 520 1288 661 550 457 1442 1812 489 382 793 165 1039 1027 1388 1357 895 1927 631 563 233 948 309 512 1161 435 718 982 1564 332 1598 363 1319 1091 111 397 327 1751 556 1662 358 995 1072 1925 1150 1556 1013 1932 1753 799 1249 1743 580 828 76 1200 118 1969 1987
628 801 1954 997 351 980 1673 757 130 475 821 171 108 1684 1290 1722 1359 701 648 258 636 1422 550 413 408 109 1427 1426 1779 379 1292 541 394 1077 1005 727 1907 20 854 931 125 1065 1777 1586 1402 482 1084 581 1395 1084 1013 1429 761 1108 974 1842 900 1286 807 1427 1328 99 925 1732 784
1675 1652 362 650 1288 633 1366 1801 1951 1636 633 453 45 600 1513 1117 474 1271 368 1254 304 1270 286 718 353 1938 1674 1586 713 1794 944 461 658 1964 1009 1857 1916 412 1827 1738 768 320 1676 828 951 468 419 1767 1825 1945 445 720 779 46 1526 518 1335 695 298 945 937 1232 1588 246 873 1920
1304 459 1314 1000 1111 1666 930 658 1609 746 1055 1724 1226 743 873 1465 562 1419 586 1314 374 110 39 1861 1958 455 769 979 1111 1113 1946 1402 1414 1047 1177 614 1046 476 1635 386 1857 1086 1497 1810 1897 1596 136 169 1152 1268 60 491 674 462 53 1123 1846 1821 1488 1179 989 193 285 201 1038 1863 1477
874 492 213 1862 144 376 1382 696 574 422 38 911 300 180 1840 1814 404 1300 1697 745 1076 1683 1407 1655 383 730 775 1079 12 1406 811 472 810 1337 79 370 1480 1656 1824 353 271 825 1934 1279 5 1142 365 746 1283 158 1097 1266 1221 1723 229 1110 1551 1871 303 299 439 1281 1446 698 855 505 433 1699
848 715 1258 1451 1562 1160 1306 101 1342 1064 1727 32 766 186 1096 546 1965 751 1963 978 45 1984 377 696 988 954 983 972 849 1948 789 172 1608 1104 1187 252 1514 1514 333 1019 271 506 469 1132 1897 1352 1288 1300 621 84 940 1661 1636 670 753 1804 1076 250 291 395 41 649 1817 1892 27 905 1771 301 1601
2 1350 458 660 1557 788 1786 1125 656 422 20 1408 1568 146 846 501 1561 1345 1936 23 523 1897 347 1082 626 1344 743 1277 730 1823 425 1702 774 847 1620 284 1838 539 14 307 129 401 982 1453 1583 1225 1498 1221 321 222 189 1057 661 1983 490 32 923 354 392 1437 1725 816 730 102 8 1472 494 823 500 1232
119 705 833 289 241 787 1038 476 1866 787 645 1608 438 1311 1082 388 766 358 1620 986 284 1492 1564 877 605 1495 1916 27 1845 1864 228 34 686 988 861 301 1637 348 1375 856 1478 594 259 1886 1341 1824 1733 606 1401 929 1824 536 1650 1333 454 791 720 978 739 1474 1224 900 1235 1768 578 1230 1339 1813 787 1981 565
1976 1146 442 921 1593 339 1544 95 1788 900 26 1677 1454 1497 1759 1133 1996 1025 57 750 928 958 1329 1268 913 942 914 423 1353 1092 437 1114 104 959 541 421 1424 1651 1321 1180 743 49 1331 350 1351 617 472 871 591 753 641 255 1660 161 457 1604 1605 1207 926 1299 609 1733 1373 54 166 292 1503 577 228 279 1916 1531
1933 1918 1936 46 989 1582 83 1469 1327 417 1048 1588 1101 723 1497 1050 1636 1079 1560 186 423 1673 1352 954 1741 1799 349 1241 1013 7 1992 1221 1478 1855 337 2000 290 745 109 1257 1614 1812 2 1116 833 1319 1565 1948 453 550 517 334 793 1655 1843 1909 1068 1413 506 296 941 1397 121 1856 1155 1490 437 475 331 241 972 1099 1516
14 632 1238 599 1403 1686 167 1161 1891 901 24 875 205 1222 1549 1039 354 1806 1655 1331 1796 779 572 396 736 1547 770 1344 1985 2000 390 1756 1379 475 384 295 1211 790 1109 520 1654 1227 568 980 1630 771 1034 1203 1116 488 1264 1659 1331 352 37 290 1787 380 1212 720 1675 1430 1054 1710 1547 1471 1013 1975 1762 1715 1709 946 672 1411
310 575 17 678 55 1768 1481 1198 1099 1556 909 1127 449 1581 1115 1060 1161 1003 788 401 1549 1413 1437 1970 1618 1848 852 1202 429 514 62 781 625 284 1234 39 833 1594 509 987 1168 810 219 1301 1540 671 1477 1114 1005 1896 585 963 862 1554 1249 726 723 282 1063 1902 1268 952 1218 66 1918 1888 932 853 124 200 540 1313 1509 1365 1733
978 570 1616 1910 1477 168 257 105 68 514 1481 467 901 880 1797 1755 369 1751 1646 1820 1404 1626 322 543 27 1211 1761 1198 40 192 1322 701 164 333 131 1732 489 1102 100 172 1578 554 1196 1853 60 677 1072 1070 1066 936 1638 1824 338 219 1679 1279 1375 1912 1108 1386 1438 1319 937 1158 775 1152 1586 542 1896 1291 596 1387 257 1564 1358 1453
179 730 942 1933 360 1415 1624 1472 1820 1196 1208 133 1617 573 1727 1291 184 1023 623 1916 632 882 1006 220 853 1251 72 137 1779 657 1282 592 1635 1687 398 48 525 1306 1961 1284 204 1088 1314 1882 377 72 1761 378 1361 1466 948 571 1463 910 1074 930 1918 528 11 586 723 1479 940 1877 1216 228 587 1901 1741 263 658 64 1254 1457 1558 1081 188
1821 11 1395 456 845 640 1500 900 154 128 1113 1057 1700 1052 682 574 203 959 1197 113 1064 813 759 97 1469 1381 894 138 897 658 68 489 1760 1933 372 1367 1385 578 1862 484 1062 164 1494 1642 376 991 152 1723 1537 623 1721 1924 936 536 671 1583 1637 1455 1140 1430 1032 487 962 1623 361 1637 619 393 1344 1801 1595 1660 1616 833 1079 451 1197 780
507 1468 719 1872 1900 655 617 1370 467 100 1016 1858 448 1113 519 76 1663 842 629 1893 727 244 1011 1502 1419 1782 1326 1441 1155 1667 1834 527 1038 12 1518 1304 1467 717 912 1090 1758 1453 1380 1225 746 574 1044 1610 1852 302 97 125 569 33 707 1034 837 107 1234 953 1289 883 990 1497 815 466 235 169 1435 925 657 1622 936 1354 39 1849 242 606 1327
433 993 1066 833 414 1299 1280 781 1900 132 1800 1916 1989 1331 1094 399 110 693 846 1701 379 99 505 719 1052 1175 1420 1833 1677 1426 1410 1117 1042 329 1105 1433 1497 1353 1911 1617 1766 367 1932 1476 824 1413 704 827 1942 1305 75 1280 496 1034 1085 1996 1620 430 1175 1131 315 1070 591 1195 1094 885 1294 1027 768 446 261 1629 449 1388 1481 1551 1391 1944 1522 71