25
330
113 1021
1882 1986 1006
649 275 1512 1931
1112 655 68 1605 108
1548 1948 1368 1175 307 1757
928 1781 452 1473 1564 735 1582
379 1641 1123 949 1319 1772 1505 297
1252 1478 575 49 581 1681 1012 1447 209
1884 745 1728 1807 1370 337 1938 1252 274 1719
1472 1711 873 1988 1938 1331 1920 491 1439 1014 1389
1901 860 242 1462 526 261 1411 98 1552 1968 1660 45
1441 1455 1654 615 212 1606 1287 84 814 467 777 1060 1313
1056 130 1646 116 346 426 1762 945 1013 907 462 775 27 331
581 477 697 1568 1569 352 1256 891 1855 1304 1580 1952 566 855 134
892 977 1720 1742 1565 502 1172 1277 345 596 1906 851 478 391 1626 618
453 435 1063 1770 1359 1344 665 821 698 746 649 784 621 333 1662 1320 1057
1383 1751 461 703 1581 1859 997 1344 499 587 1128 1471 1565 1415 1464 1670 871 121
977 744 1662 598 989 38 1852 1811 799 1948 407 1088 1034 1056 942 1481 1332 894 1377
1413 1427 1775 988 1318 1252 1678 707 509 150 654 1008 1988 1769 1711 225 1401 1762 1656 643
888 1861 1868 213 1013 439 1453 226 516 132 1768 1794 99 1643 1772 486 962 1289 177 947 1307
415 862 1870 536 1248 532 137 1356 292 76 1493 510 865 1597 1584 1352 852 1592 1711 1990 293 1237
143 1213 1879 1253 322 913 1960 1324 1821 236 158 528 387 1167 175 1760 1913 1775 893 1604 1685 1836 1359
1633 759 50 1750 1601 1782 573 903 1494 1137 1084 1523 1913 730 1098 642 757 1271 1759 1431 670 1396 814 966
228 1469 1000 1031 328 1408 557 1550 1756 383 1083 764 389 728 464 707 1014 899 1071 1123 1232 853 1973 1370 1397