15
231
177 820
677 23 1829
578 1193 349 1806
292 1278 268 382 1687
867 1469 1609 549 14 1350
1578 400 1147 1652 503 1285 881
893 1717 1138 722 1287 1182 1700 527
1396 1600 1449 1045 215 1721 524 387 916
1946 1097 1783 974 1808 1174 442 1878 1437 282
1892 170 1597 27 611 6 1384 974 319 1975 1190
1827 1758 1386 1019 1381 318 1746 744 207 332 1646 1415
1540 1408 1771 1197 1346 625 1265 30 27 942 1143 1628 743
664 1008 1873 1803 1309 1751 1236 1121 1719 1484 1295 1174 756 406
1946 1456 1438 830 412 1884 1838 1085 1636 1125 614 518 145 326 1493