40
1314
1879 1739
1696 650 1134
2 533 306 179
73 223 991 454 133
87 802 1445 97 1626 448
165 1907 408 525 928 1252 1022
199 114 297 1096 1129 1162 1510 815
972 1503 1191 940 1335 1644 1792 779 1487
1138 618 71 1697 644 1012 1280 536 1802 607
1236 982 1142 1747 1614 680 746 1666 205 187 881
524 1466 1571 316 1886 1294 174 555 744 1509 908 692
675 19 929 115 224 1113 1004 767 1111 877 454 1204 1360
1185 988 1137 924 242 1277 1715 1927 137 629 1225 97 395 583
474 491 972 1787 527 1104 679 1986 52 457 1501 1485 1980 1758 1773
907 1692 732 1685 609 1463 699 1094 1588 374 1022 95 231 1415 1491 1329
1734 1996 1749 1504 1561 582 1360 80 765 681 593 1603 1519 1888 543 648 1711
215 1658 841 1934 429 276 1933 721 1601 1271 1387 370 1599 1392 1459 199 744 394
1223 575 1332 1555 1531 1565 262 1670 1357 551 472 1117 508 1645 1415 1090 163 261 1275
1594 1208 680 169 288 845 947 24 778 433 1961 1375 1454 32 79 1779 458 1625 1096 1081
882 1484 1935 1244 787 640 894 962 1137 941 1795 1769 1251 652 1874 882 1846 79 1765 467 285
178 407 1576 1116 1610 231 1458 1494 235 472 1459 1580 1486 929 1247 516 612 1048 1559 1063 247 1644
213 498 1278 1123 576 1873 1482 538 235 204 902 330 66 722 1420 94 436 743 513 1212 1748 1270 1645
697 1053 925 274 1104 941 1287 935 1826 1437 1245 1380 1648 118 454 227 882 169 484 1096 1931 594 772 707
1638 1309 942 897 1243 330 1615 1026 311 769 290 1755 1464 1873 1389 1639 1262 805 57 536 1080 406 1830 268 322
639 730 1530 816 1941 920 495 1737 1208 1484 1102 897 1619 434 1475 747 31 543 1468 1939 151 99 776 1783 211 155
1602 1455 370 398 343 288 1547 200 1258 1997 1919 1978 1591 175 1790 420 125 915 60 1702 1618 890 7 1273 106 1743 603
1309 541 122 80 1418 716 1214 970 711 1968 118 328 1813 1612 1893 1373 1913 583 1639 1249 454 247 440 129 1551 862 1530 1396
1725 643 1499 1089 62 913 1921 1370 378 1298 1206 1198 1480 1442 1053 1944 141 209 329 177 1849 1839 1723 305 950 1027 1026 334 269
1398 1361 427 799 336 1235 499 563 1653 1729 1569 226 49 686 77 1571 1844 244 893 1414 944 536 1236 66 1509 929 213 1925 1308 628
1214 300 195 987 863 1054 720 385 755 168 300 998 695 808 952 1315 662 4 1037 745 1202 1516 1994 1151 488 2000 1526 664 758 54 1211
1612 1339 244 1006 916 1996 702 1614 1790 808 1392 176 89 1300 628 1269 1159 39 1960 1662 1518 428 1990 1819 219 902 244 1601 1240 255 667 140
748 1309 857 363 1563 650 1614 1117 1695 645 1905 386 268 465 844 1545 693 1324 773 1142 1432 1661 34 1158 1189 477 546 1228 1878 1553 1752 782 1211
1759 1054 1580 1249 1180 1316 1610 1756 1279 535 1813 1708 1803 1272 1607 795 1666 1933 1683 1260 1522 502 1033 917 245 1812 1683 702 30 1952 1103 586 1350 1902
754 201 1473 990 1755 1030 758 1265 1123 1487 1458 382 561 752 244 1088 271 1682 164 1904 746 1666 267 103 23 746 1595 567 350 861 780 627 760 553 947
1474 495 1984 159 1234 763 1592 106 1303 795 255 268 41 672 1286 1270 407 1881 1105 1637 636 1083 1946 690 1552 1052 430 773 611 1257 345 550 1265 1054 489 1592
737 961 912 954 1818 1981 1404 982 753 1437 564 53 1835 303 308 480 1785 1485 1149 288 1520 1021 97 87 1392 684 1522 763 512 938 1823 197 1227 1728 1246 1740 367
1068 703 1657 1338 1893 1916 1261 1666 158 1757 1952 1081 1627 103 1892 1738 1347 1068 1512 663 261 1937 1597 1023 1933 671 145 1312 853 1298 733 48 288 1062 1599 70 154 1646
1169 1036 1874 1339 240 1209 1691 1467 1536 132 402 957 1867 275 1990 1348 595 262 109 1123 640 756 1910 678 733 613 1155 1799 142 1377 1110 1967 1587 736 159 347 563 12 1640
804 1788 1281 1843 1785 4 234 654 1421 831 1348 1813 676 1915 480 250 1901 1073 470 465 638 655 1842 435 997 1855 1215 3 1483 1170 489 1218 582 1744 424 602 1979 804 704 1817