98
58289 4
84 1
689192 3
74567 1
537 1
18 1
29525189 3
447183369 4
23 1
623 1
115 2
21849343 4
746579254 5
5241 2
9322112 5
49856486 3
31295 4
98578928 1
711364 3
216745 1
751638 1
296699 5
199557 3
644419347 1
897721 2
7594 2
68 1
6439 3
25 1
69956671 5
51 1
9859 3
731 2
87928 4
41833 2
945 1
255419464 4
155156227 5
1855398 4
61716 4
2573746 3
4266 2
95 1
72587 4
5352383 5
8725362 5
47 1
324 2
5314341 3
79 1
1134226 5
3567722 2
25777125 7
82996 1
28351 4
73385 1
976561638 5
762454 5
52455678 3
69 1
155513 1
839239491 6
742763133 6
791919 1
78697 1
38614 2
93167485 4
192 2
17654447 5
48496592 2
125852 3
36 1
583829 5
82212 2
67711628 6
799 2
166 2
4117 2
8451958 6
742719 3
658865 2
797787311 2
5354 3
921896 5
9553339 4
826 2
73 1
31941 4
536769 1
9759226 3
384 1
8296291 1
9914999 2
956423 2
15954 2
4137681 5
381 1
88 1
