74
5727 2
44459 3
2816 2
5716255 5
986 2
6367 1
19543429 5
81825 4
96842957 5
54482 1
9692 3
573861 4
921989 1
59871451 7
7954 1
4337525 4
681662 4
475318239 6
8895649 2
3759 3
945987692 4
89 1
12 1
81732 3
629 1
99498773 3
335482 4
728634 3
387 2
66976 2
37 1
179994893 1
145479 2
788 1
813933 4
164 2
61137 1
676753 2
889386187 3
414 2
84512 1
787422 1
166128884 8
395727 2
95593 2
264 2
1612 2
6421298 1
2634486 1
47 1
13826 2
242386 2
35177166 3
686883 4
459343 1
6643 1
248987992 5
635 1
38 1
82 1
95 1
5495565 4
3224693 6
1986 3
6874243 6
9578643 5
1564632 2
18748234 1
751577 4
81 1
6829 1
16485397 4
68788414 4
462697 3
