63
45 1
431 1
337374 5
49 1
6139 2
45854658 3
675 2
53454368 3
665679 5
37 1
344498 5
899367 3
12 1
213855 1
9162 2
13265 4
214653729 7
4188391 4
5996772 3
6976594 5
756368 1
528 1
12 1
121889 5
294695332 5
39335 2
253 2
8721825 4
68467397 1
24 1
5746563 4
534 2
788187455 1
84551 2
77 1
2285 3
7785377 3
927 2
15 1
7392 2
2737 2
53 1
467598634 7
468121814 1
74 1
58983489 2
241 2
351512639 8
56136 2
7298815 1
8349819 1
7422 2
53569651 7
96794 2
3266 3
244 2
54431917 5
5353 2
641188959 5
932578 5
26261973 7
29933782 6
47142711 7
