690 388
93 982
638 89
108 641
532 767
883 645
49 494
496 674
399 803
342 577
705 818
425 970
45 332
649 518
442 991
541 322
835 18
326 968
70 336
846 965
790 670
719 482
521 679
359 288
419 133
395 191
136 94
218 448
926 473
242 314
353 216
73 410
136 352
154 303
338 319
407 50
988 213
776 718
690 720
553 498
72 862
993 289
489 953
828 896
95 272
823 686
370 535
522 183
149 740
37 920
494 608
484 817
461 562
765 916
943 197
714 922
904 421
523 409
602 640
88 447
612 567
13 802
102 104
890 548
32 182
619 72
139 560
171 269
23 389
739 596
664 848
28 97
464 939
194 816
552 122
859 369
717 932
454 10
657 537
502 455
380 170
872 114
147 844
282 915
888 29
196 662
414 122
669 150
335 411
956 476
830 258
81 679
555 308
545 202
689 645
447 639
234 785
668 710
628 263
202 122
737 610
614 224
706 590
559 257
628 74
908 799
863 42
665 225
430 253
975 527
253 884
563 395
454 144
48 283
832 644
604 728
787 602
941 192
703 773
98 212
441 878
107 285
128 963
45 61
55 801
235 779
829 843
895 408
134 938
810 272
881 47
479 889
768 710
951 552
628 390
474 589
890 773
873 628
679 880
871 587
687 9
187 897
477 322
3 124
802 293
205 681
435 837
98 889
639 31
531 698
896 42
276 431
608 413
100 442
725 224
282 456
482 36
248 392
173 957
973 589
206 454
3 937
395 812
616 484
485 494
131 217
266 477
781 345
481 691
756 226
680 569
548 159
100 715
260 635
976 423
33 56
110 3
426 247
9 542
576 440
898 267
651 665
787 558
430 246
817 939
6 234
676 125
999 728
403 565
381 457
11 339
795 876
438 168
83 589
739 201
649 86
368 476
982 396
962 898
648 421
848 977
985 4
207 596
402 920
538 176
258 618
227 997
516 442
83 847
309 730
866 493
878 649
652 545
198 593
758 446
198 262
256 902
906 673
630 38
897 68
266 642
546 659
2 807
826 79
637 789
820 726
955 64
955 129
447 632
441 239
1000 884
611 103
400 726
374 84
530 139
799 705
395 153
640 763
492 438
782 162
120 47
324 340
40 556
420 388
633 840
593 291
284 683
180 884
211 769
779 285
279 643
411 462
631 828
157 88
957 810
66 351
558 343
479 145
327 584
338 999
184 688
960 244
433 453
54 47
814 880
652 937
481 883
30 665
714 305
713 266
889 777
596 41
413 419
515 334
825 42
317 114
246 199
379 622
386 882
591 30
87 195
180 567
339 683
954 331
933 439
340 983
592 452
490 206
755 692
943 86
850 676
173 71
415 924
636 238
364 547
672 604
841 223
30 967
100 547
127 999
627 749
719 242
577 781
412 307
378 930
925 670
676 626
510 587
371 57
481 144
683 120
507 62
94 872
796 666
277 267
662 169
506 298
817 273
747 452
508 537
230 197
405 192
911 595
948 646
638 193
515 831
338 678
123 164
896 586
202 217
439 514
556 639
617 440
284 648
365 730
262 777
411 227
169 253
973 117
524 44
997 428
999 414
805 711
768 437
383 376
668 398
992 649
118 751
243 138
189 712
221 17
523 319
903 305
15 906
745 710
804 608
65 847
275 840
384 775
36 999
787 534
789 155
509 554
265 1000
452 96
495 870
924 245
942 970
85 160
368 387
516 710
659 360
491 43
191 107
645 25
739 105
252 809
426 97
209 476
571 196
718 457
94 417
13 196
918 977
73 585
735 3
397 370
402 568
34 873
879 563
63 347
529 65
177 968
302 828
717 783
202 639
474 962
22 840
459 738
777 675
204 884
296 832
88 163
2 973
506 879
248 540
829 283
261 205
199 729
913 942
755 73
77 443
111 459
988 123
797 310
583 191
704 254
24 786
261 581
299 265
60 528
502 124
369 848
304 797
142 650
509 43
965 383
553 509
143 637
529 337
543 517
512 651
604 286
275 36
846 6
989 389
955 463
141 581
699 3
173 560
48 780
904 775
753 722
263 17
98 167
881 489
257 707
320 575
750 889
237 8
814 842
599 28
839 387
1 338
36 282
853 282
288 394
620 682
817 840
474 995
261 221
604 284
494 565
889 607
73 38
272 374
377 496
193 914
280 726
683 851
49 997
681 748
348 565
190 719
916 74
44 736
203 560
662 264
780 841
817 803
941 327
49 170
20 553
818 718
384 940
477 972
927 353
138 20
289 217
644 851
284 640
548 57
432 281
300 510
538 237
134 527
722 666
673 244
752 161
727 17
393 305
470 67
377 712
152 349
616 409
711 428
889 225
619 524
84 489
297 163
209 379
309 403
118 432
672 179
469 657
423 510
343 615
102 868
578 445
886 247
181 32
878 296
250 414
65 602
885 298
951 277
712 248
309 53
680 223
871 142
669 319
493 728
770 179
407 552
375 521
980 810
580 469
356 533
444 439
197 847
861 788
538 197
974 741
516 737
466 378
373 764
114 908
143 112
273 508
702 864
684 194
174 860
149 896
479 488
960 694
622 523
582 311
581 706
193 629
851 554
585 716
759 915
732 973
111 578
163 546
259 619
390 489
384 418
43 486
851 424
675 133
360 764
313 432
266 479
40 249
743 708
205 878
821 95
891 571
437 859
537 501
315 571
296 149
369 723
546 948
604 539
75 288
23 89
6 284
193 593
580 442
320 278
903 393
629 490
375 827
188 494
13 583
318 93
800 651
3 904
15 27
553 381
873 656
146 941
447 24
185 788
413 514
84 391
55 830
752 585
619 497
678 345
80 72
89 865
115 968
70 15
440 284
287 721
291 972
577 229
706 334
288 364
790 775
623 731
228 948
520 69
246 864
446 948
799 419
165 561
531 121
505 966
975 885
191 587
409 825
342 55
404 37
586 499
160 784
986 691
14 712
22 88
568 701
630 270
554 545
576 131
916 872
787 271
907 580
986 206
316 879
775 371
40 288
864 651
184 803
946 275
850 150
469 717
257 189
70 434
812 880
533 503
628 857
302 451
172 935
706 818
917 746
988 361
444 78
138 755
94 955
389 388
473 518
314 162
657 845
441 462
927 516
685 925
627 945
11 507
920 669
438 88
701 706
179 391
665 336
516 192
836 768
871 995
582 112
890 665
865 735
722 210
382 594
55 307
46 251
125 405
347 614
203 464
621 690
482 41
526 893
308 427
470 928
424 623
639 553
840 115
825 217
178 757
24 523
46 309
356 254
576 82
79 237
802 842
716 351
903 242
580 229
416 72
61 482
284 258
483 416
21 100
212 408
152 593
900 952
805 682
707 272
205 603
298 908
756 770
267 84
37 476
427 633
670 659
771 433
105 744
647 195
963 263
13 640
435 243
91 72
582 703
374 427
780 106
733 842
669 988
54 855
785 866
141 482
570 327
454 228
279 883
116 164
907 756
836 753
407 542
994 296
853 13
685 945
366 505
554 640
736 229
657 469
799 229
621 678
885 869
343 711
672 287
196 680
614 929
614 235
174 260
256 457
545 131
414 585
899 651
538 936
280 249
245 795
233 281
288 859
550 569
463 686
836 257
429 587
535 119
441 351
898 902
317 764
571 57
31 419
859 306
418 305
707 775
484 909
477 77
250 22
767 559
409 763
36 77
339 574
212 478
855 785
544 675
16 187
949 870
903 481
291 305
632 547
106 250
94 266
498 977
248 709
224 11
422 886
194 9
94 407
345 77
992 309
282 467
896 388
787 867
579 104
58 402
985 135
390 811
992 13
581 424
182 431
44 938
225 718
419 165
70 328
547 931
796 762
203 466
783 362
818 188
839 902
373 178
38 694
585 881
768 545
396 115
964 19
763 833
736 879
304 508
111 177
429 972
953 552
727 255
297 911
376 507
718 214
714 514
773 471
895 135
334 450
183 914
478 96
570 320
91 703
525 354
767 282
804 973
374 739
463 806
482 969
185 523
551 146
728 907
65 661
948 302
146 945
369 378
480 84
299 314
920 278
460 208
228 605
826 489
281 929
149 958
616 594
964 215
642 214
506 757
879 425
804 643
700 419
437 125
183 572
791 642
602 36
826 5
418 128
141 889
783 399
343 329
396 772
383 210
818 493
780 210
355 212
210 934
551 601
342 927
337 739
332 163
988 44
282 147
925 313
667 919
277 887
658 603
668 355
726 167
371 252
767 604
388 683
856 109
542 577
64 687
682 89
601 781
406 719
804 482
360 21
631 107
813 187
388 211
608 383
778 242
776 58
510 115
633 527
405 862
716 756
383 397
92 800
939 595
622 187
858 505
893 789
279 402
4 736
605 455
367 113
708 43
832 822
930 372
929 570
394 371
711 661
1 719
442 591
354 905
791 389
106 161
584 834
353 343
240 75
785 549
249 28
905 531
310 72
850 296
803 99
666 569
708 121
399 367
448 487
312 110
306 852
22 687
937 959
196 403
513 352
675 662
68 278
859 105
498 906
940 380
996 858
914 36
333 832
890 879
838 104
64 743
106 779
896 220
866 610
709 858
419 65
710 286
533 953
856 741
582 200
261 749
692 896
959 236
473 932
715 165
240 335
279 2
135 15
65 349
398 781
66 403
319 815
387 450
529 249
672 637
509 298
101 869
943 203
195 282
953 601
156 73
656 172
575 747
128 417
196 961
21 230
22 841
946 607
515 969
704 540
191 894
119 45
593 950
171 451
692 42
681 426
627 967
116 704
170 629
25 268
178 23
551 365
888 207
381 105
680 155
959 53
762 920
114 127
939 345
61 103
28 401
685 542
727 525
599 780
719 494
475 786
294 231
204 783
152 195
926 60
950 251
623 980
330 669
900 66
261 118
889 164
501 213
314 373
482 552
814 640
561 218
733 391
243 11
678 679
288 701
707 878
375 557
791 747
772 619
650 686
511 902
330 438
762 290
442 417
667 195
713 48
924 899
96 297
401 579
999 363
365 150
813 212
553 896
856 636
389 353
231 980
756 444
314 911
406 477
759 225
830 197
349 378
141 785
434 800
46 986
580 609
470 3
252 675
700 910
552 499
628 957
845 250
537 449
178 505
722 23
239 687
637 566
250 485
597 556
174 477
182 852
714 784
805 936
654 519
706 64
854 56
867 176
202 667
964 802
478 403
269 975
403 935
510 517
674 341
84 883
162 187
927 431
883 687
448 611
912 904
860 317
494 421
942 750
522 65
575 330
687 960
932 453
803 553
876 393
449 232
542 899
364 388
889 94
391 792
890 507
879 207
273 468
615 53
631 47
177 725
428 769
744 484
907 463
486 803
156 303
337 219
760 660
858 922
899 364
420 357
446 152
362 868
18 98
977 126
766 862
533 238
997 981
475 998
677 443
403 764
948 633
353 655
231 47
51 187
938 183
926 540
642 955
808 648
826 549
901 672
49 739
38 321
501 242
375 260
983 713
118 977
481 548
887 480
320 290
106 202
918 318
796 596
398 470
967 461
517 665
623 102
788 572
352 543
568 568
425 186
976 20
506 486
705 713
995 213
395 118
576 639
691 67
884 301
991 453
487 913
754 960
652 778
450 936
748 748
167 603
502 422
629 131
580 622
910 496
250 130
400 919
527 196
530 801
869 804
888 299
346 726
323 628
763 866
963 863
398 470
466 171
979 309
410 400
849 722
179 260
285 76
857 941
547 291
303 126
279 352
687 223
893 875
945 327
729 92
433 526
467 959
312 717
719 131
996 675
707 465
57 693
236 360
706 398
203 787
345 689
329 876
107 573
639 544
744 383
62 827
670 796
45 345
868 442
217 215
224 208
956 265
172 104
455 304
978 539
508 977
913 189
756 627
440 494
699 391
768 943
992 151
202 418
203 204
732 302
396 190
30 572
617 838
203 473
389 964
455 462
948 403
481 398
19 62
747 829
563 349
854 792
20 268
959 38
768 944
502 636
717 167
904 927
9 458
771 178
341 565
730 388
443 821
556 31
397 101
624 768
174 362
133 671
111 176
826 710
228 18
772 625
174 883
474 686
276 887
935 129
668 136
669 879
676 625
797 721
495 259
513 693
611 399
791 563
838 152
943 352
338 656
552 759
848 605
393 248
390 765
108 599
692 306
237 887
103 949
365 156
385 709
667 543
823 456
845 209
413 88
273 775
347 119
453 563
490 372
174 33
402 900
19 191
488 523
802 144
759 232
544 853
551 578
768 354
101 908
36 732
759 354
996 923
635 675
649 4
963 584
984 265
716 181
622 733
348 513
340 530
712 399
786 949
172 429
538 373
447 834
999 200
563 451
650 798
180 38
823 768
44 350
115 650
306 299
103 52
1 841
231 784
225 364
985 216
250 121
711 167
606 501
106 943
238 624
545 952
229 565
386 270
468 89
99 472
479 143
794 649
28 612
253 426
858 758
326 874
351 548
828 814
399 910
569 19
728 766
379 62
114 705
209 493
629 186
561 939
522 846
12 879
112 891
498 444
866 549
130 452
997 587
980 621
133 186
161 909
340 560
514 519
431 287
170 628
14 789
845 305
856 69
963 562
244 460
303 347
481 980
641 687
809 777
596 220
842 241
367 645
288 288
454 690
516 322
576 649
999 111
363 335
128 680
451 485
974 179
403 532
170 195
708 666
552 478
124 287
832 921
266 67
249 30
119 658
322 203
604 695
210 580
548 799
341 79
734 613
441 650
859 71
162 463
912 233
557 720
860 598
58 107
928 800
814 537
155 156
731 964
414 864
181 888
888 316
331 821
440 340
993 980
123 113
357 760
59 747
947 424
548 33
181 78
459 451
397 867
265 67
253 673
147 622
759 512
26 862
489 24
522 820
91 704
389 959
969 201
58 765
431 507
84 981
909 996
364 412
630 151
381 526
241 141
232 646
759 172
564 478
154 276
800 414
629 314
693 273
166 375
883 55
415 906
63 635
650 160
148 424
771 781
253 140
837 949
514 726
891 92
670 506
339 579
1 964
599 13
279 70
372 740
24 47
630 25
300 466
676 384
805 447
759 317
447 631
792 754
182 417
869 312
852 819
187 999
23 625
143 485
85 142
379 229
547 113
188 918
332 36
192 972
14 393
590 175
417 765
277 970
51 239
418 728
122 784
815 680
961 72
348 260
699 828
23 116
395 697
405 607
224 730
101 916
559 345
950 734
598 415
411 477
845 233
584 535
154 509
897 664
487 310
847 161
505 562
121 196
762 545
701 280
711 378
609 635
784 772
662 968
708 599
595 532
932 865
6 635
913 571
667 922
724 389
511 77
329 332
979 397
320 919
166 719
429 589
345 102
827 387
823 163
682 89
679 879
641 184
601 223
723 591
938 530
999 472
890 318
741 443
854 866
304 79
895 68
638 519
172 654
76 946
279 731
197 753
813 61
191 22
812 149
421 518
153 146
330 722
185 177
151 493
808 974
399 584
107 219
501 817
411 746
662 903
459 306
461 14
710 736
375 999
112 542
303 119
471 623
731 999
454 369
531 179
635 402
710 51
790 103
183 278
199 272
762 713
617 48
639 504
980 695
716 482
333 671
674 405
799 546
105 993
863 122
663 307
728 386
353 63
737 348
747 132
354 951
834 240
317 586
853 132
996 726
187 141
274 753
384 580
115 271
145 989
353 738
985 22
422 820
861 560
470 658
414 17
853 963
158 715
273 473
239 323
796 745
546 134
387 838
396 276
295 900
339 131
80 298
611 323
315 341
913 340
734 978
422 986
241 15
528 586
213 137
453 374
627 447
655 303
721 802
95 366
683 954
376 56
361 573
202 93
905 6
503 707
866 696
398 715
218 834
386 967
344 69
764 486
608 94
764 877
404 323
212 757
463 700
275 727
758 576
715 649
244 435
396 456
244 700
596 317
229 140
521 620
547 387
543 141
201 8
360 926
70 383
616 60
374 788
834 772
718 724
878 111
612 87
314 44
459 501
596 702
585 474
314 265
679 618
947 178
833 76
111 882
430 811
878 996
606 230
654 929
164 398
371 582
275 940
751 379
994 439
131 30
223 339
107 543
996 270
586 403
109 769
15 587
