923 214
219 647
435 48
318 117
263 566
337 570
374 166
583 647
813 760
618 222
194 27
260 464
210 373
449 75
82 601
3 653
675 574
351 216
483 778
77 161
980 358
212 786
525 606
632 321
832 656
597 979
759 449
470 647
261 484
15 660
759 279
627 396
464 718
56 150
531 486
824 328
812 967
551 588
535 361
413 62
81 727
132 291
376 688
793 249
669 969
810 400
707 921
643 239
215 602
671 398
283 516
121 546
397 258
344 364
771 528
291 440
524 89
928 47
892 112
856 672
56 921
591 922
719 21
137 668
368 973
681 210
706 138
800 844
890 726
323 446
832 577
757 126
183 568
236 702
626 716
120 916
581 616
250 52
681 514
944 177
938 264
470 558
896 923
857 280
687 912
650 738
540 154
773 761
749 682
806 958
345 457
954 782
547 849
273 120
13 670
573 38
36 316
32 538
713 131
789 481
154 268
889 914
21 350
291 518
402 322
452 954
827 713
5 625
978 126
107 440
800 503
804 285
827 604
954 595
482 600
213 140
277 801
386 352
178 159
677 395
853 918
79 124
465 566
209 782
869 922
665 954
79 608
728 6
968 753
871 461
788 633
859 808
899 168
875 685
338 441
549 506
849 828
131 790
308 408
261 673
666 960
682 670
775 990
356 733
779 463
702 444
621 811
755 903
970 974
2 585
973 254
27 775
229 225
873 32
588 376
975 764
800 222
111 228
67 550
202 875
588 941
335 640
13 636
447 26
656 833
623 46
798 541
417 194
228 941
372 413
614 934
480 850
737 711
799 620
996 242
760 679
16 610
294 70
236 141
126 794
985 905
431 222
858 433
918 535
914 939
62 221
327 482
261 948
388 541
198 996
681 800
495 510
516 456
218 856
215 800
381 212
456 778
873 127
527 738
31 87
81 535
145 824
25 248
121 335
855 722
892 586
98 908
40 979
85 654
10 734
750 6
798 594
620 818
380 934
189 446
479 301
315 442
249 99
762 851
261 742
848 978
796 391
628 169
255 24
790 847
42 358
192 236
668 509
703 361
905 469
266 379
547 314
646 551
841 687
612 810
660 104
615 930
434 480
72 436
513 729
865 583
668 928
463 719
211 236
906 896
169 454
356 658
212 155
212 479
38 719
284 662
457 40
726 27
849 744
944 527
570 963
186 537
676 554
558 928
289 455
449 80
14 505
313 798
497 838
63 116
740 683
851 905
224 260
5 270
643 213
929 606
944 60
253 876
353 458
111 592
934 676
895 829
310 255
367 156
319 107
72 750
405 903
920 263
57 431
963 301
899 270
752 238
800 431
673 233
998 395
157 518
535 673
704 695
261 66
204 100
853 35
46 525
957 160
685 534
942 309
140 549
558 687
201 250
74 528
773 970
296 35
713 748
582 493
742 955
89 357
761 971
844 277
350 739
312 359
7 359
229 763
325 449
967 578
222 927
660 165
532 167
330 941
76 62
80 301
963 141
247 706
10 357
320 193
703 295
172 218
715 577
530 688
517 711
26 307
723 892
381 68
306 633
825 571
134 468
382 51
661 489
37 496
384 218
828 123
822 174
264 145
615 858
148 409
2 135
343 756
733 688
8 331
880 415
121 647
183 35
48 675
126 515
14 137
44 701
877 130
172 79
216 186
166 961
603 275
430 790
371 704
781 600
739 656
633 489
477 868
748 194
634 495
763 22
875 273
728 909
146 666
476 456
958 552
190 348
446 171
219 72
806 695
515 101
679 605
132 236
54 331
150 771
16 314
978 410
667 597
362 574
194 712
543 407
938 206
486 44
999 348
364 227
317 98
280 768
166 820
772 504
9 585
118 721
603 427
8 741
496 51
309 685
474 35
517 965
812 25
83 521
774 759
730 154
569 458
839 137
132 625
94 557
243 777
831 359
27 340
534 552
383 150
953 859
235 656
622 311
736 29
32 570
188 267
129 379
948 942
27 416
440 308
512 667
442 917
919 482
420 426
77 760
114 332
117 280
589 616
666 316
351 741
148 333
575 570
90 764
84 719
458 512
628 740
262 706
49 806
865 277
6 493
525 139
609 117
681 836
741 405
188 470
385 15
651 115
828 591
801 738
991 608
663 454
765 138
290 765
206 51
205 124
522 701
661 584
933 561
190 706
815 165
530 214
472 107
819 559
187 226
406 344
898 631
162 630
860 546
890 228
615 327
552 143
742 422
827 219
190 533
440 919
807 171
885 680
487 157
500 207
349 638
878 482
200 928
16 305
941 994
730 134
435 990
801 301
449 796
363 496
845 342
289 322
196 877
203 672
999 653
182 702
126 402
634 513
7 786
524 533
366 855
326 812
461 637
228 407
861 11
905 838
828 997
681 914
201 210
241 651
22 549
392 920
775 257
251 728
185 159
47 288
21 883
862 651
342 753
788 913
957 475
183 514
917 565
532 723
961 244
965 754
357 958
762 436
366 806
30 277
984 751
574 974
140 407
655 635
371 420
634 185
359 482
787 997
54 236
169 311
509 533
592 494
626 839
553 614
922 858
379 239
65 147
195 932
982 946
528 114
201 42
96 145
119 770
493 338
458 426
434 661
491 2
862 919
371 429
294 343
383 999
204 886
557 853
75 724
671 543
431 687
176 58
39 538
176 299
267 734
176 100
660 900
995 994
356 919
870 374
197 369
331 627
571 155
957 886
546 451
509 850
850 586
445 349
457 171
233 148
945 22
285 648
142 572
621 859
116 773
256 595
648 476
487 590
113 922
24 635
655 624
541 544
784 750
264 809
223 41
968 578
101 994
721 215
613 775
957 807
96 767
435 692
843 315
350 649
321 232
148 88
382 775
238 895
641 3
320 632
874 797
459 257
194 967
657 296
519 867
728 371
600 627
208 187
207 231
683 958
386 183
346 983
800 579
648 952
986 22
358 639
565 481
287 971
375 312
265 597
886 506
227 84
844 695
335 49
377 63
148 16
870 954
426 496
687 144
790 566
334 717
196 379
253 76
932 850
469 440
606 774
72 32
14 704
380 289
229 865
122 969
80 543
208 578
561 997
916 690
346 962
343 405
715 432
723 379
347 62
57 262
676 590
284 201
353 612
361 751
289 179
683 907
956 121
190 64
615 852
740 124
303 331
642 84
986 930
672 361
949 803
477 674
765 84
487 943
47 412
384 805
942 934
474 690
899 524
342 615
660 238
140 246
311 823
737 540
688 765
375 33
412 109
154 758
598 789
545 361
541 882
998 15
699 250
165 359
276 422
188 324
916 768
323 599
641 756
964 86
796 546
91 360
160 597
81 914
268 866
648 977
898 253
983 844
39 442
310 788
897 633
715 33
687 361
425 37
541 856
197 631
757 454
821 584
923 600
1000 271
209 172
402 167
582 787
771 328
279 467
289 575
128 43
25 37
822 464
381 693
789 847
452 220
150 927
541 41
451 5
802 414
814 261
395 154
27 382
907 858
566 390
987 139
358 160
646 274
496 608
327 512
630 859
959 631
388 413
73 565
674 858
678 360
301 150
884 734
209 2
398 784
719 658
8 110
730 665
432 905
716 405
558 349
978 238
541 477
399 317
924 457
349 468
683 231
850 728
267 447
749 137
340 167
468 2
738 515
261 479
410 954
490 991
689 733
44 271
265 310
992 122
381 98
137 991
428 951
241 507
194 357
692 436
783 714
743 710
561 524
662 13
506 925
310 868
793 910
220 154
130 583
807 578
473 168
111 321
120 134
111 613
334 474
904 962
715 714
813 851
173 781
77 690
934 951
263 861
170 420
1000 226
382 645
509 376
501 472
483 120
577 90
838 476
656 494
962 674
598 612
501 734
813 864
577 347
689 278
675 880
695 387
369 803
897 856
439 772
955 810
877 21
315 105
350 864
845 536
201 471
90 551
475 288
842 838
263 620
455 80
295 900
851 873
283 493
805 654
684 83
11 638
416 454
770 21
188 397
727 219
913 43
975 874
105 27
980 362
841 903
121 977
515 234
107 349
839 422
365 802
839 662
411 183
622 277
419 65
426 405
121 201
680 708
206 947
259 420
460 64
728 424
518 156
834 74
411 909
284 828
752 3
681 996
585 588
748 293
698 659
596 362
336 480
245 65
110 215
397 847
578 7
949 890
239 313
936 104
482 780
951 701
405 263
731 597
62 244
854 879
292 169
388 865
345 641
871 656
346 643
606 443
972 280
71 161
208 794
91 412
403 627
403 745
273 163
659 719
805 79
794 931
744 239
851 407
900 577
771 956
478 500
815 888
905 656
941 232
345 466
872 851
353 465
326 185
40 218
924 124
793 108
119 738
344 913
708 835
319 851
864 243
93 812
549 850
999 372
409 477
768 731
396 334
214 911
764 409
262 594
597 961
252 931
338 39
681 739
679 558
14 76
106 640
415 343
812 912
904 898
509 841
269 813
171 149
875 388
940 607
761 251
605 45
387 34
835 185
913 792
303 558
116 170
276 445
74 170
48 126
847 779
82 48
417 982
2 42
843 458
256 294
692 747
48 322
801 167
311 839
771 109
125 801
198 806
194 757
430 106
186 555
671 740
756 498
337 197
957 650
241 886
300 760
474 897
951 352
338 209
952 665
109 403
552 732
166 329
960 437
910 79
91 818
381 588
784 987
263 390
782 120
765 959
375 4
467 234
689 542
306 161
249 793
572 685
984 894
771 306
436 140
225 163
464 498
218 469
916 957
85 39
240 597
159 710
581 782
959 610
571 681
770 91
35 859
602 754
301 931
771 714
22 660
378 397
76 137
901 735
64 187
457 113
206 832
920 148
686 543
148 73
167 147
840 493
49 649
6 129
269 415
557 3
808 774
102 66
99 510
964 120
923 7
21 526
955 53
833 994
32 316
534 213
456 871
863 56
468 869
295 84
266 528
684 838
666 272
614 430
14 141
931 801
143 661
468 93
233 283
388 203
784 378
343 358
220 461
959 30
453 534
852 859
562 988
401 233
726 957
636 323
373 14
845 360
503 520
895 905
388 343
700 905
811 418
166 986
27 629
288 901
704 343
733 931
337 472
790 431
430 795
919 117
316 644
736 992
386 74
596 941
157 335
379 473
955 10
307 450
313 360
255 25
720 544
559 132
776 201
451 393
719 61
983 173
574 922
10 295
359 865
211 452
824 165
824 940
828 856
463 993
412 627
978 418
877 112
73 964
52 575
866 353
95 879
499 806
599 269
329 937
606 216
564 231
914 835
559 272
485 19
578 890
253 714
622 112
934 80
148 691
688 571
983 409
855 158
225 144
851 945
721 270
81 491
277 299
645 741
433 57
269 278
391 826
158 457
322 515
698 6
275 978
932 825
345 544
890 432
278 682
431 732
141 406
795 326
797 708
328 732
864 439
829 255
290 626
854 114
845 511
954 716
904 79
533 469
965 610
269 372
323 356
894 447
354 657
601 951
648 849
695 591
419 463
773 163
504 352
370 432
74 660
880 330
478 246
670 293
241 150
385 465
756 301
615 241
681 474
723 278
533 506
469 215
145 314
524 643
461 916
539 290
15 73
499 994
687 277
455 231
647 920
929 29
142 335
92 209
554 346
50 491
824 191
650 79
373 15
989 618
307 380
545 972
564 767
608 935
21 868
490 937
816 202
356 977
50 497
552 292
247 149
61 574
299 940
54 598
777 688
559 639
616 906
264 302
811 306
138 931
821 814
369 807
432 898
437 388
448 680
869 556
835 165
940 720
596 527
745 565
915 45
107 678
138 848
666 458
147 91
557 34
294 162
855 974
705 953
546 594
347 275
733 644
741 354
131 392
758 896
714 836
633 75
798 891
943 864
557 604
778 146
528 416
231 194
685 472
487 773
882 343
710 796
580 646
497 898
695 212
422 940
43 564
259 71
689 720
298 736
435 850
425 273
712 223
226 16
411 377
411 804
699 374
642 453
811 299
716 983
769 115
452 891
880 627
824 275
638 414
797 881
881 864
200 830
109 500
761 117
80 66
199 536
978 448
732 441
230 880
50 854
35 742
975 51
227 653
743 761
942 704
988 826
770 239
377 92
758 282
81 255
257 215
829 159
933 189
149 350
781 815
135 337
650 868
644 751
402 578
255 789
602 280
976 555
281 284
660 564
924 669
78 141
359 777
645 910
776 6
909 332
707 516
233 312
956 769
887 255
808 230
516 32
648 319
663 463
850 986
17 227
563 160
508 170
567 399
266 730
720 365
992 81
65 317
144 778
540 659
352 694
491 981
685 729
467 396
908 263
30 437
659 127
670 685
461 510
904 927
965 228
448 672
932 772
542 850
841 240
515 132
616 1000
574 782
938 549
398 712
291 939
271 814
113 992
507 5
727 395
533 424
278 381
624 95
109 655
198 417
245 320
954 652
380 925
944 535
589 597
361 393
465 694
408 246
810 609
742 413
874 888
363 700
889 691
673 754
864 359
801 380
166 502
219 122
326 293
27 354
328 232
8 779
509 928
247 599
36 807
599 832
762 856
129 252
8 71
905 705
305 441
708 272
797 948
118 247
940 52
127 100
943 678
327 480
938 176
933 160
519 111
605 14
450 217
809 842
926 823
703 263
16 218
663 208
578 693
22 483
235 529
350 747
778 578
11 223
410 602
507 7
210 634
382 987
845 216
847 206
301 541
373 310
912 945
850 93
496 391
713 15
532 103
401 28
775 421
32 684
49 186
351 317
584 841
950 684
794 612
703 341
475 503
997 140
225 53
131 741
646 326
667 454
845 18
717 143
429 131
113 777
649 996
773 617
923 525
573 344
826 572
433 172
559 294
662 834
414 943
830 630
482 142
574 442
560 366
199 174
756 568
160 516
598 471
381 700
53 708
195 852
765 408
510 297
872 457
670 212
473 315
833 320
855 501
714 250
601 127
729 769
471 966
399 18
197 394
258 692
676 192
801 9
752 283
918 608
619 186
473 683
178 468
825 34
166 457
45 67
945 981
185 817
803 706
505 542
455 854
59 378
430 747
401 296
73 845
852 410
761 947
114 437
702 353
457 152
691 63
204 496
469 133
182 179
803 309
706 295
962 150
301 11
113 710
655 480
628 626
546 608
615 65
242 621
455 797
809 344
299 132
622 256
223 984
236 497
482 504
909 596
915 872
776 908
543 772
255 553
717 198
371 144
606 123
705 505
361 996
732 80
418 704
378 104
151 732
77 712
430 979
709 910
580 156
998 835
181 176
749 800
245 203
597 911
329 755
617 321
539 46
132 610
621 501
998 659
567 118
361 351
576 70
141 962
417 774
3 487
464 830
434 928
617 26
317 838
64 619
107 505
126 485
310 358
917 298
105 506
957 815
953 867
637 126
466 868
832 925
899 390
334 134
156 100
522 753
808 718
985 606
447 95
827 707
483 775
240 58
75 861
860 862
866 722
303 721
275 819
726 150
429 405
402 198
308 664
747 495
587 431
710 16
476 297
359 168
564 719
429 619
255 746
973 66
338 541
82 170
184 702
562 818
682 269
986 944
22 244
95 934
571 581
966 582
445 840
122 777
561 925
364 314
970 183
467 50
969 557
745 107
628 451
449 30
416 27
85 747
631 722
218 749
788 670
812 713
726 962
596 630
96 193
309 568
27 31
695 343
179 801
886 660
880 253
788 91
681 887
618 223
868 717
66 66
723 835
86 186
346 153
582 490
363 937
12 398
107 775
972 658
647 611
852 402
408 249
900 780
891 465
497 504
315 74
886 864
785 148
4 292
158 697
565 357
985 669
771 958
221 626
892 471
822 72
609 909
277 603
991 991
146 729
675 983
52 971
455 634
737 643
391 270
598 138
397 547
916 253
711 493
893 481
772 940
6 443
76 70
830 331
724 566
389 514
401 503
732 565
760 465
537 872
265 731
112 141
161 427
938 872
854 705
95 895
562 503
121 168
209 835
521 244
78 899
659 605
893 996
772 443
109 681
172 77
542 957
480 261
921 924
559 698
456 911
858 923
387 522
277 606
730 424
600 353
35 413
33 444
848 183
220 68
458 963
945 974
93 375
238 102
849 67
149 94
397 784
634 748
596 627
602 809
78 731
524 232
475 260
589 790
28 58
904 517
343 614
123 112
102 371
263 709
614 517
980 665
706 716
929 824
827 426
770 471
879 927
862 453
255 312
827 407
485 119
500 870
219 489
157 641
375 671
642 132
478 885
487 152
661 823
730 253
22 161
192 366
264 757
425 9
817 7
238 463
138 186
582 827
208 923
531 946
249 465
893 983
266 274
129 645
935 873
822 839
605 41
989 706
345 446
125 720
590 685
180 829
360 61
433 501
931 881
464 356
891 609
926 512
226 279
430 327
101 173
924 456
546 230
173 538
909 994
797 928
630 888
319 484
43 876
848 601
281 393
706 795
547 336
207 107
781 368
248 806
517 417
730 388
927 620
119 966
903 545
713 137
207 738
177 619
125 17
399 73
42 206
870 475
210 452
644 996
768 281
24 80
443 425
417 405
640 782
259 964
622 482
377 609
854 165
752 863
936 609
521 293
419 24
950 329
345 145
640 256
409 615
878 647
486 598
768 443
994 483
328 957
95 235
466 701
16 536
388 844
924 304
738 426
949 803
42 964
869 634
205 614
780 465
925 88
519 792
556 723
880 849
235 72
448 372
381 715
353 614
856 344
484 298
714 695
826 474
888 942
153 234
757 673
33 133
899 127
951 462
986 795
307 186
752 518
798 943
843 234
523 428
940 539
500 497
279 31
35 845
159 438
248 112
546 415
345 719
555 777
519 582
134 298
37 703
802 489
637 618
937 393
317 498
906 712
534 268
903 83
653 740
109 733
521 21
144 754
657 555
233 284
452 769
486 587
338 133
478 731
497 392
977 942
952 343
289 944
985 140
240 165
164 548
586 896
396 823
888 654
635 871
818 556
917 497
194 282
897 894
516 255
615 677
524 395
785 96
234 785
280 368
998 397
862 705
627 49
980 331
424 188
938 493
503 18
585 297
271 562
742 246
313 571
148 484
193 551
31 847
272 305
595 671
648 127
962 435
135 580
593 116
860 260
665 223
769 882
740 385
256 567
573 923
824 798
223 44
590 607
987 256
917 75
246 122
649 218
431 425
442 78
827 530
654 564
172 394
142 568
570 277
405 744
389 773
916 249
484 122
556 374
786 948
603 881
420 883
532 819
425 693
411 491
937 969
786 762
786 77
678 507
285 309
55 810
379 244
603 97
534 549
930 570
468 317
509 354
662 448
836 637
493 457
899 831
623 314
63 27
733 694
872 457
126 415
291 143
484 871
987 868
281 102
403 550
694 430
947 382
350 713
815 638
32 267
468 644
276 982
847 917
470 689
307 147
95 245
330 95
989 161
916 827
809 188
511 957
669 979
472 521
885 390
440 110
39 436
69 4
223 753
158 250
375 327
768 639
740 223
148 418
212 712
521 202
495 169
746 779
940 266
633 447
901 120
437 241
938 627
292 685
480 903
20 781
658 326
179 262
505 305
678 90
321 681
999 224
631 148
545 702
406 750
918 608
145 362
8 283
920 511
82 732
507 647
358 93
463 858
764 882
445 688
876 19
610 734
82 684
894 779
691 728
574 377
259 545
589 850
903 837
109 221
83 187
998 592
102 712
203 136
875 977
521 240
591 137
715 810
107 544
165 96
936 18
76 655
773 280
973 315
970 232
367 137
805 45
647 456
899 386
237 120
751 330
936 694
532 798
16 97
755 856
26 682
355 51
234 818
740 244
681 250
142 977
716 93
274 295
57 466
150 893
405 305
366 248
582 357
624 18
543 417
238 90
391 432
912 724
493 554
918 608
43 478
925 341
981 982
895 471
547 621
739 40
937 223
54 277
69 681
478 491
982 629
726 452
165 207
654 764
871 332
26 379
418 256
43 962
204 659
747 293
52 121
253 917
574 451
138 386
998 612
44 550
207 624
570 362
531 450
908 486
797 18
815 643
46 878
293 793
898 144
637 288
325 962
536 107
996 488
234 332
686 602
177 902
465 274
786 488
717 326
101 715
391 276
412 341
978 476
240 649
24 547
270 262
623 766
312 619
630 149
533 400
993 619
768 828
480 784
543 156
593 974
475 654
950 274
633 112
682 582
693 771
998 589
271 583
237 548
151 374
501 576
480 384
39 794
976 551
756 20
630 825
750 689
797 673
293 721
480 660
885 137
623 153
912 483
965 295
226 647
571 674
957 302
508 765
630 964
322 73
249 257
192 558
535 776
867 631
819 751
897 234
325 361
191 487
177 828
403 663
776 272
317 462
128 618
297 71
57 226
177 798
614 472
231 539
208 869
874 479
998 743
195 420
737 466
733 619
511 266
224 772
770 442
778 691
954 191
238 644
292 157
235 729
327 818
406 143
823 208
631 600
577 672
654 887
706 631
259 333
912 521
719 286
881 753
999 145
685 961
639 230
430 721
891 854
842 401
334 887
703 283
736 205
629 395
715 657
891 28
320 584
701 178
828 872
386 341
762 665
204 489
139 691
29 694
462 753
816 688
741 141
495 89
83 676
393 985
637 445
807 737
717 168
672 309
409 776
82 706
471 867
916 387
466 949
602 111
900 387
791 632
853 486
866 746
921 187
73 805
33 224
453 962
972 780
187 241
324 421
808 867
943 265
648 7
521 943
107 109
129 510
358 167
538 822
343 297
938 252
669 908
355 501
449 291
616 974
253 376
327 79
730 423
666 145
84 940
552 432
302 83
849 842
75 465
363 659
625 265
297 138
102 847
215 421
263 601
769 359
654 601
334 862
554 701
63 915
900 245
887 253
758 100
583 145
664 251
960 606
389 662
507 404
32 304
980 997
846 387
695 395
834 424
799 676
864 472
137 530
693 131
412 186
500 203
691 386
161 66
120 637
820 61
266 57
831 991
431 503
563 444
439 200
592 701
431 438
441 684
524 362
359 962
421 74
956 352
87 186
970 16
409 748
2 142
941 318
275 143
319 909
936 401
870 86
15 825
600 85
26 529
105 776
600 351
693 824
647 177
102 409
731 245
973 219
561 753
401 155
149 204
23 809
985 303
835 958
301 530
279 194
923 901
710 894
896 47
695 328
508 681
721 899
486 387
166 444
889 970
748 379
856 823
934 6
53 16
916 753
53 385
57 672
827 667
160 801
629 486
551 128
205 248
588 479
759 733
36 270
808 629
756 883
165 788
62 532
273 59
587 205
561 603
276 32
482 410
461 199
442 140
489 737
439 638
398 662
333 906
161 611
116 849
92 983
431 445
56 368
91 867
117 100
803 894
287 773
745 848
684 682
378 868
787 425
112 839
192 439
52 772
195 294
94 339
382 826
357 619
314 257
404 44
171 313
755 519
508 736
77 174
710 223
696 471
913 11
230 305
56 199
501 310
639 943
314 774
726 444
240 468
281 898
568 923
591 340
388 479
307 749
382 465
76 715
209 909
104 271
225 47
499 850
891 932
860 482
568 5
785 732
916 360
88 289
853 676
929 524
235 724
749 173
556 994
509 404
802 866
297 125
526 128
994 722
425 558
355 505
267 818
279 680
984 434
104 973
326 298
694 483
436 371
355 228
441 831
903 332
817 327
410 396
858 749
111 67
940 396
1 103
158 927
18 653
141 771
782 853
488 942
509 907
870 626
55 842
103 962
422 978
954 300
464 104
907 134
129 301
578 472
976 715
293 413
47 328
396 963
738 631
289 339
92 254
376 352
782 616
750 531
467 693
155 536
82 134
999 992
585 736
381 922
818 9
379 299
384 584
69 860
314 116
594 748
744 708
434 781
767 632
931 840
873 311
949 673
102 61
478 988
644 478
207 14
862 491
634 837
648 565
941 597
758 783
553 621
383 176
924 335
734 171
90 337
433 953
670 549
909 863
631 787
955 233
225 831
452 354
879 125
60 370
871 535
602 478
199 326
502 336
904 640
575 666
550 187
469 21
127 586
409 245
227 493
857 651
961 828
648 659
588 68
960 430
771 989
606 24
847 50
59 96
244 61
48 794
388 927
80 603
479 954
246 175
963 478
552 876
423 326
844 135
381 121
261 413
26 946
525 102
768 779
856 660
530 552
268 74
398 134
221 891
623 670
231 845
538 709
821 87
366 856
119 975
475 971
708 167
317 56
696 986
210 676
596 914
827 469
79 442
239 139
460 249
59 371
422 118
591 445
361 193
726 979
373 45
335 527
814 577
870 611
611 36
405 432
785 684
768 257
843 366
834 906
112 892
356 620
331 918
535 670
596 625
461 801
869 388
687 326
939 144
778 599
457 245
241 664
918 25
798 321
747 122
487 680
703 37
811 506
266 687
232 832
707 607
69 767
168 975
891 121
738 86
738 371
22 383
704 589
29 801
388 650
909 544
440 268
937 39
285 154
235 933
565 368
887 323
976 913
855 341
735 858
660 571
13 459
838 654
284 51
419 655
904 554
402 245
99 132
119 781
138 575
523 890
974 324
379 349
651 762
149 303
213 454
357 558
479 469
207 621
381 638
600 784
742 26
493 786
119 75
784 274
765 310
704 928
155 581
617 620
211 987
774 910
462 623
104 319
59 647
877 309
104 443
209 587
148 932
102 483
855 120
462 125
843 474
715 97
97 34
870 307
480 852
299 612
319 288
104 987
156 522
522 530
973 436
501 928
94 497
578 718
124 959
466 212
511 669
806 519
387 744
896 866
174 976
