44 405
236 682
840 649
952 382
615 684
288 435
413 353
944 597
276 781
28 51
727 244
311 282
952 265
647 341
446 590
759 916
199 776
1 48
528 318
301 26
337 994
207 563
901 258
229 815
214 546
682 913
50 196
433 422
320 29
187 35
492 959
120 426
549 6
271 475
176 748
799 721
63 381
655 670
180 656
566 676
400 210
608 314
65 737
626 535
757 656
662 447
525 702
259 429
473 798
100 118
664 672
741 206
819 911
120 334
930 538
313 939
439 762
711 842
603 487
540 98
406 405
511 41
91 554
663 35
704 994
657 564
739 306
274 195
505 98
530 732
260 670
884 288
615 347
526 897
915 169
918 424
730 574
241 473
174 681
3 312
562 757
985 148
771 929
796 119
372 446
853 232
871 384
286 631
815 988
415 626
742 432
751 567
900 706
279 395
692 989
386 55
598 277
968 378
678 338
442 564
707 365
534 42
378 496
567 379
898 30
58 529
134 691
301 232
149 369
86 539
118 737
316 817
886 502
197 332
399 571
591 722
639 931
153 738
491 157
221 673
776 496
638 253
275 632
647 668
211 290
355 417
540 138
900 944
363 900
966 320
624 356
882 963
590 425
572 989
589 645
968 42
111 256
374 882
93 607
660 836
76 132
639 774
587 818
255 917
275 545
675 536
304 553
24 466
704 130
883 948
302 798
120 600
204 252
777 373
523 793
982 39
823 393
248 71
294 239
55 70
163 139
976 448
137 956
512 865
436 397
624 993
868 883
777 816
853 832
34 254
60 680
130 821
91 67
114 537
212 571
16 439
556 973
729 93
515 395
256 985
839 460
211 497
335 391
593 727
962 203
839 337
553 704
749 462
72 574
788 674
236 105
182 733
386 665
182 294
712 909
400 505
768 866
570 830
331 106
450 943
927 366
74 135
788 411
247 393
173 514
376 838
732 47
422 94
161 987
484 768
888 148
323 786
171 438
61 458
969 270
423 286
678 533
361 116
909 434
666 265
361 860
637 108
573 858
570 988
737 58
332 557
720 561
101 260
14 260
217 438
221 590
374 656
936 81
607 214
159 60
581 921
899 404
149 525
730 371
616 714
392 332
759 127
836 217
86 465
569 854
937 924
904 675
474 30
365 532
897 363
370 301
623 476
454 592
593 919
268 347
851 834
683 764
800 343
59 363
478 238
11 810
996 50
153 602
453 68
594 893
556 659
810 37
14 932
311 466
551 371
342 605
554 380
259 376
323 564
375 796
149 317
172 15
137 625
360 31
446 509
563 803
59 511
243 400
467 373
117 298
691 157
665 541
648 560
288 104
492 458
513 466
614 333
95 484
594 671
492 17
145 620
576 568
914 890
33 511
132 60
256 294
136 268
415 733
191 114
601 232
3 284
870 665
33 987
579 45
351 114
59 847
694 676
70 850
313 9
874 719
20 607
936 494
969 208
1000 977
189 258
504 329
147 928
793 20
935 578
837 129
389 571
902 64
516 462
107 485
154 653
711 178
572 415
112 303
180 825
704 861
934 148
871 247
564 615
166 84
6 831
853 472
265 22
63 399
832 439
973 667
535 443
952 893
221 916
541 482
555 337
332 553
709 870
409 273
791 454
229 469
309 867
526 395
553 229
387 954
830 439
536 462
560 561
887 579
176 353
390 760
798 372
972 705
343 893
439 301
421 326
806 93
754 853
97 736
107 508
372 933
432 382
860 812
586 51
865 584
662 204
96 157
895 966
24 669
991 349
376 475
691 119
586 945
669 776
879 762
96 638
292 229
337 837
904 811
386 235
84 532
408 252
209 148
632 865
620 574
258 576
437 33
670 589
737 665
358 669
955 172
128 319
575 566
712 137
468 662
154 810
408 641
914 268
244 58
908 461
727 558
297 699
719 622
658 910
966 168
527 395
330 649
734 585
352 551
552 795
25 651
891 31
232 251
213 611
976 133
499 368
96 815
272 469
139 255
415 289
166 442
857 633
122 548
186 900
226 553
182 13
760 883
320 917
891 212
877 973
512 155
81 661
736 218
602 191
523 571
595 832
981 888
596 514
408 628
103 913
589 509
261 309
709 882
845 96
329 710
576 864
815 45
968 171
163 476
542 353
222 604
314 88
308 654
734 663
656 907
960 265
687 773
1000 536
292 536
720 198
841 538
568 66
87 87
54 695
484 695
681 651
310 431
131 331
95 907
830 651
298 388
397 412
338 272
388 747
578 356
250 795
994 847
641 451
270 168
221 720
839 907
732 128
921 238
639 347
575 732
957 891
600 61
504 323
748 868
110 586
819 668
440 975
926 394
608 451
582 337
160 136
356 150
374 568
782 762
12 467
662 435
411 499
932 239
556 843
940 877
251 359
782 354
87 449
25 303
256 168
813 589
646 927
273 173
20 757
484 342
604 560
889 697
936 995
830 201
682 491
969 755
462 994
607 696
404 851
437 152
676 541
745 863
235 249
565 988
145 579
170 306
798 956
668 541
696 789
848 877
148 14
167 443
249 984
782 597
202 358
768 832
870 290
176 146
148 55
989 866
744 401
869 387
695 432
133 942
184 424
64 271
872 9
397 430
36 188
144 959
22 729
596 397
746 350
345 522
219 125
285 277
406 477
85 7
65 983
4 316
936 645
323 858
53 458
532 83
785 278
222 389
949 724
533 97
998 527
936 946
710 719
765 642
366 190
715 347
330 566
146 558
356 550
191 667
482 868
456 534
943 355
323 880
927 997
700 184
684 369
494 109
373 312
124 127
126 556
423 826
505 811
47 491
328 365
272 583
338 672
657 298
687 727
616 210
285 852
352 455
997 19
254 128
773 942
290 610
500 400
867 719
374 836
379 449
12 209
900 296
676 607
645 281
729 438
970 540
91 523
3 614
986 802
818 115
489 274
993 2
756 495
258 360
794 830
186 735
646 18
68 101
738 474
873 794
302 882
476 791
907 596
635 713
596 579
460 220
318 847
986 635
450 150
508 410
547 912
962 705
382 596
45 377
497 811
180 939
615 824
102 826
359 866
887 523
756 121
41 934
582 897
290 978
41 91
895 333
871 228
537 795
117 544
865 115
125 679
308 131
859 900
445 11
151 708
412 760
972 795
395 608
760 87
281 290
135 422
459 500
185 418
929 433
807 673
933 969
496 955
490 283
503 263
685 907
478 722
639 438
552 759
45 489
209 910
314 265
277 147
503 106
651 901
258 337
717 228
350 911
719 625
271 151
463 185
379 376
707 631
109 405
296 464
507 842
521 758
430 770
522 282
732 578
494 42
343 389
363 716
89 374
888 609
258 848
574 429
659 926
801 931
978 253
450 159
674 315
1000 697
634 551
803 472
424 596
52 954
414 121
586 916
731 161
190 879
522 984
135 277
244 656
23 974
244 516
402 529
665 541
644 651
468 88
314 807
397 100
249 710
603 460
184 817
307 814
364 446
44 870
737 834
553 398
754 746
768 924
33 730
300 602
811 44
166 236
1 167
118 486
30 687
649 648
334 912
624 37
117 60
792 78
420 223
166 150
917 487
505 556
180 292
253 129
960 453
695 67
18 997
373 138
95 818
751 500
172 211
560 419
689 103
462 60
741 114
569 897
247 423
522 881
559 900
920 295
500 262
333 682
256 836
174 667
756 874
941 169
391 956
333 199
363 975
603 863
155 675
281 778
678 74
474 894
138 311
445 110
155 359
653 315
533 194
602 787
367 658
267 58
171 39
20 736
942 60
651 418
251 873
748 141
514 974
980 266
107 209
979 277
769 13
586 683
731 638
390 56
154 9
476 576
969 358
824 354
316 12
886 631
428 780
936 398
658 428
594 661
484 829
384 162
712 611
71 735
642 501
273 949
810 829
125 966
764 760
555 898
495 461
792 946
265 465
208 354
505 594
529 986
644 90
382 583
910 987
288 279
142 398
306 769
747 985
51 303
104 17
635 218
347 745
584 797
694 909
768 235
588 70
726 372
851 640
533 447
831 305
678 17
688 972
822 238
626 984
574 379
935 988
401 830
240 812
393 124
384 365
129 80
366 23
849 925
260 577
257 518
44 338
399 152
668 157
449 31
375 657
258 818
111 440
879 454
668 21
739 112
700 558
219 823
104 847
21 867
179 220
498 290
982 179
157 231
349 808
613 15
597 730
432 365
634 444
188 852
235 274
208 917
138 968
382 698
874 840
759 1000
51 579
210 56
194 291
516 721
278 906
42 14
608 182
867 315
667 630
150 895
437 471
715 120
990 260
269 309
454 166
526 859
75 750
460 460
229 727
865 95
498 881
490 338
215 624
847 200
435 495
994 867
270 907
42 796
943 425
608 676
14 127
18 456
384 541
203 285
274 178
299 754
175 866
762 463
701 96
940 66
101 812
73 224
731 78
260 171
239 142
175 501
132 250
630 234
999 605
281 676
669 184
640 526
321 956
962 944
723 137
735 520
453 556
508 971
108 329
365 424
374 441
18 849
75 31
321 428
363 987
893 428
953 591
915 692
212 367
288 394
852 667
30 485
173 343
313 153
822 938
344 359
622 358
2 441
841 735
623 916
347 305
393 301
968 591
404 575
727 830
95 621
716 95
463 880
598 823
743 287
268 872
459 35
566 397
321 112
112 726
730 15
154 68
349 507
485 647
121 388
979 611
650 432
5 510
554 540
336 156
661 355
914 501
747 396
540 849
632 735
817 512
261 576
289 534
531 851
375 409
895 327
916 556
442 474
707 360
133 898
149 837
126 821
875 475
704 707
33 299
685 488
621 720
291 35
570 549
366 403
18 482
766 355
896 128
705 333
757 6
427 891
642 491
346 76
375 936
192 251
167 765
452 725
586 476
307 921
633 778
260 324
837 518
352 310
485 408
674 306
390 936
874 562
909 950
972 119
108 196
769 947
269 188
397 527
114 573
176 77
522 288
413 327
354 125
981 321
678 806
623 822
930 677
304 95
969 838
854 116
849 297
91 296
757 78
70 928
436 702
683 879
771 600
512 517
854 150
875 673
638 792
155 971
276 802
842 992
872 37
433 993
270 868
703 640
638 419
578 837
445 975
445 789
712 783
955 120
511 862
965 527
628 355
448 592
132 933
5 275
236 798
395 52
456 179
797 495
323 771
903 154
172 29
35 811
326 256
509 664
121 185
893 328
465 420
937 485
387 101
599 628
857 221
809 836
752 603
706 973
253 409
674 135
458 225
139 140
319 965
171 842
10 62
564 377
745 237
837 458
693 759
304 63
618 183
674 468
426 142
956 929
478 605
124 516
536 432
79 395
334 990
724 881
545 58
443 881
700 828
551 662
969 165
205 817
600 783
133 866
115 795
378 512
740 68
837 273
247 871
439 203
555 176
248 958
537 3
11 57
240 646
32 531
68 720
833 791
825 975
387 832
269 106
308 366
574 916
233 608
168 441
825 600
592 657
485 164
883 222
495 597
64 52
992 598
938 389
812 566
15 333
623 332
49 525
762 697
117 685
186 461
979 299
840 834
279 705
493 999
121 974
599 180
74 646
51 143
247 281
692 856
623 185
819 554
328 951
831 868
7 25
649 868
693 670
626 816
666 852
396 375
936 574
79 658
337 362
665 22
838 54
875 712
889 300
166 730
204 329
234 584
190 892
474 595
196 135
211 444
287 189
113 789
11 494
184 46
900 758
431 680
80 946
270 148
2 185
637 139
953 545
354 680
375 615
355 306
199 20
229 348
820 470
882 695
532 3
377 830
876 774
598 467
769 555
754 104
399 490
13 12
606 318
322 370
850 64
696 749
902 339
50 949
180 420
475 282
959 718
638 104
679 82
347 760
167 909
431 105
991 735
959 981
55 534
193 879
342 203
521 116
543 22
77 941
916 464
771 714
664 614
196 701
186 521
569 725
699 165
114 602
116 78
220 534
730 639
669 53
520 407
782 305
441 29
839 398
855 225
249 555
205 346
183 145
163 260
81 365
836 530
748 719
740 547
641 203
929 182
134 623
57 930
547 870
522 621
204 129
56 885
942 865
749 709
384 278
633 744
771 775
516 685
742 191
718 239
802 807
833 390
340 544
413 30
111 639
924 159
377 668
537 862
869 104
98 900
276 233
71 397
49 19
291 562
199 188
250 896
867 867
469 174
860 904
68 432
464 446
258 78
836 47
928 87
793 145
20 874
350 998
601 278
217 297
353 989
214 744
366 889
772 644
733 814
747 483
655 216
321 725
71 928
355 781
711 862
924 845
305 525
534 910
183 417
895 138
609 46
686 778
502 596
960 663
202 440
679 460
85 32
875 758
382 103
998 642
294 552
604 11
168 234
673 965
802 311
359 801
300 774
3 784
705 484
797 503
87 762
509 3
259 178
993 952
99 566
576 442
622 809
749 360
753 194
603 642
444 413
410 825
73 663
184 70
819 91
50 125
23 28
327 602
686 806
943 255
363 384
544 807
778 848
956 657
827 757
114 372
705 225
602 814
364 848
848 949
377 570
276 36
612 739
371 431
205 468
681 857
458 573
833 502
44 588
991 266
59 37
748 339
712 816
458 51
254 793
130 952
11 579
357 218
474 514
63 688
915 219
179 272
507 992
311 57
226 71
229 915
403 528
827 572
728 946
683 801
216 93
983 429
984 519
321 250
845 769
949 147
629 89
284 727
281 329
224 139
958 141
344 559
555 928
159 275
147 205
231 239
993 292
884 247
956 354
228 571
701 75
771 241
173 789
867 834
48 316
477 265
121 11
258 261
360 209
531 197
14 539
167 888
527 753
49 824
146 935
891 660
614 87
237 463
574 781
800 687
651 530
370 28
916 385
69 279
895 859
158 416
811 349
913 726
481 636
227 122
202 430
309 977
968 990
237 240
79 366
611 762
971 908
450 156
852 400
526 993
896 985
710 831
788 93
332 923
186 518
702 73
982 9
705 230
295 627
562 741
487 678
564 205
668 838
747 873
978 374
236 746
372 800
88 43
485 451
427 561
444 322
741 85
964 680
243 373
932 712
215 297
534 735
636 61
501 235
621 663
534 114
536 110
17 541
475 263
283 86
96 257
686 600
84 590
379 724
706 218
691 419
17 830
20 636
83 397
862 649
217 612
965 890
478 446
463 801
226 763
763 705
361 294
447 589
922 625
499 52
410 484
991 556
121 325
430 834
443 344
141 825
316 470
912 414
640 942
712 551
590 880
717 458
158 218
359 253
676 524
906 786
351 557
366 752
398 469
401 450
189 877
507 496
848 913
326 605
684 1000
20 310
122 522
177 899
236 845
431 861
357 884
4 184
419 866
141 438
639 164
725 715
662 727
311 402
569 161
933 662
867 61
675 545
864 649
766 940
980 123
354 855
189 528
87 12
813 693
339 659
261 354
758 504
297 484
507 315
22 441
863 314
299 956
829 183
948 815
842 858
152 706
820 419
649 420
40 615
969 19
178 710
905 630
947 979
418 281
336 148
173 489
182 309
845 440
697 549
723 267
398 181
947 369
690 677
979 474
364 570
572 770
964 523
835 909
285 522
800 152
157 884
847 596
265 931
818 243
637 381
4 732
557 309
831 598
884 480
96 875
450 192
310 878
267 457
492 57
850 654
823 429
86 161
787 685
812 809
584 179
579 850
965 535
25 152
928 833
348 907
669 249
516 661
756 65
589 391
296 412
557 885
594 851
987 895
905 339
38 911
333 166
152 954
219 122
349 437
870 407
794 558
560 452
625 488
888 393
49 664
515 432
683 946
992 175
108 962
359 574
574 539
504 970
992 723
753 231
47 596
389 917
828 61
848 515
383 163
427 256
433 448
914 928
728 836
224 788
777 902
709 664
388 458
888 57
311 1000
57 87
253 367
795 877
18 572
214 69
539 322
839 805
135 176
53 764
668 137
795 900
255 63
725 931
468 466
508 619
988 316
743 335
376 615
674 204
551 880
357 460
882 531
784 365
17 513
738 20
212 49
467 405
310 841
333 821
140 576
594 990
293 248
826 510
596 668
599 346
387 178
163 633
140 803
978 458
597 459
158 478
797 545
579 409
973 865
817 484
940 437
857 363
101 94
227 322
293 832
361 323
10 66
982 504
961 255
1000 657
651 513
847 932
868 759
955 341
139 867
413 602
768 157
617 531
674 172
994 995
310 521
936 142
657 958
168 209
696 20
116 269
720 816
409 989
757 296
892 420
517 390
784 278
369 311
209 353
21 753
233 144
413 971
11 634
26 657
608 254
690 739
244 111
340 361
478 364
816 846
874 57
134 602
341 699
984 585
123 302
863 998
160 636
978 121
567 899
956 301
461 734
527 909
827 119
117 48
509 552
140 205
823 928
906 409
147 439
421 747
743 470
745 128
273 412
838 459
421 559
517 809
937 390
940 879
12 494
208 122
705 13
806 815
236 494
366 486
86 540
921 11
171 757
413 171
617 918
684 343
253 390
539 942
216 159
110 501
599 723
604 540
80 632
533 738
43 66
619 893
808 666
448 735
498 444
820 686
549 677
990 193
403 911
763 658
900 955
225 117
81 791
296 5
276 902
725 957
641 410
259 75
340 549
120 144
339 889
160 398
897 786
129 474
551 710
182 25
689 436
37 767
950 519
743 780
764 408
406 428
37 883
235 512
354 517
193 959
427 159
289 89
620 440
841 620
387 379
468 347
717 379
928 295
507 1
818 20
655 715
543 189
354 179
67 363
391 716
870 348
886 812
895 306
652 979
658 459
79 736
310 281
994 250
513 105
345 641
304 462
545 505
46 329
280 940
386 86
930 945
61 564
323 412
670 490
544 62
107 172
552 364
877 597
618 836
422 656
235 748
338 891
52 453
821 487
970 253
61 220
81 827
46 803
201 847
932 7
800 506
557 484
889 184
402 652
166 933
999 862
304 987
521 57
144 609
324 364
423 783
143 288
647 730
569 631
203 796
635 474
579 755
536 974
290 410
240 30
486 948
296 351
616 181
107 316
751 644
775 628
951 422
58 764
366 4
136 49
765 757
933 863
915 302
180 303
564 904
995 756
833 601
872 939
227 423
326 640
909 652
754 537
203 904
672 601
814 345
539 970
78 231
575 931
518 367
38 342
26 891
