90 529
392 735
494 846
887 291
399 882
304 123
557 520
297 540
55 940
245 151
916 96
706 73
40 811
516 670
728 772
928 173
279 34
106 712
814 866
22 838
438 787
394 570
188 421
676 941
255 39
799 841
438 185
836 100
34 427
611 727
630 391
190 257
712 294
627 982
283 547
673 73
115 799
751 878
78 949
665 190
225 660
751 568
287 368
246 707
217 353
655 820
472 704
913 102
491 701
899 223
948 658
346 703
241 197
293 500
39 119
751 677
179 945
860 985
663 538
377 425
160 707
391 229
501 315
501 445
807 131
830 206
909 69
668 600
100 144
668 806
211 984
885 487
451 841
505 144
158 95
10 887
259 500
906 238
818 650
961 968
408 564
917 836
884 377
280 832
795 200
255 105
921 274
823 997
107 869
788 287
596 426
181 402
244 465
113 740
115 646
816 373
626 141
213 15
49 727
162 534
915 252
712 957
947 605
83 915
176 791
714 409
139 368
525 222
651 200
7 307
773 956
739 589
484 948
110 437
405 10
781 59
645 958
675 313
714 422
320 336
583 60
203 848
667 141
967 946
272 48
150 898
507 863
283 461
542 855
695 379
220 799
749 495
649 908
716 106
280 135
178 537
176 432
581 826
857 376
194 475
796 148
992 326
471 433
722 183
223 899
254 556
155 336
166 614
663 244
980 212
438 351
513 933
292 957
322 52
793 692
57 350
535 811
781 10
211 298
676 251
211 501
689 334
112 321
552 221
651 960
528 391
319 284
725 708
313 358
800 461
817 940
23 846
37 29
224 690
12 163
295 613
452 366
363 159
870 763
587 182
785 942
27 287
778 780
875 718
945 629
816 453
625 189
18 256
369 827
83 27
199 406
6 306
224 941
756 809
336 287
307 149
434 887
959 905
241 411
465 745
432 702
83 63
680 489
149 162
646 336
770 257
628 723
598 230
921 172
928 52
502 368
962 9
741 343
558 642
312 269
998 395
354 725
663 407
781 608
2 637
754 193
922 666
755 80
703 564
698 727
155 369
607 576
493 637
808 909
59 713
63 848
127 617
162 579
89 973
978 222
437 664
417 743
763 158
979 207
86 787
736 190
274 871
238 655
643 751
118 998
207 37
565 197
100 80
551 313
620 795
694 369
415 534
71 523
372 298
464 473
791 122
965 111
155 299
137 811
582 379
439 757
335 555
823 494
109 820
562 264
572 76
17 388
372 793
415 911
813 111
728 994
362 332
763 384
910 721
8 373
989 463
326 740
878 768
205 452
604 35
511 316
905 980
911 987
191 237
537 519
588 323
494 905
982 519
147 412
764 981
273 896
66 527
332 365
447 35
523 760
333 255
485 302
31 54
615 358
579 704
213 68
626 882
437 541
697 650
884 23
896 550
819 84
979 455
687 453
386 482
431 822
990 540
118 819
219 282
519 812
521 580
574 666
528 733
91 573
799 918
251 625
88 390
788 979
717 272
515 491
19 988
755 211
5 418
839 843
887 954
253 30
946 311
792 918
717 151
786 173
688 952
156 867
455 938
250 295
533 808
915 226
570 405
686 864
817 377
72 599
988 828
465 601
705 242
745 928
678 968
139 408
129 119
837 888
248 104
142 620
933 632
635 424
655 149
922 77
206 693
344 588
29 899
925 718
196 151
227 560
581 778
857 116
142 653
356 853
650 989
239 350
155 965
762 313
184 212
862 298
906 993
954 878
246 391
817 859
783 887
240 614
866 125
939 902
875 782
86 819
687 129
726 247
578 764
420 408
919 125
220 362
498 744
571 308
747 382
560 918
177 773
922 912
375 407
440 119
880 969
901 246
248 336
221 7
901 925
9 125
404 856
970 632
924 142
905 781
244 334
736 724
15 468
563 874
144 124
662 173
599 121
225 757
996 318
426 227
454 470
233 503
976 838
180 837
650 87
250 610
244 776
23 486
484 990
423 253
454 35
558 149
55 840
805 716
768 78
898 205
149 859
911 818
611 153
254 668
626 113
842 856
139 109
52 930
169 904
655 183
437 347
393 420
237 32
567 547
531 763
993 27
19 485
917 102
14 691
643 151
39 927
940 552
705 819
751 434
686 287
917 686
19 703
653 568
469 852
133 415
90 248
68 286
744 176
204 516
383 129
385 732
778 760
569 305
263 84
565 573
554 525
855 780
762 788
303 428
831 309
869 567
497 68
8 919
986 397
443 466
870 739
574 873
998 647
430 701
320 182
938 585
143 854
911 389
848 831
415 438
359 850
456 856
165 785
247 657
783 499
746 715
489 629
529 716
860 372
982 279
87 990
744 943
568 177
919 310
765 569
510 917
527 92
498 942
388 846
459 177
188 856
396 894
82 2
787 90
351 489
549 206
810 455
948 747
411 260
702 616
752 571
387 673
745 19
446 752
589 11
582 834
30 200
455 657
181 895
445 709
204 649
101 590
363 293
40 523
658 557
584 150
112 143
493 983
22 6
308 61
672 796
721 954
169 871
671 645
851 678
719 609
593 263
436 133
391 898
764 641
840 537
822 389
392 379
28 695
26 416
912 935
72 164
228 89
265 808
338 873
176 539
798 314
990 999
951 7
851 664
243 119
244 904
430 529
451 29
227 433
153 457
455 643
638 304
450 658
56 233
696 489
821 245
858 107
735 941
97 935
571 879
444 412
240 375
577 395
737 839
566 278
987 865
979 20
468 216
469 727
344 269
185 883
110 943
567 284
794 412
928 715
654 844
558 449
114 625
337 28
61 746
674 869
695 391
99 336
1 948
820 751
637 614
835 746
436 974
828 32
682 997
744 138
469 636
827 192
62 39
153 198
137 830
470 506
353 148
379 636
468 631
318 371
584 647
837 919
30 491
342 119
199 126
146 573
953 632
349 339
13 247
925 367
53 589
43 783
720 24
29 220
554 925
86 762
893 842
834 303
472 370
793 605
124 394
928 500
517 713
119 21
650 660
507 324
945 719
987 846
530 823
296 841
547 24
961 369
207 756
950 58
799 442
723 822
452 279
375 990
193 602
218 424
697 282
268 31
627 661
828 692
673 404
108 305
490 609
338 841
67 511
88 661
953 449
163 318
318 910
636 760
26 155
981 362
908 657
616 54
828 990
792 302
277 205
686 908
111 224
725 141
285 513
349 994
934 981
163 664
65 1000
223 665
844 254
440 22
588 153
182 118
104 573
674 441
35 556
825 889
778 54
933 148
798 630
926 54
688 760
540 120
467 600
159 273
747 909
955 531
384 289
294 285
50 260
455 148
151 689
657 204
175 688
44 315
5 102
518 416
846 833
192 906
507 778
425 478
743 920
370 643
412 457
487 599
88 826
683 279
184 671
444 920
937 332
573 916
617 745
74 896
434 853
51 661
557 95
273 482
613 604
949 623
796 442
63 657
222 135
796 276
170 980
950 356
24 814
702 661
239 161
633 510
619 453
29 808
264 403
677 315
40 755
727 894
634 654
92 1
529 269
623 182
707 986
258 851
584 322
939 87
325 772
382 487
334 35
484 281
968 210
951 569
551 28
841 240
299 197
824 653
589 442
732 497
289 171
137 368
418 940
803 811
611 79
690 874
923 386
192 180
791 235
188 627
929 70
325 153
343 72
736 150
76 770
939 999
2 343
699 246
510 684
792 211
864 31
454 345
670 259
243 497
652 52
68 595
908 727
219 22
337 875
564 76
634 990
753 596
363 782
389 796
838 720
526 351
697 388
549 753
81 471
188 140
833 343
149 337
473 676
6 839
511 488
749 555
614 388
176 432
862 195
150 211
794 363
397 423
632 47
608 513
141 974
935 648
853 92
782 113
836 199
796 260
570 851
582 549
432 971
288 918
703 344
914 427
705 703
32 955
810 542
317 565
916 313
182 97
613 745
250 258
750 706
479 46
754 124
789 332
633 518
367 463
734 919
561 898
31 779
746 891
223 337
158 400
558 626
423 206
85 549
649 226
90 629
723 460
963 414
487 557
338 320
83 322
582 223
174 391
227 833
658 456
380 488
773 138
51 93
391 7
782 499
501 933
580 859
680 236
699 293
597 374
683 394
923 146
392 990
917 692
74 640
243 107
118 309
501 509
874 95
492 623
214 672
980 831
257 130
87 11
201 292
106 310
567 594
467 41
174 307
884 808
789 268
526 89
321 227
455 54
46 564
527 902
669 576
785 414
568 204
99 352
752 494
939 18
459 695
807 92
629 212
748 967
172 224
660 950
505 832
487 655
240 231
827 866
285 211
564 421
511 174
900 311
914 177
339 286
393 635
426 859
776 744
390 902
592 321
240 715
882 268
554 713
288 242
624 774
804 372
879 4
943 817
693 614
648 470
554 549
498 498
257 974
874 311
102 270
886 68
538 949
887 296
946 900
22 429
233 115
913 247
782 502
432 659
547 439
771 476
310 637
798 516
516 8
396 330
891 145
250 802
575 237
807 685
741 805
949 326
488 703
195 166
887 757
412 294
541 236
519 847
932 449
211 637
309 743
608 200
264 239
582 837
744 169
447 474
730 758
859 790
525 276
594 692
442 663
239 425
702 675
875 132
373 954
52 525
264 103
404 261
839 134
595 573
451 32
875 914
132 494
331 714
579 504
804 38
978 719
706 832
306 67
44 296
416 343
930 507
713 556
740 886
234 350
470 78
774 522
750 143
685 100
47 254
211 137
387 519
320 536
744 625
803 674
490 162
762 482
774 799
371 131
246 781
501 333
968 350
548 557
524 262
265 691
880 1
467 722
750 379
701 839
166 298
863 630
421 10
253 625
572 617
652 77
156 387
966 747
256 485
458 599
90 228
336 546
376 643
467 577
764 75
67 298
976 490
391 278
861 166
221 156
662 681
572 389
959 113
91 451
283 719
956 358
515 509
527 712
39 88
759 412
297 378
204 410
339 404
19 981
851 775
487 123
457 234
856 403
537 986
539 385
304 879
320 322
743 599
491 127
721 801
323 25
902 538
799 259
351 639
797 184
861 238
755 87
790 33
199 151
81 785
131 258
144 434
303 855
391 967
365 663
842 599
736 967
876 393
956 413
331 85
819 280
617 354
291 389
741 81
853 610
662 255
344 738
819 579
277 342
525 304
293 792
147 788
931 789
232 704
189 977
824 382
844 953
526 644
420 39
863 446
439 327
123 812
698 807
608 1
55 677
698 25
855 868
878 265
93 854
971 315
293 91
382 826
765 148
520 60
253 720
937 833
689 900
51 904
588 65
728 901
106 558
395 587
245 922
322 942
423 251
639 735
150 977
824 794
503 853
24 172
786 649
988 514
164 154
466 171
456 291
176 759
408 679
773 600
910 477
26 802
2 117
979 774
530 506
804 974
294 909
268 434
195 672
150 816
487 381
156 367
173 800
484 432
784 226
357 598
789 627
453 310
897 159
720 892
991 738
566 863
130 530
925 240
780 665
769 904
597 672
549 669
233 742
4 323
157 919
800 136
839 440
700 19
8 743
101 30
462 602
418 191
113 281
899 219
786 915
595 647
670 611
977 806
356 142
831 914
521 935
276 573
834 958
250 263
53 227
280 517
280 99
972 3
984 606
464 87
236 763
467 428
144 94
848 85
823 805
909 52
803 144
446 820
606 536
316 327
858 791
764 337
755 917
456 590
912 313
996 83
697 199
829 896
127 481
450 241
690 431
309 835
267 658
662 698
221 114
620 219
155 132
803 165
135 417
868 675
745 541
461 903
926 428
545 673
298 715
784 578
822 733
429 337
802 759
477 200
298 211
26 600
781 633
737 539
557 398
434 74
339 804
265 206
370 848
512 935
157 652
690 364
981 119
699 6
588 749
173 672
95 62
145 616
401 212
849 897
292 188
454 436
697 516
572 568
60 19
795 836
469 613
165 914
509 678
848 120
74 957
13 255
218 355
735 873
971 375
134 161
536 66
950 55
157 949
184 844
162 382
683 557
310 744
892 674
695 433
766 87
635 639
477 267
854 365
136 998
836 874
194 70
755 499
258 31
534 693
294 289
499 709
822 540
646 110
483 305
963 636
917 593
963 350
207 910
79 474
872 849
308 325
79 807
492 571
586 354
854 317
893 417
544 898
773 859
3 99
666 867
759 628
443 725
699 641
544 261
115 279
394 572
160 672
38 515
260 777
228 547
899 974
396 78
676 826
707 508
650 659
974 3
890 903
937 336
463 730
142 253
725 595
513 730
325 627
447 885
726 213
295 577
532 233
59 644
732 1000
673 743
744 261
982 474
295 498
769 751
534 378
767 336
598 134
677 972
655 531
26 448
917 255
396 272
124 651
317 718
375 818
987 76
985 953
700 7
441 759
266 677
289 378
839 41
630 611
263 871
759 785
232 547
720 211
617 563
845 967
737 733
66 615
702 118
318 115
831 717
418 304
33 732
329 229
927 651
701 551
581 139
766 469
306 520
660 126
296 474
258 175
733 470
377 278
629 533
212 280
985 732
94 840
464 579
274 749
927 29
488 893
944 585
713 168
177 835
284 417
529 454
99 497
843 494
878 131
820 350
767 610
934 367
899 311
607 750
508 396
814 807
991 307
801 407
123 765
516 38
112 184
183 987
531 118
230 702
719 34
758 375
831 59
560 470
563 45
294 659
707 467
857 87
862 381
586 800
414 402
826 491
456 186
437 660
76 619
634 651
599 927
372 587
440 501
423 845
864 885
57 530
510 406
26 759
734 743
915 67
945 639
847 518
750 91
112 845
11 790
663 709
499 232
733 17
138 976
468 880
862 908
783 228
931 157
725 500
596 264
644 372
561 634
658 991
195 554
880 619
501 480
945 529
377 582
568 391
466 323
805 26
327 715
935 925
393 186
373 393
703 683
422 28
619 337
