134 802
650 189
710 41
489 862
790 597
926 831
591 960
728 869
428 469
872 839
729 763
327 598
583 630
476 11
864 627
253 559
799 914
255 55
873 923
82 291
189 861
378 645
617 611
220 52
924 485
401 745
954 209
135 98
630 707
515 656
128 276
891 45
910 884
707 913
658 749
72 293
980 435
454 607
560 371
474 53
649 489
815 741
413 367
141 846
971 461
588 994
288 81
306 761
870 199
326 450
847 681
423 174
448 363
668 640
513 786
19 966
638 608
703 329
890 15
296 524
289 666
192 171
950 277
547 717
820 238
122 125
889 13
284 645
548 932
546 678
756 611
428 671
176 846
455 352
509 29
733 833
485 184
240 550
260 188
872 744
893 702
969 914
713 640
354 701
471 925
512 740
604 929
573 564
871 290
512 823
799 983
734 601
975 469
532 410
991 257
802 445
904 661
75 513
997 30
375 327
39 403
609 235
315 117
644 366
331 454
26 233
38 234
616 838
444 662
275 325
306 814
260 863
803 603
726 896
667 584
589 83
453 393
900 617
95 778
759 855
478 668
85 221
288 745
763 325
784 524
427 415
380 407
52 808
443 15
385 960
865 439
114 553
422 167
131 539
967 48
999 503
794 213
513 443
613 172
838 584
417 867
839 129
4 965
984 964
493 481
477 581
301 444
195 344
122 83
11 764
811 877
70 36
957 794
25 627
286 467
349 75
903 504
100 36
615 121
170 180
907 812
773 81
586 387
397 722
767 820
492 980
692 253
372 764
257 620
319 970
873 846
914 749
911 584
646 638
105 205
193 935
852 473
927 15
579 255
113 454
389 289
39 33
311 737
368 241
260 140
969 680
119 267
122 209
576 593
636 840
931 332
262 488
726 817
377 89
334 634
761 927
81 49
754 701
810 927
689 212
727 801
603 178
369 996
109 366
363 518
816 669
615 108
883 105
720 947
194 868
255 785
21 43
902 752
218 550
133 849
823 956
539 715
263 833
90 674
699 139
310 269
940 158
437 823
34 409
574 923
778 161
767 535
619 106
297 246
296 516
859 227
447 780
452 580
625 581
428 226
799 75
270 92
479 128
118 60
463 457
997 921
439 506
763 367
809 984
537 73
123 966
991 252
6 588
97 52
37 836
866 238
932 570
528 742
48 547
469 929
763 326
361 486
432 307
854 52
413 704
121 503
44 374
415 566
761 687
673 684
20 489
141 450
635 267
859 805
650 977
562 103
985 955
779 267
592 973
462 643
267 25
539 541
826 138
696 971
640 632
531 530
376 201
494 496
470 565
708 957
32 704
144 771
578 872
322 674
435 288
352 216
334 468
774 432
93 62
97 634
846 614
768 181
500 317
129 864
912 594
138 427
594 442
284 45
852 93
51 897
11 937
271 640
126 774
190 254
403 350
49 587
361 808
534 108
422 243
732 777
982 164
393 483
35 133
43 313
2 887
513 991
539 224
128 424
23 628
273 788
649 442
120 575
167 986
176 57
138 112
447 812
474 521
569 974
86 644
85 609
814 731
956 497
70 966
594 713
235 738
124 205
941 73
371 563
421 86
248 655
139 822
578 902
379 777
626 410
190 484
588 866
125 358
124 361
497 391
62 674
371 338
530 270
822 957
427 787
899 521
997 681
855 161
673 582
378 879
336 662
19 548
127 438
389 362
450 977
110 853
852 351
903 790
515 703
479 545
946 756
399 307
369 612
967 707
583 602
156 644
469 540
591 715
103 16
979 578
898 191
597 828
976 224
84 440
133 997
105 113
637 937
149 477
919 792
564 391
742 70
137 57
125 594
751 762
187 72
38 814
346 828
44 638
616 25
581 365
539 492
670 52
83 165
136 167
93 116
144 427
92 133
818 346
566 99
642 243
853 485
390 563
129 319
848 523
833 859
756 789
456 54
215 956
388 427
992 963
603 975
671 532
137 395
729 941
457 526
934 775
819 230
307 412
515 369
688 41
294 63
295 10
252 916
122 925
146 115
603 581
485 733
571 260
728 412
650 823
224 91
73 683
398 994
334 183
856 119
332 954
893 786
165 995
791 883
410 571
950 226
179 625
687 608
190 911
905 151
826 581
627 91
973 262
421 488
965 403
860 759
252 70
706 721
632 720
291 400
432 348
491 117
678 635
579 970
692 402
143 280
897 784
867 273
617 905
981 608
220 719
245 703
391 540
709 508
418 415
478 3
174 612
72 653
659 588
292 866
96 950
829 143
810 499
644 238
93 612
199 180
108 430
934 519
709 484
175 972
107 737
948 651
423 892
994 457
661 633
35 919
809 507
918 599
155 409
66 68
771 184
532 787
102 147
29 516
856 223
605 393
420 389
87 651
902 94
943 337
295 108
354 86
331 536
880 483
827 781
511 376
981 930
254 692
589 197
785 234
790 273
582 701
781 693
427 505
490 784
523 337
15 386
235 628
448 701
385 105
140 872
347 276
591 863
684 228
859 752
213 248
591 510
247 854
769 290
14 438
210 866
99 634
923 467
338 530
849 807
304 442
132 571
270 346
229 513
500 883
815 274
476 487
570 509
584 243
975 111
64 921
885 522
933 848
109 70
661 879
831 694
386 4
395 932
358 245
432 715
155 80
179 408
455 462
824 562
111 94
405 450
908 794
112 471
586 451
155 217
187 296
279 815
153 110
389 355
550 743
693 455
486 398
811 655
561 741
98 745
240 771
871 783
646 622
847 672
732 178
694 61
867 592
746 100
877 738
143 330
2 118
350 217
366 425
645 708
591 31
55 921
493 281
65 546
646 414
487 170
811 112
73 432
661 731
949 533
256 280
848 543
747 892
984 227
844 618
382 805
751 121
283 375
184 747
735 531
550 184
424 596
366 943
505 52
462 315
322 127
572 613
264 420
810 199
803 622
986 899
565 454
326 612
600 674
895 26
85 70
830 368
28 93
475 360
680 981
956 179
318 975
835 1000
760 522
261 207
575 583
525 623
546 154
515 221
232 191
307 408
303 733
969 676
896 279
852 539
361 298
327 80
637 316
629 952
443 746
790 97
139 454
908 622
688 601
456 35
301 448
62 818
546 764
56 572
64 807
877 526
119 469
630 530
69 240
282 386
981 962
296 276
793 683
461 335
713 694
679 50
811 451
929 368
347 911
920 572
125 34
137 198
732 145
93 284
355 685
477 573
514 962
248 46
422 490
480 87
839 109
143 194
558 173
346 305
127 200
967 581
852 430
190 994
652 852
490 193
783 566
862 799
233 80
334 295
854 329
579 24
70 971
887 530
409 50
38 513
393 133
92 410
770 471
926 343
954 802
979 658
76 148
660 808
762 455
597 817
34 309
136 109
980 177
718 231
744 462
962 78
785 535
665 127
844 458
460 46
143 342
713 366
255 200
906 303
982 774
512 62
579 803
226 608
772 925
572 675
962 433
590 891
255 350
474 10
789 122
635 483
613 423
640 907
530 126
989 909
120 197
385 492
47 710
202 265
288 448
878 582
404 381
912 613
665 378
822 777
983 377
755 384
674 78
33 674
588 561
283 921
37 216
958 158
968 465
423 337
237 398
324 235
568 375
899 698
711 900
979 1
20 262
929 572
388 551
847 529
393 833
30 550
936 166
748 239
619 610
696 711
684 205
325 945
834 388
550 433
221 954
467 586
318 136
729 534
799 426
156 223
774 906
623 900
834 518
568 357
341 915
396 434
844 885
783 450
952 1000
625 413
676 390
60 337
752 279
386 437
902 385
78 667
291 982
106 214
304 356
311 144
603 5
972 48
956 130
824 614
11 652
286 180
975 443
581 240
858 695
927 687
430 505
179 12
163 397
34 56
418 455
261 497
716 796
489 216
244 171
632 387
680 536
846 470
610 902
81 49
580 98
942 374
235 533
755 759
853 243
101 348
310 889
31 870
74 604
621 441
536 580
351 338
428 170
616 942
233 767
540 466
870 330
696 88
273 428
876 695
70 973
692 937
424 899
388 293
510 179
947 777
158 664
714 38
404 338
752 914
570 378
602 13
891 503
227 204
696 751
452 927
932 951
574 450
550 945
235 814
105 686
162 986
180 829
278 533
374 244
863 848
713 938
340 954
169 529
871 65
640 144
604 385
577 492
312 779
354 13
753 577
189 66
916 868
624 715
83 348
261 177
316 659
703 237
481 375
898 367
134 589
290 438
62 984
216 751
357 467
990 632
319 535
732 584
345 622
329 858
295 965
168 179
144 809
538 605
176 979
868 496
743 57
830 331
904 51
686 436
583 806
859 26
146 929
890 135
801 677
491 871
947 20
902 134
566 276
938 197
398 413
690 175
562 578
818 566
791 997
928 775
196 843
529 312
605 300
674 115
89 913
193 133
82 133
512 92
305 985
905 232
201 117
166 89
248 733
598 155
693 892
93 35
913 674
842 966
552 562
444 35
668 549
169 513
935 952
543 853
921 35
42 430
505 139
639 380
423 967
462 10
194 477
245 60
288 472
814 831
251 642
579 884
234 552
189 861
484 931
844 138
286 511
255 919
891 572
72 22
35 404
913 197
724 233
518 482
714 818
600 28
940 630
87 981
624 458
623 365
900 881
607 398
181 827
940 839
945 523
782 997
501 760
12 383
639 308
778 869
216 301
479 710
279 426
254 339
744 814
756 906
332 699
90 214
942 467
408 123
11 939
371 939
362 187
937 292
244 902
241 235
456 191
791 506
959 270
42 241
948 651
919 820
170 939
858 308
477 430
872 884
719 443
903 843
192 136
633 844
253 218
854 884
791 204
606 463
947 993
913 31
647 55
678 657
126 304
896 415
477 472
19 150
479 462
368 129
374 863
76 566
28 943
204 375
528 30
931 352
509 161
846 220
798 885
433 373
24 254
267 54
474 387
483 368
612 825
736 658
891 186
448 594
464 546
232 473
94 879
821 151
617 934
30 49
427 576
587 283
541 514
864 518
552 414
551 926
320 857
188 940
671 855
501 760
171 560
745 852
83 189
58 955
502 885
190 400
446 459
922 964
154 868
103 365
743 917
700 516
319 624
186 750
260 757
1 337
937 720
471 114
215 907
625 277
78 516
213 150
517 282
152 205
889 986
614 27
939 787
264 440
388 100
611 40
796 86
37 981
980 795
57 141
314 471
463 437
655 166
12 64
911 80
633 274
531 630
741 240
183 811
121 112
958 364
192 517
667 482
315 765
608 789
933 94
717 706
701 558
153 449
349 447
839 364
180 932
39 432
954 768
969 145
489 648
835 421
209 365
186 589
10 872
508 901
352 90
631 849
443 52
368 952
769 712
764 558
989 259
868 24
888 8
84 305
197 205
526 563
139 991
378 457
921 38
502 871
174 807
483 272
452 374
88 452
804 765
785 803
198 538
910 396
959 984
257 388
487 67
824 230
798 226
374 9
875 174
726 368
580 853
518 964
243 110
405 866
126 254
461 905
324 625
249 289
613 506
540 141
542 709
912 821
514 965
322 625
589 751
193 206
175 771
987 988
907 628
245 975
667 576
537 231
918 69
282 566
346 386
387 150
137 809
299 986
743 898
174 910
818 957
635 842
452 210
739 911
480 230
548 985
388 842
711 718
638 330
366 32
827 794
743 832
110 666
89 299
635 259
137 718
530 143
456 325
599 867
306 33
444 867
753 62
670 62
239 569
490 40
541 720
853 725
3 882
472 36
664 312
774 238
35 59
768 554
668 185
521 195
689 906
638 310
582 506
888 11
631 673
560 957
836 116
137 256
963 844
666 389
610 814
610 558
860 751
257 100
463 126
488 738
285 70
643 381
853 175
662 879
795 287
870 480
144 694
369 556
32 125
979 485
84 370
231 671
946 865
779 474
796 85
867 835
297 267
389 983
563 119
505 941
678 326
839 218
708 817
168 318
434 485
457 443
820 718
665 821
290 62
316 84
940 797
856 295
184 444
507 594
635 191
710 641
16 421
763 610
373 270
720 662
347 880
336 982
966 692
726 752
734 910
748 373
892 430
262 627
412 883
172 771
71 700
526 986
924 481
222 619
81 516
616 785
873 266
149 17
790 167
431 714
252 954
584 995
735 680
343 81
930 678
154 485
666 560
992 436
937 901
957 128
579 1
941 934
920 706
979 96
126 777
116 186
434 937
598 175
246 372
882 357
195 622
509 557
414 266
693 413
904 34
422 82
86 504
965 400
936 722
413 3
547 470
575 793
60 557
404 397
687 225
927 207
442 206
529 811
977 488
969 886
983 664
426 908
290 224
774 509
943 45
594 501
890 98
40 173
121 518
950 775
997 903
826 770
695 672
64 412
169 635
53 356
591 115
92 929
620 413
451 944
337 706
153 437
467 808
837 476
440 333
489 804
326 249
895 407
88 247
445 517
257 47
489 111
673 400
826 502
762 601
765 807
545 561
455 753
972 980
130 112
120 123
581 895
498 928
29 473
436 711
72 125
449 649
1 196
787 122
179 750
641 310
866 860
149 368
15 480
957 43
699 832
178 106
506 173
468 966
91 227
396 578
748 170
762 187
889 413
124 715
185 878
454 988
659 39
594 833
209 435
981 960
209 106
451 497
370 89
308 372
110 419
941 383
830 774
423 277
470 905
823 715
421 806
215 214
275 158
63 15
16 625
416 950
211 642
773 124
255 717
899 412
10 347
916 981
873 226
669 136
380 97
769 913
640 992
630 3
773 360
636 927
861 956
846 627
770 977
286 869
106 618
891 145
942 167
632 270
167 806
565 295
775 42
848 267
56 812
312 982
831 447
748 133
248 705
890 224
476 42
339 476
866 186
215 485
395 524
494 247
934 951
136 998
725 170
207 254
699 534
792 927
615 372
783 823
987 835
198 71
918 159
31 754
557 109
941 672
837 317
218 657
204 913
458 183
578 137
140 330
409 624
544 915
964 481
385 157
509 49
329 74
874 285
703 765
12 716
66 526
296 415
144 176
21 200
355 447
620 54
592 206
706 679
362 966
647 448
635 458
774 529
528 675
218 534
752 718
94 836
644 888
571 218
38 343
259 535
688 361
8 833
542 82
807 908
33 687
688 918
805 819
352 900
966 362
964 26
302 772
393 404
716 113
443 572
815 49
917 957
12 771
764 260
220 64
302 907
771 919
282 290
768 263
370 96
492 734
633 8
932 237
714 338
278 551
429 520
517 727
901 341
125 17
972 734
649 351
157 407
206 28
25 570
649 364
903 346
478 281
484 184
177 878
845 76
815 854
133 439
161 437
444 571
116 120
122 557
151 167
96 10
628 966
948 340
720 955
449 814
343 200
265 954
927 122
695 328
10 931
739 157
192 988
779 925
328 903
970 284
285 696
103 96
294 203
643 985
381 767
890 134
500 200
111 189
119 939
795 495
792 367
299 426
726 558
723 167
721 370
372 518
141 628
698 210
660 317
78 618
5 291
659 668
80 610
283 883
879 834
297 676
18 588
559 35
743 335
467 82
63 692
915 830
636 598
677 478
717 647
827 744
955 937
481 856
351 694
706 579
775 767
241 632
631 178
669 920
476 961
841 105
60 772
429 205
958 468
794 950
921 602
309 582
410 301
179 539
854 106
186 574
640 324
328 380
893 537
291 722
646 624
779 672
404 363
920 430
887 207
53 613
815 789
389 101
224 433
514 892
296 589
796 656
356 636
641 90
383 494
42 303
122 740
41 828
707 871
614 351
735 384
685 482
646 791
107 275
436 314
159 106
827 825
181 785
41 38
801 348
463 443
811 522
831 140
339 379
413 619
246 289
528 681
74 19
432 390
285 18
678 272
801 949
854 113
313 285
738 878
586 538
567 702
718 201
284 991
958 552
678 769
509 189
934 721
726 731
831 24
775 915
709 98
10 26
485 307
494 782
789 555
562 157
791 544
564 260
521 129
45 780
647 569
601 271
705 407
686 87
153 113
35 298
88 960
332 245
825 796
831 787
129 947
279 672
735 470
940 567
145 590
634 75
383 444
640 609
692 204
708 588
398 475
425 174
176 101
867 294
883 324
75 552
600 628
697 689
149 779
474 99
475 389
859 178
926 552
208 191
141 662
720 502
11 60
482 430
731 704
864 828
232 800
197 590
45 698
482 177
264 298
139 713
856 850
502 94
749 865
154 997
751 160
467 387
813 505
117 225
83 352
392 377
449 913
142 285
577 259
460 501
348 860
149 206
590 660
186 633
999 349
136 743
870 655
452 719
287 496
594 937
281 234
50 990
94 796
791 233
50 646
429 922
211 484
735 273
731 247
543 506
42 863
779 809
19 819
502 10
598 385
534 565
991 577
215 479
325 789
183 634
791 247
859 728
755 221
129 997
44 585
311 2
661 624
234 760
557 127
653 775
826 569
506 848
783 584
411 295
615 793
808 132
835 199
986 459
342 389
538 935
931 800
609 865
641 342
833 806
493 568
403 590
446 842
345 941
195 607
39 448
71 673
706 926
936 612
823 956
391 39
244 60
830 380
101 606
249 785
158 921
491 920
364 18
344 611
939 19
699 345
82 682
833 521
666 870
956 150
291 400
715 364
133 524
23 200
896 825
885 612
799 188
339 706
53 247
827 357
259 779
398 568
641 251
171 556
965 649
647 834
817 364
747 43
963 472
305 632
64 918
644 277
429 767
892 75
697 82
915 91
974 772
359 29
850 623
51 178
912 261
980 166
422 656
210 816
940 555
675 551
95 778
101 385
409 679
807 630
806 949
164 234
713 965
882 272
772 131
107 583
909 547
494 692
715 768
672 399
213 210
483 644
50 6
569 932
234 84
573 875
376 180
747 36
672 414
979 1000
756 948
461 600
389 841
848 712
618 488
154 699
501 356
540 348
270 585
567 421
392 794
879 848
787 680
500 581
698 419
12 661
925 297
483 646
475 178
351 190
160 773
467 639
29 142
193 213
339 155
10 546
541 862
959 883
602 393
263 713
570 702
700 314
818 799
469 229
107 572
39 192
600 726
317 492
547 375
