862 430
546 948
538 753
232 629
648 536
179 998
459 262
547 589
460 911
926 334
705 512
681 107
115 495
117 773
192 287
403 963
627 423
709 682
518 354
70 999
34 1
560 505
637 924
759 520
853 542
178 554
75 191
560 600
23 991
691 996
480 46
900 99
317 472
850 465
9 497
102 765
731 4
159 402
973 238
338 153
360 203
644 268
665 848
927 308
789 115
874 354
484 419
479 754
634 485
925 531
732 657
625 266
751 886
522 235
837 205
147 693
182 315
622 568
538 328
186 282
664 43
706 973
317 564
551 854
230 171
134 719
120 240
33 490
93 482
523 640
993 825
604 722
967 957
937 18
526 154
404 475
613 913
411 2
290 410
219 169
670 173
505 973
497 367
927 874
782 450
936 532
415 204
929 828
238 622
877 973
512 833
354 433
917 927
599 825
2 356
42 807
572 801
30 41
497 479
579 481
409 761
938 128
764 544
982 497
552 233
979 345
111 228
974 708
355 844
233 252
396 551
468 774
170 655
333 538
878 876
215 648
56 382
852 690
76 793
603 578
934 702
639 223
570 756
548 540
481 276
569 194
405 605
147 733
634 685
264 989
62 665
369 359
192 195
129 466
433 442
948 536
386 186
277 614
598 53
437 849
968 344
754 933
528 710
268 92
17 541
588 749
995 49
428 592
3 318
626 394
475 774
683 235
67 56
583 536
946 670
547 168
308 173
515 162
27 844
882 436
573 411
986 190
972 624
66 618
690 707
332 769
497 371
238 118
803 738
198 187
190 587
124 348
556 896
649 479
930 37
301 682
327 221
990 483
29 285
439 82
144 857
447 825
949 4
890 428
934 358
155 17
147 9
559 825
901 109
757 124
772 173
850 786
597 521
766 966
315 245
599 905
896 690
483 188
873 747
730 783
625 770
501 671
272 265
981 382
64 276
355 350
825 561
905 388
791 230
197 576
47 107
985 965
702 355
188 817
730 592
871 93
260 993
115 274
960 198
748 573
893 318
860 136
15 683
635 260
452 923
121 765
396 239
430 50
464 354
223 742
246 385
414 619
521 808
848 845
995 616
443 875
771 761
711 667
54 109
233 15
748 769
795 539
701 428
260 428
1 859
765 24
198 248
611 376
731 983
179 424
323 101
96 897
400 369
437 580
785 368
66 230
58 777
527 212
684 364
310 67
845 198
915 293
922 146
981 581
643 579
865 89
511 414
89 519
112 23
358 848
989 650
526 243
440 803
400 200
676 468
309 1000
633 125
394 45
70 438
40 288
227 649
329 951
727 685
262 46
13 855
481 857
50 799
47 2
164 301
291 514
169 671
419 239
950 681
491 417
788 542
202 962
385 179
421 52
101 513
326 68
849 501
744 151
842 428
551 172
908 640
309 343
98 136
210 384
701 729
13 756
734 793
757 646
909 579
721 916
721 381
199 232
767 548
11 889
469 690
27 176
294 400
860 97
390 563
554 110
337 362
468 844
447 734
497 853
332 911
484 119
908 345
489 638
101 865
460 5
855 929
95 675
988 493
781 27
464 926
783 55
867 185
334 772
887 762
540 853
461 135
247 280
432 760
2 703
495 291
926 503
378 447
148 357
261 92
569 1000
512 211
958 906
55 315
680 956
518 962
17 269
435 80
523 144
56 823
439 455
488 459
212 171
365 623
348 309
282 712
996 113
429 7
831 454
592 781
109 232
917 818
494 351
273 881
450 497
725 487
674 196
80 49
923 513
823 35
383 153
86 595
47 862
648 396
72 922
155 543
996 962
607 121
458 368
940 289
501 539
534 7
579 408
800 71
52 450
776 563
735 367
464 395
230 683
288 402
808 62
127 989
545 460
871 615
880 578
479 410
996 745
626 733
516 714
997 935
999 258
696 687
498 33
512 54
145 636
680 271
487 1
132 972
509 769
367 815
51 537
631 719
385 306
595 236
742 814
912 82
140 21
342 409
481 825
302 464
279 741
193 91
708 568
551 706
782 823
498 496
400 668
648 945
863 899
51 175
750 819
874 672
956 678
641 331
985 727
932 546
572 102
918 852
292 630
426 920
401 963
53 983
287 69
281 340
257 910
363 603
151 301
346 543
258 25
830 685
518 607
147 203
287 579
402 993
3 758
318 195
677 821
862 829
127 219
577 15
523 391
20 39
439 192
464 371
630 356
137 978
79 89
558 434
409 467
499 131
933 623
665 69
191 215
332 323
957 371
843 465
29 684
344 278
588 54
4 609
786 437
299 152
177 958
382 808
765 656
687 600
947 476
137 204
243 841
187 839
416 182
348 984
289 881
835 457
72 405
935 289
41 999
317 170
180 853
512 873
642 696
495 300
289 630
604 68
245 870
601 798
622 85
584 235
492 904
393 606
746 19
820 790
195 454
704 540
880 603
176 498
854 217
877 878
657 337
677 68
327 897
267 949
189 924
73 137
236 849
227 984
815 721
636 461
532 921
105 347
171 764
820 126
337 218
789 849
977 8
445 22
815 122
913 439
43 294
69 849
312 459
26 634
868 871
460 935
394 151
900 79
595 948
394 167
475 605
348 233
532 219
562 637
999 342
18 77
683 386
228 487
627 991
806 483
641 132
650 568
270 226
273 616
31 921
301 397
224 422
232 786
653 132
478 152
560 452
200 505
129 373
920 967
155 343
359 943
558 134
511 789
269 606
960 101
551 614
801 219
754 312
61 743
530 752
696 712
128 654
981 735
680 827
938 251
252 796
714 57
772 693
368 362
754 105
585 309
727 886
589 186
478 136
854 275
229 477
831 940
671 559
275 302
752 576
956 772
185 733
427 700
728 295
809 363
378 855
747 805
961 887
126 24
320 543
292 100
121 490
15 365
972 656
709 177
448 632
595 239
309 204
294 358
926 65
588 599
32 401
807 786
385 737
883 341
560 269
983 486
836 183
604 312
751 703
404 396
888 955
402 333
406 881
134 785
629 857
542 527
855 99
539 613
210 646
531 257
163 907
618 139
54 123
559 997
46 264
459 134
99 783
464 899
988 697
319 477
366 27
881 265
828 681
160 588
178 788
724 108
809 192
290 938
241 236
780 185
293 922
577 110
421 44
439 131
210 750
52 102
211 892
49 250
873 799
287 791
681 468
258 201
249 702
317 541
777 157
311 104
6 274
915 328
631 517
545 189
657 343
419 748
718 329
221 372
106 183
205 657
837 584
352 601
785 853
615 996
994 102
257 815
494 21
567 258
76 6
695 991
979 693
860 52
84 447
356 446
16 580
209 701
941 477
94 859
966 392
709 331
524 730
757 671
863 57
965 896
370 517
937 780
872 526
346 778
93 333
333 555
257 452
8 462
599 924
199 740
845 730
94 199
977 787
573 173
523 870
587 1000
539 589
536 889
195 395
340 700
236 611
156 733
772 620
184 52
943 612
523 263
209 819
366 221
904 837
973 299
85 736
351 137
84 50
383 299
453 637
952 572
730 393
245 830
54 429
907 977
588 907
595 287
772 987
557 939
943 732
273 300
766 441
740 70
646 67
184 764
814 267
750 978
773 17
685 578
447 781
144 816
709 266
264 963
601 832
553 133
141 584
550 158
127 505
897 72
645 267
107 193
199 37
741 956
411 487
509 386
316 469
587 131
747 647
20 464
561 814
446 447
31 130
405 797
868 83
284 296
827 401
557 698
109 801
519 934
897 975
76 600
376 682
746 847
873 612
449 158
86 509
254 123
979 32
394 889
574 431
559 134
853 160
183 453
666 378
65 873
245 231
480 79
389 64
375 689
340 143
880 740
287 878
419 278
377 619
240 494
218 391
337 590
370 229
994 141
76 876
604 493
430 718
807 292
80 879
508 740
963 183
714 380
795 651
933 864
144 466
531 979
38 879
173 377
687 464
893 259
224 54
369 547
118 75
372 672
425 233
252 652
171 436
557 925
651 146
399 306
911 186
985 755
493 833
754 216
150 604
44 686
281 931
518 645
487 287
469 58
581 108
936 682
63 634
994 859
245 368
686 216
994 808
159 754
102 757
307 803
917 351
714 711
432 975
990 988
598 366
477 765
245 8
43 410
718 808
920 577
567 745
58 648
228 31
613 723
856 229
381 611
520 907
726 404
293 496
382 378
51 491
556 543
368 968
220 404
462 184
59 636
189 684
421 143
580 841
708 499
752 559
941 999
8 703
919 918
19 947
250 606
956 705
542 721
754 722
831 304
665 23
568 264
129 330
676 113
558 458
707 494
396 455
480 442
341 484
291 240
247 820
913 144
930 906
138 399
921 580
982 398
78 681
574 514
76 867
371 489
794 558
501 445
939 987
688 990
615 102
327 567
532 831
34 202
564 929
56 937
298 15
632 401
840 622
594 483
320 195
258 507
420 19
75 263
780 722
96 87
273 26
66 123
274 853
399 579
8 54
211 326
308 953
772 680
737 726
652 860
962 459
88 107
851 402
634 141
165 398
913 394
545 606
730 6
95 889
838 709
151 577
139 23
359 376
410 146
790 15
219 825
57 129
170 844
648 760
464 195
832 268
605 41
81 99
62 363
187 90
463 137
50 333
810 621
667 85
140 724
99 840
530 121
740 971
546 42
140 489
570 427
263 256
166 682
769 442
932 150
408 728
724 128
582 272
588 67
14 497
793 589
944 319
465 970
551 376
276 214
704 972
148 210
672 330
87 770
805 17
267 38
278 613
794 424
926 981
986 195
570 194
364 581
735 663
576 34
891 371
107 790
183 72
628 99
2 614
581 315
335 551
172 833
470 31
170 644
143 125
508 930
39 545
325 739
503 91
728 211
722 522
395 800
456 954
945 27
549 31
886 533
395 971
975 11
37 357
157 272
856 357
79 125
436 913
9 253
804 233
362 899
675 609
421 177
212 25
350 161
324 870
871 436
405 797
127 379
385 784
815 772
975 923
929 286
306 143
990 466
956 492
561 169
486 236
110 168
372 922
170 952
476 833
696 464
908 985
559 829
84 418
936 872
307 389
751 953
467 518
335 503
515 315
227 802
252 988
376 966
180 308
542 441
148 453
377 305
738 65
777 325
974 400
658 732
268 865
411 924
17 519
333 88
28 684
675 675
280 408
623 563
419 10
510 240
450 329
848 869
16 193
553 772
716 120
845 283
713 995
907 296
913 129
599 399
897 235
204 351
563 754
641 846
73 46
61 547
651 894
733 170
368 315
614 817
414 540
515 782
166 712
691 995
886 398
727 410
452 210
943 710
88 208
269 4
657 31
837 115
416 666
199 244
955 279
161 518
734 844
424 430
497 817
880 161
918 232
801 286
912 24
829 194
929 519
422 7
237 323
541 985
944 225
67 52
538 194
525 60
872 955
32 180
987 436
542 430
884 853
46 676
334 815
558 758
165 521
768 984
216 164
835 246
562 306
711 734
576 413
684 128
81 974
157 848
883 28
567 706
313 305
119 57
657 60
554 626
842 141
35 606
713 577
107 805
459 205
980 382
416 364
114 769
888 924
928 346
546 902
306 859
699 803
404 435
511 147
472 230
181 544
519 191
262 454
939 330
761 678
676 346
642 863
383 271
508 930
546 861
762 997
613 203
244 97
873 136
168 873
716 173
140 755
909 441
635 565
267 144
268 571
317 212
342 965
909 694
410 714
762 398
215 403
235 892
80 757
763 106
105 433
571 385
334 128
47 855
848 161
361 260
546 750
367 267
260 140
985 597
77 795
244 8
849 308
763 162
92 819
209 520
204 264
220 701
145 779
695 441
180 923
548 871
415 312
125 423
627 576
789 578
3 724
128 837
591 720
306 723
996 246
983 490
362 538
457 319
692 933
773 73
239 139
638 276
822 206
868 771
838 909
175 688
85 648
72 635
212 534
523 596
425 503
952 212
707 256
293 246
832 951
595 81
892 541
985 957
804 82
155 946
600 201
93 129
833 824
231 241
848 525
318 689
117 86
977 873
394 225
662 837
60 513
252 266
602 366
125 282
904 624
680 989
973 473
308 566
802 979
905 354
793 274
44 251
563 531
884 461
273 316
464 66
949 80
806 523
675 566
766 606
322 223
90 964
934 565
816 715
590 180
171 987
321 39
859 226
976 474
667 647
494 31
241 345
457 980
595 968
712 871
976 357
274 760
264 202
811 799
136 564
905 884
56 93
897 981
88 863
789 851
262 633
913 165
461 195
786 688
857 681
453 890
925 425
621 359
729 732
286 52
447 253
181 817
912 797
163 497
346 333
987 429
180 79
302 107
113 445
275 812
955 484
379 368
396 341
424 994
1000 111
99 164
749 74
317 579
857 748
505 342
635 586
792 450
433 603
584 991
861 223
991 237
181 8
352 642
187 376
750 790
772 888
708 984
902 254
20 572
135 416
825 248
749 732
596 282
886 611
646 878
503 64
625 687
367 132
514 813
366 446
758 369
784 430
823 961
719 481
571 155
139 955
613 673
186 198
92 262
488 854
759 648
479 858
463 98
341 878
567 76
919 794
342 289
207 738
25 616
726 385
780 263
489 432
369 512
694 942
480 535
385 488
977 773
767 601
665 125
586 383
942 212
834 904
68 603
831 775
367 945
396 808
619 922
802 596
812 958
524 492
249 63
338 398
467 199
402 436
891 790
160 385
602 623
904 369
332 727
229 324
784 689
943 633
816 426
133 399
1 301
866 44
59 441
603 415
239 444
618 192
815 631
309 275
676 738
100 890
617 72
5 44
473 876
509 482
688 330
592 232
35 658
202 944
118 167
394 758
866 53
458 107
574 734
313 624
735 254
560 542
86 232
622 13
748 540
157 655
258 800
839 125
217 971
61 320
370 989
165 588
288 532
152 865
797 253
449 374
506 527
900 801
12 230
751 550
44 960
320 313
274 326
473 718
406 553
395 827
939 376
413 467
229 823
673 750
238 210
503 667
584 265
517 422
938 261
600 927
948 239
699 905
629 624
599 162
826 715
281 862
239 495
809 522
536 191
699 704
329 535
994 774
142 474
968 400
690 205
132 478
846 804
48 853
69 169
8 930
776 91
456 211
732 698
173 59
706 978
788 258
354 800
793 939
1000 722
282 431
196 110
654 447
109 95
528 267
728 46
831 975
593 741
350 40
822 93
202 928
775 989
21 726
135 2
445 450
302 43
455 572
236 112
839 101
956 955
5 572
96 516
826 930
112 918
468 244
170 310
51 464
773 768
730 492
306 463
234 839
213 298
114 872
116 22
846 718
40 542
445 804
64 280
947 770
960 917
731 824
296 838
929 135
583 211
579 430
790 961
82 124
476 697
945 658
637 852
693 959
817 309
842 374
494 1000
496 240
556 527
342 491
315 45
10 359
79 712
716 381
142 202
654 578
425 396
544 68
97 102
953 289
817 568
137 767
929 396
286 277
982 609
161 3
407 174
560 397
623 458
278 451
276 339
519 861
314 869
603 289
684 878
399 36
503 394
120 182
679 525
897 315
269 207
827 230
671 452
132 577
878 184
866 778
360 904
261 787
371 36
77 229
599 285
16 868
575 861
148 163
397 302
507 587
640 987
794 24
59 123
860 783
238 755
630 940
579 792
661 710
175 686
502 991
984 359
70 945
580 402
642 913
822 258
377 967
5 246
966 860
371 894
739 634
122 777
504 299
982 548
407 446
871 380
842 782
43 418
454 246
463 859
979 17
953 675
205 403
798 303
791 877
685 238
388 932
413 237
833 808
53 730
82 767
639 550
386 848
859 478
589 427
23 767
247 482
605 235
917 758
990 193
78 607
205 974
853 984
1 934
43 868
421 355
897 255
348 268
751 42
261 245
522 12
81 72
195 219
384 869
871 531
182 690
374 802
589 689
508 146
37 260
983 709
195 562
913 538
576 702
516 344
871 589
763 194
790 266
473 442
564 608
610 165
188 222
204 813
752 181
201 354
189 32
270 50
195 483
286 582
135 481
407 812
938 26
626 565
867 329
802 516
583 849
594 227
561 944
83 695
550 821
712 843
687 923
947 691
79 313
423 480
172 554
644 623
600 853
450 171
794 112
839 844
226 526
42 528
949 787
362 154
419 323
661 717
541 659
871 804
463 107
984 397
155 60
223 922
467 723
684 169
470 581
880 513
803 439
863 100
290 5
212 330
734 560
566 560
606 124
335 752
212 657
80 359
534 357
678 440
824 377
92 141
65 550
186 307
254 921
786 56
194 408
954 634
961 668
498 948
367 689
574 603
2 123
531 137
255 936
927 405
279 978
603 200
951 40
631 737
573 577
129 303
270 718
783 569
394 595
126 251
406 77
383 202
317 205
121 312
565 347
948 815
894 625
843 162
208 203
156 25
487 403
369 532
391 155
100 524
707 505
63 478
35 251
59 832
42 425
828 679
221 984
478 894
249 705
192 999
867 416
676 683
115 556
309 607
341 454
509 509
834 926
516 686
864 742
880 176
440 915
153 275
410 67
203 178
411 974
725 415
951 357
608 565
585 783
638 524
244 939
186 866
864 359
601 410
229 148
430 964
369 532
527 495
601 118
721 26
269 256
118 923
772 183
500 678
472 755
435 86
330 42
360 129
506 981
31 36
250 593
613 4
627 259
13 694
598 576
463 913
535 411
312 885
893 911
570 781
816 111
104 909
669 21
810 917
732 153
349 49
437 145
187 681
92 74
902 155
448 705
787 238
503 900
483 307
31 51
525 999
645 66
763 390
566 352
534 352
480 927
600 30
748 137
998 533
202 855
662 603
106 536
224 340
373 721
350 325
888 585
446 203
49 866
728 853
771 255
579 956
413 867
756 996
695 408
56 714
165 252
616 687
558 622
383 905
859 634
444 988
545 236
71 314
40 924
869 347
745 244
132 301
278 703
589 377
231 485
629 121
286 837
310 582
820 660
447 898
663 819
622 735
467 547
151 78
123 328
340 428
176 826
482 345
776 270
269 213
454 24
925 500
187 567
55 163
394 565
110 170
585 724
62 781
561 68
863 75
93 160
172 436
164 469
498 359
109 101
177 722
424 649
899 962
904 918
882 570
665 261
442 498
445 976
368 688
412 471
648 304
550 641
764 802
625 606
549 524
506 57
305 298
531 115
922 187
365 149
790 941
730 463
907 153
775 605
54 771
637 307
430 254
337 345
121 222
121 195
833 602
616 231
958 78
182 21
878 613
806 412
750 848
494 382
431 121
156 943
557 716
868 481
101 549
514 653
668 366
733 424
714 758
59 925
800 940
517 533
869 956
269 65
240 194
610 107
253 478
787 662
557 993
571 556
401 839
715 492
824 517
991 330
796 93
998 772
611 210
813 990
169 939
663 404
633 756
898 29
990 481
269 846
22 462
980 710
481 984
921 637
57 811
733 614
802 597
703 922
99 930
878 796
313 634
213 193
871 458
9 852
384 959
222 790
695 28
665 567
229 879
445 2
111 69
88 601
258 755
475 278
930 568
149 484
770 55
122 586
103 606
374 571
51 215
152 460
746 933
784 562
451 482
391 482
481 226
675 38
186 402
582 795
338 503
6 346
368 286
918 105
674 615
599 260
388 743
780 701
32 84
654 680
346 505
709 530
811 753
462 972
658 293
871 415
198 228
892 1000
12 705
423 560
656 917
745 193
531 46
443 186
478 305
751 828
336 744
959 612
163 667
218 523
24 828
464 447
781 416
934 608
939 156
871 117
492 99
644 612
962 333
960 958
414 660
185 474
765 218
474 429
217 334
742 525
272 100
210 8
802 148
264 820
878 344
933 993
240 49
41 993
36 778
361 72
441 146
654 406
254 962
414 306
138 311
463 638
316 701
863 705
348 3
427 129
323 842
865 966
957 283
918 674
614 883
634 173
960 865
540 382
305 371
135 605
150 388
442 262
631 818
198 648
819 693
250 660
877 363
208 864
73 183
279 731
717 501
402 517
695 916
111 703
219 327
126 571
182 221
642 813
490 405
658 8
230 246
819 177
41 602
742 12
333 430
891 445
311 520
530 472
968 369
190 243
971 901
354 314
666 950
836 300
530 510
761 561
436 553
120 791
740 1000
668 69
884 915
870 275
246 580
314 716
550 548
520 281
829 182
812 917
174 208
32 513
41 165
113 747
27 898
789 24
464 595
697 281
811 207
196 149
809 937
116 650
325 20
42 773
958 880
155 652
610 149
439 673
410 334
653 806
383 518
686 564
208 648
615 883
243 937
346 89
366 593
652 52
980 391
266 45
22 121
840 113
565 643
417 80
442 385
331 411
556 743
31 576
149 478
356 896
852 407
382 260
936 812
722 66
604 792
569 910
925 489
754 700
160 88
643 675
47 71
385 293
604 803
10 144
190 56
652 883
788 709
919 603
411 389
53 391
659 857
220 19
385 483
614 283
108 650
949 296
756 64
911 666
724 271
879 240
715 658
494 615
137 892
111 140
383 945
697 882
997 150
339 909
342 403
104 910
948 407
458 88
412 689
870 810
282 917
762 568
825 567
974 57
887 361
66 981
807 834
570 372
881 15
994 369
361 765
708 353
433 778
917 618
902 557
62 791
560 752
345 752
550 418
53 695
988 32
285 206
194 356
257 690
772 456
260 245
716 120
