927 484
519 117
287 34
107 938
262 916
662 411
852 720
265 8
470 905
454 689
7 707
22 80
464 899
772 712
57 898
265 795
860 576
573 923
749 734
521 1
938 404
317 962
284 264
586 648
882 133
454 968
151 862
486 40
761 4
213 39
938 748
366 335
223 994
606 856
318 69
970 525
460 816
974 801
600 96
527 993
13 992
685 433
116 582
85 596
58 478
93 622
690 576
190 767
263 909
540 888
14 312
400 258
386 188
661 144
674 330
459 923
21 131
22 992
644 967
821 524
252 697
231 710
941 621
273 465
919 358
677 31
31 321
193 390
663 268
641 903
662 511
685 494
893 229
580 631
619 335
172 633
546 27
971 358
724 468
516 486
982 974
562 459
725 102
301 741
422 861
159 302
700 701
692 56
517 641
481 516
888 574
53 877
536 862
331 357
849 779
433 848
692 113
748 854
997 574
625 306
458 135
582 60
450 51
741 499
42 498
44 925
352 4
571 931
607 458
630 35
353 847
326 842
356 23
299 480
337 856
674 486
2 54
683 846
237 391
287 686
711 243
760 451
359 582
518 490
329 48
217 217
877 592
333 904
850 766
712 821
912 743
559 774
362 433
529 678
744 60
113 571
806 79
52 130
540 622
131 533
299 544
790 803
17 57
250 771
209 246
387 688
146 679
613 416
359 467
451 945
405 112
678 614
190 291
764 458
589 328
745 530
126 95
477 643
711 831
688 253
542 384
856 900
161 836
348 696
791 106
363 338
54 761
824 320
944 907
522 999
390 773
378 931
596 958
83 718
190 4
151 284
832 517
714 509
301 253
101 683
249 995
783 231
187 675
232 597
121 303
21 736
192 298
671 203
775 392
351 518
67 634
909 86
424 727
278 140
336 726
688 327
521 220
152 585
178 932
915 146
474 100
811 826
899 776
616 299
651 781
520 63
373 33
765 543
733 508
299 925
150 617
327 354
298 729
669 761
899 298
542 807
775 900
3 604
230 69
62 953
54 277
765 434
598 50
605 531
226 891
683 40
837 474
579 243
333 697
731 988
306 570
178 701
933 428
103 371
125 732
385 344
460 64
839 700
609 650
171 436
749 156
155 793
318 790
628 611
696 538
192 37
693 901
195 936
518 154
54 566
220 557
484 12
662 443
712 931
164 433
450 807
30 517
658 892
129 192
518 797
472 725
828 916
921 883
873 995
614 538
679 482
57 757
864 324
108 419
394 345
81 459
707 501
754 695
629 414
291 356
202 232
546 775
999 380
959 964
575 691
533 755
721 469
134 224
596 962
328 761
11 437
812 375
284 955
188 101
396 118
364 785
792 83
533 925
687 606
320 484
566 448
29 428
423 527
386 995
352 973
565 61
220 22
704 256
176 47
853 175
301 951
706 944
233 230
266 708
718 38
622 511
790 417
61 955
499 336
66 321
482 943
228 98
270 651
73 518
622 200
524 191
342 712
829 57
774 238
94 497
106 340
654 127
929 870
409 694
123 779
79 935
529 745
517 900
384 955
151 419
788 975
308 558
218 855
663 154
235 515
251 948
146 977
853 286
611 271
249 804
850 878
856 442
2 960
138 828
371 322
17 216
57 614
858 1
779 394
353 201
834 200
519 749
656 268
464 6
616 334
231 2
473 586
220 499
795 866
511 226
26 162
110 219
847 252
902 498
922 729
373 852
890 747
329 627
64 638
703 907
219 953
851 875
87 463
754 478
991 34
71 53
151 276
470 326
713 86
751 458
88 752
476 663
822 933
752 985
490 88
290 407
64 779
115 259
59 631
998 503
661 147
147 235
725 506
9 461
620 179
864 442
475 304
519 515
795 816
69 510
635 328
616 210
433 70
862 15
827 340
876 487
416 947
240 946
525 444
937 451
311 885
270 447
527 485
132 197
175 774
483 57
125 73
295 966
312 951
402 190
699 543
461 831
522 806
652 939
81 807
892 873
284 390
135 72
520 493
702 316
32 43
857 120
85 114
22 999
969 522
730 552
25 250
614 420
847 790
216 613
828 206
101 380
533 112
417 61
308 654
381 970
977 980
122 977
173 521
27 547
197 984
384 966
807 263
993 879
143 795
382 948
491 361
782 76
733 317
451 410
557 87
215 354
316 287
39 133
721 202
756 414
512 91
419 129
608 133
65 942
364 898
600 851
414 192
380 540
353 10
693 866
962 939
191 764
324 395
51 83
898 968
617 929
841 586
701 354
47 795
862 50
91 825
76 694
159 742
792 23
90 53
35 461
92 590
420 133
3 903
50 977
64 588
37 624
957 896
588 645
233 876
135 236
411 216
21 440
720 374
179 367
738 457
740 616
327 918
198 1
917 362
415 542
979 521
474 643
604 50
903 977
894 770
104 329
780 397
891 694
996 984
855 540
481 875
366 584
686 449
980 24
336 707
343 257
222 204
932 822
912 656
361 401
493 954
501 32
387 798
734 638
606 321
276 264
958 24
300 745
251 844
885 140
720 64
138 246
477 275
927 1
153 55
288 542
676 339
106 93
175 589
816 201
506 904
478 652
479 838
41 674
370 801
153 579
690 525
6 633
219 321
678 625
477 167
126 877
294 32
62 58
652 105
15 576
576 912
118 619
748 813
254 124
314 204
45 423
96 619
770 639
514 383
141 448
346 142
230 60
829 65
343 466
588 965
262 167
602 318
84 169
323 164
221 557
365 924
440 466
489 818
64 46
700 576
286 376
868 396
651 854
242 180
639 506
928 565
731 294
165 744
319 140
597 648
539 994
645 769
415 295
607 920
985 855
650 786
590 18
695 409
281 584
369 679
828 551
614 351
426 100
245 551
74 353
428 172
253 774
181 106
997 916
241 306
765 487
446 652
59 666
731 997
57 925
419 838
221 460
449 798
343 136
960 889
912 919
725 8
71 790
198 12
30 3
1 337
901 922
560 625
861 715
663 330
335 842
816 422
624 727
62 807
138 362
287 910
445 948
161 611
247 190
918 85
483 125
704 769
786 442
437 577
660 331
471 526
297 476
191 904
429 429
684 798
759 799
184 386
132 355
837 599
156 165
159 596
294 791
207 699
794 818
904 80
688 593
197 16
858 544
701 99
648 762
670 877
744 625
138 398
350 653
159 202
527 679
397 46
706 505
449 538
138 469
776 582
836 600
741 712
401 823
335 198
81 967
601 111
545 678
783 143
370 23
54 786
905 137
668 416
501 434
935 665
297 736
312 916
115 384
834 830
941 809
583 737
526 92
809 307
90 279
255 598
451 960
241 395
984 767
78 743
18 622
372 78
138 172
595 301
431 939
182 996
777 276
214 465
24 795
431 432
746 284
63 537
672 966
693 496
528 88
740 444
846 92
193 159
293 33
315 2
845 709
357 178
79 569
550 344
347 828
999 519
170 546
19 172
700 512
169 148
382 955
887 123
264 610
396 853
731 749
568 11
384 864
962 589
185 867
143 132
832 895
622 938
445 865
445 544
542 847
764 172
933 510
3 997
493 959
814 78
759 614
483 471
534 366
834 277
810 439
629 705
163 432
453 965
893 767
816 941
42 653
395 562
388 738
186 999
936 698
328 952
437 503
647 1
389 443
271 689
241 472
518 833
749 323
502 781
726 77
808 857
903 610
137 819
753 669
878 961
581 141
593 372
481 956
635 553
254 461
349 367
675 159
47 1000
224 665
462 96
292 918
36 660
28 765
226 821
834 686
949 924
155 759
918 859
329 171
553 330
594 304
71 819
444 464
953 422
637 588
548 188
514 465
936 412
534 667
145 147
204 843
616 174
169 159
13 195
422 159
955 909
285 713
829 140
391 20
178 829
741 868
420 377
991 187
36 341
870 856
816 548
236 23
336 382
263 338
269 839
72 543
503 71
97 55
998 398
575 941
575 875
496 424
125 686
109 267
130 770
913 424
353 450
284 627
401 512
823 569
450 246
317 384
702 813
736 612
114 867
210 987
558 327
834 675
198 570
410 911
679 677
565 123
200 502
696 132
143 835
14 601
380 995
261 925
916 912
889 769
27 463
801 338
809 192
538 453
240 242
348 544
190 588
455 721
994 171
478 731
528 33
282 780
501 176
939 293
805 279
792 712
63 865
628 355
656 858
540 692
145 996
698 901
474 575
493 933
689 872
921 235
798 344
46 719
575 527
653 649
612 672
652 361
744 716
217 697
781 537
139 21
30 650
731 594
596 335
212 20
867 192
366 888
113 452
553 802
386 132
337 576
281 509
675 370
87 337
622 102
107 984
16 145
374 304
182 87
125 144
951 400
906 993
468 443
882 786
389 546
189 529
815 135
685 50
758 589
895 494
103 147
923 639
807 250
897 104
415 559
896 826
63 980
419 911
586 570
372 85
342 580
293 897
803 701
890 863
867 230
983 147
415 635
318 398
198 228
248 674
21 611
708 525
86 135
226 72
251 336
821 639
58 151
8 771
732 173
207 503
478 631
968 218
35 719
417 27
637 919
621 484
903 793
254 881
674 371
735 225
149 162
589 123
602 183
15 372
733 332
747 359
935 773
916 772
49 642
382 279
269 219
713 259
586 524
257 494
504 539
444 789
442 839
139 80
614 871
362 326
456 222
31 324
955 941
549 660
404 739
716 82
389 501
840 87
938 585
867 501
390 784
479 827
694 82
378 614
540 209
427 166
199 874
296 461
206 374
989 706
704 839
927 284
964 455
675 600
866 373
399 899
478 67
428 523
863 181
485 471
18 454
989 365
460 7
273 144
743 528
148 609
136 711
961 543
173 466
126 797
388 126
238 639
844 436
18 171
648 43
58 715
791 153
605 384
774 421
908 973
117 562
533 512
813 785
285 536
294 420
850 348
946 825
333 440
790 243
150 908
365 938
393 589
572 790
110 443
780 876
41 78
873 688
821 899
500 218
703 840
501 537
788 18
335 483
514 802
980 243
850 897
633 599
971 294
267 745
739 46
959 415
392 885
620 678
350 213
901 498
623 888
866 943
641 525
154 341
621 874
967 648
829 136
120 100
85 725
715 746
239 986
542 957
287 701
961 492
40 946
48 920
46 177
773 45
598 156
294 699
461 636
439 943
607 552
630 398
726 855
109 592
809 345
679 769
155 457
346 241
63 464
534 280
179 226
445 481
571 440
627 472
421 312
182 339
296 157
525 155
591 615
463 246
914 318
110 796
210 110
94 897
622 296
981 411
524 219
112 974
9 304
405 184
29 336
543 483
224 961
333 439
712 785
559 39
143 886
788 212
557 128
724 265
43 779
8 850
857 106
540 42
283 973
945 764
823 363
697 961
57 11
737 470
993 601
313 59
583 773
880 413
190 186
688 880
271 372
36 302
279 305
474 888
223 346
219 667
964 269
232 86
317 45
244 802
833 610
838 662
883 432
494 272
597 603
258 378
529 823
506 793
53 678
346 775
618 11
33 892
333 205
320 678
339 946
443 23
41 943
622 600
752 134
664 131
226 486
322 156
902 825
160 510
266 467
689 420
58 72
995 339
659 785
897 255
677 502
425 662
330 454
894 426
971 99
939 259
108 85
741 837
435 193
525 520
152 499
32 532
760 710
699 993
69 439
252 75
646 305
400 34
62 342
576 717
950 267
757 871
755 27
586 870
489 687
462 226
402 134
338 587
104 710
144 852
747 909
142 143
115 868
307 811
389 372
60 571
291 260
918 908
995 269
721 779
462 753
158 441
333 290
635 218
574 659
85 608
944 311
525 763
571 78
283 581
142 210
28 50
682 974
519 927
112 553
231 747
695 38
979 142
190 445
561 620
816 883
456 818
213 373
262 879
77 812
189 993
789 966
186 922
897 686
759 156
98 233
245 491
173 878
752 474
723 384
162 179
360 816
826 660
171 455
446 494
262 816
670 367
53 643
212 823
301 122
193 324
773 356
184 140
416 986
605 526
849 975
531 886
774 264
886 292
456 713
209 728
803 73
558 586
929 608
680 998
399 172
429 288
447 216
795 296
278 781
458 667
971 492
5 520
706 325
329 452
449 429
807 798
829 659
392 101
328 501
838 4
908 775
946 378
127 269
576 763
101 303
352 736
878 88
343 36
306 364
886 315
557 105
436 664
769 287
512 539
724 330
768 71
319 736
6 819
150 850
515 959
97 767
849 742
845 999
643 329
986 281
60 944
584 475
559 562
28 679
61 955
766 890
170 282
96 164
24 758
821 976
304 757
404 390
712 417
685 716
414 216
652 573
470 497
229 703
870 849
733 282
428 449
169 736
22 592
797 48
220 816
433 620
532 916
134 861
824 9
62 116
597 746
62 166
265 425
221 365
401 453
975 815
199 776
923 702
121 392
129 865
579 396
48 604
87 502
454 632
998 872
707 851
854 89
602 868
477 518
924 393
653 600
181 918
758 901
430 517
442 157
164 384
863 41
67 503
801 578
979 276
750 446
43 199
526 675
543 835
401 131
563 998
519 509
250 165
784 776
859 450
982 65
837 252
254 258
550 878
905 672
383 842
558 584
396 877
155 762
439 463
827 121
657 491
272 835
505 205
451 402
564 456
311 673
433 669
350 31
205 311
867 388
536 328
200 439
710 205
44 640
528 594
212 337
641 889
309 118
879 390
508 860
307 918
80 262
753 298
938 189
437 657
622 958
727 98
648 115
707 21
360 986
619 231
923 747
487 867
368 423
553 324
500 222
160 733
279 458
679 233
217 291
467 360
943 574
801 469
789 426
583 860
34 73
116 385
506 800
725 672
38 177
894 200
449 774
368 349
27 821
531 774
456 736
520 956
834 181
496 732
709 499
836 286
339 74
512 936
498 838
921 551
192 382
728 616
870 272
412 47
693 270
501 931
222 34
691 139
541 514
391 352
195 492
640 348
646 543
5 832
182 934
604 169
841 87
943 65
775 701
25 365
930 400
170 461
202 492
693 139
392 54
929 494
923 961
495 165
992 613
274 382
825 173
955 171
358 946
788 129
729 228
103 49
540 491
371 381
789 410
817 760
997 234
106 731
691 203
693 743
179 577
478 206
115 972
583 901
537 724
794 993
544 614
103 115
100 469
695 830
615 563
714 25
618 283
173 669
972 379
902 762
652 221
601 507
379 648
95 188
82 70
432 149
446 792
559 496
479 820
2 571
675 404
945 88
50 928
169 22
987 563
929 506
321 762
381 814
469 486
70 255
938 10
413 255
23 157
255 305
952 431
916 899
634 675
823 243
345 178
457 156
997 9
414 987
929 277
975 507
236 127
110 664
565 7
527 509
695 766
894 299
878 690
19 121
297 167
673 876
290 190
730 69
92 842
510 449
350 257
386 851
320 648
101 25
534 590
125 212
401 941
390 440
789 919
149 7
465 821
115 904
388 530
633 687
634 10
680 611
858 690
233 955
959 954
803 871
924 966
343 785
611 541
42 488
383 542
158 450
125 162
157 880
689 840
66 555
557 958
752 157
368 385
903 829
565 379
225 380
964 420
996 455
781 783
480 600
217 73
646 520
