365 739
213 775
677 32
144 153
9 934
582 185
275 617
482 166
812 506
202 10
210 510
737 685
386 451
345 699
23 144
396 735
414 725
760 754
670 955
405 821
312 919
76 986
202 986
762 379
905 286
807 474
277 380
628 938
44 569
373 62
592 764
58 723
418 76
854 459
965 713
1000 233
753 379
183 823
890 813
344 955
629 924
428 848
244 642
128 555
984 910
86 569
270 520
861 784
980 147
5 505
274 540
686 894
659 877
519 569
973 846
1000 788
599 988
347 931
749 558
918 1
749 866
581 807
2 203
744 762
822 560
20 453
328 581
772 540
27 22
425 362
888 399
745 622
973 704
128 394
217 357
622 619
520 292
730 638
389 728
654 313
977 333
220 173
393 50
601 146
401 585
382 244
756 299
55 498
509 681
250 714
368 294
429 694
741 684
11 775
160 101
737 985
992 381
763 78
172 439
508 835
459 186
66 237
838 877
707 343
197 242
504 358
962 783
18 155
22 260
803 575
295 374
233 197
468 271
408 555
545 993
174 319
521 38
847 323
669 112
521 551
584 644
928 78
198 231
96 864
807 759
766 996
353 217
529 746
192 782
653 299
185 826
359 483
421 195
30 124
613 659
835 32
934 44
554 60
3 956
298 125
988 509
946 153
25 804
581 434
421 367
28 38
443 78
768 120
48 860
650 613
976 731
6 27
460 817
593 744
909 103
722 741
830 631
181 425
396 732
423 313
760 955
30 812
163 392
826 811
389 772
537 700
147 896
218 869
637 888
676 683
767 761
638 45
516 489
930 369
717 467
378 956
283 510
911 875
996 980
746 317
753 375
354 928
971 689
765 282
2 675
615 507
313 889
783 354
533 931
418 732
335 986
444 884
127 349
527 48
746 32
802 761
925 81
8 205
705 486
695 217
91 791
965 668
1000 362
809 344
970 179
876 529
642 685
694 560
392 232
693 112
376 303
732 69
787 7
856 24
655 64
433 338
894 36
154 162
4 115
630 816
203 759
257 96
129 860
520 266
344 78
312 581
143 978
77 266
864 834
24 224
568 599
624 86
80 618
431 521
324 114
15 81
797 892
371 24
954 648
279 168
563 233
118 254
267 301
289 873
115 459
542 302
147 757
817 778
804 973
373 917
530 110
403 615
800 258
312 137
999 431
240 515
851 203
763 66
335 775
345 236
880 678
974 867
390 774
20 624
525 721
52 127
54 628
720 571
856 97
576 491
896 687
171 866
935 169
39 463
185 255
24 223
473 538
136 995
57 696
233 304
953 484
793 84
87 197
168 660
2 470
30 926
736 866
342 977
864 267
567 16
552 448
310 732
163 874
737 697
580 450
11 995
780 126
475 504
103 291
381 158
199 884
747 926
432 815
503 211
745 42
464 690
43 68
723 670
659 566
70 666
356 24
500 142
415 82
712 391
785 520
190 740
718 271
377 888
257 797
926 415
79 921
125 673
22 69
226 686
664 17
718 70
540 137
205 343
518 163
465 567
74 963
176 55
315 903
232 464
139 503
999 305
343 70
565 32
393 51
479 154
697 64
301 404
829 51
607 864
438 751
148 519
985 649
364 323
204 39
313 112
996 876
938 478
766 385
407 505
455 34
287 680
973 851
766 493
574 256
784 982
450 228
173 921
820 734
344 808
622 689
559 971
829 533
234 390
433 797
296 966
220 444
861 708
698 681
127 101
339 252
339 373
204 414
109 600
634 578
144 140
442 359
550 899
975 914
285 941
301 534
844 941
308 221
294 145
594 992
956 912
23 157
874 222
193 680
620 765
727 457
104 98
907 41
565 444
189 39
471 368
541 129
517 161
603 288
307 366
557 196
455 360
576 621
462 902
359 533
32 649
24 979
381 291
977 977
387 907
417 639
41 21
820 751
52 479
781 524
519 174
387 469
28 376
395 846
283 754
715 827
715 184
600 941
804 103
587 67
514 959
938 870
999 408
37 98
491 307
320 798
814 724
960 957
790 433
706 653
454 564
164 657
680 238
819 394
947 326
305 645
443 239
287 32
512 684
139 573
810 279
393 371
760 550
854 195
689 336
465 210
364 854
453 86
799 957
628 254
856 285
115 864
850 406
397 581
585 783
891 944
490 295
375 70
714 718
709 587
974 711
441 68
385 919
331 888
643 25
942 916
899 187
144 728
946 811
697 254
326 165
824 974
350 936
574 275
696 720
184 778
316 639
732 277
159 188
596 582
408 441
105 617
891 175
894 454
41 851
640 608
45 501
821 755
343 427
130 918
506 928
861 629
14 136
906 996
963 158
571 419
285 168
717 868
179 255
277 624
57 117
302 550
718 53
383 19
417 658
81 884
992 901
510 580
607 2
610 116
779 923
558 333
857 144
421 679
505 696
3 762
817 890
311 227
924 992
850 722
767 138
564 358
957 290
153 871
503 962
939 389
276 743
126 456
517 965
630 679
400 393
13 289
931 389
750 158
458 109
708 44
377 155
801 823
989 197
628 910
467 757
144 365
977 618
845 136
704 580
46 894
701 896
159 749
302 865
159 600
630 623
404 294
263 883
36 575
289 103
203 729
114 218
527 360
315 496
250 732
168 948
760 890
930 913
381 679
636 336
916 760
560 471
578 886
264 423
353 335
603 894
427 170
819 760
174 457
144 323
29 374
124 50
338 733
392 938
24 495
134 588
788 22
339 310
18 488
230 956
790 132
77 951
712 809
439 393
1000 425
943 979
837 624
320 973
519 66
834 82
321 689
83 21
611 828
786 6
95 566
767 458
85 370
496 523
708 858
290 776
595 370
973 575
201 587
172 331
237 914
954 469
363 52
19 911
197 377
555 604
692 885
856 167
14 496
230 592
43 390
313 367
250 625
373 599
806 21
632 380
561 490
954 706
384 733
700 576
550 951
685 252
828 282
923 574
681 795
173 412
890 610
980 240
607 81
891 201
84 540
236 260
306 402
282 810
13 474
348 237
627 805
235 422
488 232
895 244
842 27
890 345
408 446
128 769
637 650
619 690
748 648
741 326
281 651
350 490
856 463
169 856
258 657
58 456
442 647
536 535
651 779
798 507
842 951
58 263
825 959
988 206
814 988
648 361
788 56
110 383
843 931
239 813
964 399
825 320
924 886
258 349
868 723
799 685
120 793
694 974
553 813
416 884
639 774
599 494
751 258
509 201
967 958
826 292
813 341
765 14
199 839
396 621
332 149
331 918
91 497
521 819
124 481
479 475
642 173
458 469
956 402
428 683
142 708
789 685
802 356
983 25
765 213
911 305
530 852
4 185
872 530
146 970
493 193
313 993
147 637
949 908
51 6
670 288
755 269
688 349
426 150
701 115
550 524
560 514
651 472
38 708
269 632
897 785
240 438
585 591
522 156
502 28
331 365
180 431
505 97
214 173
15 343
67 48
743 499
21 697
515 721
296 411
389 110
234 69
29 652
221 681
11 696
842 602
190 672
300 520
603 104
806 218
933 810
241 723
749 691
988 279
982 221
460 84
726 33
437 115
310 337
58 47
809 315
242 794
517 336
564 239
687 210
742 786
889 308
324 743
957 716
457 497
845 122
797 733
175 593
521 509
473 583
458 148
872 532
739 153
574 453
480 292
997 205
198 437
222 506
975 543
627 364
611 540
360 569
949 51
482 801
96 827
944 301
645 410
684 761
53 706
681 46
703 60
823 877
543 663
948 430
949 876
98 636
727 516
203 752
667 192
611 990
918 653
284 405
867 310
199 30
500 41
240 262
906 793
874 137
813 518
465 388
210 615
441 632
936 702
46 72
665 108
586 524
423 928
718 776
504 206
880 251
625 693
81 983
819 583
910 917
239 215
768 551
469 113
326 368
526 273
186 783
239 796
194 797
998 950
192 573
768 309
988 722
280 383
614 905
197 806
365 203
411 238
760 64
399 356
66 286
656 3
855 571
805 529
462 37
22 892
469 154
859 289
206 907
287 277
455 490
379 427
511 982
629 971
629 292
794 131
515 337
71 7
410 291
874 187
588 26
509 461
941 885
295 298
370 535
779 236
869 475
871 443
424 17
144 902
972 728
553 364
518 739
229 230
296 819
786 950
312 691
116 775
986 253
320 740
42 296
512 154
336 163
816 589
500 914
119 649
202 646
427 392
231 978
507 981
105 667
701 396
47 75
115 334
409 301
89 590
338 916
908 643
245 713
15 103
926 79
933 176
151 343
959 564
123 352
161 564
763 318
747 209
955 753
928 521
79 67
12 919
480 874
253 420
750 739
728 931
591 943
851 603
341 16
293 581
224 796
321 723
820 320
830 773
984 82
483 623
367 313
584 664
18 287
281 794
995 200
490 232
713 977
485 408
979 212
226 954
887 69
835 478
443 412
484 157
753 751
417 387
192 33
102 881
711 875
747 678
55 68
335 131
674 74
134 125
718 594
93 735
578 495
933 181
16 602
780 348
187 192
436 681
372 719
787 93
502 446
878 797
804 624
267 860
50 920
131 100
700 49
913 945
928 68
818 702
864 212
688 430
177 979
24 189
12 84
341 684
5 104
184 837
163 390
711 485
190 30
733 31
520 48
946 450
115 348
156 305
402 157
281 750
588 122
898 964
866 506
627 12
649 799
225 115
219 172
728 517
535 476
749 568
83 492
66 766
739 832
319 792
39 998
525 425
344 903
569 36
842 66
150 765
856 755
188 338
731 560
744 664
258 742
800 600
907 817
198 12
857 179
909 604
407 302
445 276
724 304
179 718
737 175
762 934
86 608
569 730
954 296
785 347
205 942
107 769
394 834
227 71
588 364
348 519
745 317
252 555
142 630
500 932
265 577
285 213
701 934
365 229
475 363
365 751
432 545
687 486
549 375
325 69
410 498
592 124
329 269
88 120
432 644
432 926
10 843
716 651
248 548
165 86
907 144
830 148
854 319
348 108
126 244
63 464
286 706
114 17
820 489
97 438
481 686
536 743
648 443
377 101
210 966
779 179
279 642
682 276
759 128
746 819
174 249
944 660
132 636
691 388
534 744
628 530
785 384
949 597
287 173
886 37
758 627
475 637
764 485
813 225
353 953
305 944
275 835
622 766
998 851
285 613
121 186
429 394
502 74
27 787
959 998
312 41
624 268
759 966
336 561
209 390
503 611
508 697
621 626
370 576
416 148
166 760
624 587
704 476
564 593
329 162
335 166
883 822
682 889
341 662
414 659
168 29
60 9
351 831
393 527
600 101
995 703
949 358
47 317
840 608
839 518
44 66
774 114
857 91
884 917
28 84
514 885
189 711
853 944
973 496
822 876
122 774
714 717
305 889
89 832
144 495
40 296
683 10
567 244
499 860
899 343
436 977
107 166
630 285
492 286
484 453
222 841
46 312
976 375
50 386
781 574
356 656
232 308
780 653
856 338
354 683
364 243
778 637
286 407
771 946
281 51
129 136
896 48
137 883
287 982
140 173
610 717
54 243
584 50
374 204
940 820
404 515
999 13
721 800
424 988
516 357
141 188
380 473
321 422
859 58
424 65
708 328
588 901
814 456
848 567
114 838
532 677
668 837
248 287
881 404
672 819
582 653
856 876
724 440
524 339
695 655
381 251
2 617
757 443
490 575
168 535
473 715
709 23
773 189
454 772
42 92
117 405
560 931
836 74
530 179
821 180
303 573
229 982
618 401
85 714
13 419
627 185
600 170
162 731
912 353
723 988
894 563
992 545
581 701
925 497
940 280
356 202
347 881
938 228
645 148
485 850
841 854
392 764
778 708
241 429
529 751
890 397
774 574
698 409
80 916
745 976
326 46
871 90
288 707
366 607
319 87
846 352
651 59
320 398
630 796
534 403
890 585
173 562
696 381
914 954
545 97
901 699
872 535
670 538
11 335
522 816
525 187
251 872
735 144
898 123
898 605
201 932
30 757
264 278
231 854
904 174
613 646
465 129
839 764
61 865
882 121
768 989
893 882
19 107
542 133
969 743
875 217
628 409
164 222
303 469
531 466
254 884
751 969
615 34
384 552
544 186
63 434
525 170
538 667
131 813
733 653
446 69
11 32
753 643
584 651
492 919
937 145
596 500
252 304
780 24
874 832
184 505
489 846
919 301
603 994
856 222
796 181
437 828
341 750
884 733
189 760
635 687
525 465
699 429
870 627
670 716
784 904
181 58
637 931
379 41
767 213
51 513
890 124
186 12
632 715
639 448
689 255
584 175
864 178
100 497
695 624
335 791
652 396
701 942
756 248
10 453
945 940
573 628
809 450
188 867
649 169
545 38
859 667
806 334
68 835
798 728
431 889
241 968
811 412
443 669
507 109
781 669
156 90
722 442
145 696
667 467
90 920
575 845
496 959
823 4
834 377
824 883
986 964
641 159
368 879
699 19
611 406
252 240
436 202
579 183
27 279
929 228
673 209
356 195
205 201
657 826
274 187
560 337
248 146
395 121
203 692
254 202
62 822
867 939
814 320
392 170
123 615
436 395
534 683
959 833
623 521
796 636
183 127
481 4
381 352
428 223
790 378
529 372
350 727
172 987
869 266
54 738
24 830
394 617
502 73
439 848
606 325
964 428
811 938
839 53
40 650
453 285
142 999
241 669
681 88
777 129
774 206
19 527
897 249
212 402
338 656
791 37
389 255
743 63
172 581
181 968
765 948
393 728
792 293
486 385
89 513
462 626
528 786
385 830
989 173
495 733
971 826
530 603
369 811
324 513
891 796
102 521
873 382
957 704
958 470
222 261
715 891
479 568
123 291
741 103
735 995
276 826
708 922
796 974
456 323
172 218
352 550
287 686
675 51
20 992
744 961
1 356
563 472
72 923
303 401
372 673
722 175
284 357
578 402
6 60
15 100
952 476
849 2
496 169
108 638
481 349
677 100
504 861
198 611
186 374
391 281
667 490
621 590
484 296
218 426
743 119
221 658
593 776
605 463
637 202
586 254
550 370
45 396
13 671
19 669
655 309
788 908
847 104
748 513
819 224
792 409
547 72
794 630
998 782
964 627
161 799
152 769
623 335
899 851
486 637
684 906
211 783
558 612
139 731
339 699
41 198
875 880
944 408
520 847
416 647
707 423
608 842
362 225
111 782
354 555
195 592
563 352
539 39
535 428
948 525
376 160
139 625
704 943
335 123
868 683
986 660
984 990
686 209
813 338
184 155
184 682
961 422
641 435
452 688
21 578
693 758
450 503
944 972
491 732
100 562
646 984
809 656
298 85
44 765
490 690
982 390
380 291
444 661
610 953
28 702
74 47
993 479
681 252
60 579
482 615
489 773
355 818
291 366
704 125
18 25
555 369
920 750
975 749
451 490
847 134
33 124
808 955
193 572
448 905
122 407
289 943
529 48
616 651
700 444
260 822
489 98
487 39
592 720
668 338
528 354
296 296
282 556
800 175
544 45
32 716
12 585
710 366
630 313
512 523
373 468
738 839
343 233
212 367
97 657
324 731
605 568
379 462
839 480
462 424
560 427
494 403
18 288
522 379
744 824
537 685
271 453
425 535
239 246
643 664
817 665
479 191
526 140
880 944
187 522
100 476
435 657
663 788
131 808
507 335
635 568
482 476
514 353
610 254
484 168
708 941
962 14
517 450
237 764
415 965
49 33
404 233
190 26
556 255
97 990
60 441
842 296
144 629
790 753
360 897
368 566
541 677
510 665
849 220
246 156
421 106
34 765
540 944
983 716
11 358
773 926
560 739
105 271
489 149
319 182
55 996
733 233
691 527
26 182
422 31
71 712
840 1
215 773
151 422
685 107
759 982
441 316
576 154
853 676
410 914
659 809
128 334
746 581
237 742
314 839
726 652
289 454
958 950
271 791
830 724
673 95
978 282
111 649
724 453
758 386
847 266
724 999
495 729
303 380
680 90
185 380
580 175
891 451
182 212
946 928
329 593
406 209
884 53
656 765
989 949
72 485
790 175
286 780
775 20
899 251
91 151
570 683
777 838
724 998
626 194
289 673
536 642
373 870
129 461
763 154
756 507
957 467
415 400
670 234
367 467
554 38
103 285
334 188
110 491
233 442
174 650
510 332
786 538
178 621
429 313
453 347
64 606
261 340
783 254
508 842
349 235
139 492
910 465
583 108
614 436
772 411
91 964
519 606
258 478
424 623
426 810
161 91
922 676
472 54
976 315
71 445
922 210
974 333
704 507
354 731
530 685
907 448
168 49
536 841
306 721
683 803
389 116
643 577
313 677
166 72
220 561
342 524
584 180
418 361
530 606
379 589
734 907
446 781
451 243
257 469
84 479
724 214
234 885
873 923
97 715
778 909
130 736
545 607
649 183
195 931
60 274
651 204
210 839
943 205
317 39
258 242
117 444
615 867
470 811
170 648
954 867
894 291
680 43
448 288
896 979
63 21
492 406
302 836
11 349
969 514
110 715
443 988
140 242
151 749
907 61
598 642
620 338
832 169
253 880
235 417
840 800
30 961
380 3
753 696
653 166
613 345
401 816
288 144
163 799
763 322
418 907
665 978
693 715
864 370
577 635
506 642
393 616
751 615
654 818
483 678
14 817
778 981
249 813
465 466
610 650
874 567
761 827
499 464
323 724
855 116
54 637
1 67
597 74
296 158
315 839
28 483
832 914
294 122
275 57
465 304
61 169
774 75
852 700
988 119
247 255
536 909
650 676
584 909
681 776
573 360
999 664
271 320
768 643
718 793
611 982
61 815
694 822
682 251
685 331
522 803
141 868
162 51
971 595
783 901
657 666
599 116
904 411
63 629
80 855
52 923
755 55
180 671
127 409
114 926
548 44
844 796
953 909
554 879
958 188
617 276
392 678
292 800
80 167
922 61
858 97
138 136
56 239
82 611
520 761
636 692
635 838
522 73
499 846
976 58
891 175
388 274
772 467
947 365
787 980
898 384
916 592
896 413
279 419
527 49
192 787
905 417
959 378
885 663
799 48
779 232
213 381
549 121
212 819
190 227
236 262
198 646
486 845
196 715
764 667
780 473
564 366
368 922
548 565
544 861
992 7
27 228
712 513
119 450
198 535
127 140
669 116
635 173
753 442
391 675
723 432
102 881
914 913
58 42
161 19
36 854
760 599
930 4
356 236
938 208
882 209
115 290
264 843
337 83
893 704
119 702
263 953
371 75
660 879
756 364
593 739
301 875
84 431
19 865
178 748
768 402
436 304
325 859
886 861
879 293
535 957
741 506
378 239
740 888
133 470
316 932
163 650
734 683
16 168
279 95
90 658
605 419
230 59
855 241
800 958
511 512
49 288
223 783
959 760
950 140
36 57
906 934
734 834
426 903
690 188
182 487
791 503
76 989
276 790
966 923
636 471
359 534
468 435
676 112
213 29
719 988
962 625
851 956
188 675
765 666
964 444
257 476
272 806
201 870
774 753
461 846
415 524
803 51
275 553
376 141
44 19
14 692
655 486
666 594
804 286
811 166
157 295
737 391
471 384
339 77
181 773
113 313
974 996
357 227
292 486
650 816
867 656
916 247
956 381
237 431
601 164
515 175
344 358
387 286
8 373
769 945
948 592
57 198
510 840
176 930
387 689
992 408
757 232
720 472
989 639
522 242
656 218
167 38
41 988
554 63
964 464
46 480
248 953
18 948
46 773
585 892
177 380
287 957
608 235
543 900
12 315
182 721
126 164
949 500
102 786
583 932
615 548
290 68
390 876
537 917
311 175
456 16
306 387
38 587
247 830
1 50
203 667
551 472
662 335
559 819
278 46
551 511
568 903
306 123
398 799
167 206
957 493
315 643
993 719
339 22
992 680
20 239
4 777
66 691
963 51
930 806
394 215
79 355
131 409
152 179
637 843
928 463
175 736
245 499
970 846
38 574
803 88
427 950
683 392
246 598
228 23
146 320
913 611
679 122
384 361
265 224
14 170
156 649
912 200
661 824
323 230
101 44
744 48
671 432
531 190
415 928
53 784
234 340
