723 489 95
8 35
1 21
14 59
11 87
18 97
10 71
19 3
1 91
10 71
12 47
18 27
3 56
14 77
17 88
3 29
4 90
4 31
1 45
10 81
4 21
18 38
17 61
15 65
16 74
10 72
9 16
19 90
9 79
1 31
1 26
1 69
18 80
11 24
14 17
14 26
12 11
3 97
18 55
12 80
12 1
17 46
1 96
19 24
3 34
19 9
3 58
10 92
15 93
2 75
14 20
16 57
1 17
20 30
15 21
1 75
17 85
7 80
2 43
10 34
20 44
10 1
6 70
17 63
1 23
4 6
16 57
10 40
7 33
11 27
7 100
15 77
9 91
12 4
1 77
20 6
18 35
4 79
9 48
7 90
3 26
17 74
19 59
4 12
17 18
11 3
9 19
4 10
20 79
20 75
4 38
8 71
15 81
5 70
8 91
17 76
