390 400
7720 6835 5680 8976 8455 5725 4071 4808 3559 9156 5602 7832 7905 440 7375 1562 2885 1962 1080 1836 797 1202 508 80 5340 2076 9058 1493 7740 8546 474 4773 9097 8880 3335 1072 3400 707 2955 666 4141 3588 2481 7168 8315 9396 6225 1009 2012 8136 1455 8762 5043 742 21 7922 4512 9248 6018 7368 3717 9714 7650 3290 3335 2759 3169 1895 5303 2640 1979 4199 9105 4791 8661 8681 3652 8753 4033 2029 5987 7042 6253 83 1420 5814 2718 2244 1063 7229 652 8864 4769 470 5005 1047 1594 1487 4326 3276 1323 6540 7679 3990 2588 4710 9271 7945 9221 8470 183 3589 3955 4978 4779 5006 3262 135 3487 7196 9033 2088 2935 9779 5993 4790 4962 8965 1001 9105 1807 4567 2669 3134 2671 1457 2998 3545 3597 4218 8838 4844 7372 8563 1028 9264 8801 4723 3490 7604 1601 4227 1197 3692 9771 363 9301 2363 7721 3565 7421 3445 8610 495 6741 5022 1812 9151 3015 8055 3393 8738 5279 9882 1608 2654 3822 2707 4245 1338 144 2290 1339 3154 4604 4623 2225 78 1724 1981 2330 9733 8223 594 9130 8846 4987 9445 8805 8616 5750 489 7338 1963 8135 4697 2209 1630 3224 1908 6737 4474 1920 7372 293 3855 6734 9561 1056 7606 8184 7075 8382 4119 6741 432 4684 2779 2279 8283 667 836 4125 4118 2737 8028 2119 577 737 4091 556 2795 6060 1901 8793 3432 2136 4580 4875 5907 1184 8074 8719 6790 476 41 3351 8329 6290 2974 3072 3591 2189 5787 1490 3239 4893 3053 7063 681 5903 7005 4176 8479 1695 6139 2468 3998 1083 3639 9515 7621 9993 5826 5722 3838 4828 2581 4399 8978 1891 1023 6943 4834 4243 7349 2702 8707 502 5141 687 8346 5891 4637 8413 1400 2816 1690 3162 8935 9126 9410 9877 1382 6260 7189 6705 3874 2663 722 2195 2566 6360 6038 8588 7811 8245 9467 2425 6867 3189 542 3063 1547 502 9617 9099 5023 7226 1203 48 1051 1570 8636 9458 5967 8456 9405 1531 9962 6819 7975 556 7531 1495 8044 591 6803 3388 8915 7450 2319 6272 5791 9383 133 1775 4642 3569 8300 7954 2078 3585 2257 5333 893 490 103 4750 7233 722 4271 9611 8990 338 1641 3258 9047 2352 9658 
90 343
314 271
253 359
133 126
286 69
272 363
355 300
179 289
143 158
152 288
60 356
91 324
145 361
172 36
184 205
103 334
23 150
85 20
353 95
40 221
295 315
180 79
276 234
53 304
141 92
118 102
20 359
359 84
53 330
364 174
93 279
4 95
101 253
221 72
133 192
111 268
317 237
69 151
186 119
279 200
46 88
154 103
183 183
311 271
303 304
102 207
29 18
128 333
49 348
50 66
250 303
270 92
54 271
159 302
160 143
301 63
365 168
206 79
42 161
91 48
262 277
220 364
71 334
128 104
11 385
124 313
224 302
101 163
78 328
342 94
311 338
11 234
107 204
262 40
306 107
282 6
102 71
50 328
374 1
119 232
176 162
268 152
388 310
25 20
189 171
141 122
29 206
131 109
280 313
359 251
189 66
342 195
68 164
127 52
337 9
261 259
27 106
348 382
381 293
109 224
276 206
337 62
305 280
254 129
364 73
204 64
108 334
181 132
45 99
258 89
210 39
370 338
230 122
280 66
249 100
87 30
234 274
172 215
242 145
26 178
287 84
325 227
144 279
144 355
373 48
299 100
281 2
315 101
358 344
45 70
95 176
117 89
40 109
120 340
138 41
309 5
36 27
130 164
37 283
211 91
247 46
172 347
102 50
388 194
26 381
51 357
76 72
49 153
98 53
295 56
363 53
76 389
17 220
239 354
356 206
61 366
109 362
206 181
58 204
175 342
56 77
345 332
8 341
125 181
77 292
101 16
166 123
266 389
314 33
168 319
156 143
158 113
40 358
27 384
202 326
60 119
160 306
275 40
146 233
286 23
93 124
141 319
378 33
359 94
268 276
245 232
109 53
280 67
179 390
79 2
227 134
118 126
95 242
11 162
3 13
119 136
295 227
318 148
344 225
215 230
42 39
74 119
148 120
218 32
312 305
64 286
273 380
62 36
66 57
138 70
311 193
24 62
130 359
158 99
235 185
185 194
266 219
81 233
260 15
210 59
294 176
151 15
154 96
53 166
308 198
148 135
315 361
85 362
232 146
45 231
263 59
247 39
22 5
368 317
75 30
169 58
14 329
127 133
99 121
290 279
341 165
350 217
69 343
29 295
138 220
385 61
298 215
39 32
29 383
283 332
75 297
37 180
194 159
262 294
17 375
256 3
123 101
322 31
54 219
18 114
194 302
85 136
267 122
53 332
260 262
19 111
385 48
208 35
32 92
60 389
232 231
244 383
36 1
74 283
53 307
284 354
27 352
66 79
143 232
10 134
360 338
203 112
14 313
341 260
363 8
265 146
361 104
223 350
138 99
71 12
252 375
308 205
94 170
100 137
338 117
113 61
390 387
333 264
361 4
136 182
90 37
98 340
43 238
206 267
129 103
35 47
134 71
10 282
109 208
37 39
135 331
184 218
90 37
363 343
148 254
131 138
144 161
388 34
177 355
247 348
165 341
132 273
385 45
147 264
245 376
131 123
41 142
127 140
24 328
280 362
76 83
125 325
312 214
75 77
99 29
68 261
54 225
175 57
188 32
359 92
303 42
323 214
222 222
262 31
29 210
132 211
140 328
368 25
36 272
87 28
9 254
220 324
42 194
50 187
324 18
316 323
161 388
212 358
121 307
178 302
358 46
5 389
372 98
376 303
12 288
236 54
152 301
121 301
26 141
51 118
79 207
155 200
132 105
199 91
389 10
320 78
180 40
30 97
61 337
84 149
161 24
387 210
35 93
31 205
355 204
147 330
332 289
30 12
172 69
377 334
166 321
370 282
241 259
13 323
137 249
280 338
88 299
40 364
381 176
247 304