290 300
4937 8869 58 4700 3971 6264 5117 6215 4555 7815 8330 3039 212 9288 8082 1954 6085 710 4484 4774 8380 9815 5951 6541 8115 1679 7110 5898 3073 788 3977 8132 9956 8689 6113 8 2941 5790 1723 1363 28 5184 4778 7200 5071 1885 1974 1071 1333 2867 6153 4295 2168 825 9676 5629 8650 2598 3309 4693 4686 80 116 2249 6667 1528 6679 7864 9421 8405 8826 6816 7516 7726 8666 9087 7681 9964 1340 5686 6021 1662 4721 6064 9309 415 7902 9873 7124 3941 2745 1762 8423 7531 4806 2268 9318 5602 1907 4307 3481 1012 1136 6630 4114 6809 4084 3556 2290 1293 9996 9152 1054 5345 4708 248 7491 3712 5131 114 6439 7958 4722 9704 6995 1052 5269 7479 8238 6423 7918 866 7659 2498 8486 1196 7462 6633 2158 2022 1146 8392 3037 3925 647 9458 6602 807 4098 7830 9292 4600 7278 799 8352 448 3882 540 8315 4575 8762 9567 2336 8397 1418 9897 5828 3851 6816 4230 4449 6925 658 229 4520 940 9560 5147 5162 1655 675 792 2361 1754 6398 3146 8714 6946 1188 9569 8638 7663 5075 4515 1521 475 5615 528 3234 2570 905 9464 9557 8962 4161 524 2549 7469 330 1923 8350 4333 2925 910 9737 6336 8337 1278 2393 7636 714 8164 1591 9949 9135 2505 3337 4 6337 2623 8664 9970 5608 568 9281 7085 9152 8373 8652 8194 9876 3826 8396 7572 6249 4640 9174 8819 943 2611 1941 289 8419 5565 3805 7585 6216 1450 1615 2609 1064 9166 6893 6074 3509 300 9695 9573 5589 3161 1172 7968 7358 6031 6268 9426 8510 422 774 8779 910 3552 4182 5391 5495 5764 874 1364 4902 8255 
111 185
13 142
23 28
118 220
86 36
45 121
104 175
162 143
73 240
89 113
193 168
49 66
169 114
160 45
275 197
260 89
146 127
47 141
58 3
38 113
107 235
258 92
14 123
42 57
164 269
254 3
269 277
231 82
283 77
61 226
265 107
248 20
44 285
18 49
39 242
7 244
9 188
137 212
258 213
144 8
99 36
229 226
79 168
54 144
172 151
189 82
161 20
173 5
210 102
206 258
24 74
75 243
93 211
252 23
248 248
251 123
155 222
61 124
208 194
280 66
160 8
153 281
53 39
97 208
221 49
142 229
254 1
264 117
133 201
123 169
165 42
129 24
78 216
209 142
268 131
195 39
39 52
254 277
218 269
60 6
276 176
47 227
4 241
281 239
229 203
254 61
97 286
91 290
238 143
83 79
63 60
215 45
229 263
48 33
256 249
75 18
44 100
266 162
190 151
93 199
244 132
115 214
22 231
135 131
178 280
91 249
172 65
151 148
30 196
74 29
243 104
123 72
111 175
101 178
176 260
221 246
82 53
161 210
119 10
232 288
74 184
171 38
197 247
71 203
239 140
119 100
160 260
165 83
231 39
128 59
98 234
1 128
277 185
93 142
170 52
37 131
134 154
87 213
223 132
25 144
253 247
91 26
175 280
127 41
209 63
178 105
281 38
187 261
242 33
20 44
149 216
42 276
47 57
19 29
240 119
28 281
88 240
12 96
69 27
204 20
185 196
194 269
83 224
60 265
19 126
172 174
223 79
142 257
115 207
258 128
130 47
75 132
100 3
27 244
102 246
270 178
51 243
237 142
208 197
33 136
274 275
21 148
166 96
194 272
109 199
59 221
262 48
126 171
106 150
101 60
144 236
175 173
38 173
197 128
103 243
201 242
272 158
36 100
232 159
32 18
139 77
237 240
30 263
117 77
266 289
35 221
254 178
29 34
132 102
83 276
278 67
53 162
187 182
212 96
288 155
49 146
67 35
280 59
185 264
253 196
194 179
34 183
108 261
207 159
71 12
22 280
266 264
207 134
242 46
94 145
101 284
22 228
90 131
84 66
213 210
122 83
137 32
128 211
142 106
183 163
220 41
256 62
89 274
97 189
129 177
202 187
207 168
281 205
160 289
240 5
80 269
158 246
97 205
179 217
119 208
279 31
120 186
277 60
241 121
2 154
156 286
29 101
172 18
268 105
277 8
11 138
235 42
193 112
119 54
166 48
282 205
208 117
229 23
274 71
253 138
169 219
106 240
38 282
44 55
258 32
194 98
222 83
158 6
24 65
5 246
186 62
195 32
233 277
177 154
264 111
131 79
242 84
89 62
247 190
59 221
212 174
290 74
80 264
97 66
6 275