890 900
1962 982 5596 8759 8541 4761 8425 7184 3415 8752 4524 18 2093 8374 5569 9899 3897 798 7634 7327 7725 2372 7688 9551 3557 4980 3491 6861 2988 7739 3260 9199 1570 411 8233 7026 9452 4946 1921 1680 4636 3036 7745 1925 9523 7976 1342 9599 8724 1929 5851 628 2667 5198 7357 3241 9150 6452 9149 1600 1491 8811 8414 8753 2210 742 9553 1228 2764 2215 6213 5949 4524 8442 1154 9217 2940 2112 2184 7449 5628 463 963 397 2287 3000 786 7443 4438 6218 120 4912 6897 9605 6946 1789 5570 2337 9435 990 7797 192 317 3903 1230 4865 4952 6719 3297 1654 1528 274 183 9561 8913 3154 1824 8698 9550 8390 6148 3356 124 4901 318 3905 6768 2140 2187 1155 3728 8655 6335 4485 5600 9629 1754 7801 8075 5815 2937 531 3461 610 4047 7981 5455 3674 6838 588 4811 9721 6016 5315 3312 697 5331 1943 2608 9974 2069 452 7016 8664 9859 2686 8551 9087 872 8345 963 3376 3901 813 8889 5632 2188 9012 9539 4990 3657 1718 5615 9717 1859 4072 3645 2449 9671 3168 7081 1171 9606 1852 5386 944 1240 531 778 2879 6673 7659 2792 7298 2387 1021 6602 1620 116 9847 1622 3925 2 7120 8899 6834 4804 9969 8283 8568 3538 3474 5156 9017 4200 2579 6432 6448 3047 4044 9009 4546 556 5270 4241 2039 4293 7196 513 5031 1121 4972 896 8328 3288 2739 8415 1399 3755 6184 8658 8484 8525 7975 9689 371 5794 4385 944 9920 4775 161 2324 3971 4466 5235 1959 7540 2443 9056 9654 2497 7339 1709 8057 4302 2323 2037 1338 3916 3697 1491 9402 8189 8687 997 3120 567 5949 2926 9523 1591 2848 5035 7691 6744 3658 5512 4098 4772 9355 2771 5409 9753 1448 5745 5304 4512 3916 3855 7198 6762 157 9196 9418 9164 6704 3318 8545 6813 5695 1154 433 8254 618 6800 4429 7561 3932 1358 7546 1260 8943 3723 9817 2712 3906 2831 8039 7109 730 90 2337 9721 1975 9274 9116 6681 3257 465 8643 959 450 7621 8978 4956 1134 7274 9747 1295 4400 861 3463 7255 4814 2050 8968 1926 4017 8785 5932 1270 7894 8012 9292 9984 8536 3461 2102 1499 417 6109 6752 9490 638 944 1966 7770 1603 255 437 1922 7487 477 6209 9563 273 6031 2372 2586 6091 558 7392 9963 7462 5183 7415 3848 2535 7397 9025 3707 7184 1444 3022 9073 9994 873 9404 6559 8929 5993 3947 6361 8928 3959 4415 6016 15 1466 4662 7292 6058 2398 2331 7179 1188 73 3946 6089 9980 8481 6500 8880 9487 1341 8261 8241 2798 1689 5573 3908 1409 3950 7308 8941 9467 3425 5450 2704 6736 5067 54 3285 2085 6921 6628 7935 2215 7604 1244 5050 4655 8019 9881 3619 2948 2656 5631 2941 2178 3273 3489 4497 5338 5576 2674 325 1465 3829 2650 6736 8989 8298 7883 749 8421 4039 437 2734 3384 215 4022 4787 9193 1842 6022 8316 122 5925 6179 9291 6271 3871 4904 8493 100 462 83 6890 2289 7417 6391 9018 5020 6303 5375 667 5392 2032 7108 8641 9998 1258 2113 5693 4001 9687 516 1618 7718 3668 536 9747 6523 1797 3073 1552 8615 1256 1928 4115 2619 343 248 8710 5544 6210 2104 8040 8337 2012 7034 3744 3217 6068 3235 1104 32 5816 7691 3197 2146 4853 7223 2478 3233 962 9990 1428 4124 5981 8489 425 1984 3286 6535 5996 2662 4363 5535 8667 1437 5155 6575 7154 4970 3663 7460 1763 4316 94 6147 6518 9509 7664 7112 7524 8934 9806 6381 8590 634 7415 6862 580 4919 2526 7370 4850 944 8018 2716 4061 9422 1006 826 703 3039 7810 7214 4751 4432 7985 7684 3301 4535 9502 8963 9564 5012 3440 1711 4537 778 4781 334 5051 2040 2710 2538 7507 6349 1951 1350 7606 4795 9171 3621 1088 7675 8725 2807 5628 1265 7786 8373 6289 7185 6981 6655 687 3394 1506 9716 91 9651 9287 6242 6182 8971 8552 6095 7221 7301 7387 8727 7325 6140 2091 5830 4957 6051 304 9672 3521 9017 7855 3023 9251 1578 398 886 388 9321 2011 100 6028 6509 5822 2578 959 2953 2059 6368 1041 3617 6460 7253 8650 2586 7807 1526 2749 2273 3964 2825 3270 6895 4922 7946 9746 1531 7570 1310 7268 5808 259 4070 2453 304 1256 2454 1003 9001 9143 2119 8734 344 8828 9993 7191 9340 9957 3517 1465 7372 2031 706 1588 2955 8545 2654 823 5018 1687 6096 8407 1951 9922 8804 2190 1381 8910 5798 8117 5444 3012 1914 2164 1154 593 4059 7657 9386 9479 6115 8056 6540 3282 1339 9827 8566 5582 931 2090 9713 6231 9604 1684 158 7504 5748 158 8083 8552 1498 1507 1153 2474 7522 8685 2184 1541 2755 4939 6253 5676 7903 8803 7434 6782 2331 6746 2870 1255 8064 1410 4680 8360 5778 6227 3382 5110 5087 1230 1842 4703 6953 6717 8312 9170 2215 6671 3729 6206 6201 5794 5084 7915 667 1010 4637 6969 7484 1282 8326 9158 5311 4904 1445 4452 3681 4733 2350 2138 2972 6837 4859 5561 5756 5004 9649 7570 5233 2754 8549 2806 2404 9929 495 1166 4925 7468 4125 5804 4644 8706 699 4642 
399 802
345 113
785 593
508 240
558 67
740 535
502 15
834 740
186 758
118 181
366 811
337 657
537 312
310 449
746 326
382 734
325 719
61 37
696 266
544 373
885 159
199 703
165 147
68 63
422 561
81 59
843 92
301 788
883 226
759 419
466 453
508 4
289 595
561 560
557 502
245 530
119 679
378 718
103 416
856 804
646 443
315 343
244 881
101 316
735 354
227 772
718 727
713 883
249 745
32 20
284 441
189 374
22 245
264 885
310 55
339 805
725 502
304 255
680 15
176 861
675 193
253 882
89 712
140 459
303 160
710 304
300 609
428 572
720 602
465 773
314 11
796 40
264 648
21 61
323 822
277 193
373 582
434 112
346 469
807 464
293 717
465 784
83 255
172 851
865 312
218 594
720 513
19 705
633 354
815 667
681 572
604 888
860 396
776 246
203 721
2 74
605 58
406 179
505 335
451 728
142 824
378 873
456 106
699 9
106 123
803 463
375 27
267 134
74 581
802 228
582 179
882 521
801 650
106 433
765 40
71 565
487 806
105 510
738 502
551 49
664 101
368 97
475 121
443 736
60 601
440 128
646 886
658 562
831 808
356 411
407 29
798 511
416 194
341 663
53 26
571 449
871 328
706 371
375 107
3 350
98 784
677 736
555 769
64 279
705 759
328 507
696 813
149 102
209 754
171 460
230 92
342 216
649 817
345 58
542 783
533 795
174 535
878 488
245 359
687 275
95 300
172 542
334 163
865 120
50 589
784 639
369 348
782 90
792 338
568 752
93 454
830 686
179 774
335 240
487 683
514 377
189 654
38 326
145 72
873 733
830 277
299 70
644 207
834 601
53 222
716 807
271 25
623 529
551 287
767 436
617 437
489 37
541 672
724 475
736 359
571 119
348 857
880 448
767 800
287 451
568 560
215 265
882 173
8 462
578 826
336 460
74 186
629 767
123 552
122 703
875 615
239 696
837 506
572 383
796 191
111 74
649 281
760 620
544 291
96 6
419 150
687 499
750 108
587 144
718 867
8 640
889 38
200 546
709 206
168 422
2 342
345 584
373 796
648 604
569 272
502 252
138 117
229 163
591 553
627 309
693 465
540 632
888 265
657 211
300 509
306 862
350 640
829 540
283 250
445 321
589 667
318 304
181 212
530 110
158 508
652 364
827 351
346 51
30 763
400 186
655 155
491 371
106 807
638 796
745 160
639 26
19 19
299 267
9 215
87 582
681 592
525 574
100 207
723 200
816 605
286 25
54 528
313 607
66 172
21 705
405 720
103 129
885 38
674 37
843 39
715 523
662 789
720 105
306 738
788 191
752 740
566 127
477 801
821 467
401 668
808 138
78 477
139 62
219 423
179 352
653 299
834 79
890 528
863 583
146 843
144 180
280 509
807 681
329 845
637 296
175 274
342 857
642 783
593 301
497 320
748 122
705 448
243 282
318 465
625 188
247 444
97 801
187 77
293 46
424 829
170 516
574 301
538 858
853 294
185 586
252 589
476 717
875 641
441 455
25 623
769 288
814 810
338 496
477 834
216 93
505 327
635 810
545 452
766 756
97 627
466 569
631 75
816 223
209 275
584 804
463 470
566 747
89 351
881 693
768 541
189 706
58 502
746 854
108 688
359 228
411 707
240 622
780 635
191 318
245 97
883 233
86 537
461 168
506 445
614 466
461 128
761 262
327 307
26 560
843 415
228 524
742 802
418 301
515 331
301 45
321 501
578 470
204 885
376 663
33 657
125 823
677 135
13 326
357 283
106 398
145 426
843 335
342 830
617 772
322 719
870 256
806 558
292 485
771 696
843 173
824 853
731 743
378 139
763 476
226 541
271 750
45 557
533 813
63 602
782 444
466 860
692 302
433 365
806 858
310 862
253 393
407 303
274 408
406 59
614 563
318 435
295 372
7 820
580 230
821 304
777 385
105 798
139 214
347 151
158 139
845 432
679 55
496 595
320 481
335 469
688 67
108 18
36 844
165 426
291 694
195 579
634 364
439 22
359 862
784 119
269 26
296 80
759 759
848 538
254 565
243 825
294 362
593 530
811 260
433 870
305 543
604 588
143 466
751 301
760 564
344 38
717 591
571 173
874 655
796 208
433 497
476 192
639 670
243 839
621 105
343 580
742 251
240 352
470 686
751 826
468 499
602 217
113 605
363 36
475 843
144 302
3 834
676 74
65 490
180 670
140 559
420 426
387 2
757 594
279 687
818 74
355 828
205 855
62 770
656 142
28 834
454 436
865 834
586 692
29 888
376 50
127 666
81 725
496 174
231 147
662 47
789 12
39 129
290 749
554 814
754 408
689 578
37 683
65 68
619 96
9 53
57 752
289 186
868 107
670 856
37 164
123 275
443 437
474 651
355 43
774 291
471 199
665 704
179 38
158 527
242 882
12 576
210 77
418 737
867 207
470 548
483 475
246 851
550 591
800 874
692 66
69 451
617 24
146 420
368 784
55 637
885 476
815 547
674 553
795 365
613 652
472 538
723 557
350 518
610 133
844 444
525 341
55 753
565 406
496 421
883 242
778 351
845 526
164 116
541 636
811 106
586 675
487 282
462 832
486 118
471 192
721 253
432 361
329 406
682 181
861 141
46 801
112 829
548 833
56 351
503 859
670 581
556 333
852 244
358 886
221 78
243 533
343 579
86 807
650 718
631 462
750 422
41 374
216 553
358 480
264 92
588 432
337 220
724 745
411 350
726 516
257 253
548 207
803 438
680 875
862 640
664 192
687 603
691 729
579 749
260 427
524 69
157 154
829 438
746 294
75 806
168 791
248 649
166 703
318 740
553 622
811 168
3 590
593 134
506 611
47 856
180 185
211 320
255 70
820 299
220 854
229 553
176 401
255 459
6 612
794 568
460 78
832 100
239 867
187 280
323 601
704 788
714 92
36 266
290 519
848 636
869 750
655 751
691 842
583 323
513 73
536 410
243 622
290 336
318 326
204 398
156 764
431 454
620 658
673 333
866 196
726 739
396 506
532 84
421 347
812 66
377 291
806 143
378 44
658 364
338 792
610 198
725 573
831 888
53 706
88 413
789 437
753 619
247 498
455 182
321 680
849 68
168 56
725 162
105 879
11 150
18 784
123 235
389 523
436 285
730 287
660 674
384 203
828 600
30 301
416 685
37 340
845 786
239 273
588 83
187 134
69 866
636 212
415 126
482 679
47 551
21 435
278 22
851 370
445 759
23 318
207 295
649 470
468 161
156 405
653 206
73 612
46 117
741 45
772 328
863 753
223 110
820 253
679 309
294 169
480 598
608 797
635 174
634 565
685 169
559 7
251 780
653 478
535 191
283 623
284 360
486 24
798 45
219 153
890 183
200 582
353 664
732 626
849 142
68 256
683 112
249 752
777 226
45 458
107 215
768 840
346 424
873 414
477 865
671 723
629 348
177 378
294 361
176 648
851 779
223 520
462 91
804 684
433 480
640 601
330 280
411 815
457 833
699 583
69 162
610 698
62 409
704 808
701 141
118 747
768 30
734 204
25 200
746 690
863 757
118 687
429 628
118 35
480 639
562 210
306 857
592 206
612 810
626 748
840 40
60 252
525 319
250 554
185 444
888 862
356 629
753 470
439 41
171 830
565 788
800 570
466 444
228 599
588 9
146 97
139 252
11 206
173 61
476 845
626 661
366 11
479 268
351 157
722 284
631 687
663 398
114 883
882 859
525 653
770 296
336 669
784 880
815 368
612 859
183 488
144 598
603 115
659 364
745 661
187 364
289 748
118 157
588 181
755 66
655 369
607 599
392 853
511 77
260 107
524 706
396 78
856 319
135 817
607 345
678 192
171 739
386 712
21 705
806 463
100 67
618 409
640 280
788 61
536 199
529 178
734 55
338 346
349 608
268 400
563 805
492 252
720 158
484 775
367 126
65 139
874 348
35 154
241 275
278 670
463 517
24 542
737 690
104 213
664 706
877 393
487 348
107 374
588 33
655 174
552 420
637 584
21 873
86 696
363 417
110 257
867 295
325 605
392 136
745 678
40 571
160 75
706 201
477 386
312 474
591 264
93 465
649 800
475 304
841 630
300 492