117
247
17319
7668993233137255421225378268758964886351565678594731497594747462157321
1524735852142585556492764769978582581763629129864772478591445179593524224217778598222
5636742312183364764358817124643435812153623693991771885211732431724973729179575969472166345597977259886453491876792914777467
179971673868814125813464
822821793375941649716513222572654769955257187759616128841499379587644114575517928781482269283393953925559716399184453215295792823494639748469853313628453397255434152
1858535797697691577492835942712268695753743761916294764619721846148677936117959147747555976491237184511158445341651363693218539777597977436687633298529467963884752742364898
8158918239652479293136928852482295696993958443552934924127399684273432718685831965796565677649386438195466323854544328381719153792171226227653238764548299
745264753415489946911238788295725654616351265231144863845691517514566789588785865
3886458859277325846957742979942848946764447446387923848998175899852599634123638116575412362426981987382527216361499195237525664762592767934441897394213251972477411341986834356
863895424932
3469593457399649225
8116449199545333332886458931669524999914786163996662344658269
879892721771888354831186652659411835928245524467286987651864751372213366884686142836999933983247975796262966691599342888648398297463563292451818317729499648692863542142354484573821353543723732
83473421696728794128595362815171444114798172192837883346499253347695869858371468822621179795458853684991767149282557223178923811485519494549216993221894139539523642574133115166473564
34693463485886179892618545656278143761648351524143378419439232854156736
847558791591417478789383532579481732483865713595576382781675584186255965587147443263563
46526815857694376394412562362778982771223695558273713915292338425163583386324647619651466411975646241725
7164872988151115278435862213987484913669599345854712175689498658259143281331
5184172414946924824837493742657772925191413477621252176983
61231315826323333668375928
82187751518519164977357761857992743916536893342461782625417264228211789336543
2875841363146991717985919799281296186387899644786338687665932313748731175991629476221262555882883986649684986255725346229
6937337368611274168543113683371129885216132189124475776778328411846742938673177656
14774999113276613164571753938469653298597238394439
5951493388914887367778817786421524416268439512854665481
3883228393126944666
94183757498931914854618579665416651372422382538926754926625163738
93371737528284166579759632726179838276843729489845949762187445174251589889365861
114612139375443273955253933359851443888781631494588891944145336811794939259428199582543335851484613322482444562772537977511
6349186
59271994274661612455719636161842894163222217935316491596771335824739189844488274442112766872535515528448282718413598134853331563611842736811993774964
4248177532354984275768165533823948687636436125112828241156769448293767833233
8421456561579175488667249369224786
976454266785427283449386994263963497845
73658655395854353635977411535171636327685838142471682716728576718818495681334787666528913889648789949951166871767782649237639372832646
28923368258273589759819477445696133845774216172179435841618861159962427591481418762833126471311366671878298794186587676778972979122417736338472942728315649321846249267739341866255984175
293167332571926313222142546668756231194
95696925671355678362572972621885894319566326778368238993155846861197739442636963235814474379437716343945927643388945559258628166917874391295398468374484635198743439292
285527198482373775655828251228644976268721732462819631669727666687353648954216416515876238956748914414182457246521283252488699558
6499574241884479927142375122955346536125539535448481933263333361769547215749119787773671926122569975656633781671673923749827746
111717334422396342172782577643593989499262339454157333333564422961573631258594325247224828316455254181972259766821998722335953416645194297955465593715552
1142144876772972432118578446623333622296453962811837997216
351582556589264944862146625934526163867795482246997948239154485659398285135871623398549247423629331986895576185973816119575582351914486542871114531551742639584112943729352932126288756437183119
72321649143
1893821166539233614276184499565151174323321428287233713524716621645985
53893513915768937698533151576413456787741595639292156653997841946343327249168752397714412137821257388864247334854426854968897553389357654735587788377743
78211796882772879851532588254893345748318253466693663386243934254537447183189976431515123884272
11228679925251872337762754859646835136246442673493521842234795559774342815165866132146211819458549173586594696563113372158777267528786512226169489799232
3822244279
48239468525441898554326718226217512546291881858345467917684966552345317683273626751398911581183837978933
5677168827465652522911695755692972527449283217197297842636725136223637432585744576212889
57741138353614911959716928982792574112631521751411187169982434123336577145386254612556784161846842254819236541928483553676122467262866526318351111681829433438823676722616
97264422468628126199925693987586982676849724329268559968259618526948947982155587781633452668813235
25476847245995637794771473986552183967312629271164499
1498744417496875485993924559645959859955199464911835777167223133869278399158563374796794592575552726345498342437245785593143621961659753417823122138187183145251969676797152785491296889233919958
14365424129622625912442924671526136733366571758646198274352822479382159659172872474372754998162231653661169518672577566574226191135439593918979418967882123551812978449948572714816868
68752283989224824836926823969891762588878962673755535669798315959383352686665929
772372797112422968328561197887184282682316689355721515588829941232191963239869459396767951414715468725563881543922395355332195147399864155437767
31637853497442437756365547795898442983643181588991223177649468536783926338756682885986315748828691928715335291557845526948481133116967238326568862732367396295788251145894349428398162869772562947127834
36894231185382526757394867584491572779267753596119355363322958731141438412668374796881434245999832985334429913629268698854986839569
6566211123143466919621621834422251323541644567188415183778433481913882213367972423887432324772833331228865247723275585795399613348371
77373131787594468172288656489733541627653657678187162964673267111179923175933846495115896886242998492572919465614481572577726588457639542572963487342242492483569853889798241488
192454629277196799565685693386272299294278713182749855886985158315132867396531592186227142693643613375967427932187187
462164572841823419416689888363912875525458488583182972385468595149126972553961948819155983324228534178583166725714117185615818955933831743289577292327319959152465815442243676243287415635176825573
6988585425188144335583892878523844735638123429124475314931384735641495935853751915
873558187861358994871912145811222855429599299759919389286291179249773528483791929841824249342
115114733557828685645
3296242113637487392868884841561974146395143435777673128147727745514397497462252678447133922983534734116695
496958776424369375556943818473386883739857691
91652
3525421594546759124315181668511371168725
3927355243741215446763537997476453346553116574928592945
57137751499428777167724663798514115694165911867823964474635491958723819949475972156868386784833457341542143469386285165154
1359821246769597327435114724228664544869448869712386617757764569844148994327197156299687352468275191678685215271766747228198794218275627941
83297128862686787165749467158273421222499345843428722468416353483425196122999632363976313937521343452455245353386997778312
9734736332485685596652468692795425589593359637272862636485213144153323714259248814322994946889284158223168555319
55796638422558444812592313862641379329662391862512963924131197289471996224929182
12172438188731159244513651389698952165117241291397673224895476127331913888637589767166486595862442982526196773735894925182458725
21252855322221271599665369761119687
266272823641444
1286673469898281977837787911194543963358772435511933874388317767851847346887134943182767812648455161692554194729362757145996362426168399959329446975428865914982522538844822893481587372669765
17397645673151963436759529198826331544528513851836643624892
23869925371246262413659258528286412551471928184392445896525415561519838953494319368371173189
126644296169647478535497256124552769324
8539127967349767382117846473257877556184426648694986325351822241776512785621588266518868376982893467443
6687614417256363239843593177647859949568911614727561432346525399174116219316335441415677691233185557449895363693265555633784171628243352264
9163236683969333236977679988462694889286764327441948835767324159435718995175759935828243787664942782955148381673673299333889931446265733881
995785572683336627145353
64688486842852955925542172523969688197272472476433176422826884716267447568271853939891335271432893341443454624913872687228223294444146
211932126287417411342398683678884288189499443483132215525752686568997411858261384173566348632823667718128467299297353944521254498563963422911
472113949776271812886436767325224711911291455682822366942648471766918946
278378749781589423115268331541445149396613917366463616813696729811
687596894618918296665962261968744923189274358987158921783717354696342425828166199875165796878887738989
92691778194969583222368543888568193478582723928633473244733341544695643672323163266197386987953672224939663999833939934791672995841443
298978913389534785377923769493484331979418234229274252726261315298815611991547132474114643149
858789167292493788978616513364497
384771464676
8996793714146698541384719739533653947387249255266156961751524588354935882928388185551674814852985287428572798998522773683561572817124184753917743239867298897924176496378538547586367615621983274915634
415656767692334999274136461168677124942785519378264713638266
7735884724541868977133566688734842544922979392773664362318381597279423488224823865632746435194348635519376625295236587836
882691375547696852796565972887956481828247414589249998734817477948657996862876289117547634699175464652115562945159231379657971645356247766775711167395884659127843565887569268829858321253
8367863491415216446473871934756652764156837451189769
98574974914149289172134549747677917946239683449748729714937358284282356683461152788396767511142829235775417382275834816175775832194694628496266687713678147496914176865274135399448136427516
679294476485377212719192552672862854658232192379886528141536894582968136295922371885734378374198195244645764666211154442318698762643557733374124228192893287918132746526132259616522712462455886
3437476538341553342123872154714928312978466546716133964523891765439999684169352113665456785922192783352857683815615831789358485673269889174844466538698955261831984754419227834723368362
56884462494733141882659895873175854569256977115268992352319343828879882974629857542284722831692532237737796734583217265174489449981145338
38744988182832316255283598698255343864998858513193548451523154657653491524298475437436
926315479621684671495761367215843589652366221941439233385771189
37619783545614264679635789118533878885263212133345176845426375523325925475793893
488256931836728752192478974556823144791195493697288573593285342596196824762382352583871986161635135965525699695472633694586862348453173378784115333854
6367566157154872678494558431111877394421612491439778529634524
925351
12199542
869943137232714524617376966779299851519893948431875854445884613176373942165369983786958389932811931462995713157887338598315742689211419771335583959233825421371346313796339287335722598311157
16287849337293594372394831946895511599764362465625748235457597975512723995933189754246815919151529135862692597482631911493314376735655146292414857831146388572698834881181799715369168
