39
631
91929234569945834663242531325393668399836528169976944719728331269115445484276627172267891686328366296561534218745682673725626115115886949524
6556181577922548626557319866623973643887451677492511255461264727637533196566421579275419942139411465244341594786534823775964578665917
2749252114864382652327422937566335886294923759877416134734153492638974611837599267566556975
89766743595
881179943546593557157545866634922126485994317
874977945169934915299745864821112224937547788957537448943122258318953555597689466833986852432266126125864681661358126237721911772817327522267265864296168628142534993199227328437749334
633941881766495569683152358478241447969249611669393959693682588963547957828587919634614499142136172952992539991
988937555534594343516861947245528797491821953129784546974514614986759363315492538854282321893846211639144312637516356116273762433173956751721249936319451386138
799111618673986183463977457742512365887679714588461783762155875143366
53147937993631553454591515569936196156777567496431712311836429339157749755237492494119263299419575424416362117411211999786157451182413969543252992117921491
889934274439224535423419684488921538873948762412423629428569123896247482371768314533739627316658556817332595418921481946814258953954165177574426885179155
57481239882459619371996817643292888279743427912318271249285938398913978554286973557617561589124785881525348757647368221393521418666726687448446149815285425558869
7155498634195331727912321926123612765139271968337476252951566718834929611664436776598425761965441869218442717958965661919727556365188335356398833
71
365615339564924377
2692513321122965771931383323468947689715416259327542977826285386522328557116857519962169253
2115877277973951552261914495519637747536151527955554498431331786869
669572366192199717956158542252325148676974391976849154796134129873842538344282718216568715818583838
8354877547341521416953543916784994258517264563692855683617381735813994739791871746897242696964715336755674149131983479378696314222232394469876843254125212154261583431375849144858964371
987412795377935832886455865569496138871172861396437941716783855921451323
51883536458464815965689279
97443516928274926488333249237624398578816945931843413542515913522159182791415977245729141445655595513912275647886864136294437715962498252841922631927837
7374483221217864739969287871692766887213956639885927826564877782567857154627126412854663184467596126688347313641324876493377826362333198592777682664362
745813499178947656663122691982913449939892673749925444676652254463191612131248823891426276617529647512642925294371416268118927678831651324475941784829775874987585263269725278873676
182895851715
4668277564149344851633923429725541869675389378853385816112381518839984513548593198211263769528724768637923918797625194411617571234483387989169685584119727134298722934449276311417515
567654754518594672139918944992348927
1758741843227422928274991615923444285793842267725997413328391228981699624675748433341653566787525253789599128664499555494698
137186483918641218944829231131693469743395498669113656357991237191667371
649458665855739898284856267313228533638233361383875198993823763794665944639742128463741656733482827537247671189521965455719355965348424958988411667461584122857267375787646155157115423219453745862558
6913448229222628216754326433355171195392849524877857347248279823278138219178865164245548865935914185359936415922626328318617368699264899213738394
7998358766718818456349585433357613183714896851767919464572932199593921772774796286435756739185719383339171684231483578773849939211733159219417845169389948769792497421532666455
3126471399729524745665693159485246874459853437124866575173527789247153877531811177217263911915997184273579839173149776834479
8588498825783169799384549686911456447426744853689935878149981773712521423681316582428972426458396726788755531862547538463236171869823361428812678451495181947882121666
6863228595693167196139847479394669822862683686323257799542944374578758
129974368246913659241643896242574846483832793575913992423567465364272215516778594641559624292823692655643457962926849519322312258275263618259468675118172231
132267451149821849335539226977943641944239329849277738742634869884351148661474571879335842278766557374959166499178378622661563957828664296917531
8782922955146962479592111539333229664286775495553978523258969913839324849452898959638982125191141836544894546983478743
