89
9212946233416529866449556432875788138414343398461857751194192729112743459841535487138128498266235312594162949
27461927713932888275971316995415117349553555715877259655148365965823682248578739573
68154669881624864362679825349352488255819872292554253658233497875938283757883852583673738459922728715862547924659451241484781491994333
8864938114231615387387756768349469535326545
62694223548927168995733333758175255
922595671621162214763811896148823325625438578772688681584843611284346696926482459243226389884
829738748317344827319672841445967424346647124218441345
723941241497825638711236965384794299787649468442986654855556382724595633571624142593957723
11188363289
36429137863184294518292152396554571477588442241839299286584412225261544957332339543974259674836823834238376848881697787289286992933976838481713318259689597348616335844423341913564
275941157374498781798963385642625541336941752836337881775819375332984397762849673113244
3689942455777281218221947216175867142813725117476591288422233181876153699839999357534954686789547336542834153925161561
59446433988166779875311878868943127896654463438251639139238183318817368322754723663419866184688636617955715285253978227286874113872597718398583682
745466531694963469214533293181954899393973428757334994422378654261846268969545743386863267636
161383535493664864945486236135473
467354227795476774964642376364634567282483735297674953294443449852294727955
216254111886216299783245538881795973224299186625258927861162
29177252596249566559541399851193114762
9483532187885881641912174496383461145297888957426
812734784414613616772874712453675376224424711737732846759451677445546757672313522748291267797168938477133336928429689969534736695988341166948225762422267514711117792781888
3528733943223274411257476374921338119666389338919651128857745
6
258386655357615554588112117157839515541216732637426652459273456899136955446633961642623285
45399486263322651191827816343191913476716637116198525885829569734243524643782291786756492696165974446129679514233152789935366691889783648146459937179256525268354353438789388578816626689493184
84479572238523985518893634478424642224486253459
18847851469149719353137473716385625644356835896214659797861147523511269993276541722879117825189565365788929164675349499157652
521791781817326873147296291272789367631416234742817851631319861392536531835492882457126313695497476658696529411543559
3699895796123325965954828511173335538892421499275216185938886974148411144223212861537268433727857672229362
9711694853883937541772387261183918693941443674199649467344848414619927896966551864857713246143628841635721956246878687566582842336438593919594185344143781294755554682794551168276
41799958851273361452169181954995738813233927989156174847474583922227895714216939881357248616437587389
8455467282738373638591462849827758756633982339372824275652786384892441327791535178765587468926363634122926886821959586414892276376826717661319219869755155867
336673578652772442186496655599577593273977744988313918939169356573856721772951922993827562659125821531221276867841128283519885964838961939364513237727315334274881361248816229683478
2991782158181274574558
28218
85832972374147363672634426613653849332434139154964895678181374
167963639934711379147456539991645383453751892496869931553538958875423879769817733257134758133487
79148949883684133755895444216136795949333311559594325218651874247916975458644857
54444334246285862695497627792198946352342459617411725643819
9524735468985293
7773874962795899365295425466712651842898514989426447764661765136669346456645317681135685378958138641733944824496123593385647648366913523745596659751
4321737851461513868579356921823453532262745443398176161777463483123386683376164783651441845979847591399454463499155761654184525586236222449471787852273243987147111225957481574671
321785456875441453236
86235131383435832578872483391487631696863979431541914128533179928623769948365197431973955857852357845741175555636875782396855992643275766541948724999764818939553244878312879232462871556134894157456799
13434525163426486652773118642
79667848547363256639613112955294531667635518724629561668339645645776824513424392389856575652738753668772216465987117599738391341794654424241169214597362621566487584538913761799445223
2153442442667842862432962117424234917918971864861349258537365861275551759924652943268877126446276237699549913439813567441347759581567573273472
15319781137112365241323178954299594264147472627781882765274349492481861886992678566358919592766188
48918663757316275166646233677844367297
3287542443356174966337194928689413892665556396911549658584229351476281223386193948738364996211694854165796866333645
6368712477831751897271916497675631428142535337591434572795274724882719316819179
986379814276623284899866833369691267638751946747234391828477464351482311489764267141131215318444874329495615612743
7227937321984693329143925362866176135393221517134532373557923455168812514924961899945839372865597366246232186135794532998181869224284
4416811839697718829368317344633634446718479511582936648993737339733924865563975133862857462511443577797312213944633554889727975462372947121995393568176382325191687497688272167115454813816393
8979226888379197223224937349422717318157276738537659368766754685395716985486639489799475187993541231189665
77685972792335939319739617111995754387116375372249887897454641514335654699899649
817259796454939722555916761173814643268163494582672986812672
3678411266539771367778921876286497795425993371568835737638643651277858326146917741786442994321359989799569894955162829174848471
21648972394635115336846873494917187498115955211421398618161118529288331362795694917899458283488324214254377119466835621428935317885391531729855286596246
659995965
2948714886
8724583286595
13716798731578622121915832664245354455758733214877
6534425244135334465683552847647982939487181628559684117835486483856899495968751548274156395623722869577985873437593661292753442362
38115752949664913141349283152461418662478275957419666911913
1419184266228676774437993988664233975486315563854346359845335791641284769754893918184149817614
6188668488799739842139157372888225968128988276766511843552536593224127829844451918175451982598179366845939557681286676975774111672383491296872962979145887428
5845894639561261231317756711934754712198787354642966874696984
79274823547454319971652656291331521971322797534375312295694
285976592776463141323199777347299857623221721876378415529895679133238726281749224112138523523784971865979319268844
52727942589575293833579173938999861746687256582939416127262974686542664683169378129681559995175592586241189441642884613438985986788297371956984322398197585388369786361862257273947
3197694649265279173626475461781926519491293244696846396664636937333528888426257346657327963524226767479165631973722492781643781338684124843214483
73713994783778958757119683389835198695233363517961623524459473116662787347248632915622627119729888386147382917948974357776249496612752485143666265139332
9853644835537921878556787365292613834144346127121215685739243632275646517722911751835358258597
772337176959389187153299563462623555566
62727632543335112621676813221418772187835399528733974587688467895
1429927657899883346642936697141281179
17873813568237187256874768183734312844298732114567386131714436524975311154725379777189379

83162531739816452884942966642664833642421675248787422875455274974646471538346526783939689597752976884442727331
5455937945221716744374427334543936753618724744147795296231681333421976337823917353723695774
647932435156586453924858596851276455636887851765332498824527854475427477943821556694911898383959689783562493269949375573982525492289351636233852745899
393685
98867164454359444192436593277733112596667413588844455976923994231226813691356987694171517756253338362
718638884625257277652383622699818231559194858373882722546346777393662351527269269627636411349489687454768124333114923296215314946268145185947169335285917371354953
439315257496126268727
8861669927321898589926432327453542668756342688657766317356864553497322796342366366945543589493648649184692241764521583388814614
39589676862523947327884668645715571412598717946147951259439992975374367217626295178725246185948754281219977514132113541648867462152794693997652749488195566398848617973995769768772458931525
38737755363945439192325835861133379229834233989638857893832
273582327716998722531155787589681362497547295783986513916854155528651723273425825486466668472182993
