87
63341811227143973726754415623266135393628253191716222252175725965638246213749426597474372648274381983787692479342886653355372174341129561983249737982218949339865888641515631667753626418465236168813912
911725778265377338
9888946429135863819182385477782144
1339153758342772661915888928854954663122262663956991213427935829169918831232412263526985992375274229839694171873448775585466467645299823533335187432226
9113578
1218914344278548851234422
461141893579268684973486764428475988943232952457883266126567413193941487689732846455516979472279983724535124661149641545263646344789536737362426837781416469263
27172876466424287892833828583335555254463597
78645143132845566128892974424373533282432985198533789953836872426548327585252382244187396111753482371728671282725186159992672145233196429796476539494673534
646631359254545821566642542195
7762974545514386723
821454152652934966729686134637142823713119159182935745192444751211686513388283253378789829373178851311411232619237415526132418743146733465986566631835798577336992882
658175793541483637471538583329671775986811269741746219134642624414684131917423381789399921545588881436888429694913699842266797338899391
36857172938749511611716383373499372819871314497341515662998267949544789524881154992644372428875456691758223418332567
798589841848718587614159957723
13614711234341861859771694294194337463398362755584881989771625111136148547826649243435781176425582283232758834646335646941163473874472859388831798214264624587143286422784254645993
976791646332339582965557289155562841267647379713218186425728619588462341964329129237811594432573799452824374844325915218381986977247536464666879844587168472539354615831
3856479854276654461918279991372564793114157786963553864945711234694174723196972661241936217442495689317767697988884382837477466
57942921775583465959924381836748428649659131487414516839796611339321954126227612929569286984887727449967163758539174286283627113874463946387
62431572944311914437948965234961484542177411231557448954182382427214743877227151319332242136718
661257338179154572179561386341872161944955427148454981365129169631638576881867544939729192584588915531695161229286712324686656
394436367661833338816463197217467742687597533875618895999945296968953
82849746993194936749369618598174423864482328852688786964144477178184215846718746167362
8832343275372331319744489686415575819169262282476248374824642619879824953156118647923114485639725671764779258755872645781443227775168149526221776
52667587144419659211253588556129471139616311866911628726673533271795149765135866235633644525927479214724172493238161463845167784
71245845372781988839968693392764136572755412428523562296491553634276554149958384788779311187938792171938828153547891948255626732293697755433817335684378312423251478631367376395885978476928518268932858
76346851725834452318292399829294233887393658687557398
31246971183247457
39628573567635337516355223887626226363485669527237266944786367155623125815152487831782747495
564211624388872922335865738449311921924487322856329533299953747235855579962763686957449492356751535115428338934975141813245185
18562222443214745764696122252535927666772594667298979724675421715814245
2672278559662511648984325662882797335154363785134
757634345845159481961842271271585371252428265865956195478933676989955144273664524422974854461248678224441845491584872192178852572
41373419785939919122912171146499
316373986278935845148526558418818268874268819384485331815379563588462117718923215154335812366238659821537572871468367359886163256643691963889387533648688429254578656542858483166752598821357
93496216625626122932612467494763173676328222157938446169817441481837576338981156173635279783367
247646836653589555864657348926845166321332176116612334816591786464935422319747995928963
846
5533322926975262559967511116158789542975829124444666
5181168248193993274664386776237393588782222252175251496476828249786588128514743883519142933247369753739841863
17186786621276294233734969788564697259118243284863144262876869
7183766872439152752225177888815775696846499821257154446766837944682694522953386897141157141
6449798591895768321917493279616164526465584839611987241254736149632882435372312494959261817738421636972744424137767139965934613326468638494722574155743986254492429754273811
9896357532672888322178635417883266191149934922157711565147272833164443887817431838526955564754231295786492639957262991181857576284148414899619644819374588799218494821431669829
9275749181835966841793112998345895288587879845387838146466277751446574413573532578847869445739582766516563444756518664257978953447165149731396
8678452979581744962794658781951138212129878154121359515416747276783866389581381389363493148736166867393716669482993789285221239933199134679353869118568363163984356487457481792144358836698777757337975
5291927759734625986797491247884661568565586959979583222195329145989569928879298122892264115579767743194814533182288336166188225187862348745996225791267329214628797935912231528
8939597332595337591974762663367884714754
68
659839148282817186347766152994321561697959762811985282976938675634472654481736491979312481682687161985634166
4489164225318757565481241871955637354965386886116911156229162578964
952989664355656598233995553319498754396851726436379521695121498268151543148333684681434837634322945513346451533616427438236653397777336418378637635321572541528247
669842191429189515376799371
43553417594957263484794213735293224198754757388155696664338966282938728219824534972173573274742949333588552412964436393618349637339268853819825781328589651531563417424113742723
48759453711744716664165196333127334537845311283
475781682163941981345245658428169523831949877974191679769564395627944929818456547176796586351465273648512111982614121356889518428445823912762694724489675533646524419557929932618991968
57748686896354312132671285961374747466163668822716591712922327429596689113478536224672695294227813875299541426959
782679856443226443526621299434384163231266931582379
85539399925645616566685616788433774836138932
367727744165697395138237942247552933514368447742341273728944141911549453348979293841286149333586555315452374
213967857
4188129111865177288374764424948218412812569395481826267178612553358815789364749936836825817182753947982415385217863757325719131871665
6226394278829675578539151994376475149963467391966294923457349966771673594796858929291644378824984115795222985149641593246759389389767738458827845136858924948731484328446465649459
34698258231817799156747534673575618951175534163387852772892366685182718215924884679597612675582673258247
2657415481696862265368614489172545742555122316149548844474763249186212786641124283582832318624729745198985723228661776146275914882642721154994111974644655861946383565986831585956497785
83849237911586279973235246674646853674832276288879698766118797819979422925878635437558953159535497239427
9939894286211569623662555495591265996297417849629141616833963268137586527787677848652819215668692822394287136683331311741594979149852879312
857899931418871185875197526358632396314336556347978
289325386553744647114717922661697456
324665927557892532525314698269726143953242373576394866275547588592387828489919346821354122429364818391773261532813949283
631765293742662175626331172669785691885437974432972546128899451
9985753552516916763174621247449792
453541248659575792123336629248363973911134839449994264716538261313318213781923962288649644217861227348843474135445285
1519258884669786954221998451371196919824367438333531523316592975186254191724385572282724942361371231226148213993219897693596
2563652834785269486812281868275681674267413811827616612783594517615318315654958797292227765127718998531233498569633882949198434
9685786386887636339376788751434275565442
859751492856875785339678484625627419836
9339419519241499139836282448975843463547918886821996442864769843831652518541758354791
476151652541415994945775316318574249851441
635327579619652111861335864363342664141232913937728742122949269284611624818749274
77851421336937822459711533394578454546896779538454318855716
1975842232696965876643724918373113827871477928434276338787637766875115134446173311632864
7586584531489889774648599245938731365688858629316323828172734637465373831229195251643985531844918791476612915748349255991935372271919879847762369435558475443833532681585915896376238841
4996479368517552736191633258946115877366137972628548474167
412751563778783115596419744
944819854244962879531998712457566866363295256966291387357479777617759345226729651298953777
845513514746181587986
