171
92418559489996565239224116117313517176675932993317259191198581193441523819229722179719218885325969328271139666251474983699717
1957218687777192233586857481861779458394392382157333563914715133237346778687255146792294147244366986587182498787697641155384828366572639352379931784999357998134514411
9727481545455569578345347647877143351356932786774387462317981451442343688295328472328287822854346879935342852577615591572237653751381728863639224478794448855451
996927974273523328325653658395141767477781844467177832286454355153586627855961559318843717966127451
52659447924224665169635178823368179573
731242433553681348943392178962
9486858375923599376282698761896229319534198556452668345581712366838222593685827316873491136829994192245155
5866657789525629994238533161232275434149469187212546226826579577254424327681941312924593769493832177994399185269725742116449169996422382413226475114485576657135154693528759868283336848445
183682946446611432662825698438359791463442164484998862356272721911847559865958375693646491336168533865597743979264723914424226686912672341285281611685
78
1244638263375553833664233521733391743669321514928351126768633931971569489794465866669322636879585279292933149
41579717499436683243188542727719822622225272585317191125313265545138352175547698954254937167276929626854298892589373164945773194128527484254958332687287234145
259676165683953174437886784778985385527498968988729276695926748556195131
88658594269148261742488247788793935974428462662928168145195931544758277761851
36718951249179216633445283
9994226996844585825989246484551947541332373484856837965986655621789232282822936461883585659133129
91931628786279994923137977241585325361791
3163983481264368646984946329295647664698376
671489863976745382257729611926217934789528671942919851548296679577887
515597113247245382658546666373815928626465124718185471573888688494296933353616871132265487276762839276627671536883831268642171699282138172592137392396637422627887
5726883453681913352369151112763885679349375823434667337129231769847545267734851481955155685913637597633318444281222342224287422861166946121726776146856
123374678574637966737879779627557942768925111956798796274227996446554373556485212293371933858451597631863591459616953855724418593971664659241457271141168397246685
14942181445247611327758343858117517673179189235162271161811544482874471337795945277348
517773964849619989714135743879268959381968987144942348229897371787581741491631486854941541696821993793131661289811136998818945312918
8688355532856993237993568295199379136282483621623933834833336129515451489621619793131489263689391524641569789465
836824988211453598133318544763256833564622447388975173511327457399287458311
53317221666294461694163612741572
347963236661189431382818127571861735187859276632115966976914347382773914928111664357687265424487988875
11462535218644757196193261591727852436844325345694485365
9716637643285968653894421286688571456266668941925313128681611187612843222538193115713271256428578
7443854141376212231377899636331319216721653622755695531594236374211367553553587259791218237927573519115661174936723231468419179163395835671728366264721561524627891552872595186429671
1652763993535242478489665624968368468386329615781859199164413167285881887444659384427847425926
5453365174537462967271133935539615639478485617216849727863785
475177897323233718635425188844592211448397638328288617655115964549149311796784418135995859345788976998643947377947624
132268549279983466194938357
1442254625523123656656252574439529517729994451177546554646357224943865249519325387821843393818529484371484327517974653765516413465888364249645324342481258142955872483
6986954234884399342743255335616169116327213238894966381412215449594619177411186181741173751369529258233751633973274798925878347376347112745
81932522364228
151424765429283366745583674988299653272171852514373243887847795975968244138659911962987854768446446967
989485565655739746484176777614294239122223582748252729295944357576852453579148369946684594117188829797457877269632446512495945534157313748873494159918348314841183338514556971436325143472543378447
89372731721362545142292222541335541215168467588
86957845254168136646133722826769553114736936745644591324526236235966485438388273611756455346386467427681952256411173616268935869211823246291786812144253996345755885
3387978179983886271163981849771856445125532778371272587376585975
256927696283492667899935263377555597723486571366789516697431375479845787
79875986957823766861424897679535537368775174823699277984884659788298281328135844634511663223713483792429275316597162536892297536829134652479652179221261741888689639823943114979
7663477162746296785173565913881573912587993188343569174363154873915531446936245679262354683916615934443979
946253453537987172942899855521436236861389991266786439772567423423711178347518724937476955893861261
6962171612291827675182149632395296476184
3386265398564819875568547143351935611624987748341548498161377937738544439169875361885161528747487532494631226364232953599145399683521978923461422581121
27348129164388526588438341467294927582585724876551662483439771515262411383838911412484853882997679222772486662356133857225397257592762434626718977422199388656925373695724746344445515111967996
8
7742861233326257164424825577144121598261361554574579417528655815265696431716678525176368444499716679956964899855444529935519618221941587278157267889353978961351968362882
266816922669148375955628479728999687289375362953973475984486957875695139962961868273539943647515853524151741136925871852352887632228351587511543244218288214631211447151843514
6119233454465239292667897427693154615178918369321551223651512131877874935919338361713659866536635977466734128951229212994132
36895285634173176929421924425938847114199568742534588276737278419671168525448261143854235933415496856231849291658618871663958222175
886355519218252855779878217891199944715278361264573274145923769
323561421165642254958816112426946485794257147743467323127915364355886314228948876659223532351578711844896775123
872536855639226257598853271926326678723194516248738171663433548199571379363143864718674935793557243
935578391637891388538642
597119256647159267168516747423768113652357545694325553742964975858124253362241672772792579322188554248972395134884144531168751427312697791694923793766332219686278851256
74235484487373737969211982221259147946412743387349837122479783851866
68221541276778549796752132153129919862743182776341573895467215633916423916851951155293585862652622395557782637894477179793964672554347396366356473377453635342869879931558683117743821918744
59693935331738944726518627486496967672271244384767478236211263933677388598479864231593694792313493821224281717716292442225
697292727872661711743734364263691191437174312198423657333342662512418322878695944649848641639369714984755836579962937884633265581921982655
591718424513286732879327381684451762985255926744874251175974373
87553417173449912638156361995585596932566497844934784254924786697439279244725538623613863837627199447267989749714354196862926364156815958879394515419914544284417361623364378139314256438682549968994
48923227676261491146381388865792476877683153471893927782513583898184166148385729314661337613767725183276739523338571563857433834917224642755
298449566969638671385754894257263232882174577735473888132462248286932318115431576173194145673342578236854977933984913437987754526291837369689239226354795623846241666549292
3893451616972671471155546357552153375364282361383894341873364248148317221288787561151596461937867436118513479438667378435674977994413772739895258955192
4177726514951543284697113466833461895756317451396564669966348552236116917266524231164315482169611881844629892531395731784971926978546369338576263166782356657248896624873992937646939
25428748423215448566643557382599641754248998925631239478568246818554974843347126458672488882365847547
1137589386833783341991635
2911284459297747921629562793161792362371313988873956338372363926671265554844396398983697851328934167992277489327789842817175947313192778691512729931811317576654265969158465967758493645
68463376122145235648329687713832263242626531157127511823772514837554577899651392288164966221892554931619887543999632681551375841767
99689287891914791314767723283817973884164932694484912719939926775289428669492
2442185284712171285596929343942637762164543116781312732833833811796781264285584562147676437755119628845263318589723897713438933295329277939156484775566637332622649383721231949976
1894466648946692786233512447179988711183688656153875411315488124678568738958937718837954895754173211118521254754959496471186711642994667313951196776395736878966333123742361886683214999555347
96577168497542213887984782881845853729675398278427592827927956842856449489275491155143889294736499384519
864959525827345584294516117393116156148872182419254624847876143241618221138915871679449452383462899656177361927514133788648962149143293188783319125229895654755
746375978679571768398292747183822856853177
5757832386786787645917925224798696385763394979421249729131989812279128185168569374547249544924133231698619446485232688358849346525166689763476859398199969816355313731935593471435
19765157526986455383377462156736462643944839622664497386934351561689875377152161652785172774957128131969681448755241844712846617958279856466417292335481659412941281389994417
938878159839212132432831585481755148289452266342914289834313687773196842717213257842299884616297777299931374671779175344656337684138118148397285472763141677185178585414
39292947684873887837164463552248237497579294949982339145647979587364938186396966362251345862945588722825166195753984498324452726944941126737485214759433929958621297
7327981153938216146889292215425755475238222758318818836634494
5659
47531644342179466324279631793
653368526265112286239882269711485489511727915836283637366141989561575453178187884946971364873585195292385663493564139653356978417847664156789347593356528239274143624621941737485872369454184
15639832944641284434661151378174232714125164844647884224291516873848299952467582624892472153777645569532331663545364489494126923
74669416715488261577142421659549583922812182651262272264745744411953442891346347569
114432247566763993497661886181388574168728792157883927452471592428296682754943716436742696418112
18192535927634921724996778983354511788871515896551122787946821617416588971913239829272634752389613988987745414588521765165167124899243689882971433258285133797411752634236112923232427587882183789756
2654238764449599689849476351671795863316193924711534749421941425379537289554449781111445286221394799616449539256167628913339774246438459922576322791
5254932312172696793461576927596165748132926565843395385369866146974884
26349649799967644943847692868
16788754659856158353751593286155535495681131311399836946186957629176927621414662928531498231195864333341472537153671818314271226478399595952868328548335319182848752659
93734111694853132538323711295859363754319391315255688
742218238733384967813854495581693913763884322326916376491856985914154
8839517927672851435128132251717529853565844875239598424777549419298176176152497588598381577387747351
1137815827576277913435828668748319886526837991311986738483689331723926485157756994439753418994167968611755298678237683889
7919433961348992613436282797627726251895197213448425349489766131956822653145615229762729866254637163755167545399191
899788616912411498379538843245252542478531523462854277915483346958186839619232872128346635584618881988782453383772648568437676718265626862662264192828288766321475749485915492834779875
8744592819115914651434488954623215814232442785977517318938612988786644466715921
67829892227656845291927726632563827849348171544486215458114832699651511968511438657911468845684537898963745253423486417224987427972942722548139723956974
651213911245521656477243231
51192267577121339668936314634546774472367
48223737531116866112353534257864887222253836138154369794221878944781722322434899
461223984617838476297961458342542931691316864348578912488647668659383282665725833973672248989139719918637767
762855
522985711668646618188776613829877246176485822776826151332668699841146288952288998268353652835732293363557928549283425482113679421555181
851511589151134427678664192748836683
72265311797511322966655375439587196435119137388598595889973688885386331715621291537595784699891878243838946249335558721646196112777427867727238866954459779369227383
1763888576841326686769941432142838347516992985151937662
862711988322977572494326
1274565672834668837736134815474483717291489767826136538391932566265388249295116367833768
6531433
479997167575227585822589453128298971214493111266787519983611761946376432713378557241226525285497726458237
996394672917357456666246779311983479
22586457264881259664553173969864171819319764848827669439493792214921835163188491292231358194149131986661555293
53174323437629949712548888671228532585662827555133514442238457418293228414667228766338782288795891587248135819944637249437
62669729295133483617262622235662653825692966235781913295917141879114126732312497736751392668812643672428935923523928194617364717269286831334887556
2463833341352966276857264963261647165195863619494351111515684218418162
3362322993761184439928332291353655397821782256645786536568752846759425869
82495545777871494161536757492618623339338725136664355899215674997647941874633876945536337474816857
861517696988151478359352464985598512743828829797255335356244251391189158855318154838483554462947279393992595477971575479826513677531378285658146322722274592484493264418231571674181332835568191566
127142365927219742776358292868132911725272846629857192961665392285252948671614893358412575213963263777926352311447399233215979279189539195329474
89363975244
9923553589489294442313851543441684878367252151941855889972736787483868286617729263347573158668683741799942856316598162247423161485844322573429474
767521371911388832456977583733863772789479239316184697912682978296981242252543221817864939662655697394771448915748112481341744598855412836
75178791477897987257631294372892717961547911544271761348629511558817762285921823253344992927561136682357358593766613269476369598724386158896828751546989414685338176746753453716843153777497278116
139529671965598799
8855296562324999682755921119574725629721893342165257748134484691641286558995986281972858952826836889278971997115125576541781117988686143216189628567319354318972855398856479127169196364377
1166613468665791221252892896464146678498318397872796253292668957565619171212484482944268691498632249292278138335925189237444436
98937646976879193968363941466178336664564424731578987296244
27879255863957231178169818714691414469878625524689442283353297522677861872347243626913289669197952222471489652193164981718547693799488424815561713
48396615979629539269134336479824817367492455688842249292656475691512485531389724969738952626643217894725523472127265632539722695587793269957851862531369214925114383388253322224
1343159485578253614426212536324668664747793647165414852262763162966428347217377718286123235253328316422123763615953825588
47476316828161963618451263681816468849157619548118358194872529351791214448911316387783251568482772792288697455213367924178789357694
696495217665422883681173926912993148183783246815699459241923547885265678375161571978689639544518499583641429217479539255
538583611456121265288386446562156776719842848613519819654352173831929796239149997242156496392573591147727
17572372535347938445653641333658274487884814529819931434
6786845329617528162145118749621698549154932284571761121834593736431351128661491993534189869439664513233236271929824698482285719232217833967
9733222434553969155757713573386755755378783892887635992429759992326633526219894841886398294834942794144684943431925475498577134686266
184494195434942272559651929359744653857467514591496769969854369525362936276543748556
9192681542564478656356875565513656162619735877675799741732826158377335247543738536544272974197622877969826211136715166263171124598577198542133798169992347918
1452969183219949182228923176984919
13155294894713746936858184657223212913336718639869188836969797991878832412238195539852381468429651317471354669355755732319991512643189583886898718
389287415951176144584412961346859849473363263653862992549733585999912854993336496967418886658534514367652631253544932323928955713195437659717337227363423224213354916982462884874285
4516183383628797171751899219785212494731775665942554467927454685898934477323881
2387867399118834544277833576628484456913893488269888147765958
865315291328148764356661729158984464744789797185858788812797223896669646832137184899545621493495794217458126429121
73583623946485392452396145576961849199832733957291445153
6872639151614264326832967731221566733866
386238341242761494224868424292648586521976312758749225471828854759172661467917665734875875239828578598114493171459429246616652583
829184737873562967657686648674972476173523461719555514577597677266427411173316868997187763658921138243882352413945555348113985876576215399
392553425927657716123429127577295476771645973579268484326326275681131733544126871387759312898971179352621475
8967387113385831881298532351291517995811889255459651971298569881314346687657575393993428916112133446487314516322144816935636354113
2562325532734266
672619451767986584828663144141815616774449911679738931356766795218335374857419524271617657124788627716517724248779449411193856
8429192648769676685786159868436
6662646835724842444367662419825367517716329263332289429179443542724749994123191172446547696916719868968958918396549568798751954635
4814454935576487992671595696181325831453492565993365177258727946445485781562764223266716634826224885414611447334541811364996426454554463198714
757638469514968597469317533992521786228439229231969444622889969261112232789
5855411242357927245264696133436274644519236954755984553164839914161599814328927829148627615946667632797516544189881739319811378745857379851
9669482891387248526661815473515735843626496168464187747729521322281448652522239868926544333134439292944444421644
22872161765516818
33866726545223619843223247863637535911741985864299482722655798541736761963524474647465649856129963479772865155521941775594777255785955862676529786816949279216439537351145921465379123194524611255453747
53625974951271361828165492973713573896386437718479496223957368197649143131382732926136497263846633917981131617
88232824584971268127532748416662948446146438512978888434654617951463362119695895264578495857218399678862
5939146
86873318929692153959413513953916834972352389
