50
5348 -9992
9623 9946
-8630 5234
-8233 -7005
-518 6249
-119 -7433
-8602 -8651
9054 -2844
9815 -9938
2167 -7594
-5825 -9257
-8357 8644
-7907 6406
-7674 3970
8592 9700
139 -3629
372 -7003
-3745 3261
7288 -5491
1424 -8098
-1787 -3628
-9826 9151
-6509 5650
-440 3947
-8845 -5820
-7851 998
9105 -1789
-2063 9101
423 3750
4869 -7489
4037 8582
-7330 -1161
-2116 -3115
9662 1867
6794 7374
-2751 2759
2264 925
-8224 -1920
-3688 -1397
-1564 8071
-3395 6046
-3097 3616
-4957 5121
3414 -4661
6982 -1182
-1057 -6736
3294 292
-1813 -9520
2452 2009
-962 9250
100
13 40
19 8
16 27
15 7
10 17
36 27
46 11
43 2
6 49
38 49
48 15
31 29
1 30
49 5
35 14
41 8
17 10
43 48
26 8
16 26
49 18
10 28
11 11
40 18
27 1
44 6
24 12
37 42
23 30
16 6
19 1
42 37
20 16
27 17
49 4
50 30
21 49
29 24
42 43
50 28
29 48
33 35
40 9
25 5
12 26
45 2
35 42
43 25
35 26
23 26
11 42
17 8
37 13
22 7
35 30
45 39
13 46
6 34
4 38
35 13
4 49
49 11
47 4
47 22
29 10
5 34
28 39
21 35
34 41
15 48
49 8
30 19
34 5
34 48
12 26
14 44
11 5
38 26
33 19
36 36
17 42
15 49
1 4
26 19
26 42
28 36
5 31
41 43
45 39
5 21
50 39
14 11
24 31
16 10
34 37
26 38
17 3
15 24
24 38
2 3
2 7
