3920
10 315
466 668
102 73
938 -403
434 -352
879 782
219 465
831 232
871 294
867 780
773 113
69 -490
434 -495
331 529
335 56
831 181
971 989
755 609
880 -92
644 792
865 123
424 728
510 438
251 400
128 4
881 928
332 914
691 866
897 552
461 500
657 -59
480 952
102 -80
248 468
263 623
574 814
720 -317
505 704
784 440
88 -297
379 69
918 -210
227 496
343 -246
183 358
493 -300
941 662
36 -375
560 -455
739 200
702 665
521 -460
535 868
883 377
786 829
758 972
879 -343
703 -496
658 246
849 -175
870 472
994 289
190 -9
352 -492
917 346
399 -174
117 307
55 256
130 352
901 800
99 981
482 -114
694 -248
433 282
982 -446
48 -313
275 196
961 231
710 828
716 769
267 -307
824 -430
442 131
172 487
783 969
927 -102
476 814
414 -237
657 376
581 366
253 168
345 457
970 -306
589 379
403 -178
61 -115
932 198
366 815
212 76
302 350
758 394
1 -342
353 -151
111 722
448 378
997 630
754 165
819 382
76 824
89 130
835 814
743 812
382 -254
345 -429
83 -197
820 30
781 590
407 986
997 -310
84 807
452 600
822 -159
649 -177
277 653
815 939
591 935
389 -444
802 -60
846 116
449 294
511 529
49 -267
915 170
897 -17
454 31
298 637
469 959
262 792
33 -112
871 -105
79 692
360 913
926 232
108 -325
60 -5
905 741
643 583
823 449
140 -203
627 -361
48 390
368 -6
297 624
212 918
901 -151
901 -137
241 -90
554 856
615 562
530 -221
8 -196
899 25
329 431
62 72
553 304
814 270
784 381
559 -192
705 668
572 652
122 595
174 186
307 502
55 -181
429 -436
900 962
81 121
795 -395
794 -361
229 184
498 355
723 524
416 861
27 47
109 543
477 940
557 -318
968 62
187 42
846 711
810 203
930 633
870 531
201 -335
639 663
740 -444
611 503
414 -409
397 -329
699 652
108 469
798 -258
11 579
366 142
261 965
293 385
758 578
291 948
847 -242
217 194
746 -297
201 418
833 -306
807 758
623 -227
124 476
754 -360
557 896
635 244
338 764
457 930
59 -323
846 -24
951 334
61 122
981 -142
964 -10
448 950
417 -3
389 578
852 -263
331 688
377 923
275 120
358 948
958 551
871 -89
503 -349
74 485
647 112
605 526
393 196
588 153
320 -485
459 624
900 -256
627 -79
692 -238
376 -456
53 447
561 654
623 612
851 -334
484 523
693 127
72 562
417 -110
325 -467
454 506
266 -75
222 782
72 -301
424 -83
492 -100
640 142
399 49
822 -386
847 704
78 -204
289 -103
732 -108
634 -119
979 -333
860 824
131 -356
968 305
778 -57
783 -326
900 -202
291 -248
361 126
517 -4
183 -33
154 490
56 861
121 77
264 -178
136 748
951 -288
608 541
556 8
767 335
602 445
90 171
333 428
475 969
763 -166
417 132
690 406
951 724
636 -426
540 -186
209 812
524 194
741 -358
985 367
886 747
622 -165
249 755
87 597
483 965
384 932
808 224
785 -182
89 185
51 747
771 764
1 890
275 988
395 599
806 73
851 798
192 866
421 -328
358 998
751 459
620 555
196 766
407 756
386 -397
747 640
888 765
677 309
671 129
696 839
953 855
639 -17
647 -350
598 592
316 26
543 -193
236 94
195 349
251 -439
326 229
806 -253
626 581
192 403
205 -479
179 705
17 608
999 -1
120 -241
619 -67
181 317
967 -172
615 932
449 176
319 -384
893 697
965 566
685 607
467 793
255 -363
152 220
357 -280
964 -163
687 698
523 34
983 554
227 163
823 -427
276 209
146 -263
983 454
769 75
823 708
101 869
797 360
15 -405
258 760
83 302
767 203
15 749
722 540
478 153
460 -430
888 -160
527 932
2 417
737 641
275 985
100 -269
679 928
990 -155
675 514
96 38
825 -98
947 875
283 728
18 10
928 817
488 -56
227 897
825 -393
812 446
703 -400
389 621
690 841
896 252
825 427
517 -289
430 -207
731 -424
627 440
920 -172
562 792
727 913
534 155
44 -122
662 936
465 673
711 -388
192 863
635 533
956 -185
493 938
657 905
823 -440
227 -365
538 869
109 449
233 -344
426 928
729 -189
539 919
29 -143
683 -50
1 805
265 278
267 177
173 -62
542 31
446 182
654 682
958 -276
931 849
584 709
854 -419
679 898
863 540
751 -293
66 946
411 761
256 960
482 -25
252 698
862 609
921 454
980 -368
212 719
877 -216
352 252
80 874
105 901
402 38
978 514
462 545
550 -405
476 198
863 -64
920 691
673 943
970 987
358 715
167 562
899 101
889 555
677 901
797 571
932 -130
65 24
651 -148
316 477
516 -248
347 988
878 130
660 451
811 732
909 40
636 753
249 112
124 -275
695 323
678 958
496 423
335 284
798 799
256 -363
994 399
752 -233
135 286
198 -442
713 786
51 292
51 24
603 -189
841 -297
169 130
767 855
955 972
411 444
264 371
491 674
506 669
465 -176
362 -310
399 191
312 103
11 -153
716 -410
514 423
387 -435
845 -454
782 -320
705 627
918 283
257 -102
104 -474
912 370
40 590
316 998
662 678
456 807
495 948
653 -127
914 398
509 178
138 128
800 -490
540 395
626 -147
415 916
96 90
967 -296
471 670
709 -125
870 -112
325 992
988 487
374 150
743 -348
842 501
287 223
664 303
654 87
768 261
308 -446
372 940
447 -220
924 16
64 7
38 168
687 827
384 592
758 -59
947 -90
768 -37
166 41
40 942
936 884
949 957
185 -360
362 236
599 301
635 -86
866 -176
194 384
336 684
854 -341
815 403
248 -326
779 931
521 208
214 948
747 -450
938 157
497 57
863 282
46 342
80 557
491 163
256 678
941 828
900 -445
789 -250
548 154
377 874
719 -115
457 708
534 -500
396 319
830 949
274 529
325 -347
211 12
990 348
334 128
189 758
771 944
325 384
49 763
458 560
651 562
844 937
120 816
766 -39
132 674
578 -465
256 470
115 -23
359 -57
718 37
253 -369
265 611
447 823
564 690
868 115
281 406
811 83
955 291
651 887
893 -181
926 -432
654 85
53 852
711 758
785 -158
212 -126
531 485
199 674
255 705
182 -276
55 845
326 361
489 5
865 132
478 -65
414 190
413 756
103 970
576 939
497 123
337 -211
11 632
946 965
605 -468
886 815
501 -177
611 143
677 -147
509 614
639 2
957 899
127 17
834 697
126 227
782 596
269 -182
141 765
371 507
652 690
401 985
128 849
916 -474
547 -178
996 -74
113 -500
629 310
965 623
541 934
909 -276
109 925
746 344
850 749
141 -187
234 159
378 253
162 657
856 188
651 -93
730 -328
215 852
968 -107
678 127
252 101
318 228
944 521
318 106
523 671
507 882
578 -348
77 -177
185 701
455 312
824 290
161 702
627 -68
453 266
338 -352
898 629
854 -370
653 36
213 1000
460 144
728 -140
324 74
813 -343
103 -287
768 545
852 351
409 229
419 362
305 -197
211 -286
444 879
418 -475
102 -7
255 -315
955 -16
396 -306
706 740
956 495
590 484
419 400
72 811
269 -30
373 274
310 53
486 150
317 129
148 -253
563 -247
971 597
911 435
817 587
395 966
532 346
867 221
444 296
419 -426
807 713
233 -129
684 -297
372 -135
271 -62
931 280
98 462
165 -461
625 502
781 562
242 965
474 -97
652 763
585 510
115 823
834 455
517 -440
882 133
548 445
815 -189
955 -183
563 115
976 140
127 -119
155 775
576 923
361 -186
170 -365
931 959
415 -384
218 684
883 86
481 -366
833 -352
865 -120
579 -51
597 405
3 -233
632 786
203 459
925 42
693 497
600 -218
254 950
537 556
477 -104
710 46
117 743
163 816
669 597
288 217
134 893
685 -152
785 110
448 -375
932 387
775 -378
354 112
892 535
670 757
863 616
416 124
784 431
422 273
241 48
705 638
827 -259
857 132
950 -416
959 715
248 105
504 960
380 400
363 -373
296 642
504 317
835 499
190 745
991 877
851 8
61 622
978 -193
344 -264
570 845
444 -305
618 -349
669 767
341 674
34 423
665 -82
163 -129
187 802
365 -338
900 469
479 -210
450 707
903 375
192 291
694 943
29 203
275 -3
311 810
310 -436
631 657
899 138
994 -56
733 486
632 553
276 -172
66 146
782 508
527 -101
573 260
931 -157
530 -219
782 243
741 242
766 -146
605 741
275 -138
902 328
186 897
80 842
982 -354
228 414
8 342
421 161
829 -438
123 985
773 110
216 -214
992 -329
136 878
128 -63
819 64
409 -291
946 591
463 370
121 273
218 671
530 -342
142 322
325 299
261 -429
105 -355
936 23
632 -157
605 -296
434 816
829 -187
419 97
930 -354
599 -290
566 292
642 -64
488 825
940 579
814 740
195 976
903 -7
544 -451
839 213
646 519
304 -175
27 428
235 564
608 417
223 -169
543 595
176 694
54 316
718 -64
189 -223
680 -461
748 423
866 -291
356 187
654 281
620 601
224 -248
114 -402
996 4
394 271
709 317
479 -344
242 16
908 -128
846 890
727 179
894 574
312 364
753 441
389 -415
234 -130
511 872
15 656
719 181
544 893
12 295
659 805
958 -98
588 -500
646 -86
942 59
940 -123
889 75
323 370
196 583
592 921
340 -81
725 802
1 -75
694 -40
378 -131
135 374
306 165
790 885
382 -136
681 968
394 -86
129 692
988 -175
283 951
269 530
675 584
698 -289
902 -215
958 606
298 767
280 509
155 21
70 455
903 -445
25 643
828 478
250 493
487 888
726 468
204 516
702 -341
454 637
242 305
285 899
145 286
646 973
961 790
975 278
966 -222
604 276
697 -266
831 702
464 -147
941 172
691 -309
506 888
817 336
944 346
497 863
992 67
325 903
365 -450
346 747
761 759
94 617
651 -86
520 951
670 440
571 -331
296 591
531 361
763 822
41 788
115 288
281 45
229 52
264 968
255 -2
311 -278
648 106
970 556
261 198
561 -126
558 950
89 285
698 20
770 80
621 -41
667 -402
880 640
75 546
792 152
896 915
567 757
520 368
552 430
672 281
218 623
755 133
243 863
195 846
360 446
871 528
878 248
599 891
47 122
298 479
322 -76
246 920
367 164
293 -347
430 882
824 794
978 -483
81 -424
944 -499
936 847
533 500
657 452
274 14
180 412
423 -25
795 824
363 209
134 -378
900 674
894 476
541 -319
490 296
169 -378
373 37
187 -49
411 404
822 160
146 -270
192 164
718 650
910 -123
532 259
45 190
962 -399
690 715
278 -444
599 813
617 991
74 670
44 808
215 -102
32 -229
499 137
445 -49
847 426
176 358
801 -223
129 867
402 941
458 291
507 -222
351 -305
883 -492
478 -324
66 641
558 822
195 778
664 69
184 648
57 498
555 150
786 489
613 -408
797 181
48 -347
789 -204
129 -35
220 -275
701 -318
741 -157
493 -58
989 -21
446 476
727 740
280 -155
170 744
620 426
726 694
183 693
319 483
816 729
43 -487
200 573
364 717
798 -106
816 63
648 304
334 -224
666 535
386 105
525 331
131 614
916 830
740 85
701 469
613 -358
861 901
747 615
326 -95
727 106
645 -58
459 -133
814 421
960 929
895 829
39 350
353 -190
342 -491
827 391
538 -36
545 273
214 -104
13 -406
468 -248
116 955
918 -8
218 583
759 -164
867 682
958 496
712 598
12 211
912 545
312 989
325 354
15 -11
866 35
313 151
383 -10
761 198
201 386
944 -174
524 391
367 -491
914 -278
747 -46
33 751
61 587
47 472
246 -98
135 706
691 854
742 -138
98 -197
952 612
852 -236
507 -18
884 314
26 866
71 458
359 625
919 -89
583 462
364 -114
56 624
253 195
935 442
56 846
106 -35
124 -135
32 -84
188 12
96 223
656 103
718 563
248 -21
582 -112
20 -24
612 795
413 716
922 -46
809 313
448 -389
747 830
117 152
389 -144
466 150
624 206
47 -275
211 -100
250 343
137 1
758 181
417 921
588 -106
38 -195
407 -320
703 331
204 -431
158 816
59 820
35 562
461 28
907 -309
658 156
692 208
745 419
890 853
992 408
885 697
727 848
691 462
649 808
856 658
932 -401
903 435
328 958
678 127
756 986
69 438
680 475
488 477
197 -123
10 185
338 937
522 112
984 147
286 -253
629 -235
542 787
332 400
167 -364
428 -378
345 506
403 269
713 715
19 -14
677 -231
92 -261
966 609
753 789
752 -376
472 855
5 190
367 -350
836 -432
321 667
761 180
229 631
61 -376
379 67
355 146
431 960
489 -116
711 -171
468 43
440 505
865 -356
845 653
296 941
320 -178
294 -99
46 524
527 -500
161 256
249 461
182 759
156 -297
563 -297
439 405
177 -243
449 654
928 -23
934 693
951 -281
706 489
397 461
890 466
803 691
989 26
741 878
650 578
731 83
704 528
967 -17
636 883
922 -4
847 323
979 -294
226 877
801 314
965 196
862 394
277 -418
133 878
551 -225
132 247
624 949
729 -193
265 -336
455 509
319 590
704 571
897 106
761 619
762 277
791 884
363 769
723 509
714 -175
57 706
234 626
544 832
788 945
136 227
523 482
631 807
356 481
16 86
164 991
477 794
359 -363
330 575
376 -412
364 341
362 -436
763 995
847 546
519 -181
839 333
669 886
283 898
349 -284
987 -268
762 927
566 -440
73 -190
999 -391
453 265
281 -313
660 405
195 -32
567 910
99 785
967 -491
655 -226
615 -2
93 665
550 -368
410 54
744 -186
310 534
990 290
285 72
974 670
687 141
22 -465
839 -370
727 639
232 229
955 372
984 133
584 -384
344 488
325 648
934 346
628 -55
505 394
51 571
62 409
358 743
465 -60
365 451
199 419
8 223
794 -202
382 -462
991 511
575 821
710 -381
944 189
117 362
840 264
299 107
460 -434
118 -63
207 156
701 642
697 52
631 107
903 714
86 31
747 898
209 835
725 514
168 -479
294 164
380 851
564 -91
690 154
832 510
736 969
453 781
609 -350
592 534
618 -382
896 -129
977 -81
38 722
615 -466
12 985
893 -456
773 115
544 156
134 723
856 894
660 -429
476 754
243 17
356 824
414 239
38 143
159 231
981 -429
481 828
541 168
967 269
168 584
801 901
302 -225
737 741
289 261
336 413
357 376
599 119
108 307
206 33
806 619
198 759
10 -308
688 -416
480 740
680 273
955 132
955 -314
12 365
130 947
130 70
850 -381
790 -318
728 342
201 574
380 870
481 -229
965 -89
300 927
46 2
94 39
823 211
6 126
939 582
314 690
715 990
164 -414
686 84
22 -12
227 980
334 -407
533 -450
242 568
855 393
326 -86
882 981
416 927
611 688
128 -31
991 -43
152 -469
947 -281
857 921
637 394
629 210
389 -58
78 293
942 -127
736 509
583 -260
812 69
474 -441
38 567
616 744
57 106
575 889
677 498
163 796
291 -389
727 922
810 684
154 547
8 -437
584 -11
775 111
794 475
989 529
832 -330
776 -46
27 -428
610 726
276 -449
450 175
20 678
712 -293
449 -13
192 579
548 391
907 189
794 -282
277 295
717 926
982 68
335 446
611 -193
46 737
454 -192
131 542
431 21
65 797
760 394
221 899
187 791
424 -71
216 351
355 711
82 572
182 10
371 -376
829 405
572 360
266 857
367 916
984 344
541 632
547 690
934 229
544 46
124 737
534 839
499 966
734 930
133 837
309 -466
806 -87
103 65
57 -17
452 -65
576 320
133 90
205 -198
711 -216
375 853
728 951
521 -430
899 -40
92 103
186 -136
500 -197
687 41
568 185
708 640
388 796
229 869
700 184
40 946
954 366
415 -78
413 925
55 216
786 141
377 -479
162 -287
504 870
663 -215
167 946
435 566
736 -101
17 -141
351 715
203 -113
617 -15
782 -164
902 -375
927 -132
88 56
421 810
606 453
55 936
911 -385
284 -400
976 331
233 244
902 -58
959 817
483 435
19 344
572 913
789 437
411 624
592 -150
141 708
514 -199
555 -65
726 829
20 62
64 -309
220 791
500 149
21 52
409 -102
366 -443
177 -89
522 677
421 412
149 567
193 267
345 324
715 -262
218 305
357 306
921 964
595 585
626 77
853 -134
130 -118
279 915
215 264
976 -474
306 286
375 -330
328 162
69 -269
459 641
876 -47
573 -341
397 455
837 -410
773 -13
181 480
452 -108
824 972
598 904
500 484
445 -385
484 -100
808 479
326 572
993 -362
747 990
325 16
790 -110
303 679
831 429
309 941
108 256
451 389
233 -296
277 -131
706 141
229 552
965 712
807 378
696 630
917 61
356 98
745 480
200 418
310 536
332 203
573 985
228 874
115 854
516 711
985 926
29 197
701 -24
802 889
294 -488
257 236
927 945
814 246
986 76
176 571
510 551
810 -51
443 748
738 -173
583 692
557 -488
413 526
644 707
283 251
819 61
798 424
819 -91
785 565
716 101
908 146
984 -71
374 -496
317 655
277 -486
881 730
818 63
222 -99
122 599
829 631
623 -491
182 90
150 361
682 -47
828 770
842 396
41 536
916 -444
322 -32
138 -105
18 807
13 -407
147 615
874 -418
447 278
809 -129
797 545
959 228
896 948
843 630
880 312
600 -173
280 -115
169 694
683 834
408 154
781 -498
6 72
371 602
219 36
964 -6
723 459
950 751
230 222
22 521
82 960
291 -107
349 -178
768 710
345 99
855 -226
614 -101
225 409
779 122
617 -341
730 422
637 667
721 917
547 258
762 -130
837 714
389 500
90 303
558 68
956 293
279 887
495 -218
66 -17
921 796
636 -251
141 -383
925 -29
242 -459
642 147
900 -366
380 264
255 -417
846 787
10 1000
158 -468
151 291
880 415
182 399
902 640
485 98
690 746
386 134
225 132
542 179
157 344
885 115
502 -68
472 734
812 361
635 -330
166 -410
396 784
36 83
423 559
353 362
772 164
181 218
163 694
105 -312
99 -328
163 42
610 128
897 110
970 833
744 -160
104 768
77 678
607 -236
34 878
290 650
733 -125
810 985
178 662
85 -321
443 425
343 91
901 637
216 680
75 -407
402 -458
481 877
263 547
55 -479
291 -233
947 491
287 -472
772 264
443 597
949 483
943 139
957 382
381 474
982 635
36 908
514 544
170 568
420 -444
934 413
113 341
407 556
55 586
658 728
856 352
892 -313
85 345
536 501
560 362
238 710
187 67
660 128
638 -359
168 143
722 -38
68 123
212 -440
199 891
114 797
316 -156
800 -494
18 -284
689 752
464 350
532 473
393 429
168 -185
959 529
228 -107
130 -490
4 -95
163 750
33 -309
976 603
418 -183
151 72
664 877
530 -58
836 -450
54 245
378 408
810 898
216 548
227 393
760 960
631 -447
747 14
903 -169
206 -139
818 343
215 -214
871 -197
871 -287
211 602
102 770
776 684
484 -339
85 713
865 -336
691 637
874 96
550 334
125 327
155 385
410 186
500 -143
268 -375
75 790
574 191
437 589
928 288
759 460
407 843
833 118
363 116
315 121
11 282
254 516
285 228
325 -496
955 625
371 454
557 803
848 904
786 410
211 -13
39 392
906 933
458 642
910 152
412 829
794 905
107 479
708 -24
16 424
761 950
327 293
540 689
29 845
389 366
641 898
134 360
983 -376
641 641
622 614
736 -458
606 -44
927 -383
883 -198
887 947
407 -327
105 229
338 847
627 947
991 -55
96 -464
116 -452
132 939
479 220
89 728
446 -70
778 598
975 -453
96 188
703 164
76 -73
65 -74
936 515
13 925
2 678
929 791
556 815
567 190
939 560
346 -125
195 -401
458 -279
515 938
733 690
778 -482
522 -166
111 -354
190 813
333 -269
423 403
861 413
224 507
149 361
537 311
29 -412
290 804
537 -174
858 915
805 -401
747 -424
332 36
63 -191
992 694
937 180
19 56
527 508
352 334
939 863
985 -63
228 -317
523 -305
627 561
937 875
366 307
823 980
436 797
57 267
281 851
981 799
74 520
473 172
983 -324
476 19
853 -102
845 959
813 718
412 387
505 340
785 283
993 261
135 254
600 501
625 434
120 -295
350 82
491 -207
185 -350
111 391
848 438
282 27
600 227
21 -484
877 743
485 623
41 -109
935 -14
616 -171
992 489
105 -468
524 382
652 657
254 -416
40 789
680 -138
378 15
903 -339
666 -262
269 -191
723 496
853 903
89 95
978 -160
910 115
116 930
889 468
626 -104
438 -462
532 75
561 705
64 256
898 -235
934 -409
271 614
572 456
652 -125
704 435
800 119
437 420
312 732
111 -107
342 494
95 400
794 829
798 -347
962 915
634 248
116 743
588 657
48 986
773 -445
180 393
974 158
280 -480
907 63
230 -83
699 558
101 510
33 -112
341 853
203 114
235 -15
701 422
347 -368
863 -90
573 929
385 458
678 -183
760 693
632 340
340 298
575 77
736 -90
737 -104
505 414
141 -74
212 977
253 -105
269 -2
331 234
13 453
853 876
691 372
563 -89
531 9
129 313
76 722
567 905
265 801
200 331
487 100
837 622
188 67
25 -303
867 912
222 965
488 882
895 544
713 645
997 175
370 245
255 536
410 408
600 -378
611 976
247 871
38 765
771 540
449 117
379 682
723 -384
730 782
4 362
952 -139
870 679
86 -36
271 -436
962 -82
380 -166
179 -179
426 514
664 33
246 728
433 -411
920 -230
233 -473
660 -422
683 -324
547 -231
842 25
610 -39
779 582
265 155
301 113
358 772
322 -358
956 186
655 979
434 664
411 269
893 -29
659 -201
217 515
122 -92
949 196
417 -322
721 -480
394 450
724 317
71 76
165 460
741 200
578 847
88 250
625 91
694 847
770 -261
683 943
834 919
28 497
121 220
738 924
52 658
722 -327
152 -224
72 843
326 946
290 -387
277 -38
108 679
885 170
11 -96
443 759
963 77
273 -498
343 -418
397 -18
175 990
720 34
678 -8
910 701
731 888
564 686
996 176
110 627
590 990
849 492
100 897
706 740
668 904
255 -289
328 869
703 314
931 -446
292 -396
486 178
978 -114
635 221
967 574
934 956
606 411
921 495
719 792
73 420
170 223
555 111
870 544
100 286
769 -163
230 -424
945 -220
33 -137
51 930
917 209
60 689
766 685
559 -44
849 289
71 618
295 -419
852 579
65 -449
908 212
40 591
144 -494
427 947
129 -315
1 575
767 -300
126 716
399 699
229 -338
203 224
745 262
227 -21
457 627
952 819
121 -102
45 453
504 356
158 450
484 957
419 412
570 6
624 152
642 136
57 643
751 628
222 843
633 -270
209 494
237 12
210 913
682 935
230 740
226 741
718 794
639 638
146 -259
373 19
26 629
355 439
457 689
698 278
31 316
120 768
357 -361
365 232
603 639
902 472
877 943
113 676
408 151
383 480
149 463
286 -29
29 -351
221 619
877 35
609 -420
343 -327
338 -387
872 422
999 -401
261 -13
480 -14
290 70
642 525
663 9
448 347
711 -321
454 -372
336 569
665 200
388 353
912 902
88 838
375 708
815 -291
345 514
610 946
710 539
331 -283
417 615
338 795
654 297
391 341
251 362
77 631
552 674
988 444
603 -497
704 -218
399 267
18 460
432 951
533 763
716 560
795 -204
32 50
491 957
438 236
92 125
709 472
429 195
271 295
492 988
29 -241
609 -468
605 -187
840 36
383 244
388 679
680 -493
383 455
633 -154
403 730
992 932
170 863
663 337
908 498
114 719
259 -117
853 620
550 561
395 -169
587 276
695 700
929 68
641 816
360 798
412 517
781 710
672 -26
378 836
683 710
122 34
233 400
343 42
774 508
918 422
224 845
200 489
254 -252
387 410
71 697
56 474
629 72
454 -490
337 669
33 453
300 403
551 757
384 -43
534 -259
199 -257
262 776
352 582
549 628
195 599
559 810
789 520
93 219
66 -500
18 460
311 -334
11 191
597 -113
563 -257
329 -6
10 962
473 368
68 717
840 -315
159 39
733 539
709 147
128 402
865 446
292 -159
694 623
503 -443
687 -26
71 664
338 638
468 844
486 816
159 430
800 156
624 -423
404 132
901 820
284 -413
507 198
445 553
569 568
228 -207
329 -240
657 -353
726 -348
703 443
807 366
648 771
581 783
351 653
253 -446
169 330
165 176
538 -84
419 -244
609 -156
172 820
334 496
832 260
566 -399
528 804
371 242
110 573
668 181
938 390
517 12
627 435
241 366
985 945
477 5
196 540
319 -279
160 720
745 968
552 268
827 526
174 -364
342 106
852 525
165 893
529 828
921 382
590 -272
339 671
91 -376
695 61
426 126
85 897
759 760
857 407
368 226
275 -410
827 197
126 493
81 318
222 316
300 504
649 -381
544 508
968 -271
572 735
432 441
505 274
579 -427
144 936
763 -72
181 -119
14 131
451 580
799 168
981 64
744 226
273 -452
314 -208
334 -304
519 513
423 -467
623 728
531 319
979 448
252 440
975 -458
495 49
148 -275
850 222
397 828
704 556
362 558
315 -390
204 -486
193 -75
120 949
549 653
389 -51
172 -210
191 -188
84 669
262 -454
43 573
815 367
555 573
877 129
556 870
110 278
952 535
396 735
989 282
953 617
558 538
32 210
623 -236
245 -232
495 294
558 359
986 44
575 -319
983 199
456 729
812 -302
744 821
572 559
941 802
278 787
493 -73
80 -355
378 814
793 -29
292 -196
660 975
274 -276
360 -71
245 792
899 406
947 -418
246 826
36 617
352 429
770 707
940 -439
590 447
765 132
80 958
717 680
807 530
772 188
612 -164
695 356
990 357
656 -430
328 -98
600 -94
445 991
872 449
456 648
531 -85
542 633
583 -61
221 169
884 -4
641 135
358 -365
904 406
410 80
541 401
363 -245
41 602
994 32
159 89
122 33
217 202
737 26
352 875
305 -374
385 -145
58 464
65 563
223 202
139 -98
360 305
714 -108
810 550
659 482
178 -230
226 -320
308 779
470 -32
31 35
599 414
776 434
932 -1
572 742
957 -285
821 188
889 -127
496 277
132 450
221 -389
31 -140
543 675
884 18
865 644
859 347
986 -479
194 593
21 660
883 -36
377 -115
473 -254
349 382
293 27
73 513
629 600
481 152
168 -473
241 -40
494 350
770 -352
403 688
290 559
466 -220
281 294
326 473
333 -10
662 101
474 459
847 50
971 -340
423 -212
319 -410
298 39
146 75
824 -39
931 -20
132 847
14 766
440 -113
844 437
200 190
647 -249
493 -466
823 190
84 -267
246 288
783 -15
389 330
666 693
290 672
63 765
20 188
152 837
842 665
227 -273
867 641
727 679
143 879
754 0
634 463
454 667
977 -66
201 -184
624 366
932 511
141 -258
719 -79
1 482
176 967
423 -361
933 -103
309 389
394 -201
869 101
473 -145
299 149
782 -141
701 20
70 -418
18 382
615 712
513 703
219 -185
460 -400
667 -327
702 271
629 656
144 871
216 -373
782 772
402 238
422 -266
680 224
804 730
854 638
929 -375
21 512
489 731
42 50
913 642
291 -97
364 283
551 -346
761 301
125 11
204 505
442 766
762 -35
351 65
781 810
817 597
522 -129
113 -23
409 -217
122 607
561 686
28 -232
670 345
442 254
374 -250
568 -43
675 -395
115 145
272 52
698 290
609 -28
610 400
533 632
386 -135
837 70
429 394
351 844
483 467
808 77
393 137
321 401
154 287
269 -311
314 -250
263 629
446 345
314 -420
496 260
493 990
962 659
967 669
467 595
875 515
595 1000
371 149
806 517
586 622
222 -370
530 -139
331 -375
361 -440
425 681
222 594
673 805
515 -207
542 122
610 969
214 -298
443 12
647 -359
938 779
318 -125
483 495
118 -262
962 -186
626 134
197 351
653 977
894 704
15 730
487 795
76 -317
87 635
987 -153
382 -493
497 -340
804 553
254 907
464 -375
86 526
142 946
78 683
707 76
304 122
659 514
628 -434
462 343
111 -314
489 548
433 -375
291 10
813 251
872 87
175 -88
856 892
649 -459
221 935
431 -294
509 130
88 -296
782 153
550 177
1 406
355 -111
512 126
571 -214
365 -88
386 575
14 -270
255 -493
911 -463
335 462
424 339
44 505
588 -111
501 873
163 496
262 961
407 405
904 461
231 876
267 217
678 946
20 -222
517 -186
562 886
389 395
965 805
228 -219
163 36
438 770
712 248
516 -306
502 188
137 -456
658 436
874 -34
870 -484
773 236
292 876
882 576
76 936
666 546
564 -83
662 827
19 979
220 217
822 92
550 953
497 -465
939 183
50 794
931 -78
346 883
536 326
272 46
842 -155
567 -16
841 -485
130 599
514 21
815 -254
445 -67
74 -116
495 -97
329 -187
209 926
917 -174
664 421
810 282
984 856
967 -278
504 654
922 -383
626 -384
531 555
856 64
333 413
805 675
642 728
404 792
830 -96
254 472
999 322
914 960
525 308
348 632
65 970
297 896
231 -194
188 804
668 380
868 -411
535 -10
253 166
344 964
296 245
312 663
381 343
886 -75
577 783
34 -55
812 847
131 684
308 516
828 888
879 922
590 7
485 344
618 -212
900 -205
767 50
172 182
885 968
238 119
289 -340
330 117
578 444
302 849
524 823
744 208
156 781
945 889
101 89
642 508
400 331
928 -500
507 679
857 711
249 -389
732 -377
594 351
964 -317
308 -9
478 657
687 322
746 -54
722 57
769 427
205 840
687 286
112 14
57 -72
751 323
795 88
666 249
308 629
866 171
101 597
663 337
163 444
796 638
819 -396
803 927
124 60
955 471
816 -256
67 1
280 911
674 422
124 546
2 757
234 594
268 -264
9 -497
464 409
264 -458
310 -14
922 147
510 330
679 481
379 897
841 -363
190 -450
417 67
721 283
385 959
449 -366
220 51
853 375
296 821
496 92
805 453
750 323
291 543
928 968
48 430
709 182
329 -121
72 785
226 -432
908 117
519 242
542 825
712 272
653 949
956 671
393 277
851 -493
622 898
466 574
417 577
510 366
52 385
886 929
313 587
96 -173
834 -463
176 539
368 799
704 463
405 892
733 396
850 -471
932 893
696 -77
668 527
713 831
180 -371
416 823
31 185
780 -285
527 805
431 -356
824 405
592 -54
711 235
505 876
97 783
101 853
788 570
256 425
225 282
270 733
507 353
635 -139
703 506
471 406
135 -439
804 -205
444 515
488 1000
378 -495
70 592
399 27
316 -296
348 -461
2 969
637 315
976 587
635 952
896 750
186 770
170 462
548 961
862 713
182 -261
686 -128
343 950
552 383
585 562
353 801
696 242
744 -327
702 113
989 834
487 794
859 -189
575 -400
304 53
974 -220
356 331
992 529
836 340
891 387
983 869
129 892
511 986
622 975
130 -174
975 -124
969 -423
430 828
975 889
373 522
921 629
76 -289
729 712
900 178
640 -336
2 247
704 -342
811 453
881 166
600 992
524 523
1 -442
197 3
11 66
495 -381
192 700
371 510
456 785
14 -119
254 448
554 789
517 135
359 -387
722 261
241 -158
414 230
989 211
153 -86
214 -232
67 68
753 -145
839 338
506 0
264 402
292 -194
679 846
291 951
600 626
100 920
366 -2
171 -237
527 17
86 768
32 169
23 2
727 436
126 801
151 667
340 784
886 10
83 -56
530 499
281 824
806 -149
320 340
248 533
279 -374
36 218
420 183
188 557
451 750
142 -271
798 786
975 -169
87 996
547 -113
610 987
345 -384
778 870
16 515
609 802
170 848
100 -95
367 512
119 517
1000 878
273 -438
575 503
526 869
161 -492
267 568
230 724
35 -55
445 146
429 805
898 887
603 123
244 683
35 979
241 267
378 805
576 -7
621 -488
169 -39
539 411
558 824
226 605
559 -216
16 410
105 -99
693 -429
75 -465
984 392
283 721
480 165
150 62
245 417
362 -64
507 359
229 988
672 450
975 -300
272 -494
958 209
530 704
79 17
876 -260
212 925
720 -357
988 720
880 742
848 20
803 -177
56 -385
1000 -230
147 746
338 396
538 987
315 20
373 654
866 -90
238 104
510 42
898 3
809 -286
786 -420
742 -93
359 -115
781 -122
39 430
131 -149
6 333
328 691
86 781
404 339
590 280
971 -395
753 850
912 581
86 38
53 985
166 730
45 665
374 -409
886 -240
439 388
412 96
403 -366
145 934
76 649
961 376
659 110
415 -266
759 -489
156 -63
452 655
973 -87
828 -434
28 -331
483 792
993 978
364 -392
782 811
577 79
891 831
44 849
179 246
543 -40
393 137
680 175
199 424
357 735
15 259
123 -395
621 29
457 677
851 -323
200 558
700 724
365 868
223 561
111 -363
347 889
20 -414
757 17
47 -137
446 -266
578 797
801 555
150 531
228 782
409 187
541 927
590 516
825 127
815 262
870 499
746 -166
981 199
908 899
966 871
5 -368
381 -303
220 185
285 272
37 873
344 3
95 -16
394 -72
981 -356
435 931
794 376
281 595
681 670
391 -163
904 -210
248 667
433 737
929 -398
980 195
484 856
787 804
926 518
315 377
260 723
624 -404
219 131
155 874
138 178
461 79
911 853
846 -451
952 -183
542 716
678 481
821 621
553 279
125 185
410 945
599 30
867 -49
824 406
549 6
79 496
609 614
375 334
678 431
231 144
673 418
594 541
904 -219
955 706
451 257
728 -411
82 234
379 284
126 312
64 -421
646 206
781 574
17 523
701 609
951 63
519 647
953 395
628 -136
955 -163
64 870
420 601
940 204
950 786
835 527
860 463
466 338
552 714
17 785
924 424
107 188
873 926
178 386
6 443
310 30
985 908
110 -38
676 -139
3 751
191 17
581 251
547 497
800 444
420 -20
516 -407
417 440
124 928
644 146
368 127
325 -202
233 -384
317 99
866 348
659 692
509 -234
155 558
378 992
538 -260
423 390
350 959
711 655
255 -481
747 -383
670 548
232 640
611 872
19 437
602 934
990 790
680 431
476 699
961 -41
93 235
708 -12
432 417
408 598
722 771
524 970
220 962
367 807
177 461
164 604
70 812
662 -471
658 800
588 233
573 342
595 -410
452 176
916 376
678 -183
523 -496
572 545
365 533
716 -11
720 -171
373 178
350 904
872 866
607 -450
734 -496
164 726
347 717
229 235
607 645
14 632
211 -67
768 773
809 970
823 -433
303 -135
677 -72
852 242
293 739
979 456
892 437
333 889
946 928
996 589
408 604
100 -16
58 -102
236 690
901 727
421 -192
705 -227
489 -441
979 -40
982 552
773 586
783 811
867 -334
556 -158
186 694
908 289
770 391
991 280
883 -11
136 -162
140 -42
347 -268
905 -329
186 -251
881 -165
232 17
751 -484
522 663
730 853
224 -75
103 266
941 -406
332 -214
425 -436
365 891
337 420
605 379
516 776
249 -62
878 -118
710 844
521 -198
884 -497
395 166
450 -419
700 242
250 -403
983 479
941 -361
829 737
133 364
866 720
256 407
54 718
551 825
75 742
997 -187
548 162
820 -190
593 -218
265 130
300 610
869 -218
651 921
724 -285
630 -486
77 858
358 -343
889 951
293 -140
169 64
643 998
349 208
89 700
154 -415
918 593
136 684
61 416
744 949
589 779
601 -89
243 398
837 756
617 17
598 -425
976 468
650 668
145 184
218 40
245 277
904 543
434 375
330 978
31 11
206 86
41 102
332 -327
63 -82
709 778
571 654
361 682
243 829
91 -412
181 517
164 -30
752 872
119 910
885 773
855 315
979 -376
162 878
884 890
101 398
585 82
331 781
193 314
742 145
689 87
43 222
305 998
307 207
361 139
601 607
571 188
380 462
817 265
774 81
462 744
932 782
641 133
11 -241
620 406
232 -329
800 676
584 -282
343 535
208 735
235 179
357 268
670 844
362 125
376 206
204 980
834 -211
771 135
664 766
695 483
134 446
979 -383
54 452
824 400
181 524
184 33
199 984
618 748
879 647
101 -96
170 653
623 710
68 -39
100 913
787 -10
770 489
456 110
189 575
545 703
772 640
959 817
410 631
59 -407
284 -9
491 303
861 -227
471 316
155 246
631 507
287 530
637 -470
158 -284
712 299
571 -494
552 872
388 143
424 964
194 456
193 797
252 -146
924 -344
73 47
822 -137
562 84
573 466
815 908
381 810
455 911
226 -87
210 42
260 266
67 340
761 659
442 272
85 792
539 -374
60 556
697 523
531 534
296 -370
184 -23
897 993
694 -250
455 294
413 224
48 -297
208 -385
98 264
667 686
582 79
174 -437
406 651
571 941
375 99
995 786
976 3
818 -37
145 -204
718 731
884 345
189 936
347 210
464 167
482 907
70 424
325 -458
138 160
536 -23
820 542
555 -371
771 -94
882 463
133 -20
443 149
61 989
603 721
305 -78
724 814
201 347
643 827
863 898
602 -382
845 690
908 -402
732 -296
523 796
676 956
481 915
656 -29
524 503
518 -141
256 14
637 592
455 746
249 -363
193 -92
421 436
297 -321
152 949
598 53
91 -435
581 -78
638 699
965 346
78 910
929 -110
805 713
33 989
901 452
370 653
529 -193
276 -413
721 946
610 184
706 998
480 -487
433 -255
822 399
722 228
328 168
738 460
16 34
657 738
90 490
184 -45
632 611
540 -190
760 291
990 572
502 905
463 -90
451 -207
432 208
790 626
475 148
402 960
330 -259
779 -328
328 993
351 653
356 927
65 654
635 607
661 -119
862 -487
613 -100
63 -176
118 122
962 -300
83 -127
54 -235
165 200
863 363
414 806
203 800
729 -314
645 759
453 291
881 636
869 413
478 799
576 -230
175 -351
355 344
23 836
475 -201
824 736
336 187
880 155
117 943
730 359
637 582
430 50
399 -424
943 48
1000 -355
718 -253
271 628
778 -60
328 146
299 -114
688 823
824 797
713 855
176 617
641 681
0