8309
746 -353
431 627
184 -116
449 245
40 854
833 415
964 922
801 222
510 -439
694 -316
812 -313
464 106
2 -233
716 -417
499 970
185 913
731 417
111 29
798 -64
867 756
455 -79
20 48
618 -397
676 -220
881 412
832 473
443 847
843 -493
413 495
364 147
93 209
256 167
884 540
127 -75
651 166
590 -85
122 722
466 -47
454 -97
570 395
251 999
40 592
54 641
260 323
795 -75
591 -172
218 786
486 383
393 -346
270 -110
56 358
515 24
19 817
255 123
487 109
778 578
416 -403
351 -47
169 -290
531 367
290 -398
771 -248
667 785
768 -52
544 -290
65 -361
346 797
289 711
714 -56
478 -115
818 646
456 161
502 987
608 588
835 -276
491 866
4 156
727 -77
177 762
76 88
605 268
185 -456
164 640
144 -255
983 -50
980 -402
613 737
78 611
481 -466
172 163
421 -126
153 227
312 -68
948 569
227 980
359 624
625 795
201 681
182 509
307 298
608 -89
315 942
425 -49
448 351
156 -160
912 415
724 859
597 648
51 -428
587 225
279 -292
945 -345
341 -137
355 887
451 -168
399 -82
611 -146
292 491
492 961
510 487
456 -185
282 -154
540 -466
391 175
267 992
608 51
526 -351
482 450
747 -315
219 99
908 675
869 -33
275 -329
145 921
515 -181
642 -285
397 136
177 504
97 -472
846 883
906 925
59 458
797 18
890 900
54 328
288 486
317 788
518 328
792 -418
411 -222
358 -383
84 -478
771 407
243 -223
624 227
886 329
393 912
318 767
331 -334
17 322
557 883
952 286
879 -199
1000 -52
65 -368
832 192
691 533
75 -458
334 -158
487 617
218 -132
455 841
432 504
265 425
547 173
382 -498
993 416
338 158
829 -236
989 508
400 820
660 407
745 -51
995 358
862 819
541 944
730 960
97 -43
259 219
286 339
458 -396
517 659
50 815
767 517
344 363
131 -101
490 482
696 979
858 -229
629 280
156 358
482 590
311 645
626 -62
898 611
71 -140
247 57
775 975
14 91
221 923
387 -326
288 714
115 46
965 -302
752 -321
663 -437
501 962
937 406
504 -451
490 413
361 496
626 353
486 97
496 -495
244 729
742 196
874 646
783 -413
1 3
275 877
324 857
110 -236
291 -79
872 340
808 503
237 716
99 270
480 -256
539 794
702 322
827 -226
871 -469
719 12
943 -93
917 852
539 305
486 882
329 711
390 607
726 -173
692 -239
302 -130
180 541
679 781
149 246
560 418
444 785
885 707
685 956
269 441
489 335
234 -63
503 488
192 894
195 818
336 358
405 -23
485 247
276 274
131 167
80 525
476 405
773 -284
169 -70
679 -143
963 -435
482 -465
560 259
270 -383
449 444
159 -272
674 316
920 32
760 -223
116 42
874 983
300 680
934 953
17 -475
825 -488
227 170
725 840
439 134
726 148
972 476
705 331
669 786
257 -76
530 566
358 478
468 155
398 868
660 657
930 764
910 -436
506 971
348 764
448 988
849 502
2 419
274 537
730 961
662 -49
937 356
161 808
130 503
461 116
550 367
41 373
768 606
981 282
429 611
509 370
272 93
857 -472
789 586
710 499
625 456
540 386
748 694
913 980
874 468
155 -91
682 -284
442 392
4 604
319 903
898 810
588 658
360 -234
364 912
577 -442
908 862
841 259
792 -113
840 312
194 411
350 -258
777 219
834 -188
460 383
297 -195
827 -115
703 -230
191 -409
976 800
119 500
976 -208
560 866
947 531
821 411
194 -187
646 -458
734 -105
552 660
301 -158
906 142
381 560
176 976
591 79
865 797
168 153
63 -34
672 -279
509 -334
615 501
795 532
47 -24
57 571
623 329
24 334
48 162
570 -40
691 420
170 -142
553 -351
174 -279
505 -212
72 -80
145 911
745 400
622 -382
9 -53
392 127
562 681
343 454
390 -43
352 36
384 107
38 435
41 995
28 -353
668 -36
360 -145
489 60
222 281
981 -103
290 358
187 608
721 -337
863 718
949 -257
402 909
940 -11
154 156
401 430
41 -26
576 -304
250 822
856 551
747 249
539 297
157 855
881 -393
256 -405
871 356
330 735
129 -245
90 973
220 -4
683 -352
648 -328
841 697
957 102
182 905
183 878
980 552
580 554
421 560
839 818
318 -306
586 948
502 -58
359 -129
389 188
745 -376
645 648
733 791
469 271
133 -216
883 -208
156 701
810 606
791 661
769 308
403 79
28 249
876 920
731 735
898 136
156 -340
379 -297
300 142
634 -263
411 -233
759 801
30 -474
968 -107
244 791
979 23
652 -480
439 540
346 -480
567 -225
420 785
981 727
64 458
657 -467
193 -209
665 -296
924 555
554 595
52 -52
633 986
813 748
921 -448
57 809
723 13
538 -478
491 867
309 595
101 265
484 -109
143 353
338 549
272 690
251 164
844 356
346 314
172 929
939 452
73 265
119 888
269 -351
829 871
179 50
829 -5
34 -489
433 -317
753 749
704 767
272 -305
248 348
350 41
622 -338
982 -58
477 812
450 -495
590 528
418 572
546 491
325 650
15 989
367 -343
311 722
729 259
338 -220
572 -272
847 133
149 350
112 -79
543 414
666 784
354 879
315 311
74 -477
189 329
391 -95
945 981
768 679
992 254
543 27
707 48
225 18
305 -499
9 -157
216 -463
512 -17
378 -134
669 -337
837 -456
994 432
616 -131
77 964
23 845
498 138
440 782
589 -261
918 877
625 181
231 -6
1 954
172 -313
760 677
482 638
310 -365
106 450
207 -140
11 956
584 474
907 314
465 793
360 515
369 -77
55 95
174 463
564 -116
138 590
518 188
886 55
968 181
891 -486
240 226
450 947
943 825
384 -206
116 -430
863 305
946 -387
165 105
395 502
967 -35
873 30
116 229
761 967
273 212
148 3
306 -474
971 173
280 701
873 879
624 821
777 938
138 84
929 -69
29 16
687 -385
398 153
880 782
732 -92
394 426
595 689
18 209
232 246
145 -119
972 543
390 -493
109 -261
331 997
813 -56
255 218
613 168
779 39
258 325
247 288
814 -472
16 -126
748 204
828 960
813 -133
50 236
659 926
188 908
103 -342
671 -121
734 534
227 510
630 -471
683 -175
414 665
588 -201
845 17
861 54
733 -119
916 -416
611 402
433 390
50 251
249 258
736 -280
113 935
280 553
240 -8
546 309
69 -176
58 -350
698 354
689 403
583 989
45 179
438 -215
165 -351
588 272
889 327
14 476
179 -30
964 463
926 630
33 572
114 456
958 215
490 404
593 72
835 769
743 -15
981 290
167 844
312 72
43 -468
533 -443
52 -271
634 405
333 -287
267 202
518 3
709 -390
821 -46
613 125
761 -221
576 669
18 -409
349 305
667 970
357 -183
503 -438
838 639
981 -383
676 915
865 360
264 155
839 85
374 960
944 850
511 -206
503 585
784 -94
650 -451
375 453
844 766
975 279
428 365
326 -467
166 -70
40 977
391 282
611 64
634 154
922 -359
920 -33
61 373
600 -241
981 204
640 411
885 354
868 858
477 52
325 540
343 921
339 -96
564 344
720 398
930 598
849 532
563 -483
93 468
691 -242
641 -64
786 15
635 356
519 807
990 -438
875 403
85 172
65 20
781 681
316 951
181 55
293 473
347 210
187 -380
462 805
27 -218
708 43
963 14
153 317
648 -236
524 154
955 784
97 -56
574 432
867 406
669 357
310 380
231 -467
705 488
759 -309
659 208
27 293
487 21
983 28
551 474
977 977
543 815
256 362
90 -462
484 628
252 1000
907 -149
988 243
581 4
537 632
770 -113
510 492
844 527
47 -40
513 587
253 903
373 270
670 918
256 794
881 -56
126 -8
682 464
407 2
83 523
705 277
1 736
409 382
821 805
306 671
936 -303
195 874
269 -304
318 155
498 425
790 850
885 983
344 904
407 -103
349 -335
25 -396
984 -384
101 -132
295 875
64 556
697 -494
531 -291
990 -234
431 475
164 781
486 240
891 523
669 -360
850 -319
172 812
491 -418
548 -141
761 363
234 549
876 -453
516 -37
348 336
143 -277
62 -68
611 137
413 -272
137 576
199 15
306 -28
696 904
748 -293
747 730
649 88
717 473
784 -23
996 638
110 621
170 483
976 756
767 295
639 211
52 235
984 858
936 32
621 -229
409 -437
845 -470
833 -294
389 652
55 -369
862 334
889 21
834 151
515 427
683 342
178 997
143 937
516 938
239 -460
797 273
69 915
970 -146
917 -313
114 231
765 245
894 440
243 61
514 508
85 915
956 -276
115 -377
986 211
77 -54
253 61
636 382
997 339
847 -452
322 -315
636 -481
625 700
592 720
699 709
870 376
826 270
803 503
335 332
355 -75
670 464
424 -404
739 245
184 -32
997 -306
752 806
919 -179
13 48
49 545
686 751
62 60
555 225
893 531
529 -387
623 791
824 404
800 676
412 548
572 529
856 296
662 996
922 791
499 914
311 -410
954 346
961 838
335 730
703 -62
757 784
638 458
729 598
755 41
193 606
22 -30
681 -220
450 78
791 -271
280 -380
423 888
619 179
236 293
748 -465
694 691
993 325
313 -67
901 -119
136 -5
241 460
21 -57
400 511
594 297
883 109
529 780
474 825
795 86
552 882
447 -318
505 49
14 266
781 -327
182 -413
3 307
420 92
617 862
142 984
687 -142
203 -243
790 -47
862 -351
262 91
806 865
350 922
528 988
114 -18
358 -270
766 388
334 651
528 -219
94 -468
60 63
590 793
908 305
66 -465
347 124
978 788
219 70
673 -120
740 988
224 -199
370 366
854 -313
802 -19
112 963
559 -137
722 713
710 760
870 129
127 -33
183 -283
860 453
615 900
755 147
337 276
647 337
852 -6
68 -359
505 173
110 610
479 662
269 658
54 525
867 -200
920 -370
141 0
627 -205
703 -333
786 897
242 664
449 78
210 -328
973 456
430 -141
903 811
563 284
518 -316
170 466
654 -355
574 150
740 -127
200 442
920 -55
687 487
564 939
80 396
940 -419
993 686
595 -420
281 814
654 112
533 -336
570 -266
941 391
736 225
607 392
342 580
561 -213
769 -390
122 185
518 391
139 872
619 719
473 257
525 863
199 -173
503 801
423 -436
911 487
848 829
657 311
449 144
42 875
939 421
637 -50
8 192
147 161
243 -258
374 409
122 -308
369 894
410 -456
566 346
897 361
796 430
661 -394
796 407
539 994
617 -175
213 508
278 132
154 -330
914 -5
42 -114
227 781
846 417
569 -144
409 949
839 -463
73 -357
767 -332
541 288
282 189
471 -132
965 481
149 541
161 411
192 -301
26 452
662 711
652 768
176 479
375 -184
100 -73
280 -488
94 285
901 102
875 69
420 -249
735 788
381 858
504 533
97 -341
377 661
153 -406
664 924
238 -435
235 786
554 765
263 872
75 592
728 400
710 266
492 637
311 911
854 131
681 555
164 546
591 -249
928 587
284 -191
787 480
388 -57
917 542
593 -41
692 774
27 528
379 910
371 214
799 584
645 942
649 229
365 795
267 722
140 -65
491 772
642 488
808 311
172 256
773 508
637 670
94 656
407 -112
229 162
28 799
872 57
653 708
76 838
486 -136
846 235
240 -219
725 147
57 887
818 -315
675 815
65 543
468 282
412 470
677 631
113 526
218 450
778 903
26 679
659 293
13 -359
38 489
907 163
532 486
651 -39
947 253
21 -3
511 313
756 -104
18 -21
717 129
470 5
790 666
132 171
583 372
195 420
508 980
296 -295
985 -146
590 796
835 514
269 219
5 -126
919 58
384 842
636 -373
319 -383
428 -363
907 597
622 357
406 -299
376 587
350 34
601 920
240 721
466 12
623 889
503 228
900 845
380 181
573 -471
12 889
427 -397
761 266
874 -419
378 781
142 909
697 903
504 733
600 -146
384 966
959 468
716 -101
960 23
815 937
493 -116
20 130
226 508
923 -163
52 -270
585 473
640 218
736 762
162 859
168 401
957 820
342 -392
586 -394
400 -477
599 642
51 -197
388 988
249 -310
360 754
517 840
277 507
495 -70
602 161
47 -448
729 839
737 256
467 -22
74 -455
201 -1
885 238
483 549
270 -376
488 -424
538 416
623 -14
800 -415
430 986
942 242
806 -268
532 534
428 62
356 -124
212 969
964 59
657 -260
433 -124
132 -94
370 140
454 -102
575 49
927 451
678 906
29 -11
503 427
460 -192
173 898
557 157
878 21
156 119
139 -145
496 106
933 575
694 268
470 652
475 141
299 -89
494 -282
712 -96
116 -175
128 956
165 112
890 249
573 292
246 -204
388 866
115 333
186 778
38 -216
309 819
606 -11
36 -398
811 855
451 459
606 -464
366 235
859 -195
616 889
717 711
710 140
181 116
980 102
632 -461
967 957
817 444
875 199
166 107
605 46
336 404
267 618
305 -357
213 988
777 228
85 655
709 -281
384 7
676 -399
931 912
688 -448
397 819
978 10
229 165
668 -366
297 125
705 -114
340 770
962 948
247 -240
5 346
814 -498
160 204
546 712
191 686
909 872
532 -49
239 -437
497 75
309 25
808 951
102 -349
98 -142
361 347
539 359
975 256
125 476
417 -276
247 -304
338 528
611 -178
879 614
702 -435
644 390
341 456
568 -323
502 -161
140 918
855 -245
379 964
661 -348
57 896
581 162
897 -166
933 329
418 376
247 755
78 -23
357 -322
273 -10
252 770
192 383
599 766
103 -183
786 27
682 86
162 14
255 963
447 -298
941 -309
933 862
335 69
429 -437
900 -151
35 803
249 -222
520 588
833 86
242 -42
526 -342
686 802
265 196
478 168
728 631
110 927
149 -296
873 -227
404 153
732 -23
459 -152
156 752
961 -467
844 -235
458 574
900 -248
216 -294
6 511
208 802
854 -106
564 202
905 287
111 797
922 286
498 -312
129 595
720 -456
464 -223
200 -468
267 -310
71 701
173 317
128 218
273 916
227 724
927 -354
266 -34
498 426
559 880
893 477
228 91
664 350
243 855
417 -393
256 133
208 -36
385 -462
643 -413
955 -254
297 41
755 775
996 731
736 -218
355 -156
187 178
69 376
333 145
386 852
557 -144
788 -21
653 646
996 -76
538 784
750 -469
65 -96
716 -47
803 765
35 -19
188 596
403 1000
966 712
381 556
292 533
792 397
411 -291
867 -220
650 13
281 82
517 230
746 571
180 201
634 895
797 -269
765 335
612 999
180 9
955 647
934 -155
167 -483
837 922
975 7
203 225
184 572
580 523
217 271
216 0
284 912
338 673
176 608
533 437
410 618
19 -294
87 897
211 -228
903 -269
684 752
748 -445
611 -65
938 460
127 -88
16 27
763 -212
540 660
654 -385
908 42
892 -114
582 -305
169 84
962 -313
833 -111
673 -204
995 -378
303 525
32 -177
410 501
75 71
243 174
71 -170
130 -150
319 77
841 515
517 349
241 91
797 24
415 -13
459 295
266 710
49 -65
745 -250
269 573
432 -436
667 -145
983 309
646 67
143 175
111 187
226 481
932 534
436 132
86 -342
515 -409
46 902
654 456
394 145
621 789
506 225
33 425
979 927
57 525
911 813
669 -97
288 -394
62 34
780 787
866 223
583 -58
462 -402
86 102
230 -293
220 209
839 691
604 -236
368 979
130 -276
92 597
554 194
211 752
425 705
784 -198
285 929
770 423
443 168
863 896
852 843
885 -142
380 -181
989 987
136 82
13 440
809 -365
248 310
582 -118
945 -220
783 265
502 317
777 818
141 -337
134 518
859 414
276 -447
865 874
380 -398
815 235
873 896
343 922
380 461
76 -235
650 -11
238 687
415 894
869 156
641 -121
775 772
836 361
845 405
971 739
663 312
454 277
656 873
736 90
824 200
154 190
756 409
444 792
979 607
99 401
725 -443
522 55
558 108
274 607
728 580
34 -396
769 137
355 407
981 478
885 596
762 711
866 971
385 672
722 46
792 -83
234 -316
322 987
21 151
64 -470
423 -58
702 491
953 948
138 334
292 919
864 831
655 344
450 383
22 -68
791 870
773 -84
140 329
904 853
692 596
235 -19
976 -58
664 -463
287 180
960 -119
962 669
178 808
37 253
980 653
657 -90
57 977
401 734
811 603
461 -165
618 723
785 -329
453 952
306 996
586 477
12 -433
233 624
991 790
453 16
549 -318
544 977
495 690
418 610
156 -362
935 517
60 676
383 -277
406 -175
694 -210
820 -417
625 475
566 -206
297 250
659 715
491 -488
720 236
813 212
52 613
219 730
931 -222
5 -88
279 -446
902 408
556 330
898 -334
943 -261
481 273
11 743
830 940
595 -200
569 827
666 393
710 -136
486 -310
144 6
365 -94
612 983
355 -343
514 610
510 453
827 146
245 900
288 616
248 -93
774 163
950 -417
483 434
930 -472
993 719
226 -167
528 812
282 -400
834 713
31 13
629 496
997 192
525 551
971 -105
260 302
688 558
636 -427
565 -284
853 -163
144 953
349 174
542 898
264 360
531 -102
96 -468
454 482
68 101
700 956
860 -303
665 -350
656 -242
29 -206
655 -188
576 89
211 779
956 224
467 411
338 -192
721 872
442 312
319 -484
289 53
302 -115
331 -441
298 768
508 994
706 836
147 216
477 -207
611 434
655 902
705 941
120 -243
904 -303
731 296
372 480
564 153
653 969
969 526
464 52
419 -14
307 -117
884 872
286 644
700 133
789 367
347 81
154 -141
148 82
644 591
416 -480
151 383
102 215
364 233
690 174
150 296
173 -252
470 77
141 -427
91 713
428 984
5 -210
190 -384
246 -478
712 -153
966 46
757 995
140 499
794 -488
708 383
4 -346
854 848
902 -222
519 699
790 269
245 692
572 988
522 380
131 -477
612 678
771 149
635 872
377 391
97 390
556 825
614 -156
12 766
530 997
848 -444
812 -114
241 472
534 304
59 356
38 -413
231 96
242 119
150 -139
171 967
257 792
93 -251
430 773
787 474
791 549
876 838
579 -456
906 425
446 669
938 -220
628 323
447 -155
848 -298
750 474
216 -110
144 -34
455 191
735 935
141 695
29 860
418 -297
536 900
755 766
232 369
355 843
627 78
685 -186
326 -6
952 807
990 -205
194 502
156 354
983 18
985 636
659 382
38 670
939 709
138 514
495 657
97 -354
52 319
945 387
91 517
534 898
592 971
301 -353
695 -353
992 105
297 -327
25 -349
67 729
563 49
740 -232
838 276
365 326
427 -16
527 718
72 802
858 951
461 271
352 -101
688 -307
76 -93
792 -292
151 701
72 -230
766 985
977 489
511 571
970 -94
568 970
269 223
318 -239
588 720
305 871
2 52
295 708
282 45
874 816
190 -417
931 -239
925 679
842 220
953 365
979 -294
845 27
859 54
316 188
897 -328
940 -5
7 671
482 -87
59 404
732 322
721 -100
670 601
886 44
168 -416
743 979
348 408
988 911
555 571
63 308
587 384
967 866
844 921
553 -487
276 736
297 -129
136 669
981 -478
218 973
932 696
305 834
583 -187
177 683
582 354
906 645
900 -133
97 13
850 -275
217 787
673 -365
766 531
152 -215
932 465
471 596
671 770
916 568
54 -468
923 -452
893 221
619 -23
738 331
451 751
383 476
280 537
775 178
210 355
70 -118
996 -466
906 -45
576 361
760 583
759 -174
528 152
345 -23
483 -481
242 338
265 -391
490 534
9 779
697 -489
622 -171
458 -199
403 -175
249 -308
337 137
55 468
694 -164
983 722
385 862
973 816
626 124
382 414
663 -307
130 322
563 -117
858 3
668 672
820 797
177 169
630 209
968 259
722 690
445 329
249 -347
936 222
573 -342
537 910
952 -421
778 -319
758 868
342 -20
700 79
486 765
736 801
708 284
757 -277
420 -460
440 -476
402 488
239 -462
588 711
168 221
319 261
929 757
719 636
27 -265
115 -194
53 774
539 44
56 942
956 900
699 632
434 878
935 607
74 -461
939 504
351 465
565 605
831 534
293 529
207 932
20 804
628 898
210 166
900 897
104 -295
188 -202
67 993
433 873
958 -228
427 -298
758 -457
135 381
516 434
802 39
744 -53
699 120
561 -77
891 10
70 214
135 -52
255 994
62 905
249 974
490 -232
83 -6
360 650
923 -23
682 -354
603 539
662 -293
334 -204
618 424
290 300
468 209
235 479
200 986
774 -433
934 876
333 548
816 -487
903 -316
232 212
991 904
74 -190
98 380
672 -402
595 476
15 -243
796 426
841 -20
278 814
166 45
308 291
32 982
940 974
84 -446
883 449
105 -319
695 329
871 -403
164 -470
88 -147
827 665
882 83
620 922
224 -406
645 424
847 239
357 -448
502 958
165 221
426 941
402 608
875 -485
414 383
959 -494
535 46
839 -303
878 -343
244 663
973 487
542 165
967 776
22 -246
836 308
411 202
504 -328
591 -225
400 -417
410 763
214 383
639 382
694 296
22 513
700 536
256 -500
104 -168
402 511
453 136
355 -360
335 499
98 605
942 13
83 -302
908 -7
722 855
409 -282
458 228
987 143
438 487
875 91
72 200
697 573
376 988
799 678
510 -226
381 -315
704 560
206 148
954 -222
522 -83
854 508
616 -90
933 -6
916 -454
913 134
387 244
94 450
444 127
989 -108
929 803
316 -130
447 736
531 -71
401 776
274 113
662 -436
789 946
17 698
848 512
437 -207
813 290
243 136
860 -75
506 844
375 -214
312 981
864 865
123 33
824 285
997 43
28 -137
306 725
939 136
344 919
518 -238
473 -186
691 -239
690 -411
67 673
622 475
492 390
668 212
969 365
834 -364
454 365
79 209
137 257
689 614
453 -7
478 -308
806 374
269 -81
634 -234
596 635
153 965
747 937
759 471
798 877
12 756
691 -63
674 49
2 785
703 393
480 -290
251 -273
556 488
178 -478
781 689
883 678
212 224
688 -86
824 758
125 -69
384 912
65 613
971 557
6 392
89 -401
718 645
482 -6
688 -2
694 126
378 993
399 -433
739 -480
729 -98
274 -37
490 -32
267 224
550 110
311 866
540 699
651 731
507 -112
12 534
254 -439
437 688
249 784
567 -23
661 825
670 917
144 -378
504 -313
734 498
855 971
928 552
837 916
398 731
970 847
220 708
678 426
717 615
330 306
962 744
181 144
286 785
917 116
945 516
526 -349
210 733
903 283
822 519
787 100
121 524
94 -396
461 780
219 348
806 331
913 835
406 30
756 125
440 697
321 74
839 940
100 919
836 -361
749 -266
983 -17
679 143
921 702
263 -271
1000 829
239 458
543 746
422 -345
642 778
761 146
853 460
838 103
41 773
949 817
862 -315
322 266
83 56
478 384
764 553
118 229
351 238
483 532
402 682
460 826
444 -3
374 711
906 116
506 702
345 195
707 -355
920 95
963 -172
813 826
657 -403
722 -261
948 265
850 734
533 913
149 727
488 246
896 848
927 -434
652 206
713 664
840 -148
496 -66
361 653
925 580
266 181
290 822
836 744
457 785
968 689
77 120
826 437
73 155
798 491
211 -405
113 -440
946 303
808 605
957 143
960 -130
390 245
98 952
565 -6
831 789
173 124
89 -132
217 -2
313 322
638 831
848 -249
555 327
340 235
449 555
401 576
417 -321
865 698
432 541
279 349
600 -54
395 -254
276 578
705 27
932 -47
324 491
607 65
555 594
165 71
556 415
179 511
56 621
769 -214
192 957
388 759
137 -153
305 480
459 626
559 647
971 422
489 932
505 694
376 660
811 -357
108 85
246 376
461 576
927 519
378 -264
135 616
578 -314
780 -268
166 891
715 485
749 469
749 969
531 -234
719 123
373 273
759 -403
355 75
916 527
957 535
474 -100
160 926
520 262
950 -302
110 -498
875 -114
941 -259
323 103
723 -144
166 -318
613 731
176 120
145 152
4 -200
141 537
521 251
283 -358
725 812
544 469
739 201
327 632
719 412
579 379
608 -419
117 197
778 72
947 -185
151 991
843 168
189 -72
271 -194
10 632
917 825
104 -391
482 -149
295 230
872 169
595 452
967 143
329 507
574 -232
187 -242
188 836
83 617
581 25
78 55
395 418
885 -41
552 -271
156 -438
582 -83
535 477
176 306
32 9
226 -123
281 354
825 -190
274 825
633 869
13 247
728 -359
994 -136
323 991
79 587
211 110
558 753
326 -255
277 -441
232 -53
950 481
328 986
924 279
746 294
191 -306
116 -225
586 176
876 325
669 828
744 403
414 622
894 -278
839 459
947 826
867 997
852 408
363 462
873 308
504 -446
357 -149
410 478
961 159
460 993
591 422
810 170
546 472
281 97
410 308
379 777
455 473
166 949
442 -64
555 -206
942 366
910 -347
657 -476
919 203
315 -367
20 590
435 -142
463 966
17 -471
896 -294
496 517
422 824
916 756
619 -85
679 -278
718 209
411 439
166 -440
996 -38
31 379
848 -233
910 -434
481 -396
70 -42
851 -478
46 416
476 -431
984 320
558 24
996 -290
332 828
674 27
775 172
360 315
820 621
866 -299
856 102
131 -45
533 -383
171 -440
797 913
614 -317
754 854
120 88
40 -150
307 844
677 -420
673 253
119 -239
930 -466
928 69
762 444
289 254
599 386
673 296
98 862
517 -404
788 223
894 -140
359 -388
878 773
554 23
161 35
786 40
579 -97
432 449
58 650
136 -432
199 173
308 -290
136 -42
194 893
506 411
63 435
391 734
922 41
201 881
284 -248
928 -170
299 327
322 938
188 -445
689 531
219 -16
877 111
473 980
108 409
489 170
872 97
255 412
592 807
757 -44
272 94
835 -469
380 711
529 -418
762 -256
631 0
882 405
583 509
540 84
453 -409
759 959
468 -103
939 626
451 140
70 893
198 343
100 530
525 -180
762 369
876 410
442 969
247 933
561 731
743 -294
217 -376
255 563
548 -249
365 970
377 390
283 -481
39 -410
248 826
149 -107
166 569
926 -415
49 909
417 133
189 -489
309 922
736 52
461 -110
682 219
438 14
742 -185
928 632
188 351
438 348
685 852
463 111
39 219
346 237
816 -163
451 -182
46 599
569 606
809 324
638 416
886 -435
518 -439
44 -204
351 912
689 433
126 717
966 356
685 239
56 846
240 661
233 -53
689 925
839 197
746 434
928 617
774 878
154 375
587 820
241 240
652 368
124 -238
93 201
136 931
727 774
660 647
97 990
312 169
990 -116
419 507
489 -443
749 637
414 290
596 117
905 -106
767 244
237 227
676 628
176 -45
495 -368
375 831
548 67
558 993
119 -199
837 518
610 741
538 425
231 -332
657 206
589 -149
600 690
596 812
361 294
879 651
994 294
447 486
217 -152
121 969
521 751
763 987
933 656
586 -500
129 954
179 854
4 911
522 143
415 799
133 -113
118 -264
358 924
534 490
761 123
686 488
816 951
203 655
87 -170
219 -16
337 724
386 67
482 -111
721 582
80 363
721 46
943 23
479 138
700 97
215 -66
133 -378
984 513
605 321
49 464
762 780
840 -208
859 427
703 171
713 502
533 961
491 33
265 360
173 96
690 871
707 660
964 380
475 228
476 639
897 -162
547 176
44 539
690 265
830 724
101 -339
996 686
721 -62
85 970
588 -336
790 504
464 -437
740 -112
532 -3
428 453
917 730
509 624
43 677
161 715
424 -236
135 745
810 965
507 697
897 817
321 -439
630 -358
88 358
569 -255
396 -396
362 706
392 803
505 475
507 707
472 -208
394 551
872 -356
695 814
373 71
90 -11
632 704
269 246
126 16
830 737
521 764
871 299
939 -158
595 -91
381 -125
112 404
545 147
474 964
528 943
985 992
377 822
606 -224
742 -458
217 130
898 713
596 346
908 100
540 876
117 955
938 78
824 53
447 47
656 -314
708 918
43 -423
608 -29
407 436
997 490
435 322
532 942
521 392
640 348
732 681
41 319
312 754
374 -196
317 384
630 758
943 547
718 513
893 -183
274 151
740 -247
178 763
258 216
815 773
826 610
562 627
541 402
338 264
39 -344
259 70
844 556
752 882
743 26
115 805
106 -285
445 566
697 149
919 -150
680 915
14 281
738 20
880 726
187 491
148 -315
996 947
432 -11
25 -471
63 709
324 303
475 865
563 336
574 463
431 457
488 676
670 262
780 -421
972 543
600 172
326 -428
371 767
488 -222
313 674
799 -124
783 880
32 742
948 744
921 -251
361 47
821 -361
913 -184
706 588
957 -290
56 142
698 -302
243 65
161 -345
172 853
605 475
216 -469
559 -75
776 142
608 986
568 140
400 426
566 664
142 163
355 753
491 91
382 432
939 49
445 864
946 842
687 -441
253 678
722 529
630 445
520 903
521 -171
281 325
875 275
451 -329
122 -433
704 308
401 -404
761 -110
84 -26
703 -375
984 963
114 434
987 412
652 899
347 843
782 135
668 -105
22 -62
578 380
43 -416
826 277
464 -260
109 641
100 -319
318 556
895 193
426 458
21 656
75 718
171 299
584 142
451 954
101 -320
546 668
743 -443
724 83
497 703
363 589
394 424
378 523
887 -186
805 179
625 312
70 811
501 97
698 243
881 601
457 -490
210 685
870 -5
904 -269
684 749
229 147
717 895
823 561
307 467
494 952
813 -428
299 111
440 -150
849 523
278 889
371 527
243 -440
1 -118
916 343
426 100
305 136
367 -226
175 95
637 -483
365 45
336 -16
642 -112
219 388
564 583
663 -499
371 387
296 -447
405 -130
644 570
238 975
48 -189
343 252
212 -138
554 285
921 121
768 838
426 979
17 85
412 634
641 -415
582 583
241 -469
665 43
797 917
359 251
342 103
482 -170
726 -290
884 791
583 -460
195 -46
529 -287
540 607
172 -210
859 434
911 94
654 924
258 507
42 449
350 864
266 -159
153 284
793 211
462 -134
766 291
363 429
752 396
443 173
490 794
659 731
254 229
722 423
717 502
806 714
77 105
35 660
440 573
629 -255
611 -163
834 891
808 -270
588 -336
455 424
533 715
145 -417
323 -60
195 120
875 767
751 729
48 198
473 333
268 907
813 725
719 326
876 133
276 -53
735 44
696 817
915 -363
433 973
824 992
867 -168
945 221
114 573
212 846
721 722
218 108
116 276
51 727
411 103
225 702
419 771
732 888
635 185
387 549
507 -139
557 -414
421 919
321 504
742 64
920 -62
178 576
949 27
513 -461
41 -109
665 663
418 202
623 -443
935 895
114 -346
656 -6
987 117
69 403
897 802
708 291
415 -81
52 700
152 97
717 901
365 735
924 443
869 -41
778 -250
194 672
122 387
214 144
105 586
875 974
903 892
800 399
608 -244
234 944
806 962
769 792
400 141
905 705
587 766
399 -334
820 -67
13 700
713 214
129 9
713 755
141 984
852 463
661 686
139 -404
103 -312
140 936
556 744
267 -450
106 -490
391 -250
463 618
684 957
78 976
649 -382
851 548
806 854
730 192
222 941
44 740
811 -35
746 -265
437 326
528 32
495 278
759 -7
585 38
446 -332
235 637
669 734
565 423
768 948
663 125
271 -267
654 594
937 -457
633 792
227 66
4 550
240 288
369 -491
922 -379
805 566
55 941
379 439
597 716
740 680
907 -149
571 99
10 967
487 60
202 480
927 -153
357 66
272 294
724 213
617 -496
489 971
333 441
344 -396
196 -69
452 -304
34 559
255 840
817 469
248 260
443 341
804 -305
216 -327
615 -474
749 813
251 411
331 758
472 832
127 359
188 -255
787 862
441 844
309 319
800 577
356 200
29 261
137 396
554 224
606 124
609 492
706 801
253 -213
585 430
161 790
210 198
94 899
408 545
336 903
460 704
14 971
323 -311
539 929
899 740
122 66
850 -396
947 912
969 -489
333 124
600 362
107 -72
179 800
155 -368
903 464
674 345
711 998
58 509
870 -67
920 -58
728 743
322 -209
866 -427
324 -306
204 586
324 473
556 717
585 924
143 944
788 -55
338 28
708 582
27 -418
728 698
772 680
452 250
821 356
550 200
823 -102
546 674
446 -401
996 -104
341 729
4 -240
145 -148
35 898
807 -173
363 85
769 54
242 23
86 -392
324 -82
851 -318
265 608
883 174
748 -268
825 561
558 243
735 613
374 309
562 381
323 48
449 868
676 488
10 979
423 -340
725 -39
672 541
538 -257
846 128
736 689
85 -317
486 583
203 360
954 102
445 408
911 558
802 578
105 -217
330 201
10 189
845 -233
782 566
810 773
237 284
869 -21
581 71
722 -218
817 -314
184 -412
131 949
216 204
451 -162
908 200
804 933
919 395
345 245
15 126
820 491
165 677
752 -69
482 -453
740 983
265 59
965 145
855 641
983 -10
946 78
527 -167
947 -219
428 161
6 -209
616 41
55 500
139 -16
167 490
259 574
511 625
472 -156
627 -27
470 810
673 338
288 464
809 -368
616 716
75 646
708 -334
35 -217
730 -198
783 721
858 -340
273 450
233 -326
287 425
417 173
657 -220
209 -425
348 -455
169 -95
692 45
212 80
335 -109
727 797
100 734
572 937
439 298
19 999
555 -119
295 229
721 -37
849 784
251 450
35 923
920 -418
271 652
166 250
161 -344
880 625
650 -421
67 150
23 -423
189 956
171 236
569 -8
992 824
888 533
435 -188
190 906
889 966
302 833
688 501
48 925
96 -321
897 955
964 408
82 -257
302 130
215 -151
233 349
598 533
882 42
915 534
325 -201
888 -113
142 -457
186 149
383 540
116 -293
982 701
763 854
589 610
333 649
409 114
714 -254
544 -340
564 721
522 244
356 217
941 -398
571 962
577 -500
921 -164
175 188
524 72
197 538
753 968
130 325
74 291
263 -34
995 316
274 843
975 560
877 -244
237 -401
876 -59
319 99
927 -463
145 905
874 -83
276 865
952 -431
928 763
935 -161
280 499
739 725
877 512
413 703
449 884
306 717
672 928
404 -434
503 978
797 -468
275 -500
652 953
495 467
126 -450
979 611
813 -205
953 -276
596 -486
183 512
851 353
358 -382
188 -491
265 -301
317 6
431 820
289 601
923 827
365 -34
303 767
235 -469
111 899
381 -93
502 215
199 -451
6 182
650 -218
695 281
79 622
515 -58
515 523
97 92
259 -447
135 574
827 152
10 370
287 194
33 21
165 -348
171 956
598 44
107 714
667 -233
998 711
971 937
503 179
777 629
61 756
729 964
66 232
216 142
735 -424
327 -150
541 -485
568 974
588 -457
983 -88
269 127
84 554
244 -99
27 561
855 8
362 -315
842 944
531 539
391 858
430 434
967 951
160 258
512 963
706 -53
791 -221
819 731
24 5
899 245
260 454
975 193
936 962
968 107
163 332
822 -437
808 665
120 841
873 878
11 482
387 23
12 -419
182 -472
53 -490
958 449
174 -473
898 369
639 493
518 -193
361 790
975 352
790 -449
357 -135
778 -93
556 656
471 833
251 -290
228 -369
570 -127
580 -111
316 889
939 -18
645 708
418 181
527 -26
440 162
980 175
109 672
282 -123
134 825
896 -345
25 583
72 363
130 182
875 893
669 836
763 243
502 530
717 422
248 477
10 904
727 842
464 690
384 187
130 -108
238 520
642 760
409 -227
1000 44
417 841
762 143
485 -48
303 502
790 106
212 262
914 256
768 184
963 -148
475 -273
209 541
470 5
58 848
70 883
290 -417
904 569
989 609
662 772
522 -460
434 66
264 -457
169 -94
822 421
53 928
536 523
966 394
674 515
966 358
248 323
244 714
907 958
467 -349
790 -309
317 124
661 -156
272 406
729 456
403 898
151 603
341 -279
10 560
129 928
15 -299
989 -318
308 514
29 -413
258 60
250 224
408 380
960 -272
573 -107
334 -200
29 752
268 209
567 605
235 649
303 -449
819 -200
940 627
517 -77
473 -204
301 -80
880 389
576 -182
524 -393
68 980
633 296
527 740
484 480
996 382
241 721
921 372
90 712
537 287
120 -128
880 930
472 997
654 -60
715 -334
180 159
971 658
56 -67
508 657
346 130
712 551
23 942
318 323
642 -471
443 303
759 -327
51 -279
643 -361
216 48
805 -49
897 555
695 226
688 896
786 59
534 18
500 -284
290 45
849 241
606 277
108 947
790 961
563 323
459 565
507 202
502 173
540 993
533 885
960 338
799 -346
461 43
37 510
27 555
223 51
44 -191
447 910
253 983
164 177
943 570
503 505
519 662
420 277
145 759
857 -24
644 -495
649 304
523 863
314 272
965 273
473 418
338 -98
702 899
382 565
16 889
653 118
15 -281
731 -437
979 -37
254 17
472 -492
875 -175
41 -10
462 514
503 659
610 163
1 689
229 -236
420 -287
646 -405
632 372
366 442
251 971
986 -57
369 -262
723 885
25 -127
312 936
674 873
142 -472
560 -141
436 952
159 953
83 -5
145 193
204 613
817 -81
283 -131
796 284
847 -135
648 -298
14 167
395 -42
509 990
82 99
995 446
178 815
626 793
979 -247
764 339
274 457
759 996
279 443
816 -252
28 -265
162 -474
882 572
779 385
849 -55
793 -82
696 733
364 -79
626 107
989 782
218 886
967 -189
792 57
307 -443
692 229
248 683
846 -390
578 -343
4 458
504 522
5 416
33 415
425 -168
295 -304
805 93
16 -329
560 -31
149 895
183 696
477 574
223 948
111 489
417 411
441 707
579 843
13 773
626 572
352 -117
353 984
457 734
568 470
920 -477
23 -272
47 430
703 486
906 -143
699 407
893 289
127 -139
454 690
649 547
31 -351
547 701
390 -56
465 731
318 500
886 -410
799 286
800 -490
399 504
326 83
255 832
119 268
842 -133
515 -263
218 -260
699 -316
200 -342
125 963
920 -162
630 718
105 841
861 -9
288 822
726 638
679 557
906 577
538 594
755 348
627 199
504 957
938 526
214 376
368 283
798 816
118 363
110 129
248 -230
703 382
722 507
341 849
32 541
486 567
382 -285
919 21
256 36
546 763
743 886
730 377
997 172
230 375
256 -401
602 584
361 637
640 -58
383 957
390 66
23 -324
913 836
783 671
830 73
968 -425
525 90
89 -84
221 883
529 128
397 960
521 -270
258 410
376 906
235 982
448 -78
35 -83
488 -291
527 357
911 -125
996 546
303 220
781 518
424 -231
133 388
209 678
550 -30
373 890
169 219
860 -215
664 563
855 939
371 449
523 -327
250 359
210 160
443 -320
396 -160
395 227
396 -387
974 -148
127 514
899 -391
96 -280
670 537
972 163
366 546
541 829
126 830
290 -440
190 584
156 -184
209 -33
701 919
729 -367
511 791
94 350
392 680
536 157
75 50
599 486
290 -69
688 666
564 845
399 -83
273 600
31 713
705 543
463 271
82 -281
652 -488
730 7
609 -359
358 569
147 475
340 97
624 -237
274 135
584 -428
42 -287
165 575
264 26
618 -240
530 285
403 833
18 845
610 33
348 96
267 691
760 -33
269 -4
690 893
337 526
689 688
960 851
265 -452
271 60
424 -331
61 752
260 177
539 751
168 462
49 -430
513 431
264 820
884 -234
763 919
797 88
630 -285
393 379
937 406
649 -292
741 902
486 364
184 -38
299 150
314 -262
38 650
778 616
764 471
140 840
909 -379
159 -500
366 915
751 -62
580 817
397 962
230 402
99 -322
419 653
656 -43
934 855
970 406
743 692
676 772
640 699
649 906
14 313
382 548
98 -106
254 -191
749 -214
971 -221
607 815
136 900
307 -125
952 -14
50 -483
966 674
777 424
674 215
695 -236
227 -63
703 -313
314 716
516 642
522 -38
543 -139
449 -75
91 671
417 -126
636 23
660 357
715 -158
794 156
501 226
529 0
2 -355
928 939
323 156
745 363
666 597
588 605
312 244
313 197
631 41
336 789
740 -143
677 955
440 269
908 174
681 -458
53 656
874 862
92 -223
650 -477
569 -309
20 751
582 204
84 729
332 -66
74 567
312 -441
76 -128
634 -14
817 801
350 771
384 642
129 190
442 551
651 871
846 812
542 -309
534 -255
889 832
724 739
478 399
744 -447
649 241
934 -349
500 -218
667 179
398 476
541 -328
295 583
655 686
452 -237
486 -137
255 770
694 994
382 -402
578 -464
73 526
557 445
256 109
80 448
113 778
146 216
62 -153
32 618
645 -115
128 981
739 564
815 573
208 202
638 366
31 259
507 739
262 -481
434 990
695 389
422 -190
6 911
321 397
695 -456
496 -100
204 687
856 -50
339 -52
993 38
940 -21
64 -247
185 -446
88 766
832 816
537 374
920 104
944 -497
566 -420
699 -411
257 116
122 638
60 192
625 915
601 256
302 662
230 341
458 -168
292 783
922 918
228 743
278 663
463 761
788 768
950 864
788 -383
939 -246
471 120
243 682
969 957
527 953
421 390
59 24
233 -477
558 345
622 747
374 79
532 697
757 522
360 -298
241 499
282 517
592 58
359 -113
168 757
384 203
548 849
506 196
852 -345
491 923
700 905
38 753
385 453
395 898
50 -240
511 -450
610 -278
699 354
990 -403
524 -450
228 559
377 -246
602 -315
83 -133
654 -195
885 226
535 497
26 759
441 656
253 534
325 730
162 753
491 -426
789 150
999 -251
173 -455
747 -316
114 -258
703 501
979 240
462 531
396 710
317 793
390 984
249 -362
584 303
129 180
947 309
880 591
940 -307
448 -325
486 -281
788 571
384 128
571 289
842 -89
606 -4
157 107
379 762
481 -408
67 -368
976 -223
682 -200
404 940
128 843
628 43
48 -44
544 -90
234 421
531 377
449 358
542 334
960 747
144 -395
965 32
687 989
899 420
745 666
365 -37
243 123
494 457
247 771
252 645
776 419
610 205
307 -22
789 -440
35 828
416 -80
901 23
213 -390
605 107
525 917
244 -147
351 132
400 893
979 -403
225 887
731 367
23 772
103 -306
267 633
183 25
938 615
435 676
617 669
649 -370
282 -362
689 -106
999 886
302 529
803 -268
766 334
695 620
204 363
234 571
719 -108
205 35
16 246
822 -391
997 189
334 773
892 842
47 409
611 470
643 -71
498 653
32 568
692 440
580 451
417 955
753 -237
570 -486
834 369
907 431
565 988
813 824
735 319
708 -434
266 845
647 871
477 -374
853 282
80 -356
186 961
222 -260
587 84
901 803
697 773
910 -360
17 -14
784 597
590 162
778 -445
637 469
216 -267
527 456
549 -389
943 919
800 -13
492 81
998 -396
431 124
892 878
193 317
429 992
421 882
344 13
811 141
482 585
105 397
526 906
962 -27
459 737
938 -398
55 205
316 252
43 238
109 756
563 63
989 813
234 163
689 706
600 870
452 490
752 366
516 254
595 692
926 214
599 -193
296 920
768 -68
650 -480
368 376
577 838
587 -54
513 -313
810 977
290 154
284 562
272 106
540 631
78 915
417 495
234 10
285 860
918 210
355 113
745 -380
504 822
136 434
382 615
839 -314
133 888
995 522
845 355
937 204
513 -250
310 638
694 -383
501 660
40 -311
497 -215
157 936
48 -66
462 973
9 986
453 363
575 474
191 115
744 -267
91 -290
277 447
699 825
597 189
417 -69
736 -119
573 516
500 782
677 805
134 165
435 -179
313 634
549 110
254 -26
14 552
971 876
60 -355
467 -490
500 -258
422 340
962 956
326 281
892 -248
865 707
365 58
889 253
321 -29
407 935
24 -394
448 -43
760 823
638 885
414 981
947 -360
427 -139
163 378
669 693
688 -217
310 194
310 199
427 699
555 807
863 554
300 -254
985 -214
403 481
615 -270
493 -158
988 548
483 -395
77 -335
989 -305
74 787
955 626
539 519
782 -342
193 565
249 496
496 -78
128 908
577 -68
434 949
693 578
11 -80
89 759
20 -104
479 -86
605 916
35 182
368 577
772 7
444 765
946 692
588 576
569 700
291 881
761 527
633 -492
551 -364
579 -159
527 911
613 253
516 818
536 -35
344 -453
413 13
704 410
756 377
569 136
995 110
794 630
168 412
782 186
443 -138
214 757
211 386
571 872
759 89
771 197
851 280
269 639
341 67
638 619
812 264
272 -213
575 268
992 299
982 901
779 177
662 806
62 403
340 775
124 -440
863 123
828 -241
284 521
301 406
855 -349
177 -70
989 -471
921 633
582 476
54 583
701 -114
199 -445
276 -495
250 633
467 304
910 -176
485 494
581 885
483 -8
517 -135
240 265
971 452
65 95
2 333
360 192
664 230
626 659
917 824
526 -238
906 388
884 837
844 143
840 566
262 19
489 851
197 12
254 -128
409 -407
264 -192
30 -73
683 713
842 -95
814 861
723 182
726 -350
574 -165
950 104
674 -366
727 242
436 718
188 -453
203 88
191 909
515 -432
787 -315
415 85
199 179
504 823
693 395
536 911
900 570
476 66
833 -439
348 -211
4 240
351 -26
632 -452
480 655
888 684
483 349
792 -50
340 722
973 692
15 -214
391 797
578 -95
638 514
710 423
677 -383
721 589
634 99
315 -377
464 -241
759 693
676 -57
755 243
992 -417
72 635
22 795
61 99
103 854
47 -387
414 -320
750 830
585 -250
975 640
506 65
972 320
328 152
410 -90
926 944
504 -182
677 -462
13 858
808 722
279 97
722 15
688 59
520 -46
318 -466
327 930
176 676
737 655
169 -306
998 39
791 -491
308 795
635 -35
401 213
672 -347
465 -340
596 -275
156 -171
271 675
17 -469
856 655
852 -160
96 917
805 -257
761 -106
455 -462
985 -370
639 -474
19 303
467 -106
277 208
113 590
423 768
352 148
632 869
852 791
720 169
642 244
557 491
169 -327
778 803
204 577
829 890
456 172
728 650
617 161
312 516
812 -462
710 824
572 589
417 911
262 985
581 705
96 887
180 -119
130 -166
961 891
577 400
124 944
36 702
223 252
468 769
618 919
327 -441
107 61
433 853
606 -13
306 788
111 299
165 -344
758 937
466 527
100 -479
375 -218
456 666
14 -351
502 631
620 -138
493 -336
371 641
663 -462
99 763
35 -340
539 396
414 638
576 560
104 808
681 292
658 149
649 568
643 994
963 136
136 -271
57 -299
211 -350
325 774
457 -120
178 856
133 548
345 935
881 710
76 971
856 116
610 -380
744 -352
380 417
829 -456
56 138
62 615
595 967
721 265
636 312
491 841
77 785
386 -145
903 921
343 913
833 624
27 776
912 22
806 912
288 405
563 640
98 -288
883 -7
598 599
60 -472
151 108
799 -407
602 -6
746 428
111 -477
153 475
539 -482
135 440
45 -340
17 -142
22 575
301 -401
711 854
383 395
683 803
163 567
462 -427
884 647
802 -130
425 274
385 -353
879 477
696 524
222 166
330 -237
23 208
251 572
210 176
760 58
594 301
175 181
235 661
424 319
757 759
332 -371
326 511
354 821
652 601
683 -88
857 639
779 259
958 225
71 455
922 -439
421 378
850 714
195 481
665 -289
250 558
393 -110
268 936
274 -6
393 -368
549 -71
978 624
995 -78
367 590
711 715
865 -370
440 -331
700 952
988 856
900 -434
353 -241
507 426
787 883
154 -172
389 -403
666 -16
505 -444
146 465
456 512
39 -453
414 477
714 383
507 -146
179 848
235 232
113 -168
161 428
159 572
434 138
838 -171
695 -213
712 603
56 984
852 150
634 -379
834 -131
51 395
423 147
398 955
731 321
524 337
92 956
388 107
753 -334
301 523
207 119
646 457
230 377
75 514
346 360
476 839
824 -460
291 -471
781 388
455 -94
85 578
243 -373
57 -113
304 -385
352 -370
377 -329
453 14
951 895
609 -259
908 -223
597 -311
845 -200
955 371
588 912
815 370
863 411
228 475
903 -65
582 -100
301 -14
539 -300
908 -355
491 899
650 87
147 -214
175 -212
505 -295
48 560
584 -92
496 -425
864 286
329 934
388 -59
911 539
197 -411
381 100
390 503
168 111
237 141
562 417
629 829
821 -216
964 489
408 423
709 -19
690 -26
775 880
35 243
194 -420
213 218
280 -169
107 37
320 497
708 -27
281 -261
260 556
414 -495
697 689
684 -59
888 163
624 -311
974 -322
480 973
827 425
330 363
105 854
293 -347
60 587
617 725
4 614
466 330
973 -40
760 -6
661 747
322 -327
7 -433
777 628
367 107
744 -346
808 -435
433 -280
934 463
921 430
857 862
133 -405
770 -276
745 -23
30 -71
681 -203
327 752
902 59
192 386
486 121
544 814
931 -149
550 823
148 18
308 28
509 745
584 733
144 958
226 -412
420 100
554 561
850 262
469 401
277 257
187 -366
491 -94
154 833
520 358
322 473
845 -454
616 681
44 578
235 -458
377 -17
922 138
19 -309
329 -438
331 92
732 -357
21 610
792 -497
382 349
924 82
156 -363
275 752
481 803
539 423
868 350
158 9
192 682
421 793
370 -362
96 506
618 53
125 407
931 -235
302 -93
71 424
886 566
979 407
94 349
222 2
742 -408
761 -194
836 -414
803 -252
105 224
27 596
263 322
125 -407
239 -341
821 -167
342 -455
319 524
617 700
270 -186
49 617
845 -440
462 -414
998 839
456 -19
329 199
999 116
141 -90
746 -491
879 117
397 72
695 237
465 468
458 262
788 -55
902 234
688 512
594 433
639 -136
633 713
107 650
724 -189
23 -101
384 148
861 842
559 485
322 -251
219 940
339 203
144 75
439 565
79 783
72 424
16 -56
237 -496
653 -184
182 -156
567 82
695 832
1 112
549 -273
621 50
368 438
134 413
134 177
817 363
73 319
301 734
453 -85
32 -255
986 -488
324 -273
309 -236
862 -226
322 628
867 779
860 56
925 350
208 83
764 -198
46 901
675 648
521 332
47 499
292 799
858 -8
878 -394
407 31
973 453
530 -80
96 -362
629 486
820 -331
547 51
388 157
946 551
173 636
490 -427
947 346
389 418
118 632
622 -137
601 -215
38 371
358 587
322 -3
228 -146
396 -286
715 846
470 -299
748 -459
265 1
762 -14
515 104
171 727
836 223
313 509
156 125
110 49
446 518
714 937
108 -125
663 191
424 16
828 320
566 55
457 825
23 -382
891 876
95 658
144 352
100 962
871 -278
927 -74
623 261
394 361
667 532
193 385
320 -49
877 752
934 470
194 359
785 941
961 -151
555 -68
146 -81
872 -490
314 152
563 645
776 -121
343 7
512 166
487 -291
789 -197
834 161
381 -465
200 -478
214 366
37 -80
760 998
194 565
559 138
484 686
591 411
399 -248
218 866
194 727
767 -236
765 -388
187 489
909 -256
764 -222
17 -292
595 596
515 441
713 -94
798 20
611 354
27 415
269 137
672 609
362 562
90 925
628 739
676 658
932 604
658 614
803 180
328 381
683 723
335 -335
855 789
527 -224
624 267
466 875
536 994
943 327
434 275
392 43
892 -243
785 866
87 768
787 980
975 442
93 961
425 86
347 886
167 -284
800 385
845 534
890 714
768 -355
135 383
847 -421
253 86
444 796
908 -212
573 265
449 682
798 -184
217 -244
16 177
547 40
328 939
90 975
696 401
523 390
236 945
445 67
410 330
851 384
108 -74
855 562
561 169
975 -63
486 374
912 -55
222 217
542 239
889 193
949 60
67 203
306 106
907 632
287 570
835 -234
459 -156
620 492
267 -500
390 600
755 929
595 646
429 698
644 748
362 -235
408 884
273 871
688 -407
900 -355
225 94
452 427
824 -183
807 -349
387 -444
677 512
998 323
322 933
827 821
246 82
765 814
433 528
615 -155
480 -427
747 278
994 -421
262 988
935 520
621 237
657 -433
789 62
700 335
582 -260
425 382
496 -208
763 -426
840 642
324 -475
847 409
179 -250
223 10
827 -329
489 -446
525 80
565 911
458 -236
125 193
485 543
275 -195
778 -417
342 514
972 839
74 -215
656 -168
751 489
834 695
119 926
723 -346
816 880
969 418
707 -389
367 472
701 929
694 32
945 429
932 -426
354 224
222 288
647 -82
620 -293
49 145
524 -491
264 -488
628 -245
500 15
871 630
43 715
547 387
414 840
583 -319
487 378
31 858
324 451
282 -97
896 -61
636 366
652 137
63 -372
774 603
202 675
563 903
499 129
778 151
904 904
700 153
271 874
57 557
899 50
99 -34
424 231
780 -234
6 -320
753 776
192 557
794 631
592 220
95 719
786 -5
358 755
945 984
444 792
383 173
170 -47
608 400
358 512
59 595
307 -405
754 906
829 178
536 990
504 201
891 666
644 62
587 408
167 360
164 -217
551 634
456 -104
674 98
311 810
532 586
925 182
492 463
377 629
706 819
28 -50
676 681
817 365
653 -413
712 96
606 -395
44 -280
839 713
995 499
459 991
665 -158
443 -255
615 119
333 838
385 663
294 17
801 661
73 -118
337 -110
616 -459
321 673
729 579
527 -63
703 769
137 298
413 318
359 987
784 806
651 130
456 871
918 -147
784 -218
25 806
199 174
914 923
466 575
993 304
331 862
258 29
848 263
379 451
53 431
952 632
885 730
610 -191
823 772
418 581
705 110
292 777
30 729
915 683
290 474
413 -305
793 -305
189 -352
809 638
582 839
104 982
415 944
969 383
377 -222
580 544
653 902
440 -298
755 99
360 678
702 188
775 283
454 -464
89 706
520 870
905 368
537 490
693 37
929 945
497 982
788 501
141 475
99 820
220 876
345 177
540 278
514 531
3 442
553 -93
877 -375
211 589
93 -382
618 -472
980 950
369 4
426 210
310 809
920 630
805 -392
587 -469
406 262
616 708
445 913
182 -64
511 -277
741 890
347 63
519 -264
659 -231
334 168
680 477
905 641
995 736
322 950
751 589
767 583
274 -57
142 84
145 -284
829 -250
666 753
466 168
81 411
35 919
355 -115
869 756
796 -317
521 -41
460 939
185 83
39 374
919 840
67 990
13 -136
859 633
512 750
743 219
215 408
636 -215
301 -441
279 722
527 -19
460 -159
470 -97
568 -420
706 -402
96 511
984 892
662 870
973 844
504 137
594 710
925 256
555 752
170 -362
757 225
215 838
982 60
701 887
791 -490
428 833
674 616
136 123
183 705
23 819
248 11
464 794
143 -302
743 187
201 446
548 914
62 -328
1000 -24
515 652
746 -78
437 717
677 252
342 136
499 746
441 428
776 -157
160 61
680 -421
229 241
235 621
670 -472
928 -258
258 -229
696 46
846 234
290 10
329 177
211 337
369 -16
757 239
867 416
661 275
92 840
638 231
263 780
121 158
840 -405
267 -44
940 566
845 -389
81 -486
879 553
371 250
259 62
289 224
96 487
592 231
506 460
274 279
629 -418
448 241
915 565
669 -178
623 120
31 320
960 313
343 983
949 -231
261 146
799 -142
174 456
450 -198
956 -10
303 813
929 681
244 272
40 431
415 306
669 779
936 82
245 -383
285 810
297 325
755 -226
701 60
747 211
418 41
827 -38
21 -213
68 534
131 -180
954 71
646 50
331 -245
381 -281
330 546
770 675
482 -328
838 650
100 766
157 494
23 -227
480 707
79 92
604 788
989 809
225 816
209 966
52 760
920 464
364 -206
639 -311
240 838
563 417
798 -235
482 477
633 -426
728 524
872 294
271 -49
942 307
928 -255
508 991
552 726
760 287
88 -28
506 338
838 743
783 -71
156 40
843 6
365 362
842 253
566 405
467 -1
834 -123
99 625
372 859
377 424
588 888
984 650
697 -81
526 954
438 110
864 937
283 -101
511 968
290 809
13 949
751 949
500 191
610 439
594 871
21 889
243 574
326 154
508 803
981 -425
706 -73
724 117
771 337
785 -371
512 299
522 537
151 -43
973 139
785 335
636 -19
508 -344
670 243
15 904
988 240
496 997
715 152
125 645
103 -203
125 89
312 968
730 93
542 889
565 -493
719 -250
67 -16
142 -344
786 206
296 954
427 169
961 202
550 271
640 -81
295 849
217 -53
977 85
959 578
746 565
421 -72
492 -363
338 58
894 116
353 290
369 878
472 863
818 803
442 -396
845 -225
49 805
52 64
146 667
996 425
978 846
440 947
848 -458
834 745
199 743
213 495
163 -294
440 956
289 973
867 976
931 -240
256 232
49 -453
521 289
301 -163
567 342
584 533
500 112
397 -72
441 990
938 -87
906 -483
352 -154
636 -236
829 889
268 -245
691 227
583 607
381 -132
437 24
786 -469
567 727
331 313
49 -302
370 43
801 822
265 935
710 172
950 185
710 -103
262 -33
895 863
983 -373
127 734
334 772
738 -146
156 235
642 -436
147 -439
283 141
813 -66
69 661
402 453
573 -96
147 -173
703 -381
289 225
66 -194
514 708
257 -260
269 -58
584 -78
33 840
179 643
509 -254
927 828
279 934
95 -253
990 -133
419 85
45 118
632 -308
32 -122
91 -493
610 565
586 -372
574 -461
738 -375
876 709
877 433
904 508
209 -242
157 -118
214 152
650 188
773 826
209 581
867 284
754 620
821 146
201 802
376 682
457 65
652 450
99 -52
229 776
307 580
224 770
241 -127
989 539
837 729
626 52
843 213
34 -207
63 -390
477 997
217 -156
888 816
797 525
942 134
396 837
263 251
447 201
313 -485
165 -256
93 356
942 -163
65 -188
201 152
1000 -184
484 62
767 25
152 249
103 794
82 883
612 468
394 758
624 -390
742 -302
100 -329
987 928
917 536
570 272
677 942
86 514
127 910
486 -306
52 -22
200 -423
939 263
45 622
280 -457
304 719
18 626
683 821
25 -274
255 -440
942 984
911 976
200 622
850 -58
725 883
529 -180
947 26
242 -259
636 496
623 373
757 562
128 0
578 287
816 371
617 523
354 865
787 -194
598 286
159 -49
915 427
669 -146
955 216
461 -332
271 692
811 43
398 433
933 588
594 20
285 968
264 43
681 134
508 108
440 944
46 -202
340 -252
975 768
280 486
556 -17
497 902
29 -422
342 369
94 462
107 23
355 931
349 858
549 929
888 -131
962 -10
183 -449
405 407
252 263
208 -348
601 815
497 485
785 -127
910 -368
862 715
110 48
465 -33
146 -366
834 29
643 626
946 308
12 -74
817 71
741 138
259 917
287 101
179 814
909 -54
670 733
474 53
714 -29
311 742
413 693
146 316
907 651
364 -424
457 -21
322 -194
697 218
622 745
485 -127
200 324
419 294
464 -238
299 677
614 257
437 483
901 385
313 719
74 928
612 -237
760 -369
802 445
894 -240
382 527
222 353
699 -311
896 -231
764 -17
418 -14
485 943
511 -424
734 725
805 82
876 933
763 12
556 391
844 -316
904 998
981 -121
885 24
292 122
910 505
414 928
793 254
218 -348
444 -417
62 103
725 -457
988 981
854 920
595 694
3 -324
12 87
975 469
368 -420
730 480
68 -63
152 -393
469 461
490 31
685 -87
365 -471
169 -56
56 -418
284 -40
390 644
383 92
650 910
754 -160
397 736
356 368
964 946
538 -332
752 -34
732 999
890 912
677 484
469 327
871 929
679 -152
966 -434
818 174
361 477
182 759
32 -201
409 -195
380 116
678 -500
139 387
533 588
587 878
598 218
951 -93
949 886
916 269
902 -214
816 9
174 -21
443 -276
439 147
971 856
710 -77
271 359
546 816
85 97
757 -308
527 -249
985 -409
267 381
383 892
252 -224
821 825
137 -342
421 739
77 976
3 689
107 -48
64 200
145 993
324 768
867 426
412 -256
41 -283
726 418
640 1
425 -43
57 -107
895 683
593 248
86 543
979 410
427 -371
425 496
315 172
60 74
588 -366
803 678
773 289
979 -65
529 98
625 998
532 898
30 922
331 68
457 -205
92 757
31 -89
341 873
446 -293
163 -5
422 915
469 -405
555 275
12 680
765 778
592 856
172 605
976 54
737 -304
29 36
62 -222
179 510
375 417
50 -435
680 -256
884 -218
117 -251
785 108
362 643
1 645
764 -403
59 747
217 922
679 672
838 941
356 728
141 190
913 360
1000 506
389 289
353 958
76 688
424 39
945 930
295 -339
421 -246
205 937
629 338
841 -262
273 211
172 844
405 797
347 961
370 466
777 -64
208 130
807 745
85 642
937 884
777 963
111 225
622 -200
470 14
459 538
962 21
859 273
417 255
255 -487
563 -195
802 -365
910 645
475 -474
738 55
843 323
477 760
1 -155
107 61
824 -137
802 784
319 -499
877 -245
13 724
777 914
381 871
34 15
437 745
459 -312
503 548
487 900
253 187
263 -37
743 -157
211 -445
81 699
926 327
198 572
266 417
868 -1
519 -383
105 528
735 -127
204 756
443 -323
404 -220
403 246
732 -496
236 972
255 742
535 811
643 954
335 403
228 702
446 -352
371 -284
47 -414
895 -163
788 -209
258 806
568 -12
978 -494
953 -489
917 -120
352 -482
202 -35
709 796
387 710
987 808
98 685
564 258
516 -415
525 587
275 269
909 -438
673 44
943 -302
362 988
800 -45
583 348
955 903
994 40
226 794
944 313
119 95
131 -97
55 352
910 -227
161 592
266 637
524 748
277 59
492 889
405 670
970 244
223 509
597 649
421 285
978 638
266 -444
459 -34
571 881
369 -239
548 -278
629 -10
128 755
470 -58
36 657
762 -469
118 885
118 -223
338 959
351 -104
396 207
797 402
482 287
543 269
721 754
48 178
957 364
397 160
771 192
869 981
819 870
120 477
367 671
956 989
662 -309
992 170
159 894
261 592
72 -433
122 -381
520 353
21 284
839 -496
851 629
78 359
742 714
482 -146
585 10
429 166
290 535
13 395
743 -472
899 493
838 1
215 -215
331 206
617 642
902 -382
667 272
216 748
818 117
304 -210
32 -46
856 -458
325 967
670 -37
820 46
46 928
909 988
437 -125
245 291
807 737
819 128
519 413
986 832
142 610
102 537
146 704
13 103
284 73
921 -164
295 603
779 538
416 976
469 787
468 828
472 806
398 738
124 338
988 771
649 -454
749 -299
90 823
408 605
774 184
254 -256
750 916
748 218
10 149
689 764
666 389
51 229
745 560
459 -131
22 508
208 144
762 -462
417 854
353 701
738 844
856 685
833 920
664 72
535 -261
920 -89
435 814
413 -375
794 171
255 -453
624 173
190 360
60 787
535 583
151 589
172 809
425 -74
480 460
996 577
321 -494
405 996
435 -37
834 -324
805 624
360 291
631 -259
625 -300
481 894
289 -432
840 602
596 157
795 -292
926 442
547 -234
825 273
202 326
756 111
371 548
348 -68
555 594
234 819
95 127
560 84
939 224
75 165
837 -229
982 -160
792 -48
680 150
604 225
954 522
314 118
710 -266
970 -43
420 488
731 286
268 -310
205 768
260 653
251 204
396 261
503 -257
255 26
502 225
254 241
103 410
249 992
156 706
89 -430
6 228
722 -9
877 -93
318 704
431 190
368 516
562 731
302 898
818 -460
522 815
313 -454
27 323
275 349
188 855
181 -97
413 -294
945 255
809 321
294 182
675 451
328 527
647 230
790 -105
874 385
295 593
574 909
269 651
495 158
727 -56
458 498
133 -370
10 98
651 263
943 880
96 205
402 -161
194 -148
260 903
811 -45
669 285
780 665
601 512
419 993
898 726
915 225
369 -118
126 -494
471 66
662 -28
127 -457
221 940
206 767
298 -272
703 817
580 -389
279 -181
261 806
762 750
423 -424
237 -134
857 920
701 248
580 -126
671 417
335 537
208 985
831 686
913 997
550 -206
900 -64
944 462
441 296
900 -343
3 133
386 6
621 223
439 228
956 -473
965 471
245 442
785 817
881 636
523 -76
481 -402
702 -260
381 862
69 -439
418 0
90 -458
357 238
936 962
392 542
722 -170
41 961
914 56
464 52
537 123
112 692
923 199
516 -488
370 61
591 957
953 34
561 244
134 -295
823 484
22 715
849 609
262 541
843 -42
921 -442
926 130
580 -255
959 514
597 -322
298 129
879 539
521 623
313 414
464 -65
150 355
205 795
791 298
462 308
882 -170
628 224
838 290
203 -235
25 849
714 108
696 334
578 889
674 -404
416 758
924 -440
689 400
674 -463
488 -351
385 47
775 634
942 107
86 41
498 -141
237 959
33 528
367 -332
227 -487
18 -307
308 332
112 246
548 -380
581 -430
137 585
829 907
61 -419
535 -344
766 -253
60 -297
496 -240
775 526
828 709
292 868
60 -361
461 -216
859 -222
38 528
801 863
195 849
489 817
432 918
408 443
953 418
478 196
938 695
914 500
357 -43
714 -140
866 93
348 -90
131 90
735 -263
632 341
71 -283
363 288
88 -428
387 663
716 242
454 616
429 55
873 687
114 735
796 426
890 865
172 749
657 675
339 -456
301 -165
332 832
888 -74
755 -194
681 864
151 -5
549 -19
325 -488
274 162
643 -459
852 -306
261 945
850 -319
192 389
979 -187
904 -430
335 153
637 -24
464 -197
912 538
549 589
591 -496
421 415
184 386
170 -192
65 723
51 676
416 -30
560 799
893 -93
1000 519
53 157
361 239
201 -194
582 17
352 164
275 53
830 994
392 -307
780 -316
841 371
327 -57
777 950
920 783
365 381
181 320
827 142
14 -391
330 -432
907 285
496 991
423 -168
3 315
28 -231
163 582
687 -488
368 -465
456 781
843 750
271 705
813 -115
744 891
457 227
886 961
587 -239
190 -269
635 -136
239 -3
829 46
269 999
392 419
58 245
696 -457
840 736
646 -331
986 457
869 -397
560 977
504 607
252 825
167 -401
985 -495
207 -352
124 656
49 -184
862 -336
462 103
657 670
226 231
60 962
10 415
868 690
421 348
131 677
263 -134
350 -122
908 814
771 -268
505 -461
382 836
218 592
390 -388
415 793
123 304
130 314
727 915
199 -268
780 -333
868 -40
849 -303
72 -290
928 115
234 -241
153 -280
453 637
458 11
879 861
768 -465
978 493
910 732
541 266
513 682
101 368
917 984
855 -159
15 458
423 -186
651 608
351 31
433 88
369 46
621 -27
36 108
723 892
879 -421
136 -56
277 995
335 375
32 678
455 996
785 952
807 276
622 770
990 964
300 -328
197 -489
662 -13
675 959
787 321
156 -41
968 -427
75 789
518 -110
994 400
419 -428
346 -103
527 -21
941 -108
115 789
157 -100
765 696
570 577
96 402
206 829
920 -35
324 250
37 -280
169 612
655 -422
722 -279
882 -419
532 148
141 827
88 -364
856 951
136 812
296 -298
908 -432
379 689
344 296
387 347
690 633
447 113
295 -322
669 -115
934 827
276 591
284 934
945 -286
938 728
292 766
476 511
12 112
306 447
16 141
739 -375
953 71
844 392
680 855
411 722
292 908
325 212
784 -197
456 362
563 358
78 -37
9 135
29 -246
771 485
193 742
199 840
142 932
298 -485
4 78
64 397
397 601
582 305
174 321
241 -307
170 783
224 87
374 -458
84 -320
694 816
155 705
268 392
233 851
929 457
929 181
479 568
277 181
886 958
404 254
134 -398
827 484
123 -282
470 586
687 -302
611 544
421 -59
963 286
496 146
403 428
213 -99
416 94
301 736
207 294
907 -339
479 -7
124 944
971 -1
230 -435
405 561
205 -43
13 835
367 116
299 416
196 342
133 -496
246 742
174 -466
988 -335
148 977
708 773
573 -208
949 247
169 515
584 354
234 651
711 168
851 561
732 175
853 529
90 889
188 -149
432 -105
571 -251
798 864
541 623
331 429
455 206
84 86
891 497
203 216
19 -244
586 440
805 473
717 38
930 -474
557 961
177 743
602 243
323 -107
348 183
944 821
349 752
583 742
144 52
809 -260
66 -115
590 -343
154 938
308 693
625 -168
281 -80
257 709
619 526
760 -362
632 21
908 397
964 749
319 161
986 -64
46 701
872 -438
910 -451
571 593
918 223
872 -438
865 -304
833 345
335 -179
458 -34
782 167
679 -483
253 -66
79 69
682 -30
240 -264
914 219
883 660
756 -167
65 311
275 829
21 116
276 768
395 590
420 137
103 -472
876 -53
822 208
799 943
979 683
91 527
231 812
752 247
404 -8
736 792
284 974
20 -391
897 690
400 709
946 91
909 710
93 639
906 325
23 -318
47 877
250 -235
472 21
210 288
416 -306
671 -479
315 878
702 -417
494 166
849 -108
733 -193
162 86
512 834
151 569
867 575
44 750
414 129
308 943
528 73
370 -299
801 -303
509 829
990 888
52 -2
126 -439
713 379
599 109
782 429
604 963
670 58
413 -388
486 -114
807 396
241 -107
445 150
950 768
960 -367
945 -160
790 -324
147 531
919 472
847 -55
378 282
712 550
671 -323
255 877
311 -412
7 217
955 -403
704 -97
766 428
872 -56
465 -141
91 -241
687 17
794 692
188 962
547 -8
760 179
795 -4
667 502
708 -221
699 153
40 -89
150 -234
187 -58
470 91
502 -21
762 368
24 870
916 411
940 247
339 56
955 167
400 869
856 708
438 972
270 842
653 18
433 964
255 373
692 653
680 0
258 -393
7 -67
545 680
448 59
672 -228
13 68
155 -190
369 796
680 83
853 594
640 -387
511 362
730 -221
918 -444
275 -494
776 451
470 -69
13 750
766 -364
306 157
780 894
46 965
648 -419
854 377
712 -24
460 -333
293 -174
569 -33
493 -369
444 166
684 873
384 -276
295 156
411 894
241 44
102 97
295 184
746 897
729 939
577 -395
707 672
936 410
499 982
186 -54
168 -176
947 670
259 943
286 778
920 -127
812 74
133 196
448 744
61 -314
891 199
305 173
141 111
588 278
476 353
137 23
37 159
134 788
336 -460
770 -145
412 -428
740 -73
1 -228
807 527
111 566
911 -159
924 62
829 775
805 505
326 -149
478 762
270 119
643 875
898 -165
516 182
905 336
512 -196
669 221
379 541
934 -314
805 -410
951 285
879 -65
484 -116
370 -475
125 183
482 235
152 -497
579 614
889 -384
817 -380
789 -472
716 437
96 997
923 469
182 216
956 349
954 433
631 589
350 852
812 626
898 -77
101 509
166 232
330 901
843 836
504 -199
423 -64
569 -150
333 302
844 -37
743 700
34 724
916 342
492 796
417 -88
548 425
46 -141
419 901
127 637
654 -94
673 -477
43 166
327 811
98 -68
221 -384
360 -496
652 684
695 -196
487 380
688 -30
493 -244
415 892
332 -98
80 881
67 -476
233 561
473 -68
841 461
438 -458
842 -8
16 -80
340 -129
820 463
563 408
793 990
268 635
605 290
179 289
458 474
60 -320
291 957
321 -418
677 -350
561 504
984 -343
130 86
942 -39
162 -80
606 -340
625 423
237 123
134 -221
776 951
333 330
748 298
34 -168
540 581
397 831
286 356
231 -224
45 298
360 -476
576 534
747 213
177 700
778 222
463 148
757 -228
595 -156
581 275
426 363
718 -378
378 481
27 -247
431 935
603 -446
598 15
347 236
121 -239
708 -265
408 -158
613 232
27 -205
331 -25
872 73
585 -106
52 903
544 263
130 163
408 56
845 598
634 761
355 996
798 401
619 733
828 480
979 -487
550 558
113 844
529 316
706 313
541 804
247 911
995 820
468 828
700 -171
556 376
821 512
844 763
606 225
107 59
385 -219
500 847
317 770
823 77
341 480
852 -385
769 349
256 -185
149 695
333 439
893 698
189 -57
960 259
842 397
970 -193
384 -373
384 534
762 -262
798 219
670 482
208 -406
148 -454
149 74
659 197
537 -478
329 660
565 190
904 645
506 -203
344 546
700 912
120 876
648 219
563 -391
388 754
96 -227
686 -7
43 -117
420 176
667 -93
716 996
72 -139
585 199
227 182
548 -309
424 12
206 635
801 858
153 515
977 391
196 224
550 -146
983 313
42 321
902 863
378 -409
26 -76
71 411
276 -329
905 -459
458 -240
847 819
617 667
58 995
324 692
469 -464
239 155
114 -293
618 117
239 289
636 720
870 398
996 172
468 -362
114 -446
321 635
753 533
534 915
12 996
785 119
361 309
937 511
291 248
95 243
389 663
825 867
15 355
17 384
925 931
188 232
921 343
359 123
251 -479
937 -68
692 383
495 4
989 904
649 738
780 -178
162 980
522 823
196 642
459 397
647 85
611 -267
108 25
667 670
985 760
517 534
559 -359
705 622
835 537
326 755
315 99
71 489
468 275
729 749
487 -377
984 513
837 900
615 -190
926 958
524 314
710 704
465 336
365 277
395 -32
386 942
794 982
707 -64
173 416
608 616
135 515
348 -459
493 -391
902 772
129 559
144 767
292 420
644 -286
213 -417
915 333
604 -146
630 -202
801 953
738 280
85 820
587 -210
601 67
9 327
668 699
175 960
216 156
370 64
870 -193
190 947
327 339
571 -342
626 -5
508 548
594 -378
830 174
689 -230
174 -319
773 82
731 843
321 -129
197 315
824 -438
46 187
946 914
130 -331
340 769
498 120
754 68
521 -328
741 -480
194 -389
58 395
58 928
857 208
344 330
119 191
389 -433
897 691
636 797
353 28
750 697
665 601
47 999
570 -225
777 87
365 86
874 44
162 635
878 397
44 27
355 -123
207 317
235 284
626 518
996 301
727 -477
869 615
117 544
54 -35
176 -345
192 198
376 -137
187 821
569 800
551 -303
846 70
216 -267
575 874
561 926
215 879
465 601
19 516
564 457
18 961
356 451
434 -40
780 625
641 644
379 273
90 179
904 904
712 -233
459 -371
321 821
156 -348
843 143
924 -201
685 -81
667 247
734 -41
268 -265
386 31
844 496
148 -15
492 944
745 984
11 -307
536 970
899 490
116 -340
446 404
528 923
845 910
28 -134
329 -192
411 -303
500 806
880 182
490 -493
478 207
771 11
111 585
108 -39
107 763
943 -2
799 -450
467 934
545 706
861 386
39 290
813 236
71 -154
724 903
286 266
588 681
130 326
576 324
184 27
443 903
593 927
155 -341
123 -452
353 476
655 -152
677 432
741 603
343 722
19 764
272 62
521 123
658 922
913 880
112 483
701 451
491 -227
208 961
407 -47
947 747
573 288
360 480
625 -221
599 -112
559 931
237 403
867 -448
61 437
292 307
504 -140
951 935
526 -411
186 -438
748 722
149 140
92 -417
188 856
158 214
973 600
648 454
980 -429
17 -490
366 720
213 -250
855 -311
344 392
589 -375
871 252
227 315
763 330
875 123
744 395
361 -217
908 827
549 -355
698 650
577 119
820 -222
348 356
181 363
477 79
534 -429
632 -428
726 391
817 -347
188 959
312 -416
436 831
719 786
483 576
812 866
435 443
560 659
729 -467
353 469
505 183
710 570
150 -244
62 323
659 -230
119 737
638 791
304 -309
854 366
679 371
871 -124
748 -299
73 484
19 666
22 -409
494 131
261 573
154 366
485 900
721 497
674 -26
235 -293
525 931
683 516
920 2
338 -97
372 -445
53 716
695 65
484 685
115 -114
592 -269
444 90
478 100
883 -30
52 -42
768 370
627 918
354 427
693 -418
566 -148
872 391
413 -441
370 219
365 371
353 -375
458 892
922 591
12 307
676 405
751 679
720 943
739 746
633 -233
623 -479
623 190
751 916
900 686
279 153
824 -386
19 949
449 -188
7 -371
605 587
621 203
125 563
304 37
411 603
953 307
181 180
586 -43
295 913
211 345
627 -181
633 -442
203 724
588 -427
324 866
963 791
172 -485
435 47
321 958
232 -250
53 255
879 370
8 684
343 805
404 570
528 971
76 489
479 -124
545 652
6 -375
105 -176
725 658
130 543
840 509
947 919
938 -202
444 -287
110 154
779 893
380 -410
152 908
258 891
307 -236
255 754
154 442
449 -394
220 42
446 -31
859 -69
357 112
551 -279
109 -395
464 -180
719 598
380 557
801 -366
220 108
76 558
578 359
432 779
860 619
783 766
413 -265
605 858
2 19
40 -446
492 975
579 -175
596 132
488 -179
584 -468
972 44
736 434
123 966
232 544
38 -69
160 706
982 -433
828 407
486 -262
742 391
781 -305
147 762
552 -357
917 413
992 547
908 642
45 -84
88 347
482 -409
39 612
685 36
533 594
959 694
185 613
292 686
38 -357
427 -278
804 354
171 814
436 421
598 947
354 818
968 -317
678 -247
91 150
940 138
760 123
943 364
906 42
724 569
898 826
992 111
798 577
137 -470
318 996
859 -120
159 -85
146 809
107 -182
802 110
94 204
459 -335
63 800
235 73
137 -322
377 -368
763 -178
704 351
634 564
284 39
241 302
331 615
15 730
976 -8
96 148
280 142
262 -98
710 -312
344 936
548 107
406 576
348 656
703 -136
189 -117
619 724
609 -21
5 -319
924 40
727 547
473 313
776 337
637 93
49 828
612 244
247 782
176 497
24 -332
657 -274
281 -236
401 83
83 791
256 388
295 841
493 -305
901 38
812 908
83 540
852 -183
241 75
788 610
644 -294
159 268
970 780
572 948
706 160
898 -273
265 -289
769 -114
616 29
612 394
694 760
462 237
293 660
591 617
952 792
495 -436
14 979
497 -372
769 404
601 -169
780 800
278 609
26 753
679 371
420 641
292 926
464 66
979 457
269 726
289 752
665 431
969 280
910 118
331 20
692 -255
420 427
244 88
821 539
194 257
917 761
144 801
349 825
460 700
867 777
240 402
873 -49
204 123
21 -230
437 -313
353 343
297 82
950 578
173 800
220 327
695 -315
539 -275
606 771
160 553
177 245
62 977
661 -22
691 34
18 774
529 237
366 553
309 832
230 -440
245 -198
818 387
573 459
331 705
476 971
387 738
263 -414
952 178
460 270
88 -441
431 82
425 391
618 835
643 324
167 31
551 962
205 399
804 403
836 428
532 502
60 -265
10 -202
986 -1
596 417
695 330
205 740
487 399
992 626
774 785
440 825
296 423
764 376
518 915
808 949
755 173
18 172
326 496
196 961
616 80
399 113
495 95
111 -376
411 -338
870 801
177 105
767 794
378 617
414 761
828 -433
750 -164
433 705
48 -93
714 -383
636 410
201 -478
874 544
585 510
73 90
354 473
325 -173
579 553
537 147
736 -4
566 701
113 585
40 466
940 -58
278 604
405 272
676 181
278 -471
931 431
629 392
101 782
46 -416
221 -471
518 -12
58 0
450 -214
812 539
333 -428
37 699
441 -303
89 -341
829 879
91 617
386 -98
746 -491
350 363
125 785
780 95
482 129
197 662
110 903
678 454
881 378
328 477
313 177
716 837
541 -170
335 -379
875 902
940 851
155 648
941 -85
941 724
836 -118
122 422
829 873
931 471
295 797
244 -369
731 955
219 942
38 733
578 967
295 614
739 341
837 -166
824 423
521 -295
68 468
468 592
725 847
281 -354
457 214
875 -118
599 298
983 -254
160 730
815 138
516 507
944 921
647 812
596 285
742 760
671 209
780 609
731 -458
85 -401
958 -432
98 -95
858 845
309 -386
54 585
197 386
477 705
337 451
340 685
235 866
972 742
973 252
295 896
486 -499
446 -274
927 -347
670 -343
194 635
428 904
966 769
123 471
359 756
862 945
258 338
899 -359
405 -107
891 282
350 682
949 601
709 698
379 -401
272 720
658 -45
99 323
221 344
617 345
500 -471
377 693
306 164
984 318
25 128
700 -112
332 10
135 151
357 886
46 746
878 15
653 624
795 -316
289 509
112 884
799 550
569 355
767 -328
744 -109
738 732
111 101
203 301
913 658
666 184
822 40
95 256
286 -230
690 -414
873 -185
15 -217
302 200
625 -320
883 334
144 645
195 -354
628 -252
447 781
1000 216
333 -373
321 711
236 -442
857 150
543 -71
94 103
151 968
871 838
712 786
531 600
479 473
607 -400
111 850
596 620
508 911
507 -434
854 309
182 -52
474 189
522 -391
815 -110
11 526
213 -444
572 400
873 787
666 -215
465 -352
89 982
188 975
639 -378
502 979
17 496
418 5
835 754
310 773
327 -344
351 730
63 -448
576 310
429 -407
601 -301
323 885
562 996
261 530
880 775
55 277
170 529
518 304
230 -236
782 -74
535 262
390 607
835 41
585 253
505 58
779 -384
194 635
527 137
257 -203
795 -275
227 649
695 156
713 477
913 -19
696 -42
280 501
205 -177
523 704
989 124
476 269
598 -152
985 -360
465 822
252 -325
2 -345
339 433
50 923
854 -431
278 906
630 87
398 814
401 606
68 714
171 979
884 681
731 907
599 -165
716 274
739 596
314 100
107 401
67 -389
784 -62
49 552
561 157
29 460
184 846
171 756
210 759
839 -49
600 356
617 388
677 -161
606 184
431 202
774 848
93 -33
6 679
977 36
117 740
745 220
415 109
16 -391
0