5447
941 194
502 803
456 -389
688 -85
143 86
342 -77
264 -349
39 50
613 591
930 571
409 167
176 84
71 871
507 662
432 -321
976 -4
660 -199
307 738
260 839
274 981
32 433
882 249
246 682
902 250
417 742
540 604
791 776
12 758
464 395
2 -362
174 749
63 421
688 -169
584 -287
459 -321
378 -311
515 -345
908 -226
92 844
634 916
829 -271
515 920
357 386
511 286
75 -225
734 538
375 872
703 -266
670 227
317 398
344 169
699 643
320 -442
459 -456
580 393
700 -308
947 58
390 51
715 624
961 518
197 284
527 -375
487 325
163 -298
99 -264
285 518
906 -48
220 -452
84 989
461 -498
412 398
379 -208
983 874
820 294
271 596
112 -278
714 -247
923 216
430 -139
412 58
854 78
906 436
493 -352
79 978
262 773
751 -469
102 583
132 672
628 416
661 880
520 113
898 474
811 -412
58 257
73 20
433 384
548 423
455 -77
920 890
495 99
290 656
505 464
591 756
549 940
115 510
708 510
38 329
729 285
97 -344
490 133
148 -495
856 750
511 845
550 584
230 -226
994 421
520 527
411 -371
774 558
745 213
169 401
633 -190
978 441
718 -443
575 263
756 365
554 -133
207 142
422 -449
14 -67
809 -428
292 146
868 282
895 202
79 -87
970 779
976 548
306 605
655 442
634 87
150 500
335 -359
643 -138
480 895
647 404
764 -238
899 937
120 979
231 -63
175 466
539 -286
79 748
592 998
380 -469
152 -139
304 -318
87 110
94 633
942 517
690 705
157 42
103 -128
193 238
86 -416
261 393
480 714
385 62
573 891
995 452
739 942
492 725
120 -221
608 678
718 394
973 -314
487 -440
312 -119
583 345
580 186
34 997
596 947
241 870
620 392
802 566
661 745
379 373
409 651
827 676
418 720
769 74
161 254
526 649
661 -15
941 54
636 209
198 166
178 275
132 214
482 -66
842 -488
451 -72
656 627
566 379
857 316
725 -392
816 213
900 701
463 345
34 806
346 521
396 260
585 -12
256 -298
438 92
837 -59
616 291
287 276
695 -192
159 114
591 441
343 539
108 -492
852 712
108 405
40 386
19 -309
750 891
179 966
565 455
103 579
423 782
406 52
258 244
127 -33
516 67
911 -113
214 974
259 -159
898 -344
816 21
875 -144
260 -370
529 409
4 266
175 -403
264 584
46 -167
787 -422
399 936
9 453
819 -170
600 6
432 170
536 294
876 792
108 -146
531 -174
3 239
156 -153
891 518
8 8
282 -256
423 346
939 955
724 -322
434 -51
690 531
566 616
517 417
758 -434
277 -346
12 109
70 941
283 -414
802 714
212 759
911 981
953 -471
854 616
481 -500
465 537
839 471
165 -89
960 -263
547 -459
668 -117
647 792
888 -24
110 345
326 808
71 576
84 -51
128 962
387 172
138 481
952 -427
645 385
467 180
326 717
875 856
715 31
209 272
404 179
740 115
100 435
946 -249
581 245
353 647
115 535
826 453
839 -267
280 449
387 -424
949 309
325 -58
100 75
423 3
248 312
716 339
947 -43
841 -399
613 413
564 558
794 -98
269 -235
656 130
305 746
495 272
577 -471
143 -3
807 205
438 -347
182 894
835 -482
131 272
379 443
477 454
865 -74
744 -122
183 -114
487 544
201 675
220 568
979 322
282 239
114 -36
614 308
894 -378
954 829
672 -246
324 888
394 470
208 934
210 618
909 549
717 517
277 683
456 -414
856 -272
526 666
993 341
702 241
2 40
612 942
233 902
151 406
103 671
946 -144
838 609
906 358
503 789
644 465
723 -86
159 975
701 321
973 520
291 -235
862 500
550 80
957 294
612 245
926 -82
259 -181
286 -138
946 -220
746 835
6 -489
558 -322
657 548
438 478
465 -421
210 305
347 843
571 61
419 919
719 256
616 685
850 164
379 447
749 514
792 3
912 -443
236 715
17 -126
250 -331
206 267
361 -405
798 301
634 -294
476 640
90 -66
10 -113
398 969
634 441
501 858
824 157
944 918
640 343
67 134
569 883
203 327
947 -431
607 -89
729 151
925 898
650 432
314 441
68 590
800 549
331 988
217 391
859 723
680 34
686 453
584 -349
864 -160
807 -200
336 896
790 19
682 866
619 594
284 945
961 63
145 484
42 -490
179 67
833 526
949 7
318 -190
528 344
773 -237
770 353
672 683
176 -237
803 -369
136 -186
212 330
272 -98
43 53
966 996
422 4
826 139
708 -371
86 185
329 285
177 -365
903 800
188 987
663 -412
982 680
963 -399
182 619
936 816
238 452
870 979
44 270
1 620
342 -25
763 -38
939 494
976 61
639 -459
166 -429
489 -489
499 767
240 660
224 -292
212 577
441 919
377 395
35 430
548 983
182 -431
264 886
875 40
526 -403
949 424
140 552
979 -145
57 279
442 328
75 -73
55 797
665 391
45 -316
874 502
846 -119
876 400
305 768
398 -28
864 -244
767 884
588 503
40 -330
880 -83
415 136
851 644
906 -247
375 449
54 416
718 607
230 -207
365 455
398 -64
339 544
360 803
369 373
647 -494
874 83
416 -147
483 -217
577 301
525 -361
542 455
979 670
443 869
311 -384
786 725
368 991
345 877
144 376
419 705
226 735
551 638
954 -476
807 828
662 -119
323 -498
806 810
277 -348
209 667
224 508
570 -170
723 -467
717 537
424 -399
280 135
157 -367
126 -31
26 -455
667 -263
687 877
336 -108
404 483
732 501
934 97
905 422
819 280
610 204
57 -461
304 943
208 125
144 382
853 459
337 767
17 645
310 638
615 251
56 -476
428 -393
420 480
201 -198
980 -34
23 -283
236 726
405 217
710 808
271 24
658 251
177 -288
696 -377
622 919
636 183
470 -465
620 -131
954 -487
72 -269
877 136
539 131
570 948
307 539
593 -302
426 -208
349 39
102 -432
722 -436
686 401
916 562
204 -270
867 768
177 373
793 270
573 58
43 117
249 763
85 -452
835 985
748 242
663 -499
51 -359
998 499
639 -28
685 -370
978 953
837 903
139 -482
777 -405
626 910
662 200
524 -54
88 691
177 -311
348 181
87 999
141 -38
213 612
94 179
933 983
802 806
739 968
463 490
6 210
641 526
707 991
799 13
481 587
396 877
112 -500
478 -51
714 453
181 490
285 292
331 714
859 971
952 -56
871 135
259 980
497 329
914 816
42 746
31 -404
743 701
714 826
961 -8
317 707
347 -240
959 870
883 -32
485 519
174 616
398 126
161 38
192 897
131 -218
784 -282
39 -321
677 -406
436 -331
11 -26
425 -161
147 44
689 786
696 -98
503 339
170 929
880 -129
12 -464
527 360
36 -187
322 599
621 52
696 529
465 -163
663 724
110 481
384 909
313 606
608 -111
823 -350
398 358
516 197
663 697
704 -446
318 138
993 -165
253 646
440 510
856 -220
341 148
144 -329
409 569
26 827
408 851
608 503
977 739
425 485
578 667
212 523
846 416
29 36
587 -330
347 277
216 144
845 562
289 728
341 510
744 216
888 74
121 370
754 -194
897 -194
490 -490
399 84
486 -312
222 329
792 794
423 -353
213 90
907 327
533 -246
25 -493
646 649
402 748
118 -294
365 -177
309 595
86 -338
301 -443
496 -325
346 490
66 15
418 133
962 346
273 720
231 312
61 258
894 355
796 607
64 -191
320 508
117 -317
971 238
309 -488
548 175
890 798
471 250
617 537
490 322
37 392
448 177
527 -418
733 -208
254 391
71 273
283 315
662 713
696 571
134 -376
391 -182
489 787
341 855
613 640
331 548
738 513
413 747
696 710
402 762
116 -230
408 302
190 -464
737 -12
159 -403
883 902
615 599
420 -53
319 731
71 -169
495 661
344 -267
602 856
597 671
27 -348
702 784
530 765
697 428
76 -292
711 -282
25 -35
225 -114
470 598
741 -324
6 -385
884 -247
180 -303
979 638
256 226
405 342
742 -60
645 659
160 43
389 820
768 -228
263 -234
511 717
725 551
825 40
844 546
344 -486
839 626
615 501
6 674
657 136
409 201
94 -425
419 460
466 848
909 785
627 -278
113 -59
575 943
196 337
806 506
492 60
422 -91
838 -19
405 893
265 906
327 481
607 -351
743 -301
746 157
317 -435
216 397
630 85
13 -90
302 290
730 -426
929 636
366 -257
807 459
372 999
738 -87
663 -117
447 908
141 623
140 864
848 -55
916 68
343 875
916 -258
9 -131
806 834
625 -101
555 -489
990 17
703 307
201 980
230 545
515 761
226 370
396 622
529 381
994 -277
462 24
691 -364
490 195
159 -344
273 883
589 461
204 -213
891 -7
701 817
158 814
423 590
192 506
100 217
58 162
273 183
795 480
86 -390
86 570
4 550
341 996
789 136
685 161
639 -244
822 -434
670 650
984 885
53 -380
614 -101
754 348
891 657
181 569
841 60
558 518
302 960
246 740
331 610
472 287
865 424
739 -340
33 -87
32 972
181 483
744 815
733 116
643 766
66 205
55 670
441 684
1 153
916 904
381 960
886 -247
13 -284
76 -410
527 468
542 116
583 310
472 471
639 -329
402 -463
956 -109
898 213
613 -148
561 256
665 363
347 -194
43 692
554 508
270 -100
384 -183
615 529
12 241
2 639
985 310
253 -352
775 202
613 773
734 -229
617 731
382 329
957 -57
963 -402
642 -11
82 579
792 -343
738 87
211 911
924 721
336 113
518 428
281 646
208 458
42 -33
40 926
268 -83
717 -339
814 282
609 946
26 289
181 554
101 365
670 -325
237 767
398 458
523 -165
157 -94
298 865
91 356
938 374
3 324
112 582
177 484
729 -350
68 198
543 -496
85 584
893 30
553 68
391 4
541 653
373 381
415 -328
582 449
867 -129
192 834
593 704
447 691
680 -93
363 63
363 -187
505 890
11 -81
267 906
945 158
97 30
546 -106
503 713
62 -298
948 191
948 930
809 83
341 695
159 413
402 979
44 174
420 897
640 -256
658 193
733 -420
369 -33
653 87
257 304
397 -148
744 74
417 530
752 -402
78 -353
71 399
409 -301
196 534
842 279
387 -72
614 721
677 114
363 553
567 240
233 630
189 506
750 982
320 852
696 275
236 162
323 -124
471 625
613 630
337 -461
269 -391
597 923
55 217
236 -289
826 -332
273 -47
793 -397
938 211
919 710
770 703
763 -38
521 -216
388 262
353 332
528 689
218 -352
723 593
336 143
41 564
858 -328
550 440
381 664
697 141
651 869
582 951
856 -407
202 634
18 -58
943 993
580 614
279 -237
751 774
37 315
330 351
881 387
868 -243
172 -496
317 702
990 489
559 487
970 -129
688 139
582 841
550 170
255 -325
30 -444
282 -133
649 889
390 -36
214 723
251 453
288 885
88 429
453 153
595 763
283 490
958 207
322 736
332 -122
927 136
169 864
280 -106
365 -146
912 628
716 -130
563 501
799 714
732 155
845 599
238 514
674 -200
641 976
642 164
815 523
595 561
516 138
345 -95
911 187
518 964
161 723
993 77
320 290
209 -110
936 334
600 -384
818 664
666 723
139 106
387 521
569 389
532 427
627 83
223 264
475 758
972 599
544 213
750 831
458 654
165 502
465 985
422 138
126 -322
576 86
812 -244
301 -162
34 72
945 -31
687 84
624 171
707 -198
845 -283
344 802
371 234
337 642
726 202
670 44
327 954
349 -75
546 -154
127 528
100 299
500 776
877 515
139 778
987 723
345 -69
64 49
510 26
258 312
352 81
969 430
693 654
241 689
970 451
320 290
487 -433
172 -467
914 213
730 335
856 -119
442 743
561 33
111 345
666 860
289 -233
865 687
628 79
582 771
822 -396
373 -260
822 -168
180 -25
297 915
823 -129
159 824
486 -422
973 98
489 637
1 -417
175 413
792 905
78 932
476 526
511 -216
281 506
248 213
845 -172
153 535
206 -266
490 468
414 145
859 -350
463 340
527 -63
687 475
25 -436
909 -3
214 878
183 -395
789 359
500 718
721 25
188 -187
656 -352
251 120
405 90
577 -185
610 -208
831 863
258 -384
921 4
959 489
651 -93
867 -58
773 -440
302 318
565 -392
931 526
839 62
33 -300
639 109
532 412
632 464
838 -98
603 269
528 728
257 -431
784 447
972 142
423 -263
386 88
854 18
576 765
302 852
780 280
38 962
455 -464
179 252
55 769
861 959
333 251
497 -90
85 178
53 -99
413 12
706 -52
891 7
205 895
546 160
676 14
282 658
884 -60
958 976
396 700
274 225
429 642
311 647
514 301
20 -145
601 396
265 -349
62 -475
155 -125
706 -72
331 838
755 890
753 171
467 203
894 912
428 320
26 -235
114 -78
422 -313
535 -450
289 938
845 276
306 424
602 -269
89 559
43 197
577 396
927 901
65 -143
605 -253
609 -463
537 497
940 -35
800 615
262 -181
301 -184
433 183
534 -188
754 -252
756 -445
847 -447
647 -27
613 -223
719 727
526 -59
74 346
518 -448
532 824
604 101
618 847
264 -204
682 -125
753 846
160 794
710 -39
529 340
473 593
675 -265
739 193
179 242
321 89
806 663
663 405
930 681
937 -392
159 811
1 954
456 -295
819 790
957 977
181 -315
604 833
31 -483
530 -383
682 -187
307 814
392 -328
74 102
128 -253
805 279
717 -239
753 -451
55 949
722 703
366 22
808 -435
53 -111
496 303
156 710
504 352
403 351
147 366
414 -78
952 607
934 634
592 -91
351 5
823 977
640 821
864 371
973 347
611 -194
901 220
375 899
22 364
597 781
379 239
474 671
77 -142
575 126
979 288
255 966
969 722
868 618
801 -235
877 73
679 -264
412 804
127 988
456 305
748 -492
604 1
255 581
31 714
962 835
845 434
44 921
119 569
219 302
260 830
645 154
179 880
609 -144
54 804
658 -368
50 606
673 937
72 164
753 11
375 -414
360 46
963 672
649 564
684 595
305 900
417 748
792 671
887 733
803 852
846 536
146 438
75 710
313 -368
824 -439
366 -425
405 -227
224 360
288 402
510 803
944 -425
642 -284
493 -333
423 619
55 813
923 -15
859 742
8 874
762 -310
723 500
506 594
247 379
47 917
19 714
946 617
493 460
503 653
263 383
65 97
742 -137
341 714
178 -342
122 -208
711 590
777 537
230 -480
793 149
297 937
620 474
854 381
601 145
943 787
789 345
994 977
226 294
621 -412
567 35
990 594
786 -58
849 -192
286 860
592 493
59 853
585 294
238 836
76 973
393 477
161 340
351 -99
612 586
386 961
913 596
523 -334
716 630
610 -29
797 406
464 424
822 629
744 681
590 550
167 447
838 276
767 195
726 252
407 169
687 814
226 700
810 539
733 -41
756 -2
217 -129
524 -193
991 -373
791 47
621 -452
786 522
822 9
823 357
367 766
771 -158
506 700
161 322
181 -380
448 488
824 743
554 36
404 -340
605 111
367 -439
180 481
390 -103
926 -98
192 977
487 -131
550 520
522 -192
88 919
935 -16
719 -379
670 -357
892 -46
235 144
794 -35
890 656
381 0
817 -170
154 -356
485 532
741 790
725 -482
150 -209
549 977
698 53
49 -388
21 383
967 420
11 316
47 417
436 -293
341 590
31 227
561 -381
890 615
853 297
281 63
133 522
621 464
104 409
718 -397
200 -313
74 873
857 -107
720 147
717 259
392 -281
148 212
441 632
537 -23
687 669
568 285
134 115
952 850
847 831
211 216
297 857
921 266
616 -436
988 -468
61 891
276 792
355 -465
316 679
961 913
61 -386
407 397
775 159
813 -424
439 -223
594 -267
792 946
100 438
816 661
917 657
323 -294
801 478
645 -25
657 -48
238 46
176 129
296 549
133 235
286 286
858 -3
827 -366
420 -275
971 6
205 -396
595 -303
810 826
479 25
637 -93
830 -227
71 338
421 538
573 654
250 -404
281 418
232 433
172 827
799 150
372 -186
420 408
884 464
838 561
373 -263
922 -144
88 686
854 528
937 700
448 -120
933 74
17 127
927 807
146 -37
465 351
965 242
653 -36
495 392
186 189
664 957
499 472
290 756
58 81
497 -54
994 207
144 961
521 26
237 890
597 937
589 979
493 705
714 573
971 408
218 -332
318 182
920 350
81 -393
399 -253
295 367
323 573
910 -381
92 70
867 654
93 -199
401 259
5 -79
350 83
718 -370
86 -146
68 -56
3 -369
830 -312
203 635
779 915
934 -144
652 761
737 758
881 250
222 982
693 123
124 474
957 -237
604 81
922 707
468 947
873 795
301 814
132 479
123 713
350 639
541 905
777 94
351 -103
67 -36
227 142
216 -494
99 -147
726 108
688 828
917 514
458 -450
949 -204
814 -8
298 -223
828 203
254 -105
95 265
195 466
455 -252
358 -43
114 -51
884 -303
921 -121
406 -180
98 787
438 88
906 585
395 528
143 468
957 969
281 613
837 -301
253 548
932 -312
303 418
420 221
377 327
197 968
892 662
398 483
359 -443
596 169
196 795
860 -449
988 124
444 17
177 123
48 668
721 -141
913 -163
727 -494
408 884
294 -248
561 826
34 458
638 -490
297 278
87 -184
329 -100
326 738
361 610
408 668
487 107
936 -110
484 -71
930 -8
14 168
89 400
267 -208
656 896
676 672
25 -327
479 -82
350 171
540 340
64 61
785 745
809 958
41 386
50 -343
41 968
210 202
330 515
72 101
207 181
810 222
663 344
999 -466
862 -365
716 459
798 -145
651 -286
995 408
528 2
842 -387
638 -247
40 -26
364 -165
748 799
472 -438
585 638
752 211
824 -497
536 94
884 461
824 -302
662 257
840 30
202 490
304 -266
227 522
603 -218
86 -482
349 -73
740 379
653 820
477 -445
816 -483
779 -226
26 153
800 598
420 -91
10 344
916 418
50 861
897 305
564 402
21 766
756 -286
790 -447
159 225
120 -460
715 383
440 892
830 498
878 206
74 -159
916 164
758 594
517 564
566 -9
364 151
433 201
514 364
464 476
256 63
195 232
743 -28
164 -468
987 483
152 -112
312 -332
471 -123
848 660
383 565
581 446
51 917
636 530
694 355
533 774
211 -92
951 728
134 200
64 989
186 509
250 806
626 -466
391 434
729 992
810 14
638 615
398 547
955 138
421 170
974 489
649 947
106 -152
308 510
386 -198
888 354
17 -398
812 199
272 42
573 338
361 -297
759 -78
197 -116
777 171
133 544
847 347
231 -53
751 -36
409 854
265 229
708 -324
549 -69
536 522
143 -270
104 -337
933 584
215 60
114 935
308 165
730 -228
648 286
830 -490
414 291
702 -486
485 -401
519 571
333 731
988 -397
142 190
292 829
667 -161
461 649
829 325
922 -253
154 564
919 -450
480 414
686 -376
685 272
63 -431
79 658
566 -260
771 -452
915 466
699 905
990 20
834 781
778 -427
138 23
571 495
580 358
560 236
113 282
806 489
180 527
473 -297
770 32
497 980
396 541
750 378
953 130
378 130
683 644
970 -330
509 211
101 104
514 727
513 -359
114 153
380 -280
477 -320
717 14
890 72
262 632
453 185
592 -237
340 870
867 -53
843 246
962 780
97 113
877 -477
996 -474
69 511
948 936
806 62
22 331
721 939
590 -40
392 312
398 -280
278 596
632 803
341 988
694 427
687 -103
495 161
652 -107
611 396
889 370
395 760
812 753
581 306
710 -87
859 -32
846 557
63 -102
870 816
275 363
20 -91
214 821
28 -194
400 -481
263 131
116 536
904 730
764 -439
294 -303
398 281
894 -30
101 -385
874 -364
602 504
767 598
570 751
794 610
531 556
727 -43
843 -360
189 -428
348 -498
330 910
903 672
131 732
354 128
589 -269
223 617
182 -196
532 -6
896 -202
350 479
404 696
382 357
256 942
698 575
374 656
886 426
242 195
122 470
863 925
742 965
119 487
654 -429
977 703
506 404
881 -68
723 -169
262 -50
619 441
159 -244
263 563
980 -111
671 -123
858 958
248 -273
902 662
916 -35
154 -197
797 -17
351 726
710 65
590 759
773 355
64 276
98 732
799 291
316 -467
790 167
713 538
229 858
479 145
283 276
979 160
676 596
197 171
334 803
361 -408
884 307
462 975
648 660
978 46
440 -230
175 -83
213 950
681 643
499 243
505 655
465 -398
764 677
20 -350
921 462
983 976
613 259
637 -398
916 503
735 966
653 654
819 829
217 299
214 482
521 303
774 904
226 -37
120 -422
658 237
244 992
980 -131
503 547
853 618
278 490
221 -102
688 734
54 31
477 377
914 983
710 229
181 -42
713 236
804 567
472 604
700 -262
890 612
658 160
953 131
49 -292
787 665
192 617
281 -332
594 694
701 678
169 939
273 -386
872 262
996 -254
469 412
195 -189
588 -335
935 292
107 231
63 271
18 549
645 704
815 -423
415 679
842 -204
716 991
176 462
883 315
616 -390
316 151
455 -310
644 -329
203 -391
790 -88
541 -293
624 54
323 392
911 285
992 -482
672 -236
357 754
345 29
84 631
512 151
339 880
749 691
846 891
352 144
660 118
917 204
705 567
756 913
663 964
660 419
231 782
39 571
333 622
68 -191
256 -39
570 -80
329 -418
334 984
525 365
782 -457
472 579
607 -326
480 120
534 696
236 -157
72 120
559 -476
736 394
979 -37
350 812
286 83
161 512
104 539
879 381
769 893
998 942
845 -406
27 984
838 454
220 -323
257 783
281 587
303 235
474 -369
741 873
806 784
804 457
201 688
892 533
572 454
437 -443
820 716
845 -146
584 721
393 805
104 987
355 -476
772 209
964 -217
99 587
330 342
946 646
388 -118
186 -101
931 153
731 44
296 -357
900 -500
511 981
77 16
948 571
553 880
693 804
196 -288
984 -417
929 -454
805 -330
101 -216
492 968
964 430
82 85
859 707
260 -346
311 572
53 -266
72 -185
882 -181
245 779
842 -373
777 858
140 -261
323 881
682 806
697 910
551 -324
222 -139
594 -330
627 -4
244 843
765 545
913 138
278 469
134 -487
800 -392
719 308
216 280
641 250
226 441
613 -441
816 524
259 720
1 866
958 360
506 495
904 609
385 689
148 98
506 925
208 169
90 106
841 -162
953 685
973 -168
964 535
828 364
232 800
826 681
19 705
606 -10
682 772
102 382
335 979
370 -390
545 -453
38 443
795 249
655 1
594 819
14 916
690 -302
984 198
310 -99
872 793
355 -267
939 882
260 5
969 520
825 -457
558 942
638 855
567 968
244 932
270 -470
46 411
364 348
51 290
517 161
142 -232
352 -265
365 488
906 974
712 -231
462 -388
530 188
131 800
465 831
250 898
846 261
121 194
15 30
418 267
423 809
829 966
29 452
395 42
848 -499
350 -492
90 -275
274 -367
338 319
575 -484
844 537
402 65
782 355
834 -347
350 -48
112 -115
146 865
287 450
763 980
824 -253
971 42
802 -316
835 217
399 431
677 207
278 -295
456 154
671 -441
45 -179
222 -230
914 417
718 774
662 892
421 671
76 915
94 234
425 176
211 869
219 674
501 691
681 -289
913 582
201 -258
823 618
724 279
161 -145
40 307
360 428
357 -489
633 102
902 700
89 589
70 213
792 42
89 -399
715 46
697 36
297 156
894 706
279 919
522 72
285 746
511 -447
424 310
736 -290
162 -103
950 816
378 971
173 256
865 -349
420 -343
216 -161
721 721
610 189
589 -281
88 74
489 -204
71 802
372 744
623 762
926 633
847 -41
329 -401
877 560
574 276
387 726
24 603
362 674
827 257
647 964
477 809
336 -29
974 789
737 805
807 -442
313 392
954 303
825 324
662 8
821 119
303 357
67 -477
748 388
640 971
874 769
872 334
554 -214
34 87
585 498
632 891
647 533
800 314
27 448
578 828
652 -256
639 87
55 -269
39 916
994 92
944 229
159 -487
468 -22
361 632
340 88
422 823
655 346
795 356
586 6
213 -497
267 399
991 500
495 184
958 -362
330 -410
832 18
645 420
682 973
566 788
40 354
794 236
670 -105
155 868
183 306
523 713
374 662
816 -409
597 125
363 960
422 249
974 868
104 -373
690 555
909 857
389 694
689 -98
42 168
820 -199
504 800
629 277
108 -50
655 936
987 -384
842 36
353 -485
867 -217
360 937
524 490
14 -72
855 513
176 919
442 -469
293 -479
264 26
189 827
828 20
332 -478
109 438
904 -295
257 806
166 859
676 425
482 293
736 -54
879 -372
440 -144
764 860
450 -208
959 8
545 -243
990 113
918 -253
965 -78
474 -256
209 310
862 306
689 245
446 694
61 -71
170 395
564 561
341 649
448 807
912 99
62 548
230 907
435 -320
274 409
112 -257
639 757
238 925
958 529
611 492
81 54
464 319
147 495
639 -41
225 31
436 398
731 355
60 -264
981 86
752 560
387 267
771 525
703 -28
192 -51
287 -464
69 111
548 -58
74 222
111 -279
712 -112
644 757
358 980
783 -488
285 -251
996 108
92 -258
238 -374
442 947
346 -463
228 657
943 847
262 181
246 339
718 88
8 -337
159 699
797 719
846 40
683 294
168 807
595 633
168 990
376 104
14 -232
584 -321
609 989
584 155
290 464
619 396
159 -276
436 -94
309 509
660 377
687 927
480 -282
577 -313
213 -387
917 660
743 77
305 5
55 552
186 -399
771 792
906 -284
534 86
887 -241
319 704
881 506
293 -123
753 -347
458 -463
988 621
781 644
467 0
235 -290
769 67
237 663
644 125
527 255
996 166
163 751
354 807
196 578
823 -90
224 -380
764 -275
262 464
385 -371
577 635
710 -486
936 710
718 -323
561 -8
514 973
877 502
363 268
120 955
581 -93
859 -108
105 663
542 277
639 472
769 498
428 896
598 -316
607 849
893 393
812 353
677 -362
819 -315
997 -354
908 921
794 555
91 982
847 545
632 450
141 139
846 29
808 622
10 134
717 -232
669 -29
782 -54
770 680
966 718
403 -320
293 665
815 231
766 16
208 279
831 25
331 -430
216 560
369 171
567 -274
221 555
358 589
851 883
870 391
733 78
16 351
635 -400
211 127
248 63
677 37
647 -251
81 -218
365 481
202 265
282 485
373 943
756 415
758 205
6 858
348 767
294 334
838 -310
380 978
182 -295
771 309
347 -187
682 125
799 290
879 956
919 -474
241 -206
653 735
341 803
939 392
922 809
60 -67
477 392
778 246
503 395
765 201
397 87
606 754
45 -61
860 991
913 -21
95 328
264 306
913 -115
330 -342
755 -164
804 651
788 753
596 80
277 787
242 -237
270 -60
582 -88
841 525
259 317
109 319
164 70
253 979
154 432
360 142
989 769
362 574
832 771
457 587
413 570
51 -307
709 787
746 -321
645 -170
20 619
127 -225
917 -359
317 269
994 233
599 105
807 877
700 291
739 -219
448 713
809 -192
496 -383
420 886
224 304
637 84
719 -251
512 544
803 -429
830 -331
271 911
234 -99
797 584
300 905
623 991
795 209
242 371
694 426
749 20
432 867
78 -179
731 -373
305 427
309 -355
213 17
457 -438
793 -250
77 653
771 882
502 -314
483 47
655 204
671 477
631 -40
922 576
410 454
837 635
678 826
80 336
242 -136
941 -369
192 194
654 -184
621 -234
209 65
160 -105
282 -140
259 612
344 138
51 -96
504 660
615 467
557 57
525 876
335 -281
63 707
991 -448
754 295
547 45
702 401
113 -220
754 -138
351 295
679 430
914 -7
256 465
963 -44
590 -449
503 -26
142 558
293 53
446 753
468 -375
312 -93
757 592
44 -130
716 264
980 645
918 -126
477 270
335 635
763 496
533 -176
952 -416
898 675
466 257
421 136
83 859
545 -9
113 858
606 872
786 377
605 874
353 -237
515 -404
580 819
48 794
553 656
766 -261
772 624
900 -159
935 265
518 17
999 198
133 971
971 811
295 -259
756 964
791 -164
593 -190
224 -204
216 233
144 870
505 719
230 261
608 448
504 386
244 654
837 -494
403 -471
47 619
109 868
250 575
364 896
680 982
354 605
447 -459
575 -390
166 878
464 -80
668 -323
517 505
939 621
303 768
476 460
632 734
240 -23
167 688
902 85
587 559
455 -233
185 466
362 -163
648 329
293 409
920 820
350 711
224 691
540 -376
890 347
282 850
64 332
314 23
895 824
31 758
37 48
621 -338
54 35
403 -18
378 -268
394 424
250 -172
666 433
9 758
580 -153
969 -426
29 96
676 -99
470 47
485 408
60 -237
603 -288
1 881
51 615
683 691
179 393
71 61
962 163
28 649
540 571
66 -138
999 922
725 -110
574 -338
378 521
268 397
859 390
419 572
713 916
226 -336
603 430
641 144
788 -242
179 395
435 416
36 270
246 -251
681 27
308 16
133 150
416 372
381 -499
685 659
809 -444
237 604
676 723
4 655
735 327
231 889
14 884
787 957
1000 -380
40 597
488 734
55 103
903 382
548 -202
813 907
531 545
295 -398
59 129
317 556
884 -370
393 989
944 796
120 -118
653 -113
545 -182
648 273
419 615
256 108
379 517
512 -481
516 841
810 52
442 652
949 687
523 195
106 357
858 945
477 -136
128 285
928 966
566 460
164 813
158 -67
317 422
29 758
65 461
298 759
222 -317
389 227
959 -210
349 643
362 -323
262 -165
414 109
344 -41
535 -477
666 229
931 956
919 495
448 46
38 -168
508 772
293 -49
864 -108
665 -214
899 10
589 890
983 511
40 490
316 633
498 50
281 26
473 775
882 751
86 164
583 149
762 756
585 -475
270 702
617 776
117 102
997 -215
64 -375
933 510
197 810
252 -33
68 -391
582 -347
763 703
101 665
215 -301
523 135
240 611
495 483
529 -165
502 806
677 -12
625 -188
729 969
165 34
43 599
738 181
373 542
666 -280
47 205
997 471
127 733
642 356
157 -475
363 -19
167 892
326 752
90 293
837 308
583 -446
114 324
456 -177
558 -54
306 371
27 160
973 97
89 997
474 926
287 -395
636 585
858 -32
16 661
484 -29
900 667
406 -226
31 624
854 -74
312 989
869 46
310 662
71 253
716 476
684 -133
823 492
323 -416
296 -77
652 675
187 48
649 645
75 42
798 744
487 753
179 111
976 729
654 414
439 598
173 690
791 752
785 590
964 -401
404 -299
688 324
14 -410
377 375
524 919
886 -53
551 577
230 828
443 135
568 943
648 679
168 -361
736 -97
86 421
333 -158
33 -133
356 601
99 278
289 526
856 -278
785 490
192 133
558 794
330 -101
149 488
62 838
473 303
450 782
552 517
798 -23
270 204
964 -458
798 -254
714 697
711 725
68 622
472 503
585 472
423 -402
303 745
475 998
264 -249
996 -68
143 -202
686 -58
801 893
641 405
666 926
865 558
577 -308
271 -395
689 919
68 -487
996 -12
517 -9
327 -325
673 931
680 271
614 -272
425 965
167 197
497 851
289 -156
197 946
556 523
303 9
419 7
837 735
937 -227
492 471
831 49
301 474
999 -231
381 -230
201 -16
904 -25
894 -49
618 -254
796 496
217 344
969 467
335 111
486 302
272 246
484 713
96 -368
437 386
524 -256
280 917
50 687
339 -479
694 985
499 112
709 348
893 109
87 832
557 489
872 612
465 146
729 396
869 383
791 -409
269 -61
623 503
107 852
279 331
840 -234
61 529
217 -59
300 13
385 787
913 241
621 117
672 618
89 -101
148 79
985 436
654 288
184 507
934 229
817 834
879 75
441 -321
139 -414
606 -196
626 116
733 348
349 166
489 383
525 -302
157 758
848 459
324 -412
917 65
316 555
472 -221
379 815
594 316
965 -445
625 -445
824 976
704 521
713 408
38 123
645 235
397 275
472 605
7 -324
936 -498
649 908
274 746
491 291
700 -286
291 -366
882 250
451 22
595 409
100 603
928 444
370 143
846 808
122 540
240 -37
686 128
935 -373
908 502
888 -490
478 -82
136 239
441 -217
945 329
441 -117
218 281
348 544
193 -56
903 -123
638 49
447 -173
813 588
137 96
386 -289
898 -228
484 -368
754 349
650 736
814 866
74 513
483 945
434 377
562 921
674 815
871 -127
72 206
587 711
860 355
229 -54
20 537
831 55
460 -409
758 467
657 887
484 -272
796 372
263 -349
422 -35
623 725
914 280
597 753
693 756
757 393
565 879
740 490
184 647
625 789
270 -168
454 -387
300 462
407 811
172 670
434 756
457 754
603 -366
176 86
697 762
2 625
596 -247
386 161
575 689
5 953
848 941
871 210
927 476
554 -416
150 147
102 -93
177 818
690 11
839 -250
484 773
4 17
246 -476
135 -90
214 -407
316 561
919 -183
953 810
87 -423
714 36
676 606
676 502
961 670
8 991
403 842
211 306
687 20
16 851
588 -375
198 -344
608 414
644 905
797 74
544 332
443 843
533 -54
760 603
630 895
652 -486
962 717
785 746
527 967
783 -470
526 710
544 -251
157 582
272 -480
293 795
873 825
470 -363
255 787
33 21
762 635
860 165
584 377
963 307
710 -246
356 105
330 -495
963 837
419 -348
319 972
946 143
808 -391
604 609
551 -278
142 696
324 -73
220 840
989 263
687 428
230 661
246 45
441 -32
993 870
16 608
297 584
624 681
506 -103
199 -20
91 -308
977 241
947 -90
721 580
584 -103
533 -392
903 503
507 610
359 990
976 -88
26 -79
168 -42
450 -333
678 -123
173 678
507 593
446 567
985 -121
943 -451
537 189
279 95
757 4
823 -334
166 -10
324 -476
626 353
238 802
487 384
763 751
260 111
315 753
58 -168
455 406
889 304
860 493
976 -16
97 841
237 37
473 378
250 -98
717 291
422 -155
554 43
372 298
342 604
462 717
559 665
495 -241
400 -359
601 231
589 -146
520 -253
746 387
329 779
186 -450
670 818
436 717
616 -493
244 -494
52 117
674 301
95 440
550 -269
848 -472
279 -176
609 658
882 -427
677 515
986 989
935 139
940 684
682 928
632 802
916 839
8 924
782 -389
525 719
86 657
360 518
296 -369
74 679
946 -239
993 331
97 -214
854 645
917 -388
943 858
382 -18
33 661
66 -287
42 77
802 -304
150 -492
928 719
473 767
607 907
462 510
646 709
401 830
623 668
194 671
704 138
120 917
658 698
855 553
438 578
351 861
500 424
246 257
474 -207
27 -13
291 254
613 291
410 774
616 -335
901 241
54 72
93 30
84 -113
721 -357
504 491
130 285
60 286
474 -421
387 -415
292 -30
628 539
995 721
691 -408
693 934
113 865
252 977
342 640
497 386
530 -251
126 808
237 960
832 456
438 182
35 -162
240 608
144 -447
154 636
165 502
980 631
413 943
429 919
888 537
61 306
918 -420
959 186
755 -3
43 398
923 -303
468 -209
62 270
61 54
903 656
520 339
895 -252
554 -186
578 -307
791 787
521 -89
307 777
59 -360
223 565
129 902
516 -153
902 852
63 -143
651 310
888 799
193 443
664 268
48 31
566 705
949 939
65 -456
978 428
592 959
426 145
265 -423
300 533
737 823
224 -210
431 163
235 938
774 -186
214 -391
651 -422
624 701
696 -326
351 96
70 959
826 684
310 -425
907 929
690 -416
855 160
94 -307
965 350
157 470
263 -278
384 -261
420 506
901 -290
976 -55
167 463
117 821
302 678
874 293
233 712
388 520
632 -34
589 -252
578 182
481 474
636 547
338 -353
190 905
357 -249
866 71
681 794
822 -409
737 564
801 -157
623 958
726 -287
269 -303
701 -270
951 371
778 497
817 909
881 168
77 886
200 64
414 -357
178 988
408 669
155 906
570 400
354 578
483 -72
710 -317
811 568
628 365
125 -199
946 -431
688 931
540 -362
816 566
148 -488
81 -56
977 837
875 -303
777 -251
176 -66
333 -378
383 28
921 520
322 815
359 891
176 -468
147 773
115 629
979 345
913 955
161 88
718 412
677 379
20 165
28 179
544 270
564 185
963 831
563 -332
831 504
178 -248
654 822
924 -147
144 826
161 15
444 742
965 848
718 363
853 -258
475 -25
591 240
445 -106
778 -410
585 491
759 -449
267 13
129 -500
495 -261
22 -113
269 510
437 650
437 -260
229 445
194 23
606 568
950 725
995 62
229 992
649 778
418 415
87 400
115 -233
322 594
845 528
101 -68
873 -348
839 -411
444 588
114 532
337 150
401 269
523 422
820 890
166 68
965 259
820 -338
800 -401
64 164
72 500
767 916
21 -31
664 473
111 -337
541 962
163 510
169 -277
752 324
231 649
226 -141
487 -417
455 -409
903 500
129 966
520 302
824 46
271 -288
363 946
917 990
494 185
906 449
248 -136
660 -79
554 14
628 -486
282 -11
31 -73
420 902
508 649
468 -151
318 224
980 -56
200 76
579 952
219 339
18 557
620 885
164 251
50 -416
904 803
650 616
599 -51
500 936
338 -406
907 756
447 998
956 -247
589 -313
109 502
623 136
72 420
349 950
721 367
650 -430
244 -330
46 616
234 99
672 736
405 290
124 749
797 608
573 906
107 226
591 680
664 975
169 377
353 680
737 228
56 173
753 703
320 974
780 867
324 895
150 836
602 -95
798 662
6 -54
734 -118
460 767
191 528
844 990
289 -235
917 -291
366 227
618 143
358 -237
646 489
469 831
277 202
569 636
444 819
203 380
12 751
675 -148
705 139
22 -442
693 202
466 -287
83 -79
330 354
677 270
483 665
156 865
10 -52
109 462
23 -460
560 -135
690 763
214 596
904 -289
341 -266
922 836
837 -223
436 686
319 2
63 752
776 71
927 473
169 -247
865 190
245 421
629 -64
12 777
922 751
968 130
700 870
172 -252
238 98
252 -333
129 356
247 1000
939 270
454 567
13 90
834 -367
640 83
393 753
916 173
992 447
459 -82
867 794
139 -429
217 530
64 912
659 -242
332 910
73 58
197 -327
903 -130
364 219
812 -394
892 -19
77 984
467 274
757 -360
867 339
58 -109
984 435
578 814
943 870
51 503
198 -373
981 16
915 76
78 -309
581 -342
459 -310
423 543
377 587
329 674
728 240
569 807
94 368
418 212
328 -468
914 -150
331 242
563 572
786 73
44 839
371 -490
287 116
314 556
844 890
933 -139
80 588
738 916
776 776
877 -346
931 229
378 62
703 324
397 348
177 -237
128 43
90 567
856 232
631 422
187 895
678 781
64 82
544 295
638 536
863 390
711 129
189 999
172 595
972 -319
244 346
574 974
255 -342
4 -489
976 -121
268 934
172 -298
267 -426
517 211
315 -183
839 890
311 408
454 707
896 -346
942 397
249 381
104 395
605 370
136 219
298 -239
378 246
37 -258
933 -365
773 579
894 63
556 606
993 164
955 -71
160 134
79 987
863 -372
657 665
401 486
446 199
708 239
294 966
914 -87
91 388
449 936
135 467
151 838
765 895
236 580
891 463
217 -387
360 851
808 75
453 532
308 527
612 48
350 72
430 360
504 -160
650 359
394 -150
883 199
755 299
993 161
253 -235
593 -20
792 -216
533 26
362 -406
695 -206
365 611
849 520
399 631
781 649
266 643
284 732
96 -76
858 86
834 621
875 737
906 -144
839 777
359 -146
153 290
776 973
174 547
882 282
862 -458
16 -465
840 509
114 543
312 -494
803 -147
475 913
218 918
496 888
371 451
767 -299
372 -177
970 897
582 585
166 842
28 36
335 -152
856 -417
97 -467
900 531
491 48
507 837
107 300
530 415
731 382
95 123
18 390
424 528
432 25
750 311
78 -301
366 -259
458 127
398 -449
682 461
998 -158
383 439
728 -346
318 -4
701 543
889 883
874 247
536 900
373 631
347 278
35 66
542 278
625 383
60 858
730 -100
262 966
181 782
527 -190
284 980
811 -67
470 -82
342 966
288 429
640 -201
142 346
901 -327
296 -475
400 -361
257 -286
553 -492
792 875
246 721
900 609
63 346
621 902
325 501
288 -90
867 302
48 786
969 77
690 -78
563 -161
698 885
126 607
908 375
317 668
755 -375
247 -81
298 -391
121 603
987 981
339 283
169 576
340 126
646 -418
52 116
710 -290
368 -217
239 -325
320 238
28 612
402 493
979 934
264 586
975 351
67 393
661 336
123 -138
991 914
646 230
427 309
945 661
360 467
308 866
482 629
903 506
603 -235
730 374
309 -237
105 -159
180 339
409 -381
18 922
222 90
956 -84
456 -53
743 799
859 193
401 566
339 968
46 983
780 -221
967 -30
23 -4
11 725
807 724
947 -310
794 -200
19 497
369 813
682 905
157 -298
287 963
81 666
971 -299
220 952
392 481
296 -400
721 -477
654 236
732 31
790 -331
85 -187
2 -128
569 87
102 -309
60 73
676 486
484 -321
119 890
190 753
856 -476
351 -349
233 480
787 702
999 -136
893 470
584 454
238 473
845 727
576 328
571 479
781 713
163 390
795 257
594 -265
929 817
432 863
600 526
494 -14
844 353
439 896
633 154
287 324
539 281
932 67
618 385
928 593
83 -274
928 622
362 -466
49 101
374 273
506 316
432 185
301 -286
398 -150
533 8
687 458
178 756
123 -407
283 744
533 -98
619 -167
363 -137
758 851
651 -432
624 512
207 583
505 -217
584 369
273 593
481 433
627 631
673 611
227 837
914 273
530 -265
138 -22
42 399
271 -410
559 -72
181 -458
817 658
590 -468
345 452
226 -46
759 295
383 225
199 -98
259 5
798 194
374 562
251 -493
681 514
748 876
84 -451
48 331
879 119
766 187
718 695
593 583
613 345
85 -445
880 -184
310 401
330 -140
101 8
691 858
634 -433
455 310
443 942
697 -70
942 -172
609 110
410 268
862 985
761 -429
319 783
778 252
118 61
861 -341
2 -351
494 -124
472 705
292 268
461 980
998 -424
104 75
606 271
767 356
345 125
671 24
76 251
473 -406
451 975
224 598
748 -10
259 -368
695 896
175 -397
421 398
185 985
194 78
529 53
234 -430
996 453
591 93
851 119
78 -115
153 192
632 -143
817 211
621 231
14 976
853 413
925 -383
974 771
207 -92
533 -449
14 -293
362 55
749 746
459 200
928 913
797 513
249 564
974 -125
693 31
887 400
278 194
941 -24
705 -275
409 468
811 94
837 -233
580 -265
637 77
536 410
460 1
428 -342
513 667
609 183
740 945
116 -428
850 399
444 -87
792 68
126 162
15 702
891 -108
998 554
944 222
701 668
179 -440
5 -367
583 169
640 144
956 489
529 -69
548 -135
116 640
790 -376
230 0
813 -213
833 254
291 -205
772 -339
579 -182
401 -252
194 -99
221 318
48 504
204 676
163 338
505 332
463 226
368 623
478 -14
327 -202
455 -143
784 691
617 -442
371 -425
684 238
958 951
156 849
125 91
552 291
678 682
110 -333
812 647
708 66
609 459
155 611
243 635
417 -344
400 -303
813 -268
863 994
768 -65
969 711
821 966
969 572
895 -262
877 240
307 -165
4 267
259 150
64 -95
169 -191
112 855
52 507
422 -256
438 -481
913 -482
412 675
253 -493
384 733
546 -223
350 -217
163 156
210 29
370 716
176 710
839 270
628 117
368 120
954 -122
622 972
603 -308
321 -412
901 497
883 917
322 144
359 215
953 699
537 861
193 711
714 -124
611 -440
559 429
681 -138
759 692
566 -322
378 737
362 283
431 -71
33 464
971 250
904 714
264 451
805 -112
734 19
527 950
411 68
643 -348
822 -229
540 -9
472 34
144 982
52 14
871 0
831 500
484 219
231 -333
355 712
975 -165
929 190
474 -444
555 952
748 -119
393 795
961 994
828 261
747 466
109 192
747 556
591 53
200 -35
977 611
643 -127
498 4
165 -393
59 933
173 -269
916 32
233 -293
508 -436
856 -281
327 647
849 509
758 137
102 198
679 404
322 -364
463 446
735 404
913 241
204 726
57 -189
617 55
60 51
922 569
872 692
563 -443
724 358
160 -240
519 928
766 911
891 4
74 315
26 498
3 -400
28 -410
846 366
232 950
774 -111
626 -278
507 547
720 894
392 819
195 -166
703 429
864 477
119 951
718 -326
646 283
65 -300
620 577
58 -154
293 -211
973 375
357 -426
824 -416
877 840
34 448
861 744
267 312
525 672
936 479
960 416
362 870
534 -239
418 267
610 -437
583 448
959 -195
271 -37
726 503
423 -426
367 -407
293 -248
537 69
965 -348
463 -411
216 198
149 491
788 -454
308 231
714 748
35 -83
494 566
308 858
407 -300
535 -258
302 210
816 424
871 216
667 394
298 8
544 672
484 -92
131 116
448 -355
942 52
490 379
134 237
408 846
133 83
288 315
763 671
651 164
917 933
917 632
552 -231
863 -16
260 317
7 224
502 320
276 167
560 997
744 477
149 -90
792 581
673 -370
124 542
46 -142
571 362
313 104
303 515
451 -244
524 -332
340 -423
920 78
350 -371
132 561
125 703
119 692
35 895
105 -423
510 806
765 728
820 932
272 147
700 315
112 806
344 449
732 -226
435 197
106 72
200 774
533 -132
975 408
897 284
531 -187
8 445
643 498
485 -448
818 -57
111 735
197 67
417 571
985 622
190 -327
849 208
375 -60
178 -249
93 420
722 -238
682 -142
551 668
973 -168
555 506
620 -402
628 -219
917 796
99 469
84 -280
858 545
651 931
955 -71
52 562
261 -422
550 720
192 538
115 22
464 351
80 -252
473 923
61 -484
176 -96
578 -139
847 -324
400 158
235 278
605 857
239 964
546 -297
508 588
698 247
855 -255
368 669
647 671
555 -290
151 420
213 -486
989 965
10 -235
817 707
811 -230
833 -206
458 518
746 -253
17 329
184 -319
43 429
222 -374
154 -34
73 126
265 222
649 672
750 767
10 -21
930 -439
756 926
925 550
213 -414
8 294
144 791
821 151
732 435
299 269
710 -351
796 444
116 657
238 798
475 586
17 305
417 156
645 -272
849 -370
224 -335
155 52
623 644
828 -15
665 918
915 94
725 -393
463 -441
949 763
411 345
963 576
567 626
312 836
259 112
249 -273
477 61
741 304
344 803
795 -242
710 580
793 -376
599 604
813 -414
800 15
324 699
989 648
326 557
562 921
897 -354
368 863
212 184
564 -288
334 670
399 299
28 -171
364 591
968 358
604 251
156 653
377 70
695 98
966 -499
247 798
224 -458
178 332
880 801
49 -27
364 -111
701 667
372 -320
898 292
378 -115
192 -200
1 -494
292 786
970 -158
305 -481
689 208
988 -16
12 266
553 275
764 -199
49 499
369 -144
73 676
186 97
740 -488
372 453
194 412
775 -29
670 373
585 558
862 223
176 -62
971 -52
476 554
771 468
129 398
514 -185
219 9
270 -296
817 801
891 1000
341 791
488 -480
604 -225
328 -234
292 719
537 183
258 187
644 -207
525 112
610 581
875 -111
391 877
759 470
702 -14
168 -484
82 -377
58 115
391 -460
519 -478
440 -145
872 -467
777 152
200 -421
814 -410
780 738
340 722
73 152
848 -30
260 -221
647 93
131 205
223 220
107 711
727 758
792 -237
417 -250
80 -23
751 551
892 640
822 618
500 -250
307 30
720 707
285 -104
968 886
779 502
903 -174
568 139
605 369
410 612
189 277
892 478
624 -158
128 -183
614 -427
508 -155
627 668
953 329
89 407
247 502
417 959
484 495
253 858
469 692
684 264
978 40
397 605
579 -299
884 28
224 397
690 -49
966 -214
628 934
349 927
15 733
193 -205
404 -45
616 -146
186 238
828 987
831 398
812 -163
818 190
199 -202
883 282
827 866
959 361
192 837
499 -214
978 197
182 -318
815 744
831 -168
106 722
770 -179
597 -296
130 77
181 882
735 -87
303 487
964 187
633 -210
479 656
993 2
532 -201
674 -321
760 180
126 509
946 952
510 319
694 938
750 -464
44 -412
149 -242
793 1
215 741
159 631
147 -178
673 601
419 386
182 526
533 -84
849 66
942 430
747 757
478 -231
408 315
989 488
470 -334
497 781
593 678
607 308
328 286
342 -230
648 -124
279 795
950 763
989 65
105 878
901 -73
948 812
11 192
194 910
675 -248
441 901
618 -385
462 514
758 278
423 809
693 517
16 -13
114 38
907 -56
468 433
606 400
192 405
12 93
971 277
598 -432
588 190
345 -324
922 -396
209 328
613 -27
669 811
834 475
911 -431
172 998
822 751
514 -169
89 427
571 -68
817 562
560 -401
264 238
61 492
574 -53
378 -75
761 525
556 78
613 600
962 170
114 -276
632 -386
576 509
860 492
454 856
90 772
94 422
775 928
439 -364
339 19
513 179
946 -121
445 -160
373 455
352 417
118 930
636 881
257 331
19 144
513 142
785 -240
538 759
522 332
170 555
3 -425
313 359
440 125
159 390
909 566
173 -410
620 642
376 413
849 48
356 205
337 314
798 57
200 -404
711 714
378 848
787 447
775 52
958 719
3 550
824 513
200 -154
505 -303
961 -126
720 -219
215 721
492 552
438 -218
875 983
254 -149
154 135
314 606
902 880
305 482
57 750
856 186
334 -259
209 335
187 429
907 -436
332 -2
519 966
756 -411
808 886
726 667
185 378
809 776
945 587
620 966
270 233
332 -493
789 119
37 659
581 776
809 317
635 775
770 45
929 521
764 392
134 539
219 -119
750 756
769 821
651 292
361 89
403 338
623 693
490 669
676 735
765 659
441 520
562 126
732 651
96 -134
650 539
285 -500
714 411
383 -435
742 326
502 457
484 48
225 690
628 963
313 451
758 558
664 146
8 -11
413 -225
888 -328
440 -126
531 -79
973 -196
757 437
786 362
758 257
3 473
606 -9
887 155
41 372
653 -19
673 -491
942 -451
111 893
509 921
899 -140
821 779
181 -322
732 95
481 228
627 -201
606 -449
349 764
238 -412
226 204
824 83
250 -23
518 477
744 -158
37 77
440 361
658 723
26 394
848 792
581 342
252 -161
89 344
377 304
39 2
887 768
162 698
107 277
159 393
272 276
352 -63
760 -212
439 178
967 -231
891 487
641 -356
137 777
392 461
889 325
74 -223
715 -380
677 375
867 384
57 876
612 286
699 473
946 -321
743 99
306 328
322 688
841 866
600 189
57 426
939 984
414 -11
796 827
676 140
508 925
533 299
10 273
46 161
196 877
47 614
103 387
465 -431
635 911
64 194
630 498
47 341
128 961
693 360
732 -342
64 600
491 178
567 -123
238 254
528 224
735 923
418 677
586 790
973 908
615 -463
240 498
383 9
297 802
184 250
58 973
987 4
750 425
539 771
167 -65
243 -420
571 -357
132 958
203 442
66 -424
575 -290
36 -362
300 498
90 -383
450 -19
421 951
349 23
2 326
354 404
617 -72
382 393
90 -18
95 -9
735 266
252 173
290 123
669 -202
29 -467
507 918
148 971
875 -362
673 338
528 934
161 638
75 -132
58 492
217 292
270 -498
921 428
787 331
147 -268
747 -304
868 464
258 -357
570 697
53 882
579 -211
746 -199
925 551
278 106
301 -137
981 -135
207 704
513 142
892 -68
193 677
345 -484
547 958
552 342
620 480
124 -6
884 513
418 407
603 733
325 -341
418 -114
814 -312
407 -120
689 317
134 179
478 -168
49 -439
760 695
115 956
667 28
979 3
159 948
649 249
438 693
511 -409
768 696
486 531
215 434
213 -418
677 290
101 -103
365 -124
822 827
205 806
674 -5
11 920
79 603
293 399
314 -351
160 -387
404 899
494 409
821 677
305 -38
874 813
300 679
115 558
634 114
634 -228
439 903
616 821
711 959
478 126
368 220
901 -391
733 757
907 34
217 -338
959 205
745 127
998 737
912 651
608 29
43 -487
854 241
768 951
855 619
358 467
773 753
218 702
999 -368
945 -94
569 -22
775 56
32 646
936 -414
724 -382
833 332
857 319
432 877
875 973
338 -246
633 347
373 122
574 721
150 698
461 739
335 148
483 66
26 755
464 868
405 165
975 -142
270 93
181 961
173 43
790 -124
759 959
522 623
527 -466
116 -350
233 -82
830 -96
6 -357
693 804
215 878
941 -459
495 520
681 977
480 905
616 500
467 954
111 961
964 195
279 113
2 72
707 -18
91 631
6 572
533 289
27 -20
222 736
931 220
112 968
992 -76
143 35
839 -97
243 524
182 505
995 -189
511 726
156 -207
214 -18
844 57
472 618
549 508
711 22
176 411
767 -202
310 -24
869 585
915 -490
51 559
597 717
335 847
787 -337
967 -81
849 961
126 948
616 716
680 7
1000 144
735 924
568 153
485 -317
603 -48
858 219
882 374
982 863
591 -370
996 -137
112 -268
545 132
389 -193
664 886
649 -150
351 -101
373 492
188 583
130 109
108 120
373 945
154 611
466 442
13 388
436 478
2930
847 -42
496 -338
376 848
893 -427
219 -49
369 823
533 526
116 -204
559 411
993 -387
436 427
763 -80
767 -54
895 171
627 -148
123 958
925 475
903 650
538 554
656 467
484 444
653 -165
1000 752
271 510
771 -377
279 478
861 569
113 193
551 688
813 -84
835 259
921 189
111 -115
388 122
647 -213
844 -91
289 -21
358 487
278 34
865 135
803 -159
722 443
257 141
713 -419
341 399
380 -331
115 -119
953 462
805 656
947 478
474 913
950 687
91 88
336 386
27 150
848 -438
183 165
560 -145
671 -92
315 899
473 -264
790 -60
147 415
181 -155
881 -376
449 813
826 -26
938 705
412 -335
500 151
412 618
713 -413
747 -451
626 722
905 135
293 453
532 992
720 500
485 -162
324 870
210 15
355 152
281 607
790 486
154 267
487 649
735 343
978 781
784 -162
590 863
419 868
977 381
478 -429
692 896
49 -279
160 372
702 164
123 -6
84 -270
221 671
738 618
970 500
779 252
190 -316
992 838
154 -125
53 936
197 750
832 631
537 315
83 935
880 648
709 -432
222 27
553 823
494 -296
218 -362
228 -240
337 -388
164 -274
814 -229
44 -427
199 -200
315 567
376 0
922 492
91 -224
97 859
851 449
823 874
971 621
638 -243
644 228
555 463
250 -150
967 487
690 110
236 202
943 -335
23 204
885 -256
108 760
386 16
18 887
135 685
973 871
436 859
772 425
174 417
512 148
398 -204
750 694
326 -351
65 263
528 644
370 -407
481 607
264 285
728 868
852 45
37 -19
466 -133
281 106
690 849
809 301
623 960
755 882
738 3
24 438
852 542
431 136
644 -214
159 634
91 677
15 207
518 273
58 213
22 689
504 -156
769 -75
945 736
608 706
230 -438
464 92
153 -137
696 200
240 -385
741 555
57 -145
575 330
729 665
38 -437
925 -109
297 238
818 313
145 -364
883 191
326 252
796 -173
553 -436
548 63
758 -392
657 180
113 20
647 -396
220 652
595 642
351 737
317 -492
467 198
641 998
361 489
317 -6
375 -161
986 -407
483 571
299 310
998 -281
258 398
469 63
193 -294
630 -268
311 663
927 -250
407 147
94 449
756 584
583 -337
223 -473
241 -76
843 204
691 -95
436 292
836 748
273 665
886 -124
664 -418
834 595
779 936
509 90
279 45
403 217
574 829
164 -358
884 188
431 546
942 790
603 503
208 -196
442 125
872 -498
158 -499
799 144
300 227
412 -326
729 -64
752 987
292 77
320 -168
619 761
517 -221
375 817
361 553
436 -314
14 770
856 919
667 -385
581 863
642 180
414 215
766 827
217 132
703 141
105 112
648 46
196 781
403 -444
177 58
967 845
11 854
748 699
112 -223
851 393
338 660
238 -322
828 -223
381 -302
826 693
470 -48
344 -191
190 -160
420 812
991 390
259 276
526 -78
819 265
407 886
254 837
255 820
599 -99
853 347
555 747
167 882
944 -326
840 -337
13 719
781 959
442 114
643 164
679 -327
405 -244
948 -92
274 -46
151 -96
875 275
226 -224
521 318
772 505
651 78
726 -62
853 457
34 -118
201 401
568 260
333 654
340 549
657 -209
720 487
201 -221
712 314
35 -462
161 -226
472 223
598 344
794 273
962 -212
916 133
20 628
48 -250
100 -169
954 303
943 -44
697 263
32 305
697 708
397 747
915 530
243 704
894 610
924 -3
828 201
338 -176
292 -75
479 851
538 439
689 -299
867 -195
944 311
367 292
226 289
524 131
381 755
665 16
920 46
751 616
15 6
267 395
853 -469
593 -97
316 -224
556 221
969 446
579 370
329 82
647 -254
692 905
243 -218
779 884
86 826
30 552
859 -393
381 984
989 621
900 221
852 -135
309 997
394 -45
303 -48
507 -114
197 -117
952 -105
210 815
936 895
618 649
3 499
603 -432
606 -479
182 12
213 188
966 -121
851 -333
11 -209
994 26
418 69
992 352
395 230
863 993
927 537
724 485
81 132
611 133
580 -66
669 799
452 639
289 -265
245 820
403 186
482 -236
776 101
750 -478
545 751
240 50
471 -65
445 793
276 456
662 110
456 990
774 -127
56 -390
953 803
857 293
850 138
409 -252
224 880
655 584
589 -497
35 13
490 -34
291 577
56 15
4 493
501 356
313 -388
960 645
130 272
40 748
427 741
204 365
355 198
354 -215
381 -84
897 804
96 -271
634 -263
935 -57
567 96
613 -128
189 705
402 -27
784 -446
268 57
661 787
94 923
861 945
310 544
721 -420
558 680
651 -205
283 778
923 224
836 698
438 -11
491 783
39 849
336 647
502 303
5 453
723 168
946 452
667 934
688 335
235 712
607 827
303 -334
553 316
175 583
552 -138
890 -177
869 -325
286 -214
221 -321
180 829
600 912
832 633
821 728
602 534
864 127
651 -109
33 -16
489 198
845 159
864 815
74 321
303 212
510 101
406 -421
150 513
437 -405
80 966
923 999
517 -263
295 727
62 -352
449 431
195 936
705 342
669 545
513 -283
402 317
3 -130
826 71
196 -145
550 503
417 190
833 39
980 400
718 -260
588 470
400 785
568 562
469 170
210 -479
867 873
542 6
788 685
738 -413
824 -141
783 797
86 298
373 900
532 -241
124 -454
180 263
994 500
590 7
163 14
164 227
330 758
368 520
807 -181
217 851
868 -336
71 -298
106 718
938 962
459 -80
277 574
333 387
30 35
855 563
662 606
979 -185
588 -416
33 -314
603 599
716 401
706 887
849 263
646 484
601 -95
959 628
525 -261
632 160
255 354
281 70
784 537
91 78
250 316
254 -385
813 -75
795 946
947 293
119 262
830 797
243 229
984 384
829 645
316 -125
731 -27
915 596
516 816
181 -371
930 458
817 -361
726 -184
440 -36
722 834
277 916
944 454
479 100
949 20
782 429
125 -98
9 928
237 236
991 -371
737 -137
768 447
936 507
458 981
724 185
836 67
870 51
151 685
579 -155
394 779
982 -424
177 837
328 -455
245 895
410 -212
788 879
859 699
678 64
70 -20
846 -438
811 100
516 898
709 -6
406 333
186 658
528 79
86 -15
32 413
785 -413
70 -42
397 1
711 351
357 -93
723 111
839 612
792 232
322 155
46 -415
13 -477
545 455
283 734
24 -487
881 699
547 692
46 522
830 263
11 455
928 746
607 -213
664 -287
730 263
597 573
642 262
162 124
480 694
718 230
221 -333
179 -83
231 -305
905 460
99 557
428 425
323 94
625 466
90 198
300 221
753 661
373 600
986 -246
71 -171
859 -440
16 -172
362 295
854 622
886 42
499 715
673 131
845 452
555 43
742 697
371 -56
519 48
96 417
834 -135
841 -256
246 969
740 599
458 951
710 334
352 596
711 116
206 -264
23 187
766 876
450 710
533 856
222 462
382 -484
383 788
376 -213
340 860
266 814
153 593
722 -60
1 685
284 524
764 348
469 623
660 109
107 -327
990 127
268 540
24 897
580 -283
901 498
142 392
768 625
153 969
558 398
167 577
757 -261
651 862
854 -473
488 -109
269 23
700 814
254 -385
682 380
378 542
596 225
568 581
174 237
825 678
512 -238
489 285
235 -388
12 417
416 206
546 402
93 243
15 -350
662 421
408 963
9 281
938 -258
74 561
691 -403
421 604
125 765
495 -415
815 -304
68 -97
320 335
196 -387
737 -119
655 107
471 639
940 24
278 -443
916 732
189 714
407 692
274 359
257 406
418 -459
366 -196
382 -456
599 -199
294 754
176 308
296 599
68 -449
837 331
128 -241
705 993
484 877
362 792
707 -136
217 -476
110 411
267 126
216 960
500 955
73 -187
433 551
687 485
515 -31
482 626
482 601
587 811
728 -170
529 348
655 -105
213 94
3 -410
553 391
473 -372
408 -116
504 721
954 863
151 632
998 320
368 -105
851 956
348 -230
161 236
263 576
943 -418
957 404
373 -12
115 667
37 394
94 583
735 947
575 725
636 48
883 -492
54 788
932 839
588 408
547 407
787 610
139 -446
948 230
223 -271
276 -435
887 324
278 -79
164 281
418 -115
848 -371
558 21
209 417
303 13
987 658
651 71
198 68
996 320
826 101
158 689
389 11
807 81
353 462
955 440
39 805
995 -65
905 660
554 -239
70 656
264 -19
529 -178
82 330
587 750
429 617
895 711
385 211
775 912
489 226
808 661
838 568
997 -8
639 759
420 -5
911 559
521 166
330 452
389 485
876 807
607 109
76 347
853 325
203 179
681 20
248 671
777 254
117 55
838 -315
973 579
877 976
679 -8
292 857
903 -351
368 347
337 -144
275 787
787 344
866 697
127 685
298 242
107 114
394 414
669 -149
549 -299
998 -281
557 -300
793 -273
247 -453
244 575
83 329
232 376
460 391
289 736
239 582
800 108
69 138
64 756
425 261
440 7
449 206
424 324
118 919
313 237
302 931
578 39
582 802
521 479
723 -233
375 676
552 428
413 308
377 399
146 -265
88 -470
960 912
179 607
409 543
971 344
415 165
269 390
204 57
692 540
28 889
449 393
533 819
653 567
845 818
768 586
828 515
758 474
757 541
44 544
818 762
661 482
200 70
455 312
7 286
589 -94
413 908
382 946
1000 889
877 653
433 669
170 689
594 120
8 347
244 426
402 489
426 -307
956 -467
371 968
460 -336
147 195
125 364
460 -384
465 156
97 214
460 -15
662 223
330 -373
680 779
384 194
430 -414
455 549
503 854
733 799
169 100
226 -103
795 216
305 885
220 -495
98 -380
264 344
23 860
198 296
653 -175
830 780
453 645
78 -95
698 -187
55 -124
797 -293
316 -124
787 623
422 233
955 342
509 934
427 652
693 622
931 776
236 -102
955 329
171 600
976 791
597 -10
518 -126
702 -129
831 12
423 75
847 908
915 511
334 -155
76 799
850 785
602 133
895 -145
128 810
461 -476
391 -141
775 -50
255 327
766 -328
6 715
436 -387
737 335
788 622
913 73
52 717
926 -335
248 -59
101 329
109 941
821 -436
444 31
369 311
169 88
723 770
894 523
983 714
335 818
67 821
653 -498
701 301
548 100
932 139
82 542
438 612
805 -57
992 -197
277 347
539 106
898 310
239 26
945 29
323 137
708 634
881 -162
164 221
910 928
758 -214
846 -251
112 -137
514 431
706 241
785 823
945 -108
483 -482
388 349
979 852
539 -274
753 78
533 921
456 -171
394 23
704 119
98 593
771 -103
300 -12
451 503
773 -429
356 -326
359 192
579 5
49 381
967 -464
98 282
764 697
586 505
191 -418
588 380
351 -384
127 142
826 866
767 389
242 666
222 461
181 398
465 514
878 -293
279 859
536 445
347 215
603 696
278 672
391 185
131 -238
132 -14
833 -107
682 181
701 -281
647 -349
56 325
977 -300
664 982
589 586
50 101
121 -238
976 118
948 786
896 757
861 297
192 -84
851 205
482 632
706 833
78 59
928 183
652 -92
507 908
883 -127
830 843
376 -490
504 240
410 48
559 572
468 973
974 990
424 314
813 144
849 142
513 740
285 409
904 851
905 464
293 -161
795 -258
24 -311
194 225
447 -378
586 281
33 444
637 442
680 651
745 550
518 -66
968 -307
898 166
721 774
597 -27
919 -363
209 789
520 -467
523 -285
436 87
539 702
771 38
518 -451
413 -470
707 -449
291 20
155 -437
595 -312
488 -100
859 434
637 -186
153 546
486 37
294 316
567 -442
258 143
229 124
257 181
698 779
824 -469
628 -274
91 52
441 -77
772 -10
300 246
834 -484
204 -123
873 381
919 953
173 -302
701 -245
94 855
949 -494
172 894
776 737
213 -263
438 184
715 647
196 10
323 627
283 99
292 701
426 37
180 327
805 100
155 501
994 938
832 -90
493 828
760 -161
276 -7
667 542
700 666
174 792
876 915
849 678
735 -338
758 485
976 613
566 819
795 626
369 1
872 -425
784 78
375 448
988 -50
405 353
665 634
984 770
751 -406
400 754
240 955
730 -10
206 948
118 388
734 403
617 777
779 569
937 122
586 -427
607 924
454 937
815 -4
47 374
207 279
150 -413
839 -127
757 369
249 678
514 -93
688 976
388 269
294 367
903 -272
933 321
764 -440
16 51
778 680
364 987
215 797
521 4
960 -93
34 397
122 -130
409 366
154 210
870 -200
759 -369
797 240
638 798
358 -347
642 -38
209 -433
80 -218
930 817
11 111
801 80
204 518
140 181
115 289
97 113
565 -297
731 357
273 16
848 19
301 319
773 361
880 -436
127 -16
975 225
468 383
797 282
193 596
447 -156
730 787
128 -134
639 -32
140 -12
111 971
793 -139
628 984
766 -384
396 663
382 88
133 602
62 703
626 302
162 883
315 941
730 -260
297 492
291 524
698 717
675 -500
180 77
104 270
701 957
151 127
246 602
814 -209
6 628
567 685
526 -152
383 92
845 -151
703 478
846 -69
580 207
804 -393
68 999
697 -483
536 976
405 -477
273 571
460 -255
912 916
262 -155
867 773
69 -214
350 -17
71 617
825 989
426 955
338 -374
230 -432
790 374
83 -481
783 -470
382 622
733 773
655 751
872 -179
697 667
881 -120
435 939
167 975
974 345
757 721
54 926
426 -47
19 643
521 719
468 33
594 780
275 482
183 -284
329 37
357 556
73 849
256 797
664 272
936 615
504 60
571 548
196 684
24 299
722 455
556 -201
698 506
420 716
332 334
728 867
665 130
918 921
656 -322
247 285
788 -127
289 636
113 90
520 28
780 -36
623 -194
387 -428
795 303
838 -17
999 136
514 -141
971 294
376 -438
66 622
930 144
774 -127
717 456
661 376
303 725
90 -340
448 643
740 155
341 -4
684 -500
113 936
419 651
560 -474
793 721
742 786
697 503
523 716
188 443
666 -385
153 -116
717 739
452 403
495 623
535 674
926 238
885 419
344 763
429 -120
460 189
73 77
215 352
52 -78
808 -321
114 288
277 226
143 365
426 468
883 -97
356 -299
887 294
415 946
532 -49
841 919
456 521
787 -359
847 984
436 969
693 -187
35 -88
347 -99
351 602
197 656
331 -420
122 916
634 62
478 -158
149 -254
878 269
657 -461
157 -428
445 27
381 297
402 -229
705 -200
608 997
569 -360
851 -178
77 388
657 -473
910 813
93 854
176 -379
340 602
365 50
593 417
902 150
678 -50
793 461
478 782
61 337
534 -52
871 825
900 544
651 353
644 810
925 98
946 -79
237 991
910 969
306 -41
751 274
350 -476
29 530
398 -76
232 924
798 445
998 940
96 -274
171 -33
666 411
372 -10
56 667
262 388
549 826
197 821
230 831
628 907
731 -123
709 631
864 -163
776 209
547 776
252 6
414 -254
695 356
804 -33
715 -6
105 -59
957 116
447 274
288 -257
729 -181
201 40
136 -88
506 47
16 619
495 -230
154 -486
491 557
321 -195
729 436
378 830
750 492
842 394
531 834
202 -270
565 -122
306 848
280 769
232 -454
411 -104
563 945
658 -68
344 118
731 -142
325 944
477 333
5 -146
970 457
684 192
123 311
409 68
46 557
940 -195
774 -351
826 576
178 -180
329 56
54 -108
230 207
445 175
168 691
290 521
435 -360
238 690
66 78
122 -102
850 -348
646 134
249 573
199 219
334 225
700 -214
89 711
67 -103
108 -182
316 583
593 590
660 965
102 568
78 739
347 -286
206 92
605 411
155 74
419 235
144 350
260 976
712 754
666 765
862 -424
135 123
684 -39
84 630
891 956
412 -482
826 -386
893 969
30 693
326 117
333 233
492 -163
275 -327
870 233
849 790
381 654
222 850
626 279
381 -22
123 787
231 336
285 271
778 336
512 177
479 186
588 338
808 -446
117 811
765 -188
56 338
784 -348
158 666
149 57
887 -50
511 -355
345 270
738 654
803 38
809 245
467 582
343 125
546 -309
872 529
539 286
462 862
190 -142
824 243
99 253
620 -455
376 568
166 483
95 449
731 780
886 453
776 688
631 -187
463 846
726 519
96 951
835 -403
836 283
860 92
647 -136
598 595
823 919
547 -49
815 -155
275 561
510 446
533 298
127 -272
513 -145
375 874
269 613
15 -177
347 -90
517 -104
571 -61
686 -372
329 164
445 -472
619 251
307 -252
967 975
90 800
936 67
462 252
356 -5
25 -86
347 -61
301 620
861 329
862 -93
222 -179
9 513
694 -109
159 637
412 -420
234 255
34 224
292 385
298 379
535 200
585 649
35 988
718 442
320 -63
97 847
114 -146
757 -79
232 216
440 -265
725 610
777 -279
214 947
54 416
515 413
809 -452
1 942
141 -396
82 861
280 430
341 842
78 576
687 87
454 109
694 684
104 -50
610 111
315 13
927 -346
168 502
204 651
873 683
181 477
654 -433
96 151
782 803
325 -488
981 664
16 220
21 252
350 317
607 55
693 -344
664 504
794 209
320 975
890 359
870 -301
690 94
686 -99
610 862
432 206
536 575
355 192
408 -488
25 -79
190 -46
661 918
984 979
1000 870
833 123
511 477
481 706
327 4
857 729
716 847
587 264
399 -178
365 793
87 960
188 -173
519 247
63 -268
376 -331
746 356
948 173
293 535
700 -115
887 777
913 -142
681 595
616 85
387 966
767 298
800 698
226 490
902 809
840 711
162 -488
877 -177
269 518
630 -58
79 785
964 584
192 716
259 -355
669 394
572 -447
979 407
687 824
356 -187
281 235
306 -350
266 -215
613 900
66 -255
537 -224
772 -166
701 957
149 -281
446 776
251 731
170 146
485 -246
394 857
693 597
256 195
433 -462
375 -407
19 -242
596 798
589 964
108 843
828 698
176 418
628 382
357 -202
653 -184
929 478
296 394
496 -458
144 740
984 -74
844 723
104 215
994 837
897 396
693 158
336 218
129 105
369 799
287 80
448 957
997 323
991 -176
402 121
310 -144
239 232
941 54
274 83
113 88
581 -134
925 798
314 -45
817 874
849 -362
255 671
320 371
938 710
793 448
261 984
489 672
923 -62
492 993
696 622
475 825
176 791
863 135
836 256
179 652
419 44
632 910
442 377
324 556
596 285
985 91
963 -473
477 667
555 309
969 -460
354 395
765 518
722 -271
535 383
473 961
26 710
527 -68
230 -339
346 300
644 467
523 499
513 -464
823 417
710 347
29 993
991 635
8 527
231 -443
867 -452
192 72
891 -86
335 798
451 196
865 80
844 -223
221 587
201 788
901 931
693 707
949 -340
472 259
541 33
493 179
486 -459
312 127
909 779
511 -43
686 18
663 522
839 441
365 157
187 562
996 541
438 572
239 -260
646 -353
273 576
525 -283
991 863
535 300
940 699
437 635
822 25
5 931
577 546
417 596
836 589
840 -321
932 332
272 620
748 476
375 773
54 667
201 -383
394 148
749 73
259 -224
323 -347
534 532
701 795
680 187
46 184
191 531
857 683
178 977
951 811
113 -75
385 -117
24 853
307 481
167 -251
403 579
702 -172
947 -254
763 988
230 511
368 325
835 436
137 -372
943 936
611 -345
429 846
310 -80
32 319
593 977
550 988
996 33
735 559
854 865
400 986
927 61
312 991
210 -424
477 -341
935 834
224 -439
742 514
861 528
441 193
411 749
67 395
221 132
38 -396
951 415
812 365
644 324
308 390
978 -180
67 734
49 646
194 -182
223 -15
352 -126
263 696
897 856
896 -371
345 -316
992 868
116 832
221 -428
626 49
336 -227
977 501
726 -316
582 510
968 688
462 398
279 631
86 -485
592 -236
600 863
846 -481
78 -334
618 239
58 576
348 763
650 878
708 -27
629 -471
951 3
746 682
125 152
355 672
6 -404
485 658
696 -56
24 24
329 686
25 -62
373 -178
741 -230
433 704
45 -29
981 -324
244 818
943 220
149 221
34 -20
368 -199
214 911
363 17
249 284
699 659
976 108
236 853
935 -90
480 165
423 584
460 358
935 903
660 700
501 34
967 570
914 766
119 -325
134 24
615 -30
184 415
193 322
376 820
722 121
927 143
128 944
331 233
257 -88
70 -374
444 -349
163 67
121 -347
583 923
785 -126
65 824
616 542
724 -351
888 -435
412 810
608 965
60 412
571 723
80 40
361 -18
13 712
66 -236
923 -408
903 909
580 172
231 884
901 -241
302 780
834 -466
203 220
910 -209
493 698
871 -378
39 316
810 786
804 690
539 980
149 -158
477 969
908 615
786 -266
780 224
909 11
155 830
751 -456
194 232
849 -71
635 -93
408 891
635 -467
780 -167
147 739
406 261
307 160
784 -80
325 750
399 898
608 821
751 868
34 881
650 -52
752 169
952 876
578 599
159 188
228 117
910 303
37 -289
600 -50
511 953
513 -303
940 -239
589 -292
442 -334
328 304
730 -132
207 446
727 697
929 372
826 308
566 804
504 -36
791 941
518 -334
284 535
501 142
255 240
817 771
905 919
386 -339
62 145
983 232
890 931
852 6
236 -227
181 366
830 -326
322 -225
568 -278
565 656
968 381
187 225
556 862
994 -494
777 -125
87 -44
332 -126
338 722
405 760
241 -483
744 487
331 -93
620 509
325 -457
987 -185
15 866
512 251
166 -470
687 -123
218 -467
914 757
437 163
734 -252
979 266
450 956
883 -361
577 628
903 14
348 -384
927 -356
559 508
41 436
987 -77
389 519
878 51
7 -277
469 -4
628 316
445 955
244 662
531 714
30 -498
689 -319
41 299
253 -287
783 600
465 -447
992 619
648 -60
270 451
729 978
278 265
995 170
935 629
1000 410
357 -63
487 -258
93 840
550 589
100 627
703 -33
19 829
838 866
535 958
160 163
594 -191
393 -136
173 -198
584 778
501 329
975 -403
632 718
118 782
404 -453
619 219
400 76
817 527
509 524
978 410
756 583
299 -199
469 -38
993 124
799 -108
363 935
425 474
21 340
879 178
406 37
335 64
100 639
222 -135
321 -388
587 763
442 859
245 739
165 215
272 89
169 272
470 740
531 916
200 512
874 -163
437 839
353 -17
34 643
230 628
270 -328
874 -220
104 -161
252 660
331 537
343 10
460 86
858 13
336 244
36 906
851 -48
139 600
614 385
766 51
798 -263
6 292
165 589
414 839
731 975
475 863
538 -74
94 262
945 733
996 538
878 28
76 158
724 878
904 115
741 -155
343 305
370 920
547 954
848 780
509 173
992 494
967 -243
970 137
197 -130
616 246
839 387
863 -274
85 515
788 -94
594 111
322 933
98 -278
891 61
770 -478
509 680
340 -263
776 788
98 -381
132 328
34 -198
403 -467
15 45
842 -426
280 239
462 744
987 51
560 659
676 40
51 445
285 159
898 363
544 604
51 376
616 438
666 -311
232 351
301 468
545 825
622 726
890 -426
781 -91
851 71
584 250
722 -331
245 -29
527 38
907 -313
815 298
622 -331
373 221
653 -303
382 695
656 334
889 906
940 -338
266 668
562 95
599 56
213 -42
430 900
500 287
150 624
759 815
274 -407
463 858
648 790
227 867
63 589
367 -205
10 -80
913 717
596 162
935 169
925 8
750 160
102 163
320 684
986 -131
92 -280
196 482
243 765
412 6
899 926
708 946
696 -82
896 187
381 422
818 -443
707 285
78 77
99 66
823 512
584 488
300 -485
80 860
299 389
361 -261
455 -261
693 85
483 825
895 276
60 112
963 264
569 830
627 -31
600 -368
693 165
807 390
313 440
437 444
642 -150
215 71
404 -488
838 333
681 179
429 -304
832 -14
907 20
954 330
455 -170
509 -38
319 -13
602 481
39 604
376 360
56 179
844 780
78 654
497 -280
17 857
166 628
791 -212
794 224
856 303
408 162
98 537
186 -407
853 726
986 271
125 705
108 -152
914 909
115 -204
903 459
633 632
965 536
387 997
457 -455
657 517
641 352
725 637
759 -457
751 647
32 409
4 890
689 696
395 910
777 565
430 573
237 -3
983 -44
289 441
779 -32
226 -75
553 762
2 -480
651 -25
192 508
132 59
181 -267
355 264
392 20
294 201
244 222
282 -261
298 447
243 735
388 614
51 851
796 126
496 758
246 -424
216 12
420 350
706 164
256 137
521 282
552 4
437 -157
673 481
321 876
47 758
169 540
373 343
587 72
230 332
658 904
92 -405
683 992
794 377
911 214
648 126
927 766
833 -71
422 -9
167 52
222 -361
3 -199
773 101
501 -302
113 -331
760 -477
391 583
644 626
175 317
296 773
340 -9
658 679
302 467
36 298
577 -492
178 133
100 622
626 981
410 699
773 629
911 720
4 249
724 637
17 951
664 392
755 809
573 -314
691 371
316 -345
993 208
642 -109
639 601
863 22
74 64
361 741
261 -82
355 712
260 366
191 907
255 -152
162 396
714 637
440 732
872 503
577 -425
636 694
421 512
360 947
647 261
889 596
127 525
78 283
639 204
582 764
660 210
957 -41
544 974
499 831
565 982
136 531
81 384
232 -72
849 854
822 -14
327 -329
967 -338
469 488
807 -59
265 -224
652 711
919 325
880 -264
617 -495
852 909
122 -451
409 286
707 613
566 -390
957 416
190 -172
588 274
594 -211
28 -273
821 -311
396 924
33 -109
677 838
848 -262
503 -18
510 -284
283 -66
720 628
279 718
573 794
525 396
318 997
402 793
251 387
274 -416
592 941
290 714
195 -245
584 209
572 -432
291 -19
381 763
643 35
712 347
328 715
303 -204
784 -350
253 587
841 434
430 943
732 765
738 999
154 251
838 305
584 855
499 590
484 -426
653 696
749 173
746 317
963 -455
456 375
885 -481
303 344
168 857
678 976
730 98
208 524
476 228
524 -443
549 484
753 691
836 744
565 341
544 152
881 -63
238 842
320 997
926 926
296 899
184 990
410 537
684 29
482 345
697 200
408 911
978 515
821 588
354 155
114 -385
176 76
238 634
916 982
515 710
953 799
478 323
848 -354
813 -151
470 595
349 921
196 853
897 144
338 349
623 -134
378 704
801 18
199 -80
41 -201
405 66
125 212
394 -131
642 -114
107 -318
710 679
511 797
580 -39
379 187
244 -45
910 161
228 74
467 -29
573 408
233 450
910 797
448 432
942 49
783 -301
600 310
599 -451
835 596
287 77
840 -116
665 690
446 662
165 591
511 199
954 123
629 -298
732 844
425 377
299 595
594 427
327 -237
712 623
293 519
21 973
663 -84
647 979
876 -79
558 0
12 585
486 451
425 270
338 -309
710 176
101 129
483 -324
212 309
867 -72
249 407
364 -177
812 409
243 -154
527 -129
78 951
1 995
803 -231
136 -385
762 57
626 422
212 537
755 504
813 -237
341 813
963 -446
944 284
228 513
497 432
987 -111
819 645
385 599
607 -151
999 725
627 755
696 541
523 -318
296 -183
692 286
308 728
145 112
354 740
783 956
922 -68
67 44
490 183
849 206
979 578
21 -79
827 214
846 647
335 -9
622 -300
668 268
114 335
513 777
154 985
136 -155
228 199
741 -197
562 -421
512 -288
207 -11
133 333
829 721
199 741
914 -325
570 -90
878 27
301 310
351 635
613 986
720 927
373 857
2 -409
442 -373
500 641
203 603
257 94
915 684
192 374
86 -375
656 985
276 831
90 535
374 522
927 542
343 88
781 909
660 166
890 395
382 940
471 904
239 707
488 911
643 507
114 613
574 -450
144 -107
216 549
83 735
31 191
673 933
957 209
527 818
110 -34
40 -136
659 -94
108 444
478 99
821 102
252 -445
210 952
583 610
870 -399
523 112
326 -229
51 -283
592 439
545 -483
738 602
763 881
596 -36
950 981
946 390
541 -347
293 -339
664 107
20 -466
460 513
485 -94
586 455
446 -205
581 165
650 -485
171 792
347 238
492 -11
325 598
531 -85
719 316
710 -327
521 718
676 859
35 -389
499 683
716 669
82 795
720 364
713 -463
334 655
404 485
642 8
805 -419
285 324
13 106
79 626
317 377
407 715
473 -125
683 258
785 600
528 -180
964 996
348 -51
113 -61
842 100
606 446
619 -276
575 969
675 654
948 37
767 361
22 509
734 47
943 563
766 420
255 216
794 589
433 214
390 921
567 92
290 -299
90 542
197 670
915 334
232 527
842 314
280 -105
449 308
798 945
968 -334
775 333
407 -246
930 928
140 258
973 168
497 264
0