911
20 -98
344 664
411 548
227 215
970 703
35 48
197 616
31 -253
353 439
566 -264
833 180
746 855
614 -147
699 0
354 409
561 531
881 217
965 87
601 778
298 301
746 -147
857 904
25 -414
324 368
369 104
447 -245
448 -92
199 -265
166 879
925 487
459 987
353 275
786 89
591 343
41 765
527 148
576 586
673 373
782 -373
142 322
71 65
511 987
573 806
842 -86
612 354
688 -106
342 394
542 338
659 -66
510 836
916 537
526 -46
880 -119
865 -197
742 513
232 315
476 456
332 491
796 904
219 807
195 -77
453 -89
975 809
428 417
973 713
301 421
512 344
873 411
486 478
26 180
370 82
761 -186
552 586
344 685
120 619
331 408
985 643
549 694
121 -185
432 978
54 -228
980 576
312 -251
701 -326
322 978
147 471
452 -453
609 335
386 903
820 467
1000 744
261 668
582 116
863 -125
108 -297
917 810
595 -247
356 -308
706 288
415 -255
86 112
837 148
386 125
876 676
27 350
44 286
658 -141
420 422
322 480
419 -67
878 179
133 573
76 -327
581 144
479 -169
536 378
451 964
342 680
782 -16
244 402
195 -475
752 842
366 136
664 -128
36 -166
184 129
687 560
799 -122
450 222
900 697
424 -318
206 -145
94 -269
493 133
761 481
753 947
22 324
809 744
583 652
781 158
551 -318
552 -8
27 145
90 -31
131 832
160 -94
224 854
67 -295
69 987
467 841
278 -107
529 974
536 589
497 518
478 908
543 911
59 151
603 -491
833 819
599 657
220 396
322 650
343 696
193 341
495 881
858 236
68 -153
316 137
254 -61
79 439
672 -153
737 -282
308 -371
110 717
35 502
418 978
282 -248
235 478
534 803
898 -234
60 21
570 883
901 379
100 -183
255 277
803 29
617 302
271 592
517 246
132 -278
489 -397
981 -458
359 292
30 197
31 -176
251 -128
522 709
634 906
547 544
129 899
318 954
461 -302
883 709
349 8
950 -77
319 -307
85 748
974 -48
204 -84
328 945
322 -335
860 493
785 897
149 570
318 499
930 86
940 393
441 -198
118 334
326 374
931 895
259 -437
843 -476
445 -77
927 775
609 545
600 926
872 655
219 917
222 379
933 249
313 936
129 524
272 245
840 120
675 -13
347 -174
847 817
547 -227
337 -241
42 96
234 756
810 138
994 584
209 154
296 541
204 -336
707 -59
524 -94
991 -207
713 72
942 495
802 82
144 721
958 492
162 88
36 425
572 259
194 563
302 255
498 -450
432 888
812 111
797 -7
27 -172
271 754
435 -153
499 -241
76 592
850 -103
866 -161
380 -326
825 978
659 -76
365 701
164 -28
394 230
376 744
441 994
190 -116
161 278
732 740
885 841
632 110
883 213
904 965
240 519
359 333
635 -160
12 276
698 -360
557 147
324 283
780 839
369 216
727 266
613 900
617 83
794 -240
721 892
612 760
666 131
695 558
342 -42
264 959
961 315
381 -184
986 -85
168 954
387 -433
775 -77
736 494
860 588
550 -272
608 631
220 379
550 -176
894 -79
96 408
652 777
293 643
481 6
909 367
168 111
612 388
975 926
453 -177
431 30
781 873
999 285
416 63
951 -32
578 179
944 -131
671 762
329 736
652 391
861 961
260 968
928 -142
74 740
851 -202
639 618
771 296
390 8
542 -291
518 138
818 861
764 43
947 334
17 943
782 747
163 751
316 428
749 954
495 -393
381 267
696 201
712 760
906 697
995 766
275 -430
262 254
915 485
589 463
621 195
946 -410
911 -377
329 994
438 473
4 -392
257 941
433 -479
743 819
972 -338
514 540
832 275
233 944
520 119
593 763
93 -15
112 857
595 689
695 525
38 -9
824 63
641 -36
849 515
550 660
661 -425
98 820
597 489
219 546
789 295
202 500
363 726
665 438
254 960
908 428
226 950
172 -20
648 -11
613 390
938 -311
469 376
883 585
129 897
533 396
652 752
117 395
973 -89
917 -327
161 827
408 581
433 553
433 540
554 620
309 571
518 -7
579 -87
286 760
497 -166
97 -306
473 -315
59 679
655 391
431 994
968 714
23 727
926 616
457 343
528 -421
423 307
865 854
83 113
860 -196
817 696
96 -280
683 -65
296 929
287 972
883 406
764 946
201 -237
693 492
689 -484
479 -110
420 -409
745 786
32 765
391 162
167 118
509 698
169 168
447 607
568 -12
28 456
719 515
78 214
642 295
19 418
404 152
181 934
130 -352
953 -248
881 636
166 59
519 47
529 920
312 264
856 264
96 638
258 432
458 100
557 93
684 799
187 368
807 818
862 197
12 400
575 -303
464 166
183 106
353 -160
658 593
14 720
331 258
303 6
383 331
921 839
52 314
738 88
775 479
346 295
230 681
717 436
405 188
684 711
761 595
677 841
703 697
388 -417
81 410
769 -97
148 -366
887 -270
380 756
902 -143
325 246
3 108
498 974
969 98
774 538
20 534
21 109
391 693
506 -354
107 69
399 576
755 -414
389 930
971 -10
445 881
54 -207
195 329
426 426
624 -85
17 -43
562 61
625 431
36 368
985 -411
334 89
871 -218
88 767
446 -172
718 609
350 723
180 -354
47 -379
758 512
716 941
195 325
153 889
804 -373
406 688
548 -465
783 898
717 211
772 559
658 -341
885 -282
447 -100
161 222
391 -203
16 248
915 135
885 556
749 737
701 586
997 387
833 -78
344 708
75 718
962 12
696 109
370 411
266 123
82 131
408 603
147 -129
231 701
232 757
678 709
56 -476
735 854
16 191
731 -258
915 -159
514 287
752 817
957 900
637 -78
989 -270
237 811
381 287
5 571
475 774
217 433
88 296
962 970
25 59
714 681
671 102
239 -73
740 9
503 956
48 776
707 610
610 -124
918 176
355 514
187 -58
429 -177
209 714
360 987
462 306
725 893
657 645
360 769
577 928
355 -325
668 271
758 -491
348 -478
602 588
370 -37
733 972
302 838
631 891
979 308
649 801
246 778
138 -80
440 785
716 544
248 110
806 461
138 -389
983 28
383 121
836 209
987 675
291 199
797 237
198 -25
584 557
223 871
806 -298
851 -487
232 -294
833 255
894 783
619 700
180 -303
474 252
986 145
596 736
783 8
965 92
311 328
231 988
643 592
65 -491
408 -317
298 553
506 263
605 -422
38 -21
347 299
401 -80
954 598
637 -348
315 -42
443 903
58 966
460 432
33 -188
674 803
846 59
351 245
379 335
892 353
260 928
393 530
476 715
743 803
518 957
381 334
783 -329
430 353
530 -479
257 -384
619 702
712 130
651 -277
348 295
240 -29
599 771
784 298
686 139
594 -323
868 351
945 819
627 879
226 -28
657 207
131 247
918 38
896 302
147 371
141 429
551 685
64 295
500 363
525 952
661 308
539 822
980 -20
126 757
203 57
845 -483
453 -335
309 517
238 949
647 -205
98 495
572 814
994 772
635 -199
646 496
746 -450
701 698
40 519
554 851
479 575
184 162
177 -466
301 155
932 101
229 48
499 380
986 906
406 979
457 326
403 -235
206 919
106 -315
550 -38
541 447
821 324
582 -182
61 638
306 562
982 470
619 387
384 -250
268 -323
266 -130
930 -427
114 126
341 283
206 -443
339 236
785 -166
670 441
412 -425
951 -449
39 -133
335 -421
514 445
750 863
424 478
417 393
2 -48
416 140
237 -235
293 361
542 -360
375 -454
484 674
982 11
897 21
658 248
693 45
372 -228
158 -42
523 428
515 -239
509 -23
778 -341
778 182
717 272
660 993
192 -377
173 827
495 -335
113 -120
107 -128
959 -150
216 696
504 -440
783 290
903 -393
614 975
454 -494
375 684
126 228
630 -365
939 -286
261 557
872 785
660 134
47 -338
938 714
924 167
752 748
185 804
418 -332
514 -377
263 114
374 -74
593 940
285 -159
34 264
951 -314
8 -206
403 -64
787 32
601 629
748 275
225 260
267 842
17 682
376 845
965 -238
322 832
412 387
157 -195
348 690
637 213
640 892
770 412
734 713
952 -365
102 481
307 231
683 584
673 -285
444 601
126 688
775 451
936 -484
162 477
120 -219
489 786
956 712
737 95
678 -31
346 751
557 -216
245 41
116 963
654 -448
329 -13
49 703
880 -368
171 529
378 465
257 207
195 -329
379 -217
476 968
49 258
582 395
491 -169
329 284
783 132
113 774
515 -203
882 -204
953 -267
763 86
493 565
557 279
403 -88
354 88
938 13
52 968
132 -169
791 435
797 569
715 -135
955 854
232 769
123 423
392 849
875 802
700 918
833 619
486 -445
277 52
754 -459
369 -484
156 426
577 636
883 680
676 923
592 571
491 -228
511 605
669 685
345 961
393 555
365 -71
699 134
368 909
225 -136
160 -401
27 -349
436 993
2973
398 786
248 -82
649 -137
569 -426
813 796
221 197
224 510
631 -243
104 -369
680 162
110 470
724 674
836 -489
899 15
992 652
566 573
85 948
909 718
415 922
269 930
98 -115
340 983
417 202
830 516
369 -24
944 329
628 -130
794 838
242 475
118 399
991 824
779 -321
658 157
725 493
358 76
756 238
950 63
172 706
140 902
900 382
689 -249
979 104
128 -426
451 266
222 -73
170 -308
795 698
950 783
828 303
989 363
563 -257
151 -54
476 664
506 159
233 -209
291 113
193 439
568 -338
244 242
935 588
321 872
855 -19
767 497
66 429
207 390
839 414
598 -88
999 -36
53 741
73 -423
172 965
853 -231
848 407
673 497
770 36
529 34
726 166
420 -211
417 160
689 731
442 -45
341 289
878 62
213 -216
998 917
1000 164
69 -371
976 645
98 216
319 995
563 133
449 494
829 -53
496 -77
122 648
450 -310
6 156
691 327
605 562
422 -199
276 -116
644 560
929 -301
150 2
661 671
211 695
709 820
57 -311
317 41
754 108
440 -224
701 898
168 125
896 -149
178 736
953 -447
450 546
496 407
219 -74
812 46
605 78
847 303
592 -354
539 121
496 911
274 637
668 988
687 -412
632 -393
278 835
861 701
71 841
834 250
444 -139
224 525
265 697
847 714
984 -304
489 227
638 115
916 -279
262 138
247 978
167 561
544 -304
626 -11
931 634
631 956
49 399
76 99
973 -73
799 586
720 -71
542 867
745 229
910 893
961 -438
895 -22
330 815
618 128
211 606
3 -210
841 999
397 -300
304 -208
656 -68
893 -142
944 759
181 679
600 618
102 339
853 356
101 845
960 50
939 109
305 -472
752 754
111 -400
865 71
539 134
882 307
290 801
325 950
498 671
228 -266
824 685
621 282
851 536
199 756
961 962
473 349
918 221
209 836
654 504
637 755
682 -478
656 -93
248 144
864 905
964 115
138 985
992 -266
17 499
730 601
545 543
851 385
643 -91
773 -71
301 -455
949 768
929 -373
533 -78
245 -495
777 -490
573 844
687 36
454 204
615 238
751 961
700 319
30 899
413 383
188 -284
55 -355
202 67
565 -407
844 -431
339 -96
352 -236
111 -393
125 -270
227 564
558 891
869 32
108 -284
688 154
520 338
114 98
606 178
328 270
622 -91
467 980
202 743
22 -95
705 428
921 771
940 236
142 -470
444 -357
488 850
369 620
324 190
187 -335
579 407
631 654
232 852
174 -78
867 450
967 183
690 330
290 293
733 -2
483 897
934 550
565 203
101 297
861 -73
200 244
487 863
594 979
69 -376
516 482
564 810
638 -4
982 607
371 -475
166 765
94 902
838 -106
385 190
102 0
658 338
240 460
397 938
427 336
975 432
557 -193
221 741
475 550
73 824
88 362
2 -280
795 28
989 587
360 171
584 -489
288 -340
264 -399
742 -498
981 661
149 425
374 -184
898 615
667 361
914 493
523 440
8 992
723 -144
629 73
65 814
247 -232
840 430
955 425
977 -246
431 -456
373 -247
393 785
348 902
259 22
941 989
612 523
229 964
747 -280
701 -306
417 23
944 437
978 -185
111 331
586 632
62 634
729 800
944 927
208 934
492 947
503 668
33 -152
186 367
478 281
309 513
393 474
466 244
741 583
494 598
809 1000
287 461
435 337
984 -258
905 -347
117 467
220 855
42 -69
944 -363
973 294
544 298
147 -4
175 169
894 307
64 -154
329 425
142 -129
822 -143
731 -17
383 762
117 308
939 795
736 910
647 -282
363 338
412 368
273 163
93 44
636 42
360 606
319 216
907 -291
814 527
244 159
650 30
932 587
772 824
546 921
579 -17
939 -199
768 544
891 -78
498 -363
957 628
331 101
74 -139
220 650
348 167
816 -100
673 890
552 389
29 529
946 834
124 -399
156 424
101 -25
883 42
207 -277
390 -465
435 -483
443 88
303 -436
701 720
197 466
136 794
705 845
525 39
362 428
540 -227
399 219
862 77
931 355
973 -479
741 -63
851 -281
843 -60
585 688
100 -368
514 391
638 -391
295 958
267 -181
280 808
613 517
628 777
157 342
341 148
944 20
443 487
23 130
575 -248
19 602
463 1000
685 -343
376 957
7 374
398 555
624 521
686 496
134 715
882 690
375 -441
321 965
761 398
981 295
246 -80
30 741
163 422
909 449
29 43
591 378
622 -495
108 -117
794 -78
123 846
631 -275
752 -477
974 823
797 168
656 771
257 940
140 267
906 624
596 986
804 975
525 -293
185 -27
577 941
694 146
298 195
624 865
894 -82
349 254
53 -93
287 773
790 506
356 192
44 569
321 263
204 83
804 757
49 -350
134 341
708 957
332 441
554 141
408 -152
736 30
32 -355
266 -172
653 554
308 514
474 842
119 -138
848 25
392 -290
76 2
421 26
330 340
235 -219
634 263
169 184
773 -13
366 773
396 543
16 -25
125 -86
815 366
714 64
502 -185
613 139
116 215
907 352
324 338
192 550
717 887
603 278
228 815
64 670
780 621
108 -52
591 -95
459 911
136 443
70 476
167 195
826 594
878 239
90 -208
842 725
945 -352
119 99
689 334
456 391
331 -144
198 170
304 586
481 686
800 133
57 -388
975 798
219 311
473 -237
250 -162
895 946
449 612
323 -459
906 976
143 -171
873 -385
608 213
706 560
284 -423
236 -368
779 -303
505 -489
193 50
989 757
299 249
876 -119
402 321
770 -493
205 -73
487 365
876 307
487 32
941 525
447 915
409 -374
256 370
839 880
980 451
521 852
742 537
80 13
229 -184
286 317
498 946
518 -163
212 -99
440 -350
453 350
89 476
129 517
668 536
294 801
175 -47
724 -103
432 307
629 661
897 171
961 974
329 800
101 654
280 -256
795 -409
584 253
679 243
481 361
969 336
294 275
718 251
170 -443
4 522
71 981
922 245
824 171
122 62
946 901
767 -39
660 -375
504 31
413 -333
722 844
327 828
804 -420
160 387
862 17
240 919
446 23
15 752
375 -273
753 909
168 456
142 -368
198 568
45 711
804 805
635 530
681 955
730 -226
534 -234
443 -408
32 290
483 637
562 875
487 -33
424 112
399 219
474 511
210 -72
745 42
239 -344
717 223
476 172
101 -255
160 701
448 620
311 -344
648 -454
787 -260
862 864
486 835
52 -324
720 364
935 909
738 526
513 -349
189 671
117 24
431 -10
58 -192
537 528
816 880
115 -383
292 -17
678 611
54 909
962 755
404 -2
546 485
359 268
343 745
876 106
502 -10
811 930
509 521
871 -234
549 695
737 719
466 207
537 887
598 252
101 -81
512 158
671 -88
818 -305
80 869
226 588
135 -188
334 635
181 -143
633 -87
233 950
551 -128
236 -232
669 248
917 303
261 -165
897 741
19 835
20 84
280 -495
35 21
58 101
865 955
833 -246
846 514
784 789
709 258
569 366
826 -398
599 -285
973 -243
382 -491
434 -198
252 -21
616 -398
460 693
361 -35
845 789
700 134
457 163
791 -331
721 934
973 222
335 508
680 -456
427 -110
253 -135
175 352
894 923
160 726
196 -108
594 908
575 -79
791 749
260 -278
982 -243
754 372
255 441
111 797
582 256
627 502
616 165
135 300
565 -388
610 -88
922 -257
827 -45
850 -362
856 548
203 583
508 228
963 987
994 992
225 -53
910 604
835 892
443 93
87 17
667 928
203 -315
850 698
508 266
866 681
401 -228
704 625
377 308
284 -434
72 150
76 207
977 -433
881 246
793 420
263 781
498 449
722 -424
707 -264
841 563
465 463
135 759
822 -160
957 145
293 288
257 -360
811 762
984 548
783 648
630 188
294 939
589 -24
850 -111
747 848
13 -111
124 205
366 343
904 -365
8 -326
317 -493
683 134
100 -49
973 -93
464 449
736 988
668 542
614 650
28 623
176 243
371 176
801 662
201 -353
514 490
445 371
447 416
177 714
949 63
50 944
227 -168
791 -186
880 -186
570 673
660 617
91 -450
741 704
360 -17
616 926
965 118
649 723
258 -467
264 -367
772 -234
152 186
643 33
549 -28
807 299
563 -367
344 343
540 474
578 696
971 488
736 -456
77 224
110 484
768 916
932 -310
990 659
707 14
932 894
255 593
223 889
373 -489
513 901
252 453
370 -47
916 857
179 -475
378 -301
128 509
36 -348
563 644
736 30
587 252
779 871
121 905
420 -180
387 -64
274 516
869 327
983 431
373 -306
712 602
408 -75
446 -327
574 -201
7 -465
333 139
311 763
977 -350
414 455
68 31
970 938
618 -447
985 -121
688 -151
731 -365
246 -140
134 -9
644 -396
135 895
87 950
820 903
398 763
57 327
308 274
67 -64
918 675
527 541
144 -14
534 -72
987 -261
965 825
826 350
918 461
350 357
147 598
786 548
726 905
595 294
741 271
817 429
253 -1
52 362
177 57
544 493
462 70
312 600
679 -445
467 423
142 988
6 719
405 -256
834 497
826 999
874 296
756 367
408 475
858 649
226 -83
986 312
752 563
909 -391
489 74
104 -446
897 235
440 -206
665 84
362 843
944 -347
560 768
994 161
846 424
48 -171
850 619
190 504
261 -433
819 398
464 -165
992 540
460 317
209 521
531 -91
51 974
694 -455
313 -229
533 709
3 -465
176 -412
409 793
664 -94
237 -343
570 469
863 -117
867 383
778 98
630 161
589 232
780 492
337 850
16 -256
315 -75
892 624
892 659
196 -476
202 58
220 855
502 -328
39 824
200 -422
620 230
87 -411
475 -404
199 635
121 740
792 -21
753 -15
526 61
821 366
199 -271
245 764
495 800
381 -197
596 -277
319 -233
862 -343
90 -483
492 114
235 862
79 -182
215 -340
844 120
246 -48
801 641
626 734
267 105
270 367
224 560
723 473
74 122
885 793
337 41
278 -143
446 359
706 536
604 442
22 131
955 699
600 331
503 483
303 528
880 530
676 256
274 -426
853 -293
863 -256
937 -292
479 -161
312 315
420 -201
33 -299
289 762
214 253
541 -157
194 42
159 756
881 852
809 760
106 -13
473 -14
419 -381
497 622
84 701
941 -45
512 -480
653 396
649 734
956 -296
92 884
769 902
801 586
308 271
964 -143
980 960
527 -242
83 808
957 305
465 -323
605 -266
344 401
812 528
576 -108
319 301
16 960
61 741
779 634
939 -326
463 807
106 -145
373 532
967 -322
973 62
544 823
173 544
60 741
770 629
304 583
114 224
675 969
672 320
889 468
251 -419
72 290
971 660
668 786
106 950
518 609
449 -478
177 749
817 -421
254 -171
723 384
146 -424
683 822
495 358
959 -475
724 678
353 -425
875 775
805 -136
423 658
500 -114
707 -277
575 -463
380 -353
797 570
179 -185
350 965
690 901
768 391
195 250
163 -60
403 85
493 700
190 -86
25 197
356 424
514 -268
760 353
165 -363
412 -12
737 682
27 -449
62 -234
818 -105
921 -331
661 244
132 -65
947 776
772 610
321 -328
12 131
153 806
541 -265
296 -305
485 96
667 749
521 -361
913 275
761 569
361 432
289 -11
601 821
454 -342
242 680
887 -279
838 762
645 66
764 -154
772 730
176 -25
214 509
712 -15
755 829
788 87
146 325
887 98
808 646
938 20
562 -271
476 455
758 0
181 270
530 898
182 352
914 454
839 994
575 762
91 197
939 243
205 236
631 662
567 77
773 -54
289 273
876 -138
130 -27
876 645
367 252
969 822
431 755
898 686
60 543
273 -209
711 -419
168 863
120 667
892 158
640 337
518 210
913 425
912 605
298 922
34 271
564 981
465 720
979 312
698 165
325 -318
63 -135
998 875
831 860
964 -85
664 -372
553 641
932 -305
360 296
884 -218
819 990
298 -75
356 912
29 382
950 603
302 388
893 329
40 -281
678 322
682 150
618 -398
864 922
288 -293
354 739
776 571
264 235
479 744
288 444
869 771
914 954
586 -329
769 130
428 -349
872 576
17 1
657 615
890 890
25 729
250 -288
879 817
722 -365
217 88
146 34
837 925
375 -112
646 544
825 913
570 45
582 999
650 -228
220 634
271 738
635 791
922 87
952 -390
325 916
408 907
485 702
174 470
933 276
9 -461
902 -159
315 659
519 737
399 547
178 205
651 800
891 753
714 120
515 980
595 -350
615 749
806 -364
571 883
183 244
714 91
75 422
674 756
102 658
99 997
335 -138
957 735
835 -269
396 994
853 -20
616 -181
945 733
388 -322
663 -273
51 -266
58 -242
569 311
816 323
544 253
621 552
449 958
875 444
83 -76
60 699
365 457
276 179
965 933
248 531
557 665
890 701
597 557
592 106
932 350
769 -438
910 -307
479 726
92 485
757 -223
402 -19
752 244
336 -384
699 32
747 -74
630 -333
567 571
450 506
982 718
440 202
189 54
582 170
508 -56
495 94
283 -20
799 848
742 823
923 546
860 401
708 734
788 45
666 71
828 304
967 56
731 991
665 800
181 165
774 832
279 493
902 867
926 204
917 -245
295 858
333 -260
590 975
439 166
308 -46
662 912
319 672
135 482
214 -447
87 -302
638 911
187 252
998 653
259 -106
89 552
524 605
982 -490
190 -403
166 466
387 864
65 545
49 100
427 253
240 697
454 978
853 41
462 -202
997 -469
522 -448
566 460
529 511
21 818
11 317
284 -297
836 -133
722 142
571 -294
774 -296
429 -319
387 356
931 3
237 -207
915 50
732 436
269 -237
956 966
40 -424
210 106
773 -455
910 -87
786 -498
169 839
63 100
429 -149
669 -209
769 128
884 248
754 501
719 -62
779 229
758 113
800 683
584 -367
241 -422
984 -306
305 509
491 -6
869 654
846 251
749 -408
709 -306
724 -10
769 800
146 -116
958 534
441 856
764 10
858 396
70 898
511 847
418 -469
235 968
696 811
779 549
452 892
251 -216
576 978
826 -136
965 403
816 -445
119 20
155 -360
951 670
548 508
907 482
109 909
346 80
205 -173
309 256
387 533
595 253
262 75
975 253
43 -289
32 -224
57 633
58 888
483 56
453 524
399 841
310 -78
667 618
20 -85
327 254
460 341
255 330
884 -383
524 -88
731 198
356 696
80 -292
271 479
142 -257
839 162
1000 853
451 -160
961 342
222 829
397 -294
665 43
175 703
131 746
426 730
276 -338
976 -368
480 493
952 130
181 729
858 -324
389 435
74 875
156 543
931 -236
611 470
976 -466
268 997
460 653
122 243
551 -15
578 -45
501 -138
893 83
710 81
745 -28
412 -309
851 202
854 964
55 633
977 -346
201 -148
106 312
138 604
504 588
873 -420
227 -198
626 -26
393 665
505 515
56 114
599 457
814 829
615 804
846 -330
115 -214
116 988
59 856
264 99
151 332
300 -383
831 -148
525 776
432 46
857 -62
991 -119
361 112
854 -177
829 194
719 180
116 -159
322 305
811 -207
921 159
463 -220
305 289
417 777
618 104
913 549
325 753
952 664
618 -65
798 505
332 -423
522 804
950 510
812 46
463 845
274 423
486 -400
988 350
177 961
612 -164
420 -489
740 -424
748 -456
684 424
691 -398
938 -353
219 -343
44 563
80 -350
419 553
892 799
732 61
981 -18
401 -421
321 135
38 -144
270 753
571 840
586 330
4 -493
520 88
921 661
166 595
147 655
110 169
95 584
70 267
996 587
4 -76
17 -74
102 337
826 496
169 738
840 542
153 842
606 116
495 -53
973 830
746 669
683 52
524 -496
541 982
355 792
371 765
50 -84
383 -288
445 267
831 794
526 235
753 542
468 371
882 938
70 657
202 542
676 -50
66 -304
353 -367
336 37
459 689
704 235
507 899
860 539
911 -127
998 160
581 854
409 409
506 -429
25 953
2 136
371 740
286 -99
357 980
879 -490
177 918
24 -485
862 493
83 487
438 977
411 -405
329 87
753 718
30 618
11 539
376 85
878 86
449 -239
532 43
961 765
74 795
968 750
232 241
774 973
949 260
926 303
897 380
59 -88
633 113
640 397
710 529
981 -184
819 200
219 -246
318 863
849 -102
685 745
93 541
279 -333
952 -416
453 245
264 924
213 900
141 586
785 653
573 408
979 911
6 343
301 151
676 -446
343 -237
702 -483
967 -397
270 692
1000 -289
128 733
841 -466
91 -190
306 725
307 894
71 413
275 156
37 945
342 -323
972 718
807 -333
203 322
289 -313
378 945
226 440
54 -155
393 -297
153 -323
656 -216
195 -231
614 805
139 777
114 534
560 44
914 -373
31 21
46 -483
527 80
142 47
691 932
550 -39
832 862
564 -168
667 42
799 -223
394 -499
246 258
606 310
765 857
730 443
252 -39
437 861
847 788
337 -412
407 949
421 5
748 281
660 659
191 -136
105 184
387 -377
513 -425
546 -192
806 315
829 3
641 576
861 783
340 -12
457 192
722 -161
796 -42
382 -314
259 145
163 -373
877 239
601 789
354 515
258 -327
621 -460
724 974
551 334
914 679
991 849
837 479
885 103
659 -488
674 657
913 316
499 353
149 365
619 -233
985 -238
544 -228
170 72
423 292
13 71
744 306
648 795
544 35
71 688
690 366
174 735
703 135
156 338
544 -343
972 620
662 -384
165 330
179 -101
581 583
175 632
292 696
90 -479
543 319
610 436
543 784
205 137
699 380
770 402
691 -307
206 -278
798 884
179 -31
837 313
535 -218
701 653
886 -457
796 421
322 -406
47 578
870 -229
532 -160
4 104
589 836
919 554
881 870
470 -404
358 661
818 -356
257 228
310 364
561 -86
909 -79
529 -234
839 436
714 209
790 214
803 839
394 161
661 -381
518 -351
856 208
474 218
513 -96
992 -77
931 41
699 -248
150 501
177 -488
711 886
23 884
703 759
355 -140
609 682
998 777
558 7
991 272
535 -140
559 576
313 915
24 -418
289 187
252 -253
663 759
158 215
932 260
483 561
255 396
950 -107
906 -490
351 891
38 213
815 175
823 551
744 -316
945 545
603 -39
984 -1
431 671
49 388
260 39
919 840
714 -310
784 -142
317 207
927 759
72 937
432 877
757 705
718 -93
302 640
437 276
434 461
269 567
299 287
587 915
700 -216
637 -133
803 896
527 488
481 316
344 -122
432 794
350 666
223 644
861 -500
299 -398
395 25
199 -57
19 791
856 -316
30 34
313 154
466 -424
186 -433
283 -142
717 43
402 -184
227 -194
752 696
104 50
668 449
36 -123
839 232
210 -486
470 261
917 -435
842 -261
578 627
780 862
591 334
603 252
41 538
523 -305
189 692
620 131
443 192
988 -133
586 209
970 -169
215 604
266 6
792 -215
641 970
868 -269
70 653
888 116
440 -263
164 268
624 -444
396 -255
881 426
279 530
459 689
76 -305
100 66
191 242
651 792
298 -60
607 43
641 866
733 961
275 -196
470 -481
400 -373
821 -253
30 -156
432 792
463 273
786 609
236 352
10 140
972 -98
860 -140
993 450
191 193
888 654
622 -490
195 -478
27 254
388 341
311 -88
813 -293
690 230
942 860
836 89
283 -67
949 859
186 575
742 801
653 -233
932 -446
301 387
478 -310
275 636
118 600
376 368
145 -168
76 713
182 375
558 -73
747 -459
476 688
29 59
490 204
512 -302
167 717
973 -236
77 732
722 311
120 261
919 423
816 -387
926 -443
802 864
431 -333
993 -195
466 914
460 624
641 762
586 -62
208 24
203 168
828 -407
466 103
178 466
886 -484
377 74
340 953
688 524
120 -389
543 887
196 -246
597 226
939 600
714 175
652 204
831 -342
370 -11
814 495
541 112
1 19
166 810
486 -133
341 -338
937 338
492 602
753 30
984 437
390 990
540 -153
153 800
519 562
1000 -41
635 321
880 -222
730 -178
13 796
800 346
339 849
314 -220
741 932
361 552
786 522
15 -79
614 792
889 218
378 119
813 209
991 500
234 -149
721 -415
137 740
673 23
906 730
701 670
237 90
429 -46
233 386
522 292
522 210
470 943
231 839
755 440
80 663
867 731
245 -178
362 893
121 892
133 -315
23 136
193 -383
655 123
489 821
920 959
684 616
319 -241
566 897
599 260
402 974
387 684
245 880
169 742
55 620
458 -134
494 898
6 -370
865 -68
527 949
253 -287
580 950
604 -343
547 775
60 -18
873 -111
230 131
681 919
240 420
109 0
632 279
240 593
472 -73
859 25
146 937
568 -113
968 874
755 -197
179 16
862 -481
233 540
796 176
288 299
783 -403
687 140
236 628
453 818
763 787
267 260
808 552
147 -135
139 -416
792 802
601 -48
517 -190
187 4
65 -4
215 914
325 -263
98 984
254 -293
362 209
270 407
314 735
85 87
816 475
184 614
70 -112
795 744
906 912
465 333
943 -298
22 932
202 93
134 862
367 757
593 -42
338 45
840 500
498 -335
365 -282
972 492
3 -228
367 847
621 -173
891 487
79 831
807 423
341 -61
549 576
483 535
791 751
268 -143
823 8
145 571
216 -259
45 -152
358 625
438 490
904 -494
740 470
158 -484
751 258
734 92
683 505
347 524
234 -252
728 -383
600 414
588 120
399 963
252 145
919 983
380 -285
204 755
315 853
191 -31
747 31
486 132
769 -491
538 -361
10 902
30 874
779 377
448 -206
635 306
885 -293
315 -284
447 42
992 -112
784 728
702 63
730 418
107 605
379 883
486 -85
336 444
961 101
693 964
851 507
442 -196
582 360
562 146
404 617
850 66
984 277
462 859
608 713
875 -139
481 -484
187 161
534 572
301 -446
862 468
673 -225
437 -409
399 -395
261 912
483 395
483 646
999 -323
516 298
840 216
671 -70
583 313
412 914
936 210
640 302
168 125
874 822
309 -377
396 -414
377 501
582 -389
448 236
132 806
796 322
725 -483
616 102
894 203
497 317
177 -444
60 779
910 926
645 685
639 752
432 399
798 167
412 121
633 -156
868 -193
817 623
817 -495
661 -192
489 -51
799 -255
335 -286
659 -252
893 596
109 -146
99 194
290 276
11 503
294 837
518 84
281 -130
293 287
477 158
984 655
178 769
114 817
581 -10
294 -98
514 769
546 -217
798 -396
921 -434
333 291
779 316
809 577
756 -146
409 868
974 94
702 688
718 -393
371 994
365 827
560 434
352 611
575 693
826 427
371 771
14 -92
819 210
176 -487
29 830
639 744
783 -451
271 -332
588 105
656 -105
26 -290
891 -398
6 -296
502 196
955 33
919 -50
512 961
539 -467
706 492
203 555
325 -43
423 960
793 608
780 256
238 497
29 -394
993 877
573 785
711 -421
660 831
444 305
240 313
655 -228
253 762
678 380
217 844
255 501
533 732
530 -243
750 -352
611 129
14 947
816 889
216 876
165 220
631 -415
917 -8
26 166
927 148
577 704
971 273
768 655
935 147
175 853
260 550
705 808
166 963
150 947
879 942
128 -77
687 751
960 -215
379 -137
324 319
330 841
406 -226
8 -126
619 645
378 122
337 -109
612 921
346 -188
975 827
702 -179
142 201
574 258
194 202
706 909
194 -426
501 438
677 417
608 50
660 -336
946 425
965 840
1 750
767 424
292 607
341 692
675 308
299 227
980 912
781 491
458 534
138 718
605 600
662 -122
737 385
258 201
323 -258
514 -499
47 577
177 169
371 -419
343 -100
253 427
276 851
611 199
61 642
806 310
19 889
770 343
969 -480
763 316
38 -466
547 913
548 -280
523 926
275 783
960 320
676 481
579 813
13 -100
23 109
879 202
333 105
427 164
210 793
708 371
659 569
887 -393
709 496
349 333
305 349
394 -375
877 482
549 -315
969 347
333 628
607 739
207 -216
954 -232
388 390
948 140
972 575
210 636
46 686
212 218
595 -287
170 -52
417 -412
984 260
965 907
8 591
828 470
693 884
265 -197
634 940
306 -93
338 -137
813 -247
779 75
623 544
576 -486
645 107
239 597
735 147
662 -99
903 398
218 364
637 -127
697 -300
523 401
594 787
588 -185
869 806
511 302
827 307
438 786
816 914
709 -452
991 -438
106 -182
951 211
946 503
143 -148
481 -323
623 17
815 742
108 516
154 4
202 350
847 391
389 833
768 941
439 -42
755 -244
724 676
73 507
657 134
441 935
486 -274
111 267
444 85
288 -435
294 -205
379 833
77 -486
708 983
115 937
995 272
766 471
665 812
492 372
277 673
770 -427
823 346
681 791
80 -330
947 -468
981 86
514 187
973 -100
33 -229
41 -191
295 638
981 183
21 -400
390 577
111 857
154 -469
634 486
494 904
562 -430
942 -476
734 771
328 100
994 533
88 974
660 -35
17 -95
382 -417
268 785
808 -271
866 183
512 -414
194 975
513 107
560 276
950 -112
715 251
896 580
478 -185
302 426
39 367
690 965
917 906
546 141
465 824
181 -323
142 -77
182 -50
611 587
466 -275
214 366
147 524
951 44
124 -80
118 456
414 383
63 571
787 111
419 93
745 -29
171 55
560 124
15 357
677 -85
929 773
423 79
568 898
813 398
736 752
368 476
199 579
247 -68
610 740
23 -258
515 583
82 -150
290 686
49 145
795 784
359 924
844 490
730 335
291 -476
561 -364
893 557
968 73
536 -164
301 828
820 577
721 290
940 166
498 651
420 178
489 879
332 -24
71 -329
938 701
524 -449
894 609
203 936
839 -9
925 380
245 -226
146 -373
70 121
727 243
675 -299
826 128
357 -500
826 337
186 -320
136 -182
321 -113
237 -214
92 461
693 -415
417 283
575 701
241 386
722 471
388 593
754 230
12 640
320 573
710 323
364 -3
416 -367
495 175
812 521
890 559
80 542
181 826
377 224
845 799
844 275
750 688
628 -138
856 -295
492 618
188 511
361 927
814 -402
450 -145
776 409
892 -59
255 -252
173 871
140 538
818 643
276 200
753 253
248 23
717 186
759 -268
301 754
934 -354
187 653
712 77
308 802
840 745
785 132
745 332
576 334
879 -218
450 373
727 727
459 976
854 452
900 22
666 679
45 766
161 648
934 783
473 484
783 -176
435 527
865 400
821 43
681 -450
437 884
172 -189
39 849
316 379
237 909
372 -199
726 345
277 283
656 986
991 -176
873 788
998 -388
99 762
191 442
182 478
1000 89
650 165
10 885
521 178
306 140
658 -318
346 464
575 210
37 937
39 -323
142 942
73 192
301 -498
392 -464
332 -250
486 -110
885 348
205 -226
220 693
733 -46
558 -416
93 690
121 -105
943 -123
470 950
477 424
582 407
859 941
471 490
581 442
570 106
62 521
199 -48
759 488
686 331
228 804
976 -277
352 -281
811 -251
177 432
399 -350
898 242
177 531
99 793
863 650
280 703
602 304
608 677
23 633
398 673
10 120
355 456
623 4
727 519
29 296
802 -167
185 668
34 380
641 979
454 -269
697 291
34 140
127 666
780 905
42 759
662 -392
290 -448
995 -441
752 -39
415 166
144 802
304 847
392 -187
866 -111
265 95
953 654
846 -435
512 727
88 818
704 366
89 406
641 -59
697 473
421 776
902 638
968 834
313 558
125 -13
695 696
95 737
146 869
287 131
408 808
624 -90
658 338
644 -424
510 745
447 940
765 104
971 -376
718 -289
245 -227
354 795
523 957
179 973
306 170
447 334
4 566
799 97
196 -298
404 -111
127 -219
452 742
515 461
256 -348
711 952
332 328
158 -12
567 998
659 109
686 55
45 -22
702 -395
221 523
527 414
47 -51
285 -456
396 293
615 119
331 891
530 -103
341 969
631 869
635 -51
306 894
569 580
776 821
649 583
272 684
602 721
59 367
183 -389
835 430
194 398
757 99
892 -327
221 641
348 -153
327 83
407 933
870 585
129 794
942 837
297 254
237 -204
687 898
726 -12
970 845
142 -131
11 261
256 719
981 290
858 555
20 772
300 730
147 623
88 659
291 491
904 333
952 509
356 927
443 338
331 95
40 337
940 -77
391 286
664 403
864 -400
277 66
310 798
771 420
907 507
796 625
469 373
601 66
601 761
938 679
413 581
891 -477
755 -445
460 520
390 889
203 884
906 425
989 366
800 956
82 663
993 178
9 755
811 -366
237 138
459 -86
453 -183
169 954
120 -33
149 315
880 -275
466 407
786 -340
703 4
314 -382
593 629
823 789
948 809
277 228
584 -21
283 -168
10 974
861 165
75 463
218 615
653 238
968 -205
532 360
104 -413
215 448
636 486
765 379
148 63
139 503
148 404
720 -24
906 263
202 153
64 -384
792 7
821 206
113 855
498 -232
656 51
800 -90
688 35
40 437
32 406
466 384
252 -300
795 743
608 601
50 824
327 -234
629 536
903 523
266 136
880 528
779 933
795 200
765 -118
60 -186
255 502
514 829
626 -434
685 768
656 198
918 -487
957 -8
1 -66
0