198 600
2 10 114 6844
1 176 27 4081
1 65 164 7587
2 12 72 571
2 162 198 7260
2 30 141 8414
2 142 186 9141
2 49 93 2240
2 84 88 7776
1 176 148 5886
1 12 117 758
1 24 169 7929
1 111 5 1071
1 168 168 5482
2 94 72 4150
2 113 113 8897
1 129 40 2558
1 96 46 3703
2 60 192 9217
2 129 31 5948
1 103 125 203
2 134 175 2777
1 141 97 984
1 115 178 7644
1 60 86 875
2 12 6 578
1 181 77 5075
1 76 126 7447
2 13 61 4806
1 48 196 2542
1 57 11 7506
1 129 131 6767
1 35 157 8033
1 181 61 7950
1 108 33 9435
2 40 108 659
1 46 186 721
1 166 117 5680
1 85 145 2327
1 20 184 900
2 22 181 7951
2 108 4 8095
1 10 184 8844
1 106 77 3167
2 57 172 2843
1 103 93 354
1 118 134 3067
2 43 98 7372
2 54 148 8486
2 60 126 3218
2 67 179 8129
2 19 51 9219
1 4 24 705
2 184 112 5472
2 138 84 6111
1 63 138 5216
2 66 130 2763
1 100 86 5177
1 18 48 4851
1 190 153 403
2 135 33 6848
2 87 27 5363
2 144 4 3841
1 182 118 2600
1 115 39 6964
1 1 162 991
1 197 68 1330
2 159 118 2756
1 6 146 8106
1 146 58 5170
1 17 46 5436
1 77 135 574
2 75 37 9691
1 136 25 7986
2 185 56 403
2 74 28 3253
2 46 50 22
2 110 105 6194
2 36 69 55
1 157 47 3478
2 136 130 8266
2 18 142 8249
2 81 177 3122
1 78 145 621
1 131 46 9623
1 96 154 8930
1 43 129 9817
1 3 100 5296
1 185 161 2356
2 84 54 9060
1 133 71 3932
2 8 127 584
1 27 187 478
1 170 195 7143
1 125 161 2843
1 54 129 6343
2 101 24 5242
1 192 196 5157
1 13 64 7122
2 103 31 4330
1 94 184 5489
2 118 110 6025
2 11 111 6767
2 161 37 1893
1 131 94 1307
2 105 180 20
1 133 83 6892
1 98 99 219
1 12 70 5836
2 36 181 9440
2 182 146 3405
2 149 67 9266
2 92 115 9945
1 189 59 4580
1 10 166 6331
1 40 18 3894
2 14 106 7226
2 138 6 6922
2 60 198 9660
2 81 136 2783
1 83 110 8029
2 103 90 2081
1 96 44 5928
1 30 37 6102
1 129 10 9471
2 19 91 7495
1 23 141 6392
2 127 143 1178
2 100 39 1470
2 67 49 5800
1 120 75 4200
1 33 14 7212
1 169 16 2293
2 25 142 4196
1 106 140 9997
1 114 141 6439
1 11 60 3631
2 38 106 2503
2 129 117 1583
2 173 87 6485
1 30 20 3717
2 100 183 9336
2 104 146 1982
1 74 183 5689
1 44 106 7577
1 9 6 4485
2 70 45 2712
1 101 122 8128
1 123 73 3509
2 127 12 7946
1 32 8 373
1 54 40 6406
2 39 28 393
1 126 75 9200
1 142 87 4304
1 56 96 1836
2 128 86 8510
1 140 62 3361
2 98 163 2074
2 126 43 650
2 164 129 3937
1 183 47 7919
2 157 75 5640
1 190 67 4473
1 99 127 5220
1 151 128 5616
1 6 84 1910
1 10 10 5073
1 127 116 1623
1 170 130 8290
2 186 80 1372
1 3 74 4351
1 23 80 3236
1 60 20 2776
1 10 90 3216
2 156 72 8554
2 161 149 3666
1 146 73 4007
1 149 29 5430
1 38 127 9630
2 14 153 9991
1 28 44 4477
2 58 49 539
2 177 36 5527
1 66 58 832
2 4 55 7394
2 113 188 9815
2 128 46 1364
1 122 167 260
1 106 9 1594
2 60 145 3500
1 28 59 5414
1 23 114 1861
1 187 79 3123
1 109 53 6123
1 33 85 5616
1 99 164 3838
1 17 196 5516
1 126 39 9376
2 32 104 7027
2 69 15 3206
1 58 57 8296
1 127 117 4389
2 159 167 6115
2 75 70 1864
2 116 29 2206
1 161 100 458
1 59 38 2821
2 80 150 3448
1 81 63 258
2 89 99 3267
1 2 152 4192
2 24 135 861
2 55 152 3235
2 25 177 5598
1 197 124 4987
2 39 34 4874
1 58 97 6084
1 9 18 7952
1 123 183 9096
2 175 1 7284
1 96 103 4404
1 131 112 3100
2 160 176 6881
1 100 74 1128
2 107 5 3929
1 166 41 6145
1 81 38 250
2 73 111 3109
2 164 181 7772
1 88 179 7859
1 194 140 2911
2 148 41 4901
2 54 75 6360
1 67 164 6999
1 100 7 7680
2 183 28 2563
2 129 141 9710
1 80 5 4107
1 166 112 3422
2 52 184 6944
2 138 82 6623
2 15 152 7553
1 142 102 4231
1 156 80 706
1 13 156 9068
1 145 105 1887
1 103 39 9788
1 37 27 7791
1 77 58 4477
2 18 158 1365
1 141 28 335
2 118 96 7286
2 174 29 9796
1 84 184 6858
1 82 55 324
2 14 34 397
1 104 65 97
1 5 141 2603
1 78 17 7041
2 192 131 5985
1 187 89 204
1 145 133 2446
2 73 187 6663
1 45 23 3574
2 197 35 8970
1 70 18 4320
1 22 181 3289
2 168 142 9978
2 70 26 8142
1 196 9 4722
1 3 37 1008
1 90 65 6214
2 135 26 6572
1 134 117 1358
2 195 187 3069
1 35 184 1679
2 118 106 7307
1 127 153 7504
1 146 117 8750
2 152 2 5690
2 52 54 4328
2 100 75 1170
2 20 174 5956
1 136 52 9998
1 61 33 315
2 129 26 4931
2 197 90 2235
2 165 73 1973
2 46 51 7402
2 173 96 4974
2 198 22 2941
2 26 165 3402
2 32 68 8580
2 39 79 400
2 47 102 5547
2 100 160 3070
2 54 142 3850
2 184 142 636
2 35 110 4028
1 124 179 7008
1 38 72 7892
1 38 80 6253
2 104 21 9036
2 35 99 8047
2 39 176 1741
1 179 149 6972
1 174 87 4231
2 30 115 7102
1 173 104 9070
2 49 40 9273
1 17 114 5758
1 26 128 815
1 155 97 9508
2 66 7 9684
1 62 78 7029
1 2 79 798
2 145 126 600
2 140 133 9788
1 181 144 890
1 49 82 166
1 145 81 4085
1 194 78 6016
1 97 129 4485
1 58 100 3687
2 69 22 7510
2 168 93 5508
2 22 183 9627
1 43 22 5697
2 111 137 1777
2 28 126 6064
2 176 43 1748
1 28 153 4236
1 98 168 4027
1 101 158 2813
1 186 172 5198
2 45 179 3542
1 167 9 5529
1 175 12 3976
2 65 70 8252
1 69 152 9714
2 14 138 640
1 97 155 2361
1 166 165 5033
1 73 75 4485
2 125 152 699
2 29 151 890
1 82 153 7484
1 173 8 2325
1 114 96 2771
1 170 101 5829
2 13 21 5491
1 91 62 4999
2 57 172 8551
2 191 125 3956
1 59 142 2094
2 126 95 1833
1 98 129 9862
2 100 134 8691
2 101 114 17
1 46 30 9360
1 157 120 9224
1 195 198 3490
1 47 74 2074
2 91 122 3336
2 55 62 3269
1 7 174 7522
2 39 196 9283
1 1 35 5692
1 27 165 479
1 90 92 7062
1 63 41 1992
2 178 41 5452
1 128 134 1287
2 27 117 3181
2 25 30 2370
1 29 65 3905
2 144 156 9715
1 53 28 9713
1 42 35 6929
1 120 10 6285
1 65 142 8572
2 170 106 9521
2 179 32 2587
2 137 159 2115
2 56 26 3007
1 110 40 446
2 42 79 1768
2 79 78 5408
1 128 169 3499
1 117 154 9512
1 7 26 3718
2 47 7 3744
1 173 108 337
2 65 51 8032
1 149 138 1627
2 122 155 3671
2 63 49 9056
2 111 158 6209
2 7 169 8473
2 29 92 28
1 106 181 8159
1 137 4 5513
1 136 111 5292
1 185 153 1098
2 50 31 1896
2 1 83 4298
1 67 127 3762
1 135 144 3823
2 119 97 3132
1 190 183 5921
2 166 27 3810
2 113 39 2610
2 161 42 8136
1 87 77 7332
1 110 146 1346
2 56 163 4665
1 153 119 3411
2 71 38 7034
1 61 95 4580
1 116 152 3729
2 96 87 7845
2 36 149 9147
1 94 108 1831
1 162 102 5992
1 165 110 5066
1 45 166 9769
2 8 33 4549
2 24 158 5692
1 28 21 7642
2 119 44 9764
1 188 1 4832
2 49 2 130
1 184 41 8032
1 130 144 3186
1 152 113 950
1 170 60 6677
1 178 29 1653
1 179 82 4201
1 167 45 7858
2 110 19 6978
1 90 149 6863
2 51 29 432
1 92 165 9134
1 61 149 4217
1 155 167 3051
1 99 161 3606
2 196 56 1618
2 49 169 3441
1 12 132 3584
2 140 85 2724
1 77 89 8980
2 93 49 8828
2 17 67 9505
2 80 10 9053
1 191 130 7984
1 150 155 3193
1 103 131 9110
2 155 14 6818
1 125 162 4240
1 9 106 6455
1 56 90 7701
1 146 94 6558
1 31 72 2328
2 103 115 8038
1 117 164 2981
1 172 194 7861
1 163 85 574
2 130 132 2752
2 139 140 7228
1 153 127 2020
1 132 89 7514
1 146 8 3207
2 171 101 3625
2 68 16 2656
2 29 179 2804
2 166 178 8559
1 177 182 8925
1 45 54 2250
1 136 82 4901
2 55 108 1201
1 105 71 586
1 146 121 7551
2 86 148 464
1 150 166 8372
2 166 26 4752
1 37 123 5793
1 41 181 2189
2 7 183 4919
1 127 39 4480
1 8 77 2060
1 100 138 610
2 42 62 5906
2 179 73 35
2 112 128 6544
1 154 178 6238
1 53 117 6162
2 8 194 1014
2 41 39 8362
2 28 168 4227
1 127 36 6005
1 89 85 7165
2 8 177 5968
2 114 74 9134
1 55 190 217
1 156 19 204
1 153 95 4337
1 87 43 5712
2 147 143 6627
1 40 131 6930
2 55 99 985
1 103 22 9825
2 193 130 3379
1 30 98 2993
1 42 51 7853
1 48 158 836
2 30 108 313
2 32 112 2870
1 183 171 3828
1 120 168 929
1 162 158 853
2 178 35 6349
1 145 134 6061
1 10 128 4398
2 68 106 355
2 174 5 1465
2 57 122 2187
1 101 111 8374
1 165 121 8966
1 35 112 4304
1 10 29 4238
2 149 49 1031
2 151 44 2127
2 153 61 4181
1 100 142 740
2 149 190 8133
2 76 102 9721
1 111 54 8676
1 192 78 3649
1 3 24 8199
2 77 49 7477
1 37 11 8061
1 184 74 6607
2 74 2 2222
2 87 64 2112
1 91 150 3520
1 182 188 7878
2 87 103 9519
1 181 18 7108
1 134 139 5949
2 11 31 1776
1 89 149 2085
1 143 89 1172
1 182 93 9206
2 12 76 5979
2 85 98 8729
1 17 82 2031
2 187 112 7798
2 134 177 2410
1 124 139 7155
1 118 176 722
1 114 42 3222
2 48 42 8907
2 93 42 9076
2 182 134 4393
2 154 66 6176
2 89 105 6519
2 175 185 3217
1 51 173 9774
2 88 180 8208
2 68 108 4661
2 174 88 6349
2 158 189 7080
1 161 65 5337
2 40 117 1324
2 79 192 6620
1 100 70 337
1 70 102 2719
1 154 148 9151
1 89 103 3948
2 105 27 2380
2 35 125 3422
1 8 52 1066
1 181 3 692
2 99 123 7921
2 182 82 2365
1 157 152 4025
1 158 112 2014
2 103 162 4842
1 149 84 8712
2 140 179 627
2 101 25 4880
2 62 170 8979
2 159 172 6000
1 124 110 2035
2 85 75 7630
1 121 159 394
2 152 53 2733
1 65 160 8512
1 175 193 5245
