189 600
2 181 15 5098
1 21 7 1187
2 182 165 8100
2 102 160 6325
2 165 105 9247
2 181 97 850
1 176 160 7284
2 70 123 4899
2 124 55 5776
1 84 83 9634
2 150 147 9584
1 71 108 8558
2 109 131 1331
2 178 93 7656
2 104 126 2292
2 84 156 4064
2 75 79 3673
2 147 177 7094
1 128 70 4508
2 44 25 4770
2 120 40 6261
1 106 154 6483
2 3 50 9580
1 126 171 6320
1 181 171 5588
1 134 140 2344
1 175 166 8864
1 39 26 861
1 162 16 2211
2 180 90 4895
2 83 154 6289
2 28 135 4733
2 77 104 6029
2 29 79 7873
1 89 125 5855
2 116 160 2168
1 91 24 6219
2 74 108 784
1 152 15 1813
1 14 77 5264
1 80 24 2714
1 138 84 7812
1 179 148 6890
2 57 132 4578
2 155 160 1059
1 35 173 8883
1 57 8 6432
2 83 98 5941
1 177 167 2847
2 160 39 556
1 12 162 9803
1 128 71 1819
1 94 39 5249
2 152 114 4698
1 5 187 5113
2 31 4 8839
1 170 80 5920
2 125 135 2308
1 83 90 8155
1 14 62 404
1 65 101 2670
2 98 163 4280
1 159 154 9500
1 119 66 2360
1 162 171 4076
1 11 184 8515
2 115 88 597
1 35 180 600
1 37 132 4236
1 162 168 3805
1 74 50 7124
2 90 35 5155
2 35 22 5845
1 94 70 7733
2 161 80 6880
1 105 119 8630
2 41 39 6506
1 152 98 8917
1 118 7 1784
2 149 83 4342
2 40 45 6495
1 66 123 5828
1 24 61 4370
1 35 92 7093
2 111 166 3285
1 131 90 790
2 32 88 4880
1 171 14 7296
2 171 29 5143
1 77 107 1315
2 45 23 4815
2 112 104 980
1 123 70 7894
2 164 116 8114
2 188 22 8395
2 107 158 7392
1 123 106 5594
1 104 139 6022
1 15 139 2438
2 13 115 354
2 110 148 6745
1 87 123 4496
1 14 129 1146
1 90 180 4212
2 90 57 4910
2 55 130 6264
2 148 19 7154
1 23 124 2616
1 178 32 457
2 110 148 2621
2 63 184 9675
1 154 35 7088
1 149 56 8511
1 180 162 5848
1 101 132 7147
1 188 154 6828
1 173 82 9948
2 144 158 4815
1 177 43 2702
2 134 105 2438
2 62 154 3213
2 18 10 4166
1 172 54 9193
1 50 116 2312
1 138 93 2705
2 64 10 372
2 97 2 8026
2 82 9 6899
1 52 124 6973
2 1 153 2274
1 133 6 7921
2 44 123 7146
1 179 99 646
1 88 154 1330
1 157 13 8399
1 139 180 6909
2 41 185 8444
2 27 24 4007
2 67 173 9784
1 157 109 8253
1 67 140 7221
1 3 8 9247
2 185 13 9169
2 176 21 1622
2 188 142 2411
2 30 162 4025
1 84 95 7493
2 109 112 7833
1 14 84 3530
1 1 172 4395
1 2 66 3781
1 186 138 3836
2 61 158 5618
1 68 168 331
1 182 171 3165
1 54 6 7676
2 65 135 9217
2 42 156 104
1 79 156 1163
2 71 156 3242
2 152 92 3454
1 153 18 8118
2 101 61 946
2 94 79 129
1 101 54 8811
2 41 150 3462
2 91 40 2337
1 132 47 6164
2 95 102 9395
2 158 7 441
1 132 16 4673
1 15 188 1478
1 171 124 6288
1 173 28 2517
2 62 84 1537
1 8 167 2130
1 42 89 1319
2 8 118 7889
2 121 33 8557
1 30 178 9884
1 110 60 8621
2 29 141 4627
1 110 90 9119
1 8 127 547
2 81 99 438
1 61 127 1767
2 172 117 740
2 47 105 833
2 187 54 2262
2 145 86 1759
2 91 39 3789
2 29 158 5514
2 5 163 4080
1 22 131 760
1 43 42 2005
2 35 8 3414
2 21 10 8520
1 48 5 356
1 64 96 7347
2 153 102 6063
2 123 183 7867
2 122 179 3747
2 59 180 6089
1 18 30 3388
2 133 43 83
2 95 88 4093
1 176 170 7098
1 60 50 7273
1 61 159 7850
1 24 165 8496
1 37 15 9324
1 97 73 3145
2 101 107 9846
1 50 105 8884
1 139 149 7485
2 61 159 9137
1 16 162 381
1 169 162 8257
1 77 60 2658
1 54 88 2311
1 117 2 4076
2 98 126 318
2 94 33 2117
2 65 180 564
2 8 60 3561
2 79 48 9028
2 145 163 1165
1 167 181 1119
1 134 56 7942
2 163 12 533
1 166 71 1598
2 129 106 5885
1 4 49 313
2 86 161 265
2 144 57 6802
2 189 168 8926
2 163 53 5681
1 181 5 2050
1 84 74 5989
1 67 42 1482
2 171 12 5715
1 51 78 6141
2 39 162 9143
2 156 146 8760
1 82 48 831
2 15 130 3709
1 73 158 4301
1 131 123 9929
1 181 173 4049
1 138 94 7259
2 154 78 306
1 106 106 6094
1 57 57 6382
1 173 178 3794
2 150 49 7856
2 68 86 786
2 1 149 5289
2 19 106 2561
1 17 122 7636
2 146 98 6083
1 168 188 4301
1 96 31 8412
1 17 167 4614
1 151 68 2700
2 155 87 2696
1 62 115 5372
2 66 65 3431
1 103 55 4635
2 43 97 9293
1 147 35 8518
1 90 68 2590
1 175 68 2033
2 158 111 5307
1 135 161 7070
2 188 31 6803
2 189 120 7838
2 98 148 8709
2 21 2 1768
1 56 129 5537
1 89 77 7061
1 14 93 228
1 122 176 3882
2 39 151 445
2 189 93 7568
1 23 25 7114
2 21 51 8629
1 187 151 6071
2 14 58 9780
1 75 130 4528
1 134 166 9987
2 89 144 532
1 135 143 9405
1 142 52 572
2 63 25 4941
1 175 82 6393
1 125 108 1883
2 73 16 2802
2 91 29 9135
1 87 167 503
2 71 172 190
1 96 115 1112
1 1 31 7086
2 33 107 9010
1 138 155 4293
1 48 14 9862
2 153 178 3556
2 56 24 9381
2 117 141 6905
1 43 87 82
2 9 99 5328
2 120 56 6152
2 135 55 928
2 159 107 4643
2 113 169 3175
1 136 186 3810
1 156 49 7906
1 39 145 4179
1 148 151 2358
2 61 180 2565
2 65 38 7871
1 164 9 5614
2 177 10 461
2 159 61 1263
1 180 91 2058
1 159 164 5462
1 2 118 798
2 63 180 289
2 71 126 3679
2 183 36 5009
2 23 6 6186
2 49 98 1308
2 4 46 5150
1 189 133 3406
2 183 176 3334
1 62 163 1671
1 141 26 9206
1 50 103 5133
2 165 164 6244
2 185 141 8888
2 94 14 9
1 76 99 2107
1 125 58 7156
2 53 119 6965
2 37 117 2259
1 39 66 6801
1 15 127 8925
1 177 165 8571
1 85 71 9287
1 189 129 7443
1 92 23 3762
2 115 79 365
1 149 94 3527
2 24 175 7564
1 28 158 8208
1 46 114 9578
1 138 188 7516
1 8 132 9075
1 80 112 9
1 115 77 2867
2 155 100 4176
2 157 72 2098
2 10 130 436
1 122 97 8498
1 103 146 9222
2 143 141 6009
2 44 139 6124
2 110 76 804
2 153 160 2942
1 90 135 4322
2 99 135 3155
1 56 44 3749
2 167 2 9290
2 152 25 7518
1 143 54 7961
1 145 61 2873
1 176 22 4105
1 42 141 977
1 186 103 7605
1 159 41 5393
2 46 10 3737
1 105 64 6637
2 141 138 6656
2 129 45 4955
1 102 50 2095
2 117 33 3682
2 14 178 8869
2 107 2 7654
1 154 64 8149
2 128 140 4123
1 102 22 5448
2 162 61 8554
1 163 86 9090
2 50 34 6745
2 150 43 3826
1 23 153 6810
2 104 14 3321
2 140 28 27
1 100 129 7521
2 32 170 2002
1 9 115 4738
1 118 158 5129
2 125 98 8052
1 186 120 1850
1 38 58 7300
2 84 138 2628
2 147 39 9471
1 154 80 5433
1 138 19 1609
1 149 23 6594
2 98 128 9852
2 5 54 352
1 161 66 646
1 113 164 3594
2 187 72 3859
1 122 188 3967
1 29 166 239
1 139 123 8670
1 69 103 2512
1 127 146 4221
1 175 104 4520
2 9 21 1009
2 123 23 690
1 61 64 3186
1 48 59 3488
1 18 74 5033
2 142 54 7190
1 96 136 6425
2 170 124 2817
1 11 26 6996
2 55 150 3358
1 12 3 4273
2 1 177 5470
1 71 143 6584
1 99 79 1712
2 93 177 6011
2 161 187 7160
1 129 148 9746
2 97 117 1497
1 113 93 785
1 21 41 8303
2 168 133 4030
2 171 154 5224
2 59 132 5013
1 147 31 9249
2 27 14 6484
1 99 132 116
2 3 131 1557
1 188 30 3645
2 141 118 3677
2 86 27 8957
2 143 113 6967
2 103 80 6281
2 133 52 2072
1 3 28 8991
1 186 21 5810
1 126 103 9014
1 117 19 8615
2 98 97 7588
1 60 117 3975
1 139 114 9972
1 95 151 6842
2 80 183 2419
1 164 109 4052
1 11 33 3209
2 19 137 3639
1 95 12 2763
2 55 125 9967
2 133 77 61
1 100 112 2579
1 136 55 9303
2 143 26 3877
2 130 79 6710
2 170 52 959
1 185 97 5713
2 184 120 7607
1 141 175 6283
2 123 66 5994
1 156 78 3440
2 51 73 9447
2 39 147 9692
2 133 26 7045
1 19 120 1044
2 93 24 6228
1 181 162 6936
1 56 134 7474
1 181 115 2122
1 135 6 5671
1 135 152 4415
1 179 21 4994
2 111 150 3418
1 178 18 5510
1 69 155 7629
2 100 146 5560
1 175 78 1200
1 7 90 7315
2 156 90 7678
1 58 134 3695
1 187 150 4095
2 143 16 7720
2 111 151 5233
2 86 75 2425
1 55 38 896
2 168 166 8667
2 15 173 7513
1 138 52 2047
2 91 174 1195
1 87 143 5943
1 50 66 9630
1 85 24 8343
1 87 141 5461
2 52 31 8381
2 172 25 646
2 161 171 959
1 53 67 7374
1 98 156 7500
2 133 188 2022
1 92 171 3178
2 171 130 3394
1 92 123 8253
2 9 80 8071
1 189 31 4511
1 6 179 528
2 104 187 4593
1 123 164 6865
2 32 183 217
2 4 175 771
2 108 98 2629
1 56 79 9434
2 145 85 3025
2 31 58 7784
2 21 42 12
1 109 133 5175
1 110 165 8071
2 97 103 8732
2 77 77 2784
2 124 146 2971
2 153 33 8827
1 57 148 7234
2 46 65 8871
2 3 112 5814
1 40 108 8793
2 76 87 7629
2 161 135 3417
2 180 136 413
1 154 165 3216
2 143 31 6033
2 123 55 5943
1 131 35 8798
2 76 115 3549
2 81 28 6407
1 156 69 1757
2 167 90 3653
2 92 74 913
1 117 172 9100
2 132 92 5483
2 58 70 8962
2 50 32 6487
1 76 73 2344
2 67 31 5367
2 128 41 9527
2 161 85 470
1 125 83 8265
1 177 75 5593
2 95 41 8368
1 96 149 9206
2 12 98 949
1 168 31 1608
2 108 124 3119
2 114 68 3208
2 125 20 6283
1 103 78 8082
1 17 48 7221
2 113 68 1076
1 161 72 3939
1 36 166 3761
2 9 24 1783
2 16 57 2598
1 160 80 3713
1 51 112 2334
2 73 25 4490
2 30 142 394
2 133 104 8502
2 34 90 1808
2 67 63 1357
2 92 20 7050
1 179 162 7725
1 130 175 6496
2 156 95 948
2 69 77 6293
1 109 17 7737
1 8 179 3284
2 143 85 1403
1 100 112 3617
1 107 133 9641
2 80 146 1001
1 4 84 6786
1 162 91 7020
2 77 77 2966
2 171 139 5619
2 32 87 8615
