35 16
752 1387 1493 2147 2148 2599 3208 3455 3981 4827 5166 5273 5615 6571 7301 8055 8303 9144 9754 10727 10768 11339 11663 11866 11893 12344 13312 14194 14803 15061 15555 16284 16677 17086 17344 
469 969 1798 2368 3102 4078 4306 5074 6066 6383 7039 7738 7822 8617 9343 9964 10235 11235 11671 11944 12208 12334 13040 13622 13937 14360 14868 15840 16444 16661 17094 17595 18277 19027 19351 
209 832 1635 2143 2386 2594 3566 3755 4162 4495 4496 4915 5741 6229 7189 7419 7482 7729 8705 9655 10554 11547 11654 12053 12166 12622 13099 13945 14121 14658 15496 15687 15860 16761 17464 
16 633 814 1169 1246 2027 2945 3681 4670 5490 6042 6896 7827 8034 8891 9594 10038 10628 11552 11787 12772 13613 13881 14477 15265 15494 15899 16029 16266 16822 17620 18477 19300 20252 21017 
956 1174 1908 2079 2572 3532 3813 4365 4990 5053 5162 5378 5576 6003 6840 6853 7109 7712 8563 8688 9318 9582 10114 10351 10369 10845 10928 11439 12045 12851 13199 14195 14689 15549 16462 
534 1273 1394 2009 2239 2608 3565 3708 4488 4637 5098 5240 5855 5912 6512 6799 7358 8003 8892 9762 9786 10400 10921 11841 12670 13165 13852 14558 14951 15415 15500 15701 15765 16378 16672 
88 802 894 1711 2334 3333 3795 4527 5031 5768 5898 6158 6633 7102 8075 8270 8708 9682 9822 10710 11470 11873 12852 13186 13756 14274 14543 14972 15192 16149 16323 16504 16865 17259 18087 
49 700 929 1662 2325 2584 3515 4051 4418 5094 5681 5971 6369 6515 6918 7553 7904 8558 8843 9831 10023 10885 10980 11154 11602 11870 12161 12671 12835 13133 13363 14110 14145 14694 15124 
125 352 468 1023 1432 1745 2420 3185 3466 3919 3939 4904 5071 5950 6611 7100 7117 7549 8396 8764 8933 9260 10128 10487 11419 12356 12481 13089 13541 14099 14692 15347 15902 15997 16664 
48 494 775 1500 2199 2876 3143 3467 3725 4073 4556 5189 5265 6096 6898 7664 7912 8728 8779 8832 9699 10303 11138 12074 12249 13066 13322 14199 15075 16048 16152 17111 17904 18853 19678 
2 634 1230 2190 2814 3509 4184 4460 4898 5845 6370 6618 6851 7562 7923 8745 8875 9325 9755 10587 11015 11389 11926 12913 13205 13988 14668 15153 15813 16240 17048 17745 18561 19029 20006 
527 1183 1488 1606 1699 2524 2817 3414 4152 5088 5571 6210 6748 7369 8312 8341 8985 9205 9847 10249 10912 11280 12093 12594 13135 13446 13899 14685 15079 15987 16493 16936 17744 17956 18740 
170 402 884 1174 1565 1675 1806 2653 3158 4015 4507 5272 6242 6946 7462 7712 8423 8513 9010 9606 10285 10349 10354 10504 10838 11197 12096 12607 13319 13613 13774 13932 14690 14715 15313 
489 1141 1595 2221 2914 3736 4336 5182 5724 6557 7451 8229 8400 9182 9809 10409 10958 11150 12132 12176 12225 12430 12558 12773 12987 13151 14022 14936 14970 15393 15818 16297 17036 17652 18511 
132 786 1524 2251 2387 2690 2719 3188 3294 4162 4356 5016 5650 6520 7446 8264 8402 8623 8711 9151 9737 10492 10499 10531 11304 11938 12818 13740 14236 14818 15504 16452 16694 17012 17938 
489 598 1148 1714 1879 2192 2920 3543 4292 4507 5347 6058 7051 8049 8613 9169 9210 9524 10034 10629 10940 11589 12438 12760 13722 14035 14249 14956 15079 15711 16108 16116 16681 17530 17675