99 77
438 1070 2015 2914 2952 3014 3057 3897 4195 5005 5716 6464 7462 8022 8923 9588 10285 10926 11058 11405 11647 12600 12727 13076 13099 13764 14705 14823 15039 15580 16417 17020 17775 18111 18611 19154 19405 19754 20557 21159 21822 22691 22863 23771 24415 25324 25720 25887 26637 26899 27552 28184 28322 28638 28954 29719 29832 30310 31208 31582 32023 32472 32811 32976 33060 33414 33993 34761 34842 35446 35643 36209 36587 36989 37678 38376 38633 39375 39725 39802 40509 41367 41588 41899 42651 43207 43754 44238 45222 45241 45562 46328 47030 47909 48444 48452 49425 49678 50062 
316 345 1001 1707 2530 3204 3504 3515 4230 5221 5253 5358 5726 5808 6098 6888 7801 8673 9021 9764 10071 10902 11398 12311 12999 13282 13918 14644 14952 15255 15991 16738 17254 17324 18260 18726 19491 20325 21265 21951 22813 22822 23074 23288 24019 24374 24490 24895 25401 25647 25726 26596 26624 27449 28253 28512 29420 29565 29677 29702 30055 30146 30186 30602 31101 31500 32424 32716 32999 33678 34539 35248 35347 35968 36414 37039 37450 37507 37624 38460 39110 39652 39657 39926 40747 41696 42022 42854 43413 43528 44145 44812 45505 46161 47087 47156 48143 48891 49547 
317 911 1399 1971 2310 2683 2759 3173 3877 4719 5231 5975 6941 6993 7630 8510 8546 9095 9662 9981 10071 10779 11449 12347 12419 12820 13649 14118 14157 14829 15452 16367 16820 17462 17903 18021 18637 19308 20085 20782 21106 21858 21870 22615 23128 23983 24203 25048 25173 25969 26258 26876 27423 27443 27881 28636 29147 30099 30355 31231 32108 33018 34008 34201 34309 34697 35537 35854 35891 36522 37110 37351 38227 38942 39764 39967 40482 40911 41273 41361 41535 42225 42602 42691 43270 43826 44112 44915 45413 46152 46989 47914 48209 48261 48740 49175 49576 50365 51159 
211 1058 1114 2007 2516 3103 3239 4095 4843 5381 5665 5934 6583 6586 6794 6994 7149 7487 8232 8298 8601 9033 9914 10087 10262 10884 11606 11629 12120 12653 12965 13786 13954 14353 15296 16062 16317 16815 17796 18385 18616 18995 19777 20500 20950 21664 21838 22012 22812 23684 24546 25356 25824 26618 27387 27630 27681 27895 28882 29225 29594 30478 31158 31704 32383 32745 32891 33259 33545 33876 34007 34739 35608 35729 36256 36584 37057 37083 37697 38100 38849 39260 39489 40113 40613 40857 40881 41014 41846 42176 42603 43505 43715 44145 44896 45184 45655 46114 46672 
663 836 884 1578 2188 3127 3984 4923 5084 6052 6124 6499 7147 7292 7930 8091 8315 9246 10239 10477 10945 11225 11690 12661 13041 13331 13428 13861 14260 14676 15630 15846 15877 15985 16280 16374 17045 17778 18007 18806 18869 19642 20229 20633 21306 21603 21754 22322 22338 22677 23345 24180 25138 25343 26337 26633 27474 27865 28358 29156 29672 30310 31284 32213 32740 33408 33870 34599 34671 34817 35608 36347 36677 37521 38398 38578 39206 39873 40805 41182 41210 42012 42819 43404 44349 45272 45601 46224 46417 46464 47120 47629 48613 49237 49662 50206 51029 51785 52155 
275 521 1285 1822 2344 2838 3177 3510 4472 5116 5326 5854 6092 7058 7145 8130 8597 9314 10082 10637 11355 11964 12552 13353 14106 15061 15112 15548 15639 16131 16672 17217 18061 19026 19566 20127 20274 20667 21178 21245 21363 21463 21819 21905 22010 22383 22442 22864 23625 24179 24301 24753 25445 26058 26746 27219 27251 27951 27991 28442 29038 29662 30605 31330 32183 32344 33059 33549 34208 34752 35689 36557 36865 37401 37531 38434 38785 39103 39488 40126 40750 41201 41521 41860 42722 43096 43953 44531 45394 45494 45987 46845 47818 48459 49152 49333 49602 50410 50949 
673 1139 1469 1526 1905 2321 2904 3713 4251 4516 5031 5182 5538 6206 6906 6974 7678 8244 8269 9194 9989 10489 10599 11200 11580 12413 13082 13211 14157 14242 15187 15830 16024 16128 16965 17009 17928 18694 18815 19607 20177 20769 20784 21305 22179 22841 23181 23906 24801 25219 25350 25475 25737 26291 26445 26801 27530 28517 28849 29171 29297 30156 30339 31325 31682 32453 32911 33092 33334 33787 34315 35199 35424 35802 35888 36630 36884 36921 37653 38513 39022 39763 40547 40858 40859 41331 41961 42074 42951 43320 44020 44757 45194 45528 46016 46234 46512 47436 48090 
58 60 983 1462 2269 2837 3047 3806 3956 4839 5038 5165 5390 6291 6439 6802 7400 7937 8612 9346 9500 10034 10680 11028 11422 12180 12689 13621 13922 14800 15293 15914 16411 17223 17230 17806 17888 17999 18252 18733 18850 19013 19132 19641 20115 20679 20936 21638 22554 22857 23323 23505 23591 24440 25227 25996 26642 26862 26985 27095 27222 27313 28121 29094 29815 30651 31155 31991 32832 33508 33609 34488 35036 35612 36173 36693 37047 37319 37880 38446 39066 39284 39755 39794 40754 40772 41262 41908 42489 43020 43820 43957 44724 45443 45946 46474 47351 47814 48534 
570 726 1273 2206 2298 2730 3436 4018 4296 4411 4832 5253 6084 6096 6777 7089 7233 7737 8372 9165 10093 10188 10198 10504 10554 11291 11508 11934 11956 12354 12733 13236 14113 14957 15562 16182 16587 17232 17629 18109 18575 19157 19210 19253 19351 19748 20209 20295 20452 20648 21445 21693 22169 22580 23225 23955 24883 25100 25571 25980 26004 26335 27236 27661 27887 28508 28616 29124 29706 29877 30218 30714 31404 31856 32770 32772 33096 33901 34809 35531 35888 36682 37453 37800 38660 39010 39670 39774 40433 40591 41537 41941 42411 42850 43205 43453 43595 44033 44801 
59 848 854 1238 1293 1988 2373 2640 3160 4134 4420 5375 5896 6358 6820 6911 7188 7585 7818 8553 8571 8664 9270 9878 10017 10361 10678 10786 11372 11374 11575 12298 12872 13746 14033 14396 14755 15167 15781 15992 16567 16623 16654 17346 17449 18325 18495 19056 19432 19841 19845 20785 21666 22624 23088 23280 23691 24165 24437 24690 25416 26309 27058 27478 28216 28389 28465 28643 29443 29571 30036 30278 30823 30851 31682 31938 32681 33229 33761 33990 34010 34649 35176 35218 36129 36919 37676 38526 39022 39750 40032 40196 40802 41640 42009 42851 43644 44113 44308 
340 393 456 1360 1820 2450 2545 2777 3523 3547 4521 4850 4865 5319 5570 6079 6537 6642 7275 8256 8912 9865 10420 11382 11870 12234 12790 13697 13883 13973 14547 15524 15604 16089 16544 17351 17390 17846 18281 18789 19417 19920 20557 20793 20935 21799 22388 22861 23622 24379 25147 26050 26920 27083 27609 27743 28108 28655 28669 28889 28965 29592 30431 30620 31213 31654 32049 32335 32818 32941 33117 33212 33550 34528 35181 35297 35607 35686 36358 37125 37952 38122 38384 39051 39212 39259 39674 39841 40333 40903 41392 42104 42440 42777 43000 43430 43639 44443 44942 
679 1265 1873 2150 2620 3037 3744 4289 5251 6218 6362 6891 7665 8264 8519 9325 9585 10392 10650 10677 11617 11904 12419 12983 13085 13190 13643 13912 14471 15166 15569 15976 16967 17764 18039 18364 18716 18789 18957 19945 20626 20998 21410 22000 22950 23656 24023 24832 25768 26292 26376 26653 27533 28031 28288 28748 29199 29333 30002 30435 31173 31969 32065 32357 33244 33409 33470 33788 34554 35209 35934 36894 37018 37955 38156 38469 38784 38887 39463 40105 40505 41145 41179 41380 41478 41677 42515 42589 43183 43726 43982 44501 44940 45672 45889 46416 46721 47307 48276 
177 1068 1669 2060 3052 3383 4294 4868 5517 6008 6357 6529 6668 7144 7219 7832 8566 9394 10029 10340 11082 11393 11891 12612 13291 13641 14155 14722 14938 15059 15705 16446 17152 17312 17891 18228 18544 18618 19415 20154 20636 20772 21165 22123 22449 23133 23865 24388 24628 24918 25081 25750 25977 26841 27486 28174 28703 29150 29855 30411 31159 31290 32272 32329 32821 33203 33474 34325 34693 35098 35565 36545 37280 37747 37885 38090 38692 38861 39567 40347 41329 41342 42290 43262 43589 43815 44555 44997 45236 46030 46185 46699 47563 47808 47980 48562 49503 50173 51040 
37 201 872 1014 1213 1951 2322 3048 3414 3960 4926 5694 6107 6758 7340 7462 7620 7755 8208 8902 8923 9728 10334 10606 11483 12464 12739 13104 13186 13846 14678 15133 15709 16366 17027 18021 18570 19221 19664 19986 20648 21367 21831 22547 22633 23094 24040 24445 24550 24792 25705 26511 27266 27835 28117 28452 28917 29481 30135 30984 31911 32685 32787 33086 33582 34018 35018 35523 36141 37091 37928 38238 38424 39390 39916 40628 41363 42288 42885 43140 43507 43822 44536 44954 45269 45788 45944 46769 47516 47837 48544 48940 49174 49705 49828 50266 51220 52012 52250 
916 1175 1746 2069 2362 3083 3777 4348 4644 5402 5992 6078 6314 6894 7742 8689 9559 10335 10455 10667 11634 11664 11836 12099 12808 13485 14299 14508 15429 16027 16068 16169 16548 17205 17734 17758 18101 18882 19344 19944 20380 20988 21032 21876 22325 23115 23727 24281 24419 24756 25227 26220 26886 27270 27449 27539 27714 27780 27810 28660 29474 30037 30482 31089 31800 31990 32718 33644 34249 34680 35252 35984 36978 37457 37647 38614 38824 39704 40470 40758 41080 41916 42171 43059 43491 43874 44834 45037 45440 46069 46652 47366 47626 47947 48448 48628 49306 49876 49886 
272 957 1649 1798 1816 2809 2875 3144 3868 4300 4540 5242 5813 5949 6421 6475 6689 7369 7981 8125 9119 9765 10394 11045 11757 12720 12813 13458 13748 14600 15252 16195 16618 16789 16857 17857 18588 19382 19844 20111 20176 21057 21699 22555 22639 23223 23578 24455 25059 25655 25890 26047 26847 27836 27916 28692 29112 29779 30193 30247 30827 31049 31629 31711 31862 32489 33142 33172 33173 33576 34413 34471 34750 35445 36166 36484 37329 38046 38114 38951 39804 40734 40824 41794 42133 42863 43799 44346 44871 45727 46411 47365 48237 49014 49140 49453 49921 50338 50998 
302 856 1519 2237 2470 3089 4047 4298 5147 5721 6512 7084 7653 7974 8869 9793 10206 11173 12135 12163 12200 12897 13894 14797 15393 16190 16434 16890 17554 17741 18496 19234 19508 20349 20441 20746 21553 21927 22297 23000 23760 24094 24622 25323 25625 25669 26163 26554 27337 27974 28146 28549 29483 29810 30735 31731 31803 32010 32923 33733 34348 34576 34768 35666 35879 36092 36236 36625 36981 37157 37421 37842 38325 39173 39564 39609 39818 40602 41590 42362 43322 43498 43864 44470 44699 45208 45815 46808 47236 47803 48236 48853 49244 49423 49491 49583 50046 50574 50957 
637 1587 1802 2214 2624 2882 3125 4082 4359 4593 5183 5532 5881 6261 7231 7411 7953 8669 9335 9753 10445 10994 11364 11817 12356 13057 13438 13697 13861 14776 15197 15420 15890 15903 16064 16427 17396 18296 18959 19189 20139 20444 21393 21840 22784 23478 24198 24384 25142 25702 26340 27074 27701 28214 28795 29279 30053 30300 30380 31046 31691 32206 32292 32471 32653 33043 33131 33203 33440 34090 34951 35756 36058 36710 36764 36843 37603 38584 38636 39464 39987 40390 40706 41503 41567 42234 42396 42818 42874 43339 43955 43995 44943 45202 45834 46799 47173 47280 47421 
704 1224 1788 1991 2368 2406 2813 2906 3096 3452 4119 4913 5196 5857 6096 6295 7126 7191 8112 8493 9087 9225 9696 10530 11352 11755 12580 13242 14022 14575 15258 15887 16124 17068 17694 18489 18832 19317 20103 20335 20524 20559 20895 20950 21909 22018 22071 22741 23441 23509 24240 24822 25505 25979 26410 27115 27551 28140 28439 28754 28992 29976 30832 31215 31899 32687 33528 34312 35073 35772 36214 36385 36993 37593 38291 39039 39396 39834 40258 41026 41912 42692 43188 43948 44541 45426 45866 45919 46870 47531 47735 48023 48048 48445 49327 49585 49902 50712 51201 
422 1199 1641 1978 2247 3075 3486 3695 4392 5113 5583 6360 6635 6826 7518 8444 8967 9573 9774 10189 11169 11568 12240 12267 12841 12992 13740 14655 15040 15301 16250 17206 18040 18118 18583 18658 19195 20118 20459 21138 21840 22670 22767 23587 24150 24704 25501 26093 26736 26746 27285 27639 27850 28030 28572 29066 29127 29557 29634 29894 30840 31828 32397 33376 33729 34135 34570 34974 35139 35516 36071 36580 36812 37761 38276 39033 39720 39758 39780 40621 41249 42048 42589 42890 43260 43402 44046 44050 44134 44881 45270 46236 47011 47633 47793 48350 48932 49440 50176 
927 1051 1635 2521 2678 3376 4335 4758 4933 5454 5971 6878 7572 8308 9198 9966 10080 10279 10744 11206 11937 12339 13077 13313 13982 14939 15173 15892 16110 16717 16920 17544 18148 18277 18916 19213 19960 20919 21884 22845 23301 23387 23760 24476 25298 25605 26355 26917 27206 28084 28577 29383 30159 30989 31105 31514 32430 32754 32846 33501 33797 34043 34884 35024 35233 36004 36947 37549 38218 38569 38676 39330 39538 39965 40281 40934 41443 41558 41591 42413 42558 43368 44337 45149 45245 46016 46302 46381 46980 47570 48546 48703 49156 50048 50529 51494 51529 52474 52585 
931 1564 2290 3124 3563 4159 4968 5359 6258 6645 6667 6948 7586 7705 7825 8547 9478 9748 9800 9846 10175 10984 11206 11590 11658 12222 13083 13997 14350 14679 14790 15435 15937 16701 17599 18099 18411 19040 19624 19730 20666 21431 21461 21742 22718 22743 23152 23857 24738 25153 25897 26287 26585 26781 27268 27507 27764 28753 29216 29857 30574 31426 31822 31910 32124 32937 33683 34106 34594 35348 36233 36807 37190 37579 38094 38909 39355 40232 41016 41102 41521 41987 42766 43424 43688 44105 44322 44456 45014 45697 46045 46772 46980 47255 47398 47862 48609 48670 49448 
824 1241 1337 2307 2357 2857 3805 4104 4595 4751 5484 6172 6858 7585 7668 7888 8025 8342 9113 9560 9926 10014 10117 10711 11609 12090 13040 13998 14269 15082 15277 15617 15899 16472 16670 16898 17155 18154 18514 19062 19416 19656 20256 21244 22048 22420 23029 23261 23492 24375 24996 25070 25932 26674 27268 27627 27964 28907 29408 30047 30556 31347 31490 32180 32393 32556 32827 33811 34064 34126 34352 34525 34539 34908 35233 36206 36873 37700 38600 39363 40309 40879 41123 41541 41781 42029 42690 43579 44033 44488 44649 45629 46386 47183 47193 47301 48196 48438 49165 
347 817 1706 2520 3256 3748 4104 4742 5733 6063 6234 6236 6271 6619 7168 8015 8325 8978 9573 9950 10403 10725 11218 11384 12141 12713 13238 13868 14631 14968 15696 16080 16275 16774 17606 18494 19239 20236 21185 21848 22021 23013 23721 24296 24326 24497 24618 25588 26371 27090 27251 28063 28788 29761 30279 31021 31595 31825 32230 32290 32999 33127 33818 34690 35198 35639 35892 36159 36636 36690 36859 37580 37982 38499 38872 39415 40127 40409 40868 40905 41280 41452 42281 42925 43186 43209 43558 44084 44908 45562 46228 46506 47482 48115 48976 49350 49611 50013 50875 
70 388 1284 1994 2258 2956 3026 3687 3697 3907 4366 4372 4765 5069 5695 6472 6807 7071 7088 7947 8875 9777 10377 11165 11690 12067 12765 13362 14147 14220 14643 14819 15401 15430 15570 16563 17507 18277 18642 19574 19784 20737 21561 22242 22566 23473 24404 24474 25239 26176 26618 26628 27156 27229 27436 28059 28425 28591 29178 29731 30318 30858 31047 31526 32048 32131 32615 33481 33670 33987 34587 34757 35478 35515 35860 36592 37339 38027 39004 39484 40018 40785 40914 41039 41633 42269 42517 42905 43399 43705 43756 44610 45032 45558 46310 47157 47352 47546 48271 
52 622 819 1472 1627 2005 2562 2927 3539 3954 4940 5001 5584 6020 6809 7555 8015 8761 9248 10209 10753 11118 11738 12050 12777 13162 14038 14740 15560 16200 17157 17787 18487 18853 19705 20402 21023 21910 22059 22615 22943 23331 23722 24120 24211 24661 25125 25691 26611 27173 27954 28314 29142 29172 29414 30270 30426 31029 31147 31354 32074 32476 32712 33251 33586 34127 34759 34843 35660 36542 37223 38036 38766 38944 39638 40313 40362 40870 41144 41420 41575 42359 42769 42949 43769 44227 44809 45191 45567 45754 46500 46555 47107 47519 47873 48669 49047 49922 50598 
274 495 834 1121 1789 1895 2787 3704 4206 4383 5157 5499 6151 6216 6947 7028 7634 8291 8453 9400 9468 9656 10647 10721 11115 12036 13011 13088 14025 14620 15244 16122 16309 16877 17738 17796 18666 19213 19803 19916 19990 20147 21042 21769 22459 22734 22752 23673 24332 25300 26016 26700 27036 27600 28130 28979 29801 29970 30948 31291 31632 32588 32861 33772 34576 35266 35963 36275 36952 37141 37536 37687 38407 38728 39149 39649 39861 40270 41213 41549 42422 43070 43247 43648 44330 45050 45404 45601 46428 46517 46871 47428 47597 47700 47754 48357 49201 49627 49713 
425 927 1571 1914 2040 2389 2618 3374 3482 4037 4330 4972 5939 6662 6975 7639 8246 8868 8923 9729 10364 10702 11090 12009 12304 12359 12549 13510 14177 15041 15935 16286 16706 17257 17633 18190 18952 19105 19826 20806 21732 22357 22964 23101 23889 24020 24457 24559 25009 25484 25828 26026 26121 26257 27232 27630 28532 29187 30027 30677 31038 31440 31501 32273 33121 33160 33632 34042 34649 35475 36051 36163 36393 37341 37530 37934 38835 39609 40497 41291 42206 42927 43537 43734 43880 44207 44269 44906 45763 46256 47194 47789 47843 48741 49093 49680 50583 50934 51711 
454 901 1085 1740 2454 2916 3741 3783 4343 4977 5114 5833 6193 6519 7348 8031 8234 8322 8885 9185 9638 10080 11009 11516 12192 12983 13443 13627 14006 14610 15398 16139 16247 16394 16650 17046 17925 17973 18018 18912 19517 19632 20597 21329 21479 22308 22658 22842 23379 24083 24166 24942 25632 26106 26575 26889 27054 27515 27600 27980 28012 28621 29457 29556 30100 30332 30369 31169 32080 32097 32712 32908 33803 34429 34594 35180 36140 37115 37644 38010 38991 39842 40576 41492 41826 41898 42291 42584 42686 43196 43794 44769 44895 45026 45220 46121 46540 47197 47258 
22 350 433 1078 1182 1205 2028 2279 2648 3356 3966 4627 5273 5839 6748 7400 7963 8373 9306 9375 9671 10530 10842 10846 11604 11674 12186 12266 12445 13026 13054 13876 14150 14192 15186 16066 16143 16151 16452 16601 16747 17294 17316 18004 18157 18519 18756 19705 20074 20799 21790 22445 22496 22801 23001 23481 24439 24795 24989 25236 25682 26154 26895 27552 27815 27860 28710 28851 28922 29086 29597 29901 30551 31543 31810 31990 32667 33490 34036 34659 35064 35161 35948 36380 37269 37884 38232 38308 38623 38979 38989 39557 40064 40918 41536 41590 42422 42631 43057 
584 744 1270 1578 2122 3090 3462 4107 4250 4947 4972 5404 6381 6395 6815 7256 7676 8663 8959 9072 9362 10080 10663 11279 12240 12433 12617 13361 13743 14538 14912 14925 14968 15571 15774 16257 16989 17594 18373 19355 19433 20174 20531 20537 20546 21506 21524 22508 23099 23916 24828 25147 25363 25440 26075 26592 27591 28290 28421 28488 29122 29277 30096 30981 31965 32449 33083 33521 34520 35033 35641 36267 36569 37352 38181 39041 40011 40677 41327 41433 42335 43283 43911 43924 44380 44619 45014 45923 46615 46879 47045 47477 47734 47865 48732 49191 49206 49670 50301 
42 168 589 663 1036 2009 2897 3306 3494 3880 4046 4758 5466 5634 6237 6682 7523 7830 8135 8543 9237 10178 10758 11417 11614 12444 13100 13773 14453 14945 14988 15755 16685 17458 17938 18275 18908 19283 20243 20331 21063 21666 21850 21872 22131 22655 22983 23976 24317 24340 24718 25271 25652 26289 27089 27888 28125 28838 29830 30549 30856 31386 32033 32419 32838 33471 34024 34470 34749 35594 36330 37035 37195 37324 37539 38066 38745 38909 39316 39569 39665 40438 41044 41340 41913 42433 43015 43164 43302 43442 44111 44713 45617 45983 46815 46945 47833 48332 48894 
311 459 932 1061 1146 1728 2714 2731 3560 4055 4586 4963 5260 5673 5675 6633 7328 7905 8248 8665 8869 8996 9845 10762 11642 12055 12961 13406 14128 15000 15270 16232 16477 17385 18359 18532 19183 19953 20933 20970 21948 22523 22548 22601 23181 24108 24971 25262 25551 25715 26542 26942 27519 28000 28278 29090 29783 30020 30662 31617 32354 32876 33272 33313 33773 33865 34652 34764 34919 35376 35999 36859 37519 37961 37976 38051 38917 39341 39888 40208 40421 40744 41637 42263 42417 42470 42982 43523 44335 45215 46111 46771 47047 47866 48005 48864 48995 49119 49834 
360 1296 2136 2207 3191 3980 4437 4853 5813 5995 6902 7289 7494 8192 8546 9213 9772 10382 11184 11819 12159 12242 12525 13343 14021 14216 14537 14736 14788 15641 16600 17027 17132 17750 18275 18884 18954 19370 19489 20124 20399 21269 22170 22510 23284 23601 24538 24868 25714 25953 26217 26785 27057 27322 27838 28806 29248 30158 31084 31917 32679 32726 33391 33866 34301 34788 35314 36002 36366 37107 38045 38503 39386 39833 40027 40098 40679 41067 41962 42175 42815 42908 43206 44201 44719 45284 45328 45332 46177 46945 47755 48063 48798 48803 49183 49739 50532 50694 51376 
674 1179 1786 2420 2770 3168 3592 4039 4432 5356 5814 6404 7161 7606 8465 9460 9626 10516 11389 11414 12257 12938 13576 13617 14588 15178 15187 16008 16639 16870 17317 17770 18584 19504 19609 19946 20683 21304 22052 22605 22618 22945 23841 24182 24462 25206 25689 26343 26896 27318 28107 28327 29185 29593 30166 30480 30665 31583 32450 33229 33298 34200 34639 35185 35270 35770 36621 37354 38343 38686 39016 39208 39599 40398 41216 41590 42317 43171 43767 44054 44843 45391 45633 46066 46786 47155 47478 47997 48204 49085 49547 49564 50415 51410 51524 51704 52351 53339 53422 
77 617 1477 1782 2149 2994 3479 3832 4748 5631 5967 6650 7280 8273 8633 8678 9424 9709 9891 10324 10599 10722 11545 11975 12070 12805 13600 14255 15148 15695 15737 16519 17089 17731 18175 18830 19219 20058 20252 20913 20950 21279 21829 22541 22779 22845 23757 24085 24156 24624 25058 25084 25414 26210 26500 27127 28021 28552 29400 29410 30383 30525 31045 31968 32109 32265 32855 32949 33652 33900 34429 34449 34715 35441 36023 36754 37613 38235 38248 38290 38721 39369 39663 40108 41003 41351 41705 42632 43326 43343 43564 44526 44727 44737 45600 46549 46787 47285 47632 
390 468 982 1215 1495 1569 2470 2838 2991 3098 3339 3577 4469 5131 5653 5775 5940 6742 6912 7784 8554 8812 9626 10169 11053 12032 12330 12386 13338 14035 14319 14820 14836 15210 15558 15796 16730 17231 17934 18115 18126 19042 19815 20460 20834 21273 21284 21290 21391 22243 22898 23406 23906 23969 24151 24294 24823 24955 25395 26330 27221 27887 28262 28359 28855 29169 29186 30044 30640 31122 31664 32330 32384 32854 33564 34086 34910 35040 35642 35870 36843 37284 38199 38696 39673 40637 41347 41904 42063 42752 43302 43667 43853 43988 44454 44993 45610 45673 45888 
115 173 210 490 825 835 1423 2192 2272 2912 3725 4135 4815 4880 5774 5812 6751 7125 7944 8590 8691 9393 9714 10217 10524 10850 11794 11804 12147 12226 12465 12805 12869 13248 14173 14179 15110 15835 16045 16521 16714 17020 17982 18623 19525 20262 20510 21425 21766 21883 22843 23655 24357 24872 25447 25815 26315 26666 27376 27392 27513 27653 28038 28959 29593 30310 31009 31944 32677 33546 33768 34120 34690 34832 35086 35513 35979 36862 37634 38536 38789 39172 39754 40185 41120 42054 42260 42421 42658 43452 43930 44264 44938 45846 46591 47407 48102 49071 49996 
256 708 1281 1812 2647 2802 3048 3645 3734 4214 4379 4430 4592 5441 5954 6326 6411 6545 7196 7708 8676 9122 9787 10687 10900 11042 11283 11747 12034 13007 13454 14265 15139 15720 16528 16820 16923 17096 18091 18136 18426 18924 19619 19673 20428 20830 21193 21429 21760 22625 23504 23750 23813 24470 25279 25819 26201 26821 26940 27143 28108 28944 29320 29544 29768 29771 30107 30850 31840 32251 32654 32699 33038 33542 34475 35068 35392 36023 36399 37330 37802 38317 39237 39386 40199 40974 41746 42315 42386 43073 43327 43461 44201 44821 45706 46290 46552 46697 46818 
479 786 1383 1777 2370 3350 3880 4526 4605 4925 5863 6444 6788 7754 8323 9284 9492 9957 10429 10772 10913 11570 12286 12921 13028 13979 14596 15492 16318 17288 17959 18871 19239 20102 20517 21188 22047 22351 22936 23707 24314 24917 25859 26798 27305 27979 28025 28427 28714 29226 29551 30003 30942 31429 31856 32272 32478 32647 33295 33307 34191 34294 34723 35296 35914 36418 36525 36919 37819 38380 38862 39583 39933 40152 40715 41563 42342 42671 43401 44000 44640 44784 45036 45447 45852 46640 46931 47557 48450 48590 48676 49382 49600 50110 50802 51258 52166 52263 52756 
277 1191 1668 2539 3145 3785 4651 4929 5088 5229 6058 6667 7451 7969 8556 9496 10022 10944 11132 12016 12051 12979 13629 13735 14200 14300 14845 14883 15440 16347 17294 17775 18586 19170 19641 20302 20598 21082 21123 21129 21924 22568 22998 23440 24138 25073 25370 26157 26747 26894 27177 27258 28138 28508 29466 30034 30041 30391 30899 31716 32658 33285 34241 35215 35845 35893 36305 36918 37558 38378 38722 39588 40465 40827 41304 42234 42251 42748 42886 43825 44656 44699 45008 45242 45993 46810 47439 48100 48450 48700 48832 49268 50216 50834 51436 52167 52675 52815 52830 
757 775 1461 1816 2798 3769 4125 4275 5074 5137 5971 6534 6869 6951 7629 8610 9598 10165 11163 12076 12379 12748 13713 13988 14794 14971 15139 15328 16034 16180 17149 17493 17584 17782 17838 17867 17872 18416 19397 20338 20343 20911 21005 21449 21573 22465 23030 23554 24347 24528 24806 24836 25828 26538 27014 27936 28298 29081 29658 30617 30899 31046 31229 31889 31963 32643 32805 33027 33876 34752 34917 35350 35904 36727 37617 38079 38081 38099 38678 39011 39384 39981 40909 41355 41976 42964 43160 44151 44567 45360 45939 46530 47394 47741 47808 48564 48711 49171 49488 
59 742 1132 1564 2346 2837 3205 3283 3963 4102 4181 5027 5591 5876 6779 7033 7603 8304 8582 9524 9627 10111 11062 11915 12755 13400 13676 14385 15286 15644 15976 16936 17776 17888 18268 18803 19408 19433 20114 20487 21110 21371 22127 22185 23097 23923 24612 25262 25339 26204 26461 27388 27850 28594 29331 29772 30282 30408 30657 30853 31505 32026 32827 33562 33817 34429 35403 35997 36611 37345 37467 38111 38402 39198 39614 39821 39865 39966 40632 41569 42449 43355 43697 43927 43963 44279 45028 45355 45370 46362 46846 47636 47650 48342 48810 49712 50144 51060 51123 
420 1174 1609 2337 3097 3165 3244 3687 4295 4679 5168 5407 5727 5942 6124 6219 6959 7607 7914 8292 8729 9490 10141 10214 11051 11298 11580 11967 12306 12387 13382 13608 14349 15228 15483 16106 16715 17082 17776 17850 18381 18801 19571 19603 20486 21335 21907 22736 23553 24096 24466 24943 25742 26278 27167 27433 27765 28221 29147 29234 29591 29592 30124 30707 31274 31452 32009 32573 32858 33000 33926 34445 35003 35793 35868 36792 37463 38122 38658 39417 40247 40889 41198 41893 42049 42879 43234 43739 44256 44873 45821 45940 46398 46635 47270 47416 47420 47594 48241 
775 912 1438 1751 2187 3154 3342 3717 4091 4956 5662 5941 6206 7058 7127 7388 8231 8805 9313 9948 10662 11584 12388 13378 13479 14474 15425 15696 16617 16934 17567 17700 18035 18982 19402 20377 20754 21489 21598 22001 22558 23472 23889 24143 24446 24983 25412 25428 26010 26855 27406 27634 27758 27760 28449 28731 29268 29478 30136 30745 30757 30991 31571 31644 31892 32348 33177 34062 34798 35354 35984 36727 37345 38135 38264 38631 38904 39311 39997 40801 41367 42209 42419 43355 43882 44671 45091 45152 45986 46886 46938 47569 48513 49291 50262 50827 51532 52087 52816 
758 1586 1711 2673 3180 3682 4371 4902 5661 6130 6283 6667 7528 8480 8725 9230 9805 10189 10419 10552 11432 11666 12552 13460 14246 14975 15324 15977 16111 16543 17004 17354 17966 18924 19422 20286 20369 21308 22270 23242 23791 24197 24364 24892 25315 25995 26862 27481 27527 27559 28505 29435 30111 30842 31336 32334 32883 33622 34179 35065 35291 35956 36414 37151 37959 38217 38982 39768 40115 40245 40738 41009 41894 42535 43338 44314 44877 44883 44979 45723 45806 46531 47093 47596 47863 47939 48712 49683 50398 51263 51846 52261 53132 53908 54706 54843 55207 55662 56176 
394 721 1009 1906 2426 3212 3969 4752 5417 5635 5969 6755 7462 8321 8933 8996 9704 10004 10104 10692 10734 10979 11709 11960 12105 12539 12748 13180 13894 14084 14132 14427 15253 15481 15672 15710 16242 16323 16778 16799 17400 17652 18041 18305 18764 19138 19955 20907 21215 21346 21901 22708 23280 23692 24526 24886 25355 25978 26264 26514 26892 27436 28018 28186 28756 29095 29327 29831 30120 30329 31281 32147 32200 32249 32905 33902 34855 35128 35989 36857 37500 38207 38908 39729 40147 40332 40450 40733 41615 41639 42300 42615 43317 44222 44282 44524 44758 45525 45542 
947 1941 1945 2213 2973 3270 3770 4178 4361 4593 5481 5712 6472 7223 7372 8077 8342 9287 9421 10247 10769 11689 11773 12171 12582 12816 13753 14584 14941 15874 16853 17722 18697 19220 20217 20327 20458 20770 21439 21612 22039 22374 22881 23860 24379 24625 25157 25623 26590 27427 27861 28336 28439 29373 29432 29787 29956 30845 31724 32144 33107 33882 34672 35496 36223 37032 37192 37292 38052 38374 39240 40090 40133 40854 41728 42170 42969 43532 43884 44616 45306 46082 46473 46953 47368 47956 48280 48656 49413 50282 50555 51552 52532 53417 53819 54070 54255 55139 55938 
850 1023 1231 1335 1583 2374 2929 3636 4614 4959 5147 5185 5767 6348 6928 7588 7769 8037 8789 9470 9853 10695 11025 12023 12055 12913 13351 13505 13582 13813 14437 14740 15080 15955 16678 17118 17711 17924 18269 19253 19399 19415 20360 21183 21413 21803 22133 23105 23590 23828 24293 25203 25973 26305 26737 27435 28228 28563 29406 30024 30220 30793 31359 31911 32181 32367 32677 32810 32985 33018 34003 34371 34792 34801 35602 36247 36504 36881 37016 37947 38947 39599 39954 40004 40168 40779 41073 41299 41652 41960 42357 42971 43646 44627 45283 46280 47218 47481 47681 
51 153 394 965 1243 1485 2310 2690 3074 3546 3809 4460 4705 4830 4871 5638 6623 7415 8396 9151 9926 10018 10880 11019 11152 11780 12648 13620 14070 14673 15051 16005 16215 16794 17366 17460 17592 18456 18927 19675 20536 21508 21987 22063 22818 23625 24058 24589 25499 25511 25919 26539 27460 27629 28225 28390 28786 28891 29062 29139 29320 29375 29689 29891 30658 30811 31137 31968 32338 33082 34043 34587 34764 35236 35796 36693 37268 37977 38970 39763 40154 41140 41173 42042 43028 43243 43733 43943 44474 44790 45043 45101 46086 46600 47073 47920 48410 48587 49550 
412 1272 1742 2440 3077 3624 4395 5301 5399 5774 6096 7021 7596 8041 8261 8617 9532 9940 10216 10356 11220 11989 12124 12745 12815 13256 13404 13793 14134 14930 15383 16203 16470 16591 17562 18444 18993 19800 20176 20538 20596 20989 21876 22727 23498 23973 24007 24102 24217 24492 25060 25577 26419 26565 27108 27324 27803 28643 29198 29436 29484 30382 31093 32005 32224 32945 33824 34542 35267 36076 37047 37068 37931 38508 38551 39316 40133 41084 41240 41558 42403 42874 43097 43858 44154 44376 45375 45673 46105 46161 46629 46855 47414 48038 48583 49130 49647 49758 50492 
278 923 1859 2233 2629 2855 3683 3904 4588 5094 6019 6450 6878 7841 8133 8989 9717 9720 10445 11070 11756 11884 12860 13455 13952 14098 14963 15173 15633 16255 17014 17494 18400 18493 19038 19689 19858 20791 21263 21828 22502 23284 24177 24719 25591 25688 25824 26436 26719 27600 28258 28483 28897 29084 29428 30248 30935 31745 32659 32726 33226 33343 34148 35058 35393 36071 36961 37194 37336 38203 38768 39231 40116 41064 41279 42050 43006 43712 44666 45583 45631 46325 46534 47085 47094 47131 48078 48184 49167 49374 49489 50271 50807 51402 51543 51661 52235 52681 53344 
368 770 980 1886 2448 2481 2652 3200 3894 3914 3917 3924 4452 5352 6292 6631 7044 7522 8518 9250 9982 10371 11066 11514 12334 12916 13443 13621 14574 15328 15763 16246 16515 17390 18196 18344 18793 19738 20128 20479 21196 21682 22460 23174 24080 24867 25515 25560 26474 26663 27620 28578 28813 29673 29998 30472 31353 31555 32139 32650 33049 33827 33895 34554 34963 35219 35224 36161 36728 37643 38257 38650 39302 40285 40624 40964 41007 41465 42390 42691 43033 43180 43641 43711 44346 44457 45413 45981 46106 47054 47881 48032 48217 48509 48553 49032 49918 50491 50761 
940 1568 2562 2564 3257 3421 4241 5025 5815 6097 6998 7330 7728 8684 8727 9622 9705 10595 11137 11717 12663 13020 14002 14594 14674 15017 15540 15572 16032 16140 16471 16646 16959 17081 17189 18146 19117 19294 19977 20418 21277 21734 22210 22527 22563 22876 23075 23403 24366 25149 26130 26309 26417 27316 28076 28296 28745 28926 29636 30279 30655 31239 31624 32170 32343 32843 33349 33557 33725 34695 34810 35339 35565 36442 37337 37931 38560 38584 39512 40039 40448 41226 41508 41540 41969 42222 42233 42943 43142 43399 44179 44614 45577 46274 46903 47245 48016 48923 49359 
628 1230 1338 2267 2590 3246 3552 4396 4886 5332 5733 6161 7071 8033 8700 8894 9349 9399 9788 10253 11172 11400 11539 11960 12565 13246 13426 14237 15125 15654 15784 16751 17329 18059 18061 18159 18247 19059 19610 19717 20015 20208 20350 21296 21351 21641 22533 22936 23122 24055 24255 24762 24995 25344 26094 26299 27080 27876 28530 28663 29213 29350 30157 31034 31929 32191 33055 33338 34048 34930 35140 35406 35700 35748 36142 36814 37598 38259 38393 39111 39529 40179 40945 41818 42548 42639 43467 44323 44331 44650 45117 46005 46070 46452 47042 47637 48247 48375 48795 
708 1263 1757 2602 3460 4336 4626 4788 5710 6002 6010 6646 7637 8017 8267 9078 9565 10343 11229 11321 12031 12334 12566 13139 13375 14144 14644 15362 15780 16007 16095 16423 17132 17988 18203 19079 19110 19350 19763 19872 20520 20737 21136 21374 22011 22705 23207 24032 24504 25451 25788 26168 26775 27266 27391 27870 28479 29208 29978 30469 31454 31479 31707 32250 32601 32604 33088 33937 34928 35171 35916 36000 36007 36193 36948 37588 37918 38388 38741 39019 39098 39339 39993 40463 40594 40830 41431 42293 42422 43069 43594 44443 44938 45072 45942 46156 46618 47359 47678 
328 669 1082 1949 2798 2949 3239 3288 3789 3921 3998 4741 5501 6456 6734 7480 7611 8541 8721 9431 10131 10964 10997 11761 12502 12765 13401 14278 14759 15590 15763 16691 16769 17256 17394 17949 18575 18603 18610 19374 19929 20704 21586 22436 22795 23704 24515 25087 25350 26094 27079 27229 27339 28178 29028 29406 29902 30804 31518 32171 32904 33520 34475 35070 35707 35913 36791 37185 38030 38240 38729 39676 40497 40989 41141 41318 41535 41987 42039 42830 42929 43395 43649 44033 44658 44772 45446 45577 45854 45925 46812 47789 48726 49393 49552 49917 50473 50523 51149 
496 675 743 1575 2486 3321 4077 4950 4956 5272 5971 6079 6643 7441 7698 7994 8944 9043 9093 9340 9630 10619 10980 11859 12730 13062 13300 14287 14763 14972 15257 15963 16008 16598 17394 17424 17484 18276 18435 19193 19910 20036 20519 20844 21445 22137 22987 23915 23935 24841 25438 26409 27277 27932 28860 29814 30059 30222 31003 31264 31379 32291 32922 33594 34135 34475 34536 34649 34912 35715 35839 36584 37476 38339 39174 39921 40011 40680 41416 41714 42125 42277 42586 43003 43566 43679 43963 44065 45059 45895 46314 46952 47730 48607 49136 49571 50392 51275 51788 
804 1317 1606 2382 3241 4124 4364 4437 4529 5078 5509 5684 6078 6426 6688 6765 7754 8310 8314 9045 9339 10112 10550 11495 12483 12541 12607 12710 12961 13760 13962 13991 14116 14673 14970 15016 15866 16737 17350 17940 18047 18686 19518 20496 20645 20908 21499 22469 23299 23845 24252 25212 25810 26558 26891 27511 28251 28651 29112 29718 30362 30529 31478 32265 32882 33396 33477 33654 34464 34553 34819 35661 36097 36167 36772 37604 38279 39224 39913 40657 40803 41663 41665 42044 42687 43474 43743 44253 44361 44422 44549 44773 45520 45584 45618 45914 46096 47076 47858 
832 1715 2631 2774 3757 3973 4901 5336 5503 6053 6291 7265 7754 8731 9157 9840 10023 10661 11319 11958 12775 13152 13307 14203 14748 15072 15501 16141 16650 17567 17852 18847 19237 19462 20075 20840 21096 21277 21476 22174 22561 23218 23975 24645 25436 25793 25888 26205 27046 27550 28128 28696 28949 29052 29201 29662 30184 30380 31316 31931 32058 32363 32603 33364 34318 35054 35091 35389 35427 35800 36628 37374 37377 37458 37558 38489 38676 39073 39778 40286 40408 40779 41289 41746 42689 43182 43647 43706 43783 43960 44199 44206 44556 45214 45304 46066 46190 47131 47251 
591 619 1064 1642 1651 2595 3418 4317 4945 5043 5263 5590 6301 7132 7278 8255 8472 8771 9309 9777 10085 10858 11335 11671 11955 12753 13018 13356 14207 14810 15594 15596 16231 16581 16893 17385 18374 18634 19367 19452 19674 20269 21203 21521 22273 22276 23105 23889 24095 24403 25171 26120 26991 27472 27906 28129 28155 28712 28983 29616 30523 31374 32317 32586 33538 34361 35105 35790 36220 36271 37066 37788 37919 38151 38966 39546 39808 40629 40740 40882 41865 42278 42287 42987 43711 44504 44922 45362 46014 46277 46888 47202 47782 48434 49321 50298 50809 50991 51633 
343 1266 1644 1993 2220 2578 3051 3331 3422 3508 4125 4527 4812 5237 6119 6936 7414 7790 7920 8273 8732 9298 10193 10790 10848 11703 11856 11891 12132 12660 12885 12967 13789 14242 14729 15550 16346 16366 17173 17275 18078 18579 19486 19939 20101 20384 21119 21416 21981 22456 22479 23137 23517 24393 24727 24797 25637 26614 26817 26834 27166 27993 28425 29327 29372 29398 29694 30600 30837 31097 31344 32210 33076 33648 33887 34217 34884 35384 35494 35835 36480 37175 38100 38728 38993 39525 40500 41254 41837 42677 43187 43765 43826 44235 44627 45062 45375 45798 46792 
898 1229 2129 2795 3436 3861 3876 4114 4816 5617 5798 6085 6322 7233 7805 7949 8261 8387 9211 9551 9765 10454 10456 11093 11116 11960 12361 12739 12944 12980 13299 13386 14106 14512 15454 15689 16220 17118 17146 17813 18244 19097 20042 20065 20942 21592 22292 22460 23456 24032 24118 24138 24532 24681 25084 25953 26093 26427 26896 27636 28456 28480 29387 29491 30316 30814 31607 32184 32206 32993 32994 33040 33621 34367 35354 36225 36460 37171 38088 38538 38847 38942 39407 39509 39515 40492 40917 41755 41876 42014 42991 43279 43723 44559 45305 45904 46705 47551 48289 
117 294 1138 1415 1847 2738 2881 3006 3949 4200 5004 5338 5951 6358 6884 7348 8252 8284 8342 9047 9548 9635 10382 10800 11240 12176 12244 12798 13448 13648 14429 14622 15541 15939 16235 17027 17353 18059 18600 18807 19426 20006 20224 20382 20737 21163 21457 21537 22211 23030 23590 24516 25143 25417 25641 25987 26222 26875 27234 27905 28785 28822 29315 29999 30907 31849 31933 32007 32268 32415 32804 33647 33851 34245 34313 35105 35696 36563 37113 38073 38533 38834 39698 40242 40574 41410 41555 42165 42271 42315 42980 43359 44209 44906 45897 46179 46446 47304 47384 
680 891 1198 1892 1969 1974 2875 3644 4488 5161 5859 6714 6973 7852 8248 8664 9444 9799 10688 11466 11606 11899 12237 12748 12792 13247 13644 13684 14541 14839 15022 15419 15902 16377 17144 17185 17365 17424 17605 18533 19031 19648 19783 19817 20309 20512 20980 21407 21673 22312 23123 23291 23534 24339 24504 25232 25548 26069 27050 28005 28314 28983 29885 30776 30848 31122 31592 32408 32783 33615 33863 34053 34362 35063 36057 36059 36281 37060 37985 38162 38391 38773 39326 40163 40810 41561 41827 42617 43566 44277 44873 45428 45433 46180 46614 46803 47547 48480 49072 
300 997 1623 1955 2126 2327 2915 3439 4338 4898 5455 6272 6966 7590 7620 8106 8466 8751 9050 9564 10481 11014 11599 12200 12973 12987 13389 13793 14180 14987 15756 15854 16542 16627 16735 17020 17768 18268 18397 18562 18920 19155 20043 20826 21608 21946 22781 23756 24481 24599 24801 24876 25455 25899 26510 26730 27327 27783 28468 28654 29426 30357 30683 31447 31932 32594 33159 33946 34927 35442 35547 35884 36010 36837 37107 37894 38351 38678 39430 39575 40406 40491 40621 41419 41717 42533 42682 43597 43896 44141 44281 44763 45715 46174 46723 46854 47580 48030 48821 
879 921 1097 1944 2178 2351 3147 3698 4266 4569 5285 5738 6081 6960 7860 7968 8596 8868 9027 9518 10478 10679 11583 12505 12744 13193 14175 15007 15088 15336 15987 15989 16776 16777 17085 17608 17838 18030 18813 18935 19732 19947 20929 21737 22573 23301 23969 24865 25814 26713 27682 27707 28410 29264 29449 30260 30837 31103 31949 32721 32977 33054 33463 33895 34585 34790 35026 35060 35257 35381 35902 36672 36806 37710 38401 39184 39272 39481 40323 40661 41049 41509 42116 42557 42739 43081 43757 44084 44167 44456 44987 45788 46649 47529 47533 47792 48510 48546 49283 
271 1047 1459 2347 2892 3753 3989 4559 5189 5687 6450 6685 7650 8209 8386 9118 9274 9928 10520 11483 11748 12641 12727 12784 13067 13917 14567 14917 15083 15206 16065 16982 17304 17579 18528 18807 19251 19979 20327 21315 22133 22693 23272 24137 24941 25190 25257 25573 26170 26834 27532 28295 28425 29131 29665 29866 30015 30918 31280 31432 32027 32620 33040 33270 33960 34868 35793 36258 37156 37662 38544 38841 39382 39771 40409 41218 41972 42187 42270 42273 42784 42922 42978 43760 44361 44432 44993 45417 46109 47026 47839 48821 49022 50001 50499 50937 51934 52645 52787 
106 248 523 983 1139 2114 2393 2800 2995 3895 4220 4793 5597 6547 7446 7448 7684 8619 9604 9980 10916 11747 12053 12661 13155 14108 14830 15810 16076 16402 17028 17404 17524 18296 18483 19331 19572 20496 21248 21393 22238 22844 23337 24007 24272 25115 25783 26203 26268 26569 26739 27457 28227 28243 29153 29938 30633 31104 31843 32607 33487 33541 33711 34316 34349 34680 35658 35774 36352 37105 37613 37868 38088 38725 39191 40049 40865 41549 42519 42898 43812 44648 44926 45286 45678 45869 46582 46759 47437 48370 48930 49114 49500 50033 50332 50367 50929 51710 52637 
437 779 1465 1525 2118 2693 3387 3686 4490 4745 5038 5857 6697 7127 7920 8851 9061 9283 9914 10155 10928 11618 12235 12701 12950 13229 13653 14268 14924 15671 16459 17425 17918 18827 19402 19964 20139 20671 21302 21746 21932 22285 23212 23780 24134 24587 25505 26241 27080 27647 28145 28646 29144 29331 30029 30334 30690 31380 32289 33230 34161 34582 35279 35682 36479 37350 37509 37825 38787 39080 39994 40569 41515 41792 42005 42197 42340 42526 43256 43623 44166 44814 44983 45577 46460 46567 46942 47518 47719 48199 48953 49087 50020 50188 50686 50936 51145 51964 52096 
505 1322 1791 2112 3059 3100 3994 4413 4842 4892 5246 5701 5956 6721 7355 7813 8520 9425 10385 10595 11365 11570 12450 13222 13666 14241 15072 15121 15618 16325 16775 17279 17893 18747 19129 19300 20108 20326 20671 20729 20964 20980 21208 22192 22661 22957 23955 24422 25314 25924 26870 27454 27699 28181 28560 29029 29754 30513 30676 31548 32073 32695 33130 33858 34360 34461 35351 36291 36352 36970 37626 37664 38196 38956 39750 40424 41054 41382 41576 42099 42434 42576 43366 43408 44011 44153 44957 45236 45710 46636 47485 47711 48064 48978 49522 50216 50698 50803 51413 
461 1068 1752 2476 2725 3552 4154 4949 5165 5325 5715 6545 6797 7197 7497 8008 8738 9684 10114 10817 11599 12094 12268 13138 13323 14299 14668 15468 16021 16658 17287 18124 18531 18624 19601 20300 20659 21202 22171 22256 23011 23538 24470 25014 25476 26051 26980 27810 28784 29498 29752 30130 30389 30769 31098 31238 31532 31545 31963 32765 33328 33348 33895 34494 35294 35326 36146 36229 37018 37760 38090 38795 39761 40235 41165 41491 42163 42885 43346 43788 43952 44246 45010 45442 45703 46374 47254 47574 47835 48447 49253 50202 50808 51715 51735 52449 52856 53666 54314 
469 1458 1475 2167 2673 3654 3833 4677 5514 5517 6163 6900 7122 7505 8173 8904 9112 9302 9980 10601 10897 11323 11663 11734 12104 12400 13267 13328 13740 13797 13882 13972 14919 15144 15501 15765 15974 16413 16958 17179 17648 17666 18258 18477 19219 19518 20186 20980 21720 21822 22656 22771 23046 23950 24414 25268 25755 26011 26515 26877 26990 27767 28463 28849 29632 30268 30950 31578 31604 32170 32363 32975 33802 34399 35375 36162 36464 37221 37394 37753 38669 39317 39732 40196 40728 41621 42115 42669 43561 43735 44008 44687 45250 46104 46861 46931 47743 48167 48730 
165 995 1608 2352 2527 2593 3287 4246 4478 5208 5369 5887 6126 6781 7420 8282 9151 9494 10197 11019 12002 12905 13513 13678 14005 14435 15416 16066 16219 16232 16775 17646 18072 18192 18258 18403 18428 19261 19648 20398 20622 20673 21262 21809 22199 22203 23057 23741 24148 24646 24876 25438 26328 27203 27761 28350 29034 29475 29950 30702 31214 31979 32019 32174 32616 32911 33592 34411 34614 35399 35957 36410 36974 37598 37753 37945 38637 39551 40290 41020 41835 42721 42822 43446 43941 44320 44415 45045 45152 45672 46018 46520 47440 47559 48328 48561 48817 49325 50096 
496 1017 1380 1894 2178 2344 3270 3635 3726 4035 4760 5189 5667 6272 6650 7487 7923 8251 8397 8917 9372 9602 10068 10128 11087 11661 11975 12823 13398 14226 14881 15110 15471 16301 17235 17327 17594 18304 18522 19507 20230 20410 21286 21688 22001 22950 23932 24555 24566 24936 25079 25467 26143 26976 27946 28383 29356 30347 30486 31084 31420 31694 32681 32753 33642 34292 34354 34530 35228 36168 36756 36876 37521 37849 37906 38459 38819 39500 40108 40583 41414 41916 41981 42802 42957 43819 44534 45511 46142 46681 47035 47182 47940 48432 48953 49456 50294 50876 51262 
566 1167 2026 2845 3577 4576 5549 5962 6636 7270 8192 8257 9069 9110 9477 9722 10152 10597 11564 11644 12335 13125 14044 14299 14804 15721 15981 16412 16716 16841 17831 18693 19029 19086 19506 19742 19884 20409 21261 21864 22846 22896 23895 24657 24956 25631 26196 26697 27690 28003 28096 29073 29307 29378 29397 29849 30437 30650 31534 32187 33046 33279 33623 34469 34936 35861 36510 37029 37627 38567 38874 39568 40369 40818 40946 40990 41234 41574 42438 42839 43626 44186 45175 45491 46435 46869 46880 47336 47935 48201 48242 48459 48619 49182 49240 49554 50336 51329 51799 
566 1435 1854 2368 2375 3094 4093 4427 4965 5930 6771 6961 6999 7872 8825 9368 10110 10784 11562 12306 12719 13312 13596 14075 14076 14250 14979 15277 15622 16346 16938 17722 17930 18468 18864 19686 19922 20741 21402 22221 22889 23750 24596 25553 25714 25772 26331 26703 27551 27888 28617 28871 29807 30327 30487 31352 32106 33096 33560 33768 34633 34705 34752 35521 35779 36025 36232 36931 37231 37683 37789 37952 38630 39033 39693 39737 39889 40196 40369 40665 40848 41641 42565 43024 43726 44462 44809 45286 45454 46394 47108 47355 48065 48287 49000 49467 50128 51108 51511