100 89
60 67 677 954 964 1175 1314 1933 2279 2389 2467 2953 3775 4757 5713 5798 6522 7100 7393 7911 8079 8830 9303 10080 10646 11289 11698 12159 12749 13716 14002 14654 15339 15940 16451 16884 17840 17978 18260 18727 19111 20078 20704 21093 21313 22002 22895 23297 23938 24590 25120 25970 26477 26810 27408 27662 28140 28829 28973 29872 30012 30293 30634 31445 32274 33179 33805 34353 35116 35567 36172 36288 36652 36939 37846 38401 38601 38874 39561 39661 40305 41082 41771 41940 42521 42728 42839 43137 43585 44108 44133 44629 45555 45838 46042 46590 47178 47795 48434 48864 
219 292 1135 1716 2282 2702 3012 3155 3365 3832 4554 5048 5726 6564 6829 7107 7565 8001 8142 9121 9592 10066 10243 10957 11050 11358 11737 12135 12545 13212 13631 14157 14864 15236 16071 16126 16783 16856 17220 18050 18052 18176 18906 19019 19684 20523 20793 21086 21538 21897 22540 22853 23143 23783 24614 24993 25071 25198 25591 25628 25928 26423 26651 27218 27591 27985 28906 29410 29900 30406 30706 31259 31429 31465 31835 32354 32852 33815 34779 35595 35792 35811 36267 37231 38115 38172 39105 39295 39871 40233 41185 41265 41604 42540 43449 44370 44390 45282 46266 46864 
248 480 1478 1543 2058 2520 3254 3548 4205 4351 4894 5559 5799 5987 6869 7077 7847 8550 9408 9688 10412 10643 10858 11158 11403 11579 12438 12845 13781 13901 14234 15196 15792 15974 16300 16869 17681 18669 18784 19287 19672 19700 19800 20778 20936 21437 21999 22154 22922 23254 23859 24513 24570 24920 25424 25561 25872 26822 26886 27040 27436 28133 28719 29572 29603 30379 30961 31693 32363 32696 33003 33524 33538 34259 34417 34564 35372 36011 36390 37141 37812 38303 39298 39890 40601 41329 42215 43040 43601 43886 43916 44900 45882 45938 46370 46906 47084 48036 48688 49572 
375 457 1055 1594 1953 2488 3032 3051 3577 4025 4426 4844 5164 5439 5965 6893 7505 7954 8763 9179 9779 10141 10186 11043 11497 11907 11968 12650 13525 13582 14161 14704 14977 15958 16048 16684 17383 18008 18569 18617 19513 19835 20459 20739 21267 21498 21553 22137 22445 23249 24128 24307 24374 24696 25313 25417 26122 26987 27420 27999 28003 28293 28506 29025 29539 30462 31324 31364 31623 32369 33347 34167 34729 35346 35966 36288 36486 37149 37371 37375 37848 38600 39264 39592 39753 40451 41152 41241 41573 41742 41957 42043 42497 42670 43118 43173 43827 44557 45317 45810 
522 954 1540 1595 1862 1870 2430 2473 3084 3613 4158 4526 5093 5615 6116 7033 7491 7778 8223 8384 8931 9282 9973 10631 11052 11836 11887 12858 13584 13808 14574 15256 15755 16591 17283 17459 17676 18072 18128 18819 19651 20624 20845 21810 22185 22726 23601 24266 25013 25338 25718 26183 26495 27416 27811 28515 29395 29673 30311 31135 32060 32061 32723 33118 33346 33631 33874 34550 34814 35051 35099 36040 36972 37835 37911 38135 38948 39116 39444 39972 40104 40255 41076 41224 41500 42380 43173 43965 44558 44695 45530 46004 46244 46506 46839 47398 47523 48376 49241 49249 
428 1318 1821 2472 3091 3190 3656 4545 5151 5480 6258 6300 6421 7249 7718 8531 8798 8873 8917 8928 9889 10778 10862 11795 11954 12303 13044 13510 14148 14314 14601 14670 15001 15364 15402 16064 16406 16553 17075 17414 17614 18023 18842 19715 20613 21423 21816 22171 22324 23296 23850 24686 25639 26128 26627 27229 27448 28374 28570 29095 29113 29544 30147 30788 31639 31930 32917 33331 33401 34030 34172 35109 35797 36758 37395 38143 38167 38822 38830 38865 39089 39695 39699 40404 41154 41244 41319 41873 42551 43157 43466 43510 44043 44654 44720 45286 46018 46478 47108 47679 
270 925 1324 2116 2151 2884 3038 3511 3784 4446 4506 4637 4673 5223 5835 5934 6564 6822 6924 7687 7833 8803 9525 10087 10854 11283 11671 12566 12718 13625 14304 14719 15160 15980 16653 17273 17321 18057 18147 19143 19653 20495 20688 21413 21678 22258 23051 24023 24370 24995 25492 25807 25867 26388 26876 27182 27794 28524 29322 30111 30238 30773 31373 31836 32019 32280 33161 33565 34484 34619 35054 35206 35366 35760 35901 36666 36671 36837 36866 36953 37590 38490 39407 40260 40759 41133 41613 41834 42818 43498 44310 44625 45551 46065 46251 46593 47210 48077 48306 48734 
214 898 1445 2405 3155 3903 4691 5186 5784 6027 6691 7327 7591 8282 9094 9728 10252 11101 11715 12235 12426 13205 14002 14145 14917 15655 16494 17466 17854 18247 18482 19176 19923 20734 21123 22068 22221 22670 23102 23833 24730 25021 25767 26516 27013 27838 28155 28765 29375 30245 30328 30600 30922 30997 31880 31920 32517 32999 33728 34518 35109 36109 36489 36751 37453 38248 38729 39179 39233 39738 40111 40236 40317 40586 41293 42278 42787 42809 43197 44000 44253 44560 45452 46339 47125 47394 48151 49014 49974 50858 50880 51768 52069 53011 53851 54291 54883 55520 55543 56316 
330 615 1307 2304 2771 3242 3321 3630 4573 5450 5982 6543 6995 7082 7735 8023 8920 9418 10004 10461 11050 11104 11196 11758 12105 12493 13371 13775 14583 15548 16102 16955 17798 18623 19421 20060 21035 21252 21394 22286 22928 23875 24713 25019 25766 26329 26753 27331 27629 27737 27965 28935 29244 29582 29629 29812 30607 31083 31721 32330 33211 33703 34053 34561 34907 35881 36834 37645 37647 38410 38650 39066 39125 39906 40016 40654 41492 42478 42832 43618 44380 45021 45791 45815 46694 47388 48142 48979 49631 50330 51285 51922 52893 53225 53244 53499 54003 54819 54866 55242 
3 366 762 1119 1930 2497 3353 3526 4090 4987 5490 5873 6749 7212 7700 8614 8691 9615 10596 11216 11410 11487 12460 13092 13293 13602 14055 14680 14776 15771 16159 16531 17079 17367 18151 19059 20044 20602 21220 22130 22427 23125 23171 24126 24856 25855 26061 26423 27271 27643 28628 28713 29318 30266 30422 31234 31656 32617 33099 33705 33784 34108 35100 35901 36572 37021 37167 37439 38136 39062 40053 40740 41587 41629 41787 42669 43267 43686 44467 45460 45798 46767 47599 47730 47924 48752 48836 49546 49693 50266 50765 50817 51361 51952 52174 52725 53117 53281 54001 54650 
26 378 498 1047 1882 2005 2131 2233 2899 3824 4341 4688 5196 5265 5802 6303 6889 7197 8133 8428 8814 8923 9792 10144 10421 10638 11082 11725 12188 12305 12850 13052 13853 14161 14539 14642 15513 16279 17054 17784 18074 18831 19696 20364 21304 21635 21691 22112 22655 22878 23088 23204 24183 24767 25130 26117 26138 26882 27370 28365 29042 29309 30099 30584 31193 32046 32892 33290 33607 34389 34530 35506 36346 36877 37120 37894 38014 38827 39229 39338 40045 40925 40937 41844 42767 43518 43918 44660 45374 46096 46984 47346 48278 49273 49770 50547 51414 52216 53038 53212 
829 1154 1346 2029 2182 2647 3392 3685 4432 5008 5235 5809 6781 7609 8282 8893 9386 9965 9996 10559 10629 11216 12187 13120 13795 13986 14932 15735 15970 16889 17479 18453 18500 18572 19394 19452 20382 21351 21583 22309 23157 23601 24350 25155 25638 26225 26390 26909 27427 28306 29240 29562 29710 30141 31087 31177 31618 32104 32805 33677 34266 34390 34730 34854 35414 36352 36694 37567 38053 38973 39946 40704 41149 41445 41517 42456 42719 42974 43692 44060 44809 44836 45233 45891 46261 47142 47525 47889 48225 49031 49073 50069 50205 50652 51295 51388 51768 52599 52849 52919 
143 1040 1477 1870 2665 3464 3706 4403 5173 5887 6168 6822 7109 7448 8055 8755 9498 10335 11153 11537 11580 12030 12287 12396 12637 13348 14088 14811 15567 16467 16972 17607 18093 18380 19114 19272 19974 20629 21568 22082 22488 23367 24116 24459 25262 25613 26332 26785 27672 27839 28490 29108 29393 30313 30371 30600 30934 31259 31408 32090 32521 33048 33053 33899 34843 34900 34995 35245 35442 35945 36337 36462 37140 37495 38189 39002 39407 39539 39685 40305 40812 40886 40965 41709 42470 43044 43859 43923 44724 44883 45417 46096 46179 47017 47268 47689 47968 48794 49340 49971 
187 311 884 921 998 1180 1701 2318 2578 2993 3843 4586 4777 5267 5434 5783 6212 6671 7125 7822 8072 8301 8471 9314 9841 10110 10243 10266 10528 10625 11620 11733 12529 13511 13700 14566 15396 15397 15851 16609 17609 18068 18931 19512 19588 19622 19781 20367 20824 21247 22108 22318 23200 23943 24857 25593 25920 26082 26413 26469 26948 27927 28489 28907 29240 29463 29712 30172 31035 31491 32073 32143 33078 33764 33861 34367 35310 35478 35738 36381 36395 36661 37021 37401 37965 38131 38527 38931 38960 39821 39923 40412 41254 41564 42212 43045 43245 43845 44300 44432 
105 556 1429 1856 1984 2711 3311 3751 3993 4845 5076 5965 5970 6451 6752 6896 7651 7734 7851 7986 8236 8282 8373 8855 9278 9638 9841 10786 11018 11641 12329 13070 13266 13585 13654 14256 14545 14840 15652 15661 16078 16596 16839 17766 18574 18848 19395 20228 20307 20900 21224 21912 22065 23046 23996 24408 24793 25011 25687 25772 26487 27300 27446 27567 27599 28239 28521 28826 28922 29571 29938 30381 30500 31260 31939 32115 32157 32532 32685 32696 33663 33875 33963 34270 34464 35052 36012 36615 37512 38471 38821 39027 39486 40115 40426 41114 41396 41606 41625 42274 
85 364 637 1525 2259 2873 3673 4214 4535 5154 6082 6993 7030 7169 7277 7458 8234 8827 9138 9395 10202 10276 10409 10740 11390 12370 13245 13417 14314 14436 14538 14559 15180 15346 15498 16082 16481 16814 16954 17424 17624 18498 18850 19308 20129 20919 21385 21447 22067 22989 23098 23761 24604 24789 24809 24836 24981 25056 25548 25842 25906 26365 26497 26516 27385 27598 28081 28330 29302 29711 29775 30544 31355 31861 32227 32629 32734 32756 33271 33629 34075 34726 34755 35346 35630 36629 37404 38324 38733 39610 40165 40361 40698 41423 41727 42588 43572 43969 44145 44347 
950 1939 2669 2866 2910 3680 4451 5260 5753 5826 6092 6550 7013 7060 7199 7224 7544 7659 8575 9007 9488 9880 10030 10629 10820 11482 11508 11865 12499 13144 13995 14935 15424 16092 16765 17639 17654 18518 18669 18674 19047 19127 19153 19599 20239 21022 21547 22045 22274 22366 22635 22883 23759 24273 24620 24875 25869 26546 27490 28114 28825 28958 29667 29769 30637 30644 31589 32054 32916 33385 34185 34405 35388 35750 35786 35863 36180 36532 36566 37563 38205 38414 38954 39492 40347 41007 41269 41990 42889 42973 43898 44732 45234 45358 46096 46353 47047 47550 47916 48695 
442 1249 1429 1547 1732 1856 1913 2880 3735 4425 4765 4815 5574 5828 5947 6147 6728 7429 7644 8477 9162 9168 9216 9689 10455 11229 11365 11413 11997 12570 13444 14115 14310 14911 15803 16468 16640 16816 17556 18009 18867 19317 19942 20746 21666 22607 23475 23696 23886 24160 24882 25337 25655 26494 26725 26748 27352 28024 29015 29697 30226 30571 30709 30762 30825 31417 31934 32364 32814 33461 33656 34625 34963 35709 36065 36193 37111 37615 38608 39369 40149 40294 40854 41002 41460 41769 42678 43500 43983 44787 45221 46172 46549 47229 47255 48153 48818 49292 49979 50707 
749 986 1939 2803 3007 3477 4420 5067 5888 6236 7070 7931 8795 8829 9416 9512 9990 10777 10890 11459 11894 12454 13435 14134 14487 15245 15383 16321 16930 17553 18007 18463 19418 20259 20446 20956 21661 22100 22163 22358 23245 23343 23926 24801 24869 24870 25378 26235 27174 27293 27793 28535 29128 29958 30395 31146 31465 31711 32574 33565 34113 34464 35347 35965 35966 36787 37411 37715 38409 39303 39883 40519 41168 42043 42686 42969 43946 44345 44671 45147 45539 46121 46564 47269 47945 48366 48497 48859 49449 49993 50016 50179 50348 50548 51128 51441 52400 53084 53611 53849 
863 1165 1300 1627 1823 2305 2939 3001 3626 3861 4002 4029 4087 4151 4382 4491 4619 4704 4911 5178 5623 6157 6846 6944 7420 7583 7915 8097 8421 9396 9452 10069 10721 11444 11576 12452 13211 14207 14597 14868 15030 15436 16156 16990 17698 17989 18510 19243 20190 20522 20624 21453 22095 22196 23143 23400 23549 24541 24806 25390 25488 25496 25504 25793 26335 26504 27360 27465 27739 28614 29174 29977 30634 30678 31404 31645 31952 32044 32967 33294 33397 33685 34058 35023 35346 35468 36015 36427 37381 37679 38208 39124 40048 40576 40978 41134 41484 42026 42646 42758 
483 1470 1767 1870 2317 2670 3126 3423 4129 4736 5255 6217 6330 6384 6446 7129 7588 8089 8834 8960 9355 9758 10387 10584 10870 11495 11509 11817 12770 13077 13419 13789 14019 14805 15621 15680 16173 16828 17507 17959 18399 18733 18959 19395 19708 19957 20738 21466 21829 22683 22742 22961 23560 23927 24757 25737 26397 27292 27595 28070 29047 29479 29988 30367 30709 31468 31831 31898 32651 33285 33704 33865 34564 34973 35013 35231 35616 36519 37197 37541 38265 39040 39620 39994 40450 40505 41323 41412 41413 42122 42307 43021 43980 44797 45487 45590 46078 46983 47510 47668 
482 1003 1932 2566 2602 3046 3065 3573 4306 4783 5484 6449 6802 7027 7132 7262 7777 8047 8828 9140 9931 10750 11084 11919 12365 13355 14139 14783 15094 15743 16736 17125 17998 18332 18892 19169 20166 20299 20315 20719 21191 21598 21969 22278 23124 24085 24828 25667 26569 27339 27604 27677 28616 28659 29539 29606 30314 30761 31716 32091 32367 33226 33617 34512 35241 35266 36155 36629 37210 37960 38055 38824 39295 39301 40185 41147 41653 42143 42584 43502 43915 44574 44655 45447 45829 46121 46575 47421 48122 48777 49613 49793 50594 50662 50826 51325 52115 52292 52596 53526 
694 1092 1424 1753 1858 1875 2396 2405 2844 3033 3758 4330 5188 5900 5952 6247 6455 6492 7467 8118 8459 8923 9057 9492 10468 10661 11280 12010 12393 12682 12755 13058 13645 14063 14149 14423 15365 15927 16024 16646 17093 17493 17847 17985 18446 18634 19234 19940 20242 20725 20748 20760 21507 21710 21951 22562 22670 23409 23560 23571 24570 24734 25075 25350 25964 26004 26509 27464 28273 28499 28542 29331 30106 31074 31442 31779 31944 31995 32599 33229 34007 34831 34919 35133 36132 36723 37667 38243 38932 39839 40453 41305 42286 42650 43171 43984 44493 44645 44833 45679 
355 1155 1974 2843 3535 3962 4207 4732 4766 4876 5715 5905 6764 7610 7811 8465 9013 9097 9226 9417 10045 10094 10755 11301 11734 12578 13312 14072 14665 14841 14842 15393 15480 15658 16400 16894 16979 17093 17212 17766 17867 18817 19634 19951 20113 20712 21371 22263 22337 22357 22670 23305 24134 24677 25386 25886 26674 26933 27274 27635 28446 29055 29758 30295 30759 31332 31664 31691 32111 32980 33566 34042 34459 34923 35123 35944 36325 36783 36832 37689 38281 39178 39424 40407 41254 42209 42255 42413 42627 42645 43169 44118 44997 45971 46397 46697 47380 48089 48767 49004 
158 1078 1228 2189 2821 3577 4194 4598 4752 5584 6155 6948 7376 7815 8650 8739 9415 9692 10464 11448 12300 13210 14184 15138 15375 16087 17026 17337 17725 18061 18634 19472 20268 20478 21395 22255 22724 23397 24309 24593 25381 26249 26972 27649 28223 28551 29318 29934 30038 30896 31221 31320 31409 31691 32296 32852 33205 34066 34750 35390 35707 36192 36732 37400 37638 37918 38155 38739 39513 40149 40901 40908 41008 41526 41856 42460 42758 43451 43804 44325 44500 44542 44997 45285 45585 46036 46858 47101 47184 47956 48168 48171 48420 48569 49478 49660 50159 50891 51283 52090 
130 803 1218 1364 1808 1996 2174 2500 3488 4253 4553 5162 5583 5931 6177 6950 7639 8092 8546 8807 8921 9667 9877 10685 10862 10885 11307 11998 12233 12274 12324 12357 12650 13649 14087 14785 15274 15425 15458 15480 15955 16082 16475 16970 17541 18340 19051 19445 19555 20504 20861 21709 22137 22369 22543 23169 24097 24991 25114 25600 25858 26644 27131 27704 27705 28235 28468 28618 29081 29211 29577 29944 30312 30716 31139 31354 32268 32375 33061 33091 33286 34106 34428 35383 36163 36974 37812 38356 38386 39005 39203 39630 40444 40657 40829 41122 41218 41995 42079 42585 
666 905 1673 2313 2792 3565 4452 5431 5801 6787 6880 7552 7986 8922 9859 10659 10702 11222 12109 12237 12809 13093 13644 13770 14450 15262 15626 16291 17123 17286 18229 18704 18804 19034 19151 19546 19593 19837 20292 20954 21743 22122 22278 22638 23582 24355 25098 25683 25713 26595 26900 27611 27748 28680 28864 29789 29872 30087 30592 30977 31400 31661 32540 33235 33559 34196 34447 35058 35537 36103 36433 37014 37034 37440 37579 38255 38492 38823 39396 39594 39601 40110 40676 41259 41994 42438 43008 43083 43246 43405 44243 44784 44815 45389 46328 46498 46514 46589 47357 47556 
748 1412 1939 2563 3357 4335 4944 5019 5392 5573 6550 7470 7690 8162 8341 8588 9256 9479 9747 10053 10493 11434 12205 12930 13753 14239 15123 15224 15740 16285 16535 16903 17698 18693 18965 19630 20223 20243 20663 20727 21040 21265 21738 21892 22519 22583 22997 23030 23085 23543 24210 24989 25311 25331 25704 26361 27347 28180 28287 28536 29312 29803 30710 31403 32000 32780 32806 32923 33841 34074 34625 34797 35048 35615 35777 36187 37021 37460 38370 38968 39897 40202 40927 41859 42144 42990 43737 44634 45144 45618 45677 46315 46347 46929 47427 48383 49036 49439 49716 49833 
591 1120 1850 2581 2640 3068 3204 4148 4396 4406 4516 4714 4846 5786 5859 5938 6167 6801 7642 8537 8563 9448 10227 10384 11345 11536 11599 11959 12501 12694 13339 13491 14187 14778 15620 16341 17090 17952 18002 18823 19781 20287 20737 20851 21708 22314 22322 22786 23711 23838 24573 24968 25287 25720 26168 26554 27427 27643 28007 28927 29760 30660 31301 32228 32342 32439 32533 32956 33851 34225 35190 36055 36639 36847 36852 37329 38060 38244 38567 38664 39109 39542 40082 41067 41507 41604 42008 42835 43369 43528 44407 45292 45498 46418 46824 47458 48135 48815 49420 50223 
785 845 1567 2236 2261 2949 3113 4100 4866 5744 6089 6275 7106 7116 7957 8564 9209 9803 10095 11043 11523 12434 12985 13287 13383 13624 13657 14366 14847 14879 15716 15816 15921 16799 17688 18189 19032 19760 20610 21031 21734 21999 22467 22523 23018 23091 23687 24684 25194 25545 25896 26648 27107 27676 28398 28752 29482 30278 30753 30895 31641 32560 33545 34106 34228 34716 34871 35064 35121 35735 36725 37403 37509 38501 38693 38757 39682 40587 40673 41507 42441 43248 43986 44821 45563 45875 46182 47158 47657 48169 48356 48934 49406 49565 49755 50654 51316 52087 52238 52324 
448 1068 1578 1726 2447 2798 3481 4236 4420 4605 5023 5311 5687 5935 6490 6606 6905 7714 7915 8231 8599 9412 10066 10079 10759 10800 11612 12305 13174 13556 14555 14910 15804 16457 16625 16977 17008 17322 17662 18027 18320 19143 19405 19434 20065 20827 21287 21758 22317 23292 23984 24778 25765 25916 26313 27155 27905 28229 28800 29176 30070 30704 30968 31599 32522 32534 32656 33583 34276 34848 35035 35182 35885 36830 36862 37068 37535 38208 38822 39491 40237 40709 41043 41057 41296 41739 41815 42007 42928 43320 44042 44892 45869 46740 46912 47867 48008 48243 49118 50096 
93 229 899 1427 1768 2537 3000 3092 3315 3869 4867 4878 5013 5285 5702 5779 6212 6855 7230 8025 8410 9183 9311 9704 10265 11024 11844 12153 12729 13030 13084 13906 14310 14932 15500 15689 15809 16064 16860 17329 18041 18509 18701 18731 19204 19403 19466 19481 19971 20270 20889 21296 22233 22846 23483 24430 24938 25717 26249 27119 28038 29029 29620 29683 30031 30070 30258 31172 32055 32381 32841 33795 34233 35160 36093 36715 37002 37498 38129 38377 39161 39325 39566 39704 39825 40619 40894 41065 41948 42486 43268 43829 44346 44661 45048 45745 46567 47171 47963 48873 
678 882 1484 2068 2460 2492 3050 3687 3782 4476 4967 5260 5584 6423 6816 6839 7551 7931 8066 8425 9269 9739 10737 11565 12295 12557 13394 14381 14990 15743 16662 17529 18286 18876 19534 19827 20258 20280 21023 21646 22545 23281 24040 24514 25442 26391 27330 28162 28744 29118 29405 30285 30987 31677 32111 33058 33124 34062 34314 34366 35345 35587 35670 35730 35924 36200 36710 36979 37613 38252 38510 38757 39697 40621 41234 41474 41555 42108 42194 43086 43627 43699 44593 45475 46349 46452 47121 47761 48243 48463 48837 49755 50181 50332 51104 51226 51555 51840 52128 52607 
633 922 1318 1818 2527 2695 2702 3334 3968 4434 4712 5451 5713 6276 6732 6836 7342 7420 7757 7950 8580 9149 9448 9970 10526 10554 10701 11040 11555 12435 12904 13227 14012 14237 14435 15206 15408 15425 15908 16381 17242 17884 18402 19330 20298 20689 20751 21245 22005 22547 22872 23636 24525 25111 25675 26019 26592 27393 28206 28897 29740 29856 30734 31052 31759 32288 32736 33179 33428 33591 34424 34966 35038 35796 35959 36467 36586 37345 38079 38953 39398 40350 40390 41250 41557 42489 43222 43821 44216 44522 45028 45756 46223 47204 48027 48913 49518 49629 50527 50557 
622 946 1814 2399 2707 3154 4131 4629 4933 5847 6671 7263 7371 8141 8486 8770 8779 9094 9166 9196 9313 9750 10099 10183 10366 10739 11474 11800 12557 12660 13215 13643 14324 14477 15109 15353 15586 16254 17075 17228 17914 17996 18890 19349 20171 20563 21302 21573 22271 22762 22788 23282 23684 24282 24981 25388 25964 26329 26486 27009 27649 28034 28099 28828 29502 29907 29937 30236 30932 31767 32027 32324 33091 33497 33823 34267 34780 35612 35757 36698 37443 38049 38799 39163 40003 40538 41491 42434 42965 43616 44560 44587 45524 45642 45718 46392 47205 48080 48544 49029 
271 708 1040 1308 1698 2232 2897 2938 3930 4774 5148 5383 5720 6688 7667 8414 9073 9460 10173 11143 11670 12503 13205 14030 14769 15489 15710 15858 16027 16621 16671 17475 18368 18581 18676 19631 20001 21001 21537 21946 22618 23087 24087 24278 25070 25679 25916 26800 27744 28658 29453 30430 30781 31032 31781 32511 33394 33651 34120 34266 34925 35542 35663 35685 36444 36681 37300 38071 38122 38357 38417 39336 39818 39934 40616 40755 40912 40934 41411 41516 41748 42335 42597 42882 43495 44080 44211 44863 45208 45664 46455 47073 47625 48598 48974 49354 49689 49784 49807 50294 
900 908 1135 1172 1421 2037 2790 3148 3623 3927 4287 4330 5224 5403 6263 6620 6768 6777 7495 7911 8903 9493 9644 10452 11296 12037 12216 12508 12715 13626 13716 14050 14123 14961 15306 16088 16425 17110 17907 18631 19444 20181 20200 20216 20502 21458 22268 22626 23578 24404 25011 25253 26084 27063 27101 27257 27521 27964 28031 28950 29718 30103 30762 31544 31976 32927 33910 34094 34115 34367 35209 35839 36470 37105 37625 38339 38519 39210 39839 40451 40455 40581 41567 41638 41696 41916 42254 42769 42783 43225 43930 44603 44764 45527 46520 46750 47593 48539 49057 50037 
591 1456 1653 2474 3242 3772 4024 4801 5270 6003 6986 7696 8535 9270 9837 10608 10737 10898 10923 11669 12447 12808 13243 14029 14590 14705 15230 15677 15853 16470 17098 17925 18387 19046 19575 20492 21080 21705 22054 22429 23339 24184 24417 25363 25978 26091 26134 26900 27434 28372 28571 28925 29836 30026 30051 30993 31885 32056 32348 32719 33065 33514 34171 34842 35510 36464 36934 37485 37497 38120 38189 38911 39282 39419 40074 40623 40790 41512 42322 42451 42972 43785 43964 44915 45664 46578 46780 47447 48382 49329 49745 50308 51221 51955 52122 52413 52682 52915 53642 53743 
978 1602 1992 2554 3067 3436 3457 4415 4562 5339 5519 5906 6709 7218 7421 7641 7726 8612 9471 9658 9884 10161 10582 11165 12124 12378 13236 14108 14426 14489 15403 15471 16258 17018 17909 18083 18841 19232 19975 20258 20799 21621 22178 22440 22785 23617 24346 24983 25189 25613 25829 26108 27045 27751 28057 28990 29356 29558 29692 29698 30164 30808 31392 31952 32465 32507 33179 33305 33925 34270 34728 35169 35235 35944 36737 37270 37285 37486 38217 38855 39607 39794 40476 41408 41473 42181 42971 43338 43826 44573 44712 45620 46470 46663 46721 47522 47716 47908 47911 48165 
458 1361 1510 1990 2955 3805 4466 4884 4995 5425 6058 6292 7251 7843 8460 8547 9265 9602 9626 9676 10629 11009 11127 11921 12885 13872 14021 14883 15137 15596 15691 16116 16300 16481 17217 18184 18945 19046 19715 20345 21335 22243 22698 23487 24032 24184 24791 25321 25351 26227 26991 27791 28758 29185 29780 29961 30497 30666 31477 32074 33036 33267 34092 34234 35097 35615 36391 36857 37829 38096 39030 39581 39701 39927 40165 40199 40853 41168 41534 42068 42645 42841 43769 44715 45461 46122 46847 47022 47876 48469 48756 48757 49181 49509 49982 50820 51336 52210 52945 53606 
24 606 771 878 1379 2228 3166 3173 3207 3696 3984 4409 5273 5930 6758 7572 7739 7967 8731 9273 9800 10608 11196 11889 12139 12927 13672 13916 14128 14733 15468 16016 16897 17001 17827 18189 18791 19228 19938 19954 20308 20513 21345 21924 22583 23088 24044 24958 25724 26232 26244 26519 26557 27457 28110 28401 28981 29262 30064 30644 31463 31726 32359 32925 33166 33427 33577 34544 35325 36152 36812 37758 38423 39228 39950 39994 40312 40394 40771 41689 41841 42500 42532 42858 43087 43386 43843 44693 45609 45868 45886 45970 46095 46902 47004 47053 47757 48235 49109 49548 
79 406 458 1202 1431 1532 1807 2687 2826 3052 3361 3710 4013 4979 5097 5380 5718 6643 7376 8280 8512 8662 9312 10174 11023 11134 11707 11783 12713 13244 14021 14315 14734 15054 15687 16245 16987 17348 17582 18481 18650 19478 19560 20247 20832 21073 21829 22437 23019 23164 23656 23660 23942 24848 25430 25698 26025 26785 26895 26954 27319 27617 27897 28646 28741 28781 29336 29556 29631 29825 30734 31630 31674 32005 32697 32700 33480 34407 34582 35543 36065 36785 37182 38165 38427 38684 38843 39430 39977 40961 41018 41027 41559 42368 42823 43285 44192 44867 45384 45721 
24 929 1705 2219 2775 3537 4098 4239 4965 5401 5591 6458 7426 7751 8330 8819 9767 10696 10968 11636 12307 12647 12698 13687 13706 13857 13976 14143 14584 14968 15139 15701 16046 16325 17316 17642 18213 18769 18844 19301 20278 20644 21630 21723 22659 22822 22889 23249 23936 24448 24918 25383 25597 26297 26671 27221 27329 27977 28030 28731 29393 30259 30635 31489 31559 32314 32327 33100 33968 34781 35708 35815 36623 36973 37162 38162 38692 39085 40047 40779 40781 41450 42404 42901 43677 44276 44681 45555 46046 46343 46387 46633 46894 47468 47568 47793 48718 49048 49136 49700 
113 951 1898 2283 3276 4034 4078 5074 5460 5727 6074 6662 6985 7463 7716 7965 8916 9355 9568 9711 9965 10615 10911 11165 11186 11435 12311 12355 13348 13988 14114 14429 14700 15182 15612 16220 16258 17160 17406 18318 18685 19100 19733 20669 21490 22486 22923 23451 24054 25043 25861 26642 26662 26696 27098 27223 28080 29039 29301 30273 31100 31975 32713 33526 34018 34505 34901 35631 36364 36403 36654 36794 37607 37779 37959 38779 39605 39623 40301 40553 40976 41757 42137 42298 42677 42903 43794 43956 44242 44588 45521 45802 46014 46128 46199 46930 47054 47350 47557 47605 
882 1312 2099 2942 3659 4280 5205 5379 5447 5543 6009 6112 6961 7755 8396 9252 10205 11190 11619 11904 12457 12636 12712 13579 14248 14642 14653 14837 15499 16080 16570 17385 17676 18351 18473 18628 19442 20419 20951 21751 22021 22126 22569 23342 23483 23601 24154 24478 24699 25352 26217 27082 27311 27442 27551 27906 28681 29511 29946 30316 30470 30665 31429 32210 32447 32926 33751 34257 34388 35256 35565 36401 37220 37853 38104 38614 39235 39864 39949 40742 41414 42289 43072 43984 44123 44846 45750 45790 46120 46805 47581 48421 48944 49824 50793 50836 51736 52538 53469 53695 
840 1620 1671 2406 2754 3092 3944 4038 4402 5316 5776 6077 6886 7422 7447 7555 8544 8624 8752 9574 10372 10811 10897 11302 11788 12567 12903 13771 13850 14641 15442 15793 16704 16720 17549 18350 19038 19835 20061 20870 21212 21326 21843 22576 23514 24383 25106 25505 25707 26142 26285 27030 27500 28167 29145 29954 30365 30897 31828 32760 32915 33201 33481 34299 34904 35705 35899 36139 36781 37635 37723 37932 38188 38654 39566 40218 40599 40914 41108 42049 42448 43284 44082 44859 44905 45889 46253 46535 46982 47903 48070 48975 49226 49990 50972 51375 52350 53223 53670 54552 
158 1006 1864 2124 2484 3152 3200 4149 4552 4609 5444 6205 7150 7533 7861 8664 8905 9479 10114 10506 10792 10796 10954 11277 11519 12270 12783 12898 13603 13752 14742 15734 16008 16177 16785 17304 18055 18862 19187 19593 20020 20075 20141 20680 20750 21020 21985 22156 22638 23562 23717 24698 24783 24787 25713 26432 26808 26857 27197 27578 27805 28319 28492 28715 29365 29485 29561 29924 30712 30891 31453 32126 32337 32630 32665 33417 33454 34427 34737 35277 35303 35493 36132 36604 37042 37820 38350 38606 39075 39750 39983 40859 41145 41468 41875 42333 42498 43027 43148 43487 
394 690 1102 1132 2066 2680 3493 4314 4515 5259 5385 5779 6199 6288 6752 7725 8476 9211 9230 10112 10613 11236 11743 12128 12563 13441 13626 14579 15472 16414 16935 17741 17818 17819 17990 18352 18851 19256 19453 20324 20795 20904 21677 21991 22078 22891 23219 24121 24322 24613 25108 25128 26031 26931 27388 28289 29106 29199 30149 30955 31308 31695 32203 32238 33010 33472 34099 34126 34148 35049 35996 36340 37166 38166 38727 39042 39863 40059 40290 40665 41309 41928 42046 42635 43325 43584 44467 44759 44834 45199 45433 46130 46765 47001 47464 47708 48446 49158 49562 49652 
94 882 1485 1650 2551 2776 3310 3449 3844 4185 5114 5544 5584 5740 5810 6348 7284 8076 8964 9018 9646 9757 10097 10104 10211 10833 11521 12267 13076 13693 14434 15033 16018 16929 17259 17538 18116 19090 20084 20543 21024 21035 21492 21580 21656 22126 22673 23586 24132 24319 24389 25260 25618 26088 26114 27089 27486 27826 28123 28382 28495 28966 29479 30298 30553 30694 30893 31214 31375 31658 32288 32335 32356 32411 32804 33371 33628 34362 34424 34827 35143 35770 36440 37115 37607 38502 38715 39431 39706 40092 40859 41700 42334 42972 43568 43722 44567 44990 45136 46071 
934 1037 1209 2203 2811 2856 3261 3742 4216 4239 4501 5121 5495 5889 6614 6711 7671 8212 8774 8978 9924 10582 10822 11392 11682 12199 12512 13343 14250 15118 15281 15727 16601 16650 17375 18239 18840 18917 19670 20215 20603 20948 21265 21578 21917 22215 22875 23779 24331 24387 24389 24919 24934 25281 25573 25732 26541 27290 27488 28405 28482 29244 30126 30965 31585 32099 32875 33475 33556 34041 34560 34588 34755 35663 35760 36184 36817 37342 37873 38589 38743 39204 39449 39600 40321 40993 41818 42644 43569 43617 43852 44209 44619 45311 45945 46093 46987 47372 47599 47960 
323 811 1177 2051 2726 2973 3163 4132 4592 5115 5609 5983 6955 7652 8077 8545 8809 9307 9688 10290 10741 11314 11844 12734 13150 14065 14844 15254 15378 16343 16433 16825 17029 17142 17516 17521 17872 18406 19176 19915 20645 20841 21393 22345 22653 22922 23118 23529 23905 24421 25225 25381 26050 26567 26609 27598 28267 28986 29954 30711 30998 31189 31221 31972 32061 32941 33486 34077 34842 35362 36134 36717 36774 37023 37548 38411 38474 39095 39482 40207 40724 40860 40952 41018 41590 42165 42921 43250 43598 44314 45172 46099 46957 47929 48343 48646 48830 49717 50650 51324 
505 1117 1270 1666 1955 2687 3226 3810 4032 4548 4822 5588 6012 6347 6558 6737 7433 8164 8967 8992 9216 9484 9693 9916 10172 10253 10892 11139 11629 11771 12590 12690 12726 13706 14369 14443 15355 16078 17069 17646 17839 18645 19535 20177 21172 21184 22039 22941 23924 24481 25385 25548 25795 25847 26090 26541 27432 27724 28673 28751 29645 30416 31233 32208 32498 32537 33335 33822 34528 34961 35115 35237 35644 35860 36705 36825 37407 38069 38283 38698 39529 39819 40664 41115 41983 42846 43580 43845 43857 44535 44743 45608 46002 46657 47311 47884 48560 49497 49606 50524 
968 1540 1816 2688 2808 3711 4151 4796 5227 5280 6249 6422 7409 8159 8325 9216 9974 10936 11796 11987 12727 13077 13389 13908 14616 14718 15588 16148 17023 17244 17686 18522 18605 19315 20103 20703 21127 21764 22155 22717 23462 24121 25053 25495 25927 26321 26883 27645 27942 28492 29014 29529 29917 29940 30290 30696 31312 31551 32408 33286 33986 34202 34602 35109 35891 36684 36747 37721 38662 38736 39362 39404 39839 39982 40662 41459 41687 41731 41845 41905 41963 42066 42876 42943 43047 43429 43593 43842 44592 45461 45652 46086 46450 46978 47709 48589 48868 48924 49799 50347 
95 402 766 1505 1985 2075 2248 3186 4101 5078 5848 6845 7645 8157 8797 9721 10659 10766 10977 11589 12136 12411 13182 13533 14139 14152 14827 15238 16218 16971 17688 17876 18338 19197 19756 20163 20890 21545 22260 22347 22551 23037 23444 24135 24523 25118 25870 26573 27545 27668 28314 28351 28691 28834 29574 29918 30854 31549 31810 32406 33180 33493 33908 34462 35461 35634 36196 36521 36827 37737 38186 39037 39563 40094 40490 40788 41765 42485 42838 43294 43952 44919 45655 46120 46974 47855 48252 48867 49610 50188 50718 51415 51982 52674 53477 54177 55033 55529 56468 56826 
221 538 1429 1917 2766 2769 3583 4341 5035 5519 5982 6660 6792 7673 8060 8714 9446 9478 9963 10506 11457 12295 12559 13360 14123 14831 15253 16040 16986 17143 17205 17539 18392 18894 18967 19773 20361 20853 21583 21982 22401 22923 23529 24387 24945 25535 26087 26373 26777 27199 27733 28688 29023 29258 30214 30778 30950 31936 31977 32858 33036 33435 33757 34394 35316 35410 35849 36663 36971 37394 37762 38266 38794 38883 39273 40004 40053 40473 40632 41437 42325 42972 43083 43940 44829 45246 45286 45971 46697 46698 47091 47861 48699 49409 49978 50751 51677 52193 52575 53457 
468 493 1409 1618 2524 3523 4005 4343 5083 5761 6058 6925 7156 7384 7741 7890 8347 8487 9137 9425 10000 10099 11049 11407 11678 11759 12636 12861 13017 13912 14271 14459 15137 16004 16598 17483 17927 18693 19429 20029 20292 20379 20665 21629 22157 22848 23027 23141 23333 23959 24495 25108 25177 25823 26623 26875 27775 28149 29063 29690 29816 30304 31165 31184 31896 31923 31955 32941 33691 34532 35026 35833 35869 36076 36290 36622 37534 37815 37975 38317 39246 39452 39560 39915 40737 41539 42132 42901 43876 44140 44334 44570 45500 46220 46413 46736 47093 47764 48374 48504 
261 301 911 1436 2385 3045 3393 4222 4892 5384 5657 5687 6617 6871 7407 8352 8423 9060 9366 9940 10656 10690 11277 11827 12198 12689 13063 13292 13491 13647 13972 14141 14852 15670 15905 16767 17635 17789 18710 19158 19231 19276 19330 20120 21073 21855 22747 23275 23955 24662 24888 25662 26514 27314 28163 28388 28986 29764 30739 31200 32036 32244 32603 32777 33762 34248 34962 35314 35881 36206 36599 36755 36815 37488 37528 38099 38261 38374 39196 39388 39915 40094 40864 41286 42030 42601 43399 43860 44352 45294 45831 46723 47608 48131 48363 49200 50087 50702 50923 51096 
645 774 1101 2092 2586 2972 3739 4023 4673 4936 5285 5902 6150 6865 7046 7904 8137 8836 9808 10532 11280 12048 12487 13414 13664 13715 13884 14815 15362 16090 16776 17409 17716 18161 18878 19356 19721 20602 21273 22164 22337 22994 23844 24131 24497 24786 25760 25772 26522 26837 27618 27664 27694 27989 28368 29082 29354 29793 29801 29895 29978 30250 30748 30962 31451 32078 32889 33730 34236 34327 34867 35546 35843 36447 36572 37571 38202 38930 39057 39995 40931 41823 42531 43264 43876 44856 45103 45337 46229 46482 46714 47382 47983 48373 49290 49854 49986 50560 51148 51167 
460 689 1510 2241 2671 3187 4136 4613 4937 4990 5723 6500 7466 7768 7846 8408 9050 9775 10659 11149 11998 12777 12992 13489 14213 14919 15209 15220 15743 15809 16498 17393 17938 18038 18081 18102 18938 19732 20635 21165 21223 22135 22869 23289 23762 24201 24476 24943 25711 26164 26270 27237 27652 28204 28469 29432 30420 30892 30919 31133 31592 31660 31838 32569 32786 33141 34034 34365 34880 35193 35930 36311 36335 36818 37162 37600 38173 38903 39638 39880 40711 40750 41601 42562 43325 43694 44508 45429 45743 46605 47526 48516 49195 49837 50298 51298 51680 51825 51854 52247 
479 572 653 829 1529 1639 2178 3171 3507 4225 4905 5387 5986 6710 7425 7483 8078 8519 8949 9738 10022 10078 10103 11031 11066 11417 12300 13292 14278 14591 15298 16168 16239 17221 17700 17934 18442 18615 18740 19547 19913 20190 20379 20678 21366 22252 22296 22409 22675 23117 24039 24987 25388 25859 26671 26889 26923 27632 28261 28783 29342 30274 30526 31226 32144 32599 33398 33601 34483 35028 35470 35866 36184 36643 36961 37519 37950 38302 38804 39077 39306 39339 39413 40209 40827 41065 41681 42315 43185 43467 43901 44871 45103 46085 46811 47799 48346 48471 49399 50059 
704 798 1081 1465 2436 2466 2549 2833 3160 3219 4131 5036 5256 5576 5659 6230 6480 6946 7777 8425 9245 9459 10421 10701 10769 11518 12429 13363 14192 14451 14460 15229 15436 16359 16893 17499 18441 18857 19720 20410 20898 21740 21746 21807 22077 23046 23634 24324 25241 25621 26618 27354 27977 28124 28327 28832 28956 29168 30138 30803 31620 32423 32849 33613 33834 34590 35332 35620 35976 36171 36533 36614 37210 37332 37707 38049 38338 38763 39378 39530 40420 41362 42222 42885 43648 44374 44719 45504 45727 45865 46253 46419 47269 47590 47989 48416 49175 50041 50275 50456 
881 1519 2509 3470 3562 4270 4488 4889 5306 5957 6359 6970 7925 8155 8902 9685 10487 11349 11352 12236 13143 14136 14877 15127 15213 15712 16501 17258 18067 18123 18561 18785 19635 20142 20878 21800 22449 22849 23576 24562 25560 26217 26292 27023 27864 28581 29380 29504 29662 29714 30447 31053 31402 31792 32374 32638 33614 34418 34906 34986 35893 36814 37092 37174 37652 38449 38905 38926 39633 40188 40200 41105 41553 42183 43059 43191 43502 44487 44783 45172 45976 46975 47095 47741 48684 49034 49556 49590 50210 50584 50907 51361 52344 52487 52900 53345 53816 54561 54695 54842 
18 814 1670 2303 2601 2957 3206 3308 4025 4129 4421 5203 5446 6310 6599 7427 8225 8359 8404 8673 8809 9343 9873 10172 11050 11819 12323 12626 12719 13140 13628 13996 14039 14825 15509 16285 16858 17475 17613 18354 18438 18442 19175 19948 20545 20643 21374 22005 22417 22962 23109 23338 23995 24415 24850 25353 25850 26636 26796 27722 28376 29284 29783 29961 30770 31688 32462 33128 33351 33425 34317 35183 35575 35653 35851 36351 36487 36722 37568 37745 38545 38981 39096 39396 39694 40486 41385 42011 42180 42625 43140 44110 44433 44825 45035 45423 45505 46064 46632 47386 
525 1449 2113 2446 2767 3587 3882 3979 4232 4285 5053 5248 5585 5646 6506 7358 7925 8075 9035 9255 9474 10317 10775 10884 10899 11014 11937 11976 12933 13479 14239 14760 14968 15638 16623 17054 17112 18056 18354 18459 19111 19389 19642 19941 20214 20291 20501 21238 21987 22454 23017 23753 23771 24685 24862 25108 25401 25702 25859 26160 27064 27143 27376 27762 28364 28600 29077 29158 29479 30237 30726 31581 32164 32999 33440 33943 34571 35173 35367 36177 36884 37845 38060 38581 38609 39559 40190 41022 41414 41662 42634 43377 44226 44471 45434 46185 46511 46884 47688 48426 
868 1280 1682 2220 2486 2510 3417 4378 5264 5431 6232 6373 7228 7741 7830 8207 9182 9713 10030 10278 11203 11755 12217 13144 13907 14896 15554 15974 16621 17141 17537 17716 18376 18459 18751 19017 19099 19463 20273 21154 21567 21895 22739 23020 24010 24598 25255 25261 26219 26751 27169 27882 28305 29116 29749 29803 30371 31079 32058 32783 33001 33134 33597 33638 34039 34158 34996 35471 36057 37010 37792 38526 38889 39358 39897 40706 41170 42158 42976 43507 44367 44838 45268 45966 46108 46274 47218 47885 48884 49639 49951 50574 51547 52507 52879 53873 54687 54745 55358 55392 
378 1277 2120 3087 3257 4205 4924 5862 6855 7499 8415 8758 9582 9955 10082 10819 11352 12330 12672 13153 13727 14726 14968 15650 15924 16551 16859 17293 17978 18438 19189 19488 19509 20015 20217 20813 21235 22014 22812 23716 24463 24659 25458 25959 26116 26601 27174 27625 28106 28598 28834 29286 29351 29512 29873 30626 31389 31860 32008 32089 32936 32937 33795 34259 34650 34997 35278 35365 35853 36740 37446 37918 38824 39129 39762 40481 40582 41548 41679 42434 42753 42848 43563 44177 44849 45267 46088 46487 46651 46886 47699 48537 49349 49429 49624 50605 51166 51177 51438 51720 
846 1568 2507 3047 4040 4982 5378 5713 5976 6214 7199 7773 7931 8179 8303 9092 9374 10038 10551 11303 11774 12629 12952 12992 13649 14549 14733 15260 15891 15952 16131 16734 16837 17711 17906 18845 19052 19770 20358 21018 21407 21828 22201 22394 22609 23013 23253 23417 23708 24547 24941 25647 26404 27087 27506 28503 29231 29642 30567 31212 31890 31980 32721 33626 34329 34588 34589 34819 35039 35081 35825 36209 36997 37406 38396 39228 39459 40238 41124 41469 42435 42671 43593 44331 45010 45239 45583 46489 46538 47187 47402 47463 47916 48583 49324 50000 50969 51466 52182 52707 
314 1285 1507 2187 2914 3050 3991 4156 4398 5239 6235 6823 7123 7690 8576 9156 9304 9681 9716 10161 10418 11312 11532 12098 12290 12525 12662 13114 13576 14518 15412 16220 16473 16522 16784 17044 17253 17511 18381 19212 19494 20050 20404 21187 21641 21999 22405 22898 23306 23911 24157 24607 25213 25673 26322 26926 27544 28495 29118 29763 30265 30651 31370 31533 32150 32466 33070 33394 34309 34994 35515 35970 36350 36839 37798 38283 38866 39399 39935 39954 40034 40258 40438 40834 41817 42555 43302 43920 44316 44778 45494 45518 46089 46950 47153 47553 48548 48773 49085 49848 
290 730 736 918 1241 1625 1851 2587 3451 4111 4837 5054 5083 5490 5848 6240 6429 6820 7694 7853 8297 8817 9677 10665 11547 11579 11886 12390 13172 13659 14289 14755 15410 15530 16173 16801 17294 17378 17622 18585 19300 19401 19473 19734 20388 20482 20943 21001 21325 21937 22421 22847 23728 24425 25041 25321 25613 26161 26519 26823 26881 27343 27441 27747 28154 28869 29487 30021 30503 30521 31400 31999 32169 32848 33605 34528 34754 35488 35518 36256 36673 37564 38132 38381 38658 38704 39304 39896 40509 40845 40877 41803 42050 42191 42817 43650 43684 44103 44494 45487 
979 1976 2776 3613 4393 5022 5737 6188 6638 7445 7703 8256 9169 9852 10259 10512 11014 11886 12021 12615 12634 12965 13315 13670 14018 14830 15639 16126 16650 17133 17156 18115 18569 18923 19689 20562 21456 22050 22753 22986 23400 24187 24809 25647 26644 27219 28152 28563 29246 30213 31069 31981 32110 32168 32490 33285 34243 35057 35720 35985 36971 37031 37898 38421 39102 39861 40166 40416 40903 41406 42328 42922 43271 44078 45077 45298 45585 45681 46517 47407 48201 48235 49015 49394 49625 49657 49800 49824 50480 51433 51749 51994 52617 52806 53472 54263 54410 54644 54916 55144 
688 722 994 1223 1839 2173 3090 3671 4447 4481 5319 6073 6856 7418 7683 7841 8376 8976 9637 10094 10921 11914 12630 13465 13482 14096 14971 15620 16335 17248 17262 17350 17676 18562 19551 20124 20463 21399 21432 21737 22689 23352 23759 23906 24283 24572 24885 24906 24948 25767 26595 26918 27618 28069 28219 28965 29354 29562 30371 31325 32187 33087 34056 34318 35033 35661 36353 36639 37151 37768 38138 38590 38873 39150 39281 40119 40675 40940 41835 42747 42796 43572 43662 44196 45189 45576 46347 46456 46955 47059 47438 47998 48696 49495 49659 50511 50746 51581 51666 52031 
356 425 1128 1699 2557 3435 3905 4304 4697 5464 5963 6689 7288 7404 7418 8286 8991 9476 9830 10751 11476 12442 12963 13244 14206 15202 15323 15421 16170 17089 17410 17868 18259 18267 18403 18519 18710 19036 19591 19914 20644 21235 22123 22843 23280 23286 23865 24023 24210 25146 25604 25867 26338 26457 27038 27327 27870 28445 28725 29520 29931 30117 30910 31634 31968 32965 33625 34404 34949 35790 36633 37308 38229 38280 39238 39603 40201 40345 40467 40547 41058 41494 42076 43027 43616 44333 44422 45182 45624 45696 46045 46601 47427 48280 48622 49277 49737 50145 51144 51462 
463 589 1378 2139 2633 3589 4221 5118 5257 5633 5644 5976 6842 7724 8579 9433 10058 11034 11144 11529 11743 12337 13254 13922 14783 15029 15824 16239 16908 17717 18444 18835 19292 20254 20374 21012 21876 22187 22602 23431 23551 24271 24628 25044 25090 25139 26114 26883 27340 28294 29043 29327 29880 30128 30935 31845 32351 32966 33144 33277 33857 34508 34796 35726 36290 36919 37071 37920 38781 39251 39739 40404 40550 40815 41273 42260 42559 42937 42967 43425 44094 44585 44648 45304 45802 45911 46644 47309 47734 48601 49422 50114 50298 51136 51693 52417 53195 53287 53757 53854 
351 1000 1591 2136 2804 3747 3879 4634 4655 5627 6158 6867 7451 7471 8379 8547 8665 9273 9594 10221 10253 11020 12007 12399 13211 13454 14444 15342 15510 16279 16708 17570 18397 19368 19668 20550 21092 22067 22700 22710 23520 23642 23903 24550 25091 25279 25307 25538 25544 25683 26406 26769 27012 27567 28370 28435 28704 29610 29618 29866 30225 30302 30622 30803 31723 32476 33439 33785 33963 34731 35213 35421 36034 36560 36703 36987 37227 37258 38183 39054 40029 40279 40864 41490 41992 42588 42976 43646 43680 43739 44021 44751 45588 46207 46486 47429 48335 48365 48806 49066 
342 1285 1363 2061 2798 3722 4706 4808 5738 6603 7363 8322 8433 9225 9666 9903 10038 10328 10573 10779 11663 12355 12570 13139 13203 13213 13821 14414 14791 14978 15231 15233 15989 16495 17173 17903 17932 18566 18702 18904 18919 19059 19285 19847 20044 20473 20508 21167 21899 22290 22820 22961 23779 23788 23944 24225 24385 25098 25988 26404 26686 27435 27717 28437 28658 28886 29021 29965 30243 30363 30633 31371 32022 32103 32654 33180 33908 34529 35235 36235 36938 37925 38743 39196 39730 40613 40923 40942 41441 42363 43018 43242 44026 44878 45716 46365 47044 47154 47623 47740 
270 590 1547 1785 2355 3151 4088 4771 5469 5471 6415 7090 7358 7523 7791 8055 8416 9299 9981 10415 11344 12037 12637 13468 14451 15106 15433 16018 16024 16552 16874 17602 17903 18713 19023 19693 20230 20232 21146 21634 22345 23178 23310 23617 24363 24621 24805 24899 25029 25360 26334 27015 27897 27993 28795 29427 29575 29995 30798 31448 31943 32413 33006 33947 34839 35660 36435 36494 36771 37680 37741 38273 38634 39303 40132 40327 40690 41424 41952 42294 42880 43189 44176 44546 44850 45757 46651 47065 47367 48186 48373 48596 48901 49444 50272 51089 52078 52942 53587 53745 
558 1320 2148 2760 3411 4076 4926 5112 5615 6228 6487 6517 7141 7762 8260 8490 8839 9787 10104 10302 10854 11782 12178 12522 12928 13672 13926 14451 14671 14777 15249 16060 16899 17325 18001 18669 19130 19840 19887 20713 21262 22060 22375 22754 23015 23289 23626 24210 24636 25503 25682 26636 26848 27807 28379 28606 28921 29899 30618 31395 31927 32608 33355 33737 33964 34062 34542 34555 34988 35217 35778 36528 37304 37378 38178 38807 39013 39592 39786 39902 40436 41414 42265 42482 42595 43538 43607 43620 43712 44222 45083 46073 46848 47600 47981 48596 49528 49796 50060 50832 
807 1516 1683 1873 2462 2507 3381 4311 5118 5379 5593 6125 6703 6826 6924 7676 7820 8599 9549 10006 10783 10846 11408 12115 13020 13062 13735 13772 14518 14691 15141 15161 15978 16585 16737 16942 17587 18383 19250 19898 20273 20769 21234 21306 21894 21983 22160 22981 23426 24186 24977 25289 25454 25838 26658 26811 27330 28215 28646 29646 29672 30607 30927 31479 32458 32841 33781 34395 34809 35026 35710 35849 35891 36224 36342 37304 37333 37793 38392 39187 39946 40575 41272 41609 42163 42218 43097 43981 44277 44678 45615 46244 46580 47515 47674 47751 48541 49249 49355 49607 
350 1092 1389 1816 2709 2749 2848 3411 3674 4161 5048 5290 6265 7219 8107 8404 9395 9604 9770 10460 11092 11146 11174 11707 11896 12478 12511 12673 13553 13716 13997 14167 14506 15095 15403 15881 16476 17184 17616 17619 17662 18608 18738 19596 19882 20242 20379 21118 22059 22187 23107 23891 24177 24279 25194 25519 26513 26616 27142 28103 28293 29064 29596 29796 29857 29956 30529 31211 32160 32472 33234 33728 34443 35406 36024 36939 37018 37480 38442 38998 39842 40164 40243 40488 41372 41703 42290 42760 43696 44517 45196 45588 45837 46753 47391 48358 48472 48596 49506 50093 
381 1202 1837 2689 2924 3444 4286 4604 4810 5781 6362 7057 7588 7732 8296 9152 10059 10392 11250 11390 11598 12212 13102 13672 13881 14319 14503 15353 15397 15633 16603 17342 17708 18257 18672 19096 20054 20844 21518 22179 22466 22728 22865 23193 23845 24534 24594 25371 25950 25974 26279 26708 27121 27533 27562 27793 28015 28356 28811 29198 29568 30254 30514 31253 31618 32559 32760 32950 33369 33669 33812 34520 34777 35113 35958 36435 36753 37572 37963 38216 39191 39748 39793 40331 40723 41099 41805 42661 42923 43050 44017 45017 45388 45494 46278 46705 46854 47375 47875 48528 
628 965 1879 2529 2552 3022 3417 3455 4331 5003 5988 6836 7573 8137 8519 9007 9235 9786 9823 10240 10880 11191 11395 12060 12572 13107 13117 13922 14588 15145 15774 16668 16850 17217 17253 17628 18448 19118 19435 20033 20548 21260 21476 21995 22780 23362 23476 24144 24805 25163 25453 26163 26264 26696 27525 27598 28075 28663 29030 29870 30551 31120 31232 31968 32477 32847 33243 33703 33831 34288 34975 35880 36873 36985 37909 38573 39014 39169 40007 40072 40512 41344 41379 42368 43306 43735 44193 44348 44844 45369 45875 46794 47665 48185 48235 48239 48548 49194 50107 50335 
62 693 1672 1710 2438 2735 2895 3757 4353 4413 4584 5107 5290 5581 5923 6902 7324 7731 8239 9189 10038 10488 11010 11242 11957 12824 13242 14052 14409 14914 15354 16037 16465 17252 18165 18222 19024 19035 19614 19629 20027 20196 21055 21611 21743 22456 22864 23070 23212 23598 24113 24207 24415 25374 25533 25795 26023 26275 27048 27066 27975 28270 28391 28722 29534 30475 30491 30563 30717 31102 32039 32586 32978 33224 33683 33855 34465 34468 34838 34902 35383 35731 35781 36688 36694 37358 37491 37852 38467 38906 39385 39552 40041 40536 40604 41327 41553 41761 42729 43058 
647 1160 1881 2310 2905 3415 3982 4134 4495 4785 5174 5216 6130 6182 6639 7176 7229 8112 8665 8889 9226 9690 9854 10662 11566 11970 12945 13273 13796 14404 14457 15194 15666 16646 17064 17664 18356 18607 19507 19843 19888 20210 20334 20613 21307 22259 22972 23178 24096 24514 24870 25265 25806 26448 27434 28123 28342 28566 28970 29153 29718 30474 31083 31735 32674 32969 33654 34556 35042 35526 35705 36209 36534 37218 37547 38104 38467 38523 38867 39207 39374 39995 40492 40520 40997 41871 42735 43035 43996 44256 45206 46040 46717 47431 48301 48327 48505 48719 49602 50106 
408 935 998 1869 1918 2308 2391 2728 3361 3622 3691 3746 3871 4150 5012 5020 5763 6746 7406 7831 8739 8859 9053 9076 9952 10408 10807 10910 11831 12667 13249 13521 13720 14326 15187 15534 15973 16391 17296 17745 18305 18918 19397 19411 20291 21191 21888 22506 23455 24193 25043 25278 25337 26149 26352 26662 27143 27256 27687 27886 28544 28779 29387 29962 30108 30255 30601 30947 31170 31582 32362 32742 32912 33741 33850 34718 35005 35560 36276 36290 37185 37622 38317 38790 39500 39686 39911 40354 41171 41984 42113 42780 43319 44121 44372 45022 45691 46471 47284 48102 
736 954 1806 2537 2589 3444 3528 4074 4561 4913 5627 6348 6865 6907 7653 7993 8254 8614 8780 9358 10210 11168 11286 12261 12404 12874 13212 13995 14351 14912 15574 16272 16411 16980 17875 18696 19356 19966 20433 21377 22033 22427 23014 23734 24526 25254 26252 26642 26895 26906 27254 27686 27999 28376 29195 29658 29706 29731 30212 30714 31040 31100 31163 31480 31700 32357 32778 33016 33832 33838 34009 34813 34868 35114 35874 36251 37139 37981 38350 38919 39515 40507 41478 42083 42630 43010 43327 43714 44542 45347 46141 46577 46708 47317 47608 47779 48272 48941 49601 50392 
995 1773 2772 3140 3944 4539 5275 6105 6181 7136 7977 8221 9042 9246 10046 10803 11324 11635 12388 12800 12905 13088 13263 13297 14074 14485 15051 15440 16173 17148 17627 18030 18328 18489 18728 18877 19736 20364 20611 20725 20782 21215 21793 22289 22899 23607 24437 24736 25344 25877 26408 26806 27195 27927 28881 29666 30221 30678 30709 31115 31452 31742 31822 31895 32194 33094 33686 33990 34258 35026 35991 36564 37360 38260 38590 38665 38886 39619 40299 40329 40435 40944 41218 41302 41841 42027 43026 43441 44079 44533 45136 45896 46467 46959 47070 47273 48243 48560 48986 49653 
658 1260 1272 1847 2526 3397 3789 4564 5547 5985 6181 6845 7066 8012 8481 9200 9896 10679 11130 11370 11837 12374 12568 12682 13310 14241 15208 16164 16747 17225 18169 18320 18816 18996 19969 20852 20912 21685 22423 23074 23346 24211 24724 25447 25497 26313 27100 27129 27588 27927 27930 28749 29565 29896 30207 30544 31132 31133 32045 32788 33274 33679 33929 34295 34536 35010 35236 35259 35688 35777 36483 37414 37579 37792 37917 38850 39275 39383 40319 40620 41017 41057 41930 41969 42751 43624 43874 43959 44915 45233 45783 45959 46355 46635 47254 47628 48540 49062 49437 49484 
368 393 825 1737 2628 2761 3043 4016 4822 4955 5291 5839 6337 7068 7189 7579 7967 8659 8673 9269 10048 10902 11750 11767 11826 11852 12825 13390 13831 14583 15411 16058 16227 16912 17501 18256 18646 18842 19582 20567 21165 21379 21495 22123 22762 23545 23990 24550 24812 25404 26296 26730 26792 26914 27056 27618 27809 28163 28461 28974 29628 30603 31109 31590 31624 31856 32760 32868 33554 34388 35135 36050 36756 37557 37938 38004 38882 39041 39929 40301 40488 40542 41150 41247 41879 42489 42725 43540 43996 44388 44880 44948 45167 45389 45510 45649 46536 47387 47560 48090 
722 886 1080 1384 1422 2198 2971 3502 3974 4053 4223 5182 6138 6651 6714 6963 7834 7879 8007 8122 8435 8988 9486 10357 10658 11548 12380 13242 13557 14203 14966 15484 15669 15964 16808 17182 17421 17683 18482 19002 19295 20132 20144 20728 21711 21955 22560 23293 23310 23515 23523 23627 23984 24642 24944 25448 26232 26275 26345 27328 28245 29029 29067 29236 29359 29603 30156 30932 30972 31192 31775 32086 32250 32265 32812 33755 33772 33997 34640 35324 35590 36120 36176 37125 37253 37791 38324 38659 38941 39879 40243 40441 40707 40712 41089 41406 41611 41877 42312 42769