80 47
303 857 1836 2295 2513 3363 4031 4046 4639 4870 5621 6545 7397 7960 8378 9268 10033 10659 10962 11524 11755 12726 13188 13819 14111 14758 15020 15146 15537 16317 16743 17473 17502 18163 18264 18544 18855 19343 19471 19646 20239 21208 21308 21988 22235 22815 23312 23337 24195 24497 24652 24880 25161 25334 25650 26098 26732 26741 27161 27360 27377 28142 28629 28665 29104 29814 30243 30384 31037 31898 31945 32500 33447 34074 34652 34925 35131 35355 35365 35722 
408 1284 1695 2685 2766 3251 3526 4004 4757 4965 5404 5466 6017 6900 7360 7934 8055 8768 9379 9571 9738 10047 11018 11460 11838 11907 12317 12520 12741 12807 13627 13961 14084 14285 15024 15044 15142 16073 16592 16631 17259 18061 18544 19317 20040 20097 20613 21553 22513 22833 23819 24641 25465 26147 26198 26443 27087 27747 28713 29609 30102 30343 30543 30916 31448 31543 31667 32433 33341 34341 34926 34982 35661 36211 36956 37600 37671 37821 38145 38798 
158 843 961 1276 2223 3170 3739 3910 4181 4549 5035 5261 6004 6581 6897 7896 8876 8960 9776 10226 10739 11233 11313 11459 12237 12315 12663 13120 14024 14170 14188 14302 14752 15516 15854 16713 17609 17879 18058 18117 18222 19106 19610 20197 20640 21052 22000 22168 22386 22683 22809 23101 23644 24298 25079 25985 25988 26453 26588 26808 27566 28527 29115 29796 29839 30035 30939 31516 32311 32929 33074 33970 34057 34622 34996 35935 36809 37051 37971 38939 
195 617 898 1698 2009 2875 3861 3963 4123 4686 5464 5476 6455 7035 7162 7272 7555 8121 8375 8624 9151 9375 10361 11000 11659 12341 12928 13639 13822 14597 15278 15606 16231 16744 17560 17647 18313 18317 19048 19166 19313 20075 20262 20659 21387 22242 22463 23461 24146 24731 25494 26036 26405 27387 28372 28423 28810 29732 30248 30517 30835 30882 31329 31859 32123 32834 33601 33661 33772 33948 34383 34497 34523 34553 34749 35182 35627 36308 36606 37338 
630 1418 2373 2945 3451 4058 4682 5580 5953 6755 6946 7156 7211 7250 7347 7439 7878 8650 9320 10060 10577 10698 10748 11624 12137 12568 13245 13812 14503 14885 15469 16101 16595 17515 18011 18328 18774 19487 19574 20446 21044 21628 22153 22952 23108 23789 23863 24561 25058 25222 26143 26381 27174 27774 28596 29053 29200 29752 30699 31231 31730 32487 32548 32804 33102 33231 33834 34038 34659 35350 35690 36350 36992 37287 37863 38346 39224 39544 39998 40859 
387 1299 2108 2730 2739 3092 3252 3818 4741 4748 5294 5467 6061 6911 7179 7800 7966 8922 9021 9760 10565 10845 10931 11468 11610 12253 12754 12807 13215 13616 14364 14813 15235 15376 16250 16881 17523 18265 18924 19837 20455 21035 21821 22292 23149 23167 23902 24303 24823 25578 25631 25755 26387 27356 27482 27997 28470 28823 29270 29566 29736 30025 30394 30675 30691 31323 31431 32320 33176 33413 34038 34529 35085 35867 36703 36724 37502 38245 38483 38635 
29 883 1206 1829 2700 2799 3751 4079 5078 5524 6133 6786 7447 7481 7486 8275 9088 9706 10121 11084 11098 11884 12328 12395 12926 13704 14238 14908 15068 16004 16310 17179 17393 17873 18443 18765 18852 18943 19412 19820 20144 20363 20950 21551 22192 22967 23824 23891 24142 25020 25385 25902 26466 27318 28033 28148 28422 29332 29702 29742 30442 30532 31339 31414 31826 31899 32494 33410 33874 34028 34982 35502 36239 36392 36932 37020 37531 38073 38628 38756 
157 937 1389 1928 2472 3085 3630 4494 4948 5866 6091 6791 7133 7587 7681 8077 8546 8716 9272 10175 10376 10878 11536 11651 11693 12167 12566 13212 13962 14100 14525 15167 15525 15871 16493 17109 17405 18045 18544 18624 18782 19540 19976 20481 21461 22088 22643 23377 23507 24505 24959 25172 25212 25626 26235 27166 27657 28136 29094 30068 30428 30893 31813 32044 32880 33433 33910 34678 35223 35786 36124 36393 36628 37082 37933 38489 39187 40157 40541 40917 
628 1195 1534 1969 2167 2235 2476 2524 3326 3426 4117 4713 5548 6339 6708 6972 7695 7838 7908 8006 8026 8939 9422 9501 10098 10898 11560 11871 12703 13461 14193 14373 15124 15498 16394 17282 18269 18592 19383 19532 19968 20404 20480 20846 21783 21966 22004 22884 23278 23582 24305 25113 25442 26101 26835 27682 28284 28584 29449 29883 30857 31816 32561 32718 33484 33763 34089 34441 34533 35202 36021 36912 37069 37879 38061 38063 38994 39986 40791 40979 
428 446 1004 1886 2510 3002 3204 3582 4443 5096 5431 6268 6730 7173 7234 8069 8151 8257 8782 8816 9668 10244 11010 11273 11880 12230 12277 12802 12842 13539 13794 13819 14079 14858 15180 15264 15287 15980 15999 16339 16629 16789 17090 17509 18033 18870 19703 20535 21063 21929 22468 22788 23372 23874 23889 24807 25611 25865 25968 26475 26845 27699 28469 29296 29965 30547 31450 31534 32427 33055 33696 34228 34910 35626 36471 36554 37167 37859 38078 38452 
444 747 838 1708 2137 2362 2401 3089 3638 3932 3956 4432 5015 5323 6187 6370 6640 7617 8580 9136 9661 10463 11321 12306 12639 13191 13622 13970 14239 15194 15347 15497 16349 17281 17537 17596 18019 18684 19231 19631 20363 20913 20977 21187 21614 22002 22869 23323 23670 24533 25368 25970 26190 27008 27509 27731 28399 28956 29775 29848 29853 29927 30781 31043 31867 32342 32616 33144 33763 33976 34381 34386 35188 35909 36361 36696 36832 36937 37759 38390 
151 231 909 1627 1665 2457 2675 2968 3572 3665 4078 4278 4382 5223 5897 6652 7534 8294 9022 9694 10193 11168 11266 11593 12233 12344 13188 13742 13950 14409 14423 15136 15711 16706 17403 17867 18535 18565 19289 19986 20118 20513 21069 21163 21886 22319 22422 23183 23924 24298 24681 25255 25680 25907 26181 26895 27094 27234 27793 28159 28726 29101 29994 30812 31425 32203 32744 33161 34055 34760 35201 35916 36545 37441 38211 38705 39162 39861 39971 40626 
89 152 300 651 1379 2085 2494 3111 3184 3414 3671 4156 4660 5186 5237 5661 6403 6838 7323 7779 8151 8945 9454 9557 9774 10753 10911 11704 12604 12739 13271 13433 14117 14290 14820 15118 15854 16839 17321 17537 18018 18662 19281 19776 20532 21459 21482 21497 22457 22590 22931 23653 23666 24200 24717 25652 25659 26332 27254 27376 28273 28744 29669 30546 30964 31718 32374 32512 33216 34212 35088 35674 36663 36710 37615 37821 38737 39610 40090 40931 
554 651 953 956 1615 2296 3078 3954 4887 5797 5812 6645 7467 7668 8486 8884 9187 9191 9630 10246 10490 11254 12140 12385 13040 13664 14042 14901 15150 15468 15600 16328 17290 17352 17382 17857 18534 19301 20163 20631 21079 21224 21587 21998 22441 22661 23584 23838 24477 24780 25342 26195 27139 27428 28326 28772 28898 29368 29386 29885 30405 31124 31148 31696 32038 32873 33445 34364 34666 35616 36222 36363 36805 37317 38145 39036 39689 39986 40975 41088 
13 532 748 1493 2203 2990 3193 3663 4466 4835 4990 5574 6516 7032 7571 8057 8756 9030 9717 10691 11322 11999 12081 12234 12732 13012 13093 14045 14862 15660 16317 16683 17036 17250 18035 18070 18101 18712 19356 20270 20619 21132 21327 21428 22148 22835 23296 23540 24517 24867 24914 25768 26585 26635 26833 27468 28301 28668 29141 29312 30186 30708 31471 32465 33185 34070 34359 34684 35054 35598 36306 36947 37547 37650 37747 38300 38660 39059 39705 39768 
848 1693 2096 2799 3284 4196 4335 5067 5662 5895 6251 6626 7446 8339 8620 9260 9770 9819 10815 11798 12356 12499 13363 14045 14223 14725 15372 15569 16476 17115 17335 17357 17400 18039 18662 19200 19509 19872 20676 21470 22220 22699 22814 23257 23493 24467 24609 25214 25821 26456 26757 27694 28405 28845 29070 29268 29604 30246 30717 31704 32604 33151 33216 33499 33966 34791 35384 35718 36026 36621 37303 37848 38672 39019 39562 39569 40008 40081 40191 40554 
996 1312 1466 1500 2066 2095 2165 2970 3848 4269 4527 5033 5295 5470 5821 6220 6435 7031 7699 7885 8260 9198 9584 10309 11131 11228 12104 13016 13340 13492 14476 14950 15003 15382 15960 16074 16082 16753 16972 17040 17354 17805 18021 18983 19168 19760 19795 20745 21643 22493 22494 23105 23998 24203 24536 25454 26280 27123 27677 27807 28531 28742 28979 29499 29927 30870 31038 31132 31467 31495 32093 33055 33269 33718 34605 35396 35771 36214 36981 37972 
223 735 787 841 1242 1518 2186 3148 3178 3548 4280 4711 5328 5915 5927 5954 6693 6823 7461 8426 8940 9774 10650 10919 11069 11168 11999 12156 12883 13868 14698 14965 15837 16698 17234 17915 18700 19020 19563 20192 20911 21348 21818 22117 23062 23656 24374 24828 25799 26231 26510 27297 27494 28340 28376 29036 29881 30269 30616 31607 32314 32529 33235 33970 34219 35043 36036 36460 37009 37818 38227 38903 39640 40314 40605 40850 41401 42154 42870 43807 
999 1738 2100 2940 3561 3882 4851 5604 6007 6765 7605 7993 8948 9804 10610 10696 10779 11420 11993 12682 12977 13552 14181 14669 15298 15791 16756 17154 17158 17800 18326 18563 19492 20128 20135 20621 21233 21487 22062 23062 23721 24524 25503 26036 26174 26635 26715 27206 27249 27322 28260 28299 29288 30219 30314 31059 31415 31519 31600 31918 32620 33207 33520 33915 33947 34600 34680 34766 35243 35363 35880 36356 36801 37519 37807 38416 38459 38540 38937 39508 
944 1559 1818 2263 3241 3948 4504 5143 5531 6171 6635 7575 7934 8149 8963 9092 9864 9911 10131 10635 10714 11710 12484 12983 13253 13770 14588 14640 15432 15630 15734 16103 16950 17745 18487 18802 19289 19751 19996 20784 21562 21976 22276 22547 22550 22965 23114 24050 24109 24176 25112 26040 26143 27012 27284 28068 28238 28259 28283 29086 29730 30684 30698 31606 31778 32621 32632 32658 33294 34025 34417 34969 35950 36751 37735 38041 38966 39740 40093 40132 
830 1097 1390 1971 2722 3303 3860 4574 5119 5251 5899 6361 6978 7394 8231 8332 9172 9272 9481 10015 10368 11284 11739 11908 12179 12757 13112 13117 13547 13671 13983 14961 15439 15448 16360 16584 16680 17519 18059 18929 19567 20482 21170 21892 22694 23126 23420 23617 23866 24684 25457 26329 27042 27341 27971 28197 28719 28952 29505 29816 30689 31574 32557 32698 33060 33327 33541 33764 34439 35402 35999 36215 36529 37331 37740 38176 38179 38311 38860 39824 
100 854 1360 1842 2746 2968 2990 3139 3875 4603 5395 6257 6451 7330 7622 7643 7930 8859 9831 10425 11130 11872 12836 13537 13811 14056 14291 14360 14744 14946 15228 15905 15972 16688 16830 17005 17532 18351 18702 18871 19063 19881 20497 21196 21855 21960 22175 22519 22919 22925 23557 24001 24269 24278 24993 25046 25994 26201 26715 27550 27912 28780 28948 29615 30474 31204 31998 32863 33371 33711 33938 34858 35294 35469 36132 36466 37430 37792 37907 38294 
578 971 1672 2087 2625 3084 3880 4845 5457 6121 6590 7004 7640 7789 7975 8108 8402 8808 9278 10002 10349 11109 11691 12013 12482 12587 13352 14315 14322 15006 15702 15899 16360 17291 17594 18534 19179 20002 20767 21173 21372 22132 22596 22972 23581 24265 25080 25458 25859 26024 26658 26942 27437 27889 28283 28905 29716 30579 31403 31704 32185 32417 33126 33232 34083 34498 34541 34992 35751 36639 37612 38411 38705 39085 39767 40093 40473 41439 41957 42043 
225 1006 1253 1493 1831 2654 3279 3467 3986 3987 4892 5398 5673 6631 7058 7797 7875 7981 8862 9537 10376 11054 11396 12161 12222 13195 13551 14170 14927 15757 15854 16405 17092 17191 18021 18388 19095 19253 19573 19814 19898 20788 21459 21892 22474 22685 23520 23625 24526 25155 25830 26768 27708 28524 28592 29558 30490 31360 31617 32027 32668 33474 34287 34310 34614 35413 35609 35797 36737 37301 38187 38719 39193 39970 40249 40563 41459 41552 42038 42255 
11 100 1012 1638 1816 2204 2363 2557 3187 3245 3968 4687 5051 5628 5852 6347 7246 8068 8316 8887 9288 10048 10411 11198 12011 12596 12638 13580 13808 14424 15087 15582 16567 17522 17573 17933 18602 19255 19896 20863 21629 22091 22690 22868 23343 24080 24635 24799 25612 26188 26564 27081 27133 27394 27410 27674 28291 28940 29586 29748 30540 31367 31972 32350 33037 33368 33916 34425 34723 35028 35626 35669 36090 36948 37514 37644 38086 38104 39051 40021 
240 1057 1253 1375 1586 1881 2499 3144 3717 3937 4715 4824 5316 6047 6932 7689 7884 8055 8810 9350 9985 9991 10258 11011 11945 12515 13280 13864 14050 14601 15102 15450 15518 16206 16770 17667 18391 18740 19545 20323 20803 21286 21738 21768 22076 22909 23099 23810 24013 24376 24691 25501 26014 26737 27055 27931 27981 28630 29147 29722 29889 30780 31706 32473 32987 33367 34321 34395 34650 35467 36130 36680 37549 38041 38100 38667 39472 39685 39806 40127 
437 1188 1884 2033 2488 3110 3128 3624 4340 5320 5611 5978 6613 7434 8416 9158 9460 9992 10515 11156 11439 12349 12754 13098 13832 14496 15464 16172 16674 17041 17605 18484 18808 18885 19698 20132 20473 21174 21335 21393 22129 22192 22781 23655 23714 24469 25197 25715 26655 27613 28076 28677 29535 29951 30066 30312 30536 31267 31818 32812 33705 33750 34425 34611 34899 35025 35749 36671 37390 37947 38412 38868 39606 39912 40484 41408 41641 42125 42196 42243 
355 1168 1208 2165 2374 2878 3764 3765 3791 3893 4733 4782 5390 5705 6375 7200 7496 8154 8739 9050 9745 10171 11124 12067 12925 13624 14170 14184 14629 15136 15694 15734 16260 17063 17867 18801 19573 19689 20463 20618 21599 22189 22423 23101 23259 23491 24311 24720 25462 25723 26231 26859 27734 28363 28439 28596 29204 29422 30161 30323 30906 31654 32494 32535 33504 34181 34412 35297 35427 35733 36309 37046 37373 37641 37953 38630 39529 40025 40840 41803 
551 1386 1626 1874 1950 2707 3278 3568 3778 4772 5088 5339 5957 6182 6886 7619 8558 8597 9502 9970 10630 11294 11811 12631 13094 13556 14045 14148 14535 15384 16038 16461 17160 17209 17290 17616 18192 18256 19067 19944 20155 20402 21105 21541 21818 22780 23567 24456 25356 25790 25941 26694 27508 28034 28754 29258 29588 30111 30554 31451 32250 32277 33099 33641 34135 34745 35615 36525 36559 37034 37385 38298 39281 39825 39992 40360 40842 41841 42570 43202 
740 1130 1761 2734 3379 3419 3635 4491 5202 5871 5890 6226 6621 7106 8099 8139 8852 9321 9736 9857 10680 10692 11281 11588 11816 12101 12224 12587 13088 14080 14128 14723 14738 15668 16236 17002 17170 17467 18033 18235 18444 19103 19904 20476 20855 21711 21795 22465 22810 23186 23498 24327 24996 25579 26551 26844 27600 28283 28822 29819 30625 30672 31312 32277 32339 33308 34021 34341 35334 35556 35862 36118 36971 37612 38581 38678 38859 39242 39783 40184 
378 700 1521 1560 2121 2427 3194 3253 3850 4788 5039 6007 6161 7091 8086 8580 9279 10024 10876 11725 11857 12497 13376 14106 14559 14860 15821 15945 16694 17287 18029 18121 18789 18952 19306 19444 20268 21096 22028 22609 23319 23624 24365 24881 24939 25694 26014 26263 26650 27172 28153 29037 29665 29729 30308 30936 31645 31901 32563 32721 33707 34098 34735 34986 35799 36747 37152 37546 38422 39070 39882 40849 41083 41131 42034 42096 43008 43286 44244 44472 
512 623 1098 1415 2061 2171 2628 3387 4075 4374 5109 5503 6497 7086 7941 8493 8925 9812 10284 10671 11322 12240 12618 12763 13687 14106 14723 15089 15860 16412 17058 17820 18190 18336 19079 19143 19911 20036 20694 21256 21273 21885 22528 22551 22871 23110 23668 23806 24500 25009 25211 25828 26709 26759 27059 27421 27682 28364 29173 29905 30741 30807 31263 32184 32645 33472 33969 34016 34793 35434 36084 36414 37109 38010 38661 38702 39501 39826 40477 41067 
217 497 768 1766 2418 2791 3258 3814 3955 4037 4421 4972 5746 5829 5840 6582 6702 7080 7624 8231 8343 9181 10024 10426 10909 11166 12154 12177 13048 13260 14254 14993 15037 15087 15838 16248 16937 17473 18030 18130 19064 19693 20486 20690 20771 20961 21183 22145 22482 22899 23087 23981 24384 25056 25387 25488 26078 26804 27445 27780 28758 29531 30516 31217 31744 32166 33026 33098 33103 33703 34060 34612 35018 35608 35691 36285 36981 37453 37742 38656 
622 1237 1725 2508 3442 4336 5323 5656 6361 6757 7752 7967 8571 9551 10044 10368 10893 11789 12552 12789 12813 13264 13892 14085 14164 15005 15749 15871 16329 16885 17234 17866 17876 18286 19053 19818 19849 20500 20896 21430 21835 22499 22682 23435 23856 24401 24518 24928 25530 26118 26789 27108 27736 28569 28918 29784 30486 30897 30927 31181 31769 32760 33313 34004 34632 35412 35565 36089 37061 37143 37861 38689 39503 39525 39608 40376 40497 40585 40859 41848 
667 680 1344 2038 2629 3513 4463 5431 6328 7193 7691 8022 8825 9358 10072 10290 10298 11245 11583 12233 12839 13425 13848 14610 15350 15709 16367 17160 17655 18322 19081 19090 20052 20253 20679 21369 21975 22738 23550 24332 24687 24747 24776 25544 25769 26658 27522 28450 29433 30006 30407 31278 32013 32518 33508 33641 33882 34581 35296 35349 36184 36529 36844 37681 38209 38720 39684 40234 41093 41486 42097 42483 42820 43570 44373 45246 45700 46512 46629 47385 
292 562 1432 2040 2584 2608 3182 3569 4415 5166 5317 5524 5871 6641 6686 6776 7766 8534 8755 9529 9952 10047 10933 11815 12555 13217 13697 14543 14551 14556 15153 15236 16021 17008 17124 17960 18883 19849 20607 21017 21143 21685 22372 22902 23779 24732 25229 25782 26051 26338 26391 27257 27462 27899 28652 28885 29793 29937 30579 31502 32184 32649 32710 33113 33643 34235 34348 35240 35856 35898 36549 37368 38033 38650 39024 39425 39839 40449 41395 41727 
435 1398 1634 2547 2998 3703 4397 4830 5341 5772 6240 6922 7738 7750 8274 8338 9101 9649 10315 11148 11981 12775 12845 13061 14019 14567 14665 15303 15806 16728 17399 17644 18517 19234 19246 19669 19790 20391 21053 21390 22103 22184 22526 22902 23139 23421 23641 24563 25134 25716 26429 26928 27877 28398 29242 30067 30471 31258 32241 32400 33375 34162 34634 35415 35474 36295 37103 37428 38344 38669 39509 39862 39925 40268 40325 40383 40597 41566 41825 42481 
88 1041 1829 2139 2846 3281 3891 4295 4614 4890 5070 6034 6833 6905 7871 8710 9521 10312 10521 11441 11811 12004 12042 12307 12463 13356 13531 13749 13783 13810 14334 14387 15020 15512 16383 16428 16613 17518 17628 18174 19135 19953 20227 20495 21364 21823 21878 22319 22955 23239 23379 23548 24451 25378 26016 26097 26158 26195 26863 27222 27463 28200 28770 29431 29577 29918 30030 30235 30748 31462 31921 32196 32977 33805 34446 35323 35637 36615 37212 37896 
574 1145 1584 1928 1937 2569 3342 3765 4571 5207 5690 6100 6984 7927 8453 8621 8886 9865 10694 10781 10820 10868 11643 12568 12752 13665 14313 15266 15648 16604 16634 17159 17962 18844 18878 19875 20020 20480 21198 21668 22066 22589 23306 24017 24218 24500 24856 25088 25970 26740 27428 28171 29018 29514 29873 29946 30702 30763 31256 31625 31993 32164 32299 32842 32943 33791 34381 34636 35245 35353 35788 35946 36702 37039 37285 37508 37522 38217 38658 39636 
584 1252 1419 2359 3294 4223 5088 5486 5596 5718 6137 6913 7834 8668 9384 9899 10208 10917 11288 11713 11917 12417 12746 13425 14251 15137 15568 16440 17421 18222 18249 18346 18724 18776 19218 20025 20704 20939 21081 21924 22433 23188 24134 25000 25167 25240 26179 26490 27069 27514 28207 28465 29347 30021 30394 30597 31054 31697 32000 32891 32895 33558 33932 34286 35009 35181 35458 36031 36426 36494 36632 37151 37575 37709 38591 39521 40293 41268 41558 41640 
401 1207 1843 2763 3624 4624 4909 5723 5821 6512 7474 8352 8629 9274 9672 10233 11207 11947 12089 12858 13632 14126 14175 14612 15389 16350 17200 17628 18123 18793 19670 20527 21182 21277 21669 21732 21984 22006 22882 23188 23870 24156 24882 25176 25517 26470 27224 27394 27819 27955 28776 28873 29848 30127 30327 30639 31445 32200 32227 32644 33044 33642 34233 34359 34767 34847 35549 36395 36637 37426 37879 38821 39732 40191 40841 41557 42129 43030 43918 44270 
883 1309 1907 2085 2835 2953 3810 3871 4035 4942 5934 6381 6554 7242 7651 8057 8349 8643 8925 9140 9649 10529 11181 11380 11859 12055 12087 12392 12553 13107 14081 14695 15041 16008 16149 16252 16942 17559 17597 18464 19007 19729 19989 20984 21585 21690 22005 22745 23262 23320 23558 24042 24938 25571 25757 25940 26852 27353 28023 28884 29642 30612 31327 32236 32252 32388 32710 33104 34011 34354 35259 35498 35888 36370 36500 37207 38106 38656 39207 39724 
203 1114 1689 1726 2070 2120 2548 3149 3298 3360 3863 4158 4464 4481 5141 5608 6497 7145 7882 8150 8397 8993 9873 10301 11035 11695 12467 13188 14094 14208 15013 15922 16643 17177 17362 17839 17866 18154 19132 19677 20458 21428 22140 23103 23590 23645 23674 23948 24904 25262 25742 26354 26701 27574 27762 28222 28826 29189 29578 30188 30208 30995 31026 31991 32736 33109 33820 34465 34866 35771 36294 37101 37659 38445 39182 39591 40175 40725 41308 41591 
328 937 1668 1990 2461 2584 3458 4209 4750 5610 6371 7054 7283 7797 7905 8275 8440 8856 8944 9944 10705 10915 11767 12541 12738 13030 13397 13675 13881 14129 14541 14795 15558 15837 16076 16978 17713 18083 18651 19352 19615 20099 20860 21051 21475 22223 22995 23569 23611 23738 24649 25027 25684 26527 27203 27264 27919 28327 28963 29925 29979 30612 31223 31565 32176 32302 33193 33816 34481 35447 36015 36136 36372 36674 36710 37575 38240 38524 38960 39715 
369 800 1223 1785 2639 3368 4138 4452 4808 5646 5706 5740 6721 6832 7675 7892 8725 9072 9368 9529 10317 10912 10964 11675 12050 12902 12907 13141 13928 14098 14189 14961 15829 16781 17333 17591 18432 18873 19308 19625 20406 20547 21071 21259 22140 22180 22679 22934 23148 24140 24633 25401 25826 26699 27651 28287 29117 29552 29750 29974 30097 30616 31039 31869 31991 32021 32100 32856 33578 33611 34030 34442 35162 35962 36756 37616 38578 39388 39697 40487 
600 745 1575 1967 2501 2782 3751 3752 4488 5284 6127 6148 6708 7393 8176 9143 9581 10149 10233 10486 10980 11621 11716 11729 12384 12588 13561 13893 14781 15521 16151 16748 16978 17703 18050 18702 18856 19726 20171 20547 21240 22068 22990 23422 23973 24438 25195 25972 26544 26813 27802 28249 28760 29547 30342 30868 31480 31668 31804 32220 32227 32809 32935 33258 33429 34318 35318 35404 35694 35702 36678 37628 37926 38122 38142 38620 38792 39384 39868 40853 
336 531 793 1499 2271 2435 3160 3322 3987 4462 5107 5650 6535 6863 7571 7894 8041 8571 8836 9522 10376 10442 11415 11539 12191 13082 13974 14159 14172 14483 15301 15628 16524 17088 17150 17951 18440 18668 19544 20345 20438 21176 21517 22046 22489 23203 23960 24536 24747 25394 25424 25603 26590 27565 28089 28347 29128 29185 30069 30258 30523 30577 30616 30834 31757 32124 32849 33256 33397 33554 34478 35054 35407 36329 36956 37562 38138 38737 38757 38806