50 100
9
55
23
8
46
39
45
91
40
55
5
24
26
79
25
82
31
34
24
95
31
47
88
46
6
17
51
90
39
64
36
98
10
31
25
9
38
75
21
73
94
56
35
62
57
7
85
76
83
20
33 42
80 85
80 84
37 68
19 26
29 38
20 78
38 92
57 96
2 61
33 94
37 81
8 76
75 85
20 91
42 77
30 52
75 91
73 92
88 90
40 91
54 94
64 82
4 6
77 80
40 96
69 99
40 84
16 22
27 94
23 39
29 82
79 100
24 92
35 44
44 50
3 8
3 42
47 88
38 92
1 14
17 91
36 63
11 27
78 83
61 90
6 75
23 64
67 96
39 61
12 89
46 68
26 68
43 90
48 64
3 18
24 100
4 27
49 52
37 71
59 68
6 57
32 63
20 76
32 57
45 96
4 92
16 89
20 51
73 92
34 84
43 76
1 70
55 79
58 86
34 94
4 91
34 51
23 72
12 91
39 42
48 59
53 59
3 80
84 91
3 69
23 96
9 36
43 62
95 100
79 89
43 58
42 48
46 70
14 81
11 65
62 86
5 74
4 63
3 70
