98 53
16 64 46 75 2 176 65 124 71 102 131 48 184 193 245 118 129 229 43 178 73 128 117 126 159 79 201 183 56 54 46 78 80 43 233 134 68 40 20 232 218 143 102 187 37 194 243 161 207 100 115 156 60
189 240 210 17 33 57 18 178 243 151 96 95 55 125 47 206 147 36 225 98 122 10 111 146 21 15 42 17 125 225 81 193 238 213 248 76 68 190 29 56 33 40 25 251 72 249 84 40 140 240 50 161 230
100 79 254 59 247 1 200 180 55 110 174 89 18 60 143 50 90 143 176 64 253 128 138 90 60 38 92 147 74 169 220 159 70 197 115 79 170 191 233 91 79 26 131 243 234 136 4 193 137 138 158 100 83
19 121 238 38 211 174 204 231 195 80 119 97 49 29 39 78 66 133 5 76 58 224 173 189 65 223 101 40 16 225 103 162 107 167 86 100 234 160 95 98 192 224 109 205 203 86 110 13 193 219 53 244 61
231 90 74 58 192 212 180 140 109 84 46 157 251 190 142 132 98 213 111 233 128 27 237 245 205 137 210 208 218 239 204 8 175 233 151 193 186 225 155 71 246 171 168 15 37 84 128 18 153 112 3 191 56
12 19 10 79 26 11 237 82 61 218 124 174 29 132 200 203 104 96 224 91 107 39 104 171 71 128 39 153 42 226 64 209 50 152 192 97 56 241 127 180 191 20 105 148 203 238 125 87 60 68 154 59 206
251 35 199 171 253 11 199 47 234 227 78 108 233 145 249 244 7 251 163 248 12 124 240 3 167 68 16 212 129 83 97 133 72 240 75 124 203 222 48 14 72 6 254 189 250 252 17 117 9 122 31 19 185
39 126 29 221 3 186 167 144 45 213 112 89 207 155 102 187 6 152 61 202 228 185 227 127 50 206 247 138 173 3 219 223 184 27 190 72 100 114 148 66 253 184 181 236 186 3 58 80 134 70 81 128 36
112 194 115 182 31 234 162 205 221 135 140 11 28 141 65 178 121 219 167 2 203 55 187 125 121 51 130 207 10 144 104 223 204 75 226 42 233 50 209 60 53 22 23 240 22 215 244 226 35 78 204 236 95
93 176 111 18 192 227 60 191 132 236 63 20 224 67 89 169 66 227 132 67 109 71 95 161 126 111 204 79 134 144 143 77 173 76 31 181 238 166 122 36 227 178 94 36 2 116 246 201 98 141 164 11 178
65 236 16 135 61 237 240 91 172 97 23 236 190 85 76 35 58 237 85 23 180 52 174 242 101 110 238 29 223 152 32 46 69 56 250 154 32 108 240 29 183 61 197 227 75 61 97 56 103 121 107 78 43
139 207 94 227 77 154 216 195 68 124 212 140 26 89 252 251 84 207 141 245 197 96 129 254 152 194 95 127 32 164 228 68 89 8 209 244 10 240 134 231 140 237 42 202 221 14 112 101 34 186 242 76 55
170 139 84 108 59 92 86 57 198 16 80 198 116 99 143 231 98 255 115 227 150 144 52 16 7 39 253 239 166 87 110 238 241 201 219 118 2 142 218 171 81 37 126 158 249 58 127 137 118 235 59 175 48
228 3 9 233 222 246 27 86 144 29 50 99 232 129 239 210 42 103 203 171 234 202 77 125 89 72 13 15 88 113 210 227 19 84 159 155 11 136 200 31 49 13 240 181 60 157 205 151 39 26 224 124 60
186 248 59 146 78 34 74 46 224 55 238 225 2 4 164 173 58 228 74 5 44 54 147 99 111 103 48 225 16 80 82 79 126 106 169 64 240 61 190 255 92 71 62 85 213 162 62 202 224 170 74 242 157
139 214 241 249 76 181 32 104 73 67 208 244 64 161 67 136 67 1 34 32 144 217 203 9 229 228 162 180 148 1 74 215 131 77 22 103 170 29 254 35 242 49 5 65 231 55 41 125 12 188 33 14 210
248 234 151 13 212 146 15 196 4 15 4 228 61 124 250 18 73 64 158 157 210 130 117 214 163 204 202 54 124 105 61 67 188 105 228 245 134 233 195 244 165 125 77 172 87 12 210 221 98 27 247 162 46
175 200 218 100 129 104 33 107 4 197 179 202 83 181 23 238 178 133 75 246 138 29 62 109 213 138 138 228 92 39 232 213 109 177 117 5 14 101 10 119 241 10 106 73 55 223 194 22 205 68 207 45 154
222 13 64 99 110 81 151 11 22 58 5 56 147 71 157 117 222 81 85 141 24 44 122 56 184 175 229 83 69 167 25 33 101 78 236 242 169 206 189 238 104 205 67 229 98 143 11 28 127 19 156 79 253
107 19 205 13 247 104 16 175 26 144 134 81 158 151 135 174 126 243 13 22 200 83 203 215 131 65 65 126 29 86 143 36 250 229 199 17 217 248 202 8 18 162 1 3 22 47 251 188 168 40 58 3 253
53 184 37 190 109 115 255 128 23 187 123 81 132 47 144 238 178 197 127 114 241 62 153 135 101 215 128 81 200 33 37 87 116 74 96 169 12 142 200 199 136 117 162 229 200 221 227 43 47 128 156 130 60
52 39 160 150 250 251 30 66 5 173 68 158 40 96 176 176 117 41 252 88 79 143 62 144 102 231 171 194 4 113 194 21 223 107 249 204 197 222 243 128 227 36 79 103 180 60 98 225 141 132 95 241 207
130 53 33 28 9 252 91 17 200 64 186 198 218 88 224 77 48 89 71 118 178 164 188 11 17 25 170 234 23 227 74 222 104 47 182 114 254 149 71 211 29 13 210 54 28 158 59 80 114 106 167 138 83
107 230 190 146 249 221 254 183 123 249 177 146 156 228 220 169 182 137 190 237 179 8 215 28 131 105 21 65 249 183 153 104 20 13 167 60 119 102 54 169 84 58 54 24 11 23 103 248 165 154 177 16 96
39 95 239 115 223 135 213 144 2 139 176 47 176 196 1 239 36 53 117 139 144 59 219 185 135 199 7 81 180 164 9 108 244 70 53 42 157 168 175 202 97 120 181 86 29 29 72 162 32 99 84 109 23
143 251 197 224 49 42 138 158 8 201 107 162 111 27 212 135 30 12 102 210 43 217 230 95 155 106 126 55 8 59 203 167 112 96 167 12 245 158 184 190 100 17 183 250 239 28 250 116 213 49 199 41 88
134 129 115 232 246 201 117 160 230 29 120 95 141 96 38 126 70 237 113 204 161 117 68 101 32 54 203 226 113 167 84 245 59 55 186 75 118 145 50 241 184 95 222 19 30 177 19 162 68 115 65 167 158
223 210 128 249 244 1 144 31 161 40 139 81 15 50 161 51 132 221 166 17 74 27 61 155 254 96 96 122 188 210 36 83 198 88 217 81 230 236 145 26 102 71 16 148 139 60 245 183 55 187 64 169 66
7 245 9 31 127 146 83 128 129 231 244 72 108 249 244 191 183 33 173 19 202 61 147 159 164 193 210 189 194 121 43 68 89 124 60 125 57 214 40 148 114 158 198 90 192 201 57 94 19 248 73 230 132
60 74 244 130 168 65 246 25 43 21 168 210 71 28 179 123 250 156 166 118 89 117 247 48 69 18 169 129 31 57 41 127 108 55 170 249 59 81 11 99 104 255 212 62 237 233 204 175 251 80 71 29 40
172 206 197 254 128 132 94 99 189 126 114 224 65 252 125 162 5 43 222 167 77 246 194 189 177 62 192 247 248 222 115 198 43 240 19 178 244 94 103 97 158 211 108 255 60 39 23 64 238 39 137 208 208
249 10 174 154 37 207 177 71 224 116 119 44 116 225 135 255 75 126 143 239 167 24 42 41 53 7 47 166 10 225 128 196 135 27 106 182 206 55 173 82 58 132 215 122 182 122 140 10 126 69 18 150 148
20 49 59 48 47 85 6 143 207 40 198 137 202 4 210 61 123 168 220 9 48 20 21 38 145 145 11 180 102 250 204 239 6 106 109 146 26 119 219 14 35 245 188 106 58 95 214 143 246 77 120 190 119
29 76 18 9 63 78 225 239 238 204 202 224 153 168 247 183 219 4 169 234 73 128 45 55 120 254 168 98 248 178 10 51 39 123 254 5 14 164 148 188 180 205 121 56 103 27 109 234 202 8 155 11 169
183 242 147 90 162 247 254 190 67 14 3 215 119 72 36 141 217 2 223 225 150 59 71 93 8 196 173 204 66 56 141 224 46 184 61 217 145 235 123 234 150 114 77 3 251 144 123 236 227 11 246 86 1
244 108 38 150 167 54 14 241 33 220 75 28 125 204 135 44 159 233 87 155 186 251 229 112 96 122 21 70 247 200 58 230 96 195 31 45 172 83 154 110 173 143 249 27 146 110 164 90 69 209 192 216 26
122 222 47 172 43 107 50 86 237 52 99 240 139 117 149 203 38 108 11 64 179 179 99 60 71 117 55 78 124 48 22 30 69 43 119 55 233 28 223 122 245 48 42 175 3 6 201 235 12 171 205 128 136
228 22 129 163 213 28 72 180 73 151 38 46 138 182 84 184 185 245 199 33 243 199 204 15 244 4 242 196 103 5 189 229 4 3 240 73 229 32 250 105 59 38 49 53 210 203 217 254 232 210 59 105 40
101 156 22 46 160 98 84 131 83 239 209 138 141 200 109 254 174 121 186 196 217 6 193 193 192 33 173 26 92 233 126 126 135 4 243 163 200 13 184 245 101 4 82 144 153 78 33 165 200 45 179 78 219
87 226 250 50 151 195 208 99 92 50 62 124 75 94 208 174 175 117 199 46 112 183 112 216 133 15 145 179 101 107 55 182 32 153 247 170 179 121 8 139 139 237 60 96 172 191 38 3 22 51 105 87 223
124 253 193 148 179 149 60 9 156 30 7 95 143 112 169 164 104 140 188 168 91 210 203 166 57 73 163 79 205 72 139 139 103 222 70 110 165 162 221 60 105 146 134 112 139 1 167 73 207 214 56 105 55
225 206 23 27 201 158 34 91 57 243 7 37 184 18 57 190 209 177 221 104 161 41 84 43 157 111 184 173 4 213 34 146 119 210 74 92 198 132 196 123 242 147 76 67 195 73 39 80 155 251 32 124 30
245 10 52 123 3 224 91 236 4 230 132 110 148 217 248 171 58 77 245 34 167 45 242 34 49 167 162 156 171 230 168 17 95 96 16 113 148 150 49 51 16 203 143 142 162 76 100 21 255 80 71 239 176
183 119 65 213 7 21 93 123 207 133 48 142 141 149 40 83 105 42 90 136 209 126 10 142 21 164 195 178 88 6 109 34 72 16 94 170 39 51 46 139 9 129 242 132 254 211 115 136 221 34 188 88 141
21 247 37 66 175 127 225 215 210 232 77 218 81 225 144 60 223 28 16 39 120 175 200 46 236 90 248 11 11 103 136 157 4 162 216 182 199 200 226 76 64 130 37 255 87 36 6 4 148 52 237 146 254
148 16 165 63 150 225 231 115 250 200 192 3 43 16 186 118 246 45 230 202 119 145 19 24 19 15 143 98 176 189 210 36 189 231 194 82 76 77 32 252 140 156 146 27 109 132 239 156 181 13 186 17 27
125 211 158 215 213 63 217 104 209 154 61 212 221 98 138 246 84 165 24 64 168 122 93 6 91 42 91 80 80 213 170 36 25 237 160 251 157 49 132 111 151 185 251 6 167 102 99 76 100 250 204 17 44
192 212 47 39 151 136 74 146 233 213 179 157 45 157 152 91 134 22 35 65 158 79 119 74 236 129 29 59 55 178 18 145 142 228 136 18 110 9 152 247 245 23 122 162 27 109 61 178 116 4 63 211 173
145 10 84 150 219 142 252 72 243 180 239 76 52 7 97 227 208 242 36 168 11 195 107 87 23 96 180 231 214 119 223 35 8 157 74 69 133 172 90 1 118 179 128 221 110 23 129 77 187 255 85 138 127
243 111 144 55 219 248 125 137 202 120 38 42 76 205 56 195 153 167 125 119 129 142 104 3 66 159 47 247 152 144 145 134 253 201 87 85 34 175 29 189 233 59 162 64 35 14 22 79 135 215 74 9 102
67 165 98 66 122 187 255 170 174 33 47 172 246 229 220 53 32 136 215 95 77 210 97 175 68 154 230 228 117 112 14 165 19 95 244 199 177 9 10 165 239 251 195 233 214 95 213 216 92 176 18 63 171
163 177 159 40 68 143 155 10 126 13 177 151 8 219 176 137 110 41 151 117 129 24 5 79 233 195 241 23 230 142 239 103 180 221 9 119 67 94 9 244 157 160 214 164 82 97 85 221 101 56 106 84 137
161 153 223 122 98 233 44 27 25 250 116 221 141 175 18 29 92 242 48 206 183 177 236 119 187 172 231 97 131 135 139 208 46 51 239 214 114 112 103 213 41 199 235 112 43 161 75 119 166 24 139 52 220
125 223 125 175 157 3 41 250 193 168 12 197 195 228 32 42 176 206 73 183 205 46 210 30 25 42 18 65 94 16 233 175 135 229 158 157 204 112 172 106 120 200 78 249 197 144 1 4 90 226 204 9 59
46 72 170 15 23 97 228 110 32 166 229 115 185 86 180 232 27 205 127 35 206 24 149 242 217 90 121 119 184 50 183 221 147 98 187 52 7 32 67 48 144 228 63 178 12 98 38 88 254 208 141 215 112
205 119 215 127 234 37 147 202 184 184 174 97 148 94 187 42 114 225 237 166 247 77 87 96 207 60 155 1 72 199 160 105 42 229 80 211 111 28 56 154 161 99 45 148 141 206 238 157 181 113 144 88 231
20 173 95 245 198 41 81 152 181 77 91 91 150 168 218 97 145 193 43 106 131 82 189 205 150 176 243 219 147 7 48 112 29 138 160 204 21 165 230 235 6 173 70 118 227 94 245 10 111 7 112 110 26
248 179 131 1 87 186 250 171 194 210 62 138 130 45 207 22 253 191 71 123 33 85 115 141 176 135 119 9 85 131 3 163 5 67 72 51 211 190 88 217 4 106 56 219 207 49 46 74 82 81 234 179 207
225 191 47 12 193 175 148 91 1 38 187 189 99 92 168 122 129 31 59 165 203 73 135 68 150 26 65 165 165 198 169 246 203 37 73 186 194 251 155 217 247 239 81 183 142 66 124 217 201 203 115 63 94
212 79 158 192 143 57 103 161 96 116 57 127 78 29 121 190 154 125 207 6 28 163 62 193 82 95 14 205 212 34 223 241 197 250 169 182 42 227 251 103 101 10 228 34 110 219 30 149 21 246 219 84 124
21 165 4 99 124 46 122 117 64 41 91 74 98 230 186 251 55 10 189 181 37 255 54 156 24 187 128 118 250 88 7 233 1 168 72 207 250 123 127 63 250 160 124 252 98 95 82 205 27 97 229 174 101
70 103 173 27 135 59 114 234 66 193 44 9 5 51 81 35 55 154 62 141 78 13 82 201 143 27 153 234 154 137 118 247 249 81 218 105 231 123 195 65 186 249 44 69 132 108 39 54 194 91 226 94 56
168 86 184 202 253 196 215 162 85 106 227 40 87 40 206 203 39 42 225 82 68 76 181 142 13 63 135 137 141 212 242 98 148 93 77 254 28 78 136 40 106 95 52 136 116 179 16 190 159 15 117 56 50
231 252 168 188 7 140 61 130 50 50 34 205 146 2 86 47 182 32 132 19 150 254 85 243 42 24 56 229 253 193 14 168 198 68 140 22 76 72 28 38 247 44 109 251 133 70 215 78 226 35 130 17 195
136 94 118 220 91 195 77 46 58 119 47 154 156 151 91 186 67 112 167 239 69 1 186 88 89 87 47 148 235 12 73 9 20 222 79 84 237 202 172 6 184 230 209 24 69 199 200 79 102 214 29 203 64
243 196 211 1 78 9 53 32 47 122 138 219 142 110 208 225 141 217 226 51 89 42 163 252 208 84 61 133 232 217 190 149 213 151 155 151 185 177 111 152 152 221 226 155 61 251 211 189 249 65 179 155 31
21 159 85 189 207 75 14 95 244 31 215 104 157 46 244 7 249 161 32 119 112 9 62 14 219 103 180 196 103 214 236 163 162 16 217 57 106 160 76 205 41 193 175 224 89 10 21 100 45 42 222 70 103
218 173 115 230 136 48 51 28 42 238 203 59 207 62 151 166 173 15 7 136 118 208 149 20 238 185 71 208 226 26 5 220 101 139 116 172 230 90 98 225 98 35 158 230 89 41 81 43 16 249 6 135 73
16 77 169 228 241 49 137 95 31 110 194 153 146 44 7 131 128 210 41 112 55 192 35 27 47 153 227 100 79 219 240 189 66 138 207 204 155 213 254 171 17 253 16 161 147 77 147 169 66 96 62 243 210
7 131 102 101 82 97 243 15 85 191 95 52 152 137 49 20 198 239 205 251 188 105 56 59 143 121 160 71 195 236 4 26 105 13 231 132 213 88 192 18 55 217 168 9 97 14 237 252 241 36 198 60 250
117 123 212 99 130 236 88 53 66 221 215 235 107 197 150 13 41 98 203 232 252 17 200 217 32 246 172 197 78 102 156 26 58 102 95 107 224 131 247 122 134 219 130 208 190 37 78 50 173 149 215 233 173
6 15 56 128 111 155 7 20 167 124 20 167 116 230 53 128 157 155 146 211 160 226 125 247 144 61 179 210 242 128 182 246 195 87 151 38 149 209 203 172 225 54 128 133 15 68 38 165 38 15 62 183 52
176 5 113 121 178 239 109 54 110 14 147 224 134 242 90 4 237 142 105 81 81 113 42 51 151 194 56 130 62 33 23 229 35 149 115 94 224 190 91 45 74 140 194 4 91 189 14 227 93 20 137 18 93
13 180 27 16 59 142 26 166 142 40 179 117 6 57 182 160 27 66 179 47 7 128 23 208 218 108 204 8 107 112 238 63 138 207 174 139 250 101 170 6 174 66 158 64 108 200 194 34 83 131 112 247 112
88 45 157 193 28 116 109 249 80 73 203 204 180 244 172 71 236 85 130 170 173 29 212 221 213 208 180 228 92 73 82 46 142 169 58 25 200 81 235 78 44 200 243 210 110 242 165 105 145 133 51 67 219
216 151 65 75 249 245 106 207 140 127 108 172 10 227 204 58 234 195 66 22 71 81 115 253 243 135 237 142 37 30 231 108 122 201 132 144 73 133 252 117 233 60 96 152 242 241 117 207 242 160 96 196 173
172 255 31 28 56 37 205 12 81 233 67 216 10 70 234 149 176 112 60 194 174 233 3 136 123 140 173 31 47 75 12 104 97 137 100 107 56 137 22 101 196 244 225 254 247 157 123 254 136 46 55 95 196
53 8 87 177 216 225 225 142 209 200 36 165 72 203 53 98 33 75 250 247 167 16 15 69 15 14 246 76 112 8 68 251 178 10 222 162 65 117 208 121 243 44 110 194 134 114 100 69 235 89 21 59 238
203 182 62 198 246 209 27 97 123 228 108 196 72 123 21 100 175 175 120 211 155 169 130 144 148 28 149 8 248 119 67 112 218 93 229 78 125 63 175 63 219 197 31 206 182 153 255 95 228 42 118 166 251
35 11 21 127 94 111 148 233 17 106 139 27 150 107 76 2 217 191 172 92 64 140 125 18 221 29 239 45 66 136 208 15 99 70 105 236 32 49 86 125 48 12 249 15 102 6 18 249 146 208 126 181 114
136 129 159 135 23 236 13 126 83 83 157 37 238 134 151 20 70 237 248 200 148 58 84 97 207 210 138 90 124 139 109 197 13 98 167 110 45 152 200 99 119 38 158 73 55 245 6 42 101 153 160 220 197
87 252 28 40 109 38 120 186 44 77 166 53 176 71 164 159 237 118 53 246 248 220 146 51 76 45 245 97 63 101 170 43 236 187 198 225 41 60 241 69 203 94 161 193 174 88 34 156 156 35 71 106 8
15 172 195 60 64 117 7 4 230 130 110 104 150 116 138 150 44 174 173 73 152 214 243 140 191 2 180 19 190 138 67 234 124 7 175 195 17 248 98 40 233 140 249 195 223 139 186 100 199 185 44 228 181
141 187 146 171 8 16 38 36 8 58 54 8 30 174 92 129 59 206 24 124 194 193 90 195 179 148 221 223 193 220 163 109 157 250 121 237 223 195 166 26 149 80 153 183 37 121 169 119 217 106 181 113 144
244 62 42 98 13 146 101 103 62 135 4 146 167 203 11 46 192 44 69 79 59 22 114 62 99 59 27 213 225 144 242 131 47 178 159 157 176 142 49 8 103 164 123 126 227 11 47 183 203 115 191 181 45
102 65 240 58 98 126 198 185 178 118 153 91 41 8 162 199 82 16 241 54 100 105 37 17 36 184 165 179 86 207 58 71 78 123 113 207 162 221 51 241 78 94 15 214 89 81 155 247 114 57 101 101 206
205 20 238 66 170 153 213 228 129 135 251 202 218 191 126 138 252 244 192 119 132 224 142 29 229 240 115 97 33 84 238 138 64 133 70 212 164 142 224 218 99 247 45 143 9 196 237 74 145 210 153 226 24
177 120 177 249 84 126 66 178 19 20 218 30 130 13 42 17 174 197 96 144 100 110 219 127 60 21 87 31 140 69 20 157 8 111 24 153 48 74 232 106 237 202 133 36 19 235 177 212 183 90 109 179 192
203 99 141 5 66 244 117 12 116 20 162 7 13 237 73 213 127 114 70 211 181 107 193 73 116 133 46 137 225 26 15 230 248 62 142 100 162 131 118 99 253 183 120 53 232 250 17 166 151 133 170 167 10
170 211 162 66 231 56 29 63 94 25 169 60 240 9 58 100 168 165 44 214 157 236 169 121 122 68 187 193 88 86 128 84 117 84 33 241 174 185 76 52 200 89 239 165 110 98 190 12 61 240 189 160 181
221 162 206 127 190 42 111 232 11 93 109 25 107 1 52 95 137 128 60 102 110 77 118 101 120 140 29 208 78 91 108 148 231 234 127 29 102 139 35 64 120 188 31 146 4 189 52 82 42 115 124 138 87
42 45 228 232 151 234 28 5 59 33 85 97 213 180 238 172 170 32 84 249 241 93 114 149 94 103 242 214 239 42 220 57 83 113 205 196 53 158 251 241 255 217 200 160 148 146 117 157 196 41 165 73 76
21 167 138 151 178 212 226 34 251 121 83 86 37 240 17 38 113 45 42 188 43 176 70 53 227 176 156 69 78 201 225 181 233 50 88 36 88 25 247 22 101 169 104 1 79 90 226 11 109 39 205 223 37
141 118 191 172 14 252 147 88 206 189 203 212 77 10 98 182 39 183 118 15 133 83 101 165 221 22 63 188 201 131 178 195 239 142 60 52 8 95 20 205 172 86 195 33 15 133 117 207 14 97 136 140 236
202 19 5 250 46 96 195 253 29 152 42 151 11 105 56 190 143 102 68 15 5 112 15 173 129 90 74 191 78 232 106 131 172 137 216 155 205 224 67 115 78 35 18 74 126 14 47 127 6 234 57 208 249
72 91 19 145 244 140 99 8 18 99 197 98 123 197 108 254 99 148 115 57 237 172 91 35 208 106 94 113 66 239 132 76 78 122 209 185 232 217 29 212 162 43 158 249 221 144 148 152 167 230 35 255 127
39 62 70 162 29 34 211 29 212 119 88 52 248 161 11 99 182 116 132 115 104 145 167 214 166 142 16 132 31 183 84 215 67 106 230 102 182 1 143 105 142 6 135 220 36 49 7 19 212 170 140 217 120
228 238 249 198 1 87 31 126 197 213 109 183 160 213 247 123 235 115 244 185 244 61 73 54 209 9 87 101 234 36 180 128 185 243 38 238 52 124 241 219 86 216 229 141 189 142 227 233 196 98 20 248 40
