99 18
78 141 183 201 121 121 7 112 240 77 90 139 187 163 170 141 222 174
213 166 23 226 150 210 113 184 204 73 169 225 224 190 183 38 230 239
23 71 209 157 181 217 244 53 174 255 50 117 212 94 189 77 178 35
77 148 148 127 202 241 174 54 144 132 33 124 227 3 97 3 156 27
159 248 149 55 30 242 169 143 69 95 107 230 47 174 46 175 239 90
67 173 73 44 109 201 229 61 161 132 228 110 159 223 99 212 236 243
255 157 132 235 173 127 47 58 169 173 90 17 63 251 27 54 232 228
102 39 104 224 156 178 226 169 64 22 145 119 226 225 196 102 75 127
63 70 47 253 72 120 250 86 82 13 205 49 55 122 139 99 237 217
46 69 62 101 200 88 21 161 241 43 100 16 86 225 104 110 9 114
101 55 150 214 94 143 9 35 147 167 174 134 145 54 39 223 68 25
164 235 236 191 146 2 27 189 214 29 38 71 55 146 219 189 205 26
73 227 248 217 255 185 5 92 129 49 227 223 121 77 160 150 140 68
188 252 218 52 60 164 241 249 79 9 69 242 199 226 173 194 89 243
149 186 251 163 107 1 148 188 172 139 136 88 185 170 249 30 82 105
153 2 186 5 200 237 225 226 98 147 36 171 167 54 179 55 199 203
228 129 83 239 22 218 76 196 30 150 239 243 111 47 72 101 66 236
111 49 111 129 178 231 37 31 138 163 218 29 250 131 228 187 175 127
13 21 2 150 16 65 95 100 250 14 162 76 93 56 202 107 221 133
142 8 207 2 20 202 143 78 17 23 206 95 50 173 155 136 130 240
75 193 147 7 18 168 65 149 243 167 228 234 154 129 60 182 183 89
64 11 122 121 238 22 142 149 251 40 255 10 64 181 217 110 177 208
16 91 231 185 37 9 211 14 14 144 105 212 107 242 39 102 147 82
226 222 152 184 242 95 93 104 226 77 65 21 241 198 187 4 10 214
47 145 6 107 128 24 190 149 140 106 132 92 193 194 224 92 245 105
139 126 15 188 205 205 55 219 16 249 17 81 191 139 120 235 38 84
94 81 229 168 39 147 49 40 83 63 210 167 95 209 10 112 95 251
130 229 6 212 73 16 215 186 61 21 213 190 235 68 195 157 239 33
12 225 2 173 114 116 192 169 206 61 80 7 52 65 78 85 176 34
254 64 103 144 251 74 49 243 151 59 81 141 249 92 46 133 165 61
16 164 24 201 145 4 222 126 196 167 3 6 239 26 139 96 234 67
68 57 191 136 104 240 95 141 8 73 181 104 220 135 47 225 133 201
1 39 192 238 252 214 101 16 11 161 103 173 179 244 79 51 179 28
60 195 134 226 64 70 176 190 236 192 29 12 229 104 224 96 3 161
36 131 25 140 251 28 130 119 85 214 25 52 234 111 212 174 215 225
76 252 61 64 122 250 96 79 24 245 175 49 171 122 230 56 60 77
6 120 183 150 187 69 219 3 8 91 175 96 179 236 21 12 154 122
45 178 30 33 182 71 141 185 79 3 140 5 15 57 1 167 174 41
73 85 171 79 10 106 237 141 110 151 82 4 147 63 90 106 203 32
241 42 32 255 224 202 141 74 177 134 95 151 24 55 52 186 116 13
133 50 100 127 48 124 223 210 32 159 200 30 88 223 183 198 163 209
63 126 126 199 77 163 225 136 223 45 59 243 4 62 96 89 51 101
133 89 33 43 134 124 46 91 151 251 66 69 220 27 132 72 173 43
222 212 90 153 80 122 198 185 180 157 163 175 147 124 4 35 165 55
174 68 130 16 71 202 29 83 141 3 193 47 69 172 17 151 148 102
234 211 185 104 88 227 119 142 139 144 18 1 178 15 211 110 44 69
229 177 64 119 209 26 66 136 187 99 216 110 137 26 100 215 132 222
232 139 46 129 214 197 95 56 21 27 129 117 241 199 201 121 10 47
9 83 4 142 160 50 132 177 59 46 166 78 19 113 171 58 245 30
138 21 141 3 106 206 196 206 255 234 127 172 229 138 112 215 177 173
155 27 254 132 46 161 73 156 74 85 241 226 181 157 64 8 217 175
227 11 210 66 228 108 66 88 45 40 99 10 173 23 83 81 85 201
68 20 56 10 61 46 238 202 158 123 235 63 13 37 191 8 160 36
91 44 208 46 200 124 237 9 40 142 14 64 62 177 54 208 138 4
230 193 185 191 30 209 48 31 214 78 99 212 199 166 77 80 34 52
136 137 116 110 134 161 17 214 153 237 250 10 71 208 17 163 101 46
6 50 178 48 72 61 96 222 121 14 31 121 225 38 117 18 45 206
3 63 132 107 177 38 179 205 158 129 124 35 66 208 198 191 68 16
186 151 149 15 4 136 51 186 105 38 105 68 48 87 230 128 5 250
102 42 162 198 61 72 211 192 208 83 249 21 129 46 206 227 96 1
127 161 226 214 228 112 24 9 35 59 248 62 196 184 215 41 141 22
208 6 66 92 38 65 131 250 18 195 173 108 1 97 220 176 159 27
125 194 1 74 82 121 54 208 207 105 33 210 122 213 90 58 25 2
162 87 185 192 232 248 216 150 6 194 188 220 204 163 36 85 158 213
229 238 237 186 215 168 128 55 254 140 19 166 118 211 146 249 247 196
145 224 212 176 138 230 7 156 12 253 240 47 96 242 149 230 65 158
155 7 196 91 80 23 16 33 111 121 126 213 40 157 70 224 232 232
56 70 8 71 186 94 148 73 203 161 10 85 114 133 73 225 92 14
99 146 149 77 238 153 189 247 28 42 71 98 18 250 112 83 64 157
212 42 160 219 246 15 238 59 4 223 207 149 196 166 129 135 233 215
254 166 209 211 224 70 236 231 163 133 160 85 66 171 172 228 97 252
12 192 199 92 37 43 111 206 176 11 207 160 39 95 197 243 237 216
24 172 186 128 233 181 205 213 11 137 128 220 198 47 235 97 155 63
255 243 202 29 181 74 174 75 248 156 252 211 67 142 116 1 223 194
255 156 141 91 200 156 128 12 91 2 185 158 129 93 165 179 177 86
111 207 252 125 185 186 93 101 76 228 85 204 151 99 10 34 53 50
48 153 3 143 97 113 76 42 118 32 142 192 108 243 112 92 234 224
204 126 73 110 235 45 129 55 94 155 4 161 186 51 253 214 58 74
211 173 147 210 110 165 247 111 80 104 152 29 94 37 137 183 158 221
123 172 86 85 84 208 108 142 104 51 171 177 30 244 191 216 77 55
81 77 76 35 76 185 116 134 39 174 201 137 147 139 246 14 207 251
221 23 218 131 184 112 219 224 68 164 204 165 119 217 1 51 172 109
187 153 18 124 23 60 35 78 118 75 129 94 36 12 253 58 111 199
214 94 73 153 154 156 22 210 41 62 223 53 108 173 32 129 217 205
200 229 28 132 114 21 78 236 180 123 48 30 194 43 225 26 10 37
2 121 30 193 34 83 51 120 79 118 4 202 110 4 126 152 74 124
244 210 90 215 201 56 13 234 217 116 232 102 247 91 52 233 88 28
184 126 20 144 127 200 141 160 89 130 120 99 193 182 133 24 232 95
246 140 145 121 237 252 165 130 93 206 187 166 49 17 55 107 196 112
197 214 254 93 85 165 187 17 159 203 227 230 144 115 64 86 85 230
104 6 188 75 25 108 217 198 229 235 93 231 223 37 222 246 12 81
237 163 129 65 32 165 137 218 72 234 232 115 135 6 128 255 52 190
59 28 80 112 134 149 149 20 163 98 122 90 186 192 97 242 109 96
26 235 146 173 175 114 174 143 176 164 68 83 195 160 119 172 71 190
121 178 179 247 182 165 48 145 171 249 26 177 248 1 77 7 86 61
167 71 128 45 253 162 129 129 102 190 51 173 203 249 28 11 90 94
64 194 222 7 42 232 92 50 174 90 80 110 223 203 21 228 236 224
96 67 116 191 235 111 32 119 3 70 99 1 97 27 253 177 192 29
146 83 83 206 254 53 16 161 255 186 250 27 113 217 41 217 11 117
