79 26
243 233 195 173 161 126 80 9 161 178 45 87 250 53 45 209 61 30 234 186 168 141 192 69 79 126
35 153 58 165 188 222 226 244 121 232 160 254 175 247 96 96 249 174 19 227 78 125 161 39 161 17
247 189 206 130 153 242 189 133 165 84 59 15 135 215 54 159 166 214 187 157 225 212 153 214 43 55
250 47 227 94 43 24 223 35 236 14 232 124 61 169 135 37 154 18 77 184 64 164 71 227 149 128
68 179 22 99 173 238 129 233 222 28 52 122 254 242 201 93 131 144 242 140 231 197 227 30 251 164
211 199 230 48 75 99 121 225 251 148 208 166 11 26 122 184 157 15 252 39 247 34 165 172 74 21
13 107 32 136 206 224 221 209 142 202 105 200 57 77 237 62 88 24 18 107 106 92 199 207 228 94
74 244 170 21 7 144 182 71 159 186 190 222 62 202 251 13 82 116 89 104 71 84 147 1 69 159
47 88 247 125 115 125 159 113 193 113 98 105 74 236 160 30 221 103 118 111 217 185 79 62 140 94
60 103 150 170 4 217 38 168 223 251 103 89 126 169 65 102 38 150 96 152 88 97 163 138 188 240
197 181 32 145 224 5 77 134 176 89 53 103 191 145 172 103 231 127 23 119 12 86 46 238 122 220
117 218 98 71 237 82 151 115 230 129 157 41 237 205 178 222 188 207 70 122 52 159 75 166 19 170
176 89 37 118 175 209 109 223 175 220 173 118 172 168 112 65 138 19 131 145 140 4 218 24 66 49
51 50 211 82 91 123 142 5 121 127 76 132 19 219 184 154 118 12 226 151 178 237 154 50 232 99
92 228 127 222 207 91 91 143 138 215 64 87 226 21 12 56 87 26 189 224 240 46 32 163 74 9
227 3 51 7 97 221 147 81 65 85 66 215 240 59 34 96 108 5 167 255 10 81 143 152 240 181
34 219 8 179 214 26 217 218 156 124 181 60 123 70 20 116 42 211 93 68 41 181 2 74 131 222
199 200 29 185 200 10 186 205 221 213 175 140 64 117 171 130 250 233 177 119 97 178 138 157 229 221
79 127 150 10 190 11 144 13 149 76 82 85 133 40 186 246 138 116 76 97 201 80 1 170 176 236
249 206 231 191 234 30 204 76 190 140 25 47 83 175 125 127 243 164 175 157 117 210 197 188 222 246
181 155 253 40 52 189 236 218 163 41 218 217 20 148 230 116 28 189 25 116 94 151 46 111 45 63
79 180 102 96 137 210 144 82 91 159 159 28 233 167 116 19 42 97 83 167 218 6 154 189 211 254
167 188 172 16 216 37 137 241 100 62 55 63 223 29 120 239 156 227 71 112 221 253 145 196 101 19
222 27 191 5 74 21 210 157 84 40 206 180 71 171 64 158 90 16 143 215 23 104 205 94 219 169
184 162 177 42 180 166 49 139 32 43 183 25 224 61 109 217 241 193 228 108 148 88 247 241 17 6
98 215 61 43 253 122 151 189 51 149 176 140 254 137 120 135 189 174 65 207 137 98 178 243 97 126
46 230 245 133 98 218 111 50 98 100 104 134 59 48 211 148 248 113 38 62 177 57 32 239 59 103
113 242 139 160 4 132 231 59 232 237 149 186 169 218 150 205 122 187 75 74 228 120 133 171 81 32
215 255 41 235 51 63 81 239 47 156 252 127 169 79 187 184 213 219 55 20 186 136 149 98 30 187
174 32 31 131 154 216 223 139 40 107 97 240 39 194 117 117 75 167 70 112 55 72 7 92 63 127
181 144 35 46 62 74 96 211 163 228 122 3 186 203 225 56 193 226 156 190 60 118 84 153 35 7
3 139 217 171 207 145 61 186 46 13 229 133 37 224 100 84 253 155 167 110 82 151 218 80 104 66
153 192 212 197 46 131 67 228 51 204 93 89 109 233 70 247 7 111 223 170 228 113 7 217 164 96
125 68 105 251 43 187 208 166 107 202 186 236 33 46 144 24 68 62 59 169 26 97 160 204 237 22
43 102 235 132 231 126 191 97 79 89 75 62 64 18 224 228 39 131 113 249 142 75 174 14 240 56
74 40 185 179 142 197 191 108 40 37 51 198 1 27 3 232 157 172 75 31 150 124 240 122 137 229
73 81 198 255 108 73 149 45 115 148 249 31 33 145 138 150 153 40 21 102 99 210 174 86 46 139
44 80 77 213 171 248 248 170 109 95 63 210 210 2 137 71 207 198 31 54 194 196 89 157 56 11
166 118 167 68 121 35 14 40 254 135 212 13 46 230 105 35 53 2 107 185 178 176 33 238 225 120
204 110 250 73 70 45 225 90 65 56 98 41 218 15 129 90 35 40 145 85 124 191 40 113 134 95
107 161 197 102 252 17 121 46 203 128 252 217 195 152 156 217 138 88 63 149 96 146 249 47 88 38
238 32 188 43 109 38 43 234 195 160 108 40 56 27 170 191 29 153 204 82 25 84 130 167 166 80
189 241 87 241 99 191 99 101 173 13 188 70 184 224 81 70 165 203 68 117 94 120 123 4 40 110
72 122 47 14 50 73 149 244 130 54 131 223 193 188 11 81 124 75 121 129 71 184 21 117 60 164
75 191 234 47 243 7 160 200 193 218 169 75 251 138 6 36 67 25 69 229 210 190 234 189 245 48
147 174 85 35 14 13 235 62 243 211 148 166 210 247 70 243 129 109 64 107 180 28 149 109 2 38
26 73 149 153 225 237 47 241 169 27 252 72 82 176 130 51 224 130 90 255 196 50 136 145 159 152
84 31 34 103 39 144 60 237 252 241 75 156 254 94 34 57 88 232 114 152 228 154 52 173 114 247
2 107 86 66 194 145 142 17 114 130 140 219 253 142 92 23 105 56 85 145 60 49 215 57 236 103
11 152 228 146 208 175 217 170 249 156 126 52 116 105 153 208 165 233 30 65 41 32 235 69 190 171
121 200 153 202 14 126 151 94 12 189 122 61 208 100 109 111 30 91 61 217 209 109 237 158 204 102
198 63 124 74 215 3 207 2 56 247 70 205 65 162 108 88 109 105 130 34 117 123 3 77 177 88
2 159 102 157 92 77 95 53 165 80 73 108 151 223 190 156 37 145 238 2 74 205 254 173 146 249
203 147 218 247 26 127 188 141 31 138 120 124 12 159 20 210 2 166 203 199 213 129 232 53 36 221
75 51 217 188 190 184 147 42 67 213 65 185 56 35 5 151 163 205 161 113 14 86 236 253 30 196
80 12 65 134 157 76 198 239 252 75 90 101 148 241 48 171 182 169 47 13 14 253 157 189 63 1
63 14 212 109 156 9 65 190 202 128 61 231 91 9 137 147 55 88 41 250 83 143 239 97 161 175
118 65 140 92 45 190 204 88 6 238 231 40 116 101 244 197 217 111 197 30 205 83 170 205 177 38
120 31 216 123 178 131 112 218 57 2 23 163 184 148 220 29 165 36 171 240 171 125 148 88 154 50
3 84 81 97 54 174 197 255 38 110 158 119 11 152 93 168 89 207 162 147 81 40 205 48 213 239
81 174 169 223 247 186 87 101 13 220 89 1 159 118 175 189 180 179 160 212 153 181 33 22 254 240
184 151 104 218 201 185 158 215 209 26 255 58 150 6 110 244 41 234 127 55 136 120 197 167 37 3
79 38 255 124 237 34 121 2 67 83 108 195 160 31 151 31 182 44 144 205 68 154 25 86 224 95
110 211 62 23 4 219 145 244 100 57 137 8 37 30 65 250 6 117 69 204 202 119 25 183 83 61
56 90 29 71 128 130 216 10 236 74 84 209 193 96 127 56 153 234 95 137 238 53 236 217 248 108
90 2 120 161 72 163 199 171 44 163 4 23 121 132 161 9 53 71 176 147 200 139 74 210 16 171
101 227 124 112 38 166 28 9 134 169 152 218 205 154 142 81 40 230 74 35 189 229 66 148 11 155
15 157 45 23 50 210 249 12 104 82 131 225 122 64 27 13 90 52 131 101 14 157 137 89 16 235
64 73 152 131 179 26 216 129 253 55 58 73 237 169 118 98 84 1 217 176 242 129 159 174 139 11
155 213 179 175 106 12 174 93 66 195 72 8 138 175 145 250 119 246 114 171 37 204 140 183 43 85
115 158 91 16 225 67 20 87 193 133 154 135 162 18 44 92 238 218 16 104 224 251 96 242 151 27
190 251 53 48 55 38 20 151 115 219 218 140 175 66 15 175 121 114 230 30 77 134 234 153 47 251
26 155 192 91 218 243 30 250 207 179 67 199 225 70 218 216 239 201 5 177 110 53 210 48 74 248
218 197 230 90 241 209 180 81 97 55 131 122 171 223 225 149 158 198 164 53 59 122 163 130 112 129
2 232 108 176 95 219 198 248 18 231 122 195 172 156 102 66 192 115 202 221 10 41 180 66 121 78
149 56 170 140 222 174 78 73 160 114 242 151 117 77 218 169 28 48 207 20 251 14 254 224 34 254
187 11 100 170 215 163 196 230 248 174 246 96 7 75 166 75 83 133 231 250 74 214 209 173 1 181
56 57 104 8 236 125 235 25 89 138 6 178 99 253 81 198 71 194 19 38 49 215 255 95 61 244
187 157 173 237 102 59 220 94 134 162 110 39 170 163 162 97 143 81 170 186 169 112 67 16 216 232
