369 1960
28 211 6
42 718 5
3 816 7
32 277 5
35 995 4
49 675 8
88 678 1
33 131 9
12 851 6
39 804 4
21 29 9
15 491 7
94 989 0
8 952 7
48 719 6
26 195 6
49 599 1
69 422 8
94 594 7
17 871 4
68 600 10
64 770 2
96 351 9
21 661 2
72 183 2
61 61 2
50 895 10
64 353 7
17 607 9
60 115 6
42 951 9
52 951 5
64 886 5
29 178 1
78 271 8
30 160 5
31 144 6
100 867 1
4 914 3
2 412 8
42 916 1
4 373 1
46 649 10
19 949 6
99 456 9
91 342 8
48 311 6
93 791 5
24 668 1
100 371 3
44 811 3
13 298 7
53 89 9
50 782 6
42 848 0
11 666 2
68 535 0
6 167 10
82 957 9
73 894 4
39 295 2
38 122 2
37 750 5
60 251 5
60 951 6
6 689 6
67 266 4
100 240 10
58 194 6
39 810 7
44 821 2
9 587 10
15 911 4
9 782 7
20 536 6
41 684 8
52 339 7
65 700 9
6 785 5
95 178 3
2 546 6
74 952 2
80 986 4
34 774 5
43 345 3
27 460 7
52 506 5
89 334 10
31 751 1
47 61 5
81 69 3
90 176 4
9 210 6
30 432 8
20 465 0
56 985 0
22 203 2
68 935 9
92 16 2
45 165 4
17 199 5
91 700 6
4 94 10
27 265 8
30 603 5
10 659 6
11 66 3
65 306 1
54 600 6
51 320 7
25 241 5
90 274 5
66 539 8
93 290 2
88 403 3
51 356 9
18 537 0
62 592 6
44 243 4
95 549 10
79 542 9
89 120 0
79 179 4
96 668 0
84 961 9
6 470 3
88 605 1
56 284 4
31 811 10
78 416 8
22 269 2
76 732 5
97 272 9
88 581 4
100 79 1
30 632 2
100 338 0
79 512 7
38 349 10
29 413 3
93 58 6
42 70 1
79 73 9
100 486 9
65 539 7
98 764 9
77 297 4
32 329 3
69 781 0
91 398 10
42 95 0
74 664 6
75 323 4
54 182 6
66 95 8
39 500 4
11 568 10
15 428 10
37 746 6
55 673 1
89 46 0
99 203 5
51 998 1
58 589 4
91 889 0
98 192 10
72 535 8
50 175 7
76 520 10
62 158 7
76 645 4
48 410 1
24 76 10
12 823 5
90 185 1
62 282 5
20 354 4
4 164 7
23 99 4
22 630 5
50 598 5
21 460 9
50 877 1
42 388 3
98 639 2
86 171 2
66 180 7
72 377 4
45 298 5
44 331 10
86 248 3
73 431 1
76 652 7
45 754 8
15 821 6
7 992 5
14 173 6
51 999 3
59 713 7
29 746 10
58 363 6
24 522 7
48 692 0
42 456 5
37 858 4
16 655 5
53 872 0
9 689 1
84 494 0
21 139 9
28 884 5
67 697 8
58 309 3
82 76 4
78 461 4
42 579 7
64 632 2
15 709 8
12 969 2
71 36 1
35 323 1
45 243 9
11 5 2
68 287 9
51 11 8
2 272 6
7 417 2
20 948 4
4 346 9
12 747 8
100 79 0
52 771 5
90 701 1
29 144 7
82 392 10
17 325 10
17 384 2
95 837 3
28 52 5
21 799 0
88 564 2
29 164 7
78 67 2
60 807 10
61 276 10
35 446 1
2 893 0
24 339 1
24 409 7
95 446 5
61 209 7
45 809 5
15 374 2
76 180 0
32 157 1
66 559 6
15 709 8
65 294 5
80 912 4
99 413 2
78 531 6
46 223 9
84 636 9
29 254 6
18 232 9
63 264 10
23 899 4
81 686 0
95 317 5
51 548 4
73 647 9
63 202 2
9 191 8
77 711 5
69 985 8
88 82 3
24 291 5
4 193 6
8 764 10
42 192 9
24 354 2
24 801 5
76 990 0
83 783 4
91 310 5
6 115 0
39 933 9
17 225 4
12 436 10
98 773 0
92 33 10
58 863 5
11 331 8
35 205 1
79 3 6
95 218 6
81 55 7
90 787 10
29 74 5
49 671 5
76 932 1
15 566 9
78 782 10
87 154 4
40 507 5
94 891 0
71 419 5
80 84 6
49 999 4
63 517 3
85 667 3
76 160 4
80 149 10
58 268 6
46 570 7
84 515 1
70 261 0
39 872 1
84 108 10
11 338 2
35 563 7
21 774 9
63 4 3
66 514 3
70 781 9
18 504 0
95 589 3
52 385 0
74 531 10
40 80 0
2 871 3
39 153 10
13 820 7
46 131 8
36 392 5
74 119 9
72 846 8
55 578 8
19 239 6
6 979 2
53 700 9
54 115 1
61 219 8
4 835 1
80 1 3
37 926 7
54 165 4
90 681 2
13 604 1
41 130 1
2 421 8
58 525 5
40 722 10
63 713 0
27 229 5
11 231 1
57 375 1
58 338 5
2 985 0
41 76 2
77 868 5
86 839 7
99 426 7
81 152 8
14 56 2
16 684 10
27 45 8
61 1 0
99 883 0
