172 5936
77 373 6
82 376 5
32 773 8
81 540 2
80 587 2
94 228 5
13 648 9
28 456 9
68 518 9
99 492 4
91 550 1
32 547 7
83 511 2
26 861 10
24 640 5
52 785 8
62 114 7
13 726 4
82 685 6
10 480 1
49 266 8
64 549 3
96 100 7
22 451 3
49 386 10
94 163 2
36 779 2
81 751 1
8 251 1
44 208 1
16 936 6
65 633 10
78 611 0
49 224 7
76 260 6
98 25 4
66 955 6
15 211 4
100 660 6
62 983 3
52 792 0
16 646 10
18 632 9
10 248 1
70 158 7
80 488 0
77 540 0
96 670 3
52 396 3
19 131 4
59 870 1
92 364 5
47 568 2
98 227 7
28 85 2
19 641 1
93 97 6
79 587 10
17 136 5
29 769 6
26 514 6
25 334 10
96 408 2
1 34 8
40 484 6
33 409 10
51 855 5
48 126 1
50 742 3
81 877 9
47 406 0
21 122 9
38 735 1
77 682 8
70 375 1
3 40 6
9 162 1
85 649 7
4 129 7
19 221 0
89 334 9
33 325 7
7 204 7
6 916 1
78 818 3
59 766 9
62 549 1
37 721 4
77 365 4
14 455 7
24 52 3
79 85 5
68 812 3
35 161 3
73 467 6
82 650 4
13 95 9
74 276 9
71 485 10
71 95 2
9 789 9
17 124 4
1 84 6
12 9 4
74 41 2
36 880 8
82 814 6
83 690 4
23 592 2
21 992 2
89 588 9
4 319 10
59 474 5
92 563 9
71 455 4
37 781 9
70 290 8
35 572 4
66 384 8
77 790 8
33 589 6
14 192 1
39 285 1
53 295 6
29 538 4
91 174 6
79 697 4
15 602 7
92 991 3
30 191 8
72 663 6
90 917 9
71 199 6
57 178 6
4 296 8
49 943 3
95 825 0
88 969 5
98 636 6
92 735 4
20 636 9
43 648 1
32 442 8
7 646 9
97 574 0
18 226 9
78 585 7
61 487 2
39 79 0
64 180 3
64 538 5
33 423 10
11 995 0
82 586 5
70 561 4
66 636 2
18 335 1
3 536 9
82 467 4
13 320 6
13 472 3
4 109 9
52 656 0
45 819 8
10 784 7
85 899 9
49 659 1
97 147 10
35 573 2
81 741 9
17 902 8
5 939 9
