215 1757
14 277 2
54 412 1
45 98 6
23 691 1
100 957 7
41 812 5
37 968 2
62 335 0
3 63 10
74 906 6
99 45 3
37 791 4
10 714 10
25 119 1
66 816 5
49 891 2
83 557 8
11 945 0
76 465 7
38 406 6
56 668 3
41 364 4
95 31 3
97 140 9
67 397 0
37 328 2
17 232 3
99 190 10
85 650 9
66 29 4
96 137 2
26 291 6
23 634 2
70 475 3
86 766 0
35 675 10
17 720 1
64 450 4
78 640 2
33 555 1
23 329 3
57 321 5
6 669 0
18 701 4
18 63 10
46 453 8
62 715 6
66 77 6
95 705 2
95 566 9
68 865 7
51 1 10
38 917 10
21 858 10
30 288 1
74 893 4
83 876 8
26 219 0
88 734 6
67 546 9
20 686 5
41 748 10
48 821 8
33 716 7
1 308 5
86 488 6
5 658 0
80 840 10
44 633 7
47 727 1
84 85 8
52 653 10
22 460 1
31 192 3
57 189 5
95 630 5
79 458 1
30 674 0
72 979 10
64 617 3
20 896 5
68 546 4
27 538 2
35 772 3
69 991 8
93 70 9
74 816 1
43 170 9
66 178 3
41 638 1
55 132 7
71 789 10
28 159 1
34 335 3
7 536 8
87 356 5
41 825 9
39 348 5
43 833 10
60 450 0
97 697 1
85 83 7
37 967 6
68 846 3
15 433 10
99 362 0
99 738 5
70 352 10
7 205 8
52 890 0
6 284 5
58 201 10
42 966 1
42 995 8
57 93 7
77 848 6
86 147 0
52 30 0
2 517 10
79 454 0
83 906 0
48 641 8
89 99 3
92 822 6
12 499 5
33 726 5
31 314 0
6 201 7
39 940 1
2 844 5
55 830 5
55 181 1
15 701 3
23 137 7
52 82 5
78 142 10
12 412 7
71 390 9
11 617 3
58 149 1
80 587 6
94 64 8
23 171 2
70 7 2
38 913 3
82 251 8
44 381 10
37 93 2
44 16 4
25 58 5
19 936 3
71 466 9
89 841 0
39 13 8
47 440 8
18 542 6
6 271 0
78 208 3
68 915 4
57 985 0
79 433 7
65 282 4
30 830 4
41 683 8
12 419 3
1 339 6
46 787 2
23 985 5
90 515 10
63 223 2
29 465 7
54 219 6
71 988 7
37 946 2
8 616 8
90 258 2
61 677 7
7 677 0
9 569 0
83 911 9
76 323 5
64 14 10
64 962 8
6 511 0
69 483 7
59 960 6
82 436 8
94 445 0
5 866 10
95 481 5
57 798 0
23 357 8
14 140 10
99 463 3
64 727 9
21 953 5
34 904 5
43 582 7
89 873 10
73 978 5
52 104 2
57 233 10
85 224 9
62 87 4
87 68 2
38 771 9
80 498 3
51 604 10
39 510 10
67 685 8
18 988 10
42 449 9
35 315 2
30 121 9
58 987 8
