395 5540
72 303 1
19 107 4
91 416 1
68 19 3
55 70 10
100 14 9
70 93 0
38 285 8
10 559 9
50 777 7
10 159 3
17 354 3
8 248 7
52 6 3
30 520 7
1 72 9
10 310 2
12 725 9
64 174 9
88 512 3
62 677 6
66 564 8
48 662 4
74 155 8
12 594 1
71 929 1
38 728 1
13 958 10
85 296 2
77 27 1
50 282 8
31 948 2
52 831 10
97 977 9
32 100 6
12 299 7
16 21 8
80 140 10
50 401 2
79 661 7
47 629 4
53 785 4
69 407 2
67 10 0
79 237 9
99 928 9
85 92 7
15 602 7
53 30 9
84 249 3
13 457 5
10 34 7
62 318 6
29 476 2
23 507 7
94 375 6
12 797 0
20 977 6
80 219 10
84 867 7
56 271 0
68 935 9
46 941 1
26 14 2
97 182 9
73 131 10
48 325 3
72 420 1
74 753 1
43 706 10
32 636 5
65 467 1
99 966 5
88 204 3
31 146 4
18 693 8
95 414 4
22 628 0
33 975 7
30 916 9
36 325 10
14 840 10
28 885 1
72 456 0
82 483 10
49 516 9
10 163 4
49 44 6
60 252 4
13 249 2
69 464 6
40 626 2
4 687 7
17 830 5
45 415 3
12 458 1
51 801 1
37 990 5
91 893 10
13 484 10
64 267 8
79 539 3
22 512 9
70 653 4
50 823 9
80 37 0
31 53 9
76 819 6
50 88 7
60 754 7
89 547 0
81 352 7
70 826 7
65 938 6
59 310 2
6 128 8
82 892 0
95 71 4
64 355 6
35 260 6
38 522 2
74 739 6
41 723 2
1 399 3
16 948 7
10 956 6
56 958 9
33 123 8
84 941 2
57 605 7
59 641 5
34 731 4
62 115 7
83 770 6
25 510 5
100 662 6
7 531 9
22 369 6
72 516 2
33 516 1
94 221 1
36 324 5
65 126 7
69 493 2
33 460 1
43 525 1
6 816 8
36 740 1
84 146 9
56 68 2
30 462 2
16 646 5
75 926 3
67 222 9
45 421 10
21 504 6
11 656 1
94 691 8
31 904 3
65 752 6
6 959 2
36 638 7
22 118 1
6 13 6
88 635 2
97 434 10
43 813 9
42 536 8
56 492 8
98 795 0
6 721 6
80 546 4
96 407 8
96 586 7
60 192 7
98 419 4
19 75 1
64 661 8
75 377 4
38 623 1
9 195 0
61 249 9
13 963 8
24 190 8
12 135 10
98 230 0
79 147 1
9 70 4
98 170 4
33 880 6
94 196 2
36 639 9
8 776 6
73 59 10
21 733 3
20 81 1
97 456 4
36 506 7
95 184 1
10 906 1
89 421 9
69 545 6
14 301 1
61 52 3
36 727 2
95 888 7
17 979 1
44 437 5
21 945 9
93 133 3
28 119 4
94 166 10
41 436 5
8 593 5
15 362 9
12 766 6
43 267 0
69 998 2
100 434 7
96 241 2
64 33 1
90 785 10
8 224 8
64 726 5
9 804 2
37 862 1
66 795 3
79 404 0
43 300 9
79 618 6
69 352 0
80 662 6
63 373 8
79 87 10
87 634 5
83 161 4
44 346 10
62 522 5
52 978 3
41 706 2
90 613 5
44 666 1
55 349 0
23 209 8
79 267 0
15 577 5
22 262 2
54 390 2
50 335 5
50 156 8
14 43 7
76 715 7
19 196 10
60 283 2
7 169 9
68 825 1
2 396 5
94 299 3
43 869 3
76 971 1
53 547 4
5 322 4
5 889 7
76 69 4
21 957 0
67 950 6
48 48 1
37 742 1
20 813 3
33 703 8
40 490 4
31 710 6
69 956 0
50 423 4
84 553 5
83 520 3
88 844 10
88 294 9
31 569 1
27 400 3
2 347 8
11 109 0
66 541 3
99 232 2
18 861 0
74 558 8
14 897 10
11 94 0
31 293 6
34 116 1
20 840 5
87 53 2
29 350 9
64 284 3
47 110 2
34 264 1
79 476 6
94 306 8
42 704 9
46 330 0
83 8 1
54 164 4
89 752 2
97 404 10
62 344 1
2 103 3
87 986 6
34 720 8
66 157 2
79 732 4
51 208 0
57 734 5
11 663 5
2 438 0
100 120 8
23 621 0
10 286 0
89 483 7
99 894 5
4 93 7
69 604 4
10 309 2
33 885 1
67 784 3
92 373 5
2 84 7
69 546 7
64 171 4
30 730 3
81 58 6
94 986 3
75 161 4
3 946 0
62 470 8
39 182 1
23 285 1
35 22 4
52 831 7
10 370 0
82 143 7
21 918 8
50 641 9
61 151 4
50 673 7
60 598 7
62 620 4
12 837 2
100 11 5
55 252 3
51 222 0
43 7 8
85 866 8
77 885 8
16 175 2
78 329 4
49 469 9
34 142 0
88 925 8
57 152 0
52 920 2
17 618 8
37 206 3
72 636 0
23 811 3
32 863 2
88 744 5
98 560 10
57 181 10
98 89 3
29 860 1
40 754 0
90 177 2
46 134 4
9 335 8
11 698 10
60 92 10
37 277 7
88 861 5
62 58 1
14 979 5
72 414 3
1 627 8
65 248 2
89 65 8
88 707 10
65 708 3
27 525 9
32 6 0
19 703 10
2 814 7
98 108 0
52 588 4
83 293 1
33 654 7
18 741 8
