341 3808
2 781 2
3 903 1
75 47 0
34 153 0
13 653 4
55 177 6
89 584 0
89 35 6
74 173 2
72 244 6
21 66 4
89 285 7
23 37 6
96 845 9
48 104 8
61 245 5
91 915 3
75 407 2
73 258 1
12 253 8
71 953 6
27 568 2
30 157 4
41 268 4
24 58 8
88 549 6
99 933 1
75 481 2
20 843 9
51 740 7
51 616 3
51 228 0
17 460 4
61 816 2
93 271 10
91 188 10
5 671 9
77 582 5
65 813 9
8 985 10
95 629 0
11 163 4
42 643 3
5 171 7
40 65 1
55 408 8
22 626 6
7 250 1
78 907 5
70 334 4
64 454 7
40 926 0
73 457 9
98 749 8
30 256 5
24 168 4
42 149 6
42 605 9
25 879 8
67 324 4
29 685 10
82 728 7
59 473 0
48 436 1
94 139 0
11 3 8
94 843 10
56 269 7
84 906 5
82 19 1
91 745 5
62 57 4
45 302 9
9 543 2
21 651 1
84 333 6
6 492 5
36 115 6
64 61 7
23 613 8
58 333 3
81 821 1
54 334 1
9 425 1
84 136 7
53 699 6
68 55 8
97 299 10
54 90 4
20 448 10
16 411 4
11 258 10
12 534 8
22 795 4
6 882 2
16 336 10
39 971 5
78 401 6
42 29 6
14 570 4
19 445 8
57 558 4
17 20 6
65 485 7
45 498 8
91 642 1
50 700 2
58 569 4
55 925 2
59 860 2
86 1000 5
80 855 3
54 64 6
29 40 3
4 823 3
16 952 10
30 687 1
85 220 8
77 125 1
49 1000 3
74 758 0
18 942 7
87 420 4
86 298 1
1 478 3
46 133 9
41 739 4
48 114 8
16 132 7
62 3 3
25 430 0
52 781 5
49 280 2
51 601 2
56 443 6
78 392 9
82 764 2
68 478 5
83 726 6
31 268 5
92 494 10
57 533 3
97 17 0
86 879 8
36 221 8
62 495 4
69 12 8
97 669 9
75 738 10
26 729 8
34 880 0
82 742 10
22 60 10
22 88 10
66 544 2
95 335 9
96 226 6
51 735 2
49 866 3
77 275 5
28 654 10
94 514 1
56 695 0
45 320 4
78 949 9
27 930 4
78 678 3
65 878 4
6 192 9
80 480 2
28 306 8
83 624 3
27 544 10
38 588 0
95 435 0
57 945 10
89 744 2
62 266 3
76 952 6
67 950 6
51 134 7
53 629 8
1 502 4
94 156 7
40 66 0
25 670 8
38 428 1
12 729 2
27 994 1
70 952 1
55 69 10
59 766 9
37 798 6
16 413 2
94 890 3
76 301 7
54 293 8
8 333 8
66 297 9
56 443 7
64 840 10
77 773 8
88 104 8
62 388 10
84 781 6
71 921 6
21 34 0
82 836 10
36 409 10
68 364 4
100 783 5
38 984 3
8 182 4
4 18 4
77 147 2
86 925 4
9 956 2
79 111 7
45 64 0
63 490 5
43 93 0
3 974 9
34 718 5
78 819 0
19 108 10
36 892 2
22 71 8
61 318 0
62 875 6
97 411 0
31 358 6
54 649 9
18 635 9
50 43 2
95 745 5
91 452 5
73 366 0
11 683 10
100 465 1
99 824 9
58 785 5
46 987 9
49 310 5
50 479 5
46 402 8
29 727 7
77 715 4
74 141 4
23 506 10
99 696 4
34 345 0
89 550 8
68 809 8
100 164 1
65 303 5
74 29 1
48 175 2
64 843 10
94 318 0
70 469 7
47 205 9
30 94 5
10 71 4
20 729 5
87 447 4
36 283 1
10 669 10
96 539 3
16 422 5
25 916 10
83 947 8
4 411 1
58 422 2
87 910 9
37 722 4
67 706 6
29 358 0
3 568 1
57 290 4
32 747 10
65 934 1
16 306 3
73 297 6
1 891 4
96 984 9
89 848 4
98 84 1
44 170 8
83 890 3
90 553 2
43 295 9
45 85 3
80 394 3
40 335 0
16 112 2
27 945 9
44 175 10
29 868 4
28 689 0
24 124 0
55 31 4
15 388 10
95 160 4
79 903 9
89 652 8
75 104 1
15 993 10
88 374 6
60 939 1
35 163 4
73 35 2
32 338 8
59 193 7
64 926 10
21 215 2
52 552 4
63 892 3
35 27 0
54 414 0
4 439 4
69 641 0
46 971 1
67 758 3
98 336 3
28 413 4
97 671 9
7 103 6
11 787 2
14 467 7
75 21 4
82 713 3
26 832 5
11 620 4
9 237 6
47 703 0
16 797 0
2 769 9
4 717 3
20 806 2
47 328 8
9 171 3
