80 99
1 5 324
1 20 331
1 25 318
1 60 275
2 48 214
3 4 140
3 26 82
3 42 240
4 26 300
4 71 94
4 76 69
5 6 320
5 14 205
5 17 383
5 18 268
7 13 321
7 17 324
7 22 287
7 47 330
7 50 61
7 56 376
8 44 274
8 75 303
9 21 393
10 56 141
11 60 111
12 70 284
13 41 129
13 75 43
13 79 128
15 72 274
16 75 128
17 30 113
17 66 334
19 21 281
19 33 228
19 62 302
19 75 388
20 35 314
20 56 331
20 61 135
20 70 209
20 76 250
21 46 263
23 38 64
23 60 31
24 63 145
25 44 124
26 57 392
27 46 84
27 55 242
28 42 152
28 49 278
28 53 17
28 76 16
29 63 122
31 73 73
32 33 246
33 34 88
33 55 145
34 52 316
35 57 201
36 37 312
36 48 269
36 56 357
36 75 300
39 42 101
40 64 357
42 67 263
42 69 358
42 77 94
43 63 374
43 76 296
43 80 390
45 49 19
47 65 210
47 69 203
48 67 302
48 72 202
49 54 218
51 58 163
51 59 74
52 60 79
53 78 32
55 57 122
55 78 318
56 58 153
56 60 201
57 60 320
58 65 348
58 68 152
60 63 207
60 68 65
64 75 322
64 78 55
65 73 281
73 74 71
73 75 129
77 80 323
