50 96
1 4 36
1 10 59
1 26 86
1 43 73
2 17 6
3 27 100
3 33 35
4 13 88
4 23 26
4 42 69
5 12 51
5 14 13
5 26 33
6 24 57
6 30 11
7 30 89
7 46 48
8 11 22
8 24 76
8 48 68
9 32 87
10 23 100
10 39 13
11 21 65
11 26 74
11 33 94
11 43 56
11 44 2
11 46 3
11 47 73
11 48 67
11 49 2
12 21 96
12 50 67
13 34 97
13 42 82
14 28 77
14 40 86
15 16 57
15 31 35
15 35 34
15 48 9
15 50 27
16 18 53
16 23 14
16 50 70
17 18 56
17 25 96
17 27 77
17 32 23
17 41 98
18 35 34
19 26 25
19 45 19
19 50 100
20 26 49
20 31 3
20 40 70
21 22 86
21 37 38
21 41 80
21 43 69
21 45 83
22 26 36
22 30 89
22 31 63
23 46 92
24 37 93
25 29 2
25 37 48
25 39 16
25 41 90
25 49 88
26 27 61
28 34 24
28 35 13
28 38 71
28 39 27
29 35 56
30 37 31
31 34 79
31 49 8
32 43 32
32 49 51
34 40 36
36 40 21
36 45 79
37 44 67
39 50 36
41 42 53
41 43 14
41 48 22
43 46 41
44 45 58
45 46 72
46 49 9
