96
-3 -2 -9 -5 -8 -4 8
6 7 9 2 7 4 1
-10 -8 -5 -2 8 10 4
-10 -6 -3 4 7 4 1
-1 5 6 -5 4 -5 9
-1 -4 -2 8 3 -7 8
1 -5 1 4 10 7 1
-4 -8 -9 0 -9 7 2
10 8 -8 -4 6 0 5
5 -10 4 3 10 5 5
-1 -4 -10 -5 0 2 9
-3 9 3 -8 -9 0 1
2 1 -8 9 10 5 5
0 4 -2 6 5 -2 6
9 -3 -6 -3 2 5 9
-2 -9 10 -2 -6 9 9
-7 -4 -2 -9 3 4 3
2 -10 8 -9 -8 7 4
-8 -4 8 1 4 -8 10
1 -5 -5 10 -4 1 7
-4 2 4 -1 -7 -5 9
1 -6 -8 -3 7 8 4
2 -3 -2 6 -10 3 7
-2 -2 -9 8 2 -5 3
-8 3 -5 6 -6 9 7
-5 -3 0 -3 -5 9 9
-2 -4 -3 3 -3 -10 2
3 4 -7 6 8 3 3
9 -6 -6 9 -5 10 0
-2 -2 -9 10 5 -8 0
-5 -1 5 -4 -5 -1 4
1 -4 7 -6 8 -4 3
-8 -3 -10 8 8 9 0
4 -7 6 5 -8 -7 6
8 4 5 -3 2 -1 9
-8 2 -1 10 2 -5 1
-4 1 2 -10 -4 -6 0
-5 -2 4 2 -7 -5 0
8 5 -1 -9 1 -4 9
-6 -3 8 -8 -4 -3 1
-3 -8 8 -7 1 -7 5
-7 -4 2 2 4 -10 1
-1 1 -9 2 8 7 10
-7 -2 10 0 -2 2 3
2 9 -2 3 3 -7 5
-10 -10 -5 3 -3 10 4
-6 8 6 1 -9 4 5
-1 6 6 10 -2 -9 5
-7 5 9 5 0 -6 9
0 3 1 0 -2 10 3
-5 -5 5 -1 3 7 3
-2 -8 5 4 9 4 3
7 9 -1 8 9 -4 10
5 7 -3 5 0 -10 3
-3 9 4 10 7 -1 6
-1 -8 -10 9 -7 7 7
4 3 -9 10 -3 -6 4
-2 -10 1 -2 3 7 2
7 9 0 -4 -2 -2 3
-1 -5 -4 -1 4 9 10
-8 0 -7 9 -5 2 6
3 1 -10 -5 2 4 0
1 6 1 6 -5 -3 0
-9 -5 1 -6 -10 -9 5
-3 -10 10 -1 7 6 4
-1 10 -6 -10 4 7 5
10 8 8 4 4 -3 4
-5 -7 -1 -2 1 -5 8
-6 2 2 2 5 1 8
7 -5 -6 9 6 -9 6
6 10 -4 7 2 2 4
-4 -1 -9 -8 -5 1 7
10 -9 -10 -7 4 -10 0
-5 -2 8 -10 5 4 2
-4 1 -3 -1 -3 7 5
3 -10 1 -7 -3 3 7
6 0 2 10 -1 10 9
-8 10 8 9 8 5 1
0 5 -2 -5 -8 -3 7
9 4 7 0 1 9 4
9 -3 5 9 -3 -7 2
-6 -9 0 8 0 -5 10
-7 0 10 -4 9 -2 2
5 0 -1 4 -5 -4 4
-6 3 6 -4 3 -9 6
-1 4 2 -6 3 -2 10
0 4 -1 3 -10 -7 7
9 3 -9 4 -7 4 4
-9 -7 9 1 4 8 7
-5 2 -3 9 2 -7 6
2 4 -4 1 -2 5 0
7 8 2 2 -4 6 2
8 -3 8 2 4 -8 10
10 -8 9 7 -6 -8 4
10 3 -3 6 6 -6 0
-2 2 6 0 -5 -4 3
4 -7 0 -6 -6 -10
