15 19 5
4 8 2 3 6 7 3 2 2 9 1 2 7 0 8 7 2 3 2 
7 9 0 8 2 5 0 5 6 3 4 3 3 5 7 9 8 9 7 
3 0 6 1 3 4 5 3 0 9 2 7 6 7 1 6 9 9 6 
2 6 4 7 5 4 8 3 1 8 8 1 9 5 9 0 7 8 1 
4 9 3 5 6 5 8 4 6 7 3 6 0 2 5 6 8 3 7 
0 4 2 5 6 3 5 3 9 7 3 7 5 2 6 7 2 3 0 
4 5 5 5 8 9 0 5 0 4 7 3 9 4 7 6 8 1 4 
6 5 3 9 1 8 1 0 0 6 6 9 6 5 7 9 2 1 4 
9 5 1 6 0 7 0 2 8 3 8 6 0 9 2 7 4 7 2 
2 9 5 5 1 0 4 2 2 2 4 5 2 1 1 7 1 8 1 
0 5 4 4 6 8 1 2 9 0 9 3 1 3 6 7 1 5 7 
5 9 5 1 3 7 1 4 7 0 2 2 1 4 9 0 5 8 4 
4 7 4 9 1 9 1 1 7 2 4 4 0 5 4 7 7 7 7 
9 3 0 6 0 4 7 8 8 8 4 8 3 4 5 3 9 9 9 
7 9 4 0 8 7 7 9 5 1 4 5 3 8 5 2 0 7 7 