42
6334 18467
19169 26500
11478 15724
26962 29358
5705 24464
23281 28145
9961 16827
2995 491
4827 11942
32391 5436
3902 14604
292 153
17421 12382
19718 18716
5447 19895
14771 21726
1869 11538
25667 19912
17035 26299
28703 9894
31322 23811
17673 30333
15141 4664
28253 7711
25547 6868
32662 27644
20037 32757
8723 12859
27529 9741
12316 778
22190 3035
288 1842
9040 30106
19264 8942
27446 22648
15890 23805
24370 6729
15006 15350
24393 31101
19629 3548
24084 12623
18756 19954
