4329
974 290
591 72
787 189
239 490
53 893
681 63
5 903
479 176
139 695
998 468
639 83
621 515
826 993
838 722
581 828
978 399
23 891
834 943
349 243
707 702
141 502
346 687
637 891
400 413
690 816
935 162
410 126
382 877
189 260
874 705
722 663
566 195
38 360
811 588
467 245
867 425
542 189
547 63
617 502
23 99
203 226
51 48
636 570
967 458
405 456
962 531
975 819
531 556
44 495
803 591
915 388
319 450
791 272
133 383
642 775
300 569
78 954
257 585
893 333
103 490
233 750
271 722
990 611
641 338
47 258
658 352
302 479
990 683
568 2
895 422
8 135
742 361
699 194
178 188
357 42
847 941
345 469
913 380
710 964
385 61
504 73
703 462
69 102
529 154
74 552
730 149
844 244
118 49
363 65
773 552
731 470
511 747
398 869
103 498
679 352
43 53
88 522
834 563
22 850
911 240
651 492
477 580
876 616
220 178
348 615
179 798
857 635
662 883
262 902
770 420
273 22
686 841
917 888
892 717
267 698
65 749
932 389
81 619
130 3
631 28
152 589
172 630
407 864
428 295
490 681
177 610
236 71
643 459
633 840
893 37
274 630
782 993
461 203
662 290
997 307
423 151
717 890
703 640
883 566
659 661
386 245
765 651
840 601
497 209
250 283
421 58
581 175
271 787
999 287
979 504
700 138
461 530
205 118
828 540
622 459
760 398
935 98
614 481
493 567
161 596
538 746
538 670
555 476
371 917
752 760
433 758
65 255
401 726
759 34
548 393
792 273
933 193
103 137
211 690
668 694
498 627
248 989
647 879
931 149
875 669
449 598
599 436
443 123
154 731
434 861
967 385
393 816
866 704
308 953
684 223
667 792
469 48
811 930
90 814
743 427
599 604
195 474
158 506
858 589
889 809
40 447
364 818
26 975
503 89
412 66
570 840
395 676
986 641
109 651
83 187
390 85
686 250
381 755
502 128
862 277
565 424
832 872
428 885
889 646
883 478
265 925
45 260
821 778
520 855
773 927
251 134
336 675
1 334
310 737
590 974
71 356
935 80
282 145
718 825
712 573
998 37
162 905
692 717
47 539
103 946
115 231
858 839
645 829
199 394
272 645
862 675
773 72
238 480
542 897
203 608
125 277
401 134
382 78
736 169
939 478
721 138
663 426
575 677
981 724
961 700
2 862
95 448
16 684
507 137
284 993
259 944
58 821
668 643
119 677
41 857
264 891
915 623
929 72
715 841
536 615
759 957
452 700
241 93
448 829
798 227
324 224
133 274
38 885
862 170
84 629
878 909
85 923
24 400
105 193
765 412
407 767
784 677
790 704
891 834
85 621
190 734
998 542
18 86
424 621
376 597
669 254
927 108
68 493
102 366
600 438
318 819
984 290
556 339
632 808
814 478
239 787
20 74
554 827
441 988
642 798
321 2
946 104
509 56
708 833
533 761
804 686
142 385
260 842
620 161
578 343
113 187
591 63
415 934
761 656
411 12
251 959
370 738
507 124
584 7
101 951
958 489
790 441
412 13
60 855
472 93
676 402
373 543
651 266
528 275
761 532
503 469
107 729
451 892
392 953
519 570
407 472
505 494
383 440
409 262
38 607
471 360
654 171
514 947
229 523
766 489
756 887
470 632
666 739
283 522
553 160
91 705
386 259
629 687
317 42
356 45
452 388
466 154
760 833
631 919
267 738
98 776
320 314
7 53
216 469
842 722
463 7
947 260
630 793
43 717
314 376
117 626
620 334
792 171
154 964
693 866
775 664
212 0
551 100
379 476
877 943
361 789
272 385
144 434
563 561
946 504
308 888
430 157
464 123
346 74
981 837
611 318
591 292
123 832
991 461
330 461
369 498
400 291
117 179
914 317
441 595
867 936
453 28
973 909
503 981
816 569
367 883
402 385
157 230
567 681
866 310
171 687
245 477
238 764
47 671
592 115
657 311
53 405
580 171
530 740
320 675
377 790
586 998
489 604
744 631
610 388
919 718
927 259
119 609
716 479
396 300
458 853
593 830
849 806
272 854
294 160
333 54
229 146
428 471
241 559
688 421
33 366
270 685
261 329
208 860
162 982
878 506
897 979
538 887
783 469
795 540
633 266
557 509
134 317
135 53
593 258
693 843
951 466
94 140
174 937
97 512
695 551
492 817
237 292
613 530
710 296
628 389
786 809
840 744
569 182
393 120
962 292
527 214
194 807
713 705
913 11
664 693
995 203
381 762
909 946
768 48
511 624
235 954
633 127
862 240
577 127
340 817
100 142
558 400
154 476
430 935
295 831
623 537
927 922
211 29
754 211
253 880
321 293
528 785
0 443
671 555
452 270
631 375
934 640
986 40
248 834
765 539
312 796
52 262
987 731
557 464
556 248
450 170
301 182
99 293
44 332
75 331
50 4
66 26
801 738
843 623
380 441
918 695
363 659
329 628
854 88
979 613
666 569
577 679
402 837
292 115
872 723
323 448
948 153
197 395
908 508
993 411
781 665
610 202
256 828
965 705
769 23
253 715
684 805
145 478
833 840
900 285
994 968
885 633
281 348
256 32
872 910
901 982
635 306
471 860
137 527
768 343
995 233
603 171
11 942
34 879
593 512
161 530
258 234
906 926
443 191
227 188
484 719
93 224
224 435
582 94
627 867
146 5
589 686
237 540
759 850
956 578
403 677
300 42
225 811
595 143
615 16
6 804
641 368
698 335
313 325
312 23
457 618
339 396
94 86
43 846
911 522
455 280
847 358
990 870
327 873
454 413
472 896
241 450
646 641
213 525
929 824
403 695
993 594
187 67
79 640
125 41
860 534
907 0
692 621
117 293
403 717
893 943
11 639
28 925
748 978
892 850
654 444
353 623
547 36
826 346
904 61
571 238
405 886
56 299
267 728
19 751
166 991
846 717
187 93
912 421
299 867
897 444
328 201
104 942
768 768
296 641
720 262
918 244
219 625
174 584
459 984
14 149
503 695
851 32
814 537
651 363
290 219
683 917
584 918
586 252
248 269
397 137
168 424
148 27
382 993
669 271
877 893
104 14
943 484
811 495
892 293
990 798
890 299
74 493
774 549
173 314
218 69
833 865
911 238
463 252
149 508
245 88
920 231
271 106
421 368
157 258
982 647
122 238
906 723
189 706
345 156
923 351
550 118
836 97
406 591
813 510
880 651
743 844
245 741
949 578
514 705
227 785
204 624
917 356
555 227
286 102
698 468
411 979
758 489
775 490
132 410
296 89
112 950
529 122
836 672
553 277
670 976
652 85
397 751
1 751
693 435
916 72
328 716
125 511
296 838
544 939
826 56
758 902
21 588
108 586
628 777
947 979
280 549
128 245
426 62
677 719
47 91
231 785
684 406
769 954
956 709
945 421
16 465
497 860
190 335
49 677
886 5
675 388
377 143
487 130
482 555
0 253
289 754
215 488
310 8
799 940
707 997
304 454
485 237
792 499
612 613
983 682
129 351
33 137
864 600
857 683
710 968
708 968
732 641
684 437
701 499
583 869
692 256
87 640
810 12
835 820
615 663
677 897
134 774
533 553
286 878
734 624
349 75
984 712
792 624
822 504
913 55
473 462
160 84
53 122
822 397
337 750
6 917
197 931
236 505
599 357
898 290
447 985
592 84
996 725
828 855
342 338
795 428
37 742
767 506
793 53
146 505
924 609
465 854
206 239
492 209
175 499
61 36
618 647
727 13
896 712
841 909
90 130
915 34
523 286
344 666
37 736
893 416
971 949
777 844
200 285
285 590
118 325
6 668
8 729
225 541
980 536
470 716
747 384
936 328
700 204
364 523
40 411
504 250
766 483
670 141
506 845
256 88
266 107
678 857
674 199
191 155
832 990
996 858
290 917
707 967
246 234
402 462
426 239
906 95
350 314
279 586
822 776
301 879
676 812
357 164
38 570
144 312
180 561
643 200
61 856
939 647
290 808
979 452
419 618
284 7
977 547
613 675
371 709
339 642
621 336
34 501
358 129
469 436
504 897
202 798
238 105
65 32
481 516
23 579
771 727
382 313
816 140
319 488
513 589
851 259
283 271
38 364
184 12
501 759
733 574
714 59
595 649
541 522
377 416
565 52
138 891
967 310
787 55
222 224
441 439
804 648
368 834
872 441
974 668
137 176
241 633
18 745
974 15
846 252
524 956
581 966
240 144
296 334
27 876
18 205
641 291
191 465
259 471
217 700
943 16
64 624
157 505
666 502
46 275
789 632
145 46
152 3
326 901
184 153
350 649
346 405
970 25
795 336
323 793
856 532
210 896
692 776
290 550
852 795
315 350
361 36
984 760
534 729
82 50
936 806
790 584
182 617
116 66
425 388
610 101
982 450
193 621
754 38
895 593
638 280
420 167
883 345
696 865
390 833
189 632
183 839
129 817
679 753
600 613
145 252
151 861
963 318
907 813
476 554
211 617
264 429
531 966
698 942
155 522
257 587
464 158
510 762
65 946
165 380
540 946
42 297
194 464
270 584
200 715
106 206
696 302
611 833
415 67
175 645
448 354
79 919
321 988
597 592
509 197
71 652
122 658
997 859
899 999
320 120
984 36
915 912
485 953
199 741
208 567
169 844
879 681
207 108
706 259
75 849
124 26
774 607
128 884
145 546
714 481
168 149
307 338
504 793
697 105
955 217
343 641
97 133
736 679
633 555
930 954
904 252
488 279
754 870
176 72
415 701
231 86
975 480
514 260
657 938
438 990
447 981
618 242
631 70
219 61
990 781
672 833
302 563
928 502
898 721
945 447
222 406
794 686
844 577
547 683
485 240
723 464
653 337
130 168
466 255
512 858
318 656
142 201
506 276
684 702
270 23
250 312
311 475
195 850
520 488
183 101
892 798
784 848
187 245
343 462
859 258
16 871
832 172
683 441
15 88
516 976
39 298
205 283
146 997
675 769
387 917
30 20
735 442
373 389
73 480
786 777
785 381
345 522
85 979
935 713
883 735
96 186
85 648
521 752
982 260
688 636
236 919
65 792
198 278
386 496
976 11
121 547
245 202
564 702
572 539
370 257
654 920
80 359
391 298
510 960
867 591
675 33
499 136
790 775
256 376
703 272
967 86
542 515
566 495
186 456
198 437
364 626
665 85
340 908
814 360
12 154
338 752
525 706
249 630
79 179
838 313
421 517
991 145
839 969
565 308
473 762
970 681
53 147
508 708
429 715
689 66
771 663
259 541
572 631
966 514
170 988
199 168
850 655
936 444
406 278
313 427
371 523
73 327
173 461
102 934
417 587
153 463
595 126
213 495
370 406
305 859
833 496
852 223
519 879
793 126
465 585
444 371
271 107
99 87
596 519
552 715
753 492
590 257
357 959
809 886
686 865
259 19
435 313
101 28
869 468
731 456
74 578
843 395
316 274
511 24
722 585
57 971
174 95
183 38
295 658
983 722
503 231
300 232
480 590
505 408
858 702
557 818
120 561
656 28
332 713
182 92
320 467
74 358
94 987
364 983
714 264
390 746
255 425
467 163
231 792
880 619
128 718
720 948
91 79
587 766
126 808
159 825
220 518
314 35
147 456
134 156
751 360
478 208
589 294
976 524
90 694
372 189
301 419
844 702
539 523
827 609
186 637
827 416
623 169
514 899
644 415
669 436
676 378
952 858
137 846
988 915
288 616
74 382
915 333
656 56
616 62
129 524
984 442
49 872
26 396
202 582
416 775
552 665
755 759
844 417
443 554
999 824
121 422
413 733
793 917
60 873
74 175
501 985
208 622
26 395
291 720
929 988
977 72
8 193
922 254
137 876
803 816
912 90
253 289
299 979
902 322
369 602
729 654
438 734
226 274
134 463
348 972
503 453
518 307
437 333
179 695
144 661
961 659
576 907
645 472
972 592
196 628
535 811
229 835
532 716
158 956
620 749
724 296
526 120
983 406
574 445
588 691
664 538
877 104
942 353
623 4
625 852
842 611
149 724
590 135
328 146
804 855
909 741
779 381
83 102
532 692
99 312
47 161
290 405
959 569
139 628
580 228
778 471
456 440
444 148
125 745
698 210
180 616
64 815
472 226
593 479
5 482
333 536
587 105
638 732
64 165
399 518
508 32
438 896
638 978
59 245
744 169
769 362
518 49
558 467
61 143
190 603
226 186
4 603
768 300
347 423
566 396
665 230
0 152
173 617
668 786
579 597
728 224
158 260
267 425
734 312
169 452
570 562
235 211
711 890
750 64
545 960
754 767
217 787
942 565
273 88
579 815
388 837
886 269
809 830
321 640
881 319
20 626
454 411
984 893
999 357
829 336
457 950
365 405
49 334
592 94
119 270
313 17
117 253
160 977
153 505
562 591
854 576
134 72
50 16
945 193
747 852
61 521
259 344
885 366
718 439
268 107
50 554
799 432
735 20
792 98
182 916
316 29
758 59
399 583
357 135
271 70
780 342
406 877
686 295
252 403
35 718
428 285
960 678
949 101
385 364
157 626
841 737
593 938
33 96
768 493
935 873
96 109
561 381
584 739
499 923
849 731
606 442
287 850
769 40
588 223
83 467
158 400
938 606
920 463
758 366
23 685
298 229
470 356
196 175
988 683
946 619
275 190
519 469
197 341
654 545
58 158
791 794
837 341
232 900
736 675
958 438
85 580
284 13
727 253
426 285
536 670
370 281
348 549
199 77
573 835
351 137
617 731
571 233
529 376
44 731
467 342
528 0
634 916
757 999
581 240
941 623
749 131
299 539
99 575
245 363
201 726
83 424
735 389
895 24
170 745
717 483
752 392
773 324
255 740
70 468
30 843
765 756
980 114
358 458
8 124
667 311
928 717
99 590
870 580
412 990
64 0
84 275
911 682
868 106
826 644
366 436
988 592
865 838
947 212
659 446
771 52
110 256
666 57
670 250
925 145
874 148
43 774
536 429
16 763
934 858
61 301
815 655
582 174
82 139
900 24
337 575
300 376
864 424
695 537
629 525
788 851
744 794
75 706
490 71
819 884
195 979
807 158
374 845
156 438
432 820
222 766
553 957
955 271
625 389
128 29
527 39
490 394
54 648
192 517
618 530
56 148
282 990
439 743
493 301
269 927
33 393
592 431
26 135
80 842
961 616
907 717
245 920
121 166
782 782
491 6
615 870
143 195
771 763
935 592
412 217
467 881
952 721
828 322
429 230
699 424
151 153
41 794
383 264
144 720
77 388
202 213
202 658
249 753
575 58
638 90
395 823
205 701
123 558
41 287
530 26
820 209
43 935
674 531
100 902
775 71
430 9
622 794
890 736
452 15
782 754
188 933
960 855
923 945
659 542
943 487
584 347
668 389
198 788
479 280
813 707
447 860
271 846
344 182
448 142
353 636
888 549
825 823
190 251
46 639
775 362
78 624
103 985
377 781
48 350
494 170
729 216
38 726
672 915
862 352
667 421
465 128
259 329
389 82
419 986
140 735
632 666
822 485
161 3
141 896
432 150
361 872
313 770
645 165
810 120
970 128
596 621
514 4
210 799
552 269
471 235
830 344
261 382
151 395
83 666
758 710
295 372
14 906
284 452
812 905
341 21
290 575
611 525
982 167
387 783
50 793
268 679
884 274
335 629
105 460
992 511
550 824
60 16
759 801
923 309
300 67
256 225
48 140
807 655
491 449
382 760
219 836
679 270
519 725
701 809
324 631
725 807
283 301
488 969
963 164
534 124
851 770
724 997
67 511
840 265
955 379
661 28
227 432
139 160
237 666
848 48
48 404
221 565
175 133
514 241
362 147
676 954
658 454
784 721
466 688
856 116
429 180
629 537
843 389
101 4
920 384
136 987
582 52
366 528
193 472
179 958
987 983
397 823
594 96
653 901
503 520
20 472
953 932
33 824
665 57
280 732
966 167
868 690
828 926
144 479
449 703
3 833
240 910
610 27
282 527
187 393
961 863
599 565
318 251
558 81
358 103
178 238
457 464
221 572
756 922
260 867
343 298
841 234
352 19
411 62
793 811
881 405
760 651
271 898
694 842
535 84
955 500
323 155
688 650
10 939
932 17
210 948
419 495
189 648
851 171
223 695
649 637
407 800
884 134
812 177
304 641
162 496
551 537
732 851
938 565
228 445
526 194
745 178
205 928
257 149
401 312
727 199
353 692
542 795
149 567
255 376
748 742
815 103
73 47
749 965
169 137
970 331
768 53
178 52
981 156
586 695
731 929
859 278
89 752
238 958
972 54
656 208
147 171
511 503
819 174
205 107
788 599
45 261
492 435
76 732
403 667
899 367
167 54
114 212
793 129
854 977
831 12
326 889
299 647
674 489
612 836
957 387
491 503
829 482
361 27
496 952
183 646
554 597
102 32
476 945
81 224
623 195
343 632
369 602
989 282
599 437
179 35
652 654
350 399
945 132
871 293
590 649
177 204
319 705
528 750
722 228
785 668
184 774
884 651
915 37
681 189
759 74
546 850
427 260
421 233
818 161
350 546
461 263
458 846
371 594
502 945
420 246
953 254
586 760
735 419
113 616
592 335
265 18
336 370
746 525
512 644
815 482
726 105
773 201
80 306
990 593
214 591
857 223
849 700
285 322
702 762
374 268
848 152
638 235
237 762
792 272
343 200
481 519
991 370
984 145
85 714
399 79
386 282
650 119
185 193
608 516
499 888
896 425
331 769
502 814
537 970
77 598
851 398
463 888
505 53
267 741
655 662
695 81
872 618
670 94
121 538
523 445
365 243
135 718
599 937
192 499
124 554
66 31
722 429
818 556
692 875
361 910
728 132
149 522
826 277
278 348
338 777
944 175
139 125
340 821
966 640
148 81
951 547
551 907
557 110
9 77
576 403
23 540
454 574
906 369
999 485
930 48
658 573
884 816
31 373
783 604
422 791
987 10
568 364
579 994
709 23
141 657
477 285
272 23
435 828
517 549
743 9
265 867
891 590
538 369
776 604
991 212
409 693
197 620
128 662
759 100
440 842
494 89
620 642
146 486
486 964
943 271
474 466
788 445
827 349
504 954
246 281
285 757
350 114
673 832
312 943
883 232
768 239
683 589
987 209
245 795
639 912
248 935
207 479
954 230
940 601
718 43
377 412
472 623
885 983
720 686
702 257
606 439
924 276
37 652
699 35
890 316
606 367
975 221
792 520
547 565
684 258
829 531
705 782
689 162
870 923
282 342
180 196
72 969
51 715
755 736
477 174
729 154
851 882
237 769
676 301
73 604
197 161
125 595
62 485
560 229
73 718
709 79
224 662
682 574
815 475
446 343
568 532
361 684
286 472
89 266
604 151
594 233
598 76
533 604
184 468
964 417
14 616
996 66
148 873
396 510
791 941
589 866
355 20
251 948
271 81
228 825
454 173
430 309
991 238
853 739
567 448
877 54
197 490
773 56
862 589
429 536
539 888
841 585
520 167
47 560
382 581
989 606
403 784
462 960
392 732
63 843
611 923
692 740
270 443
849 919
576 112
486 845
603 556
498 364
878 508
723 338
411 5
117 193
227 943
290 514
801 416
544 339
12 236
433 274
401 740
135 183
633 828
134 437
671 577
263 722
540 659
282 368
366 848
227 290
71 458
305 106
434 1
555 770
299 507
75 730
439 803
488 194
673 664
358 48
487 280
713 764
452 13
978 170
704 766
649 416
837 377
459 537
955 432
526 105
366 937
155 914
446 290
635 182
936 93
238 846
403 456
599 714
925 41
324 74
863 344
276 749
334 597
426 647
244 43
761 592
175 269
696 139
471 481
713 268
30 666
109 806
59 290
546 684
103 759
391 606
196 93
950 583
435 557
667 12
165 869
973 903
516 791
515 149
243 118
497 388
91 711
563 874
7 125
121 370
658 727
275 336
576 221
919 799
611 241
209 712
263 635
514 830
783 336
988 32
705 339
940 670
391 868
985 728
320 537
997 124
703 354
562 494
554 865
302 700
629 714
26 794
528 463
679 748
199 351
442 3
16 280
98 290
730 858
551 553
444 262
485 649
572 55
858 889
129 552
860 640
627 46
422 44
473 936
333 154
51 756
534 391
322 931
202 79
580 176
388 269
885 429
610 2
274 327
99 760
55 42
65 393
572 928
726 284
523 798
587 201
997 88
175 652
678 750
893 455
406 630
489 531
521 165
964 127
113 440
710 389
763 488
188 320
264 821
754 3
316 722
586 854
524 425
302 818
659 120
682 488
574 341
566 500
754 222
850 552
226 516
602 486
901 737
749 901
102 967
881 265
710 843
489 508
184 858
106 121
987 586
490 371
518 972
353 73
662 281
213 996
115 451
785 804
564 333
837 504
784 453
972 333
544 921
257 370
129 88
340 297
901 923
876 343
500 731
613 648
311 253
332 693
814 451
216 599
834 212
252 849
141 912
450 209
569 180
562 535
111 365
11 817
321 763
345 606
850 443
664 593
444 442
736 833
25 502
953 559
6 7
129 543
70 751
228 395
59 541
715 220
178 944
384 658
383 738
737 638
30 635
315 782
21 80
752 425
446 204
4 412
825 45
549 244
529 994
9 132
429 316
133 761
746 930
283 532
439 873
835 880
570 987
629 589
521 560
189 597
444 163
705 621
713 815
999 334
615 137
58 164
383 511
943 846
831 737
251 655
290 351
295 52
61 420
767 360
34 273
191 133
378 301
879 387
615 500
72 709
952 61
823 970
537 64
610 50
978 791
161 443
718 821
183 298
695 933
72 709
703 468
845 864
50 849
142 646
155 444
768 459
301 885
847 768
187 606
309 535
633 364
140 351
724 625
200 346
31 838
217 221
584 624
344 815
19 352
367 70
174 919
30 487
716 345
699 44
685 162
321 115
541 502
573 804
452 733
229 811
159 224
665 983
950 845
591 826
213 897
986 371
190 662
906 584
622 418
666 719
991 218
566 959
279 103
867 498
103 345
20 430
534 25
833 821
287 235
827 393
624 348
918 692
244 800
86 431
508 695
597 753
121 192
907 819
22 71
991 561
251 52
965 523
980 956
465 61
300 523
235 828
612 953
876 682
289 157
199 292
461 776
131 842
700 660
80 638
545 620
168 929
762 141
633 834
82 270
560 0
141 364
336 99
833 665
827 29
28 254
984 319
168 110
397 417
406 125
463 410
690 48
344 969
643 599
464 155
558 537
911 206
947 414
129 293
80 587
764 85
76 234
118 15
847 384
547 648
832 555
837 781
896 427
324 859
653 799
841 701
729 404
565 215
532 650
719 83
439 296
238 778
803 241
620 6
849 670
524 205
787 78
629 984
898 139
638 973
2 815
485 41
211 63
827 66
930 583
82 565
831 982
290 235
256 812
448 802
126 513
64 497
293 215
437 907
338 418
70 424
345 183
59 328
221 483
560 537
923 349
905 883
313 847
984 786
234 409
970 500
157 839
856 668
592 485
733 22
383 735
499 827
90 61
100 135
573 479
885 906
209 245
981 836
699 939
407 101
219 195
427 84
560 355
452 133
603 800
398 688
569 875
990 304
557 843
319 857
149 875
946 190
467 798
509 346
479 80
207 981
138 719
699 425
14 770
355 510
765 232
720 618
264 237
703 709
50 544
301 541
427 344
910 141
824 696
98 683
131 640
754 570
903 535
609 445
32 414
630 917
432 318
90 413
132 461
517 635
321 645
805 818
721 333
970 246
394 788
227 8
577 835
205 675
642 50
318 254
724 390
365 979
171 754
844 22
509 267
872 410
874 552
697 977
941 370
341 267
968 617
321 65
727 655
283 914
932 137
162 549
35 882
135 592
534 930
728 520
724 688
233 634
125 603
782 122
65 760
264 930
322 423
908 486
631 638
426 565
563 362
419 378
741 851
76 315
521 168
587 98
239 531
552 339
474 830
742 781
900 118
234 700
680 606
923 790
168 399
634 485
544 455
708 444
219 800
349 518
580 947
448 299
119 684
340 132
770 888
433 297
622 140
540 545
250 727
247 82
50 99
396 730
331 304
51 805
139 82
370 767
143 676
973 556
957 116
366 286
843 433
814 672
471 298
261 937
920 809
327 586
53 441
528 323
597 491
881 99
310 823
578 671
90 993
234 653
247 266
422 113
974 745
22 488
519 377
966 83
794 805
324 646
89 441
797 98
460 66
573 391
605 465
438 806
518 396
944 262
15 726
323 893
124 569
369 218
670 472
15 161
729 825
37 494
830 195
300 549
794 701
303 561
959 992
206 948
969 613
455 639
651 561
677 410
539 576
502 222
196 224
23 849
723 912
371 714
620 808
156 981
149 298
497 145
443 466
392 448
204 531
294 695
149 450
581 951
845 598
245 675
433 584
399 100
297 567
941 9
99 231
974 898
759 387
145 262
659 729
767 324
968 966
94 927
796 849
923 542
417 396
368 411
781 48
574 833
884 688
468 668
204 425
921 844
911 960
951 922
342 700
425 630
451 430
198 720
480 527
382 405
614 425
204 612
9 192
5 938
666 866
80 171
541 964
886 26
733 935
724 251
292 76
951 159
527 596
287 807
920 27
127 805
710 837
803 583
483 137
635 341
277 621
80 278
711 434
853 229
408 930
448 730
141 632
416 670
818 63
984 815
974 509
885 741
960 408
85 748
101 778
505 171
796 401
109 172
987 731
525 670
802 184
746 727
352 688
989 197
398 895
18 951
257 373
873 719
68 915
610 883
125 859
839 596
518 583
518 159
167 61
166 603
226 938
882 193
760 876
557 738
554 780
61 78
521 868
98 673
258 757
345 419
189 901
956 216
725 239
532 125
421 178
762 716
208 287
530 738
490 605
569 799
253 407
656 413
583 785
593 348
362 799
666 606
219 735
664 671
608 599
14 847
212 914
622 507
492 327
999 320
271 898
192 386
217 552
988 524
89 693
414 688
268 296
358 346
745 737
797 568
647 825
237 221
907 643
549 670
39 546
12 252
431 20
691 476
845 525
416 99
56 774
872 677
8 736
309 896
358 132
744 788
930 4
649 727
868 519
901 174
255 361
927 966
362 313
818 780
289 728
941 713
796 223
840 731
135 231
582 632
250 382
852 644
601 457
33 268
894 773
526 419
533 883
512 782
825 436
812 52
845 24
202 296
758 773
677 305
111 358
650 281
980 570
327 253
716 359
118 797
777 718
65 381
713 152
176 371
874 586
241 242
97 509
248 662
148 242
536 592
617 620
624 229
638 781
561 706
547 350
39 458
981 905
414 468
316 601
967 294
167 45
163 39
774 600
999 444
80 525
824 217
86 449
257 674
215 185
275 58
582 230
37 211
962 270
28 591
612 661
876 696
958 100
191 171
122 248
550 698
728 758
742 145
860 438
477 473
695 493
213 404
525 32
295 904
848 221
84 168
91 620
232 838
337 119
432 566
534 262
637 831
102 694
514 11
269 642
547 834
503 730
606 41
297 411
102 737
63 15
317 117
151 999
538 643
454 782
12 887
922 912
174 837
808 91
851 718
623 277
211 852
589 230
15 1
728 487
921 29
863 987
488 327
714 477
475 846
831 82
619 839
647 169
406 362
752 560
561 905
380 720
550 441
738 339
951 124
940 5
625 989
104 482
380 653
611 430
58 606
51 787
430 327
747 622
296 407
205 714
406 949
515 810
588 935
334 785
23 913
963 476
726 177
707 922
266 529
425 627
248 900
530 975
413 757
16 96
905 92
807 251
703 730
452 547
684 255
594 535
790 146
47 36
607 505
958 278
746 281
422 299
413 592
52 808
791 41
924 576
708 657
958 946
263 632
831 627
679 441
100 637
909 637
654 750
597 540
979 827
139 46
81 838
792 898
697 221
813 293
929 206
351 693
194 816
988 238
971 675
980 421
966 683
756 99
466 609
359 668
184 395
94 928
866 332
266 458
913 463
286 431
166 360
122 449
883 260
966 173
946 706
708 474
670 346
266 820
378 69
38 927
359 884
978 767
921 30
890 191
444 93
507 809
523 40
647 222
225 150
382 262
740 969
855 1
526 305
863 287
966 979
345 478
886 209
720 906
606 643
361 442
938 983
795 817
799 709
795 497
252 742
140 367
855 103
52 755
445 856
997 262
789 650
705 65
447 127
503 427
265 276
246 675
803 781
263 815
316 760
777 581
828 533
703 784
476 444
108 374
402 535
441 935
393 786
414 320
857 944
304 912
691 496
826 706
583 216
511 133
305 976
206 665
418 98
791 619
467 24
934 850
975 495
694 75
465 787
639 762
460 508
586 682
122 495
948 935
119 559
466 138
750 373
341 60
548 93
918 406
212 268
619 65
571 127
42 114
749 750
261 728
736 977
606 25
783 465
405 953
153 626
545 165
780 127
380 431
347 183
81 723
544 63
426 249
662 440
29 291
598 698
727 978
460 825
180 269
347 223
165 402
423 82
187 55
809 807
91 330
544 111
75 344
205 689
724 756
856 217
760 48
650 280
966 88
778 67
843 173
932 48
763 576
335 598
857 616
166 980
491 661
929 933
250 85
693 891
288 288
57 786
827 559
226 910
241 290
666 264
692 74
412 148
216 892
827 158
42 159
163 839
396 448
896 250
678 196
486 108
303 437
1 323
845 41
94 630
993 400
394 54
542 204
569 124
643 581
201 827
23 502
561 38
101 834
900 205
456 732
210 636
593 917
792 477
990 910
775 408
69 889
139 391
306 835
173 39
573 69
827 444
336 195
102 395
7 316
764 22
8 948
8 772
157 790
831 47
696 86
467 906
190 814
605 467
383 511
439 653
942 826
440 929
540 527
443 886
153 47
610 470
709 605
471 971
332 242
420 842
881 225
588 718
252 351
865 857
430 975
102 351
788 750
72 747
219 290
993 717
756 760
693 92
32 199
873 849
933 343
856 444
25 486
0 364
22 332
53 145
895 709
508 747
634 319
123 136
982 244
375 490
439 546
565 48
168 962
469 719
113 982
340 287
633 766
321 290
677 636
906 995
249 463
56 620
566 133
57 955
461 421
660 501
163 916
378 738
334 397
499 588
199 470
366 115
232 465
78 874
800 337
993 848
757 958
58 671
617 682
706 65
312 820
602 204
136 197
116 643
306 978
115 624
160 473
336 678
608 719
782 188
616 321
712 223
170 186
42 766
458 268
662 876
981 946
704 753
597 838
595 322
115 911
221 387
604 237
640 578
566 864
931 694
756 365
65 184
265 106
984 0
402 389
957 411
407 807
686 227
35 943
231 112
49 677
401 206
546 435
576 959
708 811
164 90
725 597
883 107
377 415
380 94
168 355
383 934
316 611
948 403
41 200
273 660
189 723
223 32
178 787
503 739
890 137
177 463
203 801
830 913
99 314
103 998
117 598
868 790
692 374
106 448
848 184
567 926
407 235
471 977
30 205
845 920
759 458
42 598
277 808
633 66
278 505
311 290
17 440
869 402
848 543
760 226
863 57
490 646
526 668
610 386
339 649
162 813
220 358
815 437
372 875
390 876
555 429
77 10
275 784
976 435
48 840
190 529
367 633
323 637
3 445
86 994
452 734
541 275
201 925
304 855
391 378
260 433
826 725
690 125
707 189
847 935
883 719
428 614
48 313
640 26
709 727
565 466
887 965
976 473
653 750
229 953
343 509
771 600
778 611
188 763
2 568
968 960
666 373
418 360
1 385
619 485
613 946
389 696
804 894
219 119
88 627
295 461
643 652
747 90
124 965
525 284
792 953
197 110
805 497
856 112
730 256
34 231
171 501
656 438
236 265
924 469
972 386
652 802
580 471
380 925
599 708
867 137
812 728
684 831
658 293
887 140
77 688
959 559
630 530
140 676
391 638
276 860
94 60
437 328
385 53
927 139
196 728
368 304
975 396
183 813
148 391
333 646
127 559
601 773
495 207
835 552
652 460
595 171
273 720
467 88
163 375
474 612
930 649
395 628
833 583
45 127
985 0
772 990
771 638
696 793
61 373
716 908
739 300
497 827
578 872
772 289
658 693
478 999
610 366
995 642
577 567
454 854
602 992
994 226
374 45
883 548
881 444
670 975
318 847
967 98
572 594
138 67
789 991
460 268
300 512
434 812
575 677
890 617
990 47
705 340
643 484
564 814
298 500
875 682
923 370
51 498
677 864
260 23
117 764
770 467
855 919
727 297
300 665
969 888
398 813
359 244
456 850
810 605
913 428
882 420
266 32
631 387
501 464
585 380
73 702
594 653
388 227
802 954
168 866
371 147
633 137
862 312
101 320
685 555
117 86
763 741
932 648
953 667
213 146
707 594
266 75
482 729
802 508
571 494
698 506
144 955
224 444
101 778
740 31
925 303
559 528
270 589
912 849
563 788
541 400
505 514
711 44
284 375
258 106
394 397
123 159
96 415
258 822
876 873
706 396
795 105
143 387
139 141
839 388
372 277
396 752
771 682
529 585
447 584
939 868
615 999
242 522
707 712
848 631
971 454
209 490
925 458
868 727
555 964
289 905
355 207
323 396
49 341
784 634
786 426
822 611
258 869
800 411
985 804
362 503
922 608
401 40
12 937
919 347
148 91
405 160
90 425
281 330
795 888
411 638
647 984
371 655
100 502
717 761
539 965
423 501
409 815
2 53
585 431
807 89
535 944
812 264
984 627
95 755
449 885
755 238
741 415
609 56
827 19
248 862
343 779
751 731
96 251
979 498
306 138
301 991
781 413
469 451
277 286
541 142
435 355
799 658
380 961
584 374
113 538
593 656
671 373
252 31
399 253
100 623
600 36
192 366
164 546
281 303
809 952
722 933
89 482
704 242
940 869
65 136
612 805
826 672
625 955
156 210
646 388
614 868
796 413
65 726
181 85
256 829
716 188
998 838
499 915
733 222
629 468
916 143
661 28
424 790
447 741
719 347
382 81
105 489
749 403
991 390
545 168
345 317
270 167
986 538
202 925
95 182
255 628
720 396
813 341
278 546
903 27
686 724
365 986
868 397
218 616
604 344
879 163
372 15
807 843
326 217
180 17
869 57
458 536
622 700
835 274
914 828
899 958
592 427
340 921
536 89
493 43
21 146
94 828
802 218
496 943
217 27
403 85
776 672
711 685
254 66
942 354
500 643
866 150
534 209
500 398
916 182
693 685
924 253
248 621
275 111
103 43
116 623
285 723
712 203
84 117
807 469
104 966
381 584
372 65
560 630
715 87
993 945
842 621
249 465
148 158
70 766
693 496
967 703
460 683
444 714
714 415
961 924
200 725
772 667
817 249
813 218
379 358
86 469
724 475
187 246
282 517
340 71
235 501
273 625
6 947
917 388
338 243
957 184
94 639
531 260
665 253
390 237
27 971
460 497
491 184
491 99
890 940
413 106
223 498
562 790
221 125
946 995
754 578
523 201
98 413
687 546
212 478
482 918
714 684
19 356
127 458
401 730
892 826
24 766
755 544
619 102
384 288
756 421
668 635
410 199
508 213
915 135
354 562
234 302
410 115
74 263
984 92
948 881
424 40
781 301
293 702
20 896
455 901
978 979
7 14
699 673
68 66
524 985
587 764
118 629
602 111
42 322
942 187
188 497
838 372
933 613
831 348
596 550
609 659
117 29
906 324
189 321
738 225
469 409
239 881
629 107
154 913
50 685
249 393
202 794
934 8
672 727
496 707
972 942
8 650
621 819
727 483
705 573
158 644
644 375
934 491
983 752
986 224
331 463
753 901
326 955
728 596
61 251
480 10
27 153
491 891
809 252
269 726
863 134
721 130
49 667
665 17
725 11
162 908
524 50
599 215
455 670
221 711
37 680
807 569
666 535
882 92
106 49
324 594
70 444
33 259
93 956
22 891
887 605
498 757
446 28
297 920
974 129
859 89
479 864
869 472
817 408
222 663
183 818
820 177
454 678
847 464
824 803
663 626
292 991
954 492
249 30
425 375
291 493
771 162
140 537
354 888
967 363
461 636
513 519
285 106
704 750
972 640
465 353
306 45
557 126
546 296
796 880
693 484
605 194
838 59
179 556
782 296
556 729
840 42
279 536
543 94
532 306
590 379
881 635
577 516
17 173
203 978
823 681
575 232
140 632
386 531
397 361
809 953
121 35
743 537
306 533
786 396
673 35
407 434
807 804
626 952
569 331
531 808
707 731
678 146
145 942
961 330
770 47
387 426
686 614
539 705
521 365
502 44
120 57
38 716
388 131
439 344
901 535
891 988
232 140
441 834
356 765
786 833
609 528
300 363
530 5
810 131
797 705
316 918
889 996
618 833
711 703
135 460
420 690
860 646
590 445
370 145
836 13
68 110
707 906
701 956
494 479
126 254
646 113
914 443
787 515
197 90
433 569
130 148
862 204
460 836
611 230
568 309
138 30
1 932
191 102
804 406
673 579
965 210
219 37
49 818
646 712
38 718
690 289
672 33
453 989
165 544
770 503
739 569
837 968
456 224
366 388
658 296
420 586
25 832
309 276
842 91
787 721
389 109
721 383
377 587
438 924
662 914
177 855
419 706
302 643
521 612
407 692
144 218
415 748
521 879
651 448
475 87
858 879
946 583
407 187
925 288
860 395
390 320
656 767
672 354
156 446
500 879
203 293
508 309
289 585
580 271
550 127
502 941
994 793
621 157
803 156
828 466
12 288
935 764
833 72
2 920
48 202
913 506
210 361
64 784
771 585
12 392
789 938
769 101
588 809
774 774
838 867
198 456
753 228
864 709
809 720
905 125
418 7
728 900
827 878
955 403
540 739
680 19
257 393
726 792
359 237
981 539
383 552
979 442
889 807
265 780
794 783
13 463
961 925
361 397
95 485
156 7
605 544
56 624
250 892
420 85
516 431
34 786
647 491
947 617
92 889
834 296
172 223
23 48
166 291
981 261
461 941
245 443
229 696
900 373
703 650
731 828
523 941
710 942
13 388
479 788
220 73
555 737
431 814
997 0
8 411
202 917
245 128
629 639
933 699
884 596
729 76
603 413
403 591
695 964
42 298
245 540
222 464
860 815
770 989
297 749
24 91
321 252
713 740
316 835
796 489
664 548
543 858
580 81
436 407
662 670
166 863
55 463
772 598
861 331
493 300
649 41
237 644
619 82
463 667
610 816
619 42
880 413
306 108
806 847
696 452
500 571
456 377
11 535
102 587
423 84
313 883
79 932
0 582
358 616
807 843
415 909
530 765
317 72
281 58
257 272
740 757
311 107
393 257
587 971
468 743
88 802
582 298
977 252
385 457
716 293
394 628
771 291
912 107
509 332
677 292
205 227
691 91
881 183
632 270
318 604
613 114
849 374
827 152
337 915
255 788
851 177
584 968
246 377
406 20
745 162
341 745
58 432
154 494
513 94
398 538
339 505
73 251
219 847
217 479
446 145
498 600
141 797
840 925
9 199
443 656
690 992
458 474
288 79
300 973
654 64
930 67
852 826
177 675
620 734
23 893
959 940
28 118
945 376
35 453
826 565
712 670
526 880
460 959
200 977
783 274
506 781
501 987
192 568
741 714
694 705
230 130
598 614
546 139
767 762
448 854
530 828
692 224
887 114
114 960
464 245
819 643
948 326
863 544
455 970
908 360
63 898
925 584
914 558
479 130
399 803
0 785
554 651
888 980
852 908
829 660
282 243
881 65
380 474
639 570
641 352
775 644
33 72
141 694
595 709
345 826
777 204
