1789
778 250
571 160
104 60
597 716
716 188
28 756
930 929
787 346
114 94
568 278
220 533
323 891
778 246
698 89
900 616
532 357
962 703
596 982
541 759
425 761
415 184
524 752
93 18
569 374
897 899
634 798
725 327
688 372
557 551
491 980
988 861
260 739
570 199
233 411
452 26
921 946
636 680
745 36
523 925
342 976
724 599
851 929
667 628
357 198
150 241
149 452
491 600
414 811
210 753
553 742
764 228
213 215
524 949
154 442
940 217
184 112
628 449
963 463
287 397
786 0
438 443
120 218
897 912
946 605
570 789
435 337
797 990
317 192
230 903
952 865
297 719
528 654
183 274
913 561
824 154
550 698
148 390
124 356
318 901
768 905
187 140
728 155
335 655
600 485
754 629
75 801
937 815
461 531
47 610
455 981
838 674
811 588
16 721
312 315
331 697
608 943
69 974
16 452
859 664
551 686
872 87
963 345
901 376
889 813
188 632
539 12
657 990
615 718
859 717
645 72
671 449
81 168
606 171
386 852
240 944
778 531
673 879
792 659
387 298
602 21
116 620
622 847
2 925
899 120
804 834
283 969
538 568
156 474
200 17
432 579
47 448
9 44
556 546
241 270
293 39
513 196
121 31
896 972
288 328
415 739
755 399
658 184
525 484
689 975
794 371
944 385
775 920
324 161
466 971
959 235
443 540
654 56
339 497
57 709
323 302
338 37
697 916
402 491
687 189
120 997
949 567
523 926
848 591
691 35
658 744
98 512
355 772
409 771
448 753
304 745
916 512
198 855
157 762
418 196
704 164
545 318
695 813
433 154
618 254
429 800
932 561
546 358
943 260
817 723
906 712
39 831
730 109
337 90
975 721
116 274
257 681
643 465
450 959
978 621
134 956
747 274
400 295
463 861
814 255
968 50
17 926
932 785
894 270
292 12
536 984
102 461
417 499
752 109
638 490
966 944
603 770
437 255
487 922
209 477
273 563
372 31
91 586
392 558
462 963
415 183
535 848
25 397
184 707
22 444
994 73
404 873
929 559
947 993
928 361
415 959
15 16
662 466
58 292
331 398
188 179
946 73
980 89
500 481
487 880
261 341
798 241
573 689
409 908
308 950
467 941
450 425
736 704
54 67
85 285
628 921
215 935
244 604
655 50
881 19
948 619
631 656
178 941
489 273
338 497
674 576
465 325
650 829
989 736
883 298
421 749
437 39
384 734
22 215
193 787
22 842
122 316
179 925
271 291
904 871
100 493
83 462
289 890
391 417
20 18
375 303
392 667
108 32
998 641
113 258
1 693
516 687
718 618
536 668
523 747
73 797
615 552
928 256
619 115
248 343
544 710
104 210
337 40
34 12
217 744
235 68
32 104
691 816
146 197
223 853
233 478
990 962
124 428
489 981
984 425
535 286
662 996
535 363
437 667
575 155
970 154
460 663
316 763
147 94
509 518
112 664
934 524
381 806
634 590
862 415
919 580
370 526
944 850
716 18
422 61
826 6
39 703
214 810
432 751
684 985
535 301
963 502
12 564
711 440
778 537
334 781
40 51
538 710
349 507
350 951
795 606
621 171
675 88
807 725
265 628
373 786
185 289
655 981
394 687
716 506
651 91
242 287
971 182
95 552
301 221
727 387
140 325
830 91
51 957
672 304
17 521
23 855
578 251
886 398
321 388
100 11
509 28
578 822
953 959
368 59
617 41
253 460
586 650
526 807
273 749
825 964
895 270
946 922
531 746
310 570
808 268
70 259
304 453
454 256
1 3
119 143
344 734
993 828
340 191
517 957
372 465
706 31
955 588
654 545
18 823
96 687
951 407
804 922
381 190
798 910
444 117
914 12
154 164
59 593
386 657
115 479
540 56
339 282
566 827
931 582
713 90
604 231
158 684
748 504
83 158
498 552
153 507
522 474
184 685
755 541
253 939
903 676
434 803
331 782
870 746
64 255
680 410
778 360
382 227
87 110
842 230
953 703
312 717
215 170
729 671
201 206
84 794
667 915
637 10
484 969
326 282
311 158
445 904
681 452
350 733
972 138
859 837
756 561
649 4
233 570
549 754
404 806
495 929
925 166
125 468
644 804
699 706
198 642
234 251
34 562
407 842
597 589
189 436
851 544
973 264
855 979
797 127
725 540
486 150
6 996
339 761
315 928
71 235
454 963
430 388
605 266
903 65
584 832
888 738
534 282
867 496
331 302
320 470
412 288
530 441
902 37
878 35
355 428
297 492
78 673
810 274
586 819
504 91
598 529
637 248
452 857
995 645
875 273
894 22
833 682
250 660
644 985
806 383
507 911
82 206
808 692
381 894
753 159
418 480
271 713
43 494
679 564
798 294
744 694
223 511
939 34
975 604
234 440
812 232
98 131
369 281
882 468
79 719
769 973
467 198
739 481
714 491
333 682
795 900
393 499
940 227
572 640
416 411
942 762
583 491
345 591
486 28
742 353
464 86
652 933
181 624
874 760
347 351
959 173
818 862
552 154
604 943
690 476
293 161
9 447
895 635
352 475
1 400
634 763
865 747
304 88
240 4
51 77
637 603
685 212
708 685
915 258
472 462
374 502
406 806
643 823
61 390
271 487
331 988
470 410
465 549
214 772
330 299
616 794
904 175
527 959
920 281
683 938
727 910
824 126
332 240
859 515
479 740
445 707
667 25
740 911
145 597
526 770
917 268
415 870
700 643
852 22
150 505
560 228
945 367
824 740
262 466
107 49
16 463
804 735
513 918
594 408
247 18
735 546
848 152
568 561
970 213
149 689
711 781
218 455
934 706
581 417
92 122
873 714
997 124
394 387
686 948
994 414
741 429
923 781
444 62
629 259
353 48
258 768
921 247
601 779
127 127
352 211
639 793
78 935
144 13
616 159
313 802
98 506
827 773
824 905
872 751
189 652
418 866
443 979
183 676
852 960
955 781
50 396
422 934
450 198
336 746
526 995
298 346
570 626
863 251
295 264
380 378
807 28
659 876
16 27
206 719
157 590
474 149
241 154
577 642
917 361
685 195
763 359
858 545
812 16
371 551
544 952
688 744
316 275
271 845
945 62
480 430
898 93
669 430
773 959
785 420
678 575
696 719
89 628
56 777
727 283
567 456
898 979
669 57
748 345
67 565
781 221
804 41
732 493
987 385
688 193
501 181
367 591
568 6
150 392
196 362
722 98
129 934
807 871
666 164
639 790
865 318
269 321
58 889
282 879
804 29
608 690
797 476
190 763
429 1
947 229
431 187
406 503
595 50
69 70
639 322
564 995
640 174
665 160
667 486
214 705
888 939
278 265
218 498
788 506
336 904
600 161
224 621
659 833
732 356
605 999
325 194
533 174
992 997
185 756
830 751
854 724
472 179
794 718
923 847
72 836
504 938
581 662
279 368
865 24
237 427
991 530
235 549
56 376
290 140
860 36
827 477
107 57
948 836
908 761
848 762
692 601
613 888
249 418
452 307
375 612
733 632
619 519
266 98
918 250
756 514
844 215
251 863
541 886
402 22
956 90
777 659
494 481
272 257
317 871
304 494
46 197
236 363
536 270
552 426
103 275
849 288
943 655
237 750
532 997
84 643
161 385
735 828
904 756
480 110
154 604
778 322
703 747
227 499
376 535
775 293
634 762
414 886
14 699
465 921
656 5
705 856
100 238
825 194
8 2
933 534
942 953
595 359
208 526
880 480
657 282
998 330
737 625
765 291
337 443
928 497
760 357
369 616
469 761
0 864
934 467
792 106
985 702
250 116
625 167
533 4
20 695
990 577
906 71
605 976
312 359
697 774
661 103
877 361
84 210
450 580
780 624
607 730
13 619
855 674
292 132
914 556
456 942
902 484
606 675
335 972
154 207
852 455
911 354
956 859
881 361
449 958
145 615
861 797
800 384
762 825
743 182
750 882
847 872
662 368
805 615
50 800
504 659
322 116
102 822
31 831
915 903
581 559
132 881
495 724
779 197
172 231
556 982
393 982
655 547
743 728
207 362
774 4
586 371
809 279
490 819
916 93
364 274
508 47
46 463
847 950
734 938
828 431
505 954
659 184
234 480
927 698
787 756
155 687
744 983
100 565
674 953
893 948
218 363
368 261
463 231
948 708
105 935
18 439
407 428
293 767
822 704
313 54
722 701
610 209
442 279
984 9
383 432
402 957
430 275
449 450
463 123
526 717
380 500
343 72
45 794
662 107
475 626
538 981
692 469
410 188
32 564
871 49
689 600
809 471
0 25
277 965
861 978
702 26
702 394
714 625
173 742
902 301
675 173
324 303
649 629
59 29
449 588
176 765
96 561
948 403
47 916
694 103
674 627
291 634
105 359
587 731
813 863
774 5
485 723
398 251
745 347
686 399
750 785
395 414
380 323
811 616
348 166
388 31
959 808
573 638
203 53
498 197
726 277
964 362
88 867
568 465
636 392
418 751
647 105
569 356
516 655
12 303
32 974
53 326
274 320
453 622
500 650
224 8
408 703
627 77
21 876
491 691
249 365
7 336
436 646
49 126
522 227
705 144
809 220
699 740
611 563
298 425
86 240
925 483
627 999
304 573
244 776
294 615
713 696
134 352
532 254
731 901
612 777
129 146
279 767
413 592
4 233
404 680
704 662
535 655
582 780
237 371
764 270
953 565
660 115
710 95
705 995
56 264
811 871
525 501
700 697
60 451
451 162
228 810
681 435
0 660
515 30
361 710
247 278
525 742
762 20
39 118
145 380
311 672
807 143
220 35
142 537
582 452
225 478
689 496
770 297
879 41
400 101
5 623
707 472
73 289
587 341
586 461
93 369
560 524
95 359
846 985
567 32
702 676
799 677
331 674
3 199
276 751
950 642
728 398
49 668
973 456
46 68
278 723
445 137
644 93
837 585
587 690
285 908
217 842
682 319
930 71
372 77
72 149
845 363
946 650
529 435
450 664
484 99
739 529
449 78
18 523
535 252
164 740
265 38
473 311
589 797
191 207
148 779
226 236
572 649
843 180
523 787
735 211
749 625
217 758
8 335
914 669
590 320
152 751
522 582
125 82
502 869
209 91
797 905
243 115
285 877
460 883
759 493
372 337
425 902
425 315
75 428
341 955
210 653
591 596
266 845
605 100
607 592
777 523
597 503
169 371
174 557
300 912
852 697
217 385
368 322
2 896
26 398
154 287
570 411
218 939
287 417
194 645
894 391
150 558
717 69
902 923
168 34
795 442
539 64
439 876
633 573
517 452
589 499
985 670
816 354
624 699
498 35
947 172
556 752
208 813
445 315
114 101
931 485
306 138
140 240
517 434
550 711
464 959
612 668
546 987
898 74
937 589
395 420
232 314
752 765
295 391
420 706
251 174
862 917
352 992
399 19
708 162
413 88
269 418
527 57
94 596
433 763
374 344
898 738
730 806
452 349
684 957
172 80
843 752
635 169
917 483
108 944
579 732
559 192
52 621
421 803
428 425
77 141
382 725
278 911
896 561
54 255
806 127
347 334
265 619
352 683
146 883
250 774
778 762
756 807
323 847
735 720
660 347
222 368
801 979
393 770
802 363
999 69
789 380
410 509
366 734
158 962
878 722
859 951
961 737
43 318
60 937
797 610
447 106
763 829
704 683
985 899
992 939
927 206
458 916
17 627
609 394
701 878
345 549
621 666
401 555
965 939
399 987
519 719
524 621
29 578
554 133
687 793
395 121
982 218
28 729
640 930
234 839
829 367
475 479
577 23
377 288
35 488
938 116
700 281
172 685
925 200
975 184
715 470
178 150
580 417
411 296
870 873
562 716
893 197
661 342
654 878
249 112
35 75
903 468
494 439
981 497
552 648
823 717
172 857
358 674
104 483
216 660
188 823
687 777
287 736
454 530
134 535
386 378
181 718
750 212
939 856
553 666
985 705
115 867
284 98
726 516
907 464
210 651
195 438
20 951
65 184
799 692
647 746
539 78
267 959
325 540
428 878
103 207
567 754
258 795
857 857
922 69
381 704
89 821
73 517
46 574
324 805
103 268
714 247
700 613
747 944
942 899
473 296
856 241
913 709
893 452
356 175
826 972
886 147
477 283
894 612
31 853
896 999
470 953
975 222
942 255
119 416
536 66
474 654
651 64
304 385
819 47
829 610
935 434
286 570
231 405
620 723
782 173
348 694
164 699
190 303
879 219
613 951
812 768
646 408
800 147
596 894
764 43
747 635
520 839
644 811
294 346
25 298
955 789
986 955
610 788
702 874
442 58
198 188
560 294
862 998
232 298
77 947
152 233
632 10
397 746
834 615
611 754
78 537
215 134
152 140
695 217
513 232
868 267
577 137
807 723
114 848
418 271
307 90
32 129
658 872
695 587
158 487
285 607
27 784
841 744
855 979
467 317
973 655
943 751
960 869
734 625
746 294
606 223
813 698
451 802
354 875
389 667
961 65
348 598
544 904
585 866
143 262
903 598
787 641
994 286
521 288
991 589
990 193
892 189
165 515
81 581
136 589
927 2
786 287
992 218
653 207
584 85
799 615
674 204
547 132
430 519
709 899
849 537
662 543
149 71
361 814
595 49
4 100
142 712
219 224
642 513
265 454
213 696
113 29
612 232
197 290
201 578
708 804
44 573
465 865
792 253
674 233
752 351
614 410
105 555
274 475
577 483
110 854
696 564
571 559
14 802
336 258
806 160
438 172
241 896
224 360
86 920
111 781
312 886
205 734
504 470
544 778
845 225
338 365
802 32
702 327
799 361
613 91
818 137
554 3
799 963
115 442
301 736
954 226
196 79
906 40
36 799
749 164
583 555
917 629
609 781
770 820
119 310
868 599
823 556
218 130
702 717
434 977
23 468
681 241
482 378
197 207
476 990
721 33
158 80
241 500
208 434
239 126
287 376
757 37
20 570
324 751
935 199
132 580
452 61
277 560
717 486
446 101
376 668
956 617
634 201
517 284
68 488
613 861
773 544
56 109
617 506
505 132
337 633
211 778
490 330
998 985
834 668
373 801
136 633
453 212
700 805
840 804
135 847
595 545
748 822
196 503
903 101
897 367
516 338
93 853
195 500
532 450
467 675
49 835
165 20
717 714
43 573
427 259
736 54
698 458
841 473
427 123
709 195
371 386
169 123
555 764
95 434
374 653
711 820
203 179
718 910
524 851
439 976
614 371
672 62
330 552
310 321
651 785
411 571
305 483
222 587
957 455
564 173
454 961
287 902
147 330
828 22
314 951
200 975
89 307
125 462
243 307
106 679
893 825
465 654
809 20
534 819
851 550
60 629
738 501
377 746
81 158
837 949
103 407
959 322
659 915
289 255
852 804
645 883
993 492
104 971
964 420
886 234
300 425
278 121
931 307
559 735
789 56
403 995
106 209
883 792
22 331
900 848
615 953
968 828
446 784
640 763
122 475
456 969
97 136
763 377
937 938
409 510
478 864
958 31
508 183
997 186
224 299
308 754
186 500
578 667
638 150
695 141
603 809
419 487
82 955
370 999
467 322
357 199
942 639
780 642
302 751
20 559
434 851
339 428
30 555
676 39
535 719
903 858
766 110
575 205
215 370
963 760
667 219
69 257
555 883
695 515
677 635
136 528
404 700
201 199
507 528
852 913
226 137
975 73
404 434
421 403
344 85
22 311
183 221
601 397
886 550
535 514
564 689
153 196
77 540
340 571
321 425
628 745
919 198
471 819
350 901
380 776
205 21
268 242
704 752
471 818
782 342
514 913
394 67
344 692
447 980
286 919
607 856
756 782
941 212
424 840
634 463
805 653
581 776
36 481
118 837
593 49
53 645
322 86
334 287
908 703
160 149
415 28
238 492
610 529
742 405
249 215
560 441
742 313
681 703
671 901
281 794
575 338
553 826
30 353
825 935
205 175
449 853
573 89
126 604
264 513
888 520
603 433
170 681
633 61
833 835
595 14
856 848
487 259
27 164
183 907
275 426
828 769
434 118
458 935
615 298
485 823
300 677
756 925
238 936
918 528
949 419
546 203
709 752
259 111
339 461
708 348
60 776
224 15
891 414
845 270
857 509
202 34
18 51
454 460
277 255
123 67
60 918
268 797
438 624
586 516
473 196
773 683
828 601
73 161
875 431
519 741
