1041
334 467
169 500
478 724
962 358
705 464
281 145
961 827
995 491
827 942
391 436
902 604
292 153
421 382
718 716
447 895
771 726
869 538
667 912
35 299
703 894
322 811
673 333
141 664
253 711
547 868
662 644
37 757
723 859
529 741
316 778
190 35
288 842
40 106
264 942
446 648
890 805
370 729
6 350
393 101
629 548
84 623
756 954
966 840
931 376
944 308
626 439
537 323
118 538
929 82
833 541
639 115
704 658
977 930
673 306
21 386
924 745
270 72
777 829
97 573
986 512
161 290
355 636
655 767
31 574
350 52
941 150
966 724
107 430
7 191
457 337
753 287
945 383
209 909
221 758
422 588
506 946
413 30
900 168
762 591
410 655
624 359
548 537
595 483
602 41
291 350
374 836
596 20
348 21
668 199
281 484
53 734
418 999
900 938
127 788
728 467
648 893
807 483
310 421
813 617
309 514
935 616
600 451
519 249
798 556
224 303
844 8
989 609
195 702
93 485
523 343
314 587
448 503
458 200
580 618
798 796
589 281
9 798
472 157
538 622
38 292
190 179
958 657
815 191
156 888
202 511
272 634
328 55
362 646
875 886
869 433
844 142
881 416
322 998
21 651
557 699
892 476
75 389
600 712
3 510
861 869
401 688
255 789
2 423
182 585
88 285
617 426
832 757
169 932
721 154
976 189
368 329
425 692
434 555
441 549
145 512
718 60
139 753
279 423
687 996
549 529
866 437
193 949
297 195
286 416
488 105
455 282
114 734
316 701
786 671
313 263
185 355
912 53
832 808
313 945
321 756
646 558
481 982
196 144
129 222
535 161
173 450
44 466
292 659
253 439
154 24
745 510
186 649
474 313
168 22
787 18
958 905
202 391
477 625
314 414
334 824
372 874
833 159
487 70
518 297
773 177
763 270
192 668
102 985
213 480
802 627
527 99
543 625
23 924
61 972
3 181
505 432
725 593
492 31
222 142
64 286
187 900
413 360
270 974
235 170
711 833
896 760
285 667
140 550
695 694
19 624
576 125
658 694
371 302
678 466
851 593
18 484
119 464
800 152
60 87
10 926
170 757
576 315
43 227
164 758
882 109
565 86
577 487
625 474
629 627
423 928
902 520
123 962
737 596
195 261
264 525
202 260
30 116
11 326
411 771
153 547
790 520
188 924
940 763
662 851
900 829
958 713
365 578
477 7
58 200
303 439
357 760
477 324
113 108
801 887
460 850
993 428
405 384
111 540
835 704
72 356
823 350
556 485
626 216
526 357
337 357
869 271
896 361
617 22
717 112
585 696
423 41
229 129
559 565
296 932
53 855
584 962
654 734
457 972
532 369
607 963
911 483
67 635
675 848
223 938
754 142
741 511
459 175
221 825
626 870
205 934
850 783
279 398
193 701
637 734
556 534
176 993
962 705
881 548
413 300
855 641
142 855
611 462
424 877
752 678
296 443
40 673
875 313
818 72
17 610
112 932
169 695
40 831
685 488
497 90
990 589
353 145
651 314
44 740
335 258
192 759
264 605
503 181
775 829
292 608
549 997
561 556
467 627
129 541
813 240
601 174
215 77
213 683
824 992
392 601
670 759
27 428
75 84
498 786
287 970
604 847
221 503
706 663
10 363
489 171
164 240
619 542
591 913
818 704
750 232
975 205
303 539
98 422
584 247
971 648
913 864
545 75
546 712
769 678
519 262
289 985
865 944
245 540
318 508
601 870
132 323
152 472
570 87
901 763
423 103
600 527
15 969
28 565
347 543
943 88
409 637
49 463
588 681
608 342
221 60
954 758
146 888
949 690
430 843
748 620
536 67
35 783
185 226
853 38
224 629
923 748
257 359
944 766
318 955
411 726
355 25
549 1
584 496
964 515
75 342
142 913
948 196
426 72
173 606
404 429
626 705
375 812
565 93
736 36
814 141
256 994
936 652
482 838
15 355
230 131
625 841
637 11
690 186
662 650
893 634
416 353
8 452
233 262
303 454
303 634
148 256
317 124
109 213
200 28
318 80
50 858
361 155
903 264
643 676
902 909
489 561
282 948
674 653
402 220
831 923
878 369
8 259
971 619
945 3
504 781
685 392
698 313
722 589
37 938
461 410
508 234
959 961
515 493
937 269
58 869
971 700
117 264
555 215
330 815
212 39
82 288
85 954
484 710
380 774
951 815
115 541
110 679
73 898
977 788
956 132
113 689
941 8
723 790
28 363
778 184
71 200
974 885
333 71
153 867
168 295
676 825
650 629
309 598
686 693
116 80
667 249
679 528
421 864
826 405
516 816
666 726
681 87
340 964
21 686
721 662
309 64
902 415
124 873
745 941
423 762
806 531
318 268
907 602
481 307
136 12
114 630
84 809
290 556
996 293
54 152
708 345
491 248
131 712
439 114
722 958
995 704
269 52
238 479
918 423
659 866
486 498
462 196
158 633
146 22
37 392
647 925
602 458
98 807
292 830
278 600
352 799
882 448
315 540
762 575
336 567
418 397
828 897
816 851
449 230
658 925
520 229
560 940
162 147
675 655
361 792
398 754
714 146
188 946
638 569
75 663
521 515
615 475
234 528
905 570
557 464
161 962
549 524
330 469
350 923
925 333
737 910
337 336
393 278
714 636
591 164
135 949
337 505
337 4
664 623
608 970
281 568
152 85
652 373
876 194
396 826
249 572
174 640
943 819
941 611
419 289
805 565
216 585
615 450
64 609
893 166
509 74
695 300
589 573
172 161
358 968
268 31
510 426
774 422
910 779
182 552
495 391
874 764
902 364
460 255
972 474
122 821
577 547
605 789
594 195
343 950
481 754
672 12
428 439
762 912
408 967
908 415
759 223
204 434
319 486
945 958
166 806
367 700
787 692
556 532
447 974
283 21
331 222
583 376
723 948
18 982
220 776
182 111
490 856
324 925
677 486
643 969
677 534
68 668
196 991
828 783
426 727
697 871
703 612
408 27
508 545
238 185
443 237
501 313
128 850
650 111
192 149
869 454
465 681
713 267
634 793
972 472
901 830
177 442
770 877
364 702
590 381
237 823
179 23
169 595
42 327
182 310
926 58
670 487
651 528
213 258
783 860
742 286
472 610
434 128
718 841
867 503
938 865
257 881
614 750
458 598
63 661
807 756
489 278
365 435
586 75
833 386
330 360
928 48
433 492
766 840
810 735
837 599
982 892
352 328
244 369
608 794
647 252
535 432
264 208
243 497
15 649
189 841
812 100
523 648
474 851
891 633
854 200
697 990
780 919
931 578
340 544
899 487
483 525
492 538
252 193
560 11
840 834
785 497
540 529
791 805
210 392
578 549
971 979
73 277
620 193
826 497
790 276
578 582
418 159
159 489
924 449
380 72
967 8
477 208
370 503
196 607
722 74
19 611
56 761
163 890
716 683
452 932
954 741
862 813
460 396
904 615
136 599
198 680
387 32
240 584
6 517
241 670
249 882
758 523
621 105
296 95
678 916
579 178
577 58
7 750
81 729
678 995
753 676
784 899
93 565
172 608
929 243
168 514
191 55
922 973
651 748
144 986
577 446
629 517
874 916
469 791
146 912
91 693
949 815
640 857
236 52
487 551
162 226
183 955
180 394
65 97
513 65
578 261
878 78
611 140
445 947
975 170
750 489
333 149
214 865
7 282
896 432
522 367
810 882
231 641
705 187
321 479
351 538
208 447
276 646
189 759
666 422
455 486
614 28
253 860
348 777
861 503
82 431
197 455
752 106
296 821
21 281
947 455
318 124
376 135
859 774
74 998
922 253
643 635
153 888
747 232
926 680
450 678
961 801
855 199
716 363
561 573
473 245
550 274
181 353
699 287
643 110
172 465
981 529
476 112
247 381
671 890
372 805
989 32
165 320
658 431
206 293
948 578
171 206
396 166
20 697
529 694
109 788
969 984
617 978
626 15
168 684
928 906
118 97
199 390
486 785
420 199
271 710
415 813
318 85
331 580
387 267
186 444
360 507
74 827
152 431
268 271
885 693
311 337
677 604
768 406
413 22
542 0
38 537
355 388
647 289
93 181
987 584
493 761
501 217
447 482
753 665
84 104
525 95
964 221
872 781
656 106
593 343
80 80
411 868
968 713
216 251
768 79
531 40
779 933
259 663
936 653
365 95
720 874
680 835
455 976
71 725
559 808
602 156
905 832
375 440
885 562
80 962
797 836
508 202
340 80
58 76
740 493
474 546
97 773
335 880
400 72
955 707
141 666
481 588
315 168
225 396
12 9
455 136
43 762
21 742
512 922
18 248
717 368
650 714
335 290
169 759
303 895
979 640
105 199
661 791
652 681
33 753
987 29
253 42
420 83
718 814
63 244
652 229
769 864
5 470
594 47
326 487
323 276
679 540
588 990
271 710
221 945
183 470
955 589
779 978
262 6
487 135
33 196
935 88
993 779
962 790
1 965
807 105
669 567
671 134
998 457
597 545
838 218
372 844
28 563
801 264
490 723
601 604
197 227
771 692
301 363
721 363
421 565
610 445
741 495
812 22
15 151
393 55
279 738
608 882
822 654
245 707
144 338
339 290
604 154
225 623
724 78
330 981
223 733
130 594
987 846
805 445
750 616
338 489
135 963
209 697
224 630
737 908
920 474
293 372
734 855
56 561
184 606
382 75
741 119
684 432
279 779
667 283
125 836
737 118
119 28
737 577
556 91
60 795
793 901
136 432
875 580
184 907
719 74
476 790
351 41
