100 1000 76
193
57 3
37 89
63 78
22 92
3 35
87 9
66 52
2 10
12 74
13 4
59 30
98 15
7 29
51 16
59 16
59 67
60 75
35 30
73 60
77 50
62 54
69 16
32 49
5 55
43 47
19 93
7 88
58 89
35 76
51 73
64 100
69 51
40 88
26 75
30 65
12 82
44 94
77 65
67 62
34 48
56 34
59 17
86 9
92 99
98 39
27 18
96 83
95 13
62 100
3 9
30 12
4 91
57 18
6 23
76 95
62 15
13 90
39 51
60 9
54 27
33 78
86 42
32 43
90 56
13 46
70 15
4 74
99 71
35 64
79 64
68 36
27 5
45 6
4 97
14 6
63 46
85 63
94 2
45 17
52 55
23 56
95 78
29 36
18 5
36 94
80 40
94 96
16 62
4 61
91 74
24 69
59 51
44 42
35 14
7 61
23 97
71 93
59 90
55 61
83 63
25 59
59 35
84 54
47 40
93 86
81 67
57 72
93 24
50 61
52 33
84 65
22 47
55 48
95 68
75 90
98 21
84 9
20 43
49 12
35 8
51 49
98 38
65 59
1 69
1 6
51 88
99 10
42 100
86 75
21 38
17 48
81 77
73 1
69 46
56 88
77 4
53 70
24 43
92 96
5 58
75 52
72 84
71 83
23 71
67 83
42 87
74 27
37 57
37 62
18 19
41 8
12 17
69 71
23 91
6 18
73 95
57 64
17 98
94 11
57 13
29 64
32 33
64 90
68 54
50 41
25 54
44 53
10 97
26 35
18 70
67 1
99 28
74 17
58 30
60 58
57 30
31 44
85 86
67 96
87 24
14 42
70 28
93 3
38 3
18 16
2 33
21 42
84 36
82 60
28 4
5 95
78 50
5 80
65 41
57 50
65 85
12 71
56 41
68 59
92 63
6 8
60 86
27 31
78 92
40 87
62 20
100 94
50 1
74 5
34 51
20 53
32 75
24 30
23 83
61 73
48 49
88 74
15 35
62 58
48 45
67 41
41 64
50 54
63 94
78 37
9 95
11 78
62 56
57 4
89 63
93 22
68 30
14 63
54 82
28 54
40 67
3 81
8 36
89 29
84 73
31 64
89 24
80 52
90 48
13 7
51 84
4 31
43 93
81 84
63 75
14 94
21 94
51 54
62 40
4 24
29 19
59 70
84 32
58 59
3 77
55 43
84 1
10 75
97 100
48 80
79 36
14 45
17 37
14 97
58 2
38 5
64 21
8 69
35 42
85 2
71 82
5 59
39 58
58 38
70 100
10 100
95 24
55 44
60 7
25 27
47 96
18 65
77 39
36 2
19 30
82 18
54 70
47 62
49 36
1 22
92 85
98 60
58 98
31 41
3 53
83 34
90 70
17 69
21 93
28 76
46 100
29 1
98 94
82 64
21 15
55 67
78 46
56 26
46 42
40 94
3 50
76 97
65 33
24 68
4 75
54 97
73 100
85 26
73 43
65 83
47 66
89 88
2 44
90 8
45 55
42 13
42 68
58 37
22 89
22 23
65 43
46 81
56 7
50 52
26 72
17 73
94 39
37 4
12 56
8 84
35 38
25 84
29 67
90 94
96 69
23 100
20 35
14 47
34 97
55 7
59 98
95 36
54 4
38 65
7 52
41 93
52 16
61 18
72 39
25 63
24 82
31 22
36 22
31 6
16 98
70 29
83 5
1 5
85 56
54 5
56 38
60 40
56 20
73 29
46 64
2 87
13 83
74 71
96 53
39 10
19 88
94 23
12 66
70 37
77 42
81 82
23 46
76 74
84 99
50 38
40 91
43 33
82 46
42 27
30 78
75 53
82 22
62 7
39 36
76 82
77 49
94 10
28 72
52 97
14 40
84 34
55 90
63 8
77 100
54 39
1 78
68 35
72 4
71 81
80 62
27 100
19 90
20 45
56 24
6 50
14 21
73 5
8 26
77 14
38 80
9 38
63 40
21 27
15 65
48 2
89 47
84 75
61 65
75 33
94 76
26 55
46 12
7 45
99 87
32 86
16 86
87 57
27 34
80 37
55 9
72 71
36 46
14 8
65 12
55 28
61 81
60 12
92 73
28 15
98 75
88 99
81 58
48 84
98 56
83 40
70 9
61 78
6 62
14 79
10 85
65 94
23 35
98 81
59 10
59 21
7 90
34 90
100 50
23 37
34 81
13 99
53 72
81 18
44 96
70 86
33 5
54 6
28 48
92 59
44 12
61 30
73 82
90 15
34 39
41 70
11 46
82 27
2 71
64 74
16 88
100 86
4 71
26 98
93 98
87 7
82 37
82 16
99 3
89 11
93 1
97 65
91 62
35 1
63 30
39 27
56 95
59 55
82 92
4 9
79 68
70 96
84 58
26 28
92 56
67 9
31 10
47 65
70 45
76 54
66 98
77 24
25 41
48 63
13 41
66 99
76 42
32 89
27 60
46 22
22 38
50 10
37 35
42 47
78 64
2 37
11 82
11 57
79 72
38 7
66 82
2 46
98 9
18 55
31 50
81 92
21 96
37 44
62 42
15 10
30 47
84 30
47 95
90 72
97 93
72 58
87 43
49 80
22 44
74 61
95 54
29 66
70 67
92 3
93 10
71 52
90 85
60 49
31 100
40 9
41 98
82 2
22 12
94 87
84 10
34 68
48 64
12 57
15 46
10 16
90 65
38 2
35 67
53 17
26 13
91 49
45 9
96 15
64 37
76 65
8 27
65 21
42 22
19 34
98 47
48 38
80 4
15 51
70 13
52 4
10 67
67 27
14 57
7 73
19 35
3 61
84 89
12 40
32 34
23 72
3 88
26 24
48 53
16 94
53 71
62 70
69 100
72 29
26 57
100 52
65 66
55 76
10 4
95 46
26 19
82 68
58 49
43 74
31 99
75 35
93 44
77 88
39 56
49 31
15 52
93 84
100 55
87 19
37 90
3 51
17 15
25 86
88 27
8 37
43 97
5 72
91 90
100 38
99 35
19 80
96 52
98 12
52 61
82 63
4 41
67 21
81 96
22 68
60 3
86 1
91 7
50 35
32 70
1 89
7 9
99 90
95 39
31 84
77 59
78 31
77 23
60 64
65 80
51 55
54 90
95 2
31 83
28 3
88 46
43 36
24 10
25 83
84 33
73 46
63 87
26 23
28 66
28 77
95 14
21 53
76 90
87 85
94 73
91 80
84 83
32 47
1 43
83 44
99 93
26 100
11 20
85 82
69 49
79 8
58 55
61 36
22 33
75 50
100 41
99 5
88 50
66 4
23 55
29 93
85 23
55 30
35 34
31 69
89 70
6 7
41 38
77 57
59 6
55 73
71 95
86 39
28 58
77 41
63 71
95 43
17 76
11 90
38 66
33 36
68 90
20 92
88 1
21 3
86 51
18 24
6 74
66 61
42 79
93 40
64 18
80 100
41 94
37 30
61 27
47 2
70 69
100 96
64 55
6 79
98 89
47 75
75 40
42 90
90 100
20 97
50 56
90 74
75 58
31 92
63 72
64 27
89 45
91 20
12 83
71 79
12 29
97 89
9 57
84 49
11 39
48 75
77 76
63 51
96 46
94 29
5 4
33 25
6 52
93 42
29 86
85 31
6 92
99 53
74 86
77 61
74 26
29 33
56 91
85 91
13 11
25 15
14 64
88 21
28 89
43 45
39 22
49 46
66 5
32 69
73 3
18 10
12 77
4 40
67 50
96 42
80 53
54 60
39 81
13 8
96 14
1 19
30 39
81 90
68 8
76 75
78 60
71 49
13 62
20 79
63 31
95 74
76 67
24 84
87 47
97 3
91 27
8 93
90 51
30 31
3 83
79 26
45 33
45 10
21 32
31 73
93 82
35 71
27 58
66 67
13 32
56 61
35 25
75 83
36 31
7 44
82 4
63 67
72 8
99 32
54 69
82 20
16 38
27 3
98 52
92 47
46 61
74 48
80 82
53 18
39 53
6 51
60 25
14 91
18 90
58 32
28 100
71 51
65 1
73 74
52 20
81 74
26 78
63 45
20 59
21 41
3 29
85 14
49 57
80 83
11 98
33 15
96 3
96 13
95 26
74 35
20 24
51 65
49 56
22 28
27 59
40 61
36 67
50 64
76 52
44 73
59 56
37 15
24 21
73 21
51 75
35 55
43 94
97 51
8 88
6 30
96 45
27 90
15 40
42 81
43 89
28 74
67 47
37 85
16 49
40 48
61 72
78 86
63 36
74 56
84 92
34 95
97 30
10 72
50 95
28 34
3 86
11 75
35 10
63 84
51 20
14 54
31 57
98 86
61 31
44 43
32 60
58 96
8 52
20 17
94 34
6 55
9 42
2 75
90 92
68 53
76 13
57 20
50 33
37 40
25 16
95 75
29 55
68 7
77 44
91 13
14 87
5 89
70 2
85 29
86 22
79 1
72 17
57 69
60 89
69 73
53 12
85 35
87 46
44 16
32 26
86 94
88 29
7 83
6 33
75 99
50 62
9 37
91 97
5 94
87 66
83 97
71 28
93 2
97 62
66 89
39 67
