86 9 53
960 191 771 535 856 215 988 329 775
924 421 534 701 491 409 324 569 179
834 503 645 422 418 847 382 16 760
899 448 184 654 133 747 827 110 211
662 931 589 562 405 583 850 643 3
948 449 403 0 413 928 597 254 670
152 350 83 107 24 974 796 786 347
667 817 533 898 116 23 410 447 552
36 258 427 921 288 616 324 601 850
10 778 480 141 542 663 248 6 670
176 573 257 33 475 900 334 992 549
500 998 739 38 286 451 23 379 318
13 364 650 438 734 948 386 870 481
409 407 35 371 111 18 876 58 828
494 15 733 606 929 784 610 17 106
755 932 481 458 611 24 43 864 473
515 710 214 779 527 137 818 230 213
493 629 716 152 565 269 138 194 21
432 717 47 143 516 7 322 217 161
965 560 196 384 479 871 388 198 562
663 247 19 481 660 15 935 480 762
527 572 854 966 491 669 385 567 68
434 421 17 281 981 235 284 482 682
211 724 935 569 496 393 501 54 966
785 875 233 479 898 111 205 907 785
916 618 282 372 559 111 341 413 893
268 675 430 410 940 206 699 71 516
151 98 552 240 23 282 503 842 814
327 503 807 75 506 561 37 527 380
118 439 740 137 571 93 681 582 613
223 533 255 424 901 192 710 957 33
223 234 992 464 535 395 277 229 525
112 454 875 609 487 668 79 610 470
314 294 591 165 459 734 86 245 878
157 441 890 872 453 690 181 675 514
317 15 159 239 903 581 619 397 474
532 513 77 768 689 479 997 47 506
170 96 659 574 386 302 601 343 952
946 88 863 623 741 112 920 57 932
987 69 848 199 416 864 41 511 447
957 154 3 474 14 357 807 870 278
366 303 741 297 157 595 847 842 606
307 533 282 192 60 589 568 723 59
448 871 15 468 465 941 24 915 37
625 668 143 151 289 997 502 108 740
196 964 325 52 332 452 131 518 741
428 897 284 453 63 210 811 138 56
893 990 214 533 138 977 968 355 499
131 568 588 478 488 128 769 506 985
402 966 680 835 813 686 846 365 134
9 958 89 539 156 348 536 472 302
253 511 303 294 791 632 957 765 272
750 289 987 580 222 223 777 469 166
118 56 99 769 732 746 14 777 655
703 745 412 2 438 843 447 760 667
279 383 11 992 264 0 647 125 978
502 589 651 462 702 222 877 528 224
811 965 935 780 802 547 495 515 808
593 698 276 260 146 420 212 51 29
447 374 364 762 716 706 11 939 488
973 378 279 776 101 308 995 343 469
38 680 721 453 434 642 392 395 258
572 514 755 964 894 783 323 622 314
811 44 721 649 327 641 916 718 686
415 579 789 820 706 531 692 539 145
324 250 957 209 133 345 498 298 127
925 168 45 897 750 900 921 998 283
586 354 380 969 203 818 939 55 364
537 164 863 793 929 326 319 801 437
556 807 712 708 285 557 223 131 232
646 294 90 630 515 133 605 790 406
759 947 256 456 623 479 965 226 410
221 427 585 286 865 601 293 903 344
56 552 828 29 997 47 304 74 495
910 130 51 273 579 968 609 311 790
727 839 449 781 626 305 724 485 315
410 548 755 687 146 886 510 557 533
535 633 200 432 582 135 495 792 591
61 3 868 168 433 516 424 290 312
972 737 425 202 29 51 89 72 61
744 949 200 549 562 573 266 925 136
481 989 278 682 288 337 823 691 123
48 382 59 327 104 885 872 796 20
501 114 170 68 372 842 816 31 37
730 790 908 50 900 128 773 420 460
945 81 294 79 386 505 125 493 127
228 944 162 72 36 471 181 402 636 379 288 178 722 563 621 604 323 609 38 349 963 539 940 662 171 759 221 557 998 705 929 822 572 116 322 115 726 412 154 47 806 643 592 975 637 924 692 985 992 931 230 687 661
984 327 895 473 928 70 376 807 666 237 824 17 191 147 129 287 604 836 19 882 506 124 999 796 363 192 559 889 805 0 313 3 890 189 79 159 7 775 100 771 855 927 439 575 398 764 721 103 618 845 477 910 162
359 601 660 215 952 864 44 381 883 509 352 428 970 115 650 239 266 378 354 274 812 11 203 966 51 196 66 40 388 171 779 697 435 759 694 784 270 837 197 987 511 959 520 879 369 677 820 777 731 461 460 928 735
744 220 528 956 141 427 579 531 831 771 815 529 602 938 891 478 892 865 163 604 728 504 199 230 917 526 156 847 523 892 952 505 766 236 142 743 812 49 96 872 203 201 750 150 962 52 333 860 287 14 720 694 295
370 226 554 280 436 855 636 736 381 692 561 67 697 224 244 469 55 67 676 246 313 196 895 489 501 936 982 699 555 349 614 518 578 974 695 44 682 765 767 277 371 921 23 221 246 609 650 249 747 526 192 60 678
609 603 454 440 108 357 681 325 358 76 163 490 856 999 709 473 83 523 141 737 962 285 295 917 747 262 687 314 646 495 503 749 473 389 721 257 62 906 244 529 666 53 458 807 385 375 375 615 330 697 174 247 96
641 358 665 448 832 37 242 596 766 671 999 659 177 227 503 370 341 270 339 41 115 256 299 527 724 632 537 634 243 649 810 101 173 629 462 191 512 660 247 690 331 105 374 290 673 155 195 137 997 850 719 371 917
606 363 490 416 826 1 388 806 149 108 313 950 923 400 996 969 226 453 845 155 640 715 329 563 227 243 943 783 223 299 71 236 442 994 467 215 566 908 741 478 279 69 901 981 591 729 685 380 960 738 368 241 853
487 798 780 616 594 198 826 812 428 652 81 233 536 483 570 347 88 337 674 319 732 665 733 992 120 23 474 484 194 908 234 680 647 310 636 90 368 348 487 289 724 397 350 37 595 571 946 480 956 159 416 620 890
