99 100 37
962 482 769 520 987 365 351 724 952 428 681 570 908 224 145 913 939 284 889 258 121 619 68 869 53 136 24 826 121 716 612 887 356 257 805 957 235 448 779 65 45 690 354 176 264 702 556 661 848 748 616 40 939 810 491 176 992 258 849 754 289 548 20 155 657 289 863 559 960 490 325 552 24 193 831 903 838 559 925 984 773 972 961 318 775 840 88 413 120 156 729 818 795 415 532 727 132 132 807 953
172 774 516 894 323 437 441 412 420 357 500 882 742 330 483 170 923 81 144 75 925 613 836 332 524 612 388 263 910 342 491 653 876 883 354 332 194 947 94 26 406 921 558 44 317 949 977 620 570 821 571 745 817 633 859 453 45 346 978 37 750 288 200 553 337 32 15 670 91 284 678 378 92 768 874 652 791 216 51 715 1000 24 367 653 137 657 274 730 940 233 364 520 648 379 316 350 568 618 972 213
902 314 113 502 387 135 877 160 982 169 563 527 191 471 922 32 839 305 528 523 147 722 522 708 140 474 383 486 163 956 59 265 448 114 532 867 891 307 601 997 842 334 857 526 775 949 726 81 519 528 645 933 980 385 432 702 193 299 175 952 410 824 365 307 962 611 986 38 412 700 18 606 560 955 721 45 534 202 609 79 128 415 932 49 769 674 818 700 346 297 472 201 413 742 961 879 320 656 253 991
376 517 388 940 383 991 196 476 195 560 825 659 338 953 738 477 176 986 379 995 47 461 326 363 619 167 633 157 308 734 685 330 735 760 55 604 98 831 756 993 16 504 787 303 693 358 945 848 966 280 211 339 388 27 829 703 109 358 791 233 998 544 982 621 998 198 514 550 234 391 733 988 74 15 528 466 264 866 336 939 813 182 72 159 243 711 76 432 91 40 608 122 626 952 659 254 345 100 338 93
948 267 197 581 974 146 640 593 223 209 269 360 301 171 462 428 404 136 370 555 72 114 151 783 975 486 662 605 809 987 687 247 348 971 510 557 193 767 679 293 310 882 279 302 902 123 266 692 433 612 96 390 948 660 836 636 36 630 909 959 129 848 190 455 204 633 529 514 614 141 855 483 108 398 707 528 929 572 810 531 782 828 85 534 428 233 347 800 467 612 22 877 698 870 497 652 922 319 993 737
89 820 194 539 379 627 487 147 306 4 620 446 468 259 368 845 879 364 986 1 803 604 553 715 662 392 739 749 339 772 486 75 446 474 568 664 826 179 66 902 353 244 445 696 15 8 387 92 585 304 840 75 164 626 796 962 256 685 673 462 728 492 589 85 450 444 877 359 925 620 28 697 379 924 332 458 266 844 333 353 227 261 500 834 521 908 197 456 674 114 942 11 908 210 376 106 555 367 91 130
152 273 36 874 62 986 478 364 204 361 25 241 718 293 659 290 690 550 200 279 589 262 436 852 215 714 279 997 518 730 471 705 800 595 240 289 984 343 541 203 613 163 275 153 744 566 89 640 16 404 228 576 998 653 672 707 802 342 401 467 970 312 942 670 245 608 771 899 413 230 589 469 835 416 310 659 15 621 780 997 523 350 845 716 125 138 492 324 574 347 247 805 851 924 549 717 424 995 515 14
698 751 775 79 160 715 554 228 901 887 162 214 321 836 298 600 538 304 834 17 717 822 67 600 217 697 199 858 465 940 827 921 342 209 338 542 548 738 91 82 135 16 575 831 876 34 283 980 359 345 293 576 851 334 599 997 296 197 929 608 869 851 310 720 958 654 361 755 742 1000 716 330 982 681 344 474 278 721 759 585 950 555 115 991 263 204 532 628 295 867 700 952 555 742 620 191 596 643 904 409
352 621 442 11 96 633 376 780 675 179 963 144 27 116 216 814 119 166 568 177 317 290 885 287 104 745 129 954 720 267 527 972 834 685 328 726 721 426 672 353 890 622 877 464 930 921 329 951 434 523 968 924 158 257 726 598 602 367 649 186 885 251 653 740 876 519 946 246 688 511 195 704 731 531 421 922 356 562 154 857 74 57 838 213 918 34 901 869 580 155 838 337 108 290 589 881 872 435 542 144
124 279 333 626 48 518 141 647 518 854 742 902 273 876 374 553 92 102 20 736 373 95 72 55 465 969 402 831 334 104 430 393 175 72 751 980 189 136 823 889 173 533 57 592 998 334 355 470 850 144 382 934 713 610 749 816 581 373 648 363 484 230 276 147 953 734 533 509 706 467 448 336 490 327 36 437 435 734 892 843 191 878 613 249 191 410 839 563 819 535 756 944 602 568 660 11 635 700 153 986
774 624 561 294 981 175 975 593 185 777 22 881 889 347 372 386 392 918 269 347 971 905 164 609 473 259 756 459 196 469 949 224 262 328 660 693 186 598 376 199 478 632 328 379 508 581 846 321 374 836 634 788 590 85 211 648 385 11 715 632 545 808 412 16 473 731 129 119 784 588 43 935 654 959 74 173 290 96 570 874 748 129 929 783 451 199 852 464 745 168 810 457 584 258 585 952 860 420 696 38
366 554 627 339 844 407 173 191 468 403 70 674 162 857 630 938 703 461 109 271 164 438 95 335 548 854 571 190 517 487 944 920 454 479 22 56 307 789 328 898 957 465 500 663 720 505 650 409 11 12 958 531 82 953 647 954 458 988 404 663 297 953 24 382 547 367 670 646 402 804 821 454 232 828 792 862 980 731 279 541 474 666 301 690 516 877 613 857 558 71 932 730 633 291 321 942 648 0 920 50
788 821 772 875 326 959 380 205 37 299 419 817 764 347 274 160 984 979 427 720 679 639 597 675 932 385 195 523 882 661 230 693 395 439 483 863 170 227 764 795 149 303 410 365 458 246 945 908 793 506 524 493 905 392 499 890 500 968 942 745 658 811 4 702 157 675 29 306 745 288 604 601 971 974 833 82 615 262 329 342 872 409 395 58 418 13 713 641 971 788 336 592 754 326 338 879 444 113 515 690
403 828 523 542 410 958 866 742 534 591 441 317 928 856 182 357 308 67 474 298 454 690 782 245 928 984 717 431 978 388 73 414 541 481 574 433 65 914 49 537 570 905 541 79 286 432 892 357 805 263 679 327 972 591 243 589 222 308 309 613 408 305 620 37 423 730 110 46 827 535 193 24 236 905 767 509 135 160 34 695 209 222 951 257 530 871 631 835 33 304 445 208 419 885 11 362 194 187 976 245
750 728 559 114 865 278 280 527 155 903 634 926 554 622 866 969 544 4 545 436 2 467 79 739 380 923 45 71 471 886 61 22 316 532 38 523 346 703 642 489 715 437 874 750 740 833 821 544 250 908 33 761 705 12 730 515 472 101 430 523 46 0 372 309 43 876 47 449 385 523 879 393 790 793 596 498 492 972 21 766 187 189 79 233 717 196 363 455 163 279 650 69 627 939 412 648 958 801 339 704
435 245 554 172 782 702 406 351 312 779 191 232 120 295 819 737 94 936 77 726 358 114 791 878 360 329 190 935 628 690 406 781 185 320 471 969 564 740 776 344 879 399 155 190 266 821 752 891 577 316 477 791 496 339 762 70 605 855 327 151 237 326 908 777 102 941 137 336 100 708 833 308 849 542 322 587 822 791 179 159 408 808 963 440 584 652 882 473 630 58 926 381 399 867 473 582 80 998 558 250
304 210 20 562 707 426 610 281 484 200 252 401 31 688 54 29 284 414 194 104 738 393 808 427 605 95 508 911 876 775 636 349 999 832 528 123 504 460 57 841 413 830 900 882 981 732 368 761 826 369 307 230 539 301 35 29 236 440 860 474 404 82 438 299 164 609 90 261 739 979 337 778 533 794 731 84 536 592 357 828 611 61 850 510 102 713 795 309 276 112 80 111 325 907 304 677 510 226 679 154
520 94 984 539 172 168 61 556 264 525 563 30 648 326 180 864 950 39 204 631 63 278 959 281 52 534 609 110 607 581 297 778 700 738 107 738 972 300 886 510 86 31 889 64 960 279 900 3 55 427 714 604 131 525 801 419 861 148 516 340 350 462 921 858 813 415 348 812 668 849 978 847 748 549 190 211 642 469 288 205 955 525 615 628 590 453 363 319 832 662 486 58 646 40 484 701 505 832 726 792
923 456 543 221 173 440 974 121 998 738 605 523 15 433 916 24 931 88 265 881 83 833 791 936 968 507 749 834 552 458 96 908 184 314 412 862 97 416 197 376 42 783 639 2 339 102 61 389 473 116 552 270 676 856 918 302 662 694 726 731 810 671 467 222 142 304 892 881 831 884 660 604 294 533 495 337 427 704 738 859 820 754 53 504 58 519 689 351 375 673 166 457 922 185 534 557 129 464 836 459
350 593 967 645 523 19 160 451 883 871 808 25 30 696 166 529 531 137 643 574 839 210 915 47 826 292 497 984 610 738 455 902 923 581 661 105 172 241 118 482 327 524 743 905 12 117 795 672 895 854 68 316 429 74 850 928 971 501 562 629 864 317 118 565 743 291 775 36 999 276 198 522 110 585 22 372 120 910 770 919 457 212 51 24 0 461 314 757 790 255 171 766 296 173 452 84 437 73 962 822
416 116 984 349 894 674 156 179 971 288 265 671 798 208 197 570 726 78 333 772 789 426 733 65 303 593 358 215 729 426 997 814 814 868 166 388 820 882 440 637 882 659 155 998 75 228 835 147 699 996 596 907 34 377 716 847 785 85 579 49 984 839 668 380 447 665 531 550 497 644 935 695 501 678 121 490 610 544 685 399 553 42 490 618 544 248 294 782 214 127 787 512 122 23 244 446 152 124 639 886
827 916 28 291 937 968 862 767 888 820 655 53 43 383 450 288 346 952 650 583 387 251 371 461 568 862 710 297 122 344 351 732 695 519 206 921 704 716 986 344 663 244 36 768 415 914 862 318 835 818 795 209 960 679 652 114 7 161 782 110 989 50 983 16 828 996 531 968 692 124 585 16 422 699 107 209 662 164 570 801 501 796 441 904 342 994 207 1000 194 412 603 267 471 413 157 367 537 189 573 27
231 94 975 451 231 305 772 342 295 641 294 27 136 157 64 731 785 434 112 480 218 309 855 739 933 65 840 377 575 320 379 985 230 840 290 263 240 161 438 990 295 39 854 188 776 832 891 719 140 980 75 627 373 888 283 140 346 370 221 645 665 212 59 777 273 288 61 6 190 672 561 532 655 816 987 989 285 396 491 143 895 936 435 369 889 481 754 915 350 502 428 963 272 976 56 400 73 151 479 883
793 527 931 487 479 967 795 504 675 166 645 828 635 448 325 950 36 615 251 767 409 16 708 450 489 998 181 318 616 302 777 730 655 205 160 475 756 917 543 401 771 165 559 713 382 277 255 220 48 298 607 631 548 956 606 480 956 269 743 955 907 587 602 97 619 602 99 360 274 141 928 459 12 140 866 512 575 904 988 644 830 820 20 252 81 355 275 338 14 642 606 251 689 231 12 393 443 569 841 402
972 497 327 54 663 51 717 618 40 544 529 597 265 394 592 85 564 69 737 152 810 668 657 42 205 302 485 376 998 160 274 760 617 907 943 177 465 364 528 219 644 864 518 973 449 776 415 253 4 906 961 625 459 668 690 880 909 590 627 989 560 639 732 363 330 430 381 253 312 431 350 54 832 717 609 415 713 148 597 571 873 142 397 650 47 423 750 916 295 509 470 720 529 789 551 146 231 529 811 835
386 72 694 6 893 692 120 326 402 800 856 583 279 959 313 592 944 945 593 991 854 392 376 804 925 202 755 79 121 604 301 977 828 260 938 302 718 658 980 948 961 722 794 246 798 387 799 562 747 426 511 896 679 249 52 523 97 868 444 557 929 456 576 512 474 843 936 477 884 754 785 356 125 310 613 86 340 157 375 118 673 729 170 522 599 102 991 390 771 451 622 245 832 877 18 522 985 499 957 533
317 206 880 736 887 300 969 374 888 252 772 549 792 15 308 286 579 205 264 414 240 345 483 326 35 214 204 257 558 475 977 760 622 746 265 830 216 352 402 77 679 258 446 364 558 790 222 185 307 132 180 546 402 281 586 285 923 92 552 632 280 770 399 277 240 854 838 953 445 67 754 558 80 665 118 116 652 893 542 582 211 941 117 528 365 4 843 125 385 837 486 775 784 468 992 128 407 671 920 908
646 681 180 462 171 887 922 125 549 47 499 928 691 96 565 486 318 987 8 617 467 985 242 207 590 867 480 204 849 453 306 324 951 554 521 427 778 665 140 46 631 915 892 147 502 288 295 448 342 750 137 912 743 723 742 954 25 666 816 511 657 504 645 256 336 148 524 902 12 651 43 994 843 988 998 935 732 346 174 125 368 560 181 35 309 725 404 488 825 167 216 384 165 292 792 587 279 598 801 432
488 567 210 457 103 214 873 107 945 398 74 253 226 906 136 428 728 156 109 688 531 554 573 17 921 850 170 609 350 849 865 137 687 339 984 385 937 871 551 621 987 687 143 61 480 386 988 936 838 898 833 525 220 184 337 886 673 455 770 309 40 100 670 723 325 338 694 814 676 340 146 341 490 305 392 256 708 981 343 684 887 392 761 658 135 91 723 954 816 25 843 508 229 458 710 903 403 776 463 174
10 394 505 258 356 275 184 959 959 659 160 981 797 16 661 760 367 353 503 289 721 720 355 799 536 679 64 329 144 207 67 287 376 871 142 402 159 427 807 2 808 549 328 978 665 489 620 8 364 737 996 531 486 867 526 678 581 398 422 75 930 315 440 788 779 476 754 477 962 71 211 319 288 264 78 315 686 912 906 873 244 200 126 508 806 642 342 679 196 525 228 336 302 949 538 628 319 800 593 911
928 903 863 260 737 762 14 699 900 293 97 704 939 870 398 551 682 44 2 567 454 564 446 690 117 406 457 415 204 373 941 173 299 124 429 192 590 995 677 569 66 910 223 132 295 926 449 874 489 662 637 278 758 745 553 814 546 344 891 761 491 14 132 836 24 475 116 580 118 97 884 905 938 105 728 622 486 462 316 93 56 207 230 462 587 339 433 875 926 504 360 82 88 89 78 784 562 256 448 88
52 811 219 818 717 568 779 765 854 906 984 413 546 494 605 631 22 223 631 780 857 450 84 311 857 791 256 114 921 498 923 14 658 264 234 684 112 901 905 108 285 967 766 684 862 256 591 81 380 458 552 549 920 789 948 416 774 611 136 915 716 48 362 27 913 450 108 992 628 967 948 420 75 168 41 334 122 853 633 74 532 596 261 375 751 981 413 319 343 175 113 551 559 763 438 388 22 347 336 252
214 453 879 209 47 526 878 663 58 733 35 505 444 216 740 266 781 621 567 969 65 13 570 345 304 995 350 528 158 973 999 72 508 167 238 696 669 413 390 845 298 235 397 322 123 439 271 501 768 276 648 431 526 162 150 254 267 665 361 583 785 331 11 581 90 898 109 705 47 188 319 28 765 81 115 454 691 168 350 620 607 514 572 652 729 900 343 113 781 261 385 8 127 395 574 611 912 27 9 556
863 567 319 919 879 667 186 584 524 562 952 696 107 967 466 985 626 499 720 900 9 931 940 653 476 370 558 905 63 870 790 980 83 681 516 52 85 501 47 783 137 433 227 937 215 347 856 528 809 882 777 970 873 902 109 365 29 639 313 465 287 794 827 287 872 40 941 354 13 495 648 36 917 57 569 420 585 27 454 671 539 324 676 972 742 574 914 407 56 820 318 704 957 162 323 970 939 342 175 700
821 296 539 694 202 523 798 639 568 51 867 325 998 651 461 51 967 215 519 987 451 485 162 165 910 100 557 163 304 559 287 231 35 385 318 816 251 968 85 551 444 927 700 997 585 643 757 162 337 255 569 405 152 96 667 841 107 621 608 502 72 656 396 583 639 181 684 187 248 923 841 552 233 0 441 515 331 275 400 231 168 56 29 643 894 362 296 821 639 998 714 750 576 509 279 147 121 163 604 481
106 669 827 389 274 959 40 92 832 137 218 202 596 422 104 364 978 717 252 284 739 650 237 920 548 779 937 645 642 568 923 493 447 669 611 501 208 761 221 577 708 42 847 277 552 43 377 911 416 871 413 696 608 251 224 62 987 482 438 247 808 13 419 189 975 206 539 34 587 835 346 71 771 363 60 16 209 94 818 402 926 839 455 891 777 773 359 436 556 265 465 309 383 711 832 211 666 699 212 131
888 605 695 980 575 503 831 709 704 749 376 438 38 911 342 26 407 97 613 544 296 330 403 519 327 172 602 649 13 682 715 371 214 593 273 546 727 613 560 103 869 906 442 609 39 107 220 217 599 1 153 254 945 278 738 87 646 751 829 965 203 536 319 454 975 716 743 686 205 185 827 446 437 388 635 776 460 383 679 292 255 48 156 678 190 506 267 697 16 750 485 262 289 812 111 347 103 735 20 450
91 369 746 666 464 327 336 86 858 27 688 877 371 821 528 219 103 276 649 934 66 273 180 433 324 909 924 944 201 650 462 998 507 343 796 283 257 223 166 138 689 829 467 955 526 897 877 103 271 607 471 580 648 422 829 49 886 990 195 74 853 521 750 291 282 968 459 546 205 805 248 274 543 81 479 904 692 254 140 387 321 547 527 392 347 594 63 719 781 825 291 683 975 80 660 68 594 775 583 651
616 805 429 404 815 890 371 76 562 681 446 64 960 629 124 30 326 577 253 622 690 680 611 334 250 850 402 558 139 18 868 682 997 771 409 185 402 35 443 134 615 685 262 210 737 528 359 273 697 92 268 984 969 99 914 685 334 252 687 909 155 870 478 953 34 152 846 874 746 520 576 584 611 997 820 212 620 580 509 896 228 652 97 102 547 192 192 121 3 863 74 528 484 748 166 215 355 240 108 25
234 394 123 163 19 175 422 182 654 657 589 441 779 543 948 967 562 117 418 634 12 823 452 343 765 558 475 542 858 649 403 458 310 331 445 781 456 498 419 267 853 248 846 910 153 592 498 952 498 512 804 171 629 347 646 339 233 110 84 456 844 253 428 301 394 305 96 977 325 765 124 780 254 442 271 370 568 580 921 289 253 867 908 606 444 520 859 202 238 547 130 522 306 121 957 880 173 977 483 403
629 403 509 258 891 13 398 588 995 538 271 121 709 790 877 759 196 225 779 708 179 126 529 516 202 870 713 265 514 739 93 458 681 318 288 336 388 134 800 829 133 169 287 427 666 782 205 541 950 102 417 352 527 893 813 151 47 93 261 321 708 26 902 350 8 291 446 93 335 928 531 661 10 48 255 987 887 432 197 622 477 928 833 633 993 443 904 563 725 85 723 235 114 437 895 65 648 350 916 148
105 734 231 279 341 181 492 59 74 1000 257 229 361 538 784 646 483 668 328 502 682 999 0 90 469 930 212 357 945 940 469 859 136 552 154 864 789 315 654 743 326 24 363 810 347 964 205 75 727 669 574 894 981 700 122 269 663 855 111 578 849 712 110 527 92 636 70 961 406 817 432 29 709 911 863 531 768 148 888 743 587 180 472 954 4 576 563 902 291 57 64 137 2 641 151 377 153 17 864 402
670 93 151 243 337 415 982 588 8 903 133 551 283 195 17 181 825 814 920 138 277 794 915 640 778 132 111 952 664 845 482 419 662 152 480 597 904 744 786 560 447 845 340 123 475 186 194 553 346 180 509 510 381 543 799 361 489 593 356 524 728 224 515 274 395 706 890 962 505 274 626 896 583 728 387 855 821 773 938 150 312 395 710 552 640 107 28 425 470 515 786 999 19 738 822 464 739 196 178 241
575 598 998 996 4 204 799 587 883 901 523 646 73 641 124 144 916 632 894 688 84 85 292 20 553 300 772 928 951 855 626 191 387 147 26 548 678 90 379 41 214 746 983 769 609 881 703 832 51 245 308 749 129 861 49 164 634 839 282 132 242 238 13 937 865 52 24 381 219 795 163 587 385 352 537 379 480 422 625 996 918 450 940 653 549 47 356 162 313 779 329 68 851 548 601 430 603 679 853 326
94 265 443 664 743 945 721 705 736 848 543 78 941 134 765 602 280 192 961 65 266 783 26 837 970 768 87 379 444 27 264 517 477 96 370 139 419 902 778 259 702 620 419 974 715 193 660 917 556 418 270 786 221 406 947 571 49 755 4 285 534 108 215 311 512 147 405 420 428 322 167 446 554 20 739 182 755 332 781 387 838 805 915 507 335 251 408 421 613 497 879 473 132 981 546 258 989 844 839 677
926 167 271 107 175 873 797 626 841 847 404 634 321 707 463 523 598 151 392 191 515 968 424 39 487 306 739 593 911 42 329 896 126 378 205 493 639 26 355 696 536 839 753 766 989 312 863 930 926 317 667 120 719 921 329 869 166 340 554 749 727 474 156 387 721 434 592 25 679 138 312 803 828 579 586 591 643 205 909 250 443 473 517 403 599 487 895 492 392 222 22 33 464 357 399 269 550 579 178 473
756 305 265 842 924 298 102 685 945 101 367 447 186 1 170 102 158 442 621 56 467 125 287 750 616 493 479 15 963 321 437 790 726 537 288 373 763 864 995 4 303 618 770 796 438 255 409 822 510 757 762 85 566 966 154 928 813 603 553 63 354 917 907 424 847 415 783 592 347 549 56 180 474 587 902 974 104 213 547 223 351 686 361 332 59 879 323 49 492 125 698 672 480 762 445 168 890 502 40 857
155 858 930 374 137 482 940 652 870 863 260 814 315 141 179 555 6 421 681 5 103 738 950 589 522 817 563 51 840 218 35 219 763 764 858 920 76 889 955 810 542 427 244 33 399 817 487 988 387 747 174 335 336 546 955 843 677 668 892 514 775 261 270 700 839 575 783 508 371 935 105 224 357 746 339 117 528 16 593 184 521 936 89 139 489 866 342 827 521 328 338 874 452 295 280 141 400 527 525 43
650 920 459 146 163 17 562 475 499 725 761 465 635 198 457 174 592 497 200 642 340 520 924 432 50 818 298 847 698 563 473 348 745 98 75 117 893 277 387 103 422 531 676 723 239 538 865 28 879 744 961 701 345 813 70 381 584 421 860 578 809 512 329 773 623 978 918 868 916 390 165 396 748 590 588 715 191 924 759 180 992 98 298 583 982 49 110 414 69 27 364 793 598 750 878 555 433 886 162 667
339 511 51 905 833 482 666 609 145 259 441 823 81 321 176 735 632 13 370 568 281 782 716 742 595 375 110 170 141 778 165 555 263 146 137 817 402 655 83 119 415 615 208 645 869 243 983 428 504 864 615 68 994 931 634 713 518 229 416 338 130 900 816 527 961 894 312 757 858 246 445 268 580 3 168 134 642 332 770 283 690 690 655 28 857 152 978 898 628 291 763 869 197 65 928 186 78 105 198 330
466 715 116 729 736 9 117 967 40 978 714 192 577 353 774 261 678 225 178 452 285 471 161 922 752 119 973 772 586 15 355 325 670 694 794 82 23 527 440 552 934 25 53 457 334 19 883 104 315 924 785 731 252 278 362 954 287 394 206 884 406 963 825 111 555 883 836 269 89 655 34 501 267 415 451 649 107 533 993 460 550 397 39 93 779 286 710 733 669 422 382 926 167 555 553 550 853 892 976 699
707 362 278 781 96 699 518 547 863 200 960 400 857 464 852 913 694 854 698 856 797 306 278 528 38 690 369 285 526 257 545 645 667 947 868 558 473 265 994 183 26 291 952 592 806 143 842 843 44 423 736 45 155 893 608 234 14 870 416 601 750 554 852 793 883 943 347 17 309 953 694 240 191 79 478 193 81 555 130 189 634 892 58 832 955 639 27 117 561 975 135 795 814 173 197 599 148 878 341 374
766 757 429 2 203 646 103 463 763 29 531 598 864 819 266 164 258 849 245 755 107 133 864 65 123 811 673 192 17 85 541 998 819 608 564 865 526 512 956 546 762 412 580 763 913 477 619 106 476 80 341 439 129 117 437 459 622 571 723 610 413 824 160 894 248 137 254 327 624 516 214 783 296 11 875 198 600 267 554 51 146 347 173 382 141 1000 189 510 108 580 328 570 727 362 53 398 400 738 77 561
926 130 982 234 484 370 996 547 309 129 203 633 765 44 736 793 892 865 22 948 659 487 8 329 895 893 183 481 890 155 194 507 693 364 248 702 599 158 491 977 388 778 775 830 65 961 127 104 493 179 642 728 620 1000 715 688 177 786 29 143 409 494 399 506 544 616 55 587 142 617 994 269 645 871 556 643 171 170 646 732 815 19 591 230 736 356 618 874 10 476 954 767 66 501 229 668 165 689 483 936
751 823 961 931 53 380 583 963 628 78 441 642 942 224 29 668 399 631 803 12 338 756 38 96 382 565 322 304 960 358 339 94 877 869 191 983 218 964 777 580 293 174 258 686 408 683 265 296 953 314 263 952 9 802 161 978 204 307 24 145 822 410 799 759 716 481 886 463 482 29 637 753 836 1000 292 119 110 258 153 941 728 95 613 112 529 254 432 743 972 468 570 9 720 908 535 53 477 500 376 726
484 419 590 839 377 660 141 641 921 266 519 247 707 461 510 468 312 550 122 372 77 154 520 579 335 493 720 12 304 729 175 725 255 760 315 107 317 804 237 925 312 259 741 613 604 166 950 308 351 270 96 52 363 802 283 766 617 816 97 687 264 774 607 105 801 731 795 12 15 95 514 276 940 675 932 10 820 465 854 521 270 113 592 429 64 109 374 749 887 35 999 61 287 691 746 875 980 551 357 125
34 293 666 408 80 70 622 943 988 776 255 816 935 183 853 101 641 665 558 272 610 59 4 552 693 229 568 8 258 393 89 772 926 213 817 304 824 660 702 537 560 107 436 311 720 817 769 885 623 896 732 711 374 519 856 68 447 658 817 297 601 599 761 546 731 560 170 917 802 672 679 719 49 964 135 152 844 425 91 597 83 254 495 623 219 157 274 356 519 409 701 855 720 279 539 157 471 399 260 219
964 638 324 569 685 56 501 404 374 845 678 111 719 362 202 435 85 635 590 600 468 609 9 371 324 792 560 369 97 260 666 46 769 73 807 732 14 106 160 704 848 1 586 674 703 961 813 477 902 153 128 445 33 254 403 248 504 183 783 247 562 838 292 160 450 618 105 252 669 631 877 74 121 861 68 59 811 940 313 299 782 738 675 975 705 375 893 157 61 653 917 155 27 357 504 968 549 337 23 993
578 28 170 965 697 547 307 17 288 801 904 962 328 952 595 375 538 999 221 749 468 849 582 45 776 483 636 206 247 180 142 102 591 831 307 344 716 298 885 392 831 762 245 869 915 12 794 956 621 253 302 830 29 161 313 419 0 284 980 636 359 818 763 270 984 368 513 439 700 679 79 533 402 986 345 169 971 334 674 596 237 69 705 59 965 375 377 467 659 813 273 819 593 841 304 694 280 366 479 655
220 795 926 531 583 328 219 234 165 229 350 12 342 989 171 431 926 807 790 95 167 382 366 545 343 781 555 497 747 813 751 979 310 571 871 101 421 837 675 209 627 631 646 863 973 365 765 602 242 284 264 152 297 642 441 175 171 415 410 476 99 282 777 934 94 550 164 987 833 185 897 101 984 455 560 209 877 236 914 854 387 671 54 420 429 440 847 677 567 193 21 341 390 286 173 145 103 972 136 285
881 971 391 527 681 753 884 926 144 460 690 871 96 23 788 816 2 948 936 164 585 976 261 943 427 490 351 804 862 720 536 712 845 208 397 910 984 106 864 637 668 501 239 722 836 649 785 572 868 694 50 170 940 252 312 186 201 9 680 397 519 512 343 192 88 301 724 305 778 269 112 481 957 568 538 141 788 314 258 252 97 360 731 831 90 257 936 62 855 440 76 880 467 77 146 595 907 446 414 211
297 636 195 720 868 487 675 813 349 992 687 652 283 855 539 92 919 324 915 325 751 867 438 816 860 399 732 189 390 257 484 481 499 114 257 660 227 957 515 915 417 640 540 784 423 743 762 986 85 359 563 986 3 560 190 275 435 316 280 151 295 404 584 180 192 429 750 114 877 972 918 627 388 946 624 732 612 799 603 624 85 245 218 249 137 593 625 683 730 128 257 435 62 91 189 392 433 766 784 914
464 990 599 592 411 80 557 608 328 350 36 961 318 405 234 417 817 382 394 173 524 702 476 437 5 406 841 645 844 876 279 9 118 136 509 522 921 939 357 217 331 442 916 890 284 475 915 237 448 712 946 269 961 22 411 746 254 961 917 633 578 649 35 5 768 600 514 193 236 332 245 75 521 52 647 423 300 302 937 41 278 108 619 913 145 21 313 189 225 336 381 548 608 267 229 710 314 853 490 908
475 275 155 813 471 171 612 354 824 506 181 902 635 849 203 376 848 565 10 523 807 732 534 348 584 768 432 415 174 237 433 482 673 262 64 934 221 307 292 535 307 414 18 43 256 880 817 868 457 638 476 303 428 904 344 722 643 28 511 448 292 90 849 146 335 981 887 781 542 526 920 691 356 431 637 112 617 387 989 918 551 584 620 819 703 935 726 587 184 167 927 388 779 407 659 664 616 759 507 411
818 433 352 56 514 835 908 122 680 72 281 200 411 952 978 599 201 695 111 819 196 316 785 807 948 999 609 346 750 986 206 950 119 718 101 328 592 472 215 865 809 99 869 337 154 997 309 448 532 188 249 249 768 336 952 514 145 621 18 378 930 540 128 576 332 646 397 18 704 436 789 326 527 304 78 838 408 682 563 430 354 6 948 720 530 493 200 49 120 128 383 434 421 162 143 328 14 400 43 125
364 209 143 135 341 129 357 619 733 918 483 931 662 38 565 853 555 527 205 283 66 623 324 221 346 952 112 614 998 754 32 592 607 17 428 433 345 667 661 383 864 38 601 993 220 855 111 646 356 333 579 454 426 354 380 833 484 279 711 795 43 347 99 716 502 177 523 114 713 476 795 496 544 629 455 157 391 975 422 246 448 755 720 771 326 579 55 873 655 889 476 418 406 999 783 203 40 536 933 288
918 376 405 55 945 851 824 253 314 931 292 836 378 972 694 477 551 945 496 882 74 269 250 112 974 304 437 505 867 975 385 401 211 138 225 631 149 96 724 315 900 307 326 829 80 985 819 428 141 100 387 457 870 290 372 396 428 689 23 406 545 157 125 29 243 303 421 945 191 974 335 890 247 360 298 518 72 846 993 604 537 818 650 996 1 161 659 26 952 705 884 113 529 354 581 981 454 494 903 344
940 430 380 316 119 337 353 636 75 102 923 546 866 488 29 450 368 80 682 605 610 534 955 760 808 662 874 420 144 657 484 10 901 692 513 439 607 422 876 164 905 374 57 554 306 896 742 243 790 721 735 751 438 598 742 34 806 652 994 690 141 550 405 867 333 416 348 202 224 597 127 973 209 851 225 397 641 370 686 871 3 689 782 799 589 587 345 488 766 986 420 201 138 791 603 895 537 419 641 220
360 676 264 850 871 709 52 3 83 726 816 989 864 663 539 665 737 329 989 460 635 946 269 355 178 653 161 284 165 36 986 27 63 295 316 25 100 184 685 501 295 481 991 795 997 223 350 828 187 380 605 677 965 239 53 526 123 511 636 978 786 383 991 628 503 754 749 887 250 333 464 945 206 361 497 952 344 761 8 401 817 308 525 779 315 662 466 122 713 193 385 52 699 967 742 187 280 470 240 420
884 859 170 386 237 387 430 562 316 121 98 49 421 863 926 392 929 145 980 790 985 877 218 764 195 243 157 834 102 407 419 349 847 690 579 26 313 367 857 872 45 519 351 51 362 110 570 675 102 367 850 573 814 276 243 63 518 488 805 636 469 810 874 708 940 978 307 391 463 706 187 290 456 133 132 420 69 647 391 230 618 903 173 678 279 368 728 531 169 924 207 717 851 121 392 764 288 561 271 423
917 629 63 927 888 160 615 813 937 889 633 226 153 308 794 775 65 383 937 301 827 637 811 955 196 806 729 9 6 965 458 705 61 220 878 646 728 960 693 167 642 701 347 651 270 133 689 123 371 403 248 941 719 363 218 19 242 65 471 295 277 692 688 240 675 766 389 928 117 156 187 340 89 814 752 346 335 505 258 963 424 234 131 396 491 471 120 395 417 504 201 78 957 792 279 766 801 59 36 331
923 238 65 288 682 699 3 334 109 491 993 175 875 982 595 309 425 821 2 187 816 909 165 838 426 244 59 439 596 173 475 850 913 487 628 229 991 190 705 122 72 827 86 303 739 465 508 375 504 818 780 424 71 706 335 853 364 847 469 880 409 409 971 339 986 703 723 474 765 155 669 823 760 746 168 650 691 718 546 329 890 16 961 825 582 309 587 698 711 200 1000 573 675 445 887 779 888 4 655 77
702 909 966 61 868 430 527 548 979 197 507 885 693 35 187 754 493 509 417 274 906 815 616 875 501 275 406 33 12 210 636 658 180 781 566 128 601 506 86 602 584 670 994 819 419 904 882 191 785 182 803 543 928 690 779 772 924 762 317 14 985 579 692 973 155 514 266 927 388 202 35 475 230 784 251 700 711 521 615 21 307 893 132 300 946 539 542 571 294 475 282 621 499 667 849 370 540 240 490 471
235 331 192 50 281 268 998 970 923 82 449 260 927 586 941 720 482 346 323 158 980 645 848 50 593 73 507 282 407 844 596 765 890 749 457 496 509 434 174 957 216 25 984 90 231 151 462 524 103 143 804 986 841 787 83 343 857 47 827 187 798 310 309 738 44 80 472 498 199 724 902 300 338 628 551 602 405 940 652 673 14 446 848 801 334 81 285 826 571 433 417 265 948 692 57 566 514 632 632 437
241 403 922 961 739 745 195 536 96 954 830 286 239 731 131 414 112 322 426 93 261 792 831 40 271 474 432 511 275 844 126 812 594 991 730 42 1000 399 565 226 364 313 352 564 797 825 845 486 678 756 228 246 875 995 348 529 883 889 522 360 787 747 662 631 559 134 992 931 87 402 616 13 715 313 788 729 742 137 74 74 292 960 895 581 369 819 57 492 279 461 831 360 900 202 688 342 836 258 581 189
130 711 938 524 760 263 998 824 255 662 773 76 110 935 792 818 901 875 116 380 955 357 98 631 927 898 587 804 868 832 680 598 141 37 546 552 231 69 998 324 273 405 564 788 769 852 142 570 405 117 239 272 339 77 607 339 361 357 608 625 850 894 81 382 678 44 436 101 853 94 737 396 139 502 220 219 755 499 624 483 622 853 586 218 705 493 173 884 641 197 684 856 228 89 803 552 987 130 607 654
698 621 847 157 326 645 361 315 202 178 233 680 675 450 133 757 748 781 121 695 316 144 203 149 861 540 46 40 998 912 290 178 436 809 986 699 870 910 956 484 632 420 225 298 4 319 905 38 908 29 645 563 315 261 685 863 911 948 0 336 643 363 981 382 385 294 797 906 180 673 117 489 435 275 385 136 525 795 723 742 748 862 626 681 832 597 20 590 983 245 597 975 403 247 496 562 132 297 573 96
75 631 939 713 106 47 379 346 606 182 422 441 703 432 51 6 62 315 804 713 892 534 417 306 13 455 537 956 504 509 730 596 931 902 981 170 611 170 156 303 923 49 590 576 484 718 830 724 698 575 572 626 879 777 987 846 335 777 259 304 972 367 899 71 216 543 146 877 343 609 317 602 313 441 787 195 301 119 582 297 374 838 249 324 844 756 453 849 220 137 100 790 774 701 108 463 998 498 874 414
256 234 330 182 373 836 875 710 253 735 635 890 242 158 818 587 72 715 37 232 349 476 576 926 245 859 567 585 251 484 621 66 746 56 92 937 913 450 812 625 952 641 126 695 9 349 658 357 621 23 455 753 197 295 499 875 505 403 84 481 119 649 727 2 769 797 520 139 579 953 738 507 55 238 977 316 737 529 826 705 902 886 560 971 203 852 899 738 758 800 81 51 707 172 957 997 491 862 325 997
356 470 297 801 118 34 565 642 525 162 412 799 686 604 314 286 129 963 947 110 994 925 279 476 300 363 374 654 704 377 775 383 497 22 170 848 797 471 809 803 452 221 20 308 582 966 293 578 208 7 4 486 210 182 510 51 66 386 355 577 792 35 763 728 885 524 571 441 897 359 540 155 625 220 478 301 375 514 639 814 23 263 994 605 511 641 799 248 649 411 796 705 403 332 309 969 712 613 931 748
574 258 551 556 236 414 344 9 395 601 46 907 980 261 634 548 81 823 355 723 700 37 869 128 61 398 503 993 534 966 686 219 907 819 660 215 533 280 551 436 173 213 766 605 335 4 647 305 343 248 741 141 33 394 823 795 689 83 904 412 125 799 161 290 498 682 792 808 359 652 264 341 656 694 346 426 522 130 479 901 439 313 307 7 757 974 206 748 796 121 679 927 294 360 888 221 349 432 819 784
540 607 213 701 628 979 596 691 149 613 487 395 78 344 244 820 555 420 706 491 946 601 261 927 541 180 592 778 963 96 744 325 280 930 675 319 635 539 63 556 600 691 766 652 40 104 62 466 876 716 938 312 932 653 366 422 545 668 605 727 965 192 926 438 220 896 854 738 103 457 694 640 385 115 871 579 659 941 700 380 885 881 837 442 578 47 825 288 325 485 808 113 229 857 576 120 898 454 661 141
168 404 645 192 709 680 933 51 307 836 198 416 217 425 45 863 423 273 473 905 986 653 465 512 797 134 554 786 539 198 800 835 764 547 429 738 563 240 381 800 756 806 687 225 220 790 652 723 389 148 450 770 965 177 762 466 83 393 10 703 488 399 979 402 745 53 568 351 394 325 472 67 983 34 192 131 997 659 707 590 287 683 732 668 737 179 281 176 535 351 762 180 609 397 883 220 479 332 800 119
629 324 727 378 532 311 201 699 521 311 608 317 83 362 309 17 434 445 137 744 404 615 35 171 35 841 184 648 115 835 166 923 954 923 264 314 967 560 805 990 179 711 200 136 506 556 163 40 678 420 935 247 128 917 352 759 444 324 888 70 371 97 649 184 434 93 925 135 830 556 797 362 614 783 131 992 23 69 119 346 143 875 778 79 542 903 663 519 232 935 554 18 333 182 305 476 470 997 984 216
405 647 113 293 194 797 680 9 426 843 377 805 163 778 80 905 581 704 772 479 753 887 352 499 639 760 874 955 168 549 521 866 586 540 941 657 282 873 418 551 302 41 601 238 114 426 815 226 813 302 243 147 983 980 477 975 865 935 878 672 762 759 898 302 412 945 167 455 953 219 719 669 501 256 119 972 888 545 992 208 366 171 533 269 739 755 671 274 69 306 365 104 500 409 353 726 761 478 645 930
609 842 863 360 446 684 210 455 157 372 13 942 898 507 39 376 32 728 498 297 441 165 117 713 632 699 670 323 934 457 346 97 429 254 108 64 480 925 363 145 355 165 432 541 190 782 753 850 663 36 962 729 338 465 48 324 218 346 125 243 74 251 985 866 316 310 23 528 914 36 619 753 960 521 517 689 988 127 811 180 772 113 271 505 862 504 709 658 8 899 371 440 554 128 524 500 54 278 387 32
185 201 945 673 162 689 738 898 41 490 826 508 742 583 877 502 663 472 480 43 171 871 46 576 682 403 628 253 258 4 404 365 5 510 498 703 975 310 499 978 869 757 131 442 141 907 282 431 133 721 808 50 925 83 545 863 459 981 145 900 395 847 246 979 382 68 59 71 793 849 661 323 319 878 883 37 956 761 547 733 117 639 934 321 918 624 100 618 483 935 513 450 972 700 283 560 506 436 785 275
181 222 949 468 986 736 188 357 794 875 481 653 237 373 51 506 676 761 27 12 484 995 213 949 706 969 458 186 466 749 64 134 172 425 447 368 361 256 692 977 281 762 518 101 157 810 966 225 480 579 718 165 533 847 372 764 933 7 597 652 985 214 990 848 51 275 863 452 689 205 191 399 312 527 637 978 997 9 404 854 294 541 589 138 883 53 628 556 454 276 693 20 515 81 232 797 952 913 459 563
834 140 109 133 756 573 342 892 839 801 645 428 709 252 579 133 380 398 912 476 620 793 461 552 505 576 192 774 172 972 133 526 511 575 688 383 764 742 154 414 908 518 454 434 398 237 740 705 265 272 441 850 522 376 228 369 804 284 607 344 767 225 773 297 411 392 579 958 100 883 878 715 841 432 537 279 810 487 575 111 841 628 884 402 985 325 181 733 710 321 383 251 55 373 661 896 775 257 68 856
326 76 490 741 990 104 9 914 497 18 669 413 787 531 899 125 622 455 80 996 39 85 847 416 769 118 97 635 443 956 455 609 7 261 250 676 561 536 156 620 844 568 348 949 920 498 41 600 975 763 245 636 960 805 7 764 740 200 953 469 317 875 49 462 489 381 91 993 726 998 61 745 237 974 934 74 745 637 838 19 245 357 494 927 695 299 161 141 211 15 469 646 265 659 417 230 318 609 729 635
776 632 47 374 474 624 949 813 576 29 986 866 346 154 309 364 625 830 145 573 514 38 206 603 564 309 954 819 16 980 162 427 935 680 603 880 214 965 673 268 88 389 644 245 908 483 643 62 7 705 793 423 597 705 26 724 320 754 911 312 882 339 615 841 459 994 892 218 637 513 869 817 354 901 426 799 166 671 520 361 746 33 626 148 38 85 120 288 330 747 416 2 163 225 446 310 446 326 903 926
847 93 546 904 979 643 566 749 819 197 457 541 82 607 433 49 64 510 531 332 163 455 748 367 973 730 425 292 70 862 784 372 670 71 751 164 319 548 533 786 155 268 586 487 898 261 792 284 755 926 886 702 217 146 69 697 748 671 330 395 323 619 459 73 732 543 437 212 849 452 76 726 309 254 426 935 365 540 812 131 693 510 475 93 766 626 883 462 222 335 751 506 86 383 318 112 817 861 273 342
429 484 968 979 228 127 518 305 383 790 133 16 945 520 96 831 906 659 73 874 258 514 342 901 880 105 208 518 969 763 115 927 872 218 78 712 603 1 728 647 464 829 370 2 454 409 427 643 83 962 320 149 689 7 579 509 723 365 640 430 937 901 466 472 695 310 7 315 432 530 22 956 154 257 499 62 523 833 699 337 383 607 533 870 769 259 998 555 431 517 362 935 481 66 438 208 987 550 207 207
460 435 800 772 141 242 959 312 35 190 51 952 547 926 211 743 772 753 147 206 877 35 240 436 766 209 659 62 508 237 177 823 850 180 711 282 399 186 638 726 416 118 569 18 205 162 676 918 715 23 184 306 925 478 523 998 223 476 440 247 954 596 873 224 202 760 883 505 673 142 891 873 644 777 629 324 885 645 457 388 845 47 716 384 215 423 635 389 231 689 540 593 759 797 213 472 890 384 13 390
668 647 486 838 999 500 955 233 405 889 820 935 576 525 744 462 595 249 716 527 356 272 766 8 706 516 616 402 651 972 470 951 428 624 306 769 787 270 490 55 820 840 233 532 978 807 345 298 637 852 397 534 196 998 218 684 569 128 384 880 994 156 502 90 344 634 315 345 628 634 769 361 851 110 863 305 807 381 833 604 608 492 396 870 37 87 452 832 896 31 500 7 98 592 560 770 358 758 507 307
81 935 281 266 229 377 321 304 250 194 352 502 720 323 324 796 647 418 394 44 542 513 969 339 758 146 995 455 548 638 81 553 273 40 906 207 83 809 70 849 405 191 597 308 600 954 311 187 330 409 75 694 317 111 918 256 67 130 615 708 325 974 476 351 738 830 806 832 851 874 420 361 995 421 127 146 997 27 859 782 205 204 90 834 917 734 56 807 585 348 900 579 633 392 50 428 396 434 596 29
949 302 15 805 770 811 521 310 727 599 40 423 215 711 686 315 835 54 989 493 268 156 250 601 379 729 431 378 416 892 143 556 185 347 30 377 509 753 347 164 260 409 63 925 268 26 613 926 152 903 941 195 71 549 609 72 634 697 733 82 531 735 826 463 429 918 481 821 655 314 779 361 908 994 416 706 957 321 733 77 346 571 716 565 305 423 640 303 913 974 649 482 713 262 114 965 590 222 921 305
914 415 215 345 865 547 201 547 760 278 112 49 273 1000 865 964 458 545 542 459 96 38 577 648 418 226 407 98 637 15 929 752 521 989 142 653 985 643 539 495 865 638 414 724 40 783 245 820 481 479 276 983 130 146 701 601 691 994 473 365 284 979 866 566 268 652 875 69 19 742 526 250 76 698 225 775 481 514 588 589 426 485 166 417 794 934 687 740 898 290 442 751 896 434 89 625 579 423 703 488
17 554 650 166 57 637 248 641 314 32 196 268 717 592 273 691 697 443 775 401 78 860 851 231 971 424 975 960 719 897 238 881 615 391 72 339 258 500 840 514 979 404 64 733 87 913 941 915 261 45 765 487 659 500 43 986 597 789 859 140 356 75 365 577 227 938 142 544 307 700 868 580 532 208 70 865 343 13 782 735 830 214 81 209 217 668 382 35 107 799 296 435 972 486 306 312 359 131 594 360
104 381 840 42 586 548 770 285 406 26 709 122 536 443 765 131 261 237 561 923 525 441 592 38 430 990 365 969 227 613 773 990 33 81 334 693 452
967 882 592 87 188 672 138 468 273 92 172 748 114 384 444 109 242 523 102 38 283 954 128 224 710 111 439 3 914 284 741 163 720 563 28 737 671
355 76 963 886 656 542 803 49 489 941 628 778 744 166 494 956 578 633 848 437 368 726 266 418 663 784 760 142 766 634 311 774 227 413 137 317 708
274 165 954 705 962 445 629 312 992 499 698 882 277 547 373 550 623 831 72 534 338 23 444 193 252 273 215 495 741 79 607 14 987 44 631 991 353
712 451 214 781 992 183 453 888 212 809 676 567 643 472 185 660 853 6 374 990 929 863 783 113 811 775 973 308 26 414 839 270 826 609 462 454 187
23 246 474 718 827 685 986 474 882 14 59 731 355 606 546 115 805 624 681 269 546 796 334 718 545 51 701 794 902 729 173 729 812 815 770 241 67
866 427 556 877 764 60 704 209 951 236 219 400 20 720 107 703 357 690 236 427 626 546 952 242 450 517 87 91 199 799 139 614 521 481 412 551 765
84 660 317 640 599 504 366 18 173 0 327 668 127 827 227 23 265 806 206 242 693 844 215 724 819 540 535 259 865 673 721 187 384 783 22 963 711
467 522 237 610 619 954 589 848 372 257 844 623 389 403 967 124 374 514 506 608 447 59 514 216 639 323 332 477 350 988 768 998 178 523 649 552 677
10 147 294 65 677 985 842 656 424 761 480 641 609 456 410 805 352 557 130 26 589 887 460 113 410 634 45 584 761 987 215 151 342 949 701 403 229
856 729 269 203 820 5 253 687 384 88 907 119 4 624 163 588 755 156 246 26 845 13 883 599 718 356 157 973 174 267 792 881 721 809 996 705 431
397 839 302 671 486 811 928 309 815 246 165 575 509 113 920 260 579 915 779 240 377 926 613 416 175 673 917 594 150 477 601 711 607 705 651 30 780
19 929 438 871 388 691 149 90 956 109 333 675 410 793 296 102 657 437 803 151 968 122 112 450 449 959 621 174 221 856 953 572 448 262 667 356 576
593 686 424 240 439 832 999 132 596 960 571 223 457 610 756 822 295 317 289 882 345 576 309 24 25 740 147 334 940 195 320 340 449 396 336 316 718
706 771 101 30 710 902 268 219 597 137 922 650 963 379 160 817 862 121 135 332 154 349 276 998 423 671 452 216 220 854 431 816 604 870 283 400 994
907 894 24 480 759 278 682 357 783 482 138 586 559 278 618 968 270 48 738 836 49 477 886 127 910 581 558 718 831 142 41 838 271 681 139 231 561
573 74 749 135 433 615 650 16 294 342 992 111 988 813 425 4 525 530 111 821 826 438 383 502 831 201 616 147 617 310 647 40 141 10 857 917 440
270 813 288 15 356 349 894 688 362 732 947 594 787 733 560 222 443 196 382 213 532 166 26 732 644 54 479 127 790 617 308 518 641 575 291 980 953
876 536 306 518 126 861 757 292 853 95 746 426 272 695 905 821 514 711 360 708 758 432 886 886 593 453 865 136 119 954 992 81 851 390 61 121 845
781 907 699 48 196 645 993 466 774 47 67 61 135 32 166 953 815 508 375 259 566 743 947 920 470 274 869 965 473 385 650 148 819 993 902 759 645
679 760 820 288 512 836 42 445 581 177 187 520 916 841 147 491 725 746 698 26 65 119 734 781 871 259 950 606 26 771 840 368 590 641 604 598 541
405 111 7 398 985 67 459 566 282 227 826 592 708 431 612 571 485 97 157 357 601 922 396 143 832 296 697 584 89 978 633 541 915 798 226 496 289
757 712 537 116 489 626 938 939 736 915 373 571 784 362 470 627 366 131 617 111 254 61 210 627 201 819 214 615 264 295 741 916 755 856 609 423 804
379 950 885 775 279 159 124 330 216 278 700 31 599 757 841 579 472 993 205 241 691 643 505 849 263 178 850 665 228 866 569 208 993 234 483 168 110
309 615 269 246 38 395 725 147 450 332 612 692 641 268 37 593 362 765 688 346 406 6 560 422 744 372 722 417 926 985 277 246 84 444 616 302 102
498 340 155 488 705 89 438 721 362 468 766 657 881 893 747 179 436 157 208 612 33 757 434 534 59 255 87 6 336 680 37 289 262 568 958 450 167
239 626 439 309 337 794 783 99 727 143 654 181 200 995 235 618 380 670 248 665 814 531 28 767 480 698 652 646 48 698 553 420 16 72 839 26 333
0 733 471 199 429 668 160 618 68 299 665 93 715 42 562 443 548 81 392 484 492 745 641 862 73 347 756 528 537 828 81 983 719 760 311 542 474
0 926 388 874 718 626 264 661 332 365 413 672 876 647 467 241 258 734 737 886 192 396 821 73 205 148 285 319 519 65 432 823 186 23 738 917 37
330 514 886 934 189 985 778 673 851 605 18 257 745 417 447 388 330 94 747 93 29 34 73 877 145 493 806 359 706 862 203 863 843 873 788 986 580
121 354 356 962 957 108 960 579 852 520 543 417 391 511 224 607 101 447 846 90 290 347 602 487 261 518 675 351 482 276 261 250 177 168 247 953 611
168 852 150 183 966 827 946 82 863 982 594 540 975 423 128 920 102 445 919 906 68 836 78 47 541 278 887 689 364 536 67 110 986 807 618 902 309
493 840 408 669 573 358 918 784 23 778 188 596 648 108 224 326 70 935 910 840 304 203 586 543 378 639 615 557 305 878 647 9 971 435 881 143 713
589 844 625 554 323 613 798 849 369 602 230 706 408 995 233 846 196 503 69 142 365 286 767 816 404 295 476 778 960 704 50 442 546 394 282 412 252
514 262 180 967 434 470 569 42 727 115 284 381 928 609 60 628 661 904 597 69 897 70 291 838 769 739 633 540 786 292 408 982 444 635 290 681 637
33 320 935 62 840 403 572 213 48 141 112 373 799 805 239 750 95 602 723 375 156 605 399 82 429 362 19 747 64 424 945 918 761 644 902 964 487
205 500 505 147 938 312 894 835 235 210 137 859 453 873 351 105 581 978 820 922 770 721 780 381 38 921 433 957 838 543 153 662 405 280 238 115 377
404 634 667 124 50 713 645 852 184 973 678 820 334 33 684 687 57 547 598 100 607 999 560 224 985 840 451 972 409 118 2 335 648 283 585 355 880
138 318 465 689 711 957 186 908 278 247 305 170 331 136 121 788 180 44 926 56 626 471 93 671 609 439 207 211 734 60 864 886 867 650 816 733 669
9 983 222 321 738 471 102 291 397 298 608 27 189 785 493 293 733 458 23 181 530 604 643 605 705 707 599 382 595 5 562 50 883 854 763 707 729
121 300 300 738 288 225 224 692 220 326 942 467 861 797 929 11 966 698 339 497 56 345 523 796 838 171 93 681 44 551 238 8 914 56 124 812 98
153 398 703 78 909 177 854 377 242 709 630 630 656 589 23 826 448 539 488 81 753 640 739 763 633 799 705 781 309 334 896 223 63 257 1 186 203
312 164 744 137 772 858 371 912 445 299 886 730 936 20 448 522 337 679 441 848 667 159 330 530 658 969 842 321 435 494 553 683 603 994 788 32 710
505 420 696 894 819 683 618 99 58 398 597 443 931 50 770 299 600 669 50 288 9 497 49 169 573 105 167 631 641 99 180 926 670 677 650 308 40
890 668 787 104 92 703 172 223 213 902 984 201 25 564 756 644 572 584 591 65 863 971 45 339 885 861 782 830 527 823 293 792 493 206 397 822 805
219 201 945 543 289 467 211 241 978 535 641 318 548 89 409 518 961 538 146 506 484 201 544 263 275 86 858 696 764 454 404 75 61 310 676 308 267
238 397 607 797 753 632 423 890 643 179 226 116 970 391 321 338 628 628 892 299 994 144 936 504 509 731 508 385 281 58 627 582 56 511 418 41 989
3 660 383 855 768 812 782 826 454 229 464 889 327 354 693 820 127 93 502 400 853 164 39 134 56 111 807 793 774 616 207 92 270 920 441 717 307
770 723 653 108 196 901 240 54 30 940 404 782 519 436 892 825 768 199 564 204 466 470 721 916 713 882 91 115 496 429 917 875 844 505 405 661 614
261 336 402 791 826 252 997 220 46 110 969 316 59 723 96 169 527 106 632 21 279 739 358 80 585 683 759 300 88 767 420 975 798 327 567 237 25
331 249 416 738 351 95 719 232 245 230 214 116 999 752 222 351 408 42 0 34 476 691 12 470 187 925 714 608 218 786 340 945 289 758 670 344 526
89 999 447 538 181 850 677 431 870 935 590 666 519 744 349 945 495 721 494 728 615 235 360 286 950 253 357 863 474 885 945 415 681 542 189 350 49
17 287 29 978 649 169 6 71 94 231 502 433 243 538 789 164 97 918 722 178 550 898 138 593 402 351 206 496 202 134 370 310 256 984 45 605 236
838 138 576 154 292 414 174 762 611 370 985 64 226 94 583 432 934 268 28 576 763 769 565 5 387 955 476 430 954 928 94 612 520 682 593 612 208
224 562 61 953 559 160 949 560 108 837 240 406 838 963 712 670 999 782 775 798 472 277 552 935 844 406 426 135 173 644 987 432 866 401 783 215 675
676 335 139 401 583 218 279 847 989 272 135 890 94 238 854 21 982 177 879 461 13 931 606 22 97 294 210 163 170 663 512 404 286 663 891 582 565
481 610 673 646 889 792 616 905 146 83 36 624 29 122 377 361 625 666 587 142 858 164 424 132 877 543 967 402 387 869 548 116 558 677 444 135 533
918 708 880 201 910 50 796 237 138 481 323 210 460 159 222 542 979 105 137 118 609 217 710 768 307 513 104 922 181 914 198 520 870 188 8 102 795
78 756 204 176 431 5 928 617 226 798 139 443 399 455 871 514 199 74 986 587 311 129 811 970 183 241 852 974 676 412 885 765 773 452 838 742 738
158 574 992 262 950 17 761 645 910 735 439 732 314 445 939 118 160 200 214 745 617 280 533 88 316 763 271 426 454 275 192 736 86 555 381 122 424
597 538 793 156 228 58 166 331 415 131 328 109 551 195 54 161 409 831 715 189 203 900 524 723 448 601 397 475 342 179 362 670 735 151 468 288 501
433 296 771 870 947 289 341 533 817 891 814 483 184 962 810 665 459 639 110 352 519 801 759 16 486 141 698 814 370 733 919 720 651 385 744 443 784
250 579 375 943 488 983 137 266 754 344 878 595 558 705 785 529 368 437 686 152 34 114 373 19 874 972 998 769 42 132 113 709 500 799 34 112 603
7 683 143 62 292 428 927 385 83 638 528 898 696 577 917 163 565 147 143 998 888 745 204 499 593 599 736 901 721 650 635 251 988 228 766 62 667
161 370 196 80 557 443 186 824 911 681 756 381 357 722 720 329 292 291 641 910 759 981 63 1000 115 379 592 520 160 434 178 159 957 230 928 709 115
525 925 798 277 122 322 172 270 214 878 902 902 399 149 606 698 948 49 620 336 161 570 165 913 746 145 906 53 723 876 239 914 62 476 416 712 835
300 851 460 576 739 496 0 41 7 101 154 450 849 713 806 973 910 704 488 719 546 469 619 159 529 656 757 257 927 224 435 356 483 642 91 923 781
598 358 922 858 443 339 607 218 285 487 600 724 148 847 533 505 749 185 558 346 465 160 94 156 767 510 938 210 720 428 133 271 399 877 712 170 466
183 218 429 212 821 7 591 723 235 909 101 567 631 685 153 425 362 233 25 570 370 929 403 582 599 410 236 119 540 780 863 749 670 778 909 488 819
799 641 141 75 607 547 168 352 213 557 568 69 45 235 37 121 282 573 387 744 978 168 634 188 859 507 612 309 950 401 157 89 837 593 486 539 431
540 81 322 628 91 499 253 438 648 333 341 802 531 632 35 619 588 781 589 206 389 577 120 436 325 158 71 234 967 187 587 400 934 318 768 448 896
660 412 247 17 546 739 485 134 18 106 887 555 554 289 324 435 435 280 319 616 590 455 995 638 344 695 452 217 95 380 705 160 645 668 208 72 670
738 241 444 108 926 793 46 760 851 283 551 451 279 111 428 824 107 934 668 2 783 534 326 764 541 745 63 470 99 655 829 452 960 656 747 214 619
450 307 733 19 193 712 51 37 970 664 661 330 781 961 111 766 311 286 716 305 403 253 570 881 853 934 651 375 577 314 160 965 219 232 692 412 111
846 563 74 270 888 672 495 299 790 415 670 2 199 543 891 598 770 327 475 215 481 106 398 99 258 985 980 4 478 243 478 735 147 700 376 394 787
754 507 172 215 475 475 877 919 673 983 260 430 422 122 795 684 816 396 699 210 104 373 344 835 405 113 32 873 605 29 767 143 450 345 583 8 970
839 551 157 334 367 825 685 629 329 785 57 638 167 658 244 722 528 634 824 461 14 278 950 413 227 480 792 293 620 265 635 825 513 368 38 579 680
686 104 757 227 951 942 637 810 813 852 260 137 300 64 644 95 202 854 688 11 231 568 765 327 185 203 463 308 655 335 315 631 455 528 244 244 27
898 479 615 222 780 24 437 425 156 336 385 92 393 828 759 466 530 591 121 969 753 711 467 145 154 299 468 598 968 803 386 873 489 239 772 307 120
961 430 809 425 872 470 391 151 946 236 287 447 423 636 375 893 383 4 241 854 820 549 653 351 638 496 932 234 307 542 477 625 230 958 330 710 982
422 725 203 817 505 173 461 46 855 893 913 723 564 937 533 498 816 722 628 177 747 848 435 771 33 643 637 481 97 86 815 424 398 103 730 139 972
787 460 9 829 611 808 503 913 863 35 582 328 486 955 747 179 367 121 358 241 334 638 158 47 763 997 885 917 643 981 234 261 891 176 291 909 779
510 392 594 191 719 255 592 412 157 244 100 858 627 264 568 977 780 989 681 397 733 861 721 448 362 59 51 583 522 319 868 493 963 166 252 986 879
187 558 986 985 555 819 986 299 495 153 556 535 517 89 919 616 320 365 649 591 703 298 458 116 441 354 77 163 615 642 462 568 295 376 123 865 475
305 929 609 304 624 526 923 675 936 515 743 831 8 590 725 423 393 428 43 782 179 261 934 378 653 617 489 677 540 866 38 158 701 24 350 795 546
895 6 978 297 173 732 217 319 222 274 327 405 764 598 818 975 174 75 883 563 309 759 622 27 660 390 522 655 880 618 560 494 245 592 784 384 539
485 39 519 49 110 346 900 876 425 827 66 245 750 62 998 89 339 985 35 509 204 436 182 818 588 945 2 368 995 590 961 610 177 247 137 800 290
693 722 301 72 882 536 356 800 622 372 67 502 573 485 313 777 739 82 193 721 249 501 902 323 122 837 238 784 286 636 799 21 363 519 630 135 306
123 470 892 552 619 110 514 945 980 467 186 69 494 493 911 649 87 147 299 75 573 489 61 714 528 724 45 792 385 834 555 85 24 849 230 569 820
8 26 302 893 410 431 384 118 614 86 348 420 450 219 895 345 468 16 13 479 863 736 868 658 88 427 595 524 347 826 937 271 161 140 366 7 372
240 666 539 408 917 982 930 645 406 757 58 86 545 349 633 47 11 463 102 452 17 784 939 880 895 8 693 535 220 99 933 451 1000 848 74 224 466
241 358 959 482 775 178 828 131 454 725 16 926 504 78 214 105 770 66 38 596 484 859 423 448 619 524 639 549 820 367 187 978 0 131 886 216 456
842 675 985 785 811 993 651 392 731 642 572 226 805 552 132 632 314 203 764 475 300 338 499 784 183 306 436 388 156 130 222 189 390 665 194 284 883
420 365 944 25 492 122 698 364 832 392 177 761 248 861 926 416 434 170 204 454 974 192 88 345 574 897 622 359 406 820 64 570 995 351 344 751 385
734 209 949 838 680 435 326 112 703 683 535 495 700 754 889 893 909 96 941 195 354 922 201 29 938 654 991 587 910 815 933 93 229 212 562 754 620
96 4 208 804 703 898 868 227 768 872 604 186 503 672 66 249 681 581 315 517 887 584 525 876 880 772 951 365 896 876 5 341 993 467 634 889 344
429 855 868 27 363 60 932 128 686 477 811 210 418 430 920 26 186 791 673 974 447 339 36 99 52 757 116 60 793 117 451 2 418 302 716 372 680
607 788 898 734 333 819 64 495 833 633 302 401 433 973 103 392 301 687 137 766 949 23 937 628 582 903 961 900 294 850 421 581 615 723 160 347 343
901 247 130 671 140 297 194 713 37 764 292 609 529 673 652 837 117 298 456 927 630 146 620 68 687 330 156 417 808 414 663 207 530 980 540 129 721
469 734 116 62 503 414 259 378 894 14 704 342 984 133 969 154 348 737 680 809 103 242 847 297 897 288 128 562 664 88 517 535 889 591 152 959 378
