83 28 67
453 478 281 365 150 304 642 658 739 931 844 593 771 525 461 18 889 169 377 676 134 133 152 35 679 292 242 628
439 316 534 723 628 821 456 744 782 530 417 451 227 774 785 977 878 293 360 177 660 107 951 917 939 34 283 530
721 831 37 138 724 956 822 338 550 426 854 559 153 159 744 113 80 990 819 770 819 395 162 910 222 103 837 164
386 612 322 271 299 190 414 922 863 128 484 744 251 756 138 332 879 686 694 716 408 590 413 462 177 767 966 763
630 143 644 924 531 12 698 743 205 73 599 426 644 908 126 700 110 767 444 14 469 748 868 710 282 506 215 720
706 258 521 588 46 874 511 979 550 344 435 120 449 98 871 250 715 443 634 499 89 55 878 15 419 963 6 72
133 895 592 131 482 231 133 802 789 448 349 186 888 468 63 512 449 171 396 79 688 366 84 517 297 148 398 574
375 498 557 144 302 176 369 971 92 57 633 496 106 841 471 326 599 955 219 526 21 371 740 677 46 293 227 769
339 659 776 835 223 10 436 735 805 290 838 6 272 632 502 445 598 937 610 993 962 675 909 260 647 950 898 145
105 656 151 131 197 777 559 132 935 748 874 657 313 68 740 430 596 850 740 775 245 161 105 800 461 237 749 724
392 128 227 457 861 306 119 300 943 723 736 32 164 356 730 628 107 944 205 910 554 296 878 189 920 128 309 478
922 999 389 613 842 328 132 243 130 693 951 773 615 607 137 958 185 275 171 95 309 820 277 96 357 413 522 225
972 560 840 114 735 671 304 865 710 989 291 989 407 343 802 429 754 789 998 89 341 892 385 224 521 635 314 691
660 602 463 217 479 236 867 515 124 526 277 240 312 775 414 543 259 657 63 338 613 287 484 578 41 272 823 793
687 406 158 309 649 470 214 304 704 318 763 755 556 251 966 959 442 404 337 826 394 163 429 359 463 202 921 828
922 55 744 894 219 904 518 749 657 308 24 549 520 22 407 373 66 980 83 925 284 591 637 264 817 726 285 453
459 179 527 382 687 141 447 908 732 440 862 761 610 468 656 573 864 364 437 928 433 500 236 563 758 830 406 544
361 7 440 805 428 749 663 210 893 466 748 457 340 737 403 966 109 7 76 519 712 441 86 944 736 913 296 829
93 758 311 743 676 473 605 276 387 381 644 595 548 508 248 80 17 586 819 921 656 16 981 170 359 758 755 22
984 752 701 59 688 352 949 390 92 829 758 590 881 540 163 804 610 980 520 852 346 217 451 324 799 441 219 204
258 548 958 389 548 584 50 961 713 155 849 378 817 799 930 109 524 252 551 106 378 187 32 216 929 673 386 675
410 678 770 746 716 154 14 358 113 426 72 798 243 660 561 42 552 995 418 245 519 860 445 967 333 121 585 860
432 501 843 233 110 927 782 645 530 13 117 957 614 705 330 882 896 568 544 765 301 40 325 748 977 954 899 828
157 688 400 604 476 888 161 326 472 789 390 985 472 561 256 468 730 752 562 117 60 402 456 715 757 571 897 904
896 526 12 492 594 683 456 959 990 808 657 248 107 346 827 726 163 786 300 451 939 222 56 351 736 503 324 697
969 232 411 219 884 594 496 147 601 545 801 398 885 154 524 528 966 414 188 952 69 621 413 34 784 734 717 445
589 137 296 458 593 368 623 786 714 862 961 848 929 795 234 800 743 742 689 139 509 674 513 976 681 942 84 247
176 421 14 442 472 455 607 728 690 979 83 99 139 723 478 209 679 685 458 321 542 922 964 364 927 783 269 77
603 839 598 927 190 446 933 106 321 82 62 915 183 806 345 566 384 700 655 785 713 426 917 347 509 925 865 24
566 364 690 287 921 477 231 324 47 933 137 786 14 218 890 47 288 192 237 956 658 249 885 507 855 251 150 653
489 661 94 506 671 923 62 794 436 267 469 694 978 950 420 952 279 422 578 399 477 931 606 914 597 990 115 290
716 396 948 151 669 468 951 782 921 757 586 299 133 636 145 404 394 714 406 1 174 230 913 41 303 203 633 392
181 560 616 727 734 247 177 522 800 430 467 75 996 540 748 431 832 897 2 741 203 355 964 705 53 842 762 395
518 159 651 198 566 429 75 587 585 73 553 869 220 755 198 494 143 341 993 513 476 659 686 850 298 983 775 83
315 776 671 981 966 616 661 111 506 999 101 877 409 427 24 271 38 881 552 619 26 546 793 320 446 597 272 790
628 219 131 280 984 487 75 371 979 326 659 775 992 259 744 562 640 109 455 506 985 373 410 983 377 639 917 900
878 985 347 191 704 247 933 204 234 892 955 791 47 833 256 886 30 826 628 723 502 898 611 647 956 441 789 790
22 767 360 678 287 610 733 466 297 549 656 383 321 526 471 327 653 991 79 827 998 709 829 477 551 799 649 297
693 393 543 55 187 175 357 356 10 461 336 721 945 135 189 257 138 31 625 59 700 680 441 196 313 110 460 614
493 60 241 754 818 94 866 766 592 201 714 354 419 294 677 924 125 819 910 932 380 38 838 877 24 243 900 811
678 668 134 127 410 205 491 954 116 146 644 973 823 742 64 942 944 859 876 609 57 863 329 9 957 767 982 951
346 71 755 776 132 900 551 168 973 644 642 700 692 808 572 505 305 589 169 292 558 603 505 26 315 503 22 494
600 562 889 664 32 916 130 579 700 814 875 372 301 860 799 571 955 546 963 206 698 129 34 313 979 616 749 397
610 749 531 291 670 380 365 611 989 652 887 384 805 100 745 904 36 41 258 405 488 832 554 800 8 859 630 80
438 751 392 683 640 958 719 195 14 184 225 956 831 131 688 37 723 360 517 128 512 693 67 817 492 12 962 956
29 316 668 239 198 750 284 654 697 256 900 481 342 995 804 45 150 212 5 98 470 342 334 484 898 60 658 61
883 646 811 80 580 129 649 698 463 147 953 485 865 615 684 18 778 662 376 429 783 698 888 987 223 139 573 319
784 569 461 2 517 778 780 469 313 818 384 929 352 474 535 742 808 541 697 953 598 758 978 233 690 852 905 650
266 528 381 632 39 659 205 188 924 559 487 863 3 133 938 480 707 400 135 956 833 776 511 375 921 876 622 428
649 532 47 943 38 350 220 992 9 304 381 200 624 573 127 785 613 897 62 7 340 242 402 826 902 369 80 872
458 770 378 491 473 100 185 670 749 353 793 914 289 976 670 691 903 954 402 62 997 350 95 554 653 804 889 412
818 250 362 786 310 399 793 242 231 543 336 827 556 766 950 600 360 660 732 35 873 196 729 156 206 999 14 613
467 270 417 135 797 541 964 733 464 157 874 564 260 212 519 954 99 353 861 902 70 105 48 380 51 393 503 660
633 78 427 633 34 999 682 469 569 299 908 812 465 1000 878 873 659 695 373 892 379 236 957 667 308 70 592 621
212 664 626 929 283 401 341 269 640 343 818 371 242 60 603 894 597 402 155 553 957 763 609 389 78 117 957 6
506 58 75 959 565 225 282 774 372 88 838 478 529 223 394 74 634 909 816 717 676 888 734 692 271 744 290 506
392 985 861 898 902 361 733 855 485 168 401 770 290 458 382 42 771 101 616 365 977 563 971 722 594 70 882 720
665 857 343 808 751 711 261 198 840 334 120 244 548 365 277 621 615 695 547 339 791 34 281 732 718 902 16 857
562 793 848 739 818 141 769 264 906 273 455 832 327 824 29 857 819 602 215 35 812 434 888 362 887 855 57 950
5 981 729 436 145 769 874 418 531 553 298 542 101 570 150 877 20 563 760 643 789 393 89 659 401 480 601 465
511 522 739 394 428 947 691 448 217 589 634 221 955 558 48 969 265 336 487 79 645 260 751 616 332 242 67 394
111 158 587 203 49 175 57 45 967 802 261 894 539 211 795 377 54 218 415 747 613 20 833 538 255 978 535 719
792 287 378 903 195 159 750 190 874 979 300 609 418 589 806 639 230 337 924 70 630 312 732 891 444 341 974 173
971 528 88 898 170 348 480 719 144 597 812 711 310 271 63 656 890 170 57 470 836 366 748 713 44 265 909 659
647 24 269 267 670 963 955 972 977 421 762 998 699 145 409 660 736 374 135 33 844 714 404 921 171 224 575 181
28 845 137 706 996 336 120 561 27 522 416 153 486 932 858 586 220 88 961 76 372 682 406 62 794 261 511 199
188 97 957 618 465 972 642 881 158 55 594 655 756 819 148 102 593 833 807 400 572 209 518 692 737 984 620 327
562 917 270 700 287 632 63 910 695 326 984 148 868 676 707 284 511 108 211 992 254 4 600 576 615 712 359 107
248 246 767 474 224 870 279 455 385 633 937 252 384 686 746 536 182 962 304 834 968 749 32 105 33 556 52 32
55 846 795 972 982 921 819 86 537 39 76 940 460 74 858 672 63 164 582 117 652 80 932 307 764 119 306 178
51 892 686 591 275 219 935 587 33 404 781 531 554 165 637 430 967 68 898 195 503 779 270 724 578 724 489 284
290 357 313 825 450 915 95 194 279 531 154 889 791 620 199 779 40 680 150 381 900 184 82 187 877 338 565 490
803 49 275 875 562 541 682 459 657 582 557 925 464 765 172 665 729 509 159 131 973 649 787 591 81 347 643 419
269 358 561 678 760 792 819 131 654 454 822 131 862 535 220 703 284 817 864 942 961 117 433 488 60 411 220 896
80 963 983 276 600 12 410 768 92 539 105 167 445 60 250 485 864 414 682 828 472 83 889 961 421 600 120 785
131 966 795 81 350 310 278 679 894 360 483 438 204 603 925 644 691 307 372 351 528 559 576 386 570 737 375 678
315 843 515 317 556 542 970 34 904 194 183 267 222 733 75 920 243 894 16 878 209 627 536 587 691 780 47 887
641 465 554 651 448 832 439 44 980 312 506 147 380 222 550 949 281 547 272 702 177 234 665 424 712 620 925 199
583 469 858 744 976 166 824 472 704 40 969 608 947 657 400 794 253 222 477 788 997 580 339 892 949 891 236 27
982 12 537 613 307 267 746 743 17 363 963 229 80 824 143 435 732 878 756 227 588 711 18 743 749 515 923 826
41 691 63 341 172 93 165 866 704 959 130 16 236 98 31 725 74 561 285 414 2 404 962 422 284 681 137 434
397 129 952 731 295 857 486 786 407 909 131 21 97 156 246 87 844 378 434 781 369 642 109 40 237 655 928 315
311 957 97 342 386 636 556 301 918 392 296 498 839 176 452 804 610 629 590 662 797 22 504 524 415 981 963 29
599 729 985 206 770 21 825 487 947 284 786 793 176 70 653 4 312 149 715 960 490 432 181 239 455 643 137 216 767 360 243 376 388 660 43 552 358 238 801 869 578 140 523 69 163 774 705 721 77 389 112 179 441 399 986 965 195 430 651 211 153 46 929 886 376 422 823
69 995 847 212 475 645 453 837 234 495 201 478 40 881 946 416 966 529 552 263 447 436 364 818 36 783 506 737 537 809 22 99 138 706 156 819 965 938 658 312 561 461 786 432 102 436 487 979 779 91 366 869 435 688 136 67 272 903 93 778 997 977 280 462 460 24 708
430 270 535 379 167 202 427 257 195 603 761 236 870 182 710 171 584 811 14 204 224 432 593 861 563 13 819 887 73 790 637 371 3 770 797 814 236 573 671 345 90 182 289 396 928 241 314 189 112 428 956 596 57 422 197 477 415 825 575 985 140 744 501 212 165 206 175
686 807 208 690 444 332 940 774 150 91 833 351 593 106 657 681 583 409 291 990 796 502 33 604 319 322 337 6 113 974 607 412 398 479 624 199 663 547 388 778 456 177 198 624 446 547 331 528 988 80 96 767 897 494 681 101 433 284 478 469 625 998 333 722 533 991 650
866 671 564 629 214 993 223 710 786 799 223 583 999 98 335 490 338 754 212 503 803 460 447 195 589 650 516 615 704 673 57 806 438 834 488 34 899 481 513 969 869 307 320 389 341 720 328 821 827 643 222 542 177 971 401 630 755 986 103 360 846 519 22 102 745 440 849
876 491 659 756 998 998 533 238 342 502 170 816 844 834 880 878 202 619 963 777 493 605 891 423 697 338 616 21 461 467 516 48 365 808 743 638 937 686 946 264 29 295 83 906 147 602 903 899 609 581 696 126 83 658 244 196 685 317 564 891 974 71 382 417 656 954 630
702 100 624 678 33 609 447 467 517 222 583 341 534 269 769 463 651 552 964 771 413 225 940 539 931 184 696 908 677 261 768 889 510 992 469 874 137 987 69 5 347 255 532 638 777 233 821 598 85 510 430 60 803 263 628 954 81 224 727 782 250 553 650 338 175 505 630
405 0 118 118 758 649 860 673 538 687 738 392 172 688 663 553 166 75 862 675 161 997 828 354 579 141 6 362 959 429 428 505 43 240 271 33 359 611 346 151 659 817 906 802 184 238 310 926 334 515 618 178 265 821 823 628 230 145 845 268 22 872 678 772 189 927 701
8 291 513 777 230 369 171 291 97 663 852 287 527 142 587 629 876 628 18 714 843 558 560 648 820 203 726 363 708 138 303 446 36 122 469 938 87 208 851 472 855 854 933 655 328 347 881 705 78 95 861 457 839 923 850 659 696 788 106 304 737 344 994 873 70 622 625
544 452 181 728 595 612 881 688 784 207 950 411 509 285 326 193 396 511 309 939 820 481 970 391 343 42 642 761 64 925 581 199 842 634 210 362 248 442 37 80 369 296 326 168 580 265 571 547 671 706 369 765 838 964 733 988 655 73 118 104 913 783 235 424 722 26 174
881 217 713 13 451 708 95 983 791 606 287 470 650 43 825 274 845 355 4 269 708 833 372 498 417 933 575 385 3 527 420 352 627 300 847 563 163 913 770 873 593 158 606 791 699 627 139 569 375 101 453 803 823 890 16 871 657 980 267 769 245 708 92 442 835 424 113
147 327 923 563 726 754 433 872 539 846 708 296 241 843 930 692 496 650 149 590 223 514 185 774 0 356 30 1 140 518 767 6 787 773 722 257 536 147 22 608 665 526 745 558 34 993 741 168 43 591 72 511 434 511 589 252 853 364 17 971 289 865 795 475 125 110 515
991 878 614 976 199 824 107 370 821 709 87 746 811 892 56 768 871 129 557 856 31 41 740 130 577 801 404 144 46 207 100 1000 751 499 477 600 387 282 886 378 327 401 115 886 925 1 747 598 929 963 522 355 5 663 827 871 156 545 533 502 677 991 753 892 109 398 4
531 915 104 136 677 829 433 26 891 827 308 744 373 356 78 438 834 296 796 59 304 649 93 393 731 893 179 212 820 602 324 213 335 163 199 989 134 838 601 812 640 605 600 937 747 923 692 605 360 841 665 688 484 798 175 749 519 938 202 596 4 705 23 406 691 559 767
863 62 892 592 893 129 791 251 565 34 409 254 881 26 705 292 333 966 230 862 84 713 701 717 315 425 905 271 195 695 361 101 532 4 76 412 450 354 255 910 218 777 870 689 318 351 993 928 995 589 934 718 769 614 38 708 730 823 394 767 488 132 758 789 825 445 436
318 594 352 503 990 701 262 198 776 648 508 814 882 893 167 932 460 771 887 817 562 653 561 106 751 314 303 552 423 955 521 721 186 244 376 104 708 525 990 657 292 301 776 668 638 429 682 952 30 309 162 189 796 275 878 639 519 595 143 887 150 484 486 883 88 80 214
773 559 857 90 883 145 221 459 760 643 999 313 254 270 424 270 805 314 817 114 891 594 647 934 46 712 796 340 594 876 874 880 403 463 477 72 469 726 965 236 889 421 756 568 696 19 908 57 191 504 219 417 885 868 992 795 542 689 537 960 518 996 896 48 833 295 812
9 785 704 385 506 958 995 56 844 633 53 951 53 21 230 379 602 111 289 747 596 209 425 727 500 860 121 287 34 27 613 250 205 523 751 855 350 55 872 122 847 766 119 334 356 567 399 933 976 549 742 658 341 414 870 1000 732 416 188 57 656 663 593 14 894 374 770
869 729 994 792 222 321 50 669 847 491 914 703 831 643 671 497 112 782 143 72 427 465 656 740 345 999 501 800 432 528 166 244 361 77 178 552 327 598 398 517 752 632 795 443 865 459 779 352 688 699 560 617 722 202 651 17 91 513 487 795 667 425 896 894 711 409 861
669 166 756 124 718 646 137 38 340 896 349 187 211 536 854 671 806 323 231 321 99 177 525 319 958 157 393 366 274 217 181 709 654 534 158 64 239 407 994 163 715 463 602 462 327 15 955 806 876 498 402 424 684 780 613 283 494 479 273 571 75 265 355 784 779 659 210
960 545 418 2 58 820 283 859 441 674 717 168 809 76 598 549 392 220 649 185 306 5 881 37 955 6 783 814 731 847 514 617 317 250 864 414 995 180 663 155 616 144 520 727 807 380 256 131 561 209 330 678 413 543 761 295 540 34 670 137 600 123 462 900 222 138 283
19 968 235 76 36 832 53 426 364 479 747 69 8 662 533 878 958 770 187 935 547 142 780 898 380 894 162 534 414 12 355 886 830 610 539 667 670 64 181 332 996 135 495 441 638 311 676 938 626 580 364 398 902 149 625 919 201 139 735 199 904 489 25 822 710 485 251
275 351 675 290 609 499 283 110 385 521 62 234 298 215 814 325 690 201 922 486 693 653 344 146 361 749 955 512 68 646 581 757 430 549 234 90 456 286 779 885 856 158 190 957 959 297 188 420 178 667 866 545 244 564 867 527 233 533 173 111 69 820 567 118 517 593 451
535 232 997 561 988 434 725 297 421 607 372 333 418 464 808 296 821 13 482 146 853 322 183 994 401 951 162 560 358 958 33 130 617 965 39 825 20 144 639 938 643 2 430 61 719 500 213 897 924 849 376 664 342 503 117 131 77 669 44 127 722 135 466 430 428 804 405
148 175 293 983 672 175 714 480 723 335 645 694 582 441 358 419 227 194 311 601 341 88 939 106 288 707 856 62 768 155 505 647 451 905 819 279 415 443 313 862 874 84 720 348 69 389 233 19 390 60 413 576 104 762 219 574 170 527 501 665 257 730 63 961 28 175 730
427 279 217 61 429 814 623 394 729 697 599 799 224 238 323 76 696 262 79 396 863 678 878 401 577 921 196 567 958 324 791 150 888 161 670 317 713 33 610 621 196 97 620 862 869 254 74 4 702 848 984 4 338 127 617 563 489 66 185 961 191 44 1 81 184 311 258
351 263 369 527 545 895 661 660 297 980 337 374 149 284 322 898 541 596 760 864 732 97 729 933 222 183 331 752 179 737 265 332 75 168 360 242 650 166 342 765 144 516 988 692 524 44 559 689 291 6 853 853 721 862 175 415 349 167 257 731 303 919 365 902 395 759 352
500 43 72 815 395 650 902 126 964 526 898 257 221 156 89 674 698 314 653 72 450 743 851 124 228 525 98 562 645 985 297 7 767 61 291 191 72 634 630 646 741 588 81 572 308 703 637 1 876 893 255 202 808 336 861 148 633 563 135 538 227 395 122 307 621 841 972
