4 17 82
496 658 75 321 190 286 766 68 992 935 223 398 211 225 341 882 146
293 846 963 955 111 358 648 632 565 795 867 559 994 776 162 170 759
61 580 63 946 824 660 640 855 755 718 383 181 717 468 658 467 587
345 847 468 262 341 252 544 166 279 49 64 376 411 16 488 211 357
464 700 552 344 181 550 363 348 595 28 954 622 719 123 277 632 185 775 657 754 297 384 542 123 953 55 933 332 444 767 268 943 613 437 702 836 759 282 84 837 989 801 676 336 346 880 302 14 13 8 780 637 450 0 188 198 4 596 300 194 177 31 592 917 897 491 371 240 37 29 980 363 92 149 690 409 577 729 369 390 357 948
910 167 923 790 937 918 746 4 747 590 285 306 794 604 711 443 751 641 334 166 438 139 510 774 868 295 230 491 916 456 303 948 668 644 596 607 372 348 571 564 503 429 572 398 545 944 956 136 875 21 668 455 764 579 30 458 721 317 240 237 350 803 634 934 772 805 155 958 112 354 934 677 640 328 211 407 576 623 406 329 952 958
204 272 573 579 629 459 94 904 990 344 359 454 663 942 746 87 128 78 750 233 356 734 17 834 745 142 190 605 410 637 553 585 211 357 631 737 309 808 24 492 136 248 262 202 714 565 535 875 856 75 572 497 230 804 739 811 711 501 703 540 43 289 765 86 795 616 378 548 939 295 455 94 399 648 762 743 395 593 915 197 334 426
376 638 39 198 393 887 622 187 589 501 820 122 421 909 740 742 278 853 840 199 451 16 902 371 68 191 54 941 804 734 21 775 315 600 31 933 537 982 204 55 85 385 205 215 392 873 253 674 80 184 923 792 869 304 68 950 357 216 212 241 249 588 319 244 693 881 13 293 96 235 113 761 366 952 433 805 613 974 564 147 825 986
798 10 601 20 990 542 214 897 764 807 161 235 512 630 39 76 926 187 27 729 642 1000 533 793 102 50 734 930 421 249 85 79 500 128 310 817 88 41 683 825 270 654 1 18 573 773 50 662 649 620 920 643 348 155 537 684 491 324 953 32 930 600 908 250 194 777 906 517 240 650 66 931 443 90 985 617 687 303 13 154 850 26
686 325 654 607 396 865 298 553 892 953 544 283 963 109 206 305 650 600 721 170 203 337 796 599 478 585 44 976 478 949 119 213 591 946 390 70 977 413 851 175 221 726 616 459 189 982 872 533 448 47 802 448 200 164 281 8 444 424 979 250 10 859 779 14 576 343 678 499 863 82 911 833 817 382 823 126 240 445 253 325 234 318
133 501 957 277 251 348 416 653 189 272 301 257 830 27 145 159 661 798 876 78 70 975 812 194 258 315 24 911 376 139 779 313 7 370 47 74 142 256 495 581 352 157 992 671 262 673 347 532 807 785 531 329 508 926 612 60 482 375 533 230 566 398 246 192 490 215 254 574 988 539 566 421 465 275 864 156 813 657 463 781 921 646
471 530 194 937 565 964 593 615 644 315 382 364 512 267 288 631 213 478 398 801 178 118 157 528 949 516 758 946 355 177 598 72 751 482 545 179 801 654 986 406 238 288 353 50 229 807 113 443 873 631 938 103 411 867 641 255 0 401 261 210 596 343 713 692 396 917 934 105 620 469 735 84 32 805 186 469 272 217 692 44 588 36
245 366 195 211 996 419 943 32 451 691 807 219 739 165 654 741 209 582 295 440 921 904 342 933 501 594 344 692 500 175 668 799 211 639 766 752 453 547 923 600 826 35 182 14 62 433 104 360 27 854 754 717 481 222 155 146 697 539 24 409 851 799 158 933 788 916 300 188 320 292 424 223 703 559 336 175 466 724 643 378 357 189
402 385 980 953 246 529 682 927 473 802 788 467 382 259 785 411 816 221 807 792 407 663 217 981 35 279 265 740 420 440 297 23 762 263 347 855 481 212 786 118 383 40 141 197 427 863 974 575 692 443 933 577 140 97 468 145 156 146 990 515 769 506 444 209 821 471 414 898 992 687 155 795 614 464 98 957 843 490 237 579 626 466
251 20 164 221 735 105 680 313 595 824 965 656 150 569 972 507 960 602 335 117 337 835 165 789 352 890 136 920 5 843 573 450 747 800 632 394 984 346 122 223 422 549 243 557 261 847 625 953 297 627 137 353 951 624 219 938 599 147 42 6 81 336 968 811 766 416 540 13 33 76 128 787 632 737 654 345 187 523 542 848 912 507
435 792 838 946 215 381 230 219 96 7 857 178 443 559 506 463 166 987 138 589 341 895 34 824 454 389 75 250 213 139 114 487 88 655 843 343 734 793 887 344 860 78 626 821 381 461 992 894 891 864 854 776 167 893 225 641 129 186 630 215 939 87 272 335 256 422 706 745 963 493 366 78 139 341 671 887 679 280 630 126 861 86
759 70 376 874 962 820 805 674 111 492 109 966 24 334 90 182 327 262 23 857 418 267 712 936 256 847 75 7 966 505 131 694 874 38 631 158 128 388 618 994 555 305 870 298 865 436 131 873 582 800 782 603 169 372 858 465 407 227 598 981 594 160 858 452 947 423 440 899 604 805 751 619 650 456 88 672 721 227 49 798 984 336
284 428 419 326 374 14 955 410 781 834 906 5 12 134 962 960 950 198 394 781 987 284 118 30 861 903 679 438 410 637 851 795 478 212 317 542 314 444 423 454 940 877 124 668 554 157 643 444 893 720 995 687 962 311 376 91 917 695 689 249 245 902 362 225 522 705 232 69 630 263 680 568 745 585 736 459 883 613 685 578 929 991
157 512 614 892 609 603 72 806 337 916 624 990 899 553 132 284 816 953 342 916 660 661 325 377 482 476 472 703 148 809 856 732 760 170 664 451 929 115 190 565 726 993 793 224 76 592 538 490 377 771 2 124 299 362 609 502 655 615 973 37 692 989 53 960 863 276 416 441 570 587 237 730 648 755 19 674 563 691 695 402 703 401
806 187 472 444 477 725 273 55 567 812 25 843 653 638 885 856 295 544 419 654 686 678 454 842 26 913 645 543 392 720 824 437 269 868 342 284 501 537 918 146 715 182 741 993 784 305 757 339 837 917 525 13 953 552 450 956 876 927 527 104 489 178 146 877 90 821 240 989 876 723 691 262 922 938 636 792 230 664 629 519 413 613
490 785 923 717 152 150 360 929 487 803 35 638 371 818 215 387 170 200 422 887 219 474 905 776 246 869 567 565 381 505 598 992 593 660 915 105 662 275 955 745 421 766 642 869 289 696 951 538 571 381 945 832 889 524 645 498 211 286 119 432 623 291 200 160 141 450 657 244 68 288 694 765 246 531 353 737 597 463 835 275 19 352
