75 65 63
64 285 206 429 597 849 170 380 874 909 83 573 400 570 593 424 889 86 846 32 11 265 905 114 109 672 46 772 565 89 845 211 61 959 20 127 526 731 36 219 918 716 841 482 396 590 174 686 425 873 637 159 847 880 141 361 938 316 104 527 844 298 842 543 791
683 532 707 668 504 444 340 851 753 685 672 685 319 565 278 294 661 989 636 979 293 249 303 442 460 455 436 627 781 239 800 674 657 313 365 368 465 377 515 461 616 643 613 101 509 836 433 920 273 812 363 597 988 939 371 414 409 803 508 438 925 949 862 585 698
693 756 100 754 46 532 21 367 486 451 62 27 666 44 644 675 314 674 924 62 351 842 559 580 199 302 877 670 443 9 228 878 511 917 183 507 527 184 806 504 864 871 907 411 118 700 70 141 714 837 789 398 852 584 964 565 21 666 375 347 163 379 646 949 505
356 438 49 233 457 168 401 792 355 92 795 264 254 84 809 579 708 106 344 908 173 88 32 338 784 39 394 672 20 15 744 806 686 473 633 236 211 782 46 134 764 790 526 885 377 967 430 380 310 524 301 325 544 742 913 766 275 740 71 515 925 21 277 848 914
746 620 980 285 901 67 371 877 496 990 919 174 308 228 833 481 204 594 802 128 283 161 957 761 175 610 6 127 669 887 4 207 316 760 29 394 622 814 180 810 748 963 282 904 171 319 79 645 100 640 106 240 962 36 319 816 148 944 596 348 612 9 219 403 951
915 135 959 303 272 92 520 666 929 330 730 805 483 767 255 330 527 824 830 645 266 753 456 915 664 560 442 577 186 834 467 585 29 620 975 621 474 895 673 610 460 990 218 522 870 334 787 738 765 862 855 153 647 575 568 423 821 165 98 966 122 976 0 974 913
361 754 357 238 307 551 193 321 483 370 689 120 94 922 938 261 904 161 202 776 850 180 552 128 544 430 77 227 736 366 998 460 398 73 917 478 386 392 277 896 678 678 165 380 261 638 605 581 562 763 421 791 136 14 989 409 635 421 646 759 114 168 221 93 32
465 106 964 683 11 110 63 452 31 940 597 176 172 720 413 685 867 629 391 41 96 518 984 30 127 633 143 452 383 166 769 142 793 158 766 214 548 97 194 288 885 268 846 772 115 707 542 861 549 222 565 705 402 802 923 339 507 475 494 678 522 136 436 846 993
33 567 946 544 857 478 345 594 689 117 308 933 837 809 308 97 26 909 987 26 659 681 950 502 995 822 49 963 813 136 6 255 0 420 721 748 944 134 810 407 917 434 9 120 303 548 740 395 887 101 855 386 989 271 589 474 739 416 566 187 704 996 794 562 241
66 945 983 340 587 275 432 52 461 329 626 777 369 218 502 158 407 842 95 27 914 428 473 861 257 764 315 527 99 975 364 701 590 19 854 796 205 601 56 583 541 121 844 307 155 902 933 682 665 714 797 849 436 524 29 853 584 107 663 310 915 611 109 224 916
495 632 833 416 11 47 794 141 988 762 548 993 226 926 188 423 628 879 120 920 871 170 938 863 659 626 495 419 63 900 633 262 108 661 961 197 623 1 81 279 789 212 975 532 199 843 768 803 678 438 31 703 653 700 859 218 235 557 419 51 55 764 541 714 748
154 485 16 470 107 516 779 164 469 164 610 47 397 626 940 758 741 175 81 503 771 898 768 414 78 122 311 885 517 972 870 980 96 896 894 373 814 31 918 729 424 352 39 737 14 370 268 434 421 549 357 714 75 46 143 142 946 243 204 185 958 320 826 800 665
733 592 826 165 248 539 415 671 196 81 581 823 210 750 71 36 264 837 107 287 39 331 889 978 670 893 383 573 676 252 668 564 258 626 963 636 851 681 605 805 736 175 736 159 650 360 302 408 732 806 362 519 822 174 331 899 823 396 345 426 917 112 867 986 294
15 162 713 464 928 316 77 496 747 489 251 658 20 798 633 291 369 574 97 122 908 12 23 935 847 993 748 719 799 822 930 946 895 462 480 764 780 796 724 575 442 633 838 730 473 531 700 979 682 808 982 407 918 145 561 757 855 530 186 220 949 94 446 472 522
731 836 477 886 188 168 120 108 408 490 138 969 729 229 164 550 671 879 421 834 3 26 445 46 838 937 726 249 124 215 251 297 857 752 747 424 899 433 703 117 466 54 198 435 520 428 519 15 466 582 836 490 169 384 569 262 450 737 275 734 109 953 241 468 171
266 508 520 571 49 972 153 2 659 442 500 385 926 858 214 101 4 706 140 97 839 905 394 880 625 554 402 589 811 447 229 29 126 28 812 19 488 390 228 127 328 848 833 791 974 621 359 299 871 258 761 554 10 479 55 301 54 920 816 777 240 160 438 986 22
594 285 792 38 205 355 73 308 821 544 974 369 282 981 423 674 867 585 628 131 762 956 673 603 839 235 632 258 574 732 557 840 509 433 566 376 535 817 37 876 843 142 705 757 90 809 551 272 355 15 252 821 891 756 279 886 967 707 187 56 357 175 294 431 947
159 809 843 901 709 819 80 323 405 218 390 224 28 631 794 813 430 978 47 961 106 191 357 568 350 516 266 509 958 380 980 339 890 226 720 913 954 492 134 214 498 504 680 964 986 250 671 595 997 689 273 894 797 699 504 82 450 592 944 5 26 660 164 751 763
992 706 523 329 942 667 441 725 218 480 285 31 546 265 792 716 173 80 441 276 270 218 988 220 387 42 945 238 981 967 775 200 343 466 531 761 634 870 324 329 668 777 644 564 984 837 496 484 255 70 809 287 609 586 912 284 629 887 853 106 62 516 303 938 25
317 971 31 405 386 407 265 124 630 915 269 349 114 25 419 611 290 274 404 477 7 500 895 754 908 208 558 759 622 603 756 682 523 34 762 905 579 887 159 324 393 124 62 777 353 113 420 67 835 660 243 588 680 641 721 965 167 82 899 203 427 852 744 577 167
37 62 466 883 810 737 277 501 993 324 303 739 232 587 438 23 70 156 896 499 835 789 581 347 84 792 122 695 366 904 202 176 132 991 938 517 808 610 379 676 381 115 881 75 820 717 77 971 739 701 360 574 617 35 724 349 760 686 313 323 273 411 247 550 288
84 626 591 334 522 710 515 289 281 880 520 905 424 750 17 887 49 494 132 280 582 5 628 83 982 603 271 624 871 771 263 944 475 96 955 494 607 819 542 820 418 857 696 596 439 136 150 101 182 165 908 788 210 961 157 691 427 412 445 435 735 985 735 547 221
543 552 529 463 487 849 640 33 189 979 764 871 214 712 543 502 969 932 769 443 68 426 638 403 514 39 875 906 667 924 527 583 901 497 200 703 753 42 535 371 777 3 532 162 563 44 113 71 25 122 53 484 288 632 653 420 23 345 967 708 356 681 960 767 44
731 332 631 464 904 312 966 524 608 671 378 88 415 535 4 356 605 142 636 605 15 655 135 572 17 932 579 865 467 921 713 547 366 363 35 650 855 89 723 983 305 317 563 304 274 412 872 46 99 147 342 170 261 319 378 162 77 532 943 551 407 244 220 423 276
258 850 713 363 993 569 69 341 902 768 467 980 241 609 80 771 247 902 329 138 468 157 713 103 93 822 323 320 279 188 907 820 883 907 396 417 363 228 127 510 265 672 614 606 159 791 583 960 466 145 500 963 373 770 855 360 301 892 930 590 40 469 9 432 40
768 728 499 287 652 788 559 543 999 136 743 92 577 38 252 730 741 186 640 830 42 417 353 594 115 163 145 489 736 885 494 754 96 936 189 408 93 523 216 67 807 420 656 320 308 657 237 960 559 217 710 425 614 617 353 99 668 915 241 325 273 619 317 350 917
760 912 587 554 329 253 602 761 974 532 931 164 978 108 263 581 954 486 177 79 800 713 74 174 642 576 947 729 245 399 360 249 472 301 182 279 167 667 75 113 638 994 986 443 747 91 481 235 610 866 757 675 596 395 926 776 587 756 843 244 769 564 102 824 940
94 292 592 262 982 568 172 410 447 636 597 92 406 822 605 439 706 87 655 614 908 480 135 471 138 860 812 689 367 669 270 399 512 844 635 156 466 986 966 54 105 15 866 234 875 597 800 59 111 321 90 816 959 639 540 866 655 427 574 112 214 301 577 472 829
650 877 183 50 423 135 352 99 439 46 815 981 760 49 219 246 929 825 199 182 627 435 798 693 447 968 357 985 889 26 432 828 549 363 432 747 6 799 831 720 737 824 536 539 629 512 587 5 782 714 376 209 876 901 701 378 366 902 968 998 813 684 85 998 266
7 954 182 927 206 707 276 931 491 520 321 310 368 706 818 239 969 612 938 207 464 286 531 763 624 357 321 91 455 193 289 556 828 782 62 71 241 14 922 703 11 586 592 953 512 517 710 976 940 529 126 15 16 830 784 997 961 326 847 73 150 563 159 70 707
556 855 174 862 51 569 586 89 570 573 116 549 603 734 176 677 183 22 332 953 480 54 721 568 339 838 789 745 236 580 113 168 441 309 682 296 938 383 768 254 647 92 402 188 715 972 163 484 537 767 88 646 292 404 733 389 926 299 53 566 448 149 82 93 682
263 192 279 507 827 475 508 420 958 929 416 722 785 566 200 765 632 291 805 695 755 185 667 647 167 847 752 939 766 77 385 299 289 259 380 899 517 254 805 290 856 192 371 140 785 576 972 89 141 607 162 492 464 519 820 524 711 702 980 630 590 419 29 482 978
864 85 24 452 209 272 763 606 592 579 992 422 573 577 602 92 291 540 125 865 267 899 557 260 529 558 402 422 497 149 8 163 983 624 326 946 215 448 898 60 814 415 21 237 645 899 704 724 235 322 941 200 32 496 296 897 535 990 959 632 759 525 138 470 702
80 396 361 880 955 857 836 375 709 436 794 231 78 564 100 709 844 431 651 434 625 280 543 464 715 397 591 339 807 230 773 11 363 778 880 595 924 856 263 622 482 968 914 670 904 986 678 879 816 126 585 489 377 553 119 484 315 247 843 862 829 299 565 36 998
726 479 408 456 736 328 869 226 966 334 265 862 280 430 148 618 177 143 787 251 332 321 533 661 648 496 531 990 114 862 231 719 316 485 389 929 169 134 1 429 867 78 147 220 264 83 423 554 558 159 902 106 466 788 464 165 684 56 375 72 304 721 784 583 719
846 543 478 112 141 261 105 585 919 250 348 831 908 213 17 936 184 305 20 506 231 473 194 667 576 6 71 586 129 353 744 321 107 862 393 485 557 783 681 859 698 727 351 192 841 698 619 690 391 535 746 155 189 933 325 123 946 538 677 508 853 891 585 547 265
730 691 25 901 296 480 571 138 137 907 508 781 219 45 535 796 941 793 437 348 560 946 138 101 756 28 382 101 39 199 870 727 193 898 148 872 499 39 890 157 545 724 954 881 185 896 276 916 993 989 139 210 315 460 15 386 527 924 404 511 150 690 824 529 297
213 596 260 851 263 913 135 398 256 907 160 732 810 303 401 382 62 372 955 510 767 990 634 554 849 835 795 869 851 277 800 177 477 789 338 26 163 320 32 818 77 882 326 454 168 233 23 722 906 911 581 168 582 798 767 402 355 604 264 20 77 835 623 270 856
593 874 135 743 827 496 78 176 879 321 63 816 695 16 50 825 191 345 393 821 605 775 749 712 377 134 417 329 931 302 533 384 662 360 419 638 412 811 276 113 836 329 371 476 644 349 854 633 113 345 851 375 305 723 86 585 519 365 556 188 783 825 774 898 960
973 914 870 737 485 350 63 1000 22 31 108 232 827 377 564 107 351 365 574 113 637 8 434 144 218 538 37 200 542 541 625 401 349 679 607 380 149 476 484 139 537 917 767 263 153 822 668 3 880 143 387 655 696 37 107 404 340 682 581 55 160 77 51 896 66
641 474 348 984 711 646 157 193 472 210 485 700 908 27 450 884 372 54 431 947 785 660 764 46 36 530 515 721 621 310 511 461 716 53 694 25 352 992 201 132 539 423 297 54 876 197 459 923 623 135 870 706 16 934 904 268 186 494 676 979 788 952 877 731 672
625 631 839 35 827 889 639 167 939 751 622 402 413 677 716 776 331 391 213 377 961 399 905 48 202 210 223 265 564 772 1 12 331 474 988 944 241 771 109 826 139 515 99 393 221 369 577 187 147 838 358 612 986 878 741 549 864 161 215 60 246 912 717 613 583
492 412 132 318 423 637 670 271 989 222 29 735 550 772 645 246 631 489 954 602 582 986 994 333 170 337 243 67 735 123 770 395 716 583 845 995 69 188 676 484 43 683 151 544 741 911 1 829 74 127 429 493 447 28 614 236 126 619 737 345 193 128 165 801 883
656 29 342 584 729 497 129 318 402 182 819 236 672 611 639 879 107 575 495 644 588 520 332 370 377 785 333 644 46 705 252 473 197 94 70 223 522 316 577 825 517 466 398 72 158 702 921 210 791 830 151 235 929 283 953 834 909 402 660 34 430 33 575 659 355
941 900 256 305 518 735 963 868 123 253 486 739 352 353 885 8 368 945 931 117 737 895 696 558 335 498 745 265 106 797 262 510 352 593 465 22 394 169 927 819 447 810 765 120 810 699 318 48 60 910 924 445 834 282 21 38 143 13 163 698 889 334 920 877 444
633 55 710 869 843 250 452 84 79 88 695 196 851 1 194 268 405 885 548 257 912 432 139 58 915 981 308 60 842 406 103 662 312 178 761 286 556 988 12 583 913 354 714 981 587 711 869 212 852 676 746 543 628 68 39 179 649 581 334 471 503 823 668 102 391
52 389 873 969 29 43 880 859 588 51 135 329 23 514 911 660 395 184 293 198 355 238 38 793 203 150 561 491 299 297 146 994 339 510 942 933 468 199 865 739 522 355 97 185 818 17 422 780 644 578 826 596 972 786 618 187 149 913 266 347 377 868 88 57 993
223 729 411 384 369 47 916 894 164 117 872 215 878 477 353 722 890 936 219 777 508 672 679 966 729 622 305 835 529 48 590 796 786 605 309 561 126 650 831 832 839 739 965 223 359 96 436 439 742 876 983 588 554 843 355 920 626 866 452 177 579 918 125 804 759
115 681 14 554 94 178 72 796 651 836 696 609 626 464 592 445 404 388 982 373 261 636 61 126 782 810 450 970 48 351 515 432 518 515 84 337 469 507 577 923 177 318 659 377 165 571 789 155 170 603 523 193 164 699 410 325 311 680 289 903 940 22 803 64 923
755 277 480 850 726 781 0 469 899 935 186 765 341 314 360 553 572 238 157 849 347 869 920 431 359 220 864 558 418 291 0 577 12 965 247 201 364 800 599 80 4 35 32 340 684 558 428 157 532 955 121 910 760 921 268 412 363 788 546 286 874 690 268 233 973
744 229 215 219 609 427 631 227 913 328 182 399 555 96 826 245 530 809 212 844 221 672 983 867 782 634 298 492 105 486 463 224 387 267 28 913 344 881 236 202 703 408 583 306 173 332 332 701 421 931 784 494 298 547 401 679 640 938 587 968 541 411 654 168 555
641 927 574 121 635 685 566 971 146 640 575 100 629 993 544 350 328 477 60 925 296 687 412 823 350 697 216 643 310 62 98 913 834 96 32 479 658 391 565 918 865 431 800 28 853 435 566 824 288 6 921 673 105 91 484 881 237 40 466 915 455 625 619 761 205
203 464 189 227 405 103 794 552 569 808 921 766 569 187 241 224 69 661 231 824 527 950 15 154 631 550 788 7 793 128 27 679 238 260 887 960 523 844 840 6 361 940 894 151 617 908 11 174 254 799 882 247 690 823 336 761 699 561 692 810 775 796 74 634 573
556 8 672 829 723 308 758 765 266 174 599 453 233 576 712 319 571 651 186 100 230 816 654 668 786 229 180 203 179 812 725 922 357 476 528 826 836 484 318 41 147 849 127 689 967 623 576 180 97 748 615 430 846 593 988 906 870 408 39 945 685 919 251 53 938
969 338 478 222 679 981 727 939 415 848 54 970 555 505 495 358 88 254 704 157 679 232 32 891 335 63 669 729 789 759 934 19 849 210 438 246 9 771 358 601 68 149 729 379 644 122 181 264 614 335 447 561 439 122 925 673 471 925 576 907 284 27 23 672 909
410 580 739 658 658 924 891 709 586 85 574 161 174 700 16 697 432 391 210 406 611 765 993 980 907 852 280 323 267 666 797 871 268 398 616 942 196 562 992 319 686 965 821 764 280 862 41 642 13 285 960 918 471 536 639 740 509 21 743 936 444 30 480 996 149
125 977 108 679 558 109 458 163 473 160 448 292 288 497 3 138 262 143 981 537 146 324 790 540 15 950 375 253 115 392 867 211 982 627 575 278 735 121 861 268 368 154 337 996 106 30 923 713 744 920 793 51 942 77 587 989 677 413 91 807 119 52 513 381 935
501 204 624 474 448 325 224 151 330 178 396 844 815 116 147 971 305 13 978 802 702 801 838 845 74 990 518 686 573 822 452 175 534 155 895 680 984 247 800 730 162 77 828 170 991 526 225 489 194 798 384 597 287 159 935 141 494 468 416 845 477 49 342 515 910
53 119 718 909 244 621 618 882 725 64 500 820 244 823 161 194 25 887 206 801 442 753 202 861 48 206 874 780 16 276 609 514 18 483 995 380 261 346 26 86 252 215 121 602 644 272 979 156 664 411 410 697 17 132 578 454 203 658 472 152 919 50 458 76 302
861 510 212 560 726 870 774 145 640 915 622 29 126 344 312 364 43 490 297 531 47 569 869 185 304 251 132 365 445 432 261 446 30 820 370 790 261 724 21 813 913 320 218 341 465 959 560 170 548 118 394 710 99 912 229 875 113 353 806 296 922 485 207 233 474
717 683 696 218 704 693 702 746 276 394 516 351 84 854 939 987 234 751 106 701 784 138 470 491 144 203 876 85 886 601 234 136 936 803 787 507 254 390 421 548 185 227 248 63 122 809 153 720 228 437 970 480 778 89 607 692 775 992 504 355 456 242 356 29 715
254 51 232 497 891 374 442 984 997 532 271 70 332 101 113 259 58 302 585 987 332 157 490 155 752 299 150 656 879 39 961 940 467 918 317 563 468 463 48 387 278 227 830 894 113 523 928 856 610 278 739 96 781 86 901 680 263 878 211 721 140 597 413 444 657
17 921 149 805 772 267 911 194 854 715 739 728 957 480 737 894 501 632 406 623 730 461 44 249 83 255 425 585 724 730 619 331 548 201 225 587 57 187 847 445 3 198 424 652 936 800 630 183 975 861 536 73 48 666 824 400 193 628 153 812 932 433 3 48 962
259 732 80 522 170 79 33 793 59 94 826 75 369 517 385 299 979 942 839 974 633 760 668 775 342 953 497 961 427 773 213 575 441 452 190 188 163 967 513 295 281 471 700 622 873 354 28 323 983 208 381 586 353 107 546 354 552 65 772 480 264 45 446 281 192
262 163 568 265 897 142 865 313 720 721 193 98 945 921 696 535 874 107 275 282 182 814 683 943 691 125 898 986 181 508 210 770 726 477 288 121 609 4 544 902 107 867 689 31 36 781 495 799 896 104 493 407 944 867 889 597 400 191 295 68 856 40 976 97 852
514 645 433 943 780 488 726 532 626 585 102 644 626 837 294 249 742 743 278 278 854 686 451 696 200 743 972 331 515 930 963 290 43 572 375 856 483 73 674 667 265 967 829 122 208 127 348 801 537 882 675 11 483 729 58 688 829 709 231 450 929 618 368 490 423
168 429 871 617 41 327 928 183 542 824 759 848 469 80 418 650 300 711 43 701 119 442 865 862 1000 569 128 914 701 710 818 560 177 753 894 475 240 53 410 427 236 697 944 374 692 367 662 955 228 869 356 309 747 532 850 186 25 113 93 818 899 543 498 683 319
401 447 773 231 801 53 657 694 105 451 274 186 693 422 51 912 619 387 589 636 233 365 896 513 183 931 408 676 1000 322 392 42 326 820 520 36 888 581 44 882 736 227 420 598 655 868 113 44 58 406 694 530 757 756 492 653 662 108 318 988 753 830 130 104 772
498 855 124 959 624 923 646 723 74 829 581 134 204 715 565 790 769 466 851 382 993 486 948 658 613 881 716 292 606 954 612 1000 592 397 661 413 995 676 390 664 608 540 227 196 730 810 263 487 693 186 33 863 920 486 925 563 292 319 934 697 793 63 285 377 754
739 68 860 132 245 580 533 873 631 62 17 395 743 714 766 122 259 68 78 386 664 550 812 281 750 505 996 352 643 550 919 318 865 255 351 65 48 14 323 782 164 353 235 156 434 769 417 620 955 769 183 386 662 763 122 244 72 467 423 628 328 76 377 967 669
879 330 844 881 734 966 914 422 620 610 15 60 83 348 307 891 144 888 831 877 353 951 107 383 539 169 829 935 413 250 411 465 860 221 587 157 630 217 176 776 597 517 580 561 677 614 157 798 259 711 584 647 791 346 294 131 541 22 226 160 565 195 352 815 136
60 175 159 360 827 739 700 503 548 297 151 945 117 114 871 906 373 87 224 479 414 932 731 962 888 66 711 912 906 189 312 399 641 110 719 791 968 73 994 158 279 304 266 766 84 862 724 567 892 314 188 58 152 658 331 80 18 498 149 268 117 226 433 818 306
649 928 353 66 765 619 946 287 756 10 565 718 920 958 174 506 871 915 235 246 292 759 668 613 441 252 716 601 244 218 514 651 868 622 957 112 319 481 34 548 167 247 890 757 442 202 218 555 791 868 273 384 551 422 648 284 897 282 43 441 397 248 583 24 564
940 184 670 826 2 313 140 184 834 935 683 531 496 128 867 297 851 255 50 33 820 943 884 80 200 757 659 618 193 937 242 718 948 139 623 673 381 21 633 347 131 280 264 166 553 571 745 939 904 372 116 379 594 308 18 965 511 159 771 814 384 537 138 944 96
952 893 233 703 6 540 137 133 868 271 149 319 458 844 721 769 704 963 507 995 277 779 591 568 886 909 934 208 758 544 864 737 495 381 504 729 431 19 749 975 713 748 579 607 887 596 659 54 492 114 362 457 638 880 117 136 100 363 234 112 653 256 10 56 842
150 915 298 578 583 79 19 618 741 537 594 292 881 163 998 695 388 165 626 449 589 889 829 27 331 88 600 876 258 346 663 127 455 283 564 390 595 356 313 383 679 935 38 964 802 383 36 9 514 931 91 155 157 950 441 172 486 120 958 948 971 325 39
619 968 153 908 565 206 766 905 479 634 739 240 896 910 711 788 605 523 448 546 919 380 286 504 541 662 395 726 753 450 440 579 576 554 510 178 566 481 721 65 471 715 201 398 27 750 536 414 508 55 762 466 203 909 863 453 858 323 750 482 252 324 820
664 339 396 224 104 965 490 991 718 4 42 59 960 314 284 273 610 488 596 870 436 120 676 266 986 667 223 572 633 547 634 920 77 652 172 862 245 258 141 862 555 936 469 47 779 409 272 401 671 330 768 317 736 236 555 542 3 556 376 339 964 996 889
107 571 89 507 256 286 376 492 599 271 592 754 387 565 567 973 957 921 98 279 63 513 629 654 763 478 502 621 704 287 747 834 556 622 282 447 773 310 705 143 175 926 318 999 326 517 123 804 115 371 512 371 580 887 584 424 226 751 666 660 82 264 496
251 507 779 896 930 24 8 484 885 813 99 367 800 650 888 558 615 629 346 432 536 45 535 894 268 682 764 791 742 354 26 718 413 878 514 36 372 319 873 624 847 752 235 324 777 811 231 216 662 825 818 633 964 115 748 590 99 582 411 857 366 421 250
290 381 833 23 269 396 611 458 631 801 420 507 115 215 995 806 634 95 612 131 25 615 343 265 161 138 934 878 267 289 47 826 57 185 969 762 278 108 571 623 753 488 470 436 299 342 267 723 33 511 740 336 206 149 68 963 815 723 733 104 471 333 145
119 198 874 274 418 743 222 830 821 904 491 662 705 500 450 197 386 198 863 568 833 726 890 292 932 746 858 865 351 79 987 181 666 341 337 78 13 919 268 88 44 721 426 578 43 427 876 218 932 432 269 222 106 667 747 312 653 431 976 919 258 70 150
283 447 197 514 615 409 185 872 462 114 273 383 205 448 176 902 406 57 602 194 336 990 612 507 631 780 595 340 106 884 531 632 522 940 426 974 556 876 153 816 617 313 699 278 443 44 660 752 569 299 906 876 286 892 747 89 276 207 284 64 525 369 449
899 299 59 595 316 826 734 565 415 365 511 823 71 626 779 144 816 522 353 532 822 959 758 379 838 391 122 472 178 965 566 262 88 979 511 33 244 725 518 276 789 517 575 389 128 822 38 411 478 596 181 647 364 211 461 955 766 718 495 896 302 701 111
359 213 33 46 896 416 83 335 406 421 235 838 452 45 768 744 671 300 830 938 256 707 283 69 725 806 552 872 575 254 48 60 192 85 183 330 750 721 744 910 49 646 25 207 59 591 744 195 917 10 665 641 604 590 945 51 544 151 26 503 508 100 731
919 633 532 701 401 340 142 385 412 460 588 136 248 497 679 488 268 154 250 765 888 490 589 216 729 552 447 436 745 483 660 653 775 120 698 173 530 657 271 703 442 764 782 813 634 945 128 156 489 884 25 644 430 615 473 157 443 880 187 162 930 649 769
625 338 198 99 549 362 359 326 771 977 66 340 540 791 141 158 721 379 261 802 684 104 989 671 468 87 845 579 991 211 706 43 637 198 476 617 952 917 434 341 899 587 403 172 935 648 883 986 201 628 262 442 75 644 492 606 431 157 719 846 508 385 882
411 943 919 506 6 236 496 808 651 704 809 974 448 320 473 538 460 333 328 641 783 642 691 849 176 472 433 522 68 380 827 632 736 125 246 850 148 242 944 519 277 559 691 438 810 936 424 202 539 691 923 592 319 812 718 111 718 657 162 787 237 382 607
560 611 887 618 141 564 388 239 582 240 682 271 770 90 262 387 451 273 395 218 452 573 33 175 743 510 842 75 139 14 587 897 826 618 742 351 735 108 252 608 87 75 185 425 482 144 539 787 936 611 498 535 876 252 945 109 248 325 518 278 551 627 358
853 693 267 78 314 36 224 412 832 225 40 659 892 336 641 752 714 520 154 135 873 233 967 733 170 524 212 255 625 851 929 834 804 838 584 134 896 720 75 41 754 956 451 262 0 980 318 751 230 189 612 50 809 321 46 968 957 444 515 516 903 890 885
329 952 707 92 412 652 850 548 26 990 898 640 513 498 735 258 89 498 491 415 287 801 166 295 343 490 725 669 689 443 299 484 735 586 569 851 559 164 128 692 146 171 983 367 666 269 285 918 80 568 199 481 341 270 497 788 156 319 714 187 493 944 329
918 536 707 825 373 442 607 634 412 951 891 338 693 126 614 620 293 590 987 509 604 396 518 531 817 551 428 170 705 882 687 665 698 847 4 398 231 383 472 982 918 539 223 254 794 202 544 429 947 899 472 656 658 447 999 699 372 45 660 34 357 469 314
706 421 596 474 688 173 159 193 63 477 321 26 264 346 596 892 674 677 877 682 28 48 10 697 703 882 117 945 797 222 602 761 710 852 520 523 9 725 256 499 604 539 742 435 470 39 496 905 132 978 767 566 620 733 716 891 636 268 359 30 32 103 379
226 290 587 937 683 867 296 972 396 311 344 52 803 265 172 784 380 587 271 91 663 949 19 139 139 53 428 133 10 177 371 888 698 846 792 712 530 528 578 816 73 3 443 493 705 518 856 322 49 392 312 755 651 403 301 840 267 574 498 72 276 24 795
893 732 142 61 238 283 542 906 103 551 867 148 782 910 817 718 1000 418 915 223 582 418 793 512 628 466 731 504 470 825 265 787 374 119 59 270 976 895 607 427 886 699 190 686 609 55 84 93 14 185 425 963 47 780 591 299 707 5 349 758 349 599 318
684 310 983 380 421 962 620 132 670 498 559 391 607 896 544 211 830 942 190 801 710 929 805 864 142 213 348 210 499 649 828 548 56 507 542 520 341 542 563 638 921 935 33 463 418 908 566 618 216 770 957 897 402 183 937 472 593 72 208 619 153 597 740
496 562 396 768 788 572 723 613 866 561 671 242 274 158 513 446 884 631 686 920 684 743 102 1 202 47 664 995 485 477 214 162 401 145 456 515 373 366 772 283 74 118 308 632 520 475 621 493 34 822 868 518 38 793 942 440 192 471 552 364 612 12 670
938 871 49 739 383 629 488 892 78 498 713 278 641 714 204 678 721 632 717 828 511 990 885 510 485 622 899 795 442 950 302 790 387 376 464 635 508 551 908 609 607 229 703 901 174 463 129 628 694 24 88 170 832 913 101 361 115 219 702 347 691 852 831
246 991 868 929 428 610 485 12 818 352 197 574 185 97 408 59 972 975 757 487 494 168 336 732 79 994 218 397 644 831 121 658 720 287 211 591 982 647 591 9 668 923 539 552 954 122 737 639 795 553 637 646 840 112 135 398 699 786 930 761 18 676 47
983 36 796 674 970 387 181 913 813 394 884 931 608 465 599 147 840 136 873 791 629 842 744 908 782 882 557 483 88 215 176 895 850 863 692 783 342 191 621 251 105 32 899 360 763 562 377 563 634 585 603 61 179 261 934 929 58 232 300 480 279 73 437
240 37 374 948 651 753 631 838 737 473 543 589 349 133 53 469 258 779 129 658 529 653 437 115 758 336 928 214 349 488 571 666 270 245 323 208 311 318 976 99 545 822 306 212 173 431 770 282 529 427 388 198 252 277 200 16 108 306 751 549 748 687 979
531 615 132 391 28 47 296 107 526 585 51 394 897 84 481 729 31 563 393 214 936 764 353 874 821 640 829 522 760 930 398 1000 590 910 178 630 864 830 314 305 394 435 958 755 839 341 355 107 808 476 685 505 572 639 438 731 457 419 530 292 823 940 907
752 373 286 494 75 711 655 136 978 343 996 792 575 244 623 618 969 411 397 28 357 576 303 654 4 243 383 344 830 77 353 202 177 954 58 702 160 983 363 299 620 409 928 765 710 113 649 294 834 215 944 211 634 54 626 231 94 233 383 326 181 101 319
566 238 467 480 107 67 535 319 36 390 766 956 172 69 28 714 47 992 662 295 819 739 504 633 676 971 169 451 802 781 996 778 830 247 423 68 847 645 965 40 419 500 34 421 557 935 555 247 805 148 976 976 683 540 877 392 697 96 803 409 316 853 484
299 806 334 507 862 791 141 816 205 406 854 970 156 573 777 621 9 653 842 519 209 904 326 404 66 555 164 267 345 32 747 904 316 313 77 920 142 434 588 195 498 602 263 691 783 46 513 314 255 528 1000 72 579 170 421 326 283 844 723 40 800 66 392
286 362 117 288 783 970 685 116 629 126 53 49 711 509 56 276 707 50 789 933 94 238 890 456 337 110 296 851 752 259 528 607 764 992 536 668 556 264 678 891 356 237 261 204 453 119 491 399 936 935 777 464 210 561 402 817 92 287 11 474 594 611 45
657 142 327 300 429 211 507 306 143 639 658 54 664 345 451 442 219 453 92 900 385 496 874 703 864 778 643 243 39 904 343 496 67 875 351 997 775 864 621 901 154 233 166 760 686 464 293 655 828 665 656 156 887 399 340 513 136 706 351 205 175 129 518
483 699 458 888 333 537 851 237 844 955 989 899 779 905 892 814 867 960 677 457 484 369 543 614 192 565 699 494 288 151 762 910 488 740 871 733 364 155 854 301 955 381 233 408 811 519 363 965 177 426 59 785 145 768 121 31 54 869 885 577 114 198 368
894 482 372 919 72 783 813 734 551 157 279 155 313 326 703 160 504 747 798 756 576 675 613 569 983 158 487 751 279 415 901 296 476 24 349 309 612 819 604 45 893 928 704 599 777 899 135 741 703 959 234 187 504 746 259 671 901 734 244 134 360 720 833
532 341 564 648 16 290 134 687 634 327 982 418 758 823 908 796 91 677 591 200 139 221 19 541 932 167 632 601 220 742 70 793 856 549 213 324 951 141 272 721 421 177 386 547 765 504 35 17 937 100 633 346 226 923 900 827 737 476 807 220 63 67 25
117 772 274 689 994 983 360 859 368 700 788 713 66 769 916 142 791 954 735 488 555 586 80 374 871 618 866 721 785 837 919 69 133 774 9 113 673 476 664 933 772 165 875 404 64 813 708 305 169 390 456 509 142 77 855 313 259 822 84 258 926 736 657
887 62 974 799 76 696 888 998 262 790 386 170 983 589 166 963 183 525 916 758 120 573 912 437 482 351 586 791 721 556 778 873 852 693 613 476 538 734 514 514 54 193 5 5 72 938 400 841 438 442 719 90 778 753 948 925 244 472 77 240 444 674 592
350 739 44 869 299 213 491 84 841 608 46 124 257 180 205 832 663 97 262 510 924 64 829 735 948 203 935 853 913 679 873 178 896 158 961 167 922 660 727 365 152 403 239 902 746 462 680 425 528 975 693 24 839 877 84 109 656 998 132 553 108 406 416
747 322 238 868 771 971 692 295 45 739 416 112 814 960 866 817 571 986 460 644 871 548 970 236 899 843 269 598 33 81 411 314 973 755 796 179 664 567 448 89 920 510 761 32 924 504 426 965 381 218 305 949 535 195 850 872 508 61 647 507 676 458 802
671 443 250 19 120 937 983 885 916 830 986 772 884 257 489 749 749 859 759 453 443 791 923 340 893 245 437 580 902 642 753 399 107 1 558 500 51 725 283 196 99 665 662 225 359 476 88 276 746 959 762 606 163 959 839 485 0 166 432 364 145 918 11
975 682 190 806 198 137 166 279 69 411 744 471 413 210 400 345 719 898 953 91 85 134 48 670 286 333 49 581 774 369 924 52 691 124 918 262 555 345 822 460 638 531 84 694 364 232 633 578 294 67 361 667 31 179 519 649 743 378 935 116 884 596 665
17 850 898 782 302 5 482 635 834 475 523 24 847 77 662 451 295 925 51 219 526 550 267 970 426 680 689 782 297 861 657 363 362 973 675 953 89 198 677 736 785 706 915 49 172 253 372 212 205 364 404 243 391 507 668 829 325 906 643 146 902 706 168
779 597 643 851 497 471 116 589 541 699 582 768 612 993 465 78 242 84 158 250 375 935 427 128 111 125 319 400 145 682 534 191 939 796 575 344 902 243 9 597 695 79 495 810 726 990 523 323 888 609 899 906 232 459 996 633 67 98 639 446 480 22 539
346 479 802 97 152 737 864 370 788 246 992 435 365 737 974 19 86 225 795 619 164 452 647 936 504 600 643 22 325 454 325 21 775 485 656 962 409 47 145 120 334 179 565 811 241 394 492 26 895 386 936 718 264 761 835 577 759 209 851 306 876 446 248
862 556 392 14 49 428 103 311 468 73 900 859 152 882 606 253 615 707 879 10 54 256 696 722 750 391 917 558 710 489 73 698 191 801 393 225 345 923 709 260 274 740 56 285 75 399 979 347 890 211 612 425 925 238 513 584 23 394 473 370 898 336 150
871 559 739 925 811 803 300 764 139 39 11 544 954 421 734 234 641 153 827 897 981 28 155 188 650 298 382 671 753 189 253 22 549 933 82 164 569 935 193 273 260 260 492 208 635 414 557 846 54 684 941 324 152 879 585 899 601 180 896 456 333 302 458
117 924 599 192 876 921 899 796 427 293 176 958 581 285 374 169 478 694 638 649 769 872 968 814 960 714 811 427 541 466 433 275 830 659 824 259 705 796 834 470 118 119 745 438 837 950 717 914 66 927 171 890 261 870 423 230 744 365 10 510 163 665 259
223 225 162 778 215 943 31 209 757 533 452 486 526 226 241 477 282 42 423 274 957 836 424 412 107 904 493 982 552 244 623 940 374 905 926 334 50 329 745 223 252 588 24 208 960 22 948 809 231 461 723 834 211 912 398 441 799 838 695 608 341 368 225
211 871 96 636 595 416 155 727 272 610 406 983 436 71 707 107 999 571 193 229 526 688 763 536 728 228 903 192 220 753 957 931 185 537 568 279 306 831 824 215 975 544 512 340 437 5 149 228 362 907 432 794 902 996 31 187 315 293 339 412 68 922 82
982 733 367 353 666 397 448 183 490 110 913 756 642 825 835 483 776 890 14 258 959 841 854 217 559 670 841 972 414 208 636 605 12 353 256 456 49 551 325 882 209 764 875 658 618 420 667 348 254 867 484 723 238 703 581 801 458 973 1 48 78 903 651
588 79 369 594 949 853 349 704 1 192 427 825 578 286 317 154 373 51 132 965 905 807 848 196 254 144 144 342 101 317 845 704 195 729 897 710 950 217 508 231 286 452 271 763 497 295 721 798 216 827 278 297 404 282 926 589 57 390 679 642 493 441 39
650 856 690 916 274 696 444 489 584 889 68 617 957 334 76 108 847 4 926 871 276 483 937 971 391 754 732 69 954 811 13 650 810 489 233 796 772 211 23 126 861 537 105 350 394 578 197 8 356 850 928 561 840 504 769 47 981 501 224 415 577 251 270
213 258 486 373 801 519 580 491 563 473 55 942 310 370 743 159 598 340 921 90 459 654 771 837 776 1000 18 162 846 179 496 959 426 59 476 75 135 173 466 273 240 540 287 698 704 694 769 465 940 35 738 0 321 883 351 397 42 376 873 910 97 463 332
902 969 543 876 107 701 79 382 580 935 964 536 260 160 132 861 618 95 239 309 229 112 9 161 233 532 988 100 253 517 338 542 711 933 767 153 630 147 80 92 318 17 113 997 216 297 394 332 966 581 670 77 257 1000 363 274 70 504 310 260 15 784 752
487 362 912 284 112 254 41 752 973 746 938 660 226 756 173 174 712 285 353 948 435 693 228 964 64 254 456 956 672 25 412 158 846 169 648 591 588 623 728 469 144 864 603 101 945 163 776 556 719 268 734 602 285 415 991 931 307 120 996 1 537 304 53
997 551 588 263 206 966 134 164 873 296 11 89 682 218 526 324 664 299 498 576 997 164 379 525 922 903 16 300 312 416 306 521 486 135 238 648 681 999 646 601 205 769 779 896 31 112 390 326 500 467 969 115 912 125 231 640 62 99 698 476 480 198 116
65 217 377 618 540 96 319 566 117 680 931 27 753 345 117 328 427 937 741 579 953 581 964 494 695 932 320 10 294 563 177 141 960 678 631 39 884 486 43 472 642 977 755 763 219 895 754 371 339 148 136 509 313 966 271 883 193 560 179 630 471 631 853
134 158 945 877 470 853 652 313 309 462 386 435 120 765 386 599 655 739 524 221 733 870 360 744 906 796 121 407 475 505 657 21 105 266 189 194 129 35 281 339 519 391 469 501 419 78 1 40 847 300 242 250 391 761 752 931 354 967 15 549 741 905 27
696 471 548 354 515 765 338 668 86 186 792 640 103 450 989 239 879 570 87 131 883 427 641 395 120 708 631 753 417 75 416 509 661 671 35 914 484 60 561 761 716 687 665 1000 729 465 2 845 412 88 675 523 53 831 142 49 855 414 398 975 978 349 434
595 307 865 763 979 731 359 483 268 477 716 72 159 818 915 757 404 898 96 632 18 630 116 695 356 766 613 246 650 738 495 287 128 638 404 126 183 276 655 844 956 54 85 323 831 629 773 685 492 918 137 795 801 249 91 65 469 35 835 888 987 505 232
602 371 772 432 758 730 501 149 971 93 905 19 997 383 966 767 125 328 344 751 644 649 745 868 805 394 818 510 429 212 567 367 444 570 882 238 520 965 586 788 665 533 909 625 302 774 430 727 790 668 592 216 859 822 0 629 884 298 559 539 104 280 430
659 187 842 803 589 655 165 954 854 419 122 760 376 672 135 204 325 941 816 461 685 306 968 782 552 523 320 604 731 906 225 682 14 70 83 64 308 1000 743 212 169 368 463 122 115 276 512 591 57 51 708 370 494 258 625 79 250 332 809 515 715 45 650
489 178 949 198 127 243 721 69 31 601 629 492 787 226 286 437 295 833 245 845 549 636 277 991 140 537 394 683 674 787 179 756 1000 202 389 498 881 208 394 759 247 402 685 141 279 195 548 761 61 369 313 250 510 71 557 461 301 762 622 314 447 191 642
216 998 40 853 220 714 581 77 178 58 352 912 631 583 127 774 986 572 361 718 142 269 631 29 840 540 8 452 975 160 99 303 212 104 138 964 485 722 738 903 383 753 70 199 488 127 841 414 431 773 893 501 365 420 706 696 309 472 873 299 764 827 588
854 738 426 708 418 416 905 302 813 449 319 634 338 114 919 882 911 147 497 9 804 867 896 749 391 744 212 556 55 929 167 372 860 918 353 4 524 882 851 789 460 784 261 494 81 616 897 196 291 937 636 717 120 782 325 227 308 994 775 578 0 429 5
