251 4000
1 8 862
51 69 672
80 41 373
107 21 475
18 212 60
74 231 368
195 83 698
212 181 307
41 83 467
62 208 280
121 38 875
73 194 977
124 223 828
6 36 144
126 6 593
3 195 651
194 178 558
52 171 593
240 162 999
62 170 296
22 194 496
222 129 574
240 172 339
2 178 989
195 189 198
37 230 785
148 218 690
73 24 629
71 221 162
69 137 961
44 40 269
45 145 499
72 40 610
186 188 81
20 16 107
200 203 382
154 110 741
124 86 819
206 36 94
17 16 194
169 58 571
64 92 838
79 80 657
174 227 319
121 75 767
186 139 724
104 137 596
222 168 113
119 102 115
14 138 674
21 232 839
172 233 278
176 185 500
167 40 231
238 92 127
248 77 55
26 218 555
175 26 669
5 78 905
135 83 443
227 88 354
123 18 851
191 46 923
124 33 893
102 53 808
148 28 624
233 136 327
113 57 185
174 251 630
174 136 98
188 38 233
221 180 439
247 39 40
47 3 379
100 92 83
114 127 461
170 206 567
64 94 583
220 153 258
175 140 879
91 92 622
196 115 206
176 211 752
227 47 776
68 75 703
115 243 189
4 57 900
82 217 764
243 69 397
210 6 247
14 128 423
1 38 710
79 100 548
66 38 293
20 178 331
199 165 567
225 6 256
223 172 33
104 106 144
1 133 763
144 58 863
16 122 76
93 167 206
202 131 419
10 250 161
12 15 102
202 240 116
54 192 981
125 9 594
202 232 512
166 251 770
180 225 995
184 197 17
92 81 75
197 66 856
231 13 895
232 123 690
95 106 747
175 86 630
129 244 102
249 7 617
90 129 647
204 160 952
126 122 997
61 50 438
174 191 33
154 201 465
43 160 75
242 198 871
109 2 222
145 222 59
120 234 870
216 182 982
54 39 662
208 48 18
205 141 469
111 38 800
220 25 599
201 55 475
102 126 704
197 80 36
152 74 59
117 56 85
165 215 343
77 119 917
182 103 85
203 64 37
88 223 861
110 63 422
93 164 430
160 191 813
115 135 616
78 61 409
182 165 180
242 9 324
225 118 514
221 169 415
147 37 976
119 39 314
155 205 484
34 117 145
83 167 822
216 40 177
188 70 345
63 10 901
174 21 665
4 156 582
194 49 895
204 162 488
197 188 192
95 228 527
220 183 299
149 28 345
89 107 574
230 171 738
250 90 96
101 70 923
60 98 81
133 129 538
57 50 416
244 127 579
94 95 789
144 133 930
58 6 980
125 244 207
208 24 433
16 251 385
177 218 821
99 165 276
218 46 367
104 21 969
2 47 105
16 160 273
202 30 695
103 123 522
26 236 325
239 69 794
215 106 504
72 183 335
107 109 974
91 148 710
122 44 325
105 122 357
117 17 181
251 139 458
225 207 591
105 75 842
146 71 644
222 64 624
12 120 823
218 56 978
168 176 268
228 60 479
89 203 608
7 105 230
124 129 252
139 152 337
144 192 703
41 232 441
180 141 546
130 184 895
138 152 846
108 6 945
10 184 907
66 162 935
197 15 97
91 222 204
238 148 986
199 98 26
6 153 788
118 128 740
235 71 162
35 250 132
86 39 419
125 26 381
75 70 69
75 212 243
95 147 57
67 99 76
192 105 31
179 130 443
183 1 97
61 133 808
157 67 837
120 115 43
107 59 580
89 23 856
147 211 25
213 91 829
203 231 80
67 130 747
196 114 388
43 224 473
36 234 621
149 23 447
10 176 136
49 25 350
157 110 575
77 175 412
23 179 970
55 202 427
177 247 430
9 186 110
150 155 897
153 194 320
157 219 272
66 19 378
3 82 886
45 19 872
95 40 259
119 229 421
39 31 634
77 99 572
215 211 169
187 192 693
41 90 296
232 105 219
61 10 864
211 4 185
132 72 630
138 142 464
198 46 729
62 42 884
226 24 260
225 174 122
105 109 433
197 223 414
224 143 11
221 147 396
234 230 578
164 98 125
22 250 515
243 70 403
169 118 65
21 191 150
221 54 552
40 155 640
240 246 267
3 66 197
248 241 811
38 131 287
152 128 312
82 196 84
172 224 46
98 229 481
105 201 91
171 219 283
33 229 812
22 62 954
99 215 779
237 27 1
71 179 238
101 26 676
9 166 978
181 174 551
84 170 558
93 82 397
25 74 794
135 138 30
170 126 317
75 142 218
133 228 431
162 69 575
182 53 494
165 81 597
135 110 133
129 197 709
56 109 970
189 203 416
2 234 542
118 117 544
208 25 52
160 45 10
177 223 815
14 36 859
7 235 8
27 249 290
239 1 62
17 61 305
194 100 809
187 245 364
197 51 951
92 233 278
94 235 542
68 107 276
182 221 537
214 17 201
120 190 191
191 192 774
172 170 664
69 84 241
61 103 730
112 52 240
166 66 504
189 205 734
246 228 755
41 112 162
45 236 66
30 224 814
224 60 81
167 218 811
182 9 753
9 188 404
7 85 708
250 143 370
75 234 516
247 120 390
83 30 109
7 180 335
163 87 233
37 36 710
225 140 57
83 235 304
159 249 68
147 190 395
215 87 597
70 13 431
127 192 15
29 215 594
147 205 870
47 240 79
163 159 525
19 212 154
174 42 803
148 23 408
15 226 752
227 120 834
42 111 539
51 65 874
110 97 684
19 12 44
21 126 931
48 14 671
237 7 81
29 23 234
167 137 669
162 88 369
234 112 443
192 184 347
146 234 891
104 120 263
75 106 459
130 234 954
175 69 331
171 35 217
55 106 632
16 72 981
189 36 344
225 56 987
94 133 37
100 33 152
170 216 392
3 239 326
246 111 419
157 29 552
104 31 802
88 60 456
21 178 489
236 153 520
225 196 186
240 243 518
68 169 732
180 109 192
200 31 968
77 139 779
248 14 345
165 105 124
127 207 476
156 133 276
120 151 872
213 27 870
25 224 513
209 92 638
202 117 483
108 213 712
8 52 436
206 61 952
61 110 705
9 21 515
6 139 464
76 5 173
99 248 114
24 232 800
245 22 973
143 138 738
82 21 87
94 218 801
197 74 461
168 23 254
19 27 917
96 246 512
39 183 501
105 70 371
223 144 864
1 222 381
112 119 398
134 225 957
35 109 246
130 141 840
159 48 545
80 47 961
94 223 13
23 158 587
159 166 77
203 106 355
193 162 5
161 164 826
96 148 26
4 164 357
240 159 636
220 5 199
180 172 112
164 190 795
74 29 147
177 150 282
220 192 574
176 45 340
198 132 467
105 126 525
136 145 259
97 78 514
47 152 484
136 27 568
11 172 850
129 88 390
92 131 271
236 123 796
177 251 466
189 62 41
158 186 54
117 194 471
18 166 151
99 26 420
43 145 525
86 36 951
143 46 716
224 102 305
212 110 584
170 92 771
114 8 643
168 162 196
187 251 820
171 37 590
31 248 987
247 36 323
71 218 337
153 164 279
32 243 505
206 51 130
172 111 719
103 9 663
105 38 433
38 214 900
42 18 246
152 192 679
182 157 645
4 208 394
49 167 667
244 27 971
18 210 128
48 143 651
142 99 110
229 30 186
211 150 977
130 78 344
54 34 975
176 220 483
214 120 377
24 164 325
11 189 856
240 233 23
103 173 255
217 27 254
23 112 858
1 28 460
75 245 578
100 128 453
222 173 856
248 63 694
26 248 475
213 89 370
207 132 541
228 101 397
108 44 660
88 93 302
215 62 321
244 151 89
206 63 839
94 236 265
221 170 421
217 84 771
127 164 73
217 41 141
140 165 738
97 57 630
70 12 647
130 139 412
75 226 183
154 210 852
87 81 407
206 78 861
98 21 450
195 88 678
138 158 340
173 227 134
169 20 203
219 170 485
53 38 221
168 156 800
229 124 751
249 63 674
216 73 227
162 61 582
20 66 456
157 45 278
68 62 336
173 56 556
239 117 871
165 190 273
31 168 186
34 52 129
132 50 213
13 97 21
65 46 213
23 161 284
210 105 623
112 63 458
173 191 148
187 88 873
242 224 922
69 80 929
210 64 207
27 90 971
91 152 812
13 128 810
180 146 542
28 88 548
206 85 729
243 25 311
244 79 792
36 132 995
150 58 792
242 164 86
12 178 805
122 187 241
154 132 567
205 40 562
215 110 858
58 59 505
191 216 582
18 22 111
175 138 959
149 58 927
154 191 807
185 125 460
102 98 59
197 88 608
50 46 551
19 141 986
214 129 241
199 136 815
144 82 471
246 248 776
82 227 232
179 232 373
90 7 660
176 69 603
119 230 800
146 220 506
128 106 5
243 197 199
181 200 874
193 37 644
225 188 271
182 10 475
112 189 460
97 225 964
144 111 621
6 191 572
69 214 685
74 222 670
195 224 513
212 127 882
72 63 541
169 69 298
241 136 193
212 2 441
1 138 169
53 187 539
126 45 216
77 115 321
108 63 743
93 208 360
219 140 724
205 107 917
140 154 302
89 189 435
86 202 405
101 40 277
13 101 93
154 45 150
146 43 367
43 89 848
20 84 259
33 139 699
173 15 354
184 195 302
118 39 955
197 7 39
132 117 18
221 63 307
166 185 207
117 44 710
103 60 209
80 216 409
33 145 106
218 232 802
119 186 462
114 120 391
78 142 157
13 100 568
80 223 167
126 220 774
217 38 670
116 187 638
23 116 103
83 134 43
221 242 610
152 168 347
56 166 819
190 48 389
73 45 231
239 131 631
42 238 804
229 109 480
222 131 318
173 186 621
118 190 869
58 141 719
112 18 235
146 44 764
170 149 796
56 99 680
115 129 137
90 116 538
246 168 125
55 246 922
180 33 31
81 179 744
182 184 854
173 87 163
195 177 395
192 28 249
54 89 399
216 143 820
51 190 306
227 56 333
123 40 379
111 135 194
16 169 278
102 22 22
14 206 62
168 39 802
37 176 267
179 113 51
136 250 934
159 205 934
137 180 709
88 79 907
243 30 167
83 119 603
98 135 369
49 7 948
115 56 141
148 26 431
202 108 123
97 224 890
107 135 98
63 83 850
180 19 868
40 25 925
122 167 889
225 231 268
87 193 237
165 111 876
61 74 528
231 188 758
119 27 368
184 128 138
25 97 593
204 138 439
185 36 608
8 208 344
181 37 319
14 198 560
35 222 546
34 86 655
127 2 271
17 212 471
37 155 849
154 91 44
191 238 974
170 29 679
24 80 15
78 46 667
206 175 459
100 58 817
247 80 797
204 5 294
69 26 789
222 90 599
196 198 730
89 25 606
125 35 623
135 92 804
235 239 187
106 66 994
180 135 880
172 176 52
171 147 627
189 9 272
215 231 237
98 36 980
90 74 193
205 45 506
87 142 559
239 248 777
228 172 391
102 208 645
153 80 340
54 122 233
76 160 976
69 205 613
204 152 484
102 28 620
201 93 618
144 120 804
121 123 10
209 75 90
77 33 807
152 209 535
153 193 924
160 194 416
206 189 488
28 16 17
24 171 345
108 17 663
241 23 864
251 94 15
189 117 660
61 225 701
195 20 405
209 220 740
42 3 225
190 136 426
97 206 332
137 164 15
154 168 47
150 66 97
64 179 349
107 81 793
171 197 61
121 42 63
97 71 841
112 24 416
159 188 802
107 72 400
12 150 991
28 189 242
162 124 572
96 191 207
210 96 511
114 21 562
96 196 416
228 98 590
40 73 942
213 139 910
171 193 486
212 238 602
185 180 385
47 44 619
160 13 999
161 219 353
139 94 308
54 46 146
75 163 165
19 192 795
143 161 245
207 1 396
10 36 889
249 73 52
12 76 20
151 23 80
51 79 799
189 87 641
134 113 511
91 116 56
10 188 540
16 166 532
131 127 817
240 107 365
72 22 717
234 16 175
3 6 777
109 5 371
178 54 550
32 198 34
70 100 981
144 149 961
25 45 471
146 6 433
116 205 497
135 183 275
20 133 466
123 35 706
16 197 997
180 210 886
138 45 305
32 6 857
47 112 680
166 163 614
158 13 562
87 9 666
173 54 427
34 17 555
216 119 94
191 35 531
3 169 380
86 198 944
152 97 648
150 30 78
179 36 902
8 122 992
68 224 173
10 122 761
29 149 132
145 176 87
100 227 654
69 151 9
132 187 568
58 183 1
187 236 572
137 33 656
1 131 408
28 14 991
214 68 291
229 230 685
152 61 574
164 61 937
202 250 963
155 193 541
140 52 645
145 67 905
28 197 783
138 214 519
35 150 682
197 234 295
167 105 966
43 36 353
210 110 187
218 20 550
166 179 681
37 245 15
38 213 390
137 135 769
181 69 972
193 190 433
169 185 885
124 100 442
151 169 820
203 232 992
96 142 948
241 119 647
6 92 84
218 69 842
66 164 447
27 1 879
93 9 393
39 103 66
50 4 771
125 36 909
135 177 583
244 184 354
104 224 877
36 63 434
93 103 477
19 222 103
195 181 117
135 131 432
57 6 685
222 112 864
9 227 598
59 177 255
163 132 137
64 128 719
29 225 386
146 222 442
75 175 617
144 158 695
163 148 842
45 68 338
165 32 62
178 91 892
27 5 550
73 60 471
107 43 113
9 98 670
234 247 925
156 122 264
235 193 344
207 238 480
207 143 957
191 118 683
1 140 325
5 181 374
154 244 344
107 123 382
31 216 997
179 85 785
226 165 614
188 194 35
127 149 945
243 147 837
47 162 517
17 45 268
55 229 753
95 6 228
64 83 455
85 164 291
171 249 837
58 106 908
179 215 88
95 120 857
67 131 716
176 190 589
132 179 254
49 76 530
208 157 105
61 174 702
155 175 29
217 32 835
216 77 114
24 32 495
81 29 550
84 95 381
98 138 127
141 11 491
34 224 164
101 43 399
187 118 43
35 221 941
170 229 167
154 184 269
118 6 824
156 30 947
33 28 940
235 74 146
175 246 928
210 204 581
42 161 496
198 249 51
153 245 363
107 85 725
109 9 673
52 102 618
173 224 573
178 79 640
12 200 584
52 49 393
21 89 844
104 9 276
23 172 50
70 88 620
192 212 494
104 208 605
56 48 9
188 237 30
98 232 892
205 218 713
57 68 472
39 71 682
56 238 364
38 128 304
145 92 225
141 175 260
40 12 66
10 85 788
245 100 367
22 14 1000
236 5 579
120 7 371
206 127 502
164 185 779
39 21 659
227 81 764
213 127 672
114 241 113
203 144 860
159 182 419
90 96 341
184 177 102
144 9 979
94 177 428
195 78 38
189 172 561
12 73 524
226 132 464
107 238 450
31 13 880
148 105 658
19 4 425
202 17 84
221 201 355
138 193 326
202 215 657
190 186 786
235 18 25
2 103 515
163 47 898
182 196 813
67 74 614
215 30 674
86 209 102
165 156 487
164 236 352
250 231 311
112 149 299
138 82 792
227 206 829
125 167 535
101 177 224
223 195 596
209 149 554
39 211 527
96 158 579
68 148 539
164 198 517
243 241 725
240 84 978
15 73 990
36 17 392
56 76 916
153 60 365
86 93 558
227 97 629
115 80 541
147 194 807
207 18 251
186 183 715
122 27 266
130 3 57
71 231 874
166 238 685
35 80 505
19 9 491
166 45 764
176 43 422
53 231 573
134 246 827
24 135 585
141 27 576
202 147 655
26 216 118
245 166 258
230 34 903
154 235 83
25 152 962
110 104 385
17 227 69
12 111 730
98 142 441
16 164 735
219 136 934
21 200 556
87 184 431
232 89 679
20 13 73
46 201 193
57 41 17
185 1 183
196 238 557
189 54 29
113 52 399
46 110 842
7 145 739
90 126 556
130 140 405
180 177 561
138 176 389
8 233 810
93 211 701
1 178 658
12 179 688
124 147 929
16 241 531
73 117 206
100 178 52
210 222 86
18 93 767
233 191 445
79 129 259
176 115 611
122 129 946
29 153 53
21 115 819
216 145 867
49 165 710
165 187 435
100 102 178
83 27 371
249 200 808
96 248 891
165 114 271
228 179 592
37 139 244
1 103 138
51 109 373
140 224 897
35 42 545
124 143 349
242 53 29
131 134 768
179 128 925
17 106 676
112 229 241
102 142 259
167 113 132
119 198 516
173 12 931
41 104 591
111 97 521
251 129 529
42 21 278
78 26 131
130 37 688
32 180 86
10 154 362
251 82 474
167 207 568
8 27 65
111 70 518
205 227 203
145 244 682
120 233 590
76 177 565
110 99 339
43 56 281
97 94 22
178 29 125
58 138 122
91 12 159
204 214 914
139 230 289
44 140 935
230 96 351
10 27 719
154 189 611
234 193 970
15 112 536
230 110 598
95 72 177
204 111 865
249 110 269
39 12 378
102 147 948
159 112 16
38 13 349
125 187 985
21 141 797
162 203 478
66 69 838
132 16 429
158 160 988
137 52 265
144 107 74
16 127 339
67 105 697
104 70 895
244 108 974
77 194 466
192 112 382
45 216 917
114 156 415
159 222 925
202 206 405
178 81 873
162 44 297
20 4 34
40 149 583
197 23 561
105 57 661
25 127 545
120 67 568
9 185 603
91 223 370
237 30 720
239 199 461
120 145 203
64 147 585
11 162 870
34 240 77
39 62 523
92 232 170
166 55 84
1 109 700
122 64 605
116 51 292
142 191 879
214 114 577
126 244 638
100 113 86
219 103 722
50 183 222
57 83 494
35 176 946
186 35 312
239 9 451
194 5 999
68 46 210
105 159 75
150 132 809
2 177 385
31 83 801
148 92 10
96 190 259
140 80 572
151 121 544
92 10 849
71 107 639
205 32 574
169 57 494
181 72 658
81 90 981
132 235 274
19 18 515
235 144 382
27 199 519
246 218 246
169 33 719
136 31 359
225 121 918
139 240 394
242 126 941
157 216 224
175 61 985
19 44 116
123 76 956
107 96 483
57 76 836
75 202 749
69 105 709
11 164 308
93 135 580
240 41 56
179 4 100
14 243 134
89 224 393
103 133 868
174 62 829
206 182 60
153 113 544
155 223 699
187 232 844
204 37 968
95 230 193
188 58 242
129 85 284
94 125 10
1 18 953
142 38 577
17 113 222
131 74 329
74 182 915
32 35 600
94 191 853
229 148 63
98 22 904
153 159 381
100 114 13
137 152 983
191 206 986
105 66 412
165 159 172
188 45 336
57 43 481
205 224 935
44 184 293
139 208 717
32 232 16
183 97 815
39 108 191
142 106 50
11 25 355
124 58 657
219 155 296
204 195 11
186 157 56
168 92 110
134 81 942
69 152 468
232 148 143
145 148 59
173 192 622
154 166 667
184 206 628
154 155 398
44 229 725
190 217 977
181 245 743
238 140 940
96 19 388
109 189 370
158 75 523
48 241 41
134 209 119
128 126 277
170 108 287
166 51 995
57 31 538
209 85 75
9 233 474
24 245 414
170 236 583
82 80 418
77 158 815
24 63 218
232 13 30
166 249 243
82 214 617
24 237 919
158 103 228
245 73 767
6 152 166
235 148 176
26 244 171
83 40 76
31 73 513
95 189 802
175 33 327
218 152 112
232 144 173
35 247 693
184 246 825
213 78 148
120 100 485
67 134 368
135 12 931
20 215 330
166 235 143
23 84 292
233 100 868
26 88 700
196 2 628
189 5 513
198 13 652
154 203 227
65 227 76
250 8 379
79 122 952
103 104 96
135 161 849
65 234 774
146 160 489
130 159 687
7 26 759
179 93 214
220 166 954
50 41 402
15 67 479
113 121 969
12 75 911
68 33 146
251 140 991
200 228 130
85 120 977
40 15 682
149 30 998
181 128 604
242 114 970
78 35 306
81 228 684
88 166 905
132 145 809
245 15 950
42 240 400
108 36 579
116 122 591
93 214 922
217 145 987
124 222 238
223 23 931
191 115 405
7 149 355
105 37 901
175 15 600
68 35 897
92 226 174
194 40 801
169 156 544
237 231 991
106 97 788
242 148 781
191 121 300
229 217 302
3 2 878
23 173 64
67 82 406
114 172 84
28 117 133
220 187 622
246 8 156
225 116 387
115 44 451
63 187 572
125 213 372
125 122 819
48 124 439
92 104 327
67 43 70
210 119 249
39 111 212
53 237 438
26 179 157
99 182 31
210 77 781
17 38 330
56 42 560
57 225 561
246 217 516
106 217 403
3 175 419
2 124 269
87 48 480
43 190 177
24 198 240
217 81 358
53 62 626
47 242 452
111 88 149
169 94 867
128 168 135
140 35 680
131 21 626
213 239 898
196 129 407
31 212 998
202 128 380
186 16 77
68 220 469
14 107 632
23 45 240
38 81 573
217 149 823
168 189 623
51 167 834
68 181 493
248 176 439
20 183 179
11 179 948
224 191 884
65 167 489
98 30 867
24 161 759
48 99 240
113 33 458
38 221 114
39 36 711
127 30 283
160 244 552
176 107 964
141 211 792
71 224 929
39 240 293
123 129 940
233 237 76
87 107 770
93 46 635
188 224 885
162 19 779
22 6 273
173 42 935
155 71 339
34 187 869
140 24 364
106 122 977
145 117 628
214 35 526
48 4 255
106 62 398
160 111 706
114 203 258
229 177 202
213 134 186
12 88 42
167 37 394
109 77 887
163 66 698
39 173 167
117 228 476
99 199 634
243 10 622
244 166 30
101 29 150
3 141 914
238 175 137
178 38 366
62 75 733
133 68 647
132 238 987
51 36 550
11 219 456
237 104 121
94 124 824
173 248 255
66 222 380
47 6 481
160 104 964
165 218 509
217 124 274
14 20 998
147 227 942
168 87 975
127 251 950
140 95 735
129 112 978
130 53 283
210 208 610
21 129 931
247 144 238
102 48 918
197 196 976
212 163 587
4 151 274
178 163 359
105 79 490
214 225 831
75 114 296
189 197 961
119 41 333
199 202 301
182 88 566
160 86 745
241 30 522
51 141 695
241 190 283
60 81 130
28 104 571
210 39 228
136 237 874
51 207 70
110 112 34
114 144 80
234 59 447
202 16 328
87 123 814
108 57 150
24 16 434
173 9 803
30 46 392
238 43 707
143 85 679
231 109 137
71 215 351
172 218 759
30 197 502
203 171 61
146 22 839
52 127 219
121 107 296
38 36 960
221 137 150
50 45 96
249 214 900
247 136 1
57 2 219
92 189 462
138 220 791
180 11 535
26 169 667
1 227 890
69 165 550
196 209 90
147 136 378
109 247 195
10 23 304
15 58 98
40 39 585
5 24 613
109 131 373
54 223 67
119 164 654
14 133 399
192 186 116
70 216 847
8 20 795
175 2 886
146 49 568
225 3 123
91 226 489
114 185 765
218 176 402
133 80 532
107 237 573
28 228 628
13 234 59
35 170 102
151 150 446
87 157 710
4 38 359
85 221 857
133 226 936
162 48 296
120 160 249
40 220 645
18 138 588
64 208 506
49 59 569
241 139 540
33 247 378
94 76 390
195 251 976
32 130 382
41 247 136
200 8 554
28 235 424
128 174 286
134 143 182
162 149 763
175 38 837
215 178 197
27 9 939
11 192 222
91 13 859
159 98 828
188 104 551
179 124 492
40 96 836
248 203 545
139 203 757
237 114 244
111 44 403
191 177 36
5 57 546
107 4 304
102 239 335
197 75 843
127 250 358
199 213 686
141 195 539
20 161 825
211 249 514
145 248 924
83 112 482
229 142 69
107 192 682
118 69 339
96 10 248
163 32 852
68 205 846
224 134 100
4 11 990
122 118 7
69 136 735
114 227 566
165 5 773
66 157 47
60 89 756
37 90 982
173 237 78
199 243 610
100 238 134
26 205 623
2 23 639
152 184 86
220 22 634
65 215 825
242 217 771
44 243 373
200 179 7
170 118 467
150 234 471
239 133 979
17 130 554
96 183 733
65 113 790
202 13 908
37 58 435
6 72 237
11 70 248
163 1 37
61 63 638
183 7 831
79 106 255
238 193 432
181 228 365
174 164 106
52 161 746
100 6 113
185 235 981
123 13 283
135 46 196
225 103 696
243 231 963
184 239 378
141 24 967
25 164 372
100 1 672
155 138 624
12 130 480
237 211 827
246 233 813
240 145 343
11 12 823
190 62 977
48 194 491
2 76 923
6 25 445
193 65 97
112 28 259
77 107 412
60 36 67
224 73 1000
109 195 560
243 56 836
131 88 486
137 47 768
40 147 754
107 251 27
95 118 425
242 46 806
14 204 803
241 13 805
117 89 778
31 246 442
46 47 729
100 43 919
25 163 33
81 180 307
241 37 29
186 63 83
32 105 81
193 194 716
194 122 633
199 36 496
150 119 695
45 86 730
9 45 43
229 18 651
96 155 493
99 149 125
232 37 472
143 144 704
86 251 677
174 83 940
115 15 503
214 97 20
237 102 811
176 119 527
214 72 778
26 238 976
136 212 79
62 196 759
89 243 326
19 61 807
197 217 39
173 182 638
80 63 989
143 111 586
75 42 408
182 137 547
157 143 522
158 84 332
231 222 805
157 205 501
143 193 87
13 48 986
95 10 487
131 140 938
30 216 868
143 230 622
41 235 513
184 220 869
249 251 714
25 170 216
49 151 336
87 110 352
86 119 944
204 142 568
56 198 98
52 117 497
17 206 694
248 21 180
12 54 141
15 26 435
3 91 470
194 102 192
1 249 499
142 89 984
138 196 771
103 183 688
79 121 384
75 230 931
96 130 945
142 51 960
55 238 940
20 151 170
116 28 657
179 63 556
249 212 776
45 48 111
105 194 605
204 54 176
76 131 30
62 234 100
229 201 395
177 169 776
124 183 15
11 245 770
190 162 687
238 226 422
168 55 666
79 119 551
184 180 31
6 59 744
206 65 348
77 45 781
123 63 10
35 103 70
61 236 756
228 185 117
151 18 48
138 2 528
238 79 982
54 194 298
219 187 906
216 79 279
190 173 974
217 204 411
109 129 576
82 221 442
146 7 213
29 63 332
174 130 741
19 204 529
80 118 746
78 228 672
38 30 219
108 60 287
28 190 311
70 36 480
103 113 893
10 50 321
158 2 595
95 217 132
203 213 633
198 158 6
119 43 266
227 116 627
11 148 834
241 172 236
249 140 89
184 225 730
202 156 243
153 135 489
219 106 484
51 61 119
79 128 39
243 47 649
238 63 803
145 24 209
237 103 824
251 243 111
215 70 255
144 30 783
232 91 853
100 89 977
72 135 964
209 221 278
163 37 102
86 158 535
6 125 484
10 137 455
154 32 151
248 69 949
165 90 510
49 131 589
243 75 758
198 213 439
231 146 582
24 179 55
1 23 298
208 20 436
87 18 488
100 81 610
148 136 667
122 146 731
192 135 915
90 230 888
59 50 689
126 99 738
98 7 347
215 117 720
3 43 132
35 71 477
145 208 888
18 99 317
190 218 261
6 9 638
231 238 3
191 240 277
111 72 43
52 69 267
135 160 475
153 156 615
158 224 411
139 146 940
183 170 68
26 95 271
80 114 212
139 238 472
81 83 680
210 12 802
180 98 742
16 188 509
120 54 982
77 11 198
164 112 9
143 171 523
209 128 192
13 173 821
158 94 215
75 238 933
48 6 323
106 159 527
97 178 658
194 10 635
210 15 955
8 179 896
171 110 311
124 97 785
208 109 559
63 111 425
57 173 736
121 174 506
12 134 744
249 18 220
44 16 189
26 140 951
50 21 664
3 160 838
153 56 475
82 99 403
94 109 241
102 26 331
157 19 801
79 160 403
132 227 560
1 124 883
88 169 581
154 159 193
185 236 948
201 98 965
55 147 319
246 160 230
80 131 599
219 98 66
97 216 203
217 57 763
19 65 187
75 53 401
212 30 557
237 168 669
108 214 405
186 224 574
170 42 540
34 113 909
123 49 347
60 145 340
231 193 127
142 196 906
6 145 209
166 168 88
190 84 886
2 75 874
213 24 900
133 250 887
51 95 211
122 171 844
27 75 473
112 86 40
203 95 139
130 9 813
3 133 102
213 28 779
244 85 710
123 169 880
162 184 946
156 182 732
146 175 426
141 230 471
116 7 191
218 229 698
154 113 106
80 87 111
103 21 872
112 146 528
82 47 420
249 195 333
160 202 337
106 143 702
71 246 621
161 106 43
113 155 16
245 217 400
27 181 95
119 174 927
104 233 623
144 23 895
54 62 822
100 230 631
20 177 535
228 250 570
222 7 796
43 215 88
221 1 818
222 205 860
224 5 492
176 204 341
17 124 61
22 196 569
132 175 666
199 214 764
29 28 598
239 120 314
123 105 166
33 75 488
217 1 180
130 199 157
130 51 244
216 128 815
181 225 129
36 110 705
49 4 56
190 156 766
208 247 137
12 152 463
13 182 332
159 198 897
1 174 333
54 48 30
206 251 650
200 204 915
144 245 123
43 123 573
40 114 973
36 137 124
145 116 460
77 83 623
83 188 342
78 95 948
5 228 610
148 194 533
43 69 472
66 147 242
232 23 465
86 10 756
241 116 935
209 188 805
49 196 703
57 122 767
101 31 982
95 36 612
53 145 191
1 70 535
87 188 638
43 20 419
211 129 845
95 225 292
82 48 213
66 165 961
66 60 936
29 100 872
151 86 502
144 96 674
94 32 970
247 11 960
165 74 414
18 119 759
236 8 662
43 53 678
129 81 667
79 214 666
208 143 758
3 180 241
110 196 63
85 2 199
187 6 920
154 165 34
28 166 687
195 54 537
168 165 300
164 133 162
243 190 377
147 164 331
87 64 307
154 89 384
175 201 222
211 196 531
230 15 660
170 114 357
150 175 711
134 117 90
121 217 157
149 117 854
189 40 175
84 117 982
216 196 710
244 224 978
205 117 297
93 43 179
89 169 845
143 102 696
11 36 343
101 209 429
101 147 55
154 54 803
93 5 260
103 203 8
50 190 311
237 169 995
33 61 555
8 12 791
211 132 775
27 124 14
21 19 80
140 98 215
238 120 946
172 60 74
210 135 120
107 98 957
224 154 786
115 225 5
227 68 422
113 169 420
3 116 567
54 209 835
230 33 61
45 47 332
107 84 471
80 84 752
188 101 276
41 178 56
105 44 200
165 146 669
169 5 530
186 29 162
114 187 163
177 105 510
56 62 216
4 169 50
148 213 797
230 91 132
201 146 448
27 41 573
240 119 790
54 42 856
203 190 221
235 190 699
105 93 858
4 6 574
12 36 279
137 46 496
163 44 477
133 232 994
14 32 744
228 173 39
32 249 659
229 5 546
57 219 43
15 59 532
82 195 712
26 131 894
190 142 830
103 45 934
215 201 371
103 138 600
69 68 430
115 103 304
158 18 264
247 81 374
138 190 979
96 60 970
57 152 682
135 239 833
56 240 183
88 219 944
192 2 657
244 146 732
113 108 713
30 220 441
74 88 293
207 98 385
59 137 164
84 160 89
160 19 430
124 205 508
55 9 46
12 41 781
201 49 330
141 73 337
18 242 592
22 49 501
60 204 28
8 90 188
158 4 908
224 178 313
141 202 45
129 57 318
122 246 381
154 188 199
148 2 656
17 234 769
139 34 239
238 237 91
75 30 704
220 118 168
85 58 384
106 34 669
157 194 250
10 147 666
1 60 918
5 241 756
63 116 559
20 17 492
98 38 972
95 182 300
49 240 698
201 151 434
190 93 154
209 157 812
57 176 282
197 222 941
235 123 745
85 147 172
214 6 326
62 201 371
196 52 716
20 94 657
220 95 337
25 245 615
169 67 378
189 98 215
230 104 831
138 219 724
226 228 251
95 59 841
113 78 928
26 182 971
142 10 844
2 61 704
29 216 238
53 98 988
50 227 171
102 150 448
147 230 245
140 109 394
133 248 264
68 193 929
216 35 219
198 109 2
48 91 123
214 227 888
134 146 43
121 99 500
42 212 632
218 97 413
102 59 14
53 224 561
218 88 823
29 99 235
206 124 159
215 9 882
60 223 93
59 92 564
247 25 787
214 153 774
216 106 370
180 187 423
171 123 638
34 15 142
4 58 286
213 167 110
58 245 967
93 235 956
17 40 78
92 94 72
50 165 776
125 132 35
116 195 597
78 136 564
35 202 72
55 193 712
78 23 543
17 127 262
39 187 583
242 154 69
155 56 518
83 88 983
148 8 750
125 70 961
10 166 990
79 81 674
240 52 31
18 84 683
84 41 820
150 39 696
84 65 362
90 1 572
113 3 783
54 57 749
41 122 121
38 216 902
16 80 491
183 21 591
14 3 66
96 77 912
71 245 912
67 123 461
245 150 223
221 50 609
210 179 480
226 99 620
117 76 948
241 45 796
119 163 193
14 251 33
3 245 759
207 137 826
99 62 915
224 121 960
236 161 987
113 10 896
101 220 426
127 150 622
199 108 754
9 222 371
211 15 674
63 122 776
4 45 278
24 242 766
200 10 192
231 221 395
44 99 12
178 13 819
197 207 345
128 242 542
100 215 144
95 127 447
70 118 779
140 195 865
59 207 397
10 89 142
179 227 693
204 163 159
235 17 223
151 247 670
14 177 728
64 50 93
124 219 611
147 241 590
177 28 835
43 236 217
58 127 724
113 139 241
190 192 780
247 49 372
193 198 183
12 68 613
5 142 565
128 18 110
226 18 957
190 81 855
188 192 996
158 55 631
58 205 716
119 136 780
19 43 720
47 188 543
106 189 513
16 156 362
100 168 715
115 210 701
173 49 378
165 148 908
222 119 285
7 171 543
25 203 5
93 251 64
118 162 402
91 20 45
145 59 233
215 50 126
85 193 826
11 249 505
103 34 905
185 244 825
133 139 154
141 178 993
33 119 260
229 216 628
161 46 470
34 119 910
46 106 265
50 39 161
123 193 444
183 83 847
120 77 639
36 186 986
224 199 586
123 48 616
85 86 628
20 22 645
135 187 917
195 110 195
101 158 722
163 150 287
95 184 955
45 71 204
196 36 897
141 53 947
95 192 834
46 101 612
114 149 272
113 137 205
26 51 451
234 21 12
104 97 204
228 221 158
191 198 397
10 146 128
158 231 653
158 159 690
38 187 514
89 87 28
61 24 623
123 226 421
168 10 415
118 114 726
152 238 393
153 121 324
162 126 953
19 228 102
101 45 215
59 185 129
146 32 907
45 118 90
4 139 453
231 110 849
145 226 700
230 54 292
226 212 480
156 249 949
128 40 231
201 24 414
143 177 555
149 198 246
207 57 663
179 18 493
132 141 416
243 221 241
130 190 28
3 22 251
220 151 636
13 76 826
248 170 824
131 85 159
105 95 978
174 179 592
218 211 957
95 180 22
73 75 258
41 9 634
176 214 296
47 124 37
170 75 770
71 84 197
138 169 291
171 247 649
2 46 713
148 199 31
27 135 841
217 47 659
246 101 510
76 81 106
99 183 518
111 31 957
66 182 128
62 51 766
60 28 489
221 121 995
136 217 92
237 206 43
153 219 645
146 75 300
94 123 285
179 114 176
47 98 303
56 59 920
51 242 139
110 164 919
112 67 39
150 48 56
133 45 846
146 5 975
236 42 162
80 249 445
51 67 488
125 108 747
247 127 555
126 79 197
139 224 50
95 64 771
39 249 465
54 143 213
86 23 716
97 59 92
157 42 878
246 16 981
31 67 923
159 97 847
67 46 497
69 171 440
161 175 894
182 118 674
202 168 724
94 87 280
212 213 868
132 101 412
243 26 404
88 224 260
194 103 4
185 124 838
236 50 295
245 90 810
225 137 540
192 15 258
38 219 74
84 229 631
105 4 100
75 167 287
249 226 912
62 184 244
71 83 507
100 91 698
219 203 534
171 38 131
234 140 752
15 49 56
159 162 632
195 203 999
179 91 769
142 88 606
90 170 631
99 231 854
148 209 502
93 158 517
72 109 607
158 17 803
234 191 826
201 126 238
35 180 470
59 135 257
88 196 371
7 65 758
83 93 112
138 239 84
39 82 653
188 124 443
19 158 570
123 197 396
101 16 390
159 66 786
201 228 444
161 181 776
106 47 651
217 85 897
82 54 822
98 183 594
41 133 14
172 160 553
13 177 168
204 93 988
176 20 101
33 127 33
183 207 331
129 216 34
44 53 166
185 241 658
171 181 461
150 23 181
51 23 767
22 50 995
154 135 778
163 209 66
73 158 235
71 248 100
76 190 115
211 121 332
151 117 725
188 219 786
35 168 624
199 232 6
193 137 704
78 210 418
181 91 407
114 131 336
95 200 88
38 12 459
145 206 428
243 50 49
21 209 202
101 126 723
229 123 239
205 226 913
239 12 800
24 7 466
32 181 421
64 101 302
232 42 339
192 121 412
30 97 410
228 152 754
139 44 786
136 158 344
198 61 376
12 34 245
65 23 205
67 17 720
171 161 46
42 179 210
197 102 483
197 161 655
168 134 259
166 132 379
179 246 35
188 180 298
81 177 701
235 162 782
28 195 429
177 116 665
18 57 984
231 136 709
251 64 855
79 54 555
237 219 567
205 98 350
168 209 913
24 39 964
119 49 423
111 220 891
203 37 345
135 69 42
148 123 404
241 146 776
33 54 882
237 144 152
164 138 171
241 143 506
209 160 667
237 171 894
190 238 168
236 79 776
18 108 569
239 169 677
41 7 123
63 219 252
81 36 811
104 26 6
127 75 183
143 101 854
156 105 895
20 54 440
113 70 278
185 43 665
3 199 530
160 88 829
35 88 294
162 192 456
2 83 980
27 66 700
43 143 36
85 189 109
59 139 837
234 232 675
181 88 594
123 222 505
50 181 461
68 22 855
65 44 106
198 212 481
96 243 324
190 157 95
188 140 978
148 73 68
185 66 664
216 104 994
106 8 63
113 197 558
200 174 541
15 145 933
144 89 912
183 237 115
207 196 820
30 191 128
16 208 546
18 208 25
225 235 326
88 137 925
242 152 282
125 59 990
117 15 77
138 192 916
153 127 214
187 99 283
221 14 669
105 163 366
61 144 970
31 228 438
152 131 608
202 195 935
93 246 215
113 171 491
233 134 802
240 237 293
239 108 265
4 224 330
154 52 282
75 165 315
168 88 731
19 171 76
198 219 240
219 110 699
207 105 291
149 17 891
13 163 266
174 236 968
147 149 472
41 244 601
176 63 140
2 91 104
33 84 588
181 57 202
37 4 329
244 9 58
214 47 987
77 79 580
179 205 140
42 76 162
141 200 633
59 131 489
126 52 432
44 241 360
194 231 898
200 231 121
21 4 698
43 167 604
193 178 343
30 240 943
55 48 360
20 142 769
144 244 549
33 99 477
172 146 522
48 24 391
36 243 551
155 69 390
53 245 121
64 125 555
123 55 733
7 213 911
62 103 55
53 5 581
217 109 233
9 160 643
37 154 960
95 55 207
16 107 440
162 54 528
53 66 523
18 76 902
209 41 700
74 144 718
92 18 822
89 58 920
237 62 948
143 117 333
61 154 182
100 207 420
149 240 268
146 25 21
78 167 701
40 105 221
3 84 659
85 215 555
44 35 817
70 195 34
105 11 514
178 220 904
56 250 574
123 85 235
177 217 576
196 176 482
53 161 474
230 14 519
129 35 401
135 122 679
11 246 267
1 148 557
145 112 431
217 231 86
130 226 498
157 132 991
55 159 257
83 196 137
71 240 73
219 81 333
130 16 9
219 15 657
244 248 905
60 97 563
85 35 428
238 13 441
81 202 916
233 217 466
36 27 620
159 46 893
58 125 888
160 112 728
193 117 882
212 187 530
199 96 695
76 25 888
251 57 529
185 233 555
135 65 262
94 48 736
233 205 609
217 94 766
239 176 242
183 31 551
158 237 850
122 176 138
224 131 568
133 102 716
140 221 794
144 81 819
148 150 485
167 32 925
178 114 99
65 90 5
71 157 206
28 236 669
212 58 753
120 173 302
79 35 820
132 106 576
1 53 840
86 153 72
46 94 349
147 20 945
249 56 860
183 86 757
22 190 462
10 169 501
219 120 980
45 182 158
68 247 231
27 246 563
242 220 296
47 35 703
209 49 929
115 212 163
33 35 36
23 196 604
209 87 154
227 197 421
188 25 35
125 105 38
61 199 732
133 243 506
99 107 145
92 247 166
50 87 503
12 204 774
201 18 698
76 85 533
217 114 996
203 197 817
122 244 673
138 230 844
242 213 12
244 207 743
108 218 997
161 189 511
29 84 579
191 71 594
86 243 665
79 203 377
28 118 57
102 33 654
36 35 923
140 162 66
191 60 176
90 175 894
249 138 553
231 88 87
241 86 568
63 127 807
236 100 342
162 225 565
172 173 166
216 25 901
196 42 616
30 222 569
98 90 20
100 101 512
221 10 145
116 203 826
53 196 394
172 179 36
233 180 487
189 130 78
239 22 302
43 194 546
25 132 606
22 241 394
113 35 151
90 39 430
172 83 495
164 211 733
210 193 541
175 87 280
249 81 949
124 46 618
160 80 97
218 96 900
152 224 431
71 145 975
97 235 520
17 223 405
109 101 23
111 121 534
66 84 200
188 80 285
199 56 850
179 163 660
198 199 136
42 155 448
3 221 689
27 219 703
64 246 762
105 135 114
219 58 361
242 105 673
56 232 714
195 89 355
9 141 638
221 124 805
5 133 491
196 161 696
246 68 382
30 27 225
194 47 316
236 101 183
97 232 695
79 143 305
84 15 258
140 220 67
141 2 844
188 166 362
222 50 880
181 3 882
30 56 940
18 36 408
192 9 937
66 39 631
38 110 434
107 15 409
61 166 935
131 172 751
219 36 170
20 69 496
82 71 670
194 167 318
143 162 957
251 108 299
116 190 41
144 101 836
221 210 435
56 49 681
242 236 906
150 125 548
157 40 489
3 67 430
79 50 154
145 68 729
150 235 862
239 60 8
178 50 759
32 193 650
178 188 840
120 122 668
210 142 653
170 43 496
172 134 210
38 236 56
174 64 797
104 150 122
166 113 993
28 47 617
171 138 396
174 159 635
157 178 665
108 215 877
245 66 274
121 124 207
11 238 235
118 154 607
7 188 115
220 82 37
165 208 43
101 130 359
20 221 425
76 228 803
95 8 37
214 142 280
184 40 394
137 162 719
62 92 428
31 123 558
176 29 780
228 145 881
247 223 150
25 155 706
191 108 959
15 61 118
93 166 690
80 205 203
187 193 418
85 91 627
157 13 228
181 60 670
35 154 838
138 226 317
48 205 534
142 146 817
224 230 300
19 220 171
149 220 884
124 247 411
241 187 866
240 14 465
203 157 844
223 44 240
109 33 409
130 155 264
36 120 748
235 130 144
201 78 640
66 41 460
40 66 789
186 149 138
106 157 926
160 145 358
74 204 238
4 192 156
93 217 529
190 187 92
18 69 690
83 16 667
185 119 88
241 71 782
112 118 748
69 153 277
213 204 128
228 234 510
2 116 568
66 223 668
189 144 553
246 143 95
123 187 83
228 146 614
34 111 561
201 237 418
224 129 42
177 163 664
67 113 165
158 227 11
163 29 549
116 132 550
121 143 411
142 216 529
3 44 336
241 138 557
196 75 728
137 188 523
19 224 86
247 56 16
172 151 467
188 173 304
7 198 266
148 62 923
63 3 633
20 49 600
178 58 737
122 39 737
197 225 100
238 80 358
62 240 505
235 180 258
10 205 885
156 214 94
46 185 972
112 85 822
150 131 227
158 41 736
232 74 148
116 238 695
229 21 89
201 66 285
191 53 657
58 181 438
233 72 801
51 74 388
141 109 767
53 16 790
55 155 154
209 155 189
248 45 328
192 153 292
105 55 888
181 82 8
38 232 434
49 44 39
133 48 768
131 95 212
195 9 186
6 182 215
80 8 220
69 87 257
2 237 279
37 205 285
150 60 195
205 215 649
124 159 109
69 237 430
30 29 400
179 213 528
9 236 353
20 187 373
48 73 485
119 81 740
182 213 121
157 213 201
219 152 979
115 244 907
14 208 542
239 78 217
112 127 371
11 117 867
191 106 154
166 130 17
12 202 275
227 105 19
55 200 732
190 56 898
240 25 19
24 211 208
248 204 182
17 77 97
137 20 697
156 100 792
199 175 999
150 140 180
63 12 923
41 182 319
242 166 511
132 90 612
149 210 53
197 214 708
62 118 992
165 43 65
230 73 332
234 84 676
26 19 722
45 40 792
96 227 351
225 163 416
10 1 103
250 6 116
72 187 544
194 136 402
68 206 357
82 19 959
107 208 736
100 237 834
138 132 340
24 128 709
2 159 35
99 13 828
200 29 417
212 86 257
225 83 718
57 35 429
96 198 232
182 145 575
32 102 419
163 62 154
176 179 627
104 185 537
235 49 785
77 14 739
221 206 197
176 8 887
164 156 219
73 162 911
152 33 955
155 207 498
57 153 413
180 26 57
156 161 684
79 47 747
229 131 890
2 203 591
220 186 804
251 124 368
88 40 533
178 158 356
111 132 710
244 204 43
200 128 257
26 40 465
191 139 837
26 20 583
201 145 109
128 5 421
212 176 163
102 167 569
61 201 390
192 209 918
110 28 680
103 73 138
148 174 905
171 199 88
75 136 757
234 4 594
115 240 35
3 30 26
170 24 297
149 81 641
208 67 944
205 211 925
170 4 666
88 102 770
188 17 592
196 151 707
65 114 593
99 49 287
178 67 46
4 182 602
220 251 658
54 13 501
129 87 726
166 155 576
65 75 108
111 66 929
94 195 245
136 113 986
239 15 755
196 218 569
152 7 566
201 193 473
104 198 352
116 183 562
173 170 450
119 250 266
110 30 614
146 74 623
104 206 63
79 28 25
89 208 23
103 11 461
139 52 800
119 54 276
26 161 766
241 225 522
139 202 709
108 46 812
244 152 128
99 197 514
33 26 985
180 227 676
37 183 401
161 199 712
2 224 304
6 150 212
165 39 486
166 63 482
120 13 852
8 229 681
69 23 352
20 30 64
16 148 103
13 9 297
211 235 520
62 115 631
42 237 541
246 130 499
53 81 751
243 92 934
210 207 419
211 128 616
9 183 799
239 244 98
28 212 61
2 214 862
116 75 596
60 48 107
240 46 809
137 206 821
24 205 564
104 241 469
62 18 381
14 82 904
250 201 702
55 249 842
173 1 982
60 248 843
180 119 581
231 178 85
191 113 763
70 7 151
32 120 510
43 164 971
46 34 619
40 229 731
110 184 56
23 43 990
187 119 102
211 160 840
223 182 674
49 212 326
114 43 197
242 38 370
82 233 193
100 64 279
21 158 30
194 8 123
90 70 907
151 200 44
164 39 151
225 80 572
240 205 199
226 16 991
81 156 380
91 245 69
16 165 234
157 152 593
16 108 595
201 90 566
68 82 628
149 16 321
71 135 41
99 86 324
97 37 117
170 110 636
104 231 135
184 64 280
219 154 262
125 20 851
22 228 980
92 12 897
7 133 954
247 158 484
29 198 212
184 134 611
81 235 82
6 119 836
42 127 294
165 31 144
186 134 961
72 186 938
185 126 611
130 186 381
121 102 19
153 8 199
34 162 404
147 59 641
62 210 512
122 67 687
193 79 978
191 14 398
161 128 143
170 169 290
229 138 27
51 183 831
234 192 967
238 29 576
246 59 838
143 83 740
76 61 892
115 59 867
188 217 242
201 177 887
242 77 181
78 112 556
205 29 381
192 16 406
52 79 692
15 57 117
11 53 13
81 215 581
180 222 402
196 240 153
185 28 70
36 139 441
93 234 175
18 197 42
84 16 593
105 68 991
28 140 813
104 236 430
104 65 939
17 119 683
94 222 506
19 213 175
238 47 28
77 150 701
65 130 90
155 129 435
212 65 400
159 85 874
12 219 775
15 31 890
95 117 399
201 225 562
119 128 144
110 165 756
141 207 117
150 33 905
195 122 198
142 140 284
247 32 974
209 207 763
45 229 453
181 221 833
25 66 616
230 190 169
94 89 817
226 110 254
218 99 351
92 177 516
160 241 576
240 164 228
71 95 855
203 136 984
2 9 321
207 40 993
8 113 421
150 191 819
210 31 987
127 225 3
106 150 507
204 228 902
111 177 560
80 142 797
137 111 415
49 50 835
226 169 391
129 43 248
76 127 966
31 7 679
1 177 741
14 35 759
59 87 439
209 24 513
98 131 930
115 204 247
60 56 292
151 239 290
40 99 747
222 77 989
149 73 419
149 37 691
99 131 10
163 233 519
244 135 403
230 123 7
30 18 20
185 2 513
92 159 152
155 247 229
120 172 576
115 228 509
119 143 39
165 195 557
92 55 309
46 26 94
30 204 421
119 92 204
161 6 202
227 20 874
106 6 907
142 200 658
102 104 376
1 24 427
233 69 719
93 52 742
214 245 970
126 43 532
231 206 726
96 242 230
178 242 525
162 136 481
188 41 342
96 209 411
13 34 899
129 186 62
10 21 959
48 125 793
29 86 146
115 50 998
171 164 427
159 47 295
139 123 36
196 234 68
65 125 597
202 200 885
245 160 371
126 207 706
46 235 122
218 168 321
117 30 878
116 39 102
116 128 143
70 223 461
113 161 510
178 209 846
152 92 431
19 35 400
72 67 385
189 220 563
146 236 137
25 70 909
159 115 98
26 188 440
5 235 163
249 100 251
233 94 378
102 226 13
97 5 414
129 205 607
97 207 208
146 55 579
106 85 275
5 158 470
186 18 196
65 27 453
175 248 706
242 161 812
227 54 731
33 237 508
161 180 585
174 163 113
235 15 683
249 50 713
138 115 202
147 237 710
167 152 498
155 75 526
10 246 585
82 26 677
92 246 825
139 54 551
5 2 958
137 108 5
153 116 282
52 100 934
83 217 847
96 85 882
172 29 178
13 132 487
141 67 498
148 240 413
144 129 166
215 230 991
248 209 692
238 235 736
90 26 293
192 22 738
93 200 314
133 244 885
63 224 691
55 151 131
130 200 492
40 90 803
179 5 694
127 165 759
189 200 471
76 215 727
49 88 943
170 238 574
85 239 488
129 65 3
163 243 703
141 116 852
165 80 48
187 191 26
127 156 912
27 106 482
106 35 718
232 163 830
247 199 364
84 115 490
34 5 356
157 129 60
53 248 914
109 87 122
193 232 265
65 2 42
211 159 710
19 112 410
14 185 700
169 56 533
191 217 571
174 195 809
111 14 27
163 186 337
168 51 354
88 153 267
105 29 547
16 123 585
221 88 953
94 171 498
71 161 713
163 193 592
54 244 746
28 150 218
92 110 270
33 108 1
49 84 916
187 234 783
35 135 246
245 171 602
138 246 782
115 96 107
137 136 639
28 120 311
116 133 436
87 75 307
137 240 899
194 243 467
8 84 396
75 101 312
30 5 355
156 87 721
37 70 747
76 203 1000
80 134 960
88 9 25
9 38 963
112 203 213
185 148 178
104 148 46
190 242 278
182 120 368
213 238 75
173 146 209
26 177 296
45 87 921
105 33 716
32 152 653
87 146 882
85 54 196
140 6 884
85 15 727
143 104 894
28 220 781
35 145 773
180 28 380
134 90 184
243 222 13
173 223 701
121 137 4
75 5 395
59 220 432
218 3 467
81 225 807
180 156 417
120 116 360
184 60 491
50 16 38
119 74 974
82 143 834
19 90 712
163 17 29
78 224 36
39 227 505
141 115 694
207 28 985
107 22 445
88 10 734
117 197 42
148 124 697
44 171 158
71 119 297
16 22 16
77 200 218
239 19 74
167 11 914
49 24 71
80 100 803
143 20 408
178 147 693
111 101 332
39 14 397
203 98 280
129 42 248
116 189 584
1 182 318
168 153 221
139 181 223
155 250 402
169 109 865
56 150 439
168 181 258
15 187 404
9 44 787
27 7 749
100 163 102
122 232 646
131 142 329
219 144 174
241 232 495
143 24 50
85 192 622
84 144 156
59 168 642
142 231 171
181 140 735
17 25 557
208 154 37
12 80 664
53 39 304
234 152 675
182 169 206
179 201 271
19 14 629
164 155 402
231 79 957
74 111 64
193 251 61
176 223 724
133 58 597
211 67 403
251 157 163
101 160 251
201 85 740
249 246 669
163 102 720
53 240 967
147 122 561
204 46 154
153 10 324
77 230 70
165 93 413
24 13 591
130 149 33
79 147 309
20 104 513
115 222 441
28 231 910
57 121 817
248 171 476
224 7 831
14 83 477
247 48 301
246 56 436
63 236 234
187 235 819
42 164 647
158 156 730
170 220 133
64 25 273
140 203 269
86 25 175
158 175 677
210 164 994
250 186 292
232 17 471
191 1 668
15 96 306
107 20 13
223 22 500
93 70 991
50 114 429
61 250 727
45 94 224
221 198 587
15 99 475
207 21 328
9 58 834
249 219 844
21 118 690
216 123 137
156 155 403
229 34 823
42 37 880
76 147 6
11 168 144
42 116 886
247 159 432
132 12 162
192 130 264
169 8 418
164 29 128
154 31 86
76 220 569
184 51 247
220 74 231
219 86 958
121 204 939
175 251 149
10 198 186
99 140 544
235 172 270
201 234 676
72 48 664
12 222 348
12 2 248
102 181 339
194 139 454
125 46 497
54 17 602
230 191 278
100 213 817
173 117 286
166 200 758
195 150 566
244 231 549
32 235 462
67 22 308
180 213 350
98 175 629
176 67 635
163 23 990
9 150 527
23 53 384
149 26 45
248 115 169
219 94 325
66 234 44
247 37 15
212 84 160
234 135 730
131 213 85
39 10 318
145 97 385
202 165 694
44 107 224
135 15 176
202 245 405
198 226 787
35 199 328
244 190 894
151 107 259
110 201 353
101 140 175
177 9 875
81 106 566
163 126 547
175 123 9
33 174 109
3 226 955
249 223 801
221 175 760
98 79 553
100 219 46
241 199 94
104 213 741
85 237 420
155 20 942
98 204 180
13 78 592
38 52 809
151 179 643
139 108 411
224 175 676
3 142 414
32 7 731
91 93 689
218 14 545
50 44 471
250 96 217
20 40 665
202 65 351
74 101 270
57 46 528
42 25 899
221 89 428
153 41 721
33 243 885
124 133 355
142 59 61
224 28 674
36 31 342
75 186 346
231 211 546
28 216 228
39 220 531
143 75 610
126 103 364
102 78 992
96 97 769
18 209 543
98 213 467
126 249 620
138 19 19
47 177 409
233 55 40
108 30 391
234 195 295
136 2 624
10 29 902
185 188 246
235 215 714
115 236 940
236 73 157
208 91 186
236 198 118
