20 120
18 5 14
14 7 9
8 9 5
10 2 43
2 6 46
8 16 17
14 17 36
7 4 17
10 5 42
6 10 8
18 6 39
20 10 45
17 1 8
3 11 2
12 1 39
14 16 36
12 5 35
12 20 33
20 5 34
16 10 45
11 12 48
1 15 50
16 15 10
3 19 40
12 18 35
13 6 44
4 6 28
20 4 8
12 10 15
4 13 37
15 2 4
2 3 40
17 8 31
9 15 25
7 17 41
4 14 12
12 6 19
14 19 16
12 15 21
18 14 6
10 9 6
2 11 34
2 19 42
6 15 37
10 14 8
5 19 19
3 20 16
14 3 34
1 7 46
11 7 23
19 7 18
18 16 10
19 10 7
18 9 11
17 12 6
13 19 28
7 9 12
20 13 35
15 3 12
18 15 22
1 4 1
8 2 23
11 10 34
6 8 30
18 13 13
14 12 44
13 16 23
5 14 42
16 19 10
16 6 15
15 10 49
7 18 39
20 6 20
5 2 26
9 1 8
15 7 20
11 6 8
1 6 45
14 1 8
4 9 21
3 1 27
16 12 12
18 2 25
17 11 21
1 20 9
1 2 6
17 20 6
5 16 50
10 1 30
17 19 26
14 20 39
20 15 40
1 8 16
2 16 14
18 19 3
15 14 18
13 11 49
1 13 18
17 13 48
17 10 9
13 2 49
5 4 34
17 4 1
3 16 44
2 12 40
9 11 36
16 7 2
2 17 13
9 6 22
8 14 22
7 5 21
18 10 26
9 12 8
10 3 24
3 7 34
17 18 8
4 15 14
1 19 35
2 14 1
13 12 39
