10
445
90 1391
47 2304
88 4553
46 405
13 3946
83 4561
25 4586
30 2700
4 1913
39 4404
16 2102
48 2693
72 471
28 917
93 4623
18 121
68 4104
88 467
18 443
7 1482
32 159
42 1154
40 233
22 2838
65 2933
65 2335
7 3130
69 96
25 3269
87 834
38 1641
61 4159
1 2901
46 2154
7 2574
38 4078
100 3526
93 202
51 556
47 2453
24 2529
19 26
82 918
64 2969
95 2652
33 993
38 4100
94 4617
75 127
26 3045
26 3463
25 3556
87 3545
55 4422
58 4736
30 4511
1 864
18 918
16 1479
87 2123
97 2322
4 3754
88 874
30 708
85 2846
79 207
49 2449
50 2653
19 2411
81 777
39 894
74 3174
65 4665
18 2486
6 4363
68 3305
24 4974
71 1912
33 4464
20 1573
81 3509
31 3365
97 2325
87 2537
98 410
24 3137
31 3637
94 2392
77 76
6 4556
69 1504
97 4261
79 4613
62 399
37 1731
51 3236
98 2859
29 759
20 412
44 1316
78 104
45 754
81 1724
32 3072
19 340
41 168
61 3302
17 3412
45 1935
7 314
4 724
54 1641
50 869
75 620
22 2569
69 3511
34 3651
21 1363
22 248
80 4847
26 3543
61 282
64 1989
51 4118
63 3776
80 4286
87 3843
20 3606
11 4690
14 3060
38 940
73 1721
79 2182
85 1798
46 1650
47 4076
74 266
85 4934
38 1015
64 4110
31 2447
44 388
47 552
64 3087
22 3122
52 1093
5 3
95 4006
40 1776
52 322
74 4608
59 4719
64 4349
20 2258
53 3524
100 2929
64 3686
97 3858
20 2936
23 2161
74 959
58 3754
18 3891
100 3208
37 478
72 2744
64 4305
60 3571
34 528
51 3402
35 1977
41 3693
13 1219
18 1762
43 2280
53 4893
78 4813
78 3561
64 1093
28 1273
14 4735
97 715
6 4861
60 4883
64 2592
19 4951
61 508
99 1534
45 4286
74 2365
6 3649
83 569
70 1323
63 1676
92 1116
41 2936
66 2236
44 2134
87 1850
40 4081
56 3585
13 881
99 3100
94 4934
88 249
6 2490
97 1232
41 750
5 2135
35 4340
26 4532
66 4029
60 120
30 744
35 3921
54 4033
63 4560
60 4224
98 3937
21 2851
84 1141
81 458
11 1325
79 2290
15 1672
11 2543
23 4385
17 3523
99 147
98 3361
58 2645
25 1784
35 94
40 1083
80 4383
18 216
5 721
29 1487
18 4210
63 3457
66 4302
47 2812
73 4320
83 2201
19 2723
82 2859
52 1770
45 1748
1 3522
96 1934
92 3921
49 3797
46 1561
37 4282
55 482
71 4554
65 2728
24 740
54 614
66 2809
1 3290
89 1836
2 3117
54 265
67 985
54 486
47 3210
30 2498
83 2281
23 3344
20 770
20 2432
18 3714
20 1583
83 4685
33 1041
50 728
27 374
13 668
91 3084
6 176
13 4449
67 4133
82 4354
93 370
25 1067
88 3376
25 1881
75 2954
8 2254
73 2294
13 660
26 4189
86 4956
84 1614
28 170
87 84
21 4385
55 1282
20 501
7 4845
76 1870
92 3354
93 3982
57 2990
38 4350
67 3761
26 4013
27 4848
32 2719
27 894
46 448
83 1852
29 2835
25 1748
95 2297
40 3395
92 1567
3 4827
1 3662
81 1160
56 1935
15 901
39 3617
66 2664
26 198
29 3291
56 1505
2 1333
76 1496
47 226
95 3443
9 1629
64 790
3 315
18 4252
96 4268
95 4536
7 3200
1 3010
24 2987
36 1708
36 372
78 4398
15 1885
63 3670
92 3601
63 2476
92 536
82 447
64 3246
35 2817
85 4324
27 1356
48 995
37 4876
99 4956
100 737
78 4697
58 221
6 1856
73 608
40 3274
21 3673
61 2687
19 3602
18 4912
79 4354
15 2558
63 1298
16 3283
7 421
33 2676
74 2913
30 3393
13 2581
6 1020
2 3109
12 60
53 2692
17 252
39 3377
34 2272
28 4414
54 1489
2 3107
42 3985
46 1203
100 4207
88 4297
48 344
1 2676
86 4033
61 3124
49 2243
5 3833
98 4301
91 3306
37 1149
95 3930
45 592
47 3177
79 1082
10 3996
75 871
2 2498
49 3717
67 4829
42 4303
18 3679
45 1693
94 4115
62 3287
38 1073
91 4994
7 2388
91 886
29 341
65 3931
97 834
57 3219
85 3371
6 1581
75 1367
38 4544
81 4281
58 4748
67 3440
71 4799
90 2263
96 1726
7 3501
63 4153
55 4722
71 4151
54 2873
64 890
56 4170
4 3723
72 2542
35 2673
55 2919
42 2738
94 2763
74 891
804
73 2237
92 888
60 1333
16 4329
97 4099
89 3726
27 1818
18 670
71 1549
64 1380
18 3990
49 4051
82 4752
56 1645
36 2431
4 410
64 1499
81 1415
17 2266
55 3463
66 4242
63 501
11 2450
56 4075
95 773
93 570
100 2987
75 4109
45 2920
3 1028
60 114
62 3505
94 2156
1 2063
22 4925
37 3617
43 4942
29 2209
24 3248
76 128
22 4504
27 4707
48 145
84 1310
41 2985
47 3914
30 3980
11 170
98 2313
96 1019
4 2238
25 564
91 51
52 1622
7 1797
23 1980
91 4949
16 1347
81 3963
26 1769
97 1978
25 1013
59 2256
36 4158
17 4480
93 529
86 2885
31 789
3 4799
83 499
97 4285
23 3650
86 4549
46 4944
58 4815
6 4059
58 2905
37 1590
15 1871
13 914
53 1559
88 624
43 2424
25 2059
71 2757
71 1217
71 3352
90 4745
62 1691
52 4023
62 3772
63 2388
90 334
61 1783
10 4771
79 4043
8 463
92 461
8 4343
82 4140
100 3955
54 2306
80 4948
76 4282
15 3653
20 4290
57 4839
23 112
98 3167
26 3937
1 933
10 3015
2 579
34 4491
64 244
49 1083
10 681
17 431
13 4226
87 2418
39 3756
2 2086
65 616
21 120
6 4908
23 4843
85 4563
98 4884
53 965
8 3889
37 2473
100 2762
15 2360
48 2571
76 1220
71 2555
56 3744
71 2349
20 3276
30 3809
10 3746
65 89
58 1315
52 3972
17 638
68 26
47 3242
83 216
39 4857
52 2956
52 4001
9 3415
12 1436
83 367
33 3569
65 1993
91 1617
100 3460
10 3885
19 1312
93 2044
27 2405
91 3812
86 2956
95 1609
63 3643
87 2098
9 133
2 749
56 3875
86 2777
59 2977
19 1470
26 2715
82 3411
3 4133
55 3794
25 1127
100 4738
20 2972
67 2464
29 2239
48 2885
7 4030
53 2357
31 3001
68 3346
19 1346
45 3888
20 3237
55 1130
46 1858
14 3662
96 4172
45 1338
33 4983
86 3640
78 2621
3 1744
43 3661
22 407
32 1815
51 4460
89 1856
52 316
92 145
47 454
64 3270
7 3604
39 3367
99 4407
20 1729
38 3378
59 4719
4 4670
59 2745
2 2607
11 3855
41 4852
47 662
13 1102
80 257
63 715
40 4742
68 4083
34 2668
31 2756
46 3412
94 3490
53 3968
25 905
92 2423
47 1141
47 4612
52 942
21 2431
83 3385
84 4861
98 557
27 1603
44 1226
84 2434
96 3128
4 1896
80 4117
62 3651
72 4570
26 2621
29 2615
27 920
56 629
13 4980
64 745
38 708
14 3248
26 41
10 280
98 3543
24 1382
45 3540
29 4406
86 1441
69 4833
94 4042
71 736
13 3311
33 3006
41 216
11 3080
7 492
75 2764
50 2415
37 1144
46 4220
35 3155
17 2046
65 3912
5 2776
60 4790
45 4863
51 3941
99 3927
11 91
2 1853
92 3124
73 2734
21 1658
79 3264
45 3819
80 3585
67 2366
72 4126
69 2823
99 2880
20 4968
93 1047
50 2635
31 2757
26 2944
70 909
66 2001
23 3893
78 538
48 3828
2 1315
31 4563
14 4058
51 1773
86 2086
1 1749
16 52
1 2002
95 4482
16 3643
42 2025
29 4978
55 432
28 4849
90 4009
99 4807
24 4068
47 2228
34 4191
6 2195
92 2876
30 4779
43 2481
91 1597
97 1049
1 2158
93 2069
93 4399
42 4800
17 13
22 2274
37 3821
27 4563
38 936
16 4312
81 3392
56 1606
64 4769
39 591
24 547
33 3656
33 2001
82 4022
4 3180
100 1548
70 2767
18 24
57 226
83 4315
33 1491
62 1724
82 2505
58 1885
95 2298
77 4330
37 59
74 1642
22 2
65 2927
26 4247
20 3505
43 3878
70 1478
45 3408
1 1774
75 3261
86 1869
87 411
42 2937
90 44
72 722
30 1986
65 4969
13 698
90 4398
68 3837
49 3313
34 371
90 473
76 547
81 1690
19 3760
89 3452
70 393
96 796
49 3741
2 4443
50 4288
84 412
54 1100
64 3850
16 3446
77 4124
37 4055
73 1115
30 4424
82 4127
33 1697
31 4645
92 4577
7 2365
84 2598
31 4912
45 391
6 395
90 3715
56 20
92 2036
10 4103
71 4889
1 521
40 4980
10 440
98 1820
66 1338
56 1377
99 875
88 2987
18 3608
72 4047
75 3572
62 1577
99 4209
38 3953
30 307
90 1868
42 4231
78 4812
29 4769
37 2829
24 2869
35 4717
41 4687
61 4094
37 181
30 1472
39 3470
29 874
8 3033
46 135
65 2981
75 2940
92 3419
26 4034
46 3990
71 1806
83 490
53 4866
68 2639
88 1856
85 4188
33 3880
20 2203
13 2817
19 3676
44 3301
52 4162
97 2188
37 3446
74 2576
65 2847
29 3435
84 546
30 1688
42 892
87 4914
91 3065
94 4435
49 188
60 1254
26 1030
90 4560
60 2284
25 461
7 3751
72 2035
79 4673
71 1769
80 4761
17 3366
16 2125
28 4473
48 2785
17 2023
44 3570
68 1722
48 2992
76 1322
8 3217
75 2988
23 3367
22 2103
12 2733
67 1682
81 4391
30 4828
12 4715
15 4086
59 2957
16 2393
93 421
99 1450
5 4427
80 338
50 4874
66 3583
16 3860
23 720
1 458
78 3378
53 2041
29 44
43 4070
15 1191
77 4214
20 1651
20 3585
27 555
87 3871
5 2839
81 3168
54 4194
92 1175
24 227
16 3710
14 2319
38 3609
62 4360
84 6
75 4543
4 1795
87 1086
40 2827
13 4413
89 4365
99 3051
50 2899
60 317
37 385
76 3177
18 459
58 1473
26 848
48 3351
8 3561
59 2427
68 2801
23 3749
56 3842
8 4654
38 1630
92 2454
73 3281
100 1782
8 2524
42 2792
65 1811
70 3223
39 2765
54 3584
66 2459
6 3499
80 1279
44 683
58 4141
94 3240
60 3819
24 1527
100 4448
18 2457
4 3542
29 2636
38 4730
11 3990
6 1329
99 2016
89 464
22 3453
78 2580
56 4325
66 1173
94 3010
60 1970
15 3354
41 4978
28 3196
89 4532
45 1910
65 3152
66 1740
82 740
72 3937
31 2206
42 625
51 340
14 17
33 3387
56 169
53 2579
19 2962
85 4161
56 189
30 4492
85 4266
8 1477
25 4822
55 4146
29 3874
7 424
22 1169
76 2962
2 2404
30 4586
28 2247
28 4433
6 4823
47 3902
42 478
12 3174
24 644
54 1576
76 520
22 805
65 3796
98 2763
68 840
67 299
87 2550
87 73
13 2603
42 1187
72 1339
54 875
72 4134
92 1902
5 544
65 4189
19 4118
77 3186
13 2655
4 3418
67 2317
10 3520
88 573
18 126
42 4421
100 44
86 567
84 3450
35 133
70 3872
39 4617
2 128
81 772
32 2542
59 2916
83 1379
17 200
26 4979
78 399
72 4656
12 4834
35 793
90 325
43 1473
68 2432
53 901
50 249
5 4986
43 2940
56 280
86 332
15 2457
35 4432
53 3235
60 2856
71 1376
44 4619
85 1960
19 4956
4 3527
94 378
7 1553
15 382
94 1678
1 4054
6 218
16 2012
59 1587
71 3042
57 1601
76 1592
43 2288
66 3784
33 159
97 790
63 2852
82 1334
85 3903
77 3142
100 1567
10 2986
17 837
83 2059
5 2720
85 142
60 2785
66 433
93 1958
20 2058
30 3388
80 3048
61 823
31 34
19 3824
26 458
100 1305
85 2902
28 4517
11 1799
97 1450
20 4201
67 1084
3 1978
30 842
51 2378
41 4045
15 979
82 197
31 3294
38 3470
25 2792
43 4261
84 4245
9 2793
87 1622
88 1809
37 2311
26 4327
29 3062
14 1076
32 2280
50 1770
37 2710
54 4201
69 4628
11 779
61 3973
40 1197
93 2580
42 1577
14 1145
83 2196
73 2440
87 4907
67 592
2 3938
40 4155
61 4407
83 2117
71 4685
78 1238
57 904
77 4036
40 3014
57 114
29 1477
32 1080
55 1921
78 4613
49 240
5 2672
54 4357
8 3353
13 4327
21 3901
85 4679
95 3893
80 2216
3 1720
83 848
43 2752
31 941
3 240
94 702
22 3757
5 3003
54 3408
73 251
18 3913
49 534
91 4071
74 257
77 4494
88 2550
63 4021
7 1696
3 1988
93 2956
8 4907
155
23 1397
96 1881
95 2385
38 3246
66 3364
61 2283
16 277
19 658
94 1224
94 3628
81 275
11 68
37 3548
31 921
51 2923
42 3824
34 57
92 3982
90 1805
87 4703
15 3084
63 3097
79 3076
42 4358
30 1820
35 4319
94 4921
4 2124
66 4792
28 1562
66 1713
75 3052
88 1980
90 569
15 2810
60 2763
61 175
58 1798
96 1275
76 3987
89 795
52 3742
45 2112
10 4028
82 3988
91 1257
99 970
34 3111
71 369
20 3103
93 3264
41 4253
87 2105
99 2752
1 1820
15 3044
40 4355
18 2860
50 3325
51 49
31 2480
28 3493
79 199
22 2974
96 3298
46 2512
23 2399
43 4994
63 1167
4 1105
61 2084
73 871
45 3652
50 1760
54 274
14 487
49 4098
98 3239
28 4442
36 1040
82 2886
72 4074
53 1282
45 2288
95 1417
41 1842
43 766
88 809
56 2533
83 210
96 3757
64 3720
83 3709
45 733
95 4998
71 363
71 1479
20 938
95 669
98 1950
35 3687
32 4737
67 2671
63 2751
56 4159
34 4875
31 2238
19 4458
74 9
58 2745
65 6
11 4779
93 4136
36 3782
19 4536
83 2971
43 2333
89 826
96 2528
9 4775
28 1219
49 3781
52 3736
48 2291
100 1655
68 607
70 3427
28 1793
88 4332
6 708
82 2357
30 1074
93 4285
50 2384
43 4045
52 963
40 1320
46 139
49 4901
14 1228
49 1429
9 1953
70 1618
46 1942
24 2741
32 3417
40 3721
64 2809
44 3067
6 1548
24 314
25 880
19 4053
71 120
100 2773
340
11 3858
88 2462
13 1892
58 3880
39 1364
8 3677
23 3303
1 856
34 1210
65 1197
76 4640
27 11
24 660
44 1668
39 15
42 40
35 260
69 1153
78 1004
71 3936
15 3477
70 3577
23 1152
33 1795
38 2640
92 1765
99 206
27 4456
57 3009
38 2967
19 3173
62 2692
19 2015
64 3658
98 4397
8 2095
13 2703
66 2516
76 2810
15 4980
23 3955
11 1894
53 3234
32 1347
84 3045
98 3557
72 1884
64 3254
5 1464
52 2859
1 425
51 1705
51 1748
81 2307
19 4758
68 4963
88 3074
20 3890
2 3881
81 4827
40 1322
4 3233
31 2027
11 2197
97 115
90 533
9 1829
33 4833
51 3125
37 189
50 2608
78 4489
85 4242
40 2867
15 4555
54 2048
22 2899
37 67
35 4570
12 1401
68 4295
96 954
62 756
45 2537
61 3907
4 3768
44 3190
13 243
34 1514
69 1803
45 2299
80 707
12 4113
51 4046
85 3131
3 140
53 2943
63 554
50 4414
97 3510
63 4818
41 3358
72 2167
28 163
53 4056
94 733
64 1797
28 4509
94 1800
88 42
25 316
32 17
77 3107
45 4981
59 4432
34 4123
89 1620
100 2283
48 2734
20 4105
52 3616
46 4402
63 3074
93 3667
62 3577
34 1653
59 4597
54 3810
2 1892
99 2307
27 2176
75 521
31 2817
65 1602
50 186
61 871
5 364
91 4949
58 4218
96 190
45 1830
36 1048
11 4427
59 4535
44 802
44 4421
11 3900
59 657
74 769
35 695
40 1995
14 2934
57 769
80 2525
85 722
69 2551
16 3707
91 2153
8 3847
20 97
77 3071
17 1504
78 157
74 4232
72 2512
56 1572
66 1347
5 2200
13 3465
43 2481
89 412
61 2788
50 1661
92 826
80 2291
12 4798
61 2631
10 2021
73 2813
31 4492
96 326
27 845
39 2887
38 3577
33 3941
57 108
42 1254
42 1147
7 3657
41 1718
19 2390
45 610
9 4603
87 1305
5 2343
72 1057
76 4463
1 3312
59 1435
98 2672
36 1595
4 1791
46 4191
15 1528
65 3243
80 2401
38 1754
35 4680
62 2436
75 274
71 1623
56 2020
64 3396
64 2586
58 1286
67 3791
71 1102
36 804
87 1060
80 2641
24 1695
9 1461
52 2549
4 1072
83 1577
58 1091
33 3032
74 2910
78 3661
65 1906
29 1202
8 4952
46 1512
34 3380
62 1544
45 2020
53 2805
33 4427
74 3116
20 2369
58 2990
73 3079
78 4756
18 3545
37 2092
95 388
21 1587
2 243
95 784
72 2608
86 68
54 18
6 2224
50 1467
15 4222
34 748
35 4100
23 2444
21 2345
47 3182
97 1331
35 323
77 809
11 1150
68 3830
56 812
14 3527
94 4613
12 853
34 2017
13 1393
39 576
15 4644
58 416
95 1196
40 1620
53 2999
41 387
62 5
86 2792
56 1586
97 2986
91 3469
13 92
68 2466
63 2736
54 2132
60 943
6 3223
65 3896
48 2934
56 4994
11 2248
92 3700
42 1211
66 3512
73 769
1 4594
77 2151
60 299
74 1300
33 3203
24 4068
54 2710
11 832
63 2188
71 3463
18 2493
88 538
66 3504
98 1324
64 2189
25 2784
74 2433
60 3102
18 2426
52 863
81 910
81 1439
58 1731
73 4849
7 2746
10 3174
7 312
46 945
52 4847
34 3802
70 4092
9 645
98 3403
1 2770
11 819
56 1249
34 3806
74 831
74 3742
7 1347
59 3183
83 3404
34 3862
429
59 2103
62 4615
38 765
29 28
81 3456
87 4601
29 3933
16 268
98 1683
50 1316
98 3894
94 3855
20 2152
68 2122
42 3031
59 2208
78 3382
24 4313
94 125
10 2310
36 838
56 1359
45 1120
5 2540
41 2710
95 2895
90 638
86 3211
28 1956
69 3634
7 1010
5 395
65 3238
68 793
15 1873
63 2027
95 3194
98 3515
21 2866
94 3803
45 2856
19 1317
35 1329
52 1583
36 2376
33 2708
25 4253
28 2256
13 302
100 2575
42 2266
48 2293
41 349
31 3316
42 59
26 750
66 3018
46 2130
6 2115
2 1107
71 3151
10 843
3 4564
65 3239
28 4286
92 3995
83 3358
48 807
4 148
93 4403
91 3309
28 4059
16 2114
54 1650
70 4400
87 2089
38 4070
89 2259
21 4780
60 3265
88 1265
39 2959
80 3080
53 3381
3 2504
92 4071
58 4198
79 1670
91 1248
26 710
17 3768
77 958
74 4167
18 4593
47 256
32 2389
91 4742
11 769
86 2453
17 3592
85 1751
86 4324
36 1515
47 4388
52 3147
52 2693
32 3008
92 2908
94 4718
26 3065
27 2002
98 849
57 2957
54 1078
12 4797
54 364
1 2959
37 2369
70 2424
19 3712
46 4327
94 3956
57 4642
6 1434
13 3068
57 901
32 4303
80 4041
84 1830
1 4688
72 4570
45 3876
64 986
23 4355
31 3069
18 1529
65 1642
34 2878
92 4885
61 1276
68 3708
41 1902
100 156
27 2683
39 63
60 1001
41 4606
1 233
25 1794
15 996
94 3054
51 1302
28 1692
52 3905
79 1265
21 3437
33 3797
17 334
47 4252
35 4311
62 4374
58 4505
8 2837
64 4978
32 2704
60 4709
41 2249
100 3806
87 623
3 4692
8 3564
7 4121
63 3142
99 3214
56 2388
64 2050
40 1392
78 3326
74 2182
9 1878
94 1575
71 2193
18 1634
67 510
89 3879
71 3373
92 3266
51 99
69 2330
75 3231
66 108
74 4050
48 190
23 1730
98 2306
84 4895
62 1695
34 3772
19 1543
10 1603
40 4389
61 1952
86 3436
79 4826
92 2412
36 1143
90 4311
77 2807
9 1053
81 357
63 2645
55 697
75 1093
67 344
43 4985
95 4480
60 3722
75 1921
75 4687
36 1161
63 2173
91 1963
15 2952
89 1210
33 3050
3 931
67 2901
64 594
39 2193
8 1165
93 3817
53 4750
99 860
38 4441
77 2675
2 3434
14 4297
15 1734
47 1336
49 2123
1 296
64 725
14 4775
43 1999
92 1955
68 2678
32 3947
41 4116
94 3333
72 1155
4 3555
64 1103
76 3086
12 2538
64 2949
29 498
66 1253
29 3631
74 2491
28 3357
13 807
30 248
93 411
31 133
84 4054
21 20
50 3447
25 4919
36 2755
63 1140
16 1964
11 2696
93 713
55 2054
5 192
83 4735
31 1057
14 4191
85 1932
83 1178
3 945
31 3088
55 185
37 3993
71 2842
16 3473
48 546
74 1715
33 761
52 1641
48 1745
28 3283
18 822
49 1041
37 444
7 2426
83 1038
46 4954
86 3914
50 1077
50 4621
32 3035
69 167
40 3741
73 1427
25 106
48 3298
57 2723
97 1011
47 428
58 3860
70 3993
11 1147
76 4419
4 3680
76 2706
49 288
24 2288
86 1034
76 947
47 640
54 2610
26 1172
61 2575
5 3259
54 4873
95 2310
55 2611
30 3333
9 3494
26 1886
39 4662
12 4599
38 3648
52 2005
98 4603
14 4122
95 717
74 3952
40 4991
88 1079
93 4512
20 3216
39 1190
50 3880
91 3631
33 4783
75 1194
17 1842
66 355
30 4096
45 2978
71 1140
16 4803
85 2376
55 513
29 530
51 1733
93 2451
24 4420
79 2088
31 744
57 1122
97 1173
100 3941
88 4225
49 4097
43 1286
46 969
26 1831
64 2232
12 3121
9 3170
8 4153
11 3008
30 3230
54 4789
13 1160
70 4614
35 2774
12 1524
14 4830
45 1661
35 262
26 838
52 1236
54 3040
41 980
66 1187
67 384
55 4136
90 4479
78 2223
20 3700
17 4361
19 951
43 2566
12 1597
78 4350
63 786
54 2612
5 1954
47 515
23 134
27 674
54 1368
98 3512
48 710
35 3248
7 1860
92 1166
2 1664
43 553
20 1028
7 4305
33 4052
76 1998
17 978
30 4266
16 1676
84 2495
29 3954
86 2719
55 2843
20 1303
75 4575
40 612
67 4583
83 4315
823
29 4445
2 2202
94 1518
50 3328
1 3699
75 286
27 3537
80 1250
10 1219
61 736
73 2908
88 2885
55 3610
63 3580
71 4726
51 828
4 2357
14 330
67 1812
89 2375
72 617
61 3182
97 2543
91 1688
65 3431
3 4402
16 659
32 231
90 4828
45 469
45 3526
40 4576
81 3013
36 1869
5 2909
11 2138
25 4039
73 4936
93 3281
92 2951
2 464
67 3300
3 176
32 1945
70 341
75 3338
86 782
93 3470
17 4395
44 2872
73 4770
75 3273
52 4281
77 1321
83 3381
17 69
83 1992
51 3399
12 315
19 239
16 1442
7 2330
10 367
77 4093
73 2975
1 670
42 1386
83 4661
37 3330
71 833
85 2365
82 2369
68 4934
93 2665
65 1304
82 1943
4 3500
90 2764
61 3694
63 1646
40 2769
99 4337
59 4885
11 4576
46 2302
68 3885
31 1500
55 1955
26 1567
93 4047
29 3424
17 446
84 4685
52 688
85 2920
19 2426
63 2090
76 948
9 972
93 581
31 2494
96 4857
9 360
87 2984
34 1647
50 1609
47 950
86 1293
17 236
8 933
71 1698
30 2620
15 2934
16 367
38 1255
97 1713
67 2375
28 3689
1 4004
14 3843
54 4995
31 3667
43 589
40 2094
37 4553
11 2559
100 4318
19 915
97 632
76 624
15 3772
98 1577
89 676
12 648
55 530
44 4504
47 3124
3 239
21 2523
28 4147
38 4209
33 2841
98 3784
38 2210
81 67
39 2367
31 3613
78 3986
10 1757
42 2357
18 693
56 184
38 2288
30 4068
33 308
85 2402
99 16
54 4989
84 2469
31 4525
66 339
23 753
18 1366
85 1002
64 1803
74 4621
39 4042
41 484
59 1686
66 4627
94 1766
13 2145
43 3323
52 1258
47 1885
31 1182
51 2404
3 4397
86 4651
41 3828
83 1171
99 2561
51 3682
77 3786
67 2264
83 2542
84 118
82 4430
90 3622
78 3063
100 4554
46 1804
46 4157
98 4970
6 3071
94 3766
16 772
27 4880
31 3012
22 598
5 4545
40 3119
51 588
96 2400
58 3328
56 2353
22 4278
5 3690
92 2092
19 2173
52 4058
55 704
78 3123
22 120
61 4408
57 1745
92 4091
46 3590
89 2545
62 3781
3 1800
9 2704
28 2322
55 1231
27 4817
98 2049
50 2929
84 11
7 1316
79 3456
34 569
91 1518
3 2826
49 4436
22 2178
19 223
49 3057
59 231
40 2067
5 3375
35 4691
3 3577
50 2978
87 3395
85 1202
66 4802
82 4257
68 3409
55 955
72 3946
63 50
17 2532
93 3220
100 3460
34 4864
50 4041
2 1192
8 4882
28 3212
40 4599
74 82
11 4802
99 4018
68 1960
7 1837
62 1319
16 1761
25 1460
77 3481
72 1133
41 1261
47 1808
97 4704
15 3121
14 2140
39 4886
100 257
94 2008
13 2568
89 929
96 1091
24 1525
83 3788
69 2447
95 2300
73 4228
79 130
59 3504
27 983
92 1214
27 3114
76 868
11 4353
65 4562
58 4826
64 249
90 3384
15 2325
33 4420
19 1657
49 475
95 2376
24 3053
97 1954
55 3984
14 609
97 4725
69 576
37 4307
29 444
13 4063
68 4992
80 1913
98 2333
37 2404
81 3398
85 3146
44 4101
90 1918
20 793
9 4592
95 521
6 2746
37 4560
83 4272
14 4147
80 4763
25 3238
56 1844
75 107
79 4826
42 3665
95 243
10 4198
72 3414
98 335
37 1822
37 3276
62 3575
37 1829
22 1605
70 594
86 4401
77 4072
47 4518
13 3818
47 3302
86 809
21 4758
97 238
1 2047
45 3541
89 4789
49 4535
85 3717
9 3598
75 3995
14 1671
23 3915
72 171
34 2989
85 4630
12 464
11 4209
27 629
35 565
37 1398
21 2481
30 312
51 4886
73 749
60 3350
24 4585
3 1553
41 655
8 3345
2 3086
48 555
58 2314
21 72
83 4786
12 4187
100 4955
45 3367
10 2526
47 4802
6 2433
42 2532
80 2490
84 2074
81 4510
87 3166
80 52
89 4562
52 3317
96 2783
39 1454
41 2371
50 55
3 4526
3 3516
55 1254
12 3640
59 2826
43 4533
57 560
62 1120
51 2845
66 3625
33 1069
23 4741
32 1199
96 1373
54 1451
89 4013
17 494
6 2706
9 2194
50 2365
65 139
57 4208
26 2587
37 1376
46 917
83 3011
20 1753
11 2987
64 2037
99 2711
70 1242
12 4618
76 4701
87 1918
73 914
43 1611
68 760
52 2056
66 23
69 2327
81 1683
34 2264
28 4023
39 654
44 3456
63 4599
62 3554
23 4926
5 3579
37 2273
80 3516
47 605
32 2350
74 3006
8 4677
83 4727
68 445
93 4634
88 1111
66 4233
65 3313
37 4400
17 3355
34 190
39 4497
37 4078
56 3610
69 1895
22 3367
54 3506
51 3467
37 4802
44 1702
99 4320
69 3953
10 2136
55 4779
100 4675
3 811
55 3082
64 292
41 1090
57 3992
87 2999
80 3799
6 2743
84 2526
9 1266
1 2168
52 2436
17 1688
22 4263
35 1795
65 1613
82 861
82 3772
47 2638
78 3875
98 611
22 110
95 4264
28 3781
38 1503
26 3385
25 2425
49 4886
24 3581
42 4144
25 4025
21 651
7 2458
48 1737
27 1893
88 2249
32 3349
91 3952
67 931
13 3516
51 2224
93 2349
97 4478
62 3257
57 756
2 2115
49 3154
84 2736
52 2479
13 963
38 3698
58 272
58 4452
70 53
44 1641
50 4665
87 3013
26 486
75 1405
82 4473
86 4864
62 2060
48 1801
83 1589
92 1216
74 2411
21 355
88 2172
1 1440
99 3522
5 2647
78 2512
14 3945
25 2597
13 4554
7 2213
81 64
10 3250
84 1690
90 3162
5 3496
66 3159
17 2946
15 1591
90 4516
3 3374
31 2474
50 1741
55 3333
60 1128
47 3607
76 3526
34 602
94 4854
79 4033
14 2700
27 611
17 560
78 4995
66 2916
90 4074
22 934
15 670
16 3794
100 192
19 1221
68 2965
81 2622
68 2102
32 3845
1 1865
49 2198
20 1989
72 3897
29 4305
32 2683
11 229
99 4768
77 3891
32 1963
29 3371
9 1156
21 780
89 1006
88 2197
64 4532
30 3792
88 2243
22 739
59 3038
51 1892
65 4908
55 839
32 844
18 3033
29 4359
56 2434
42 1952
81 2155
78 4217
82 2023
37 3246
83 739
39 182
90 1795
5 518
9 1803
7 2811
47 935
85 3183
2 4745
100 2137
59 509
14 2401
93 1663
89 4607
59 1048
91 994
19 1651
56 3091
55 4087
74 1727
11 2863
24 4913
46 1611
10 4819
39 1135
32 4437
98 4109
9 2284
76 2862
11 120
12 3030
52 2850
87 4473
60 3296
19 1134
53 4104
61 2295
20 1727
21 1279
10 3046
18 3987
64 9
34 4624
4 1149
67 1998
19 1578
21 2532
5 2646
80 2067
97 956
65 1344
63 3714
96 4435
45 1240
47 4688
83 3392
73 1167
6 2549
38 1182
12 2641
56 3266
83 92
67 4317
65 3024
37 4414
83 3300
54 3858
77 4187
89 3218
26 2131
6 4593
17 192
45 2036
78 3887
92 1224
35 55
95 4468
39 2837
100 3598
53 1461
66 4130
97 1794
7 1028
2 2864
61 1022
68 2107
98 775
81 692
13 2628
93 2632
29 1792
2 3368
60 4833
43 1507
59 2222
7 1108
22 662
40 786
86 2420
47 1868
17 3746
71 3468
53 234
49 4689
8 677
63 1624
87 2431
44 2486
67 3298
89 3496
43 664
17 255
52 2014
57 568
90 3099
8 3486
70 2867
20 1332
89 3325
6 139
98 2345
29 603
54 4673
21 1340
99 3630
25 4639
36 1939
57 29
62 4563
90 1488
66 268
52 220
48 3204
81 1603
88 4581
80 938
7 1773
44 244
67 1851
82 1084
64 1985
50 3417
77 374
10 4366
39 2678
45 3693
6 4747
19 771
20 4467
13 4163
86 4482
42 516
92 839
69 787
24 114
81 962
93 4288
33 754
10 2200
37 267
22 531
90 1138
8 3777
93 548
76 1863
64 3628
22 2226
37 198
56 147
85 3719
55 1589
32 3731
92 2799
99 2216
25 816
89 2466
28 1619
73 519
41 745
23 3379
34 4861
32 3509
21 2355
41 2434
51 1898
26 3074
6 2218
21 63
18 607
36 3389
11 1118
76 735
98 2370
98 3021
100 3930
82 3862
46 1848
75 3797
32 2561
9 1024
98 1633
72 2804
33 4908
13 4682
625
15 3829
93 2383
81 4905
12 4944
43 3647
67 715
83 99
73 416
16 541
70 1413
80 2422
63 2890
48 1453
6 3626
32 4175
3 1053
84 1903
40 240
97 2075
52 2178
36 2549
7 3156
31 4615
1 2557
79 3022
77 2478
40 2172
84 4319
9 92
65 4678
55 959
6 4625
83 364
67 1136
8 1080
84 3299
26 4008
29 1757
32 2104
89 2835
97 1911
23 3400
65 798
19 3982
64 789
56 312
89 4964
59 3343
20 1324
87 732
22 2481
22 4105
37 1551
68 4861
51 3059
24 2906
41 4458
34 546
50 1111
73 1252
84 4694
13 2629
64 4581
92 1964
39 2006
42 2362
28 1233
83 2067
97 3679
15 2197
84 3046
13 3612
51 544
13 1772
48 4430
61 295
4 3330
88 2022
59 1066
20 731
68 1865
88 377
49 3722
25 4635
43 3947
46 4164
44 242
64 1300
73 370
88 448
98 1289
59 3042
63 2660
50 491
9 204
1 987
85 3846
89 760
13 3013
84 1815
37 2496
28 276
37 2600
39 328
76 2978
18 1901
15 3459
38 2217
99 2889
99 831
39 3521
2 3233
15 3261
17 1625
65 2235
32 4734
11 3490
82 2253
11 3857
23 591
84 1084
76 3937
7 4834
71 4546
34 403
4 4567
8 535
56 465
47 4745
37 1297
86 2219
13 4899
62 3364
73 4089
43 379
9 3270
51 145
33 1467
88 659
47 3769
13 3740
94 2494
11 3041
25 160
74 4679
70 3365
73 4661
3 181
79 2353
80 1161
54 1332
35 4772
43 1855
26 327
68 401
34 3095
70 323
84 2417
13 2899
6 4153
56 2149
74 2171
2 2417
56 2912
27 2219
5 321
47 1916
35 1786
44 3409
4 3804
64 4120
7 1127
59 1053
21 1859
71 3009
8 4881
50 851
93 1344
71 4491
46 678
37 3362
66 744
93 1602
31 4300
4 534
51 1351
39 2821
33 4158
29 4225
66 1398
54 1618
56 1985
77 921
12 31
7 4879
47 3633
68 2209
80 4806
66 3890
92 3552
66 1036
52 2929
7 2521
80 1105
91 78
24 2085
40 3842
87 332
100 4608
19 3555
69 2395
56 2411
25 1701
65 4954
22 2336
37 3014
77 4924
51 4789
74 2706
9 2051
31 3805
13 1354
68 716
77 3268
19 3022
58 864
19 3280
63 1994
63 1448
99 193
72 1616
44 4923
1 4082
61 3239
89 3579
14 3883
69 1756
52 3392
48 4897
96 621
23 909
18 2522
86 4805
100 1679
86 315
60 2976
81 1430
12 2869
47 3627
55 4433
64 833
61 2457
63 926
47 2843
28 2383
31 3740
28 4544
64 4587
91 3915
26 763
15 3403
34 394
46 4953
13 3565
48 4979
90 2028
62 4711
40 4363
83 4144
5 4855
15 4356
88 4294
54 3958
4 3978
57 2900
9 513
34 336
4 4084
44 1814
51 1596
26 2385
92 4789
12 4052
9 4221
100 3125
10 1878
56 2426
41 23
50 2512
60 4588
90 1790
37 1689
72 3893
92 1522
85 2309
56 4930
8 1301
28 645
51 4234
86 2073
89 1005
87 468
48 2490
36 1505
63 3641
97 328
14 3867
10 4161
32 930
82 1275
4 1425
14 828
66 3499
54 1689
66 2879
95 1844
70 3923
8 4217
31 4431
53 1391
14 3299
4 3012
68 4607
18 483
49 2592
59 1589
52 3033
40 2873
66 4264
63 3061
25 4941
16 2019
83 4344
26 825
71 3337
46 2988
27 1866
26 835
87 2999
78 4977
53 3716
57 869
41 3213
84 4115
80 2168
33 2803
45 2270
6 1409
79 786
1 363
31 1631
94 1839
64 2122
36 5
79 1659
62 1191
32 4501
56 1200
57 820
67 1907
38 1622
24 1152
14 261
99 3169
69 2624
99 1957
79 2622
35 4192
84 2185
70 4830
42 4509
20 3317
12 2731
85 4824
18 2201
96 1816
70 3104
28 76
22 853
72 2648
23 1487
87 3494
16 4862
61 317
2 3643
32 160
22 2115
4 1488
75 1677
81 4871
53 3434
87 202
97 3145
76 2314
15 2670
56 132
44 2510
7 4898
43 2209
35 1822
36 4448
67 3108
8 2933
76 4522
18 1383
100 1357
11 2151
63 2930
53 1561
24 3647
17 771
8 2926
100 893
33 4193
50 363
46 1172
66 136
31 690
34 211
90 654
53 4615
100 4622
49 3299
30 3789
33 883
64 2785
30 3321
57 4463
23 4525
79 1197
78 1662
15 2811
31 1473
32 1145
7 2340
47 596
42 1394
77 1275
14 2002
46 4231
50 77
95 2437
67 3444
91 166
83 2
98 1949
60 2917
10 1607
85 3117
66 1507
93 1694
75 2333
75 1299
23 2543
54 3259
62 4672
16 511
29 121
69 3412
79 165
64 1045
66 3774
25 3600
34 2265
83 4993
84 3076
36 1456
91 4130
72 2202
63 2434
9 1016
8 3594
34 438
8 2122
4 2171
77 3335
36 4072
69 4231
20 2991
29 236
21 1426
49 3632
84 3103
63 2190
55 2893
60 455
22 2283
31 11
84 192
90 4042
81 3190
4 2742
96 2954
47 3021
28 3593
77 755
51 304
27 3165
27 3822
76 3163
75 2278
47 2504
30 4939
59 2300
91 1272
33 3776
72 3756
69 1388
13 2134
76 1708
71 109
93 2787
72 4557
15 398
91 447
92 1557
44 2134
32 646
61 1719
90 3355
59 2504
97 4852
80 2489
56 350
10 3401
80 661
88 2791
2 4179
80 1493
85 2042
66 3876
17 3504
5 3539
20 2339
44 1769
52 619
47 3055
19 746
14 196
94 4557
95 2155
66 2357
25 4485
25 2836
38 3128
83 1363
18 2998
94 1499
10 350
57 2627
85 3190
24 698
100 2356
63 4321
45 4718
6 2877
50 2674
1 4764
91 2499
59 3724
96 227
52 4029
92 4830
30 1137
28 3817
99 1747
47 680
56 2072
66 544
86 297
79 987
56 3626
38 3694
15 2342
45 206
69 3152
64 4811
97 1134
3 2277
34 1628
42 2214
13 4380
65 4770
72 2095
43 1931
27 598
73 424
81 4856
89 4636
67 4928
45 2313
60 4262
58 1685
49 4317
73 1184
98 1351
42 2904
73 3112
29 1561
3 1233
29 3089
29 4671
31 4137
80 2320
16 4883
8 1715
70 3642
39 2353
82 476
8 1499
94 1256
17 2931
24 4401
2 1512
47 4901
23 418
50 3145
19 4897
2 1737
7 1590
72 1180
11 3438
1 4142
81 1608
23 3590
750
52 3004
12 845
45 1580
71 1749
41 2055
54 3894
87 4333
39 2332
52 315
73 4133
3 2153
26 567
69 1466
31 4311
49 658
73 2512
70 756
87 333
73 3384
100 2371
98 4610
46 4588
72 4684
87 1287
32 3717
48 672
41 381
19 1430
16 1936
75 381
76 419
34 2453
93 74
46 2727
99 1353
58 1882
47 3806
36 3331
71 4828
14 1265
55 1281
91 874
27 155
43 259
60 2404
47 4551
31 1775
4 924
89 4529
56 4758
72 2251
48 1315
38 3714
67 4146
42 3090
73 4841
63 2458
89 4815
43 2914
31 3171
26 4163
64 2493
50 2888
86 4043
43 951
12 1726
44 1537
29 1127
98 3988
56 4721
35 4143
1 3362
54 896
19 26
8 3588
77 4978
43 1409
97 2207
14 1177
60 2850
52 3847
56 2701
75 2317
12 4766
4 2801
52 1780
83 278
89 2310
87 3652
72 2235
43 842
67 1384
4 1956
95 528
48 2538
62 4533
56 141
46 1927
29 3582
81 1440
78 4192
97 2946
46 4007
6 2739
25 3999
79 1777
83 1187
2 4212
69 1985
13 672
99 1773
38 3145
66 69
84 219
63 2616
51 2266
59 1450
51 4607
48 1958
85 4207
29 4530
19 4534
85 728
40 394
31 4861
27 3031
58 451
84 2837
56 75
49 4928
7 1461
97 2506
62 394
82 299
39 4547
39 364
62 3634
20 4003
85 1463
2 191
71 4677
12 1264
73 1190
29 2787
53 3207
49 261
17 1452
92 768
74 523
23 3733
96 955
97 3654
11 1077
42 4012
68 1604
35 3280
82 1582
11 1645
64 3517
41 4782
33 2062
35 2596
36 946
52 2675
31 558
59 3559
27 1176
12 881
67 3022
26 4205
68 2864
20 986
46 2651
23 2493
78 822
43 1659
44 499
46 4940
3 226
28 497
76 1134
74 2211
32 1641
94 4769
76 951
16 1326
86 4175
99 2624
44 4947
49 2250
59 2415
59 1043
92 4740
31 2147
99 3471
96 1528
93 2266
35 2524
4 3432
49 2083
38 2782
48 2620
39 436
32 3527
14 3067
45 4445
38 1930
87 4030
4 4924
93 701
20 1356
99 985
52 2988
2 1490
91 2349
10 3513
64 821
81 1960
40 4605
23 243
100 4840
3 4913
17 2218
83 168
40 2917
82 215
76 165
44 4732
47 3521
12 847
97 231
49 1645
2 443
80 579
63 1832
90 1080
56 2797
49 2363
76 1352
49 2676
39 4408
83 3259
56 1031
14 4156
87 2376
54 1958
71 2280
77 4766
63 809
21 3961
1 2084
8 1288
85 352
58 1558
19 2795
86 4186
63 4164
82 4871
41 4616
24 2785
18 2188
1 1338
28 3660
19 1565
16 4124
48 3275
38 3003
5 170
73 3942
43 2252
54 1611
87 3974
5 1089
25 4351
99 398
14 2780
77 1587
87 3193
23 1674
83 182
58 2899
22 3808
37 3286
94 970
92 4391
9 1745
45 3832
3 1021
67 4212
15 1019
93 2953
2 4530
45 3860
61 2574
97 3901
83 632
17 1581
76 1064
88 2292
71 3407
33 3051
99 2069
96 1396
23 3842
29 3712
74 4897
18 3023
31 4959
95 3279
17 4564
69 1692
72 4705
45 1962
84 2592
46 201
16 2030
54 4754
20 4209
59 4778
41 961
53 3118
25 3069
48 4170
68 4618
98 4918
45 2235
76 3845
71 1238
73 1791
46 3469
69 124
42 295
5 1862
54 1239
67 3402
6 3712
16 716
28 3611
80 1469
87 4862
11 341
57 890
4 3994
88 3776
39 3035
98 267
11 1280
85 4297
72 531
75 3578
41 1604
41 4133
76 4291
61 966
15 1561
43 1022
90 3228
94 1905
63 1251
35 2157
22 1900
63 4967
39 857
86 414
92 4963
98 4155
83 1952
10 4727
100 580
98 842
75 1589
81 1780
13 2053
24 1007
20 3568
49 1022
72 439
55 4084
73 2527
94 4596
28 1094
56 2378
89 3141
82 2477
35 2378
100 725
100 1053
5 973
38 2759
85 80
62 4844
3 895
93 1016
49 4807
82 2727
53 4275
34 1611
4 961
60 3768
61 4654
66 1127
76 3107
7 615
72 3997
99 1505
6 2513
62 2988
18 2649
61 4816
82 1596
68 2269
73 1161
79 1120
16 873
67 2646
84 4024
71 718
71 3506
11 229
14 3489
12 4713
41 3562
66 2998
78 864
25 2508
85 1916
7 2833
53 3709
69 755
23 352
63 2618
16 1939
6 1888
32 387
74 3392
100 2293
23 2595
75 4118
5 4626
30 1180
97 1500
39 991
30 171
2 4787
68 2414
94 4043
34 4458
11 4075
37 519
92 2900
58 3658
98 2139
3 3781
83 3828
73 1865
61 4524
36 934
52 4464
54 2099
13 4088
71 2147
79 3980
18 2484
10 761
34 4852
14 2039
54 2762
93 686
77 2117
28 2317
22 1302
67 3595
81 2551
15 1802
72 1589
99 3560
12 3388
78 2469
96 1780
55 4537
46 1197
7 1076
19 135
85 2184
16 4245
15 3572
43 3364
58 959
75 4971
19 3149
54 2422
29 2211
59 3275
38 2962
53 2572
98 1887
43 3337
90 2446
9 2798
99 1120
51 4789
82 4327
98 2773
73 1727
100 1099
43 256
69 1819
13 2673
30 3217
14 1856
59 3226
28 3566
62 4401
7 3188
80 2352
20 3568
94 1759
25 1074
87 1487
77 4831
78 2900
89 102
29 4330
84 973
57 1503
94 889
18 1908
31 4681
4 941
95 1144
21 457
57 1942
25 2600
70 3958
47 3094
96 3037
40 3063
65 1103
78 747
4 2925
51 1878
58 2766
20 910
84 2296
75 4847
62 1855
95 1805
6 354
58 535
4 3872
7 3117
84 2753
66 2624
2 1104
76 4950
90 379
58 2002
8 1818
8 3806
80 122
57 2556
74 1649
34 4410
47 3849
84 147
61 3369
81 2202
5 1460
10 1908
45 2619
51 4369
65 4055
43 2680
89 958
36 3210
77 473
22 4460
98 1523
42 1867
27 4500
51 4782
86 263
57 1114
41 3998
85 235
84 3496
71 1398
24 2081
45 3880
19 778
41 4843
81 1222
86 1719
44 1989
63 992
10 4047
6 352
38 3524
5 2247
2 4780
20 3036
73 3148
23 494
53 1797
61 1745
4 4073
61 2270
10 923
92 161
57 735
16 170
14 4270
94 2555
62 1802
23 3766
90 2336
83 4341
96 2228
80 4925
28 4054
86 4922
54 1015
29 3889
24 2692
1 1593
24 3691
92 659
79 2594
20 4153
4 202
58 1025
70 4100
38 988
15 3408
40 1924
35 470
30 2523
18 3222
19 1839
77 2876
56 4945
82 177
15 4596
40 4369
42 187
31 1746
14 2881
88 1297
28 4561
57 3912
77 1411
48 1009
68 4818
21 2999
82 2146
78 1819
70 3343
45 4864
62 2232
30 3839
98 4428
91 2993
88 4954
72 1226
95 4480
63 1302
35 2592
31 3295
99 754
17 2962
52 368
43 1939
80 1655
7 4973
39 835
23 4349
85 1077
79 3639
41 819
27 1184
44 3249
69 1026
62 1226
8 3201
56 2566
32 3083
91 2424
87 371
62 2336
50 3143
63 4969
79 3658
57 2047
74 1676
53 1115
91 126
80 1979
9 2135
55 2969
52 2917
31 3203
64 1805
86 3719
2 306
96 4245
64 4615
99 3807
38 3122
71 292
41 2150
63 3806
46 284
2 920
81 1283
91 607
56 344
94 4707
14 3252
64 4548
45 2880
42 962
86 3190
100 4412
14 3217
95 3946
28 4722
86 3441
18 2491
51 4746
20 1765
74 1077
35 4226
34 1023
71 2016
30 4911
3 870
63 1458
17 3262
99 2506
89 3627
46 2850
58 4178
86 4439
36 2757
41 1502
54 4796
61 4586
94 4411
89 3029
7 4834
3
66 3165
90 2876
74 3050
779
6 2705
79 2531
44 2466
44 3132
21 498
91 1121
88 885
30 1232
69 3193
18 3692
46 3965
30 3897
12 2738
25 1092
67 1657
12 243
16 3373
100 1436
79 1231
53 2175
3 1371
73 3628
86 4304
27 1155
54 4299
13 4226
50 626
68 4042
84 4694
64 4159
32 97
78 4969
2 2219
34 3147
75 4795
1 2470
70 1026
51 742
70 2322
77 4205
82 336
28 754
10 1241
53 4229
24 4985
99 362
26 63
30 2609
49 436
66 4733
75 316
90 127
23 2943
88 3676
23 4427
60 2185
48 541
30 1827
12 4118
31 2498
100 4488
13 3437
37 4533
82 3313
35 64
17 1036
77 611
53 1809
77 2360
93 3289
84 4669
1 3165
17 876
76 3243
79 3414
86 4937
3 4148
78 2689
75 4866
22 3998
92 2804
67 2890
2 1089
94 716
20 2273
89 47
42 3190
50 3541
60 833
16 3557
80 4975
93 4148
50 434
31 4778
76 1230
99 3117
84 4403
5 401
55 2324
25 4192
28 705
14 1876
68 3696
5 943
90 1011
96 1505
32 3405
72 914
53 4237
92 588
84 970
14 4523
50 4582
30 4631
89 1847
49 443
45 1896
16 2509
74 1327
93 4532
63 3824
72 1632
33 4410
49 1766
63 4178
50 3736
5 4826
65 4987
98 83
33 3506
55 1638
15 4451
52 4601
34 2571
78 4601
81 4421
73 2861
41 2059
14 947
12 3685
56 2119
43 2558
93 2893
3 2825
26 832
23 3622
49 3117
98 4135
93 702
42 3902
29 3323
33 2949
43 1045
85 2752
61 3994
19 505
96 1745
16 1469
92 3644
75 2599
27 155
14 3176
87 2134
19 4353
54 841
36 4629
75 4363
55 4477
38 2692
81 3425
49 2351
48 1398
45 946
26 4351
41 308
76 2828
92 1618
48 1245
36 50
91 2360
50 4858
82 473
34 925
25 3951
1 1576
11 2138
92 2266
82 4715
52 810
81 2164
73 2813
51 70
97 3487
64 4447
40 269
22 2770
12 2653
48 3601
62 344
47 3074
47 3010
87 3722
11 2593
99 1180
1 1153
77 3432
21 137
22 4682
8 1319
59 1283
73 1776
64 4153
13 2334
63 4819
16 47
89 1344
7 601
2 3021
54 4012
21 1031
3 4543
36 4265
95 4527
94 3106
48 2392
48 3872
55 3559
68 1317
32 2742
80 1645
84 619
39 4157
27 968
28 1146
98 1945
13 2388
39 4131
3 2561
41 4013
30 3043
32 3858
37 185
83 1988
9 4417
92 816
96 4704
5 1140
83 359
6 2287
63 2124
58 164
77 4616
64 1696
16 3837
82 2554
73 3625
49 3373
16 4411
46 4159
90 787
63 3523
94 904
83 4058
67 4820
45 2565
74 3563
56 1921
11 1794
17 647
66 4462
32 361
54 3572
98 2592
24 3433
77 2690
60 2245
35 1100
86 3180
100 211
57 2107
80 2208
42 171
45 1525
51 2663
93 3895
49 1482
87 1456
77 2972
56 76
46 2158
1 979
94 3429
37 4933
12 2260
76 2537
41 2867
40 4132
96 682
70 1911
91 203
56 2944
48 4158
44 4831
50 877
28 195
23 4376
23 3421
75 1333
56 4285
28 4999
56 615
38 2660
61 3554
9 587
52 4775
1 94
15 2918
74 3109
52 2186
12 3677
98 2236
60 2363
83 3110
77 4319
32 2542
41 4592
55 546
79 2745
55 644
19 4002
82 3770
5 3282
61 2326
36 3257
56 3030
30 1287
85 2131
6 3264
17 1740
41 4073
78 2852
34 4400
74 1908
21 3470
7 4834
35 2445
24 2977
10 808
59 2452
40 4639
34 869
13 3418
100 3352
39 3935
10 1013
50 2333
30 919
8 3816
45 4797
60 2132
63 4909
23 572
7 4396
75 4301
51 1852
88 4717
20 827
39 1253
28 188
68 2889
7 2570
33 198
90 4843
66 2446
89 4081
96 950
58 1375
22 797
73 4935
84 1757
78 3449
41 1542
79 3494
48 4007
24 781
67 2759
51 2868
74 4152
20 3246
84 1654
40 3402
40 389
42 2002
1 340
18 714
92 2943
37 1815
67 2438
69 2645
58 1496
92 4679
80 2324
20 1479
81 1120
77 4719
46 269
32 2834
89 4950
71 895
43 3336
50 1655
48 609
8 3893
52 4994
45 4910
54 1656
89 225
53 3885
8 4235
86 3826
100 1022
33 4523
37 2033
4 3388
26 4316
42 2864
67 3502
29 1307
44 2521
72 4013
84 1672
1 4469
100 4512
61 3710
54 1380
82 193
60 576
22 3310
89 4955
94 434
6 68
9 3190
9 2019
62 4965
98 3415
19 885
40 368
73 1452
20 1256
41 2950
12 1753
58 661
39 1351
21 3569
10 4140
85 999
12 543
53 2841
10 4858
5 2975
41 4950
91 2554
3 2028
20 1259
54 3685
98 4745
1 2216
14 1417
39 4212
89 3782
4 3694
24 1647
38 4925
15 382
93 1326
62 2282
32 1478
51 3099
42 101
51 4403
67 1558
15 690
85 1411
17 2080
61 1762
30 3655
56 1087
14 2041
88 3032
51 1367
75 624
71 1498
79 1913
86 3162
81 4652
29 4977
56 1721
42 3658
71 1405
25 2575
50 547
72 2940
45 1416
45 2928
21 1433
11 2033
27 2930
43 4860
13 664
26 4458
78 2124
73 4715
30 3684
88 3127
59 1243
55 1366
46 1043
4 121
68 2601
64 3567
9 152
12 2921
90 1442
4 3555
44 642
68 1541
66 4524
82 2050
79 4392
42 3643
84 1184
53 3544
53 3130
29 3691
96 4637
67 4865
57 1672
83 2102
8 4751
19 4146
5 28
22 2276
59 2289
34 2236
100 2706
78 3447
39 2077
37 1602
87 2430
99 1083
2 2010
2 4466
72 266
23 3230
45 2341
22 4500
11 4968
9 2231
87 1263
74 44
81 488
27 3750
32 3465
12 2250
17 2366
1 4529
79 1799
57 4478
30 336
92 4515
25 3162
86 4990
13 2585
56 3393
74 337
6 4856
84 460
36 1702
19 3820
98 938
44 2842
4 4124
19 2302
36 1089
25 2548
27 3422
96 1641
62 658
11 1933
99 2966
52 202
36 4138
65 1122
71 4464
66 2845
5 4129
18 4437
45 2688
71 68
77 2445
39 1099
30 3943
54 2410
1 221
21 2029
33 3690
50 2330
84 3785
24 302
67 4246
11 301
15 2520
26 3722
27 133
14 4048
93 1591
25 899
81 2264
11 2764
21 218
84 7
78 3729
80 3091
42 3196
53 287
59 1384
27 3331
12 2218
55 3631
97 2660
9 271
63 3055
76 4138
45 1598
38 369
70 2162
93 210
47 4904
44 3337
16 4907
64 4559
58 2211
39 4186
73 609
10 1125
96 1078
22 3840
2 1873
53 4557
15 411
65 482
97 1633
15 2682
1 2793
68 4842
27 4986
73 2640
51 3835
61 4113
90 2749
46 4398
21 63
66 4367
11 131
39 1100
55 1367
91 4895
99 953
3 4912
60 2836
8 4615
32 3195
92 2162
39 4581
8 1033
90 2415
83 3639
27 1589
95 1879
53 3639
82 847
30 4967
8 3052
58 4141
73 2167
34 3841
11 2318
83 2009
95 2904
55 676
56 469
48 2162
30 4320
42 3031
45 4708
41 1325
10 1458
41 4196
35 4058
72 3116
89 3532
71 3945
61 4226
46 3422
42 4098
78 3340
44 3521
61 345
12 3949
14 4282
4 3066
65 4578
80 2544
99 3918
25 968
85 3378
4 3890
23 2781
25 2527
53 601
96 866
28 2625
40 1959
72 4353
24 3722
37 4150
12 3769
27 2136
81 3009
44 3983
13 4458
25 1253
46 603
74 2916
19 4471
28 4244
79 2280
69 3543
15 2952
31 3162
53 4583
25 1461
7 4250
53 4547
41 2780
50 2361
21 1855
84 1739
99 3915
61 1541
67 2464
20 4782
26 1031
59 3725
67 3484
69 592
23 1523
27 1045
96 3192
54 1476
52 518
19 2258
93 3412
15 1928
61 3708
24 3196
27 3748
59 3713
57 2066
64 4248
88 3695
46 2290
6 2244
87 4107
68 2201
36 1867
85 2032
85 4338
78 4382
