10
39
24 125
64 1962
77 188
45 714
27 762
50 1401
20 1444
97 583
65 631
93 1496
39 1533
71 1525
12 414
28 379
58 720
27 1328
9 1559
45 46
15 269
79 451
12 62
98 1487
8 1611
75 557
22 402
59 1577
50 730
93 1146
76 545
55 401
6 1776
82 413
40 190
7 1725
86 48
60 1414
87 1063
24 459
69 409
66
6 1133
48 1589
47 83
11 866
12 732
58 402
54 1183
92 520
84 1694
21 476
6 625
2 507
32 802
90 430
67 1760
81 1068
11 324
37 863
1 1605
56 1946
68 1842
18 1145
4 1088
26 119
43 999
23 46
13 1099
69 1297
91 303
22 1399
28 1459
44 986
73 1625
8 668
31 893
53 1899
89 187
17 338
70 1785
27 935
77 744
69 608
17 1221
61 1012
66 344
29 1419
3 505
59 967
30 1452
52 1205
40 316
37 502
94 710
13 644
21 186
2 154
98 466
9 916
13 178
9 713
21 872
71 760
53 159
68 1960
42 412
39 796
13
15 296
15 701
28 596
74 1711
63 790
95 221
44 523
44 1302
96 402
74 1675
66 1755
26 1127
74 1200
55
75 437
96 1205
37 894
77 382
70 348
82 211
38 1584
92 975
72 1426
51 677
93 639
69 1898
87 1859
29 1258
21 774
11 192
70 128
60 442
98 1563
9 713
51 1373
41 1316
63 870
98 1039
50 1785
81 756
94 1757
82 1037
92 972
23 230
37 105
83 1320
42 200
21 1915
69 172
25 1831
76 398
57 1833
68 367
99 712
17 1830
22 81
52 174
80 1050
49 212
97 1380
95 940
5 269
83 1080
81 1451
17 1544
99 855
100 1609
39 1482
96 781
99
40 867
25 578
5 1140
86 1103
30 460
80 1466
99 1360
32 66
8 160
10 74
44 1446
20 1825
78 1439
51 1521
66 177
32 202
53 677
93 1925
86 1490
40 247
89 1440
64 1028
92 372
12 1925
32 1553
47 88
90 1690
94 1470
54 1908
35 1961
34 1054
40 1903
89 349
71 587
24 147
27 84
76 1721
75 463
90 889
10 745
5 868
76 1799
68 1332
72 277
23 517
60 548
11 376
51 954
13 1097
40 1326
35 91
36 1576
16 456
30 816
1 473
36 111
63 1652
69 1550
57 1670
31 897
81 934
80 355
54 170
45 456
30 1675
70 1402
36 1165
83 1826
38 611
98 1958
55 344
80 1275
87 756
21 824
50 1262
25 427
11 1290
29 1466
18 495
67 1148
21 1865
18 1720
70 733
51 874
78 784
80 1549
16 1496
26 126
50 700
57 1468
24 164
81 1507
38 686
3 1282
35 1380
98 892
25 1864
4 1041
67 1710
81
79 1200
45 306
33 687
77 398
64 1022
87 1546
96 1784
100 51
14 1904
58 982
82 1507
66 380
68 299
50 1311
22 1371
12 1293
63 1718
95 961
25 350
51 1144
60 1326
67 1717
52 73
49 1015
51 1371
16 235
56 36
52 1782
35 948
10 307
63 773
4 1701
61 834
55 222
84 1308
55 1594
74 947
42 177
87 1429
11 608
29 1940
4 208
60 1247
7 1293
30 839
49 1889
75 1795
26 1662
6 988
75 1930
51 1040
25 1789
70 1566
48 448
46 105
3 1712
92 412
80 557
30 1509
68 1690
87 1768
80 370
46 838
86 679
81 1472
19 325
67 1924
10 18
75 1921
55 462
50 179
56 677
67 250
70 234
67 96
84 211
94 1067
34 1971
91 619
71 1118
70 1995
42
4 1548
100 1486
86 1599
5 172
80 973
17 1396
59 1483
49 329
12 183
40 1640
65 1998
9 797
65 1254
40 771
88 789
44 152
97 1811
60 937
52 1825
83 1153
12 1898
27 1881
70 1891
72 703
53 525
88 1237
37 1346
66 1302
29 82
30 1880
29 989
74 1586
14 522
74 890
37 1355
70 1255
73 409
91 1034
85 1771
8 1036
12 365
25 1260
73
56 486
84 1230
85 845
18 1897
20 1117
62 1566
96 1841
44 940
94 1577
66 234
78 23
78 1717
70 1172
71 364
80 1566
57 1221
31 830
12 222
54 104
47 337
20 217
36 1224
75 273
99 1530
6 707
88 513
12 1725
86 1379
25 639
15 1690
100 525
18 1451
10 701
3 1173
50 750
12 1226
3 868
95 1599
72 994
41 456
32 537
28 1186
5 1816
92 1958
26 1419
92 186
16 278
77 1470
96 1481
22 1435
73 1617
18 56
95 1770
27 1137
58 1900
92 1544
48 784
8 1022
77 1857
100 950
75 1241
58 648
21 792
39 272
45 474
7 1418
29 1630
76 389
89 1392
74 1817
31 1098
20 436
27 234
58
81 1835
54 546
40 689
24 1670
48 1597
57 1357
80 1450
14 1699
36 1776
5 748
2 1154
24 804
2 169
75 1644
25 1263
82 1268
86 1247
84 813
17 206
1 242
77 1781
52 1203
85 754
50 1584
78 1759
64 1028
97 1831
64 1270
32 698
93 81
85 686
56 1883
16 1533
46 737
43 565
42 1131
76 394
13 29
72 1963
19 765
80 751
78 1740
69 720
7 303
34 713
99 1528
44 262
59 1873
19 737
91 181
5 1696
32 873
52 709
78 989
51 332
5 205
40 304
31 824
37
54 1071
47 1962
17 552
97 682
18 1281
58 251
12 1241
17 772
73 508
32 316
28 1564
10 528
23 652
98 254
28 745
35 290
54 606
44 1965
17 1042
65 1362
24 669
49 473
23 1579
95 1331
33 1506
88 1365
17 1300
64 1515
52 335
36 1672
46 1582
70 452
5 299
31 374
60 1863
41 1937
100 410
