10
13
8 9
5 19
4 62
9 68
8 83
2 15
10 83
2 100
6 76
5 63
4 76
10 22
4 91
5
9 99
5 94
5 63
7 76
5 32
12
1 50
8 18
8 7
3 71
9 33
6 56
6 65
9 44
10 7
8 25
4 10
8 58
9
2 36
2 53
4 53
7 5
1 16
5 48
3 93
6 1
3 21
8
7 75
10 26
10 59
2 22
6 5
8 75
5 83
8 30
8
5 65
3 89
1 83
2 74
1 66
4 30
2 86
5 75
3
8 49
6 46
10 88
13
6 19
7 88
8 46
3 31
5 70
9 89
2 36
3 8
4 46
5 14
5 9
2 41
9 61
11
3 33
4 83
2 32
7 20
8 56
2 51
5 25
5 73
3 29
7 53
2 91
13
9 65
4 97
7 7
8 42
1 83
4 54
5 14
7 57
1 37
9 90
5 54
4 86
1 78
