510
492750
242267
695211
414882
740939
808573
476343
215448
22816
440129
314606
259462
191412
136518
827878
826688
640259
629499
493219
409852
521296
263731
802125
698294
10641
927154
785544
622129
390917
870569
171237
275910
371510
677317
918829
13893
729250
350950
721396
845297
9265
613970
274853
302659
438945
996753
190588
397779
533975
440645
932975
608444
263924
993909
836592
179984
596958
493679
962784
394275
744512
122506
527425
809532
845557
188780
366310
173752
454761
420156
343587
696489
501264
206645
892652
721502
914922
841478
222110
536574
647578
163531
382050
834463
181333
487959
192323
33142
709043
135887
985216
271271
455461
825631
195979
726351
559148
57645
11270
513541
320808
446229
663719
328746
710246
393461
828028
671630
97335
125485
419861
114768
645872
706220
193382
734899
190618
857972
464969
503378
410398
601925
186457
254429
682294
96054
422334
748353
800402
331073
250336
483986
48612
662651
845384
431066
422954
494917
44388
20276
457013
565583
442004
477050
185232
414206
615276
113621
129923
402183
442874
179974
442913
433633
994086
294889
791931
130787
270728
755190
902756
7040
720261
114041
483258
739703
931763
89601
144688
72421
855597
165516
54827
385258
404008
765862
462738
684074
764674
812596
823731
310945
146715
126449
454216
455801
474358
934090
425882
532634
120434
728436
764077
526546
780903
422722
73585
725608
107500
822609
977788
391446
144219
248952
644715
953257
325067
87225
652813
933073
919542
326031
54809
362167
562006
54123
338296
666061
668459
518075
781712
123092
29069
23066
65792
482651
61618
317790
631457
109850
865322
672094
752225
246545
182312
863913
988561
217886
61359
517900
71236
731217
573798
776138
290426
640842
70145
519538
938179
71380
433686
588125
421586
590540
886132
174586
892503
682435
742951
717391
889614
513711
813858
413644
121221
874093
131367
750385
171772
849598
147758
150922
669817
663858
628858
378482
403167
535294
230060
831875
171977
934717
450279
510425
931233
976431
973212
461313
354955
17088
306852
463669
541018
238722
120951
959857
186430
3138
597617
484062
610749
772200
315558
181538
669881
978299
14699
497176
293694
16070
335744
479563
10436
142441
169004
160142
844087
365726
679818
78265
627138
171823
434621
936954
179751
348295
329946
270913
620121
891752
963986
340871
823745
625643
379270
707036
164598
956935
314036
509328
912974
18070
590958
885841
645118
457779
548375
926943
528337
100547
966669
436269
880946
982339
7532
16091
664543
782151
429140
901581
261845
509494
701798
738007
643217
479880
52633
269667
928506
865527
631147
79030
812907
998385
817015
469993
302063
406775
72102
64818
632450
572209
380561
489808
241517
126609
719828
979348
638286
770559
113874
739648
312156
692291
204165
476755
610202
720609
614372
653148
124879
790365
375493
564902
976556
567223
522187
485347
473906
92092
473752
580421
291407
783433
437605
16267
255453
362233
398785
629288
461361
982678
957088
63370
445737
735462
324408
636232
116123
500436
24352
757220
197985
946190
755204
984311
719131
117688
726380
192574
548796
843154
158225
696929
628506
325822
18449
34926
544453
379044
574145
14754
39661
839455
749540
871693
824395
823093
615346
604149
463109
730537
393759
420232
666724
802278
574775
600672
798098
505876
365825
210229
494334
143507
4208
929513
531903
723230
505089
280689
488365
514330
227955
779127
236148
413127
382064
815604
688397
605909
754966
364199
654441
417493
737580
84367
991287
594303
779389
939329
308561
351200
583326
110048
128526
652895
750033
54038
533373
537969
