253
108019
330348
30495
346903
106231
77028
734238
60345
626093
575935
59838
892590
440361
776804
615132
800021
624587
113542
557860
80448
200656
577574
709606
529197
704249
205754
784356
679187
485966
40740
576738
242513
621317
356020
326930
829557
176773
695876
621327
403235
102183
40892
211267
954643
966479
550853
720993
954181
200134
89171
582177
459602
14430
87527
412462
449412
183860
401527
657328
173556
488334
467898
843637
504897
168706
242655
783852
631657
261321
780413
845268
964044
358627
488730
608469
399467
749353
705868
569952
792988
607101
493556
845509
562477
644305
267245
211319
558339
97105
341130
864166
296034
110001
800932
739497
207725
432546
611161
675798
665678
740930
124390
519135
296047
886854
241815
714156
778980
819761
250319
131434
588355
205046
352496
968138
807210
164425
445864
273758
948271
617700
357328
128037
767764
284233
256383
836866
860409
105744
820557
817543
659240
247647
44426
233530
715261
334875
43663
95471
196746
725605
254354
898704
868433
578713
337927
484011
696289
916232
520241
826940
583262
919348
316474
83184
371867
700549
900322
726587
672946
911352
253376
986904
392751
827774
798040
59312
862911
56288
135344
723259
50396
132510
960714
370925
699726
897184
359653
948867
935215
553734
935700
490423
94514
457354
100848
672669
878670
891598
942836
333669
442085
192120
593140
829061
870476
758934
370181
487221
238351
117523
317608
244871
97074
792101
943900
266314
303264
337553
407216
271846
219525
553848
529655
609114
307917
911548
161820
257511
291757
394401
887461
291114
597642
456680
124770
217695
310561
430859
487346
38826
619413
57618
764378
866092
531005
853810
29648
974128
285576
651495
579448
262545
888883
793625
564275
615109
128135
46970
368206
275136
654193
649031
