130
133065
974849
782168
39882
510286
134158
716860
626596
260651
555851
438800
17480
712458
845940
978080
779432
765487
251062
752613
525005
88397
95660
637368
791690
111268
880125
766165
52630
929535
266380
377482
127798
784646
879940
553234
669106
675421
396597
105874
852092
976413
761553
306399
922196
373963
799035
937593
75349
321319
151257
860505
320950
178235
186456
968722
455325
440653
567937
274228
947065
436693
14199
359806
193455
963238
468929
559103
774912
222021
44457
197728
98992
398512
188707
873889
81023
696842
18261
278314
485705
666459
474459
66967
821482
980512
516310
378950
615383
475441
830757
422219
941218
644919
681020
493482
566330
743805
436136
541788
120217
146931
887146
846440
107476
12402
103910
455463
442691
380835
73810
441267
363784
153989
556472
770385
54495
725902
277368
540938
560519
590239
858922
382999
174021
298978
160796
913807
986460
970627
287224
