98
226
334 5
590 632 330
119 177 42 170
10 114 829 349 457
65 723 652 292 472 648
172 973 473 678 917 995 745
432 593 329 890 637 822 459 173
455 486 183 153 203 144 652 256 600
318 304 366 391 704 890 90 424 144 158
439 611 12 252 285 838 478 307 765 145 432
402 537 449 184 919 347 289 340 788 928 961 891
693 899 890 67 949 635 932 202 986 688 825 664 408
103 754 35 611 241 11 365 295 163 51 549 241 586 752
776 135 568 782 807 628 40 972 593 105 153 400 389 430 761
355 361 547 906 677 99 169 298 678 21 645 231 943 439 389 430
958 908 810 133 510 330 133 672 835 734 553 626 646 895 864 277 570
622 856 666 781 125 67 87 254 998 645 881 362 255 686 551 17 800 517
536 273 281 812 593 489 955 794 83 755 936 979 683 666 309 640 741 402 822
420 21 460 9 422 989 44 817 769 58 248 455 430 617 64 41 864 161 414 97
379 948 56 960 600 87 364 119 937 400 648 11 305 409 962 518 163 515 819 395 467
428 488 512 307 966 319 907 248 573 403 36 632 538 592 676 873 225 898 428 790 608 123
171 120 821 74 963 798 696 848 687 463 574 124 858 252 827 870 776 383 742 771 359 916 435
349 771 44 213 196 328 505 223 457 78 5 534 832 812 104 399 847 571 931 156 412 591 78 309
526 745 811 827 754 80 122 702 329 249 102 648 305 944 992 373 586 47 127 645 950 561 947 176 469
851 638 604 201 529 507 654 347 114 585 257 204 594 157 749 452 683 57 114 20 30 354 402 243 965 650
485 141 848 505 901 299 27 52 801 845 971 218 967 701 198 800 115 95 550 784 874 181 473 708 310 525 393
73 316 462 898 259 927 262 72 166 829 246 475 818 110 782 866 4 63 795 418 876 967 750 713 615 793 633 53
888 161 942 376 899 183 972 548 406 261 411 977 582 760 622 325 719 204 606 732 446 181 50 404 61 774 967 246 247
724 85 338 830 934 368 284 951 252 335 979 788 216 229 775 941 550 866 197 580 200 536 741 263 800 98 503 557 656 461
869 9 617 52 364 207 997 583 855 929 801 968 700 550 179 857 209 965 480 52 691 460 812 844 686 529 695 705 279 672 41
866 6 802 533 15 834 241 313 506 127 119 984 34 296 190 991 858 701 886 199 299 979 484 915 891 630 387 519 955 527 589 891
557 649 979 765 518 829 487 67 889 740 904 642 454 87 607 767 574 410 278 171 127 952 601 35 714 230 746 796 649 467 443 618 749
264 215 229 601 8 756 210 223 442 21 104 233 145 74 400 421 907 759 169 942 443 584 262 455 278 867 816 49 124 985 460 809 285 876
93 628 791 757 75 15 26 661 921 598 821 828 966 619 489 836 822 462 454 728 888 716 620 147 658 170 249 864 419 513 402 688 692 227 436
755 272 788 722 329 59 686 897 662 38 482 188 418 618 432 830 280 160 780 543 807 784 736 170 486 932 84 193 776 333 231 488 39 21 439 776
145 939 282 967 424 956 465 743 19 362 720 325 674 266 694 764 617 572 603 946 993 674 728 417 132 557 732 875 673 435 208 171 784 719 757 167 393
360 165 162 302 274 907 710 971 664 349 16 818 637 542 868 832 127 891 455 811 163 140 767 678 17 142 604 858 960 482 644 973 405 807 559 697 693 780
438 638 887 163 819 413 371 189 444 895 922 504 773 1000 782 545 105 580 111 76 275 403 120 111 840 99 27 562 904 13 769 110 451 79 315 205 703 322 298
784 270 733 149 489 527 118 131 15 4 220 929 97 523 689 79 770 554 103 220 950 848 366 307 367 849 644 520 442 499 701 97 931 39 444 689 914 821 952 833
69 979 841 438 535 51 972 726 577 207 370 19 674 41 772 114 595 446 755 434 176 99 301 430 983 414 906 368 502 556 100 729 814 666 261 257 411 739 113 194 252
75 394 189 579 850 997 115 721 346 613 818 735 760 660 779 415 915 532 130 199 601 378 242 803 574 829 111 175 552 640 839 830 301 922 583 326 708 327 178 598 683 655
811 174 403 378 254 831 557 425 439 15 151 973 887 10 759 615 786 735 925 695 862 681 387 918 267 577 228 698 690 339 356 906 893 898 330 723 635 427 778 233 871 131 903
20 164 631 41 903 235 516 450 845 179 972 545 628 276 232 427 303 902 759 402 424 284 27 770 623 540 31 4 972 968 993 879 817 978 944 599 599 887 368 13 677 916 733 672
887 8 552 938 222 983 291 935 63 670 209 992 354 997 766 309 954 51 389 200 434 248 300 404 334 347 935 735 26 849 898 889 445 238 404 498 537 170 373 923 867 67 133 215 798
844 883 306 859 838 566 794 312 73 930 39 387 338 393 680 878 588 135 41 601 707 291 336 404 132 147 724 182 80 377 723 6 307 311 276 381 386 753 727 294 502 598 449 23 801 743
403 862 168 889 340 224 122 768 999 456 752 932 219 978 264 102 897 495 195 656 388 570 694 156 450 661 159 542 533 681 655 220 568 984 7 631 89 930 819 589 591 304 262 689 579 522 463
734 581 443 691 363 955 529 73 875 566 321 712 650 567 640 636 952 589 883 38 762 507 845 466 96 747 971 808 155 881 894 567 943 828 487 768 389 178 504 325 995 400 291 16 241 764 318 716
512 68 396 334 978 912 768 949 481 392 733 9 567 826 980 811 133 370 813 889 415 619 872 925 319 142 11 871 834 250 205 938 681 865 218 974 655 610 403 917 605 954 859 653 566 356 286 247 573
85 451 598 116 1 151 485 108 37 904 116 522 180 386 193 949 358 404 18 448 9 531 264 722 228 271 827 306 727 359 349 837 869 747 572 899 893 303 926 93 539 849 383 450 868 630 570 611 431 724
760 536 71 429 139 71 440 757 937 780 790 20 866 466 351 599 177 92 899 863 537 48 621 966 760 307 259 896 709 944 504 287 162 273 396 186 280 204 112 835 850 393 353 205 559 681 483 259 88 401 694
432 184 388 575 634 958 863 552 88 551 845 532 110 708 130 164 779 925 854 311 242 969 589 214 374 340 793 627 662 84 304 209 789 483 595 7 188 384 781 775 956 821 847 802 234 659 262 201 273 785 712 112
88 80 701 343 826 290 723 248 957 701 821 167 795 627 705 383 553 407 993 324 63 269 944 162 103 97 650 695 427 131 710 7 920 181 453 859 240 235 851 635 690 105 167 706 823 959 864 473 123 39 392 464 789
61 575 849 401 232 846 750 682 36 262 451 559 497 471 581 241 640 745 52 778 990 857 66 86 436 323 221 59 875 214 48 755 95 824 352 968 346 7 732 974 128 287 238 294 481 437 604 398 340 364 409 647 430 708
901 864 659 333 120 188 828 844 858 93 264 477 823 295 532 228 959 698 636 440 190 733 627 979 867 116 943 412 763 234 210 585 89 874 781 139 55 773 633 343 166 327 33 184 914 17 853 480 894 963 355 111 215 251 646
784 930 570 590 230 28 548 271 382 309 208 322 121 280 288 896 825 537 692 515 559 85 610 182 274 545 186 642 44 110 787 842 50 974 512 890 767 414 606 19 67 326 319 451 39 984 728 372 782 761 393 99 115 923 315 759
153 33 758 23 3 600 122 272 936 269 471 613 939 246 515 355 954 438 792 173 589 29 940 486 100 695 392 861 313 448 807 733 412 88 301 950 741 611 386 614 332 616 797 853 904 39 626 305 392 417 138 248 422 111 652 493 457
590 992 476 992 1000 803 907 371 986 929 733 249 810 84 730 618 308 353 949 110 142 921 447 959 174 472 649 478 618 43 996 586 962 6 285 910 958 19 749 601 932 442 263 436 258 183 544 361 441 743 642 46 945 82 114 258 207 168
242 119 210 175 32 500 920 608 686 472 976 732 666 244 514 608 320 833 760 692 40 221 555 186 168 363 817 730 823 185 782 943 571 310 934 64 14 878 736 475 423 562 773 551 250 24 351 111 413 546 46 964 348 471 796 491 825 695 413
222 740 894 742 800 835 592 534 955 737 313 863 90 785 840 5 425 645 521 407 738 105 38 693 929 6 257 197 950 881 236 554 136 564 144 820 972 518 850 76 724 699 781 849 814 872 328 901 323 39 470 426 321 811 258 66 986 202 873 578
254 819 309 474 399 532 661 150 809 581 525 298 813 879 433 792 614 544 73 250 212 806 630 280 465 217 141 332 414 970 44 960 957 239 289 734 203 117 779 374 793 263 991 326 228 337 408 690 43 86 139 83 368 776 852 684 35 859 41 649 63
954 844 893 315 410 76 685 162 610 537 612 643 734 112 976 202 462 548 363 89 305 963 849 41 735 873 576 880 252 33 313 404 486 772 535 927 135 800 826 469 61 735 230 564 994 174 255 920 208 955 103 368 42 353 31 751 30 426 883 638 653 717
910 906 331 835 162 85 152 878 720 270 331 300 227 216 636 949 903 26 64 527 592 64 323 94 763 859 571 835 521 941 167 285 119 329 174 174 210 17 55 395 554 982 348 840 586 364 572 750 60 785 788 213 221 119 411 454 570 916 620 760 452 924 220
488 819 353 953 787 343 736 984 34 662 935 289 78 217 449 172 753 226 195 91 348 717 230 614 236 12 680 91 313 394 310 770 87 826 337 887 790 248 516 318 413 945 664 228 166 181 333 129 149 64 82 336 157 620 491 409 583 749 461 168 324 950 101 376
716 332 934 617 991 453 575 284 970 379 633 296 629 109 401 774 917 664 314 801 164 993 852 368 636 334 479 61 383 957 497 159 712 1000 932 351 822 157 289 779 78 837 43 770 429 66 212 3 538 122 699 249 311 498 596 685 22 269 542 227 87 27 144 766 511
262 814 169 999 675 313 9 206 708 9 379 574 147 157 261 996 147 738 334 682 481 13 224 995 618 578 548 756 506 168 415 817 747 560 949 450 952 650 658 958 895 30 89 55 585 412 425 265 53 885 127 29 128 376 134 156 106 210 314 765 252 798 103 810 612 215
84 542 624 325 132 322 860 467 423 995 876 756 68 615 955 897 376 501 335 205 320 234 663 178 445 442 888 505 169 694 362 31 68 113 630 532 919 303 236 166 941 4 376 914 342 301 795 400 623 885 972 283 775 531 544 375 566 431 328 805 618 480 701 113 831 761 323
473 58 514 481 199 79 897 229 563 546 154 664 426 313 481 861 39 591 281 918 250 577 34 274 284 487 110 38 226 150 148 894 552 400 39 863 109 725 642 982 736 447 656 46 672 829 202 301 89 550 849 882 804 898 482 446 755 405 338 349 809 994 683 759 276 491 760 294
8 169 946 25 616 463 395 920 469 752 515 451 674 10 178 894 439 422 590 647 847 26 323 527 288 386 2 232 444 717 125 596 764 241 51 675 36 671 539 818 179 302 774 498 189 519 486 922 387 153 205 663 99 82 783 177 569 265 571 679 324 809 993 317 500 181 779 631 53
722 580 751 553 257 262 368 895 875 141 953 903 550 565 329 767 653 412 666 614 687 170 689 137 918 475 441 715 359 533 973 289 111 440 679 73 15 889 935 508 165 506 688 655 963 244 643 745 265 669 314 644 484 280 927 751 419 493 558 644 302 670 793 607 612 815 971 616 855 896
787 186 909 742 482 864 206 50 996 782 306 464 692 843 479 499 72 77 35 119 960 391 191 561 375 702 416 937 867 974 616 552 351 872 875 175 328 392 422 638 16 815 837 684 707 139 619 656 239 711 222 569 670 817 800 329 652 820 634 560 455 511 13 189 387 14 940 194 643 838 133
406 705 615 967 577 301 389 431 446 43 975 138 225 336 794 453 325 63 211 789 551 752 883 458 20 909 352 489 4 118 655 859 189 699 277 835 50 952 436 773 46 801 131 10 67 863 806 547 418 681 64 689 330 290 823 893 228 430 574 330 580 497 522 286 119 256 796 328 78 99 915 699
303 919 655 924 921 901 695 883 243 469 669 840 650 273 810 666 34 623 84 299 910 560 554 952 966 16 766 433 123 726 438 698 24 151 256 205 125 489 654 406 864 517 104 114 724 352 474 427 307 212 322 999 138 667 874 563 917 664 416 523 72 972 118 421 610 470 615 3 992 831 564 220 297
367 182 894 95 635 133 359 284 633 681 756 536 882 326 611 830 872 102 189 331 806 36 842 454 123 450 929 392 188 974 954 956 830 243 13 167 313 115 672 675 918 528 20 12 184 193 534 190 356 515 201 836 262 642 825 904 993 724 360 615 101 614 506 125 303 67 830 234 974 734 926 987 610 208
936 255 196 954 693 755 318 752 7 788 874 154 143 476 642 763 979 457 737 514 507 32 631 817 298 91 201 380 63 474 809 636 33 791 356 278 63 856 667 294 694 833 138 27 594 625 918 976 147 266 783 645 681 605 312 352 700 973 790 214 569 774 902 57 128 405 736 871 398 202 837 800 192 352 522
939 965 774 856 79 871 257 224 533 110 748 149 674 439 397 406 581 12 559 718 928 295 778 586 787 550 235 769 325 125 268 488 112 969 101 34 651 576 72 375 551 303 116 362 680 219 33 952 201 707 846 356 967 921 903 444 904 588 636 227 988 510 951 930 894 320 264 34 196 212 882 74 789 635 169 222
396 310 287 141 721 311 676 367 497 49 867 252 529 129 218 239 398 325 326 809 308 439 17 155 946 607 298 985 824 679 319 843 857 589 553 363 596 267 776 535 225 22 975 25 809 311 457 109 703 552 321 522 261 923 814 849 77 232 802 163 441 368 706 33 489 216 795 553 629 877 271 982 240 873 885 795 514
868 899 32 488 996 797 296 659 720 892 718 377 451 800 266 209 385 57 351 927 12 558 891 903 889 73 311 491 926 886 553 472 177 371 698 665 87 932 483 516 50 900 68 969 385 552 731 105 671 69 200 298 25 140 756 739 91 798 520 940 228 213 778 461 334 611 824 26 136 983 269 198 944 371 497 574 633 602
848 870 461 707 995 514 961 73 169 812 761 137 930 625 956 866 760 269 166 978 787 416 321 629 942 332 85 935 224 639 560 43 940 186 695 850 985 861 460 610 860 54 861 407 709 462 592 675 385 209 618 575 559 662 390 922 273 392 505 185 770 115 339 968 473 253 938 214 674 84 899 785 963 603 474 438 969 192 798
542 242 414 55 493 998 100 463 34 145 667 571 874 780 874 783 730 27 927 273 121 553 848 725 835 904 8 737 223 696 482 823 482 830 375 933 738 142 448 942 536 114 774 900 713 801 831 474 884 513 34 840 898 161 993 690 835 767 766 997 869 687 644 103 428 63 837 208 785 224 344 570 538 176 838 456 648 205 296 98
480 462 825 259 444 735 678 758 148 516 524 875 372 548 89 886 211 151 401 706 139 461 200 242 168 787 981 213 290 763 815 534 384 90 202 208 920 831 993 572 765 957 307 851 135 660 894 973 768 868 867 690 708 320 236 627 515 281 124 669 93 64 776 403 781 773 702 451 474 810 379 310 169 214 737 676 263 144 53 554 396
517 791 2 885 475 17 452 193 148 899 250 543 544 451 813 852 343 510 847 46 127 281 868 521 51 200 99 373 232 209 157 872 965 500 565 208 347 347 877 298 29 542 643 76 523 353 737 111 859 262 723 906 158 592 338 776 525 753 466 540 409 753 428 95 433 170 122 762 754 91 72 498 326 134 377 79 188 751 161 522 685 569
534 643 395 509 425 483 809 21 51 455 329 976 897 133 330 964 767 508 685 938 854 740 747 375 385 408 799 698 878 248 5 508 472 203 517 619 351 420 524 211 339 254 361 818 623 278 657 380 72 309 991 446 129 246 377 200 273 823 536 119 596 682 140 194 538 471 177 929 185 608 340 374 425 911 213 307 228 904 630 857 260 20 463
539 467 136 766 965 225 102 576 785 291 111 71 80 31 713 164 430 878 35 285 495 68 766 112 841 470 860 134 734 813 310 568 91 439 25 118 620 394 904 528 121 266 448 654 852 518 760 295 873 575 405 227 707 568 163 408 324 383 642 790 119 765 664 812 900 681 453 755 301 255 130 125 410 380 921 525 37 839 955 344 37 385 715 428
73 815 177 584 429 265 717 817 336 336 605 749 338 35 131 230 632 526 436 910 532 855 585 628 829 438 277 469 564 488 302 439 361 200 942 984 482 331 657 30 460 877 803 639 889 845 376 462 828 237 543 537 973 772 369 645 494 74 697 164 218 316 75 261 850 499 368 484 658 647 163 380 688 333 817 546 1000 868 277 588 250 71 203 594 38
942 756 454 191 890 524 42 42 351 905 695 339 722 481 780 484 958 325 751 418 257 463 157 966 114 372 256 986 892 845 802 609 405 751 115 573 641 705 301 136 703 848 838 717 155 651 343 950 89 736 525 712 187 302 569 721 188 508 305 127 862 532 521 478 257 412 32 598 698 550 190 360 194 783 199 305 477 365 61 871 864 688 476 822 352 935
195 612 558 303 791 364 536 156 528 536 744 118 435 631 379 852 39 82 959 993 951 419 663 496 30 658 489 672 651 917 336 519 125 959 376 633 956 282 193 753 282 154 370 398 26 790 548 485 694 239 485 886 467 60 809 442 298 463 411 727 116 963 388 218 461 815 125 771 731 754 192 764 125 98 56 595 145 108 182 266 74 845 149 80 235 397 686
902 178 994 783 208 276 833 550 809 928 857 156 606 818 613 887 111 257 679 504 9 685 514 531 365 924 218 818 589 597 440 269 733 793 270 991 676 454 790 826 272 332 389 38 904 897 226 187 332 690 830 570 353 792 723 847 14 926 693 623 164 157 828 952 435 242 488 296 584 200 790 864 83 831 344 794 748 728 475 154 570 476 953 215 576 346 110 854
181 991 136 942 524 552 184 896 683 166 81 848 763 166 262 281 838 114 123 792 178 133 850 12 20 572 926 932 972 322 763 323 336 192 960 189 332 454 463 468 428 956 643 650 37 115 790 819 70 166 389 74 196 772 548 267 292 487 665 929 378 410 52 590 391 621 87 984 100 38 422 245 656 658 309 769 453 198 575 299 679 528 367 591 232 62 380 907 183
589 57 965 56 12 130 888 108 289 159 132 245 343 182 16 74 653 452 923 962 896 980 318 331 663 725 414 878 537 33 899 483 278 274 821 932 405 362 867 346 580 101 508 139 885 975 366 513 195 546 371 793 88 12 888 915 782 704 972 267 850 214 196 464 783 4 910 354 957 259 759 311 32 929 809 641 372 501 402 376 260 109 678 903 248 547 606 562 54 994
356 320 632 755 780 469 812 118 632 986 287 204 571 427 16 152 926 609 157 369 854 460 287 525 110 26 910 792 248 846 221 103 419 103 13 168 618 334 50 57 11 61 942 302 1 448 928 195 127 47 840 848 86 757 528 892 430 723 33 650 109 443 283 313 387 154 894 671 972 83 528 756 189 520 346 214 687 976 139 91 400 702 394 242 224 882 32 671 947 128 136
332 206 849 828 511 444 159 193 749 545 309 47 641 572 271 262 175 620 147 753 441 843 899 396 953 549 52 661 217 450 486 570 499 756 26 779 121 592 551 962 341 616 501 575 832 894 98 204 843 582 683 54 517 478 36 385 644 387 357 484 234 700 876 678 203 901 517 822 967 41 629 95 180 121 567 554 526 540 993 979 657 367 100 51 527 526 910 817 10 162 504 888
639 954 995 36 270 973 485 557 966 135 115 49 323 507 169 729 582 202 941 492 921 610 978 551 104 970 709 193 360 985 491 867 590 600 884 66 704 894 755 469 615 862 335 882 114 667 473 561 676 113 223 83 429 308 763 524 818 408 249 695 905 347 123 253 894 346 941 659 302 78 246 112 585 796 305 541 285 877 960 201 469 502 121 333 582 502 966 118 111 425 120 16 405
926 87 295 609 944 37 868 408 116 602 229 899 305 525 858 668 797 675 400 158 972 41 920 385 526 2 480 781 269 379 574 400 309 423 120 303 180 543 690 788 836 689 10 139 264 944 963 370 972 120 521 559 118 779 945 687 13 520 691 291 439 655 617 158 919 925 315 707 762 656 973 745 665 432 177 82 688 478 910 28 737 950 477 5 502 826 285 85 959 561 204 575 848 213
788 113 692 756 699 894 991 778 729 796 9 785 736 381 374 903 1 92 291 843 362 279 281 532 797 976 690 729 721 250 921 656 42 971 899 320 181 267 919 777 318 124 913 929 542 158 402 761 716 398 307 162 360 219 632 186 101 451 173 650 535 116 859 997 508 366 478 700 407 227 401 143 936 642 801 874 696 330 675 661 13 43 230 377 287 392 757 538 994 171 464 331 623 514 950
293 97 503 720 272 514 549 232 949 572 850 952 577 855 89 335 196 175 206 120 130 755 401 21 496 480 708 995 792 488 888 542 758 219 145 398 705 892 926 495 394 42 991 516 13 173 900 357 308 43 529 889 793 599 132 911 647 20 541 78 727 937 131 490 611 101 25 623 715 880 101 803 513 473 565 824 64 242 215 622 591 565 254 876 68 815 606 405 893 836 738 801 199 302 361 471
440 365 565 283 628 683 384 399 852 20 751 850 18 703 394 525 132 361 961 401 517 26 444 215 226 766 991 509 363 827 566 149 522 834 667 820 73 34 953 613 935 45 571 147 115 103 577 823 184 237 831 706 161 362 153 89 333 912 984 729 820 781 667 625 538 725 178 9 356 179 672 638 90 912 226 527 684 550 497 198 468 478 679 449 873 866 527 703 45 285 731 145 327 22 176 815 762
605 517 763 999 814 505 715 170 808 378 850 867 585 342 136 815 114 702 72 791 76 83 736 155 460 306 444 636 501 742 572 299 431 1000 105 154 138 710 698 820 182 739 819 774 691 287 421 927 817 119 685 104 392 67 193 927 290 668 563 263 42 911 183 651 906 241 405 254 207 692 182 898 852 953 33 568 938 352 738 849 294 660 759 311 645 624 983 21 224 122 589 94 344 638 265 209 479 828
