-5824 -14002
33957 25846 11810 -15944
33957 25846 -5824 -14002
-6277 -30065 11810 -15944
-6277 -30065 -30872 6649
-6277 -30065 -20841 -9761
11810 -15944 12018 -26268
11810 -15944 -26707 29799
12018 -26268 -5824 -14002
-7838 14111 -5824 -14002
-7838 14111 -27870 -31601
27074 24102 -5824 -14002
2355 -14251 -5824 -14002
2355 -14251 -35710 -31554
2355 -14251 36721 19371
13331 -15472 -5824 -14002
13331 -15472 -27870 -31601
-5824 -14002 -35710 -31554
-5824 -14002 -24403 -39006
-5824 -14002 -20841 -9761
-5824 -14002 -1806 1843
-5824 -14002 -26707 29799
-5824 -14002 36721 19371
-35710 -31554 -24403 -39006
-24403 -39006 -27870 -31601
-20841 -9761 -27870 -31601
-1806 1843 23817 -1749
-1806 1843 -26707 29799
-1806 1843 36721 19371
-1806 1843 -27870 -31601
23817 -1749 -27870 -31601
