39561 -39272
36406 37320 -19062 37381
36406 37320 -15573 8641
36406 37320 -16781 -30033
36406 37320 3385 14809
36406 37320 -8106 31689
36406 37320 25872 -10549
36406 37320 6266 -9689
36406 37320 -21119 1016
36406 37320 25165 -27860
36406 37320 -32265 33118
36406 37320 6334 28306
36406 37320 -22806 6947
36406 37320 24366 -7387
36406 37320 30121 308
36406 37320 -11298 -1034
36406 37320 33200 18578
36406 37320 -19730 7437
36406 37320 13196 15740
36406 37320 883 -35202
36406 37320 22755 -18212
36406 37320 19518 -38009
36406 37320 -5690 35374
36406 37320 7596 -14326
36406 37320 -13450 21755
36406 37320 -8551 -10800
36406 37320 -37476 -25451
36406 37320 -24050 -13049
36406 37320 13877 -3116
36406 37320 -29917 -12230
36406 37320 8264 29653
36406 37320 11203 28734
36406 37320 39561 -39272
36406 37320 3993 9016
36406 37320 -22690 -28102
36406 37320 29994 18716
36406 37320 -614 31218
36406 37320 30353 -787
36406 37320 19126 35858
36406 37320 367 22148
36406 37320 -21312 6229
36406 37320 31077 -37409
36406 37320 -13008 35350
36406 37320 -34917 963
36406 37320 39125 36502
36406 37320 39132 -36612
36406 37320 3854 -35201
36406 37320 -10611 8722
36406 37320 -4258 22225
36406 37320 -28742 29254
36406 37320 9493 35849
36406 37320 23874 -22135
36406 37320 -33671 17097
-28564 15114 37218 -30646
-28564 15114 -19062 37381
-28564 15114 -16781 -30033
-28564 15114 3385 14809
-28564 15114 -39831 -24476
-28564 15114 -8106 31689
-28564 15114 25872 -10549
-28564 15114 6266 -9689
-28564 15114 -21119 1016
-28564 15114 -32265 33118
-28564 15114 -5896 29036
-28564 15114 36364 12022
-28564 15114 -22806 6947
-28564 15114 14886 6347
-28564 15114 11815 -717
-28564 15114 -12179 -20211
-28564 15114 14889 9286
-28564 15114 13196 15740
-28564 15114 883 -35202
-28564 15114 13831 1516
-28564 15114 19518 -38009
-28564 15114 -15082 20110
-28564 15114 7596 -14326
-28564 15114 -13450 21755
-28564 15114 14158 -14191
-28564 15114 9346 -9742
-28564 15114 -12811 29560
-28564 15114 -35491 37311
-28564 15114 -8551 -10800
-28564 15114 255 10344
-28564 15114 14283 -6810
-28564 15114 -37476 -25451
-28564 15114 13877 -3116
-28564 15114 -29917 -12230
-28564 15114 8264 29653
-28564 15114 11203 28734
-28564 15114 39561 -39272
-28564 15114 3993 9016
-28564 15114 -2634 29731
-28564 15114 -22690 -28102
-28564 15114 -614 31218
-28564 15114 367 22148
-28564 15114 -13130 27727
-28564 15114 31077 -37409
-28564 15114 15238 -29354
-28564 15114 -34917 963
-28564 15114 -338 -2075
-28564 15114 12636 -3039
-28564 15114 39125 36502
-28564 15114 39132 -36612
-28564 15114 3854 -35201
-28564 15114 -10611 8722
-28564 15114 -4258 22225
-28564 15114 26710 1974
-28564 15114 35746 -12620
-28564 15114 21101 19073
-28564 15114 10645 22746
-28564 15114 -28742 29254
-28564 15114 8873 8489
-28564 15114 9493 35849
-28564 15114 -33671 17097
37218 -30646 -19062 37381
37218 -30646 -16781 -30033
37218 -30646 3385 14809
37218 -30646 -39831 -24476
37218 -30646 -21119 1016
37218 -30646 -32265 33118
37218 -30646 36364 12022
37218 -30646 -22806 6947
37218 -30646 -11298 -1034
37218 -30646 -11994 10402
37218 -30646 -12179 -20211
37218 -30646 33200 18578
37218 -30646 14889 9286
37218 -30646 13736 38057
37218 -30646 883 -35202
37218 -30646 13831 1516
37218 -30646 19518 -38009
37218 -30646 -4209 25214
37218 -30646 7596 -14326
37218 -30646 -13450 21755
37218 -30646 14158 -14191
37218 -30646 35258 32716
37218 -30646 9346 -9742
37218 -30646 -35491 37311
37218 -30646 14283 -6810
37218 -30646 -24050 -13049
37218 -30646 8264 29653
37218 -30646 10695 39022
37218 -30646 39561 -39272
37218 -30646 -22690 -28102
37218 -30646 29994 18716
37218 -30646 -614 31218
37218 -30646 19126 35858
37218 -30646 367 22148
37218 -30646 -21312 6229
37218 -30646 -13130 27727
37218 -30646 31077 -37409
37218 -30646 15238 -29354
37218 -30646 -34917 963
37218 -30646 3854 -35201
37218 -30646 -4956 -7320
37218 -30646 35746 -12620
37218 -30646 -28742 29254
37218 -30646 23874 -22135
37218 -30646 -33671 17097
-19062 37381 -16781 -30033
-19062 37381 3385 14809
-19062 37381 -8106 31689
-19062 37381 25872 -10549
-19062 37381 -5896 29036
-19062 37381 6334 28306
-19062 37381 36364 12022
-19062 37381 -22806 6947
-19062 37381 24366 -7387
-19062 37381 11815 -717
-19062 37381 -11298 -1034
-19062 37381 -11994 10402
-19062 37381 33200 18578
-19062 37381 -19730 7437
-19062 37381 13196 15740
-19062 37381 13736 38057
-19062 37381 883 -35202
-19062 37381 22755 -18212
-19062 37381 -5690 35374
-19062 37381 -4209 25214
-19062 37381 7596 -14326
-19062 37381 14158 -14191
-19062 37381 255 10344
-19062 37381 -37476 -25451
-19062 37381 -24050 -13049
-19062 37381 13877 -3116
-19062 37381 8264 29653
-19062 37381 11203 28734
-19062 37381 10695 39022
-19062 37381 39561 -39272
-19062 37381 25746 -4614
-19062 37381 -2634 29731
-19062 37381 -22690 -28102
-19062 37381 29994 18716
-19062 37381 -614 31218
-19062 37381 30353 -787
-19062 37381 19126 35858
-19062 37381 31077 -37409
-19062 37381 -13008 35350
-19062 37381 -34917 963
-19062 37381 -338 -2075
-19062 37381 12636 -3039
-19062 37381 3854 -35201
-19062 37381 -10611 8722
-19062 37381 -4258 22225
-19062 37381 26710 1974
-19062 37381 21429 30843
-19062 37381 35746 -12620
-19062 37381 21101 19073
-19062 37381 -28742 29254
-19062 37381 8873 8489
-19062 37381 23874 -22135
-19062 37381 -33671 17097
-15573 8641 16691 -26230
-15573 8641 -39831 -24476
-15573 8641 -8106 31689
-15573 8641 25872 -10549
-15573 8641 -32265 33118
-15573 8641 -5896 29036
-15573 8641 6334 28306
-15573 8641 36364 12022
-15573 8641 14886 6347
-15573 8641 24366 -7387
-15573 8641 30121 308
-15573 8641 -11298 -1034
-15573 8641 -11994 10402
-15573 8641 -12179 -20211
-15573 8641 -19730 7437
-15573 8641 13736 38057
-15573 8641 22755 -18212
-15573 8641 13831 1516
-15573 8641 19518 -38009
-15573 8641 -5690 35374
-15573 8641 -4209 25214
-15573 8641 7596 -14326
-15573 8641 14158 -14191
-15573 8641 35258 32716
-15573 8641 10244 14439
-15573 8641 -12811 29560
-15573 8641 -8551 -10800
-15573 8641 14283 -6810
-15573 8641 -37476 -25451
-15573 8641 -24050 -13049
-15573 8641 13877 -3116
-15573 8641 -29917 -12230
-15573 8641 8264 29653
-15573 8641 11203 28734
-15573 8641 10695 39022
-15573 8641 39561 -39272
-15573 8641 3993 9016
-15573 8641 -2634 29731
-15573 8641 -22690 -28102
-15573 8641 29994 18716
-15573 8641 -614 31218
-15573 8641 30353 -787
-15573 8641 19126 35858
-15573 8641 367 22148
-15573 8641 -21312 6229
-15573 8641 31077 -37409
-15573 8641 -338 -2075
-15573 8641 12636 -3039
-15573 8641 39132 -36612
-15573 8641 -10611 8722
-15573 8641 -4258 22225
-15573 8641 26710 1974
-15573 8641 21101 19073
-15573 8641 -28742 29254
-15573 8641 8873 8489
-15573 8641 9493 35849
-16781 -30033 16691 -26230
-16781 -30033 -8106 31689
-16781 -30033 25872 -10549
-16781 -30033 -21119 1016
-16781 -30033 -32265 33118
-16781 -30033 -5896 29036
-16781 -30033 6334 28306
-16781 -30033 14886 6347
-16781 -30033 30121 308
-16781 -30033 -11994 10402
-16781 -30033 33200 18578
-16781 -30033 -19730 7437
-16781 -30033 13196 15740
-16781 -30033 22755 -18212
-16781 -30033 13831 1516
-16781 -30033 19518 -38009
-16781 -30033 -15082 20110
-16781 -30033 -5690 35374
-16781 -30033 -4209 25214
-16781 -30033 -13450 21755
-16781 -30033 14158 -14191
-16781 -30033 35258 32716
-16781 -30033 10244 14439
-16781 -30033 9346 -9742
-16781 -30033 -12811 29560
-16781 -30033 -35491 37311
-16781 -30033 255 10344
-16781 -30033 14283 -6810
-16781 -30033 -37476 -25451
-16781 -30033 -24050 -13049
-16781 -30033 13877 -3116
-16781 -30033 -29917 -12230
-16781 -30033 8264 29653
-16781 -30033 11203 28734
-16781 -30033 39561 -39272
-16781 -30033 25746 -4614
-16781 -30033 -2634 29731
-16781 -30033 -22690 -28102
-16781 -30033 30353 -787
-16781 -30033 -21312 6229
-16781 -30033 -13008 35350
-16781 -30033 -338 -2075
-16781 -30033 39125 36502
-16781 -30033 -4956 -7320
-16781 -30033 -10611 8722
-16781 -30033 -4258 22225
-16781 -30033 26710 1974
-16781 -30033 21429 30843
-16781 -30033 35746 -12620
-16781 -30033 10645 22746
-16781 -30033 8873 8489
-16781 -30033 23874 -22135
-16781 -30033 -33671 17097
16691 -26230 3385 14809
16691 -26230 -39831 -24476
16691 -26230 -8106 31689
16691 -26230 6266 -9689
16691 -26230 -21119 1016
16691 -26230 25165 -27860
16691 -26230 -32265 33118
16691 -26230 -5896 29036
16691 -26230 6334 28306
16691 -26230 -22806 6947
16691 -26230 14886 6347
16691 -26230 24366 -7387
16691 -26230 30121 308
16691 -26230 -11298 -1034
16691 -26230 -11994 10402
16691 -26230 -12179 -20211
16691 -26230 33200 18578
16691 -26230 -19730 7437
16691 -26230 14889 9286
16691 -26230 13736 38057
16691 -26230 883 -35202
16691 -26230 22755 -18212
16691 -26230 -15082 20110
16691 -26230 -5690 35374
16691 -26230 7596 -14326
16691 -26230 10244 14439
16691 -26230 9346 -9742
16691 -26230 -35491 37311
16691 -26230 255 10344
16691 -26230 14283 -6810
16691 -26230 -37476 -25451
16691 -26230 -24050 -13049
16691 -26230 13877 -3116
16691 -26230 -29917 -12230
16691 -26230 10695 39022
16691 -26230 39561 -39272
16691 -26230 25746 -4614
16691 -26230 3993 9016
16691 -26230 -2634 29731
16691 -26230 -22690 -28102
16691 -26230 29994 18716
16691 -26230 -614 31218
16691 -26230 -13130 27727
16691 -26230 15238 -29354
16691 -26230 -34917 963
16691 -26230 12636 -3039
16691 -26230 39132 -36612
16691 -26230 3854 -35201
16691 -26230 -4956 -7320
16691 -26230 -10611 8722
16691 -26230 -4258 22225
16691 -26230 21101 19073
16691 -26230 10645 22746
16691 -26230 -28742 29254
16691 -26230 8873 8489
16691 -26230 -33671 17097
3385 14809 -39831 -24476
3385 14809 -8106 31689
3385 14809 6266 -9689
3385 14809 -21119 1016
3385 14809 25165 -27860
3385 14809 -32265 33118
3385 14809 -5896 29036
3385 14809 6334 28306
3385 14809 36364 12022
3385 14809 -22806 6947
3385 14809 14886 6347
3385 14809 11815 -717
3385 14809 30121 308
3385 14809 -11994 10402
3385 14809 -12179 -20211
3385 14809 33200 18578
3385 14809 14889 9286
3385 14809 13196 15740
3385 14809 13736 38057
3385 14809 883 -35202
3385 14809 22755 -18212
3385 14809 13831 1516
3385 14809 19518 -38009
3385 14809 -15082 20110
3385 14809 -5690 35374
3385 14809 -4209 25214
3385 14809 7596 -14326
3385 14809 -13450 21755
3385 14809 35258 32716
3385 14809 10244 14439
3385 14809 255 10344
3385 14809 14283 -6810
3385 14809 -37476 -25451
3385 14809 -24050 -13049
3385 14809 13877 -3116
3385 14809 -29917 -12230
3385 14809 8264 29653
3385 14809 39561 -39272
3385 14809 25746 -4614
3385 14809 3993 9016
3385 14809 -22690 -28102
3385 14809 -614 31218
3385 14809 30353 -787
3385 14809 19126 35858
3385 14809 367 22148
3385 14809 -21312 6229
3385 14809 -13130 27727
3385 14809 31077 -37409
3385 14809 -13008 35350
3385 14809 -338 -2075
3385 14809 12636 -3039
3385 14809 -10611 8722
3385 14809 -4258 22225
3385 14809 26710 1974
3385 14809 21429 30843
3385 14809 21101 19073
3385 14809 10645 22746
3385 14809 23874 -22135
3385 14809 -33671 17097
-39831 -24476 -8106 31689
-39831 -24476 6266 -9689
-39831 -24476 -21119 1016
-39831 -24476 25165 -27860
-39831 -24476 6334 28306
-39831 -24476 -22806 6947
-39831 -24476 -11298 -1034
-39831 -24476 -11994 10402
-39831 -24476 -12179 -20211
-39831 -24476 -19730 7437
-39831 -24476 13196 15740
-39831 -24476 883 -35202
-39831 -24476 13831 1516
-39831 -24476 19518 -38009
-39831 -24476 -15082 20110
-39831 -24476 -4209 25214
-39831 -24476 -13450 21755
-39831 -24476 14158 -14191
-39831 -24476 35258 32716
-39831 -24476 9346 -9742
-39831 -24476 -35491 37311
-39831 -24476 -8551 -10800
-39831 -24476 14283 -6810
-39831 -24476 -37476 -25451
-39831 -24476 -24050 -13049
-39831 -24476 13877 -3116
-39831 -24476 -29917 -12230
-39831 -24476 8264 29653
-39831 -24476 11203 28734
-39831 -24476 10695 39022
-39831 -24476 39561 -39272
-39831 -24476 3993 9016
-39831 -24476 -2634 29731
-39831 -24476 -22690 -28102
-39831 -24476 29994 18716
-39831 -24476 -614 31218
-39831 -24476 19126 35858
-39831 -24476 367 22148
-39831 -24476 -21312 6229
-39831 -24476 31077 -37409
-39831 -24476 15238 -29354
-39831 -24476 12636 -3039
-39831 -24476 39125 36502
-39831 -24476 3854 -35201
-39831 -24476 -4956 -7320
-39831 -24476 -10611 8722
-39831 -24476 -4258 22225
-39831 -24476 26710 1974
-39831 -24476 21429 30843
-39831 -24476 21101 19073
-39831 -24476 10645 22746
-39831 -24476 -28742 29254
-39831 -24476 -33671 17097
-8106 31689 6266 -9689
-8106 31689 25165 -27860
-8106 31689 -5896 29036
-8106 31689 6334 28306
-8106 31689 36364 12022
-8106 31689 -22806 6947
-8106 31689 14886 6347
-8106 31689 24366 -7387
-8106 31689 11815 -717
-8106 31689 30121 308
-8106 31689 -11298 -1034
-8106 31689 -11994 10402
-8106 31689 -19730 7437
-8106 31689 14889 9286
-8106 31689 13831 1516
-8106 31689 19518 -38009
-8106 31689 -15082 20110
-8106 31689 -5690 35374
-8106 31689 -4209 25214
-8106 31689 -13450 21755
-8106 31689 35258 32716
-8106 31689 10244 14439
-8106 31689 9346 -9742
-8106 31689 -12811 29560
-8106 31689 -8551 -10800
-8106 31689 255 10344
-8106 31689 14283 -6810
-8106 31689 -37476 -25451
-8106 31689 13877 -3116
-8106 31689 -29917 -12230
-8106 31689 10695 39022
-8106 31689 3993 9016
-8106 31689 -22690 -28102
-8106 31689 -614 31218
-8106 31689 30353 -787
-8106 31689 367 22148
-8106 31689 -21312 6229
-8106 31689 3854 -35201
-8106 31689 -4956 -7320
-8106 31689 -4258 22225
-8106 31689 26710 1974
-8106 31689 21429 30843
-8106 31689 35746 -12620
-8106 31689 10645 22746
-8106 31689 -28742 29254
-8106 31689 8873 8489
-8106 31689 9493 35849
-8106 31689 23874 -22135
-8106 31689 -33671 17097
25872 -10549 6266 -9689
25872 -10549 -32265 33118
25872 -10549 -5896 29036
25872 -10549 -22806 6947
25872 -10549 14886 6347
25872 -10549 24366 -7387
25872 -10549 11815 -717
25872 -10549 30121 308
25872 -10549 -11298 -1034
25872 -10549 -11994 10402
25872 -10549 -12179 -20211
25872 -10549 14889 9286
25872 -10549 13196 15740
25872 -10549 13736 38057
25872 -10549 22755 -18212
25872 -10549 13831 1516
25872 -10549 19518 -38009
25872 -10549 -15082 20110
25872 -10549 -5690 35374
25872 -10549 -4209 25214
25872 -10549 -13450 21755
25872 -10549 14158 -14191
25872 -10549 35258 32716
25872 -10549 10244 14439
25872 -10549 9346 -9742
25872 -10549 -12811 29560
25872 -10549 -8551 -10800
25872 -10549 14283 -6810
25872 -10549 -37476 -25451
25872 -10549 -24050 -13049
25872 -10549 13877 -3116
25872 -10549 11203 28734
25872 -10549 10695 39022
25872 -10549 39561 -39272
25872 -10549 25746 -4614
25872 -10549 3993 9016
25872 -10549 -22690 -28102
25872 -10549 29994 18716
25872 -10549 -614 31218
25872 -10549 19126 35858
25872 -10549 -21312 6229
25872 -10549 -13130 27727
25872 -10549 31077 -37409
25872 -10549 -13008 35350
25872 -10549 -34917 963
25872 -10549 -338 -2075
25872 -10549 12636 -3039
25872 -10549 39125 36502
25872 -10549 39132 -36612
25872 -10549 3854 -35201
25872 -10549 -4258 22225
25872 -10549 26710 1974
25872 -10549 21429 30843
25872 -10549 21101 19073
25872 -10549 10645 22746
25872 -10549 -28742 29254
25872 -10549 9493 35849
6266 -9689 -21119 1016
6266 -9689 -32265 33118
6266 -9689 6334 28306
6266 -9689 36364 12022
6266 -9689 -22806 6947
6266 -9689 14886 6347
6266 -9689 11815 -717
6266 -9689 30121 308
6266 -9689 -11298 -1034
6266 -9689 -12179 -20211
6266 -9689 33200 18578
6266 -9689 14889 9286
6266 -9689 13196 15740
6266 -9689 13736 38057
6266 -9689 22755 -18212
6266 -9689 13831 1516
6266 -9689 19518 -38009
6266 -9689 -15082 20110
6266 -9689 -13450 21755
6266 -9689 35258 32716
6266 -9689 10244 14439
6266 -9689 9346 -9742
6266 -9689 -35491 37311
6266 -9689 -8551 -10800
6266 -9689 -37476 -25451
6266 -9689 8264 29653
6266 -9689 11203 28734
6266 -9689 39561 -39272
6266 -9689 -22690 -28102
6266 -9689 -614 31218
6266 -9689 367 22148
6266 -9689 -21312 6229
6266 -9689 -13130 27727
6266 -9689 15238 -29354
6266 -9689 -34917 963
6266 -9689 -338 -2075
6266 -9689 12636 -3039
6266 -9689 39132 -36612
6266 -9689 -10611 8722
6266 -9689 -4258 22225
6266 -9689 21429 30843
6266 -9689 35746 -12620
6266 -9689 21101 19073
6266 -9689 10645 22746
6266 -9689 -28742 29254
6266 -9689 9493 35849
-21119 1016 25165 -27860
-21119 1016 36364 12022
-21119 1016 -22806 6947
-21119 1016 24366 -7387
-21119 1016 11815 -717
-21119 1016 30121 308
-21119 1016 -11994 10402
-21119 1016 -12179 -20211
-21119 1016 -19730 7437
-21119 1016 13196 15740
-21119 1016 13736 38057
-21119 1016 883 -35202
-21119 1016 22755 -18212
-21119 1016 13831 1516
-21119 1016 -4209 25214
-21119 1016 14158 -14191
-21119 1016 35258 32716
-21119 1016 10244 14439
-21119 1016 -12811 29560
-21119 1016 -35491 37311
-21119 1016 255 10344
-21119 1016 -37476 -25451
-21119 1016 -24050 -13049
-21119 1016 13877 -3116
-21119 1016 -29917 -12230
-21119 1016 8264 29653
-21119 1016 11203 28734
-21119 1016 39561 -39272
-21119 1016 25746 -4614
-21119 1016 3993 9016
-21119 1016 -2634 29731
-21119 1016 -22690 -28102
-21119 1016 -614 31218
-21119 1016 19126 35858
-21119 1016 -13130 27727
-21119 1016 -13008 35350
-21119 1016 -34917 963
-21119 1016 -338 -2075
-21119 1016 39125 36502
-21119 1016 39132 -36612
-21119 1016 3854 -35201
-21119 1016 -10611 8722
-21119 1016 -4258 22225
-21119 1016 26710 1974
-21119 1016 21429 30843
-21119 1016 10645 22746
-21119 1016 23874 -22135
25165 -27860 -5896 29036
25165 -27860 36364 12022
25165 -27860 -22806 6947
25165 -27860 24366 -7387
25165 -27860 11815 -717
25165 -27860 30121 308
25165 -27860 -11298 -1034
25165 -27860 33200 18578
25165 -27860 -19730 7437
25165 -27860 14889 9286
25165 -27860 22755 -18212
25165 -27860 19518 -38009
25165 -27860 -4209 25214
25165 -27860 7596 -14326
25165 -27860 14158 -14191
25165 -27860 35258 32716
25165 -27860 10244 14439
25165 -27860 9346 -9742
25165 -27860 -12811 29560
25165 -27860 -35491 37311
25165 -27860 255 10344
25165 -27860 -37476 -25451
25165 -27860 13877 -3116
25165 -27860 -29917 -12230
25165 -27860 11203 28734
25165 -27860 39561 -39272
25165 -27860 25746 -4614
25165 -27860 3993 9016
25165 -27860 -2634 29731
25165 -27860 29994 18716
25165 -27860 -614 31218
25165 -27860 19126 35858
25165 -27860 367 22148
25165 -27860 -21312 6229
25165 -27860 -13130 27727
25165 -27860 31077 -37409
25165 -27860 15238 -29354
25165 -27860 -13008 35350
25165 -27860 -34917 963
25165 -27860 12636 -3039
25165 -27860 3854 -35201
25165 -27860 -4956 -7320
25165 -27860 -10611 8722
25165 -27860 35746 -12620
25165 -27860 21101 19073
25165 -27860 -28742 29254
25165 -27860 8873 8489
25165 -27860 9493 35849
25165 -27860 23874 -22135
25165 -27860 -33671 17097
-32265 33118 -5896 29036
-32265 33118 6334 28306
-32265 33118 14886 6347
-32265 33118 24366 -7387
-32265 33118 11815 -717
-32265 33118 30121 308
-32265 33118 -11298 -1034
-32265 33118 -11994 10402
-32265 33118 33200 18578
-32265 33118 -19730 7437
-32265 33118 13196 15740
-32265 33118 13736 38057
-32265 33118 883 -35202
-32265 33118 22755 -18212
-32265 33118 13831 1516
-32265 33118 19518 -38009
-32265 33118 -5690 35374
-32265 33118 -4209 25214
-32265 33118 7596 -14326
-32265 33118 -13450 21755
-32265 33118 10244 14439
-32265 33118 9346 -9742
-32265 33118 -12811 29560
-32265 33118 -35491 37311
-32265 33118 14283 -6810
-32265 33118 -37476 -25451
-32265 33118 -24050 -13049
-32265 33118 11203 28734
-32265 33118 10695 39022
-32265 33118 39561 -39272
-32265 33118 25746 -4614
-32265 33118 3993 9016
-32265 33118 -2634 29731
-32265 33118 -22690 -28102
-32265 33118 29994 18716
-32265 33118 -614 31218
-32265 33118 30353 -787
-32265 33118 367 22148
-32265 33118 -13130 27727
-32265 33118 31077 -37409
-32265 33118 15238 -29354
-32265 33118 -338 -2075
-32265 33118 39132 -36612
-32265 33118 -4956 -7320
-32265 33118 -4258 22225
-32265 33118 21429 30843
-32265 33118 35746 -12620
-32265 33118 -28742 29254
-32265 33118 8873 8489
-32265 33118 9493 35849
-32265 33118 23874 -22135
-32265 33118 -33671 17097
-5896 29036 6334 28306
-5896 29036 36364 12022
-5896 29036 14886 6347
-5896 29036 24366 -7387
-5896 29036 30121 308
-5896 29036 -11994 10402
-5896 29036 33200 18578
-5896 29036 13736 38057
-5896 29036 883 -35202
-5896 29036 22755 -18212
-5896 29036 13831 1516
-5896 29036 -15082 20110
-5896 29036 -4209 25214
-5896 29036 -13450 21755
-5896 29036 9346 -9742
-5896 29036 -35491 37311
-5896 29036 -8551 -10800
-5896 29036 14283 -6810
-5896 29036 -37476 -25451
-5896 29036 -29917 -12230
-5896 29036 8264 29653
-5896 29036 11203 28734
-5896 29036 10695 39022
-5896 29036 39561 -39272
-5896 29036 25746 -4614
-5896 29036 -2634 29731
-5896 29036 -22690 -28102
-5896 29036 19126 35858
-5896 29036 367 22148
-5896 29036 -21312 6229
-5896 29036 -13008 35350
-5896 29036 12636 -3039
-5896 29036 39125 36502
-5896 29036 39132 -36612
-5896 29036 3854 -35201
-5896 29036 -4956 -7320
-5896 29036 -10611 8722
-5896 29036 26710 1974
-5896 29036 21101 19073
-5896 29036 10645 22746
-5896 29036 -28742 29254
-5896 29036 8873 8489
-5896 29036 9493 35849
-5896 29036 -33671 17097
6334 28306 36364 12022
6334 28306 -22806 6947
6334 28306 24366 -7387
6334 28306 11815 -717
6334 28306 30121 308
6334 28306 -11298 -1034
6334 28306 -12179 -20211
6334 28306 33200 18578
6334 28306 14889 9286
6334 28306 13196 15740
6334 28306 13736 38057
6334 28306 883 -35202
6334 28306 22755 -18212
6334 28306 -15082 20110
6334 28306 -4209 25214
6334 28306 -13450 21755
6334 28306 35258 32716
6334 28306 10244 14439
6334 28306 -12811 29560
6334 28306 -35491 37311
6334 28306 -8551 -10800
6334 28306 -37476 -25451
6334 28306 -24050 -13049
6334 28306 13877 -3116
6334 28306 -29917 -12230
6334 28306 8264 29653
6334 28306 11203 28734
6334 28306 10695 39022
6334 28306 39561 -39272
6334 28306 3993 9016
6334 28306 -2634 29731
6334 28306 -22690 -28102
6334 28306 29994 18716
6334 28306 367 22148
6334 28306 15238 -29354
6334 28306 -13008 35350
6334 28306 -34917 963
6334 28306 -338 -2075
6334 28306 12636 -3039
6334 28306 39125 36502
6334 28306 39132 -36612
6334 28306 3854 -35201
6334 28306 -4956 -7320
6334 28306 -10611 8722
6334 28306 21101 19073
6334 28306 10645 22746
6334 28306 23874 -22135
6334 28306 -33671 17097
36364 12022 -22806 6947
36364 12022 24366 -7387
36364 12022 11815 -717
36364 12022 -12179 -20211
36364 12022 33200 18578
36364 12022 14889 9286
36364 12022 13196 15740
36364 12022 13736 38057
36364 12022 883 -35202
36364 12022 -15082 20110
36364 12022 -5690 35374
36364 12022 -4209 25214
36364 12022 7596 -14326
36364 12022 -13450 21755
36364 12022 14158 -14191
36364 12022 10244 14439
36364 12022 9346 -9742
36364 12022 -12811 29560
36364 12022 255 10344
36364 12022 14283 -6810
36364 12022 -24050 -13049
36364 12022 13877 -3116
36364 12022 -29917 -12230
36364 12022 11203 28734
36364 12022 10695 39022
36364 12022 39561 -39272
36364 12022 3993 9016
36364 12022 -22690 -28102
36364 12022 29994 18716
36364 12022 -614 31218
36364 12022 19126 35858
36364 12022 367 22148
36364 12022 -21312 6229
36364 12022 -13130 27727
36364 12022 31077 -37409
36364 12022 15238 -29354
36364 12022 -13008 35350
36364 12022 -34917 963
36364 12022 39125 36502
36364 12022 39132 -36612
36364 12022 -4956 -7320
36364 12022 -10611 8722
36364 12022 -4258 22225
36364 12022 35746 -12620
36364 12022 21101 19073
36364 12022 10645 22746
36364 12022 -28742 29254
36364 12022 8873 8489
36364 12022 9493 35849
36364 12022 23874 -22135
-22806 6947 14886 6347
-22806 6947 24366 -7387
-22806 6947 30121 308
-22806 6947 -11298 -1034
-22806 6947 -11994 10402
-22806 6947 33200 18578
-22806 6947 14889 9286
-22806 6947 13196 15740
-22806 6947 883 -35202
-22806 6947 13831 1516
-22806 6947 -15082 20110
-22806 6947 -5690 35374
-22806 6947 7596 -14326
-22806 6947 14158 -14191
-22806 6947 10244 14439
-22806 6947 9346 -9742
-22806 6947 -12811 29560
-22806 6947 14283 -6810
-22806 6947 -24050 -13049
-22806 6947 13877 -3116
-22806 6947 10695 39022
-22806 6947 39561 -39272
-22806 6947 -2634 29731
-22806 6947 -22690 -28102
-22806 6947 -614 31218
-22806 6947 30353 -787
-22806 6947 -21312 6229
-22806 6947 31077 -37409
-22806 6947 15238 -29354
-22806 6947 -13008 35350
-22806 6947 -34917 963
-22806 6947 -338 -2075
-22806 6947 12636 -3039
-22806 6947 3854 -35201
-22806 6947 -10611 8722
-22806 6947 -4258 22225
-22806 6947 35746 -12620
-22806 6947 21101 19073
-22806 6947 10645 22746
-22806 6947 8873 8489
-22806 6947 -33671 17097
14886 6347 11815 -717
14886 6347 30121 308
14886 6347 -11994 10402
14886 6347 33200 18578
14886 6347 13196 15740
14886 6347 13736 38057
14886 6347 883 -35202
14886 6347 22755 -18212
14886 6347 19518 -38009
14886 6347 -4209 25214
14886 6347 14158 -14191
14886 6347 10244 14439
14886 6347 9346 -9742
14886 6347 -12811 29560
14886 6347 -35491 37311
14886 6347 -8551 -10800
14886 6347 -37476 -25451
14886 6347 8264 29653
14886 6347 11203 28734
14886 6347 10695 39022
14886 6347 39561 -39272
14886 6347 3993 9016
14886 6347 -2634 29731
14886 6347 -22690 -28102
14886 6347 29994 18716
14886 6347 367 22148
14886 6347 -21312 6229
14886 6347 39132 -36612
14886 6347 3854 -35201
14886 6347 -10611 8722
14886 6347 21429 30843
14886 6347 10645 22746
14886 6347 -28742 29254
14886 6347 9493 35849
24366 -7387 11815 -717
24366 -7387 -11298 -1034
24366 -7387 -12179 -20211
24366 -7387 33200 18578
24366 -7387 -19730 7437
24366 -7387 883 -35202
24366 -7387 22755 -18212
24366 -7387 13831 1516
24366 -7387 7596 -14326
24366 -7387 35258 32716
24366 -7387 10244 14439
24366 -7387 -12811 29560
24366 -7387 -8551 -10800
24366 -7387 255 10344
24366 -7387 14283 -6810
24366 -7387 -37476 -25451
24366 -7387 -24050 -13049
24366 -7387 -29917 -12230
24366 -7387 8264 29653
24366 -7387 11203 28734
24366 -7387 39561 -39272
24366 -7387 -22690 -28102
24366 -7387 29994 18716
24366 -7387 -614 31218
24366 -7387 30353 -787
24366 -7387 19126 35858
24366 -7387 -21312 6229
24366 -7387 -13130 27727
24366 -7387 31077 -37409
24366 -7387 15238 -29354
24366 -7387 -13008 35350
24366 -7387 12636 -3039
24366 -7387 39125 36502
24366 -7387 39132 -36612
24366 -7387 3854 -35201
24366 -7387 -4258 22225
24366 -7387 26710 1974
24366 -7387 35746 -12620
24366 -7387 21101 19073
24366 -7387 10645 22746
24366 -7387 -28742 29254
24366 -7387 9493 35849
24366 -7387 23874 -22135
11815 -717 30121 308
11815 -717 -11298 -1034
11815 -717 -12179 -20211
11815 -717 33200 18578
11815 -717 -19730 7437
11815 -717 13196 15740
11815 -717 883 -35202
11815 -717 19518 -38009
11815 -717 -5690 35374
11815 -717 -4209 25214
11815 -717 7596 -14326
11815 -717 -13450 21755
11815 -717 14158 -14191
11815 -717 35258 32716
11815 -717 -35491 37311
11815 -717 -8551 -10800
11815 -717 -29917 -12230
11815 -717 8264 29653
11815 -717 10695 39022
11815 -717 39561 -39272
11815 -717 3993 9016
11815 -717 -2634 29731
11815 -717 -22690 -28102
11815 -717 29994 18716
11815 -717 30353 -787
11815 -717 19126 35858
11815 -717 367 22148
11815 -717 -21312 6229
11815 -717 -13130 27727
11815 -717 15238 -29354
11815 -717 -13008 35350
11815 -717 -34917 963
11815 -717 -338 -2075
11815 -717 12636 -3039
11815 -717 -10611 8722
11815 -717 -4258 22225
11815 -717 26710 1974
11815 -717 10645 22746
11815 -717 -28742 29254
11815 -717 8873 8489
11815 -717 23874 -22135
11815 -717 -33671 17097
30121 308 33200 18578
30121 308 14889 9286
30121 308 13736 38057
30121 308 883 -35202
30121 308 22755 -18212
30121 308 13831 1516
30121 308 19518 -38009
30121 308 -15082 20110
30121 308 -4209 25214
30121 308 7596 -14326
30121 308 -13450 21755
30121 308 -12811 29560
30121 308 -35491 37311
30121 308 255 10344
30121 308 -37476 -25451
30121 308 13877 -3116
30121 308 -29917 -12230
30121 308 8264 29653
30121 308 11203 28734
30121 308 10695 39022
30121 308 39561 -39272
30121 308 25746 -4614
30121 308 -22690 -28102
30121 308 29994 18716
30121 308 -614 31218
30121 308 30353 -787
30121 308 19126 35858
30121 308 15238 -29354
30121 308 -13008 35350
30121 308 -34917 963
30121 308 -338 -2075
30121 308 12636 -3039
30121 308 39125 36502
30121 308 3854 -35201
30121 308 26710 1974
30121 308 35746 -12620
30121 308 10645 22746
30121 308 8873 8489
30121 308 9493 35849
30121 308 23874 -22135
30121 308 -33671 17097
-11298 -1034 -11994 10402
-11298 -1034 33200 18578
-11298 -1034 14889 9286
-11298 -1034 13736 38057
-11298 -1034 22755 -18212
-11298 -1034 19518 -38009
-11298 -1034 -15082 20110
-11298 -1034 -5690 35374
-11298 -1034 -4209 25214
-11298 -1034 7596 -14326
-11298 -1034 -13450 21755
-11298 -1034 14158 -14191
-11298 -1034 35258 32716
-11298 -1034 -12811 29560
-11298 -1034 -35491 37311
-11298 -1034 -8551 -10800
-11298 -1034 255 10344
-11298 -1034 -24050 -13049
-11298 -1034 -29917 -12230
-11298 -1034 8264 29653
-11298 -1034 11203 28734
-11298 -1034 39561 -39272
-11298 -1034 25746 -4614
-11298 -1034 3993 9016
-11298 -1034 -22690 -28102
-11298 -1034 29994 18716
-11298 -1034 -614 31218
-11298 -1034 30353 -787
-11298 -1034 -21312 6229
-11298 -1034 15238 -29354
-11298 -1034 -34917 963
-11298 -1034 -338 -2075
-11298 -1034 39132 -36612
-11298 -1034 -4956 -7320
-11298 -1034 -10611 8722
-11298 -1034 26710 1974
-11298 -1034 21429 30843
-11298 -1034 35746 -12620
-11298 -1034 21101 19073
-11298 -1034 8873 8489
-11298 -1034 9493 35849
-11298 -1034 23874 -22135
-11298 -1034 -33671 17097
-11994 10402 33200 18578
-11994 10402 13736 38057
-11994 10402 13831 1516
-11994 10402 19518 -38009
-11994 10402 -15082 20110
-11994 10402 -5690 35374
-11994 10402 -4209 25214
-11994 10402 7596 -14326
-11994 10402 -13450 21755
-11994 10402 14158 -14191
-11994 10402 10244 14439
-11994 10402 -35491 37311
-11994 10402 255 10344
-11994 10402 14283 -6810
-11994 10402 -37476 -25451
-11994 10402 -24050 -13049
-11994 10402 8264 29653
-11994 10402 11203 28734
-11994 10402 39561 -39272
-11994 10402 25746 -4614
-11994 10402 -614 31218
-11994 10402 367 22148
-11994 10402 31077 -37409
-11994 10402 -34917 963
-11994 10402 12636 -3039
-11994 10402 39125 36502
-11994 10402 39132 -36612
-11994 10402 3854 -35201
-11994 10402 26710 1974
-11994 10402 21429 30843
-11994 10402 21101 19073
-11994 10402 10645 22746
-11994 10402 9493 35849
-11994 10402 23874 -22135
-12179 -20211 33200 18578
-12179 -20211 -19730 7437
-12179 -20211 14889 9286
-12179 -20211 13196 15740
-12179 -20211 13831 1516
-12179 -20211 -15082 20110
-12179 -20211 -5690 35374
-12179 -20211 -4209 25214
-12179 -20211 7596 -14326
-12179 -20211 -13450 21755
-12179 -20211 35258 32716
-12179 -20211 10244 14439
-12179 -20211 -12811 29560
-12179 -20211 255 10344
-12179 -20211 14283 -6810
-12179 -20211 -37476 -25451
-12179 -20211 -24050 -13049
-12179 -20211 -29917 -12230
-12179 -20211 8264 29653
-12179 -20211 39561 -39272
-12179 -20211 3993 9016
-12179 -20211 -22690 -28102
-12179 -20211 -614 31218
-12179 -20211 30353 -787
-12179 -20211 19126 35858
-12179 -20211 367 22148
-12179 -20211 -21312 6229
-12179 -20211 15238 -29354
-12179 -20211 -13008 35350
-12179 -20211 -34917 963
-12179 -20211 -338 -2075
-12179 -20211 39125 36502
-12179 -20211 39132 -36612
-12179 -20211 3854 -35201
-12179 -20211 -4956 -7320
-12179 -20211 -10611 8722
-12179 -20211 -4258 22225
-12179 -20211 26710 1974
-12179 -20211 21429 30843
-12179 -20211 10645 22746
-12179 -20211 -28742 29254
-12179 -20211 8873 8489
-12179 -20211 9493 35849
33200 18578 -19730 7437
33200 18578 14889 9286
33200 18578 13196 15740
33200 18578 13736 38057
33200 18578 22755 -18212
33200 18578 13831 1516
33200 18578 19518 -38009
33200 18578 -15082 20110
33200 18578 -4209 25214
33200 18578 7596 -14326
33200 18578 -13450 21755
33200 18578 14158 -14191
33200 18578 35258 32716
33200 18578 9346 -9742
33200 18578 -12811 29560
33200 18578 -35491 37311
33200 18578 -8551 -10800
33200 18578 -24050 -13049
33200 18578 13877 -3116
33200 18578 -29917 -12230
33200 18578 11203 28734
33200 18578 -22690 -28102
33200 18578 29994 18716
33200 18578 -614 31218
33200 18578 19126 35858
33200 18578 -13130 27727
33200 18578 -13008 35350
33200 18578 -34917 963
33200 18578 -338 -2075
33200 18578 12636 -3039
33200 18578 39125 36502
33200 18578 39132 -36612
33200 18578 -4956 -7320
33200 18578 -10611 8722
33200 18578 -4258 22225
33200 18578 21429 30843
33200 18578 21101 19073
33200 18578 10645 22746
33200 18578 -28742 29254
33200 18578 23874 -22135
33200 18578 -33671 17097
-19730 7437 14889 9286
-19730 7437 13196 15740
-19730 7437 883 -35202
-19730 7437 -15082 20110
-19730 7437 -4209 25214
-19730 7437 7596 -14326
-19730 7437 14158 -14191
-19730 7437 35258 32716
-19730 7437 10244 14439
-19730 7437 -8551 -10800
-19730 7437 255 10344
-19730 7437 14283 -6810
-19730 7437 -37476 -25451
-19730 7437 -24050 -13049
-19730 7437 13877 -3116
-19730 7437 -29917 -12230
-19730 7437 8264 29653
-19730 7437 11203 28734
-19730 7437 10695 39022
-19730 7437 39561 -39272
-19730 7437 25746 -4614
-19730 7437 -2634 29731
-19730 7437 29994 18716
-19730 7437 30353 -787
-19730 7437 19126 35858
-19730 7437 -21312 6229
-19730 7437 -13008 35350
-19730 7437 -338 -2075
-19730 7437 12636 -3039
-19730 7437 39132 -36612
-19730 7437 3854 -35201
-19730 7437 -4258 22225
-19730 7437 26710 1974
-19730 7437 35746 -12620
-19730 7437 21101 19073
-19730 7437 10645 22746
-19730 7437 -28742 29254
-19730 7437 9493 35849
-19730 7437 23874 -22135
14889 9286 13196 15740
14889 9286 13736 38057
14889 9286 22755 -18212
14889 9286 13831 1516
14889 9286 -15082 20110
14889 9286 -5690 35374
14889 9286 35258 32716
14889 9286 9346 -9742
14889 9286 -35491 37311
14889 9286 -8551 -10800
14889 9286 255 10344
14889 9286 14283 -6810
14889 9286 -24050 -13049
14889 9286 13877 -3116
14889 9286 8264 29653
14889 9286 11203 28734
14889 9286 10695 39022
14889 9286 39561 -39272
14889 9286 -2634 29731
14889 9286 -22690 -28102
14889 9286 -614 31218
14889 9286 30353 -787
14889 9286 367 22148
14889 9286 15238 -29354
14889 9286 -13008 35350
14889 9286 -34917 963
14889 9286 -338 -2075
14889 9286 12636 -3039
14889 9286 -4956 -7320
14889 9286 26710 1974
14889 9286 21429 30843
14889 9286 35746 -12620
14889 9286 21101 19073
14889 9286 10645 22746
14889 9286 -28742 29254
14889 9286 23874 -22135
14889 9286 -33671 17097
13196 15740 883 -35202
13196 15740 22755 -18212
13196 15740 13831 1516
13196 15740 -15082 20110
13196 15740 -5690 35374
13196 15740 -4209 25214
13196 15740 14158 -14191
13196 15740 35258 32716
13196 15740 10244 14439
13196 15740 -12811 29560
13196 15740 -35491 37311
13196 15740 255 10344
13196 15740 14283 -6810
13196 15740 13877 -3116
13196 15740 -29917 -12230
13196 15740 10695 39022
13196 15740 39561 -39272
13196 15740 -2634 29731
13196 15740 -22690 -28102
13196 15740 29994 18716
13196 15740 -614 31218
13196 15740 19126 35858
13196 15740 367 22148
13196 15740 -21312 6229
13196 15740 -13130 27727
13196 15740 -13008 35350
13196 15740 12636 -3039
13196 15740 39132 -36612
13196 15740 3854 -35201
13196 15740 26710 1974
13196 15740 21429 30843
13196 15740 35746 -12620
13196 15740 10645 22746
13196 15740 -28742 29254
13196 15740 8873 8489
13196 15740 9493 35849
13196 15740 23874 -22135
13196 15740 -33671 17097
13736 38057 883 -35202
13736 38057 22755 -18212
13736 38057 13831 1516
13736 38057 19518 -38009
13736 38057 14158 -14191
13736 38057 10244 14439
13736 38057 9346 -9742
13736 38057 -35491 37311
13736 38057 -8551 -10800
13736 38057 255 10344
13736 38057 -37476 -25451
13736 38057 -29917 -12230
13736 38057 11203 28734
13736 38057 10695 39022
13736 38057 39561 -39272
13736 38057 25746 -4614
13736 38057 3993 9016
13736 38057 -2634 29731
13736 38057 -22690 -28102
13736 38057 29994 18716
13736 38057 -614 31218
13736 38057 30353 -787
13736 38057 367 22148
13736 38057 -34917 963
13736 38057 -338 -2075
13736 38057 39125 36502
13736 38057 3854 -35201
13736 38057 -4956 -7320
13736 38057 -10611 8722
13736 38057 -4258 22225
13736 38057 35746 -12620
13736 38057 21101 19073
13736 38057 10645 22746
13736 38057 9493 35849
13736 38057 -33671 17097
883 -35202 22755 -18212
883 -35202 13831 1516
883 -35202 19518 -38009
883 -35202 -5690 35374
883 -35202 -4209 25214
883 -35202 14158 -14191
883 -35202 10244 14439
883 -35202 -12811 29560
883 -35202 -35491 37311
883 -35202 -8551 -10800
883 -35202 255 10344
883 -35202 14283 -6810
883 -35202 -37476 -25451
883 -35202 -24050 -13049
883 -35202 13877 -3116
883 -35202 11203 28734
883 -35202 39561 -39272
883 -35202 25746 -4614
883 -35202 30353 -787
883 -35202 -21312 6229
883 -35202 -13130 27727
883 -35202 31077 -37409
883 -35202 15238 -29354
883 -35202 -13008 35350
883 -35202 -338 -2075
883 -35202 39125 36502
883 -35202 3854 -35201
883 -35202 -4956 -7320
883 -35202 -10611 8722
883 -35202 -4258 22225
883 -35202 35746 -12620
883 -35202 21101 19073
883 -35202 10645 22746
883 -35202 -28742 29254
883 -35202 8873 8489
883 -35202 9493 35849
883 -35202 23874 -22135
883 -35202 -33671 17097
22755 -18212 13831 1516
22755 -18212 19518 -38009
22755 -18212 -5690 35374
22755 -18212 14158 -14191
22755 -18212 35258 32716
22755 -18212 10244 14439
22755 -18212 9346 -9742
22755 -18212 -12811 29560
22755 -18212 -35491 37311
22755 -18212 -8551 -10800
22755 -18212 255 10344
22755 -18212 14283 -6810
22755 -18212 -37476 -25451
22755 -18212 -24050 -13049
22755 -18212 13877 -3116
22755 -18212 -29917 -12230
22755 -18212 39561 -39272
22755 -18212 3993 9016
22755 -18212 -2634 29731
22755 -18212 -22690 -28102
22755 -18212 -614 31218
22755 -18212 30353 -787
22755 -18212 19126 35858
22755 -18212 -13130 27727
22755 -18212 31077 -37409
22755 -18212 15238 -29354
22755 -18212 -34917 963
22755 -18212 -338 -2075
22755 -18212 12636 -3039
22755 -18212 3854 -35201
22755 -18212 -4956 -7320
22755 -18212 26710 1974
22755 -18212 21429 30843
22755 -18212 10645 22746
22755 -18212 -28742 29254
22755 -18212 9493 35849
22755 -18212 23874 -22135
22755 -18212 -33671 17097
13831 1516 -5690 35374
13831 1516 7596 -14326
13831 1516 -13450 21755
13831 1516 14158 -14191
13831 1516 -12811 29560
13831 1516 -35491 37311
13831 1516 -8551 -10800
13831 1516 255 10344
13831 1516 -29917 -12230
13831 1516 11203 28734
13831 1516 39561 -39272
13831 1516 25746 -4614
13831 1516 3993 9016
13831 1516 -2634 29731
13831 1516 -22690 -28102
13831 1516 30353 -787
13831 1516 19126 35858
13831 1516 -21312 6229
13831 1516 31077 -37409
13831 1516 -13008 35350
13831 1516 12636 -3039
13831 1516 39125 36502
13831 1516 -4956 -7320
13831 1516 21429 30843
13831 1516 35746 -12620
13831 1516 8873 8489
13831 1516 9493 35849
13831 1516 23874 -22135
13831 1516 -33671 17097
19518 -38009 -4209 25214
19518 -38009 7596 -14326
19518 -38009 -13450 21755
19518 -38009 14158 -14191
19518 -38009 35258 32716
19518 -38009 10244 14439
19518 -38009 9346 -9742
19518 -38009 -12811 29560
19518 -38009 -8551 -10800
19518 -38009 255 10344
19518 -38009 -37476 -25451
19518 -38009 13877 -3116
19518 -38009 -29917 -12230
19518 -38009 8264 29653
19518 -38009 25746 -4614
19518 -38009 3993 9016
19518 -38009 -2634 29731
19518 -38009 -22690 -28102
19518 -38009 29994 18716
19518 -38009 -614 31218
19518 -38009 -21312 6229
19518 -38009 -13130 27727
19518 -38009 -34917 963
19518 -38009 -338 -2075
19518 -38009 12636 -3039
19518 -38009 39132 -36612
19518 -38009 3854 -35201
19518 -38009 -10611 8722
19518 -38009 26710 1974
19518 -38009 21429 30843
19518 -38009 35746 -12620
19518 -38009 21101 19073
19518 -38009 10645 22746
19518 -38009 -28742 29254
19518 -38009 8873 8489
19518 -38009 9493 35849
19518 -38009 23874 -22135
-15082 20110 -5690 35374
-15082 20110 -4209 25214
-15082 20110 14158 -14191
-15082 20110 10244 14439
-15082 20110 9346 -9742
-15082 20110 -35491 37311
-15082 20110 -37476 -25451
-15082 20110 -24050 -13049
-15082 20110 39561 -39272
-15082 20110 29994 18716
-15082 20110 -614 31218
-15082 20110 30353 -787
-15082 20110 19126 35858
-15082 20110 -21312 6229
-15082 20110 31077 -37409
-15082 20110 15238 -29354
-15082 20110 12636 -3039
-15082 20110 39125 36502
-15082 20110 -4956 -7320
-15082 20110 -10611 8722
-15082 20110 -4258 22225
-15082 20110 26710 1974
-15082 20110 35746 -12620
-15082 20110 21101 19073
-15082 20110 10645 22746
-15082 20110 -28742 29254
-15082 20110 8873 8489
-15082 20110 9493 35849
-15082 20110 23874 -22135
-5690 35374 7596 -14326
-5690 35374 -13450 21755
-5690 35374 -12811 29560
-5690 35374 -35491 37311
-5690 35374 -8551 -10800
-5690 35374 255 10344
-5690 35374 14283 -6810
-5690 35374 -24050 -13049
-5690 35374 13877 -3116
-5690 35374 -29917 -12230
-5690 35374 39561 -39272
-5690 35374 25746 -4614
-5690 35374 3993 9016
-5690 35374 -2634 29731
-5690 35374 -22690 -28102
-5690 35374 29994 18716
-5690 35374 -614 31218
-5690 35374 30353 -787
-5690 35374 19126 35858
-5690 35374 367 22148
-5690 35374 31077 -37409
-5690 35374 15238 -29354
-5690 35374 -13008 35350
-5690 35374 -34917 963
-5690 35374 12636 -3039
-5690 35374 39125 36502
-5690 35374 -4956 -7320
-5690 35374 -10611 8722
-5690 35374 35746 -12620
-5690 35374 -28742 29254
-5690 35374 9493 35849
-5690 35374 -33671 17097
-4209 25214 7596 -14326
-4209 25214 -13450 21755
-4209 25214 14158 -14191
-4209 25214 35258 32716
-4209 25214 10244 14439
-4209 25214 9346 -9742
-4209 25214 -35491 37311
-4209 25214 255 10344
-4209 25214 14283 -6810
-4209 25214 -24050 -13049
-4209 25214 -29917 -12230
-4209 25214 11203 28734
-4209 25214 10695 39022
-4209 25214 25746 -4614
-4209 25214 3993 9016
-4209 25214 -22690 -28102
-4209 25214 29994 18716
-4209 25214 -614 31218
-4209 25214 30353 -787
-4209 25214 19126 35858
-4209 25214 367 22148
-4209 25214 -13130 27727
-4209 25214 -13008 35350
-4209 25214 -338 -2075
-4209 25214 -4956 -7320
-4209 25214 -10611 8722
-4209 25214 -4258 22225
-4209 25214 26710 1974
-4209 25214 35746 -12620
-4209 25214 10645 22746
-4209 25214 8873 8489
-4209 25214 9493 35849
-4209 25214 23874 -22135
-4209 25214 -33671 17097
7596 -14326 35258 32716
7596 -14326 10244 14439
7596 -14326 9346 -9742
7596 -14326 -12811 29560
7596 -14326 -8551 -10800
7596 -14326 -37476 -25451
7596 -14326 -29917 -12230
7596 -14326 8264 29653
7596 -14326 11203 28734
7596 -14326 10695 39022
7596 -14326 39561 -39272
7596 -14326 25746 -4614
7596 -14326 3993 9016
7596 -14326 -2634 29731
7596 -14326 -614 31218
7596 -14326 30353 -787
7596 -14326 367 22148
7596 -14326 -21312 6229
7596 -14326 -13130 27727
7596 -14326 15238 -29354
7596 -14326 -13008 35350
7596 -14326 -34917 963
7596 -14326 -338 -2075
7596 -14326 39132 -36612
7596 -14326 -10611 8722
7596 -14326 35746 -12620
7596 -14326 21101 19073
7596 -14326 -28742 29254
7596 -14326 8873 8489
7596 -14326 9493 35849
7596 -14326 23874 -22135
7596 -14326 -33671 17097
-13450 21755 10244 14439
-13450 21755 -12811 29560
-13450 21755 -35491 37311
-13450 21755 -8551 -10800
-13450 21755 255 10344
-13450 21755 14283 -6810
-13450 21755 -24050 -13049
-13450 21755 -29917 -12230
-13450 21755 10695 39022
-13450 21755 39561 -39272
-13450 21755 -22690 -28102
-13450 21755 29994 18716
-13450 21755 30353 -787
-13450 21755 19126 35858
-13450 21755 367 22148
-13450 21755 -13130 27727
-13450 21755 31077 -37409
-13450 21755 15238 -29354
-13450 21755 12636 -3039
-13450 21755 39125 36502
-13450 21755 3854 -35201
-13450 21755 -10611 8722
-13450 21755 26710 1974
-13450 21755 35746 -12620
-13450 21755 -28742 29254
-13450 21755 8873 8489
-13450 21755 9493 35849
-13450 21755 23874 -22135
14158 -14191 35258 32716
14158 -14191 -12811 29560
14158 -14191 -8551 -10800
14158 -14191 255 10344
14158 -14191 14283 -6810
14158 -14191 -37476 -25451
14158 -14191 -24050 -13049
14158 -14191 -29917 -12230
14158 -14191 8264 29653
14158 -14191 11203 28734
14158 -14191 39561 -39272
14158 -14191 25746 -4614
14158 -14191 3993 9016
14158 -14191 -2634 29731
14158 -14191 29994 18716
14158 -14191 30353 -787
14158 -14191 19126 35858
14158 -14191 -21312 6229
14158 -14191 -13130 27727
14158 -14191 31077 -37409
14158 -14191 -13008 35350
14158 -14191 -34917 963
14158 -14191 39125 36502
14158 -14191 3854 -35201
14158 -14191 -4956 -7320
14158 -14191 -4258 22225
14158 -14191 21429 30843
14158 -14191 35746 -12620
14158 -14191 21101 19073
14158 -14191 10645 22746
35258 32716 10244 14439
35258 32716 -12811 29560
35258 32716 -35491 37311
35258 32716 255 10344
35258 32716 -29917 -12230
35258 32716 10695 39022
35258 32716 39561 -39272
35258 32716 25746 -4614
35258 32716 3993 9016
35258 32716 -2634 29731
35258 32716 -22690 -28102
35258 32716 -614 31218
35258 32716 30353 -787
35258 32716 19126 35858
35258 32716 367 22148
35258 32716 31077 -37409
35258 32716 -338 -2075
35258 32716 39125 36502
35258 32716 39132 -36612
35258 32716 -4956 -7320
35258 32716 -10611 8722
35258 32716 -4258 22225
35258 32716 21429 30843
35258 32716 35746 -12620
35258 32716 21101 19073
35258 32716 10645 22746
35258 32716 -28742 29254
35258 32716 9493 35849
35258 32716 -33671 17097
10244 14439 -12811 29560
10244 14439 -35491 37311
10244 14439 -8551 -10800
10244 14439 14283 -6810
10244 14439 -24050 -13049
10244 14439 13877 -3116
10244 14439 -29917 -12230
10244 14439 8264 29653
10244 14439 39561 -39272
10244 14439 25746 -4614
10244 14439 -22690 -28102
10244 14439 -614 31218
10244 14439 367 22148
10244 14439 -21312 6229
10244 14439 -13130 27727
10244 14439 15238 -29354
10244 14439 -13008 35350
10244 14439 -34917 963
10244 14439 -338 -2075
10244 14439 39125 36502
10244 14439 39132 -36612
10244 14439 3854 -35201
10244 14439 -4956 -7320
10244 14439 -4258 22225
10244 14439 21429 30843
10244 14439 35746 -12620
10244 14439 10645 22746
10244 14439 -28742 29254
10244 14439 9493 35849
10244 14439 23874 -22135
10244 14439 -33671 17097
9346 -9742 -12811 29560
9346 -9742 -35491 37311
9346 -9742 -8551 -10800
9346 -9742 255 10344
9346 -9742 14283 -6810
9346 -9742 -37476 -25451
9346 -9742 -24050 -13049
9346 -9742 -29917 -12230
9346 -9742 11203 28734
9346 -9742 10695 39022
9346 -9742 39561 -39272
9346 -9742 25746 -4614
9346 -9742 3993 9016
9346 -9742 -2634 29731
9346 -9742 29994 18716
9346 -9742 30353 -787
9346 -9742 19126 35858
9346 -9742 367 22148
9346 -9742 -21312 6229
9346 -9742 31077 -37409
9346 -9742 15238 -29354
9346 -9742 -13008 35350
9346 -9742 -34917 963
9346 -9742 3854 -35201
9346 -9742 -4956 -7320
9346 -9742 -4258 22225
9346 -9742 26710 1974
9346 -9742 21429 30843
9346 -9742 35746 -12620
9346 -9742 10645 22746
9346 -9742 8873 8489
9346 -9742 9493 35849
9346 -9742 23874 -22135
9346 -9742 -33671 17097
-12811 29560 -35491 37311
-12811 29560 -8551 -10800
-12811 29560 14283 -6810
-12811 29560 -37476 -25451
-12811 29560 -24050 -13049
-12811 29560 13877 -3116
-12811 29560 -29917 -12230
-12811 29560 10695 39022
-12811 29560 25746 -4614
-12811 29560 3993 9016
-12811 29560 29994 18716
-12811 29560 19126 35858
-12811 29560 367 22148
-12811 29560 -21312 6229
-12811 29560 31077 -37409
-12811 29560 15238 -29354
-12811 29560 -338 -2075
-12811 29560 39125 36502
-12811 29560 39132 -36612
-12811 29560 3854 -35201
-12811 29560 -10611 8722
-12811 29560 -4258 22225
-12811 29560 21429 30843
-12811 29560 35746 -12620
-12811 29560 21101 19073
-12811 29560 9493 35849
-12811 29560 23874 -22135
-12811 29560 -33671 17097
-35491 37311 -8551 -10800
-35491 37311 14283 -6810
-35491 37311 -37476 -25451
-35491 37311 -24050 -13049
-35491 37311 -29917 -12230
-35491 37311 11203 28734
-35491 37311 10695 39022
-35491 37311 39561 -39272
-35491 37311 25746 -4614
-35491 37311 3993 9016
-35491 37311 -2634 29731
-35491 37311 -22690 -28102
-35491 37311 29994 18716
-35491 37311 -614 31218
-35491 37311 19126 35858
-35491 37311 367 22148
-35491 37311 -21312 6229
-35491 37311 -13130 27727
-35491 37311 31077 -37409
-35491 37311 15238 -29354
-35491 37311 -13008 35350
-35491 37311 -34917 963
-35491 37311 -338 -2075
-35491 37311 12636 -3039
-35491 37311 39125 36502
-35491 37311 3854 -35201
-35491 37311 -4258 22225
-35491 37311 26710 1974
-35491 37311 21429 30843
-35491 37311 21101 19073
-35491 37311 10645 22746
-35491 37311 -28742 29254
-8551 -10800 255 10344
-8551 -10800 14283 -6810
-8551 -10800 -37476 -25451
-8551 -10800 -24050 -13049
-8551 -10800 -29917 -12230
-8551 -10800 8264 29653
-8551 -10800 11203 28734
-8551 -10800 10695 39022
-8551 -10800 39561 -39272
-8551 -10800 25746 -4614
-8551 -10800 3993 9016
-8551 -10800 29994 18716
-8551 -10800 -614 31218
-8551 -10800 19126 35858
-8551 -10800 -21312 6229
-8551 -10800 31077 -37409
-8551 -10800 15238 -29354
-8551 -10800 -13008 35350
-8551 -10800 -34917 963
-8551 -10800 12636 -3039
-8551 -10800 -4956 -7320
-8551 -10800 35746 -12620
-8551 -10800 21101 19073
-8551 -10800 10645 22746
-8551 -10800 8873 8489
255 10344 14283 -6810
255 10344 -24050 -13049
255 10344 -29917 -12230
255 10344 8264 29653
255 10344 11203 28734
255 10344 10695 39022
255 10344 39561 -39272
255 10344 25746 -4614
255 10344 3993 9016
255 10344 -614 31218
255 10344 19126 35858
255 10344 367 22148
255 10344 31077 -37409
255 10344 -338 -2075
255 10344 12636 -3039
255 10344 39125 36502
255 10344 -4258 22225
255 10344 21429 30843
255 10344 35746 -12620
255 10344 -28742 29254
255 10344 8873 8489
255 10344 -33671 17097
14283 -6810 -24050 -13049
14283 -6810 13877 -3116
14283 -6810 -29917 -12230
14283 -6810 11203 28734
14283 -6810 10695 39022
14283 -6810 39561 -39272
14283 -6810 -22690 -28102
14283 -6810 29994 18716
14283 -6810 30353 -787
14283 -6810 19126 35858
14283 -6810 367 22148
14283 -6810 -21312 6229
14283 -6810 -13130 27727
14283 -6810 31077 -37409
14283 -6810 -13008 35350
14283 -6810 -34917 963
14283 -6810 12636 -3039
14283 -6810 39132 -36612
14283 -6810 3854 -35201
14283 -6810 -4956 -7320
14283 -6810 21429 30843
14283 -6810 35746 -12620
14283 -6810 21101 19073
14283 -6810 10645 22746
14283 -6810 -28742 29254
14283 -6810 8873 8489
14283 -6810 9493 35849
14283 -6810 23874 -22135
-37476 -25451 13877 -3116
-37476 -25451 39561 -39272
-37476 -25451 25746 -4614
-37476 -25451 3993 9016
-37476 -25451 -22690 -28102
-37476 -25451 -614 31218
-37476 -25451 19126 35858
-37476 -25451 -21312 6229
-37476 -25451 -13130 27727
-37476 -25451 15238 -29354
-37476 -25451 -338 -2075
-37476 -25451 39132 -36612
-37476 -25451 -4956 -7320
-37476 -25451 -10611 8722
-37476 -25451 -4258 22225
-37476 -25451 26710 1974
-37476 -25451 21429 30843
-37476 -25451 35746 -12620
-37476 -25451 21101 19073
-37476 -25451 10645 22746
-37476 -25451 -28742 29254
-37476 -25451 9493 35849
-37476 -25451 -33671 17097
-24050 -13049 13877 -3116
-24050 -13049 8264 29653
-24050 -13049 39561 -39272
-24050 -13049 -22690 -28102
-24050 -13049 30353 -787
-24050 -13049 367 22148
-24050 -13049 -21312 6229
-24050 -13049 -13130 27727
-24050 -13049 -13008 35350
-24050 -13049 -34917 963
-24050 -13049 12636 -3039
-24050 -13049 39132 -36612
-24050 -13049 3854 -35201
-24050 -13049 -10611 8722
-24050 -13049 -4258 22225
-24050 -13049 26710 1974
-24050 -13049 21429 30843
-24050 -13049 35746 -12620
-24050 -13049 21101 19073
-24050 -13049 -28742 29254
-24050 -13049 8873 8489
-24050 -13049 23874 -22135
13877 -3116 -29917 -12230
13877 -3116 8264 29653
13877 -3116 11203 28734
13877 -3116 10695 39022
13877 -3116 39561 -39272
13877 -3116 25746 -4614
13877 -3116 -22690 -28102
13877 -3116 -614 31218
13877 -3116 30353 -787
13877 -3116 367 22148
13877 -3116 -21312 6229
13877 -3116 -13008 35350
13877 -3116 -34917 963
13877 -3116 -338 -2075
13877 -3116 39125 36502
13877 -3116 3854 -35201
13877 -3116 -10611 8722
13877 -3116 26710 1974
13877 -3116 21429 30843
13877 -3116 35746 -12620
13877 -3116 21101 19073
13877 -3116 10645 22746
13877 -3116 -28742 29254
13877 -3116 8873 8489
13877 -3116 9493 35849
13877 -3116 23874 -22135
13877 -3116 -33671 17097
-29917 -12230 8264 29653
-29917 -12230 10695 39022
-29917 -12230 39561 -39272
-29917 -12230 25746 -4614
-29917 -12230 3993 9016
-29917 -12230 -22690 -28102
-29917 -12230 29994 18716
-29917 -12230 30353 -787
-29917 -12230 19126 35858
-29917 -12230 -21312 6229
-29917 -12230 -13008 35350
-29917 -12230 -34917 963
-29917 -12230 -338 -2075
-29917 -12230 12636 -3039
-29917 -12230 39125 36502
-29917 -12230 39132 -36612
-29917 -12230 3854 -35201
-29917 -12230 -10611 8722
-29917 -12230 21429 30843
-29917 -12230 21101 19073
-29917 -12230 10645 22746
-29917 -12230 -28742 29254
-29917 -12230 8873 8489
-29917 -12230 23874 -22135
-29917 -12230 -33671 17097
8264 29653 11203 28734
8264 29653 10695 39022
8264 29653 39561 -39272
8264 29653 -2634 29731
8264 29653 -22690 -28102
8264 29653 -614 31218
8264 29653 30353 -787
8264 29653 19126 35858
8264 29653 367 22148
8264 29653 31077 -37409
8264 29653 15238 -29354
8264 29653 -13008 35350
8264 29653 -338 -2075
8264 29653 12636 -3039
8264 29653 39125 36502
8264 29653 39132 -36612
8264 29653 3854 -35201
8264 29653 -10611 8722
8264 29653 -4258 22225
8264 29653 26710 1974
8264 29653 35746 -12620
8264 29653 23874 -22135
8264 29653 -33671 17097
11203 28734 39561 -39272
11203 28734 25746 -4614
11203 28734 -2634 29731
11203 28734 -22690 -28102
11203 28734 -614 31218
11203 28734 367 22148
11203 28734 -21312 6229
11203 28734 -13130 27727
11203 28734 31077 -37409
11203 28734 15238 -29354
11203 28734 -13008 35350
11203 28734 -34917 963
11203 28734 12636 -3039
11203 28734 39125 36502
11203 28734 39132 -36612
11203 28734 -4956 -7320
11203 28734 -4258 22225
11203 28734 26710 1974
11203 28734 21429 30843
11203 28734 35746 -12620
11203 28734 -28742 29254
11203 28734 8873 8489
11203 28734 23874 -22135
10695 39022 39561 -39272
10695 39022 25746 -4614
10695 39022 -22690 -28102
10695 39022 29994 18716
10695 39022 -614 31218
10695 39022 30353 -787
10695 39022 19126 35858
10695 39022 -21312 6229
10695 39022 31077 -37409
10695 39022 15238 -29354
10695 39022 -13008 35350
10695 39022 -34917 963
10695 39022 -338 -2075
10695 39022 12636 -3039
10695 39022 39125 36502
10695 39022 39132 -36612
10695 39022 -4258 22225
10695 39022 21429 30843
10695 39022 35746 -12620
10695 39022 21101 19073
10695 39022 8873 8489
10695 39022 23874 -22135
10695 39022 -33671 17097
39561 -39272 25746 -4614
39561 -39272 3993 9016
39561 -39272 -2634 29731
39561 -39272 -22690 -28102
39561 -39272 29994 18716
39561 -39272 -614 31218
39561 -39272 30353 -787
39561 -39272 367 22148
39561 -39272 -21312 6229
39561 -39272 -13130 27727
39561 -39272 31077 -37409
39561 -39272 -13008 35350
39561 -39272 -338 -2075
39561 -39272 12636 -3039
39561 -39272 39125 36502
39561 -39272 39132 -36612
39561 -39272 3854 -35201
39561 -39272 -10611 8722
39561 -39272 -4258 22225
39561 -39272 26710 1974
39561 -39272 21429 30843
39561 -39272 35746 -12620
39561 -39272 21101 19073
39561 -39272 10645 22746
39561 -39272 -28742 29254
39561 -39272 8873 8489
39561 -39272 9493 35849
39561 -39272 23874 -22135
39561 -39272 -33671 17097
25746 -4614 3993 9016
25746 -4614 -614 31218
25746 -4614 30353 -787
25746 -4614 19126 35858
25746 -4614 -13130 27727
25746 -4614 31077 -37409
25746 -4614 15238 -29354
25746 -4614 -13008 35350
25746 -4614 -34917 963
25746 -4614 -338 -2075
25746 -4614 12636 -3039
25746 -4614 39132 -36612
25746 -4614 3854 -35201
25746 -4614 -10611 8722
25746 -4614 26710 1974
25746 -4614 21429 30843
25746 -4614 35746 -12620
25746 -4614 21101 19073
25746 -4614 10645 22746
25746 -4614 -28742 29254
25746 -4614 9493 35849
3993 9016 -2634 29731
3993 9016 -22690 -28102
3993 9016 29994 18716
3993 9016 -614 31218
3993 9016 -21312 6229
3993 9016 -13130 27727
3993 9016 12636 -3039
3993 9016 39125 36502
3993 9016 39132 -36612
3993 9016 3854 -35201
3993 9016 -4956 -7320
3993 9016 -10611 8722
3993 9016 -4258 22225
3993 9016 21429 30843
3993 9016 35746 -12620
3993 9016 10645 22746
3993 9016 -28742 29254
3993 9016 8873 8489
-2634 29731 -22690 -28102
-2634 29731 -614 31218
-2634 29731 30353 -787
-2634 29731 19126 35858
-2634 29731 -21312 6229
-2634 29731 -13130 27727
-2634 29731 31077 -37409
-2634 29731 -13008 35350
-2634 29731 -34917 963
-2634 29731 12636 -3039
-2634 29731 39125 36502
-2634 29731 3854 -35201
-2634 29731 -4956 -7320
-2634 29731 -10611 8722
-2634 29731 -4258 22225
-2634 29731 26710 1974
-2634 29731 21429 30843
-2634 29731 21101 19073
-2634 29731 10645 22746
-2634 29731 -28742 29254
-2634 29731 8873 8489
-2634 29731 23874 -22135
-2634 29731 -33671 17097
-22690 -28102 29994 18716
-22690 -28102 -614 31218
-22690 -28102 30353 -787
-22690 -28102 19126 35858
-22690 -28102 367 22148
-22690 -28102 -21312 6229
-22690 -28102 15238 -29354
-22690 -28102 -34917 963
-22690 -28102 12636 -3039
-22690 -28102 3854 -35201
-22690 -28102 -4956 -7320
-22690 -28102 -10611 8722
-22690 -28102 -4258 22225
-22690 -28102 26710 1974
-22690 -28102 21429 30843
-22690 -28102 35746 -12620
-22690 -28102 -28742 29254
-22690 -28102 8873 8489
-22690 -28102 9493 35849
-22690 -28102 23874 -22135
-22690 -28102 -33671 17097
29994 18716 -614 31218
29994 18716 367 22148
29994 18716 -21312 6229
29994 18716 -13130 27727
29994 18716 31077 -37409
29994 18716 -13008 35350
29994 18716 -338 -2075
29994 18716 39132 -36612
29994 18716 3854 -35201
29994 18716 -4956 -7320
29994 18716 -10611 8722
29994 18716 26710 1974
29994 18716 35746 -12620
29994 18716 21101 19073
29994 18716 10645 22746
29994 18716 -28742 29254
29994 18716 9493 35849
29994 18716 23874 -22135
-614 31218 30353 -787
-614 31218 -21312 6229
-614 31218 31077 -37409
-614 31218 15238 -29354
-614 31218 -13008 35350
-614 31218 -34917 963
-614 31218 -338 -2075
-614 31218 39132 -36612
-614 31218 -10611 8722
-614 31218 -4258 22225
-614 31218 21429 30843
-614 31218 35746 -12620
-614 31218 21101 19073
-614 31218 8873 8489
-614 31218 9493 35849
-614 31218 23874 -22135
-614 31218 -33671 17097
30353 -787 19126 35858
30353 -787 -21312 6229
30353 -787 -13130 27727
30353 -787 31077 -37409
30353 -787 15238 -29354
30353 -787 -13008 35350
30353 -787 -34917 963
30353 -787 -338 -2075
30353 -787 12636 -3039
30353 -787 39125 36502
30353 -787 39132 -36612
30353 -787 3854 -35201
30353 -787 -4258 22225
30353 -787 26710 1974
30353 -787 35746 -12620
30353 -787 10645 22746
30353 -787 -28742 29254
30353 -787 8873 8489
30353 -787 9493 35849
30353 -787 23874 -22135
19126 35858 367 22148
19126 35858 -21312 6229
19126 35858 -13130 27727
19126 35858 31077 -37409
19126 35858 15238 -29354
19126 35858 -13008 35350
19126 35858 -338 -2075
19126 35858 12636 -3039
19126 35858 39125 36502
19126 35858 39132 -36612
19126 35858 3854 -35201
19126 35858 -10611 8722
19126 35858 -4258 22225
19126 35858 26710 1974
19126 35858 21429 30843
19126 35858 35746 -12620
19126 35858 21101 19073
19126 35858 10645 22746
19126 35858 -28742 29254
19126 35858 8873 8489
19126 35858 9493 35849
19126 35858 23874 -22135
19126 35858 -33671 17097
367 22148 -21312 6229
367 22148 -13130 27727
367 22148 15238 -29354
367 22148 -34917 963
367 22148 12636 -3039
367 22148 39125 36502
367 22148 3854 -35201
367 22148 -10611 8722
367 22148 -4258 22225
367 22148 21429 30843
367 22148 35746 -12620
367 22148 -28742 29254
367 22148 8873 8489
367 22148 9493 35849
367 22148 23874 -22135
367 22148 -33671 17097
-21312 6229 31077 -37409
-21312 6229 15238 -29354
-21312 6229 -34917 963
-21312 6229 -338 -2075
-21312 6229 39132 -36612
-21312 6229 -4956 -7320
-21312 6229 21429 30843
-21312 6229 21101 19073
-21312 6229 10645 22746
-21312 6229 -28742 29254
-21312 6229 8873 8489
-21312 6229 9493 35849
-21312 6229 23874 -22135
-21312 6229 -33671 17097
-13130 27727 15238 -29354
-13130 27727 -13008 35350
-13130 27727 -34917 963
-13130 27727 12636 -3039
-13130 27727 -4956 -7320
-13130 27727 26710 1974
-13130 27727 21429 30843
-13130 27727 35746 -12620
-13130 27727 -28742 29254
-13130 27727 9493 35849
-13130 27727 23874 -22135
-13130 27727 -33671 17097
31077 -37409 15238 -29354
31077 -37409 -13008 35350
31077 -37409 -34917 963
31077 -37409 12636 -3039
31077 -37409 -4956 -7320
31077 -37409 -4258 22225
31077 -37409 21429 30843
31077 -37409 21101 19073
31077 -37409 -28742 29254
31077 -37409 8873 8489
31077 -37409 9493 35849
31077 -37409 23874 -22135
31077 -37409 -33671 17097
15238 -29354 -13008 35350
15238 -29354 -34917 963
15238 -29354 -4956 -7320
15238 -29354 -10611 8722
15238 -29354 -4258 22225
15238 -29354 35746 -12620
15238 -29354 -28742 29254
15238 -29354 8873 8489
15238 -29354 9493 35849
15238 -29354 23874 -22135
15238 -29354 -33671 17097
-13008 35350 -34917 963
-13008 35350 -338 -2075
-13008 35350 39125 36502
-13008 35350 39132 -36612
-13008 35350 3854 -35201
-13008 35350 -4956 -7320
-13008 35350 -10611 8722
-13008 35350 26710 1974
-13008 35350 21429 30843
-13008 35350 35746 -12620
-13008 35350 -28742 29254
-13008 35350 8873 8489
-13008 35350 9493 35849
-13008 35350 23874 -22135
-13008 35350 -33671 17097
-34917 963 -338 -2075
-34917 963 39132 -36612
-34917 963 3854 -35201
-34917 963 -4956 -7320
-34917 963 26710 1974
-34917 963 21429 30843
-34917 963 21101 19073
-34917 963 10645 22746
-34917 963 8873 8489
-34917 963 9493 35849
-338 -2075 12636 -3039
-338 -2075 39125 36502
-338 -2075 39132 -36612
-338 -2075 3854 -35201
-338 -2075 -4956 -7320
-338 -2075 26710 1974
-338 -2075 21429 30843
-338 -2075 21101 19073
-338 -2075 10645 22746
-338 -2075 -28742 29254
-338 -2075 8873 8489
-338 -2075 23874 -22135
-338 -2075 -33671 17097
12636 -3039 39125 36502
12636 -3039 -10611 8722
12636 -3039 -4258 22225
12636 -3039 35746 -12620
12636 -3039 -28742 29254
12636 -3039 9493 35849
12636 -3039 -33671 17097
39125 36502 3854 -35201
39125 36502 -4956 -7320
39125 36502 -10611 8722
39125 36502 26710 1974
39125 36502 35746 -12620
39125 36502 21101 19073
39125 36502 10645 22746
39125 36502 8873 8489
39125 36502 9493 35849
39125 36502 23874 -22135
39132 -36612 -10611 8722
39132 -36612 21429 30843
39132 -36612 35746 -12620
39132 -36612 21101 19073
39132 -36612 10645 22746
39132 -36612 8873 8489
39132 -36612 9493 35849
39132 -36612 23874 -22135
3854 -35201 -4956 -7320
3854 -35201 -10611 8722
3854 -35201 26710 1974
3854 -35201 35746 -12620
3854 -35201 21101 19073
3854 -35201 10645 22746
3854 -35201 8873 8489
3854 -35201 9493 35849
3854 -35201 23874 -22135
3854 -35201 -33671 17097
-4956 -7320 -4258 22225
-4956 -7320 26710 1974
-4956 -7320 21429 30843
-4956 -7320 35746 -12620
-4956 -7320 21101 19073
-4956 -7320 10645 22746
-4956 -7320 8873 8489
-4956 -7320 9493 35849
-4956 -7320 23874 -22135
-10611 8722 26710 1974
-10611 8722 35746 -12620
-10611 8722 10645 22746
-10611 8722 -28742 29254
-10611 8722 9493 35849
-10611 8722 -33671 17097
-4258 22225 35746 -12620
-4258 22225 10645 22746
-4258 22225 -28742 29254
-4258 22225 8873 8489
-4258 22225 9493 35849
-4258 22225 -33671 17097
26710 1974 35746 -12620
26710 1974 10645 22746
26710 1974 8873 8489
26710 1974 9493 35849
26710 1974 -33671 17097
21429 30843 10645 22746
21429 30843 -33671 17097
35746 -12620 21101 19073
35746 -12620 -28742 29254
35746 -12620 8873 8489
35746 -12620 23874 -22135
35746 -12620 -33671 17097
21101 19073 10645 22746
21101 19073 -28742 29254
21101 19073 8873 8489
21101 19073 9493 35849
21101 19073 23874 -22135
10645 22746 -28742 29254
10645 22746 -33671 17097
-28742 29254 8873 8489
-28742 29254 9493 35849
-28742 29254 -33671 17097
8873 8489 9493 35849
8873 8489 -33671 17097
9493 35849 23874 -22135
