11317 -2136
19299 -23663 -22396 11655
19299 -23663 -33098 -6155
19299 -23663 -31330 -18033
19299 -23663 38513 -20529
19299 -23663 36536 -31165
19299 -23663 -11036 -34926
19299 -23663 -682 9075
19299 -23663 -39032 -26682
19299 -23663 -2723 35164
19299 -23663 -16816 -16604
19299 -23663 -27579 -6821
19299 -23663 2567 -17865
19299 -23663 11317 -2136
19299 -23663 16622 -9374
19299 -23663 10269 12719
19299 -23663 31319 -18712
19299 -23663 -2127 -1286
19299 -23663 -29932 24295
19299 -23663 5239 12760
19299 -23663 21107 -6782
19299 -23663 -6894 9929
19299 -23663 22738 -10365
19299 -23663 32955 29703
19299 -23663 2695 36835
19299 -23663 -19785 -11972
19299 -23663 -30674 -10491
19299 -23663 -2840 17236
19299 -23663 -28455 -6103
19299 -23663 33583 1989
19299 -23663 31855 10998
19299 -23663 -23639 -2045
19299 -23663 9414 20324
19299 -23663 29775 31773
19299 -23663 16440 31579
19299 -23663 -33109 20213
19299 -23663 7649 -36472
19299 -23663 11240 27509
19299 -23663 4482 -15669
19299 -23663 -27930 27397
19299 -23663 30639 38754
19299 -23663 -38833 -19103
19299 -23663 30102 6465
19299 -23663 -27130 1663
19299 -23663 31906 -31626
19299 -23663 -23233 11753
19299 -23663 7206 -12221
19299 -23663 -3308 9847
19299 -23663 -35303 -4461
19299 -23663 -35167 -30293
19299 -23663 -21779 35921
19299 -23663 -18189 24635
19299 -23663 26760 -24182
19299 -23663 9325 16432
19299 -23663 -15568 -28475
19299 -23663 10686 -25385
19299 -23663 -19191 33057
19299 -23663 2471 10314
19299 -23663 17191 -32927
-30282 -2874 38513 -20529
-30282 -2874 25332 34063
-30282 -2874 -7471 5787
-30282 -2874 36536 -31165
-30282 -2874 -36928 -22803
-30282 -2874 -2723 35164
-30282 -2874 18149 -36427
-30282 -2874 -16816 -16604
-30282 -2874 -31683 -9201
-30282 -2874 -34492 15454
-30282 -2874 34269 30682
-30282 -2874 16622 -9374
-30282 -2874 10269 12719
-30282 -2874 -23530 -4989
-30282 -2874 -31604 23037
-30282 -2874 31319 -18712
-30282 -2874 -35625 11831
-30282 -2874 -2127 -1286
-30282 -2874 -31653 -5067
-30282 -2874 5239 12760
-30282 -2874 21107 -6782
-30282 -2874 -38436 -825
-30282 -2874 9549 -18882
-30282 -2874 -3763 29283
-30282 -2874 -28201 11121
-30282 -2874 2695 36835
-30282 -2874 -25669 19892
-30282 -2874 -19785 -11972
-30282 -2874 -22643 32615
-30282 -2874 -292 13299
-30282 -2874 -28455 -6103
-30282 -2874 33583 1989
-30282 -2874 -19094 4509
-30282 -2874 31855 10998
-30282 -2874 -23639 -2045
-30282 -2874 9414 20324
-30282 -2874 29775 31773
-30282 -2874 16440 31579
-30282 -2874 -33109 20213
-30282 -2874 23175 -23083
-30282 -2874 7649 -36472
-30282 -2874 15561 16570
-30282 -2874 11240 27509
-30282 -2874 4482 -15669
-30282 -2874 -27930 27397
-30282 -2874 6164 -37642
-30282 -2874 -38833 -19103
-30282 -2874 30102 6465
-30282 -2874 -19742 15799
-30282 -2874 -27130 1663
-30282 -2874 31906 -31626
-30282 -2874 -23233 11753
-30282 -2874 -14304 -3598
-30282 -2874 -3308 9847
-30282 -2874 -35303 -4461
-30282 -2874 -35167 -30293
-30282 -2874 -10891 18874
-30282 -2874 -31948 -13622
-30282 -2874 -21175 1113
-30282 -2874 26760 -24182
-30282 -2874 8391 30524
-30282 -2874 9325 16432
-30282 -2874 2471 10314
-30282 -2874 17191 -32927
-30282 -2874 3318 38192
-22396 11655 -31330 -18033
-22396 11655 38513 -20529
-22396 11655 -7471 5787
-22396 11655 36536 -31165
-22396 11655 -11036 -34926
-22396 11655 -682 9075
-22396 11655 -39032 -26682
-22396 11655 -36928 -22803
-22396 11655 -2723 35164
-22396 11655 18149 -36427
-22396 11655 -16816 -16604
-22396 11655 -31683 -9201
-22396 11655 -34492 15454
-22396 11655 -27579 -6821
-22396 11655 2567 -17865
-22396 11655 11317 -2136
-22396 11655 16622 -9374
-22396 11655 -23530 -4989
-22396 11655 -31604 23037
-22396 11655 31319 -18712
-22396 11655 -31653 -5067
-22396 11655 -38436 -825
-22396 11655 -6894 9929
-22396 11655 22738 -10365
-22396 11655 -3763 29283
-22396 11655 32955 29703
-22396 11655 2695 36835
-22396 11655 25638 38242
-22396 11655 -25669 19892
-22396 11655 -19785 -11972
-22396 11655 -22643 32615
-22396 11655 -2840 17236
-22396 11655 -28455 -6103
-22396 11655 31855 10998
-22396 11655 -23639 -2045
-22396 11655 9414 20324
-22396 11655 29775 31773
-22396 11655 -27535 26564
-22396 11655 16440 31579
-22396 11655 23175 -23083
-22396 11655 11240 27509
-22396 11655 4482 -15669
-22396 11655 -27930 27397
-22396 11655 6164 -37642
-22396 11655 -38833 -19103
-22396 11655 30102 6465
-22396 11655 -27130 1663
-22396 11655 31906 -31626
-22396 11655 -14304 -3598
-22396 11655 7206 -12221
-22396 11655 -35303 -4461
-22396 11655 -21779 35921
-22396 11655 562 19171
-22396 11655 -21175 1113
-22396 11655 26760 -24182
-22396 11655 10686 -25385
-22396 11655 -19191 33057
-22396 11655 17191 -32927
-33098 -6155 -31330 -18033
-33098 -6155 38513 -20529
-33098 -6155 25332 34063
-33098 -6155 -7471 5787
-33098 -6155 36536 -31165
-33098 -6155 -11036 -34926
-33098 -6155 -5779 9452
-33098 -6155 -29921 101
-33098 -6155 18149 -36427
-33098 -6155 -34492 15454
-33098 -6155 -27579 -6821
-33098 -6155 34269 30682
-33098 -6155 2567 -17865
-33098 -6155 11317 -2136
-33098 -6155 10269 12719
-33098 -6155 8925 31954
-33098 -6155 31319 -18712
-33098 -6155 -35625 11831
-33098 -6155 -31653 -5067
-33098 -6155 21107 -6782
-33098 -6155 -38436 -825
-33098 -6155 -6894 9929
-33098 -6155 22738 -10365
-33098 -6155 9549 -18882
-33098 -6155 -37901 -30102
-33098 -6155 32955 29703
-33098 -6155 -28201 11121
-33098 -6155 6255 -4885
-33098 -6155 25638 38242
-33098 -6155 -25669 19892
-33098 -6155 -19785 -11972
-33098 -6155 -22643 32615
-33098 -6155 -292 13299
-33098 -6155 -2840 17236
-33098 -6155 -28455 -6103
-33098 -6155 33583 1989
-33098 -6155 9414 20324
-33098 -6155 -27535 26564
-33098 -6155 16440 31579
-33098 -6155 38935 -30889
-33098 -6155 23175 -23083
-33098 -6155 -27930 27397
-33098 -6155 6164 -37642
-33098 -6155 30102 6465
-33098 -6155 -19742 15799
-33098 -6155 -23233 11753
-33098 -6155 -14304 -3598
-33098 -6155 7206 -12221
-33098 -6155 -35303 -4461
-33098 -6155 -35167 -30293
-33098 -6155 -10891 18874
-33098 -6155 562 19171
-33098 -6155 -18189 24635
-33098 -6155 -21175 1113
-33098 -6155 26760 -24182
-33098 -6155 8391 30524
-33098 -6155 -15568 -28475
-33098 -6155 -29048 -1416
-33098 -6155 -19191 33057
-33098 -6155 2471 10314
-33098 -6155 17191 -32927
-31330 -18033 38513 -20529
-31330 -18033 25332 34063
-31330 -18033 -7471 5787
-31330 -18033 36536 -31165
-31330 -18033 -11036 -34926
-31330 -18033 -682 9075
-31330 -18033 -39032 -26682
-31330 -18033 -36928 -22803
-31330 -18033 18149 -36427
-31330 -18033 -16816 -16604
-31330 -18033 -31683 -9201
-31330 -18033 -34492 15454
-31330 -18033 2567 -17865
-31330 -18033 11317 -2136
-31330 -18033 16622 -9374
-31330 -18033 8925 31954
-31330 -18033 -31604 23037
-31330 -18033 -35625 11831
-31330 -18033 -2127 -1286
-31330 -18033 -31653 -5067
-31330 -18033 5239 12760
-31330 -18033 -38436 -825
-31330 -18033 -6894 9929
-31330 -18033 22738 -10365
-31330 -18033 9549 -18882
-31330 -18033 -37901 -30102
-31330 -18033 -28201 11121
-31330 -18033 6255 -4885
-31330 -18033 25638 38242
-31330 -18033 -25669 19892
-31330 -18033 -19785 -11972
-31330 -18033 -22643 32615
-31330 -18033 -30674 -10491
-31330 -18033 -292 13299
-31330 -18033 -2840 17236
-31330 -18033 31855 10998
-31330 -18033 -23639 -2045
-31330 -18033 9414 20324
-31330 -18033 29775 31773
-31330 -18033 -27535 26564
-31330 -18033 16440 31579
-31330 -18033 38935 -30889
-31330 -18033 -33109 20213
-31330 -18033 -27150 -37973
-31330 -18033 4482 -15669
-31330 -18033 -27930 27397
-31330 -18033 6164 -37642
-31330 -18033 30639 38754
-31330 -18033 -27130 1663
-31330 -18033 -23233 11753
-31330 -18033 -14304 -3598
-31330 -18033 -3308 9847
-31330 -18033 -35303 -4461
-31330 -18033 -10891 18874
-31330 -18033 -31948 -13622
-31330 -18033 562 19171
-31330 -18033 -18189 24635
-31330 -18033 -21175 1113
-31330 -18033 9325 16432
-31330 -18033 -15568 -28475
-31330 -18033 -29048 -1416
-31330 -18033 2471 10314
-31330 -18033 17191 -32927
-31330 -18033 3318 38192
38513 -20529 -7471 5787
38513 -20529 36536 -31165
38513 -20529 -11036 -34926
38513 -20529 -682 9075
38513 -20529 -29921 101
38513 -20529 -2723 35164
38513 -20529 18149 -36427
38513 -20529 -31683 -9201
38513 -20529 -34492 15454
38513 -20529 -27579 -6821
38513 -20529 34269 30682
38513 -20529 11317 -2136
38513 -20529 16622 -9374
38513 -20529 10269 12719
38513 -20529 8925 31954
38513 -20529 31319 -18712
38513 -20529 -2127 -1286
38513 -20529 -31653 -5067
38513 -20529 9549 -18882
38513 -20529 -37901 -30102
38513 -20529 -3763 29283
38513 -20529 -28201 11121
38513 -20529 2695 36835
38513 -20529 6255 -4885
38513 -20529 25638 38242
38513 -20529 -25669 19892
38513 -20529 -22643 32615
38513 -20529 -292 13299
38513 -20529 -2840 17236
38513 -20529 -19094 4509
38513 -20529 9414 20324
38513 -20529 29775 31773
38513 -20529 -27535 26564
38513 -20529 23175 -23083
38513 -20529 11240 27509
38513 -20529 -27150 -37973
38513 -20529 4482 -15669
38513 -20529 -27930 27397
38513 -20529 -38833 -19103
38513 -20529 -19742 15799
38513 -20529 -27130 1663
38513 -20529 31906 -31626
38513 -20529 -14304 -3598
38513 -20529 7206 -12221
38513 -20529 -3308 9847
38513 -20529 -10891 18874
38513 -20529 562 19171
38513 -20529 -18189 24635
38513 -20529 -21175 1113
38513 -20529 9325 16432
38513 -20529 -15568 -28475
38513 -20529 -19191 33057
38513 -20529 2471 10314
38513 -20529 17191 -32927
38513 -20529 3318 38192
25332 34063 36536 -31165
25332 34063 -682 9075
25332 34063 -39032 -26682
25332 34063 -36928 -22803
25332 34063 -5779 9452
25332 34063 -2723 35164
25332 34063 18149 -36427
25332 34063 -16816 -16604
25332 34063 34269 30682
25332 34063 11317 -2136
25332 34063 8925 31954
25332 34063 -31604 23037
25332 34063 31319 -18712
25332 34063 -31653 -5067
25332 34063 5239 12760
25332 34063 21107 -6782
25332 34063 22738 -10365
25332 34063 9549 -18882
25332 34063 -3763 29283
25332 34063 32955 29703
25332 34063 -28201 11121
25332 34063 2695 36835
25332 34063 25638 38242
25332 34063 -22643 32615
25332 34063 -30674 -10491
25332 34063 -292 13299
25332 34063 -2840 17236
25332 34063 33583 1989
25332 34063 31855 10998
25332 34063 9414 20324
25332 34063 -27535 26564
25332 34063 16440 31579
25332 34063 38935 -30889
25332 34063 23175 -23083
25332 34063 15561 16570
25332 34063 11240 27509
25332 34063 -27930 27397
25332 34063 6164 -37642
25332 34063 -38833 -19103
25332 34063 30102 6465
25332 34063 31906 -31626
25332 34063 -23233 11753
25332 34063 -14304 -3598
25332 34063 7206 -12221
25332 34063 -3308 9847
25332 34063 -35303 -4461
25332 34063 -35167 -30293
25332 34063 -10891 18874
25332 34063 -21779 35921
25332 34063 -18189 24635
25332 34063 -21175 1113
25332 34063 26760 -24182
25332 34063 9325 16432
25332 34063 -15568 -28475
25332 34063 10686 -25385
25332 34063 -19191 33057
25332 34063 2471 10314
25332 34063 17191 -32927
25332 34063 3318 38192
-7471 5787 36536 -31165
-7471 5787 -682 9075
-7471 5787 -5779 9452
-7471 5787 -29921 101
-7471 5787 18149 -36427
-7471 5787 -16816 -16604
-7471 5787 -31683 -9201
-7471 5787 2567 -17865
-7471 5787 11317 -2136
-7471 5787 16622 -9374
-7471 5787 -23530 -4989
-7471 5787 -31604 23037
-7471 5787 -2127 -1286
-7471 5787 21107 -6782
-7471 5787 -38436 -825
-7471 5787 32955 29703
-7471 5787 -28201 11121
-7471 5787 6255 -4885
-7471 5787 25638 38242
-7471 5787 -25669 19892
-7471 5787 -19785 -11972
-7471 5787 -22643 32615
-7471 5787 -30674 -10491
-7471 5787 -2840 17236
-7471 5787 -28455 -6103
-7471 5787 31855 10998
-7471 5787 -23639 -2045
-7471 5787 9414 20324
-7471 5787 29775 31773
-7471 5787 -27535 26564
-7471 5787 -33109 20213
-7471 5787 23175 -23083
-7471 5787 7649 -36472
-7471 5787 11240 27509
-7471 5787 -27150 -37973
-7471 5787 4482 -15669
-7471 5787 6164 -37642
-7471 5787 30639 38754
-7471 5787 -38833 -19103
-7471 5787 30102 6465
-7471 5787 -19742 15799
-7471 5787 31906 -31626
-7471 5787 7206 -12221
-7471 5787 -3308 9847
-7471 5787 -35167 -30293
-7471 5787 -10891 18874
-7471 5787 -21779 35921
-7471 5787 -18189 24635
-7471 5787 -21175 1113
-7471 5787 8391 30524
-7471 5787 9325 16432
-7471 5787 -29048 -1416
-7471 5787 10686 -25385
-7471 5787 2471 10314
-7471 5787 17191 -32927
-7471 5787 3318 38192
36536 -31165 -11036 -34926
36536 -31165 -36928 -22803
36536 -31165 -5779 9452
36536 -31165 -16816 -16604
36536 -31165 -31683 -9201
36536 -31165 -34492 15454
36536 -31165 11317 -2136
36536 -31165 16622 -9374
36536 -31165 10269 12719
36536 -31165 8925 31954
36536 -31165 -31604 23037
36536 -31165 31319 -18712
36536 -31165 -35625 11831
36536 -31165 -29932 24295
36536 -31165 -31653 -5067
36536 -31165 5239 12760
36536 -31165 -38436 -825
36536 -31165 -6894 9929
36536 -31165 22738 -10365
36536 -31165 -37901 -30102
36536 -31165 -3763 29283
36536 -31165 32955 29703
36536 -31165 2695 36835
36536 -31165 25638 38242
36536 -31165 -25669 19892
36536 -31165 -30674 -10491
36536 -31165 -2840 17236
36536 -31165 -28455 -6103
36536 -31165 33583 1989
36536 -31165 -19094 4509
36536 -31165 -23639 -2045
36536 -31165 9414 20324
36536 -31165 29775 31773
36536 -31165 -27535 26564
36536 -31165 38935 -30889
36536 -31165 11240 27509
36536 -31165 -27930 27397
36536 -31165 6164 -37642
36536 -31165 -38833 -19103
36536 -31165 30102 6465
36536 -31165 -27130 1663
36536 -31165 -23233 11753
36536 -31165 7206 -12221
36536 -31165 -35167 -30293
36536 -31165 -10891 18874
36536 -31165 -21779 35921
36536 -31165 -31948 -13622
36536 -31165 26760 -24182
36536 -31165 9325 16432
36536 -31165 -15568 -28475
36536 -31165 10686 -25385
36536 -31165 -19191 33057
-11036 -34926 -36928 -22803
-11036 -34926 -5779 9452
-11036 -34926 -29921 101
-11036 -34926 18149 -36427
-11036 -34926 -31683 -9201
-11036 -34926 -34492 15454
-11036 -34926 -27579 -6821
-11036 -34926 2567 -17865
-11036 -34926 11317 -2136
-11036 -34926 10269 12719
-11036 -34926 8925 31954
-11036 -34926 -23530 -4989
-11036 -34926 -31604 23037
-11036 -34926 31319 -18712
-11036 -34926 -35625 11831
-11036 -34926 -31653 -5067
-11036 -34926 5239 12760
-11036 -34926 22738 -10365
-11036 -34926 -37901 -30102
-11036 -34926 -3763 29283
-11036 -34926 -28201 11121
-11036 -34926 6255 -4885
-11036 -34926 -19785 -11972
-11036 -34926 -22643 32615
-11036 -34926 -30674 -10491
-11036 -34926 -292 13299
-11036 -34926 -2840 17236
-11036 -34926 -19094 4509
-11036 -34926 31855 10998
-11036 -34926 9414 20324
-11036 -34926 29775 31773
-11036 -34926 -27535 26564
-11036 -34926 16440 31579
-11036 -34926 38935 -30889
-11036 -34926 -33109 20213
-11036 -34926 23175 -23083
-11036 -34926 15561 16570
-11036 -34926 4482 -15669
-11036 -34926 -27930 27397
-11036 -34926 6164 -37642
-11036 -34926 30639 38754
-11036 -34926 -38833 -19103
-11036 -34926 -19742 15799
-11036 -34926 31906 -31626
-11036 -34926 -23233 11753
-11036 -34926 -14304 -3598
-11036 -34926 -3308 9847
-11036 -34926 -35167 -30293
-11036 -34926 -31948 -13622
-11036 -34926 562 19171
-11036 -34926 -21175 1113
-11036 -34926 26760 -24182
-11036 -34926 10686 -25385
-11036 -34926 17191 -32927
-682 9075 -36928 -22803
-682 9075 -5779 9452
-682 9075 -29921 101
-682 9075 -2723 35164
-682 9075 18149 -36427
-682 9075 -16816 -16604
-682 9075 -31683 -9201
-682 9075 -27579 -6821
-682 9075 34269 30682
-682 9075 11317 -2136
-682 9075 -23530 -4989
-682 9075 -31604 23037
-682 9075 -35625 11831
-682 9075 -2127 -1286
-682 9075 -29932 24295
-682 9075 5239 12760
-682 9075 -6894 9929
-682 9075 22738 -10365
-682 9075 -37901 -30102
-682 9075 32955 29703
-682 9075 25638 38242
-682 9075 -25669 19892
-682 9075 -19785 -11972
-682 9075 -22643 32615
-682 9075 -292 13299
-682 9075 -28455 -6103
-682 9075 33583 1989
-682 9075 -19094 4509
-682 9075 -23639 -2045
-682 9075 29775 31773
-682 9075 -27535 26564
-682 9075 38935 -30889
-682 9075 -33109 20213
-682 9075 23175 -23083
-682 9075 11240 27509
-682 9075 -27150 -37973
-682 9075 4482 -15669
-682 9075 6164 -37642
-682 9075 -38833 -19103
-682 9075 30102 6465
-682 9075 -19742 15799
-682 9075 -27130 1663
-682 9075 31906 -31626
-682 9075 -14304 -3598
-682 9075 7206 -12221
-682 9075 -35303 -4461
-682 9075 -35167 -30293
-682 9075 -21779 35921
-682 9075 -31948 -13622
-682 9075 562 19171
-682 9075 -18189 24635
-682 9075 -21175 1113
-682 9075 26760 -24182
-682 9075 8391 30524
-682 9075 9325 16432
-682 9075 -15568 -28475
-682 9075 2471 10314
-682 9075 3318 38192
-39032 -26682 -29921 101
-39032 -26682 -2723 35164
-39032 -26682 -16816 -16604
-39032 -26682 -31683 -9201
-39032 -26682 -34492 15454
-39032 -26682 -27579 -6821
-39032 -26682 34269 30682
-39032 -26682 2567 -17865
-39032 -26682 11317 -2136
-39032 -26682 10269 12719
-39032 -26682 -23530 -4989
-39032 -26682 -35625 11831
-39032 -26682 -2127 -1286
-39032 -26682 5239 12760
-39032 -26682 21107 -6782
-39032 -26682 -38436 -825
-39032 -26682 -6894 9929
-39032 -26682 9549 -18882
-39032 -26682 -37901 -30102
-39032 -26682 -3763 29283
-39032 -26682 32955 29703
-39032 -26682 -28201 11121
-39032 -26682 2695 36835
-39032 -26682 6255 -4885
-39032 -26682 25638 38242
-39032 -26682 -25669 19892
-39032 -26682 -19785 -11972
-39032 -26682 -22643 32615
-39032 -26682 -2840 17236
-39032 -26682 -28455 -6103
-39032 -26682 33583 1989
-39032 -26682 -19094 4509
-39032 -26682 31855 10998
-39032 -26682 -23639 -2045
-39032 -26682 16440 31579
-39032 -26682 23175 -23083
-39032 -26682 7649 -36472
-39032 -26682 15561 16570
-39032 -26682 -27150 -37973
-39032 -26682 4482 -15669
-39032 -26682 -27930 27397
-39032 -26682 30639 38754
-39032 -26682 30102 6465
-39032 -26682 -19742 15799
-39032 -26682 -27130 1663
-39032 -26682 -23233 11753
-39032 -26682 7206 -12221
-39032 -26682 -3308 9847
-39032 -26682 -35303 -4461
-39032 -26682 -10891 18874
-39032 -26682 -21779 35921
-39032 -26682 -31948 -13622
-39032 -26682 562 19171
-39032 -26682 -21175 1113
-39032 -26682 26760 -24182
-39032 -26682 9325 16432
-39032 -26682 -15568 -28475
-39032 -26682 10686 -25385
-39032 -26682 2471 10314
-39032 -26682 17191 -32927
-39032 -26682 3318 38192
-36928 -22803 -5779 9452
-36928 -22803 -29921 101
-36928 -22803 -2723 35164
-36928 -22803 -27579 -6821
-36928 -22803 34269 30682
-36928 -22803 2567 -17865
-36928 -22803 11317 -2136
-36928 -22803 10269 12719
-36928 -22803 -31604 23037
-36928 -22803 -35625 11831
-36928 -22803 -29932 24295
-36928 -22803 -31653 -5067
-36928 -22803 5239 12760
-36928 -22803 21107 -6782
-36928 -22803 -6894 9929
-36928 -22803 22738 -10365
-36928 -22803 -37901 -30102
-36928 -22803 32955 29703
-36928 -22803 -28201 11121
-36928 -22803 6255 -4885
-36928 -22803 25638 38242
-36928 -22803 -22643 32615
-36928 -22803 -28455 -6103
-36928 -22803 -23639 -2045
-36928 -22803 29775 31773
-36928 -22803 -27535 26564
-36928 -22803 38935 -30889
-36928 -22803 -33109 20213
-36928 -22803 23175 -23083
-36928 -22803 7649 -36472
-36928 -22803 15561 16570
-36928 -22803 11240 27509
-36928 -22803 4482 -15669
-36928 -22803 -27930 27397
-36928 -22803 6164 -37642
-36928 -22803 30639 38754
-36928 -22803 -38833 -19103
-36928 -22803 30102 6465
-36928 -22803 -19742 15799
-36928 -22803 31906 -31626
-36928 -22803 -23233 11753
-36928 -22803 7206 -12221
-36928 -22803 -3308 9847
-36928 -22803 -35303 -4461
-36928 -22803 -35167 -30293
-36928 -22803 -10891 18874
-36928 -22803 -31948 -13622
-36928 -22803 -21175 1113
-36928 -22803 9325 16432
-36928 -22803 -15568 -28475
-36928 -22803 -19191 33057
-36928 -22803 2471 10314
-36928 -22803 17191 -32927
-36928 -22803 3318 38192
-5779 9452 -29921 101
-5779 9452 -16816 -16604
-5779 9452 -31683 -9201
-5779 9452 -34492 15454
-5779 9452 34269 30682
-5779 9452 2567 -17865
-5779 9452 11317 -2136
-5779 9452 16622 -9374
-5779 9452 10269 12719
-5779 9452 8925 31954
-5779 9452 -31604 23037
-5779 9452 31319 -18712
-5779 9452 -35625 11831
-5779 9452 -2127 -1286
-5779 9452 -31653 -5067
-5779 9452 21107 -6782
-5779 9452 -38436 -825
-5779 9452 -6894 9929
-5779 9452 -37901 -30102
-5779 9452 -3763 29283
-5779 9452 32955 29703
-5779 9452 2695 36835
-5779 9452 6255 -4885
-5779 9452 25638 38242
-5779 9452 -22643 32615
-5779 9452 -2840 17236
-5779 9452 -28455 -6103
-5779 9452 33583 1989
-5779 9452 -19094 4509
-5779 9452 31855 10998
-5779 9452 -23639 -2045
-5779 9452 9414 20324
-5779 9452 -27535 26564
-5779 9452 -33109 20213
-5779 9452 23175 -23083
-5779 9452 7649 -36472
-5779 9452 11240 27509
-5779 9452 4482 -15669
-5779 9452 -38833 -19103
-5779 9452 -19742 15799
-5779 9452 -23233 11753
-5779 9452 -14304 -3598
-5779 9452 7206 -12221
-5779 9452 -35303 -4461
-5779 9452 -35167 -30293
-5779 9452 -10891 18874
-5779 9452 -31948 -13622
-5779 9452 562 19171
-5779 9452 26760 -24182
-5779 9452 -29048 -1416
-5779 9452 10686 -25385
-5779 9452 -19191 33057
-5779 9452 2471 10314
-5779 9452 17191 -32927
-5779 9452 3318 38192
-29921 101 -16816 -16604
-29921 101 -31683 -9201
-29921 101 -34492 15454
-29921 101 -27579 -6821
-29921 101 34269 30682
-29921 101 11317 -2136
-29921 101 16622 -9374
-29921 101 8925 31954
-29921 101 -23530 -4989
-29921 101 -35625 11831
-29921 101 -2127 -1286
-29921 101 -29932 24295
-29921 101 21107 -6782
-29921 101 -38436 -825
-29921 101 -6894 9929
-29921 101 22738 -10365
-29921 101 -37901 -30102
-29921 101 32955 29703
-29921 101 2695 36835
-29921 101 6255 -4885
-29921 101 25638 38242
-29921 101 -25669 19892
-29921 101 -22643 32615
-29921 101 -30674 -10491
-29921 101 -292 13299
-29921 101 -2840 17236
-29921 101 -28455 -6103
-29921 101 -23639 -2045
-29921 101 29775 31773
-29921 101 -27535 26564
-29921 101 16440 31579
-29921 101 38935 -30889
-29921 101 23175 -23083
-29921 101 15561 16570
-29921 101 -27150 -37973
-29921 101 4482 -15669
-29921 101 -27930 27397
-29921 101 6164 -37642
-29921 101 30639 38754
-29921 101 30102 6465
-29921 101 -19742 15799
-29921 101 31906 -31626
-29921 101 -23233 11753
-29921 101 -14304 -3598
-29921 101 -3308 9847
-29921 101 -35303 -4461
-29921 101 562 19171
-29921 101 -18189 24635
-29921 101 26760 -24182
-29921 101 9325 16432
-29921 101 -15568 -28475
-29921 101 -29048 -1416
-29921 101 -19191 33057
-29921 101 2471 10314
-29921 101 3318 38192
-2723 35164 18149 -36427
-2723 35164 -16816 -16604
-2723 35164 -31683 -9201
-2723 35164 -34492 15454
-2723 35164 -27579 -6821
-2723 35164 34269 30682
-2723 35164 11317 -2136
-2723 35164 16622 -9374
-2723 35164 10269 12719
-2723 35164 8925 31954
-2723 35164 -29932 24295
-2723 35164 5239 12760
-2723 35164 21107 -6782
-2723 35164 -38436 -825
-2723 35164 -6894 9929
-2723 35164 22738 -10365
-2723 35164 -37901 -30102
-2723 35164 -3763 29283
-2723 35164 32955 29703
-2723 35164 -28201 11121
-2723 35164 2695 36835
-2723 35164 6255 -4885
-2723 35164 25638 38242
-2723 35164 -25669 19892
-2723 35164 -19785 -11972
-2723 35164 -30674 -10491
-2723 35164 -2840 17236
-2723 35164 -28455 -6103
-2723 35164 33583 1989
-2723 35164 -19094 4509
-2723 35164 31855 10998
-2723 35164 -23639 -2045
-2723 35164 -27535 26564
-2723 35164 23175 -23083
-2723 35164 11240 27509
-2723 35164 -27150 -37973
-2723 35164 6164 -37642
-2723 35164 -38833 -19103
-2723 35164 30102 6465
-2723 35164 31906 -31626
-2723 35164 -14304 -3598
-2723 35164 -35303 -4461
-2723 35164 -10891 18874
-2723 35164 -21779 35921
-2723 35164 -18189 24635
-2723 35164 26760 -24182
-2723 35164 10686 -25385
-2723 35164 2471 10314
18149 -36427 -16816 -16604
18149 -36427 -31683 -9201
18149 -36427 -34492 15454
18149 -36427 34269 30682
18149 -36427 2567 -17865
18149 -36427 11317 -2136
18149 -36427 10269 12719
18149 -36427 8925 31954
18149 -36427 -23530 -4989
18149 -36427 31319 -18712
18149 -36427 -35625 11831
18149 -36427 -2127 -1286
18149 -36427 -29932 24295
18149 -36427 21107 -6782
18149 -36427 -6894 9929
18149 -36427 22738 -10365
18149 -36427 -37901 -30102
18149 -36427 -3763 29283
18149 -36427 32955 29703
18149 -36427 -28201 11121
18149 -36427 2695 36835
18149 -36427 25638 38242
18149 -36427 -25669 19892
18149 -36427 -19785 -11972
18149 -36427 -22643 32615
18149 -36427 -30674 -10491
18149 -36427 -292 13299
18149 -36427 33583 1989
18149 -36427 31855 10998
18149 -36427 9414 20324
18149 -36427 29775 31773
18149 -36427 16440 31579
18149 -36427 -33109 20213
18149 -36427 23175 -23083
18149 -36427 7649 -36472
18149 -36427 15561 16570
18149 -36427 11240 27509
18149 -36427 4482 -15669
18149 -36427 -27930 27397
18149 -36427 6164 -37642
18149 -36427 30639 38754
18149 -36427 -19742 15799
18149 -36427 -27130 1663
18149 -36427 31906 -31626
18149 -36427 -23233 11753
18149 -36427 -14304 -3598
18149 -36427 7206 -12221
18149 -36427 -3308 9847
18149 -36427 -35303 -4461
18149 -36427 -35167 -30293
18149 -36427 -21779 35921
18149 -36427 -31948 -13622
18149 -36427 562 19171
18149 -36427 -18189 24635
18149 -36427 -21175 1113
18149 -36427 26760 -24182
18149 -36427 -15568 -28475
18149 -36427 2471 10314
18149 -36427 17191 -32927
-16816 -16604 -34492 15454
-16816 -16604 34269 30682
-16816 -16604 2567 -17865
-16816 -16604 11317 -2136
-16816 -16604 16622 -9374
-16816 -16604 8925 31954
-16816 -16604 -35625 11831
-16816 -16604 -31653 -5067
-16816 -16604 21107 -6782
-16816 -16604 -38436 -825
-16816 -16604 -6894 9929
-16816 -16604 -37901 -30102
-16816 -16604 -3763 29283
-16816 -16604 2695 36835
-16816 -16604 6255 -4885
-16816 -16604 25638 38242
-16816 -16604 -19785 -11972
-16816 -16604 -22643 32615
-16816 -16604 -30674 -10491
-16816 -16604 -292 13299
-16816 -16604 -2840 17236
-16816 -16604 -28455 -6103
-16816 -16604 -23639 -2045
-16816 -16604 29775 31773
-16816 -16604 -27535 26564
-16816 -16604 16440 31579
-16816 -16604 38935 -30889
-16816 -16604 -33109 20213
-16816 -16604 23175 -23083
-16816 -16604 15561 16570
-16816 -16604 11240 27509
-16816 -16604 -27150 -37973
-16816 -16604 4482 -15669
-16816 -16604 -27930 27397
-16816 -16604 6164 -37642
-16816 -16604 30639 38754
-16816 -16604 -19742 15799
-16816 -16604 -14304 -3598
-16816 -16604 7206 -12221
-16816 -16604 -3308 9847
-16816 -16604 -35303 -4461
-16816 -16604 -35167 -30293
-16816 -16604 -21779 35921
-16816 -16604 562 19171
-16816 -16604 -18189 24635
-16816 -16604 -21175 1113
-16816 -16604 26760 -24182
-16816 -16604 9325 16432
-16816 -16604 -15568 -28475
-16816 -16604 10686 -25385
-16816 -16604 -19191 33057
-16816 -16604 2471 10314
-16816 -16604 17191 -32927
-31683 -9201 -34492 15454
-31683 -9201 -27579 -6821
-31683 -9201 34269 30682
-31683 -9201 2567 -17865
-31683 -9201 11317 -2136
-31683 -9201 16622 -9374
-31683 -9201 10269 12719
-31683 -9201 -23530 -4989
-31683 -9201 31319 -18712
-31683 -9201 -35625 11831
-31683 -9201 -31653 -5067
-31683 -9201 21107 -6782
-31683 -9201 -38436 -825
-31683 -9201 -6894 9929
-31683 -9201 22738 -10365
-31683 -9201 -37901 -30102
-31683 -9201 -3763 29283
-31683 -9201 32955 29703
-31683 -9201 2695 36835
-31683 -9201 25638 38242
-31683 -9201 -25669 19892
-31683 -9201 -19785 -11972
-31683 -9201 -22643 32615
-31683 -9201 -2840 17236
-31683 -9201 -19094 4509
-31683 -9201 9414 20324
-31683 -9201 29775 31773
-31683 -9201 16440 31579
-31683 -9201 38935 -30889
-31683 -9201 -33109 20213
-31683 -9201 23175 -23083
-31683 -9201 11240 27509
-31683 -9201 -27150 -37973
-31683 -9201 4482 -15669
-31683 -9201 -27930 27397
-31683 -9201 6164 -37642
-31683 -9201 -19742 15799
-31683 -9201 -27130 1663
-31683 -9201 31906 -31626
-31683 -9201 -23233 11753
-31683 -9201 -14304 -3598
-31683 -9201 -3308 9847
-31683 -9201 -35303 -4461
-31683 -9201 -10891 18874
-31683 -9201 -21779 35921
-31683 -9201 -31948 -13622
-31683 -9201 -18189 24635
-31683 -9201 -21175 1113
-31683 -9201 26760 -24182
-31683 -9201 8391 30524
-31683 -9201 9325 16432
-31683 -9201 10686 -25385
-31683 -9201 -19191 33057
-31683 -9201 2471 10314
-34492 15454 -27579 -6821
-34492 15454 34269 30682
-34492 15454 2567 -17865
-34492 15454 11317 -2136
-34492 15454 16622 -9374
-34492 15454 8925 31954
-34492 15454 -23530 -4989
-34492 15454 -31604 23037
-34492 15454 31319 -18712
-34492 15454 -35625 11831
-34492 15454 -2127 -1286
-34492 15454 -29932 24295
-34492 15454 -31653 -5067
-34492 15454 5239 12760
-34492 15454 21107 -6782
-34492 15454 -38436 -825
-34492 15454 22738 -10365
-34492 15454 -37901 -30102
-34492 15454 32955 29703
-34492 15454 -19785 -11972
-34492 15454 -22643 32615
-34492 15454 -30674 -10491
-34492 15454 -28455 -6103
-34492 15454 33583 1989
-34492 15454 31855 10998
-34492 15454 -23639 -2045
-34492 15454 38935 -30889
-34492 15454 -33109 20213
-34492 15454 23175 -23083
-34492 15454 7649 -36472
-34492 15454 15561 16570
-34492 15454 11240 27509
-34492 15454 4482 -15669
-34492 15454 -38833 -19103
-34492 15454 30102 6465
-34492 15454 -19742 15799
-34492 15454 -27130 1663
-34492 15454 31906 -31626
-34492 15454 -23233 11753
-34492 15454 -14304 -3598
-34492 15454 7206 -12221
-34492 15454 -35303 -4461
-34492 15454 -10891 18874
-34492 15454 -21779 35921
-34492 15454 -31948 -13622
-34492 15454 -21175 1113
-34492 15454 26760 -24182
-34492 15454 8391 30524
-34492 15454 9325 16432
-34492 15454 -29048 -1416
-34492 15454 17191 -32927
-27579 -6821 34269 30682
-27579 -6821 2567 -17865
-27579 -6821 11317 -2136
-27579 -6821 10269 12719
-27579 -6821 8925 31954
-27579 -6821 -31604 23037
-27579 -6821 31319 -18712
-27579 -6821 -35625 11831
-27579 -6821 -2127 -1286
-27579 -6821 -29932 24295
-27579 -6821 -31653 -5067
-27579 -6821 5239 12760
-27579 -6821 21107 -6782
-27579 -6821 -6894 9929
-27579 -6821 22738 -10365
-27579 -6821 9549 -18882
-27579 -6821 -37901 -30102
-27579 -6821 -28201 11121
-27579 -6821 2695 36835
-27579 -6821 6255 -4885
-27579 -6821 25638 38242
-27579 -6821 -25669 19892
-27579 -6821 -19785 -11972
-27579 -6821 -292 13299
-27579 -6821 -2840 17236
-27579 -6821 -28455 -6103
-27579 -6821 33583 1989
-27579 -6821 -19094 4509
-27579 -6821 31855 10998
-27579 -6821 29775 31773
-27579 -6821 -27535 26564
-27579 -6821 16440 31579
-27579 -6821 38935 -30889
-27579 -6821 -33109 20213
-27579 -6821 23175 -23083
-27579 -6821 7649 -36472
-27579 -6821 11240 27509
-27579 -6821 -27150 -37973
-27579 -6821 4482 -15669
-27579 -6821 6164 -37642
-27579 -6821 30639 38754
-27579 -6821 -38833 -19103
-27579 -6821 30102 6465
-27579 -6821 -19742 15799
-27579 -6821 -27130 1663
-27579 -6821 31906 -31626
-27579 -6821 -23233 11753
-27579 -6821 7206 -12221
-27579 -6821 -35303 -4461
-27579 -6821 -10891 18874
-27579 -6821 562 19171
-27579 -6821 -18189 24635
-27579 -6821 26760 -24182
-27579 -6821 8391 30524
-27579 -6821 9325 16432
-27579 -6821 -29048 -1416
-27579 -6821 10686 -25385
-27579 -6821 -19191 33057
-27579 -6821 2471 10314
-27579 -6821 3318 38192
34269 30682 2567 -17865
34269 30682 10269 12719
34269 30682 -23530 -4989
34269 30682 31319 -18712
34269 30682 -35625 11831
34269 30682 -2127 -1286
34269 30682 -29932 24295
34269 30682 -31653 -5067
34269 30682 -38436 -825
34269 30682 22738 -10365
34269 30682 -37901 -30102
34269 30682 -3763 29283
34269 30682 32955 29703
34269 30682 -28201 11121
34269 30682 6255 -4885
34269 30682 25638 38242
34269 30682 -30674 -10491
34269 30682 -2840 17236
34269 30682 -28455 -6103
34269 30682 33583 1989
34269 30682 31855 10998
34269 30682 16440 31579
34269 30682 -33109 20213
34269 30682 15561 16570
34269 30682 11240 27509
34269 30682 6164 -37642
34269 30682 -38833 -19103
34269 30682 30102 6465
34269 30682 -19742 15799
34269 30682 -27130 1663
34269 30682 -3308 9847
34269 30682 -35303 -4461
34269 30682 -10891 18874
34269 30682 -21779 35921
34269 30682 -31948 -13622
34269 30682 562 19171
34269 30682 8391 30524
34269 30682 -15568 -28475
34269 30682 -29048 -1416
34269 30682 10686 -25385
34269 30682 -19191 33057
34269 30682 2471 10314
34269 30682 3318 38192
2567 -17865 11317 -2136
2567 -17865 16622 -9374
2567 -17865 10269 12719
2567 -17865 8925 31954
2567 -17865 -23530 -4989
2567 -17865 31319 -18712
2567 -17865 -35625 11831
2567 -17865 -31653 -5067
2567 -17865 5239 12760
2567 -17865 -38436 -825
2567 -17865 22738 -10365
2567 -17865 9549 -18882
2567 -17865 -3763 29283
2567 -17865 32955 29703
2567 -17865 -28201 11121
2567 -17865 2695 36835
2567 -17865 6255 -4885
2567 -17865 -19785 -11972
2567 -17865 -22643 32615
2567 -17865 -292 13299
2567 -17865 -2840 17236
2567 -17865 -28455 -6103
2567 -17865 -19094 4509
2567 -17865 31855 10998
2567 -17865 -23639 -2045
2567 -17865 9414 20324
2567 -17865 -27535 26564
2567 -17865 38935 -30889
2567 -17865 -33109 20213
2567 -17865 23175 -23083
2567 -17865 15561 16570
2567 -17865 4482 -15669
2567 -17865 6164 -37642
2567 -17865 30639 38754
2567 -17865 -38833 -19103
2567 -17865 -19742 15799
2567 -17865 -27130 1663
2567 -17865 -14304 -3598
2567 -17865 7206 -12221
2567 -17865 -3308 9847
2567 -17865 -35303 -4461
2567 -17865 -35167 -30293
2567 -17865 -21779 35921
2567 -17865 562 19171
2567 -17865 -18189 24635
2567 -17865 9325 16432
2567 -17865 -15568 -28475
2567 -17865 -29048 -1416
2567 -17865 -19191 33057
2567 -17865 2471 10314
2567 -17865 17191 -32927
11317 -2136 16622 -9374
11317 -2136 8925 31954
11317 -2136 -23530 -4989
11317 -2136 -31604 23037
11317 -2136 -35625 11831
11317 -2136 -2127 -1286
11317 -2136 -29932 24295
11317 -2136 -31653 -5067
11317 -2136 5239 12760
11317 -2136 21107 -6782
11317 -2136 -38436 -825
11317 -2136 -6894 9929
11317 -2136 9549 -18882
11317 -2136 -37901 -30102
11317 -2136 -3763 29283
11317 -2136 32955 29703
11317 -2136 -28201 11121
11317 -2136 2695 36835
11317 -2136 6255 -4885
11317 -2136 25638 38242
11317 -2136 -25669 19892
11317 -2136 -19785 -11972
11317 -2136 -22643 32615
11317 -2136 -30674 -10491
11317 -2136 -292 13299
11317 -2136 -2840 17236
11317 -2136 -28455 -6103
11317 -2136 33583 1989
11317 -2136 -23639 -2045
11317 -2136 9414 20324
11317 -2136 29775 31773
11317 -2136 -27535 26564
11317 -2136 16440 31579
11317 -2136 38935 -30889
11317 -2136 -33109 20213
11317 -2136 23175 -23083
11317 -2136 7649 -36472
11317 -2136 11240 27509
11317 -2136 -27150 -37973
11317 -2136 4482 -15669
11317 -2136 -27930 27397
11317 -2136 6164 -37642
11317 -2136 30639 38754
11317 -2136 -38833 -19103
11317 -2136 30102 6465
11317 -2136 -19742 15799
11317 -2136 -27130 1663
11317 -2136 31906 -31626
11317 -2136 -23233 11753
11317 -2136 -14304 -3598
11317 -2136 7206 -12221
11317 -2136 -3308 9847
11317 -2136 -35303 -4461
11317 -2136 -35167 -30293
11317 -2136 -10891 18874
11317 -2136 -21779 35921
11317 -2136 -31948 -13622
11317 -2136 562 19171
11317 -2136 -18189 24635
11317 -2136 -21175 1113
11317 -2136 26760 -24182
11317 -2136 8391 30524
11317 -2136 -15568 -28475
11317 -2136 -29048 -1416
11317 -2136 10686 -25385
11317 -2136 -19191 33057
11317 -2136 2471 10314
11317 -2136 17191 -32927
11317 -2136 3318 38192
16622 -9374 10269 12719
16622 -9374 8925 31954
16622 -9374 -31604 23037
16622 -9374 31319 -18712
16622 -9374 -35625 11831
16622 -9374 -29932 24295
16622 -9374 5239 12760
16622 -9374 21107 -6782
16622 -9374 -6894 9929
16622 -9374 -3763 29283
16622 -9374 32955 29703
16622 -9374 6255 -4885
16622 -9374 -19785 -11972
16622 -9374 -30674 -10491
16622 -9374 -292 13299
16622 -9374 -2840 17236
16622 -9374 -28455 -6103
16622 -9374 -19094 4509
16622 -9374 31855 10998
16622 -9374 9414 20324
16622 -9374 -27535 26564
16622 -9374 38935 -30889
16622 -9374 -33109 20213
16622 -9374 23175 -23083
16622 -9374 15561 16570
16622 -9374 11240 27509
16622 -9374 -27150 -37973
16622 -9374 4482 -15669
16622 -9374 30639 38754
16622 -9374 -19742 15799
16622 -9374 -27130 1663
16622 -9374 31906 -31626
16622 -9374 -3308 9847
16622 -9374 -10891 18874
16622 -9374 -21779 35921
16622 -9374 -31948 -13622
16622 -9374 -18189 24635
16622 -9374 -21175 1113
16622 -9374 26760 -24182
16622 -9374 -15568 -28475
16622 -9374 10686 -25385
16622 -9374 -19191 33057
16622 -9374 2471 10314
16622 -9374 17191 -32927
10269 12719 8925 31954
10269 12719 -23530 -4989
10269 12719 -31604 23037
10269 12719 31319 -18712
10269 12719 -35625 11831
10269 12719 -2127 -1286
10269 12719 5239 12760
10269 12719 -3763 29283
10269 12719 32955 29703
10269 12719 2695 36835
10269 12719 25638 38242
10269 12719 -25669 19892
10269 12719 -19785 -11972
10269 12719 -22643 32615
10269 12719 -28455 -6103
10269 12719 33583 1989
10269 12719 9414 20324
10269 12719 38935 -30889
10269 12719 -33109 20213
10269 12719 15561 16570
10269 12719 11240 27509
10269 12719 4482 -15669
10269 12719 -27930 27397
10269 12719 6164 -37642
10269 12719 30639 38754
10269 12719 -38833 -19103
10269 12719 30102 6465
10269 12719 -19742 15799
10269 12719 -27130 1663
10269 12719 31906 -31626
10269 12719 -14304 -3598
10269 12719 -3308 9847
10269 12719 -35303 -4461
10269 12719 -35167 -30293
10269 12719 -31948 -13622
10269 12719 26760 -24182
10269 12719 -15568 -28475
10269 12719 2471 10314
10269 12719 17191 -32927
10269 12719 3318 38192
8925 31954 31319 -18712
8925 31954 -29932 24295
8925 31954 -31653 -5067
8925 31954 5239 12760
8925 31954 21107 -6782
8925 31954 -38436 -825
8925 31954 -6894 9929
8925 31954 9549 -18882
8925 31954 -37901 -30102
8925 31954 -28201 11121
8925 31954 2695 36835
8925 31954 6255 -4885
8925 31954 -25669 19892
8925 31954 -19785 -11972
8925 31954 -22643 32615
8925 31954 -292 13299
8925 31954 -2840 17236
8925 31954 -28455 -6103
8925 31954 33583 1989
8925 31954 -23639 -2045
8925 31954 16440 31579
8925 31954 38935 -30889
8925 31954 -33109 20213
8925 31954 23175 -23083
8925 31954 15561 16570
8925 31954 4482 -15669
8925 31954 -27930 27397
8925 31954 30639 38754
8925 31954 -38833 -19103
8925 31954 30102 6465
8925 31954 -19742 15799
8925 31954 -23233 11753
8925 31954 -14304 -3598
8925 31954 7206 -12221
8925 31954 -3308 9847
8925 31954 -35303 -4461
8925 31954 -35167 -30293
8925 31954 -21779 35921
8925 31954 562 19171
8925 31954 -21175 1113
8925 31954 -15568 -28475
8925 31954 -29048 -1416
8925 31954 2471 10314
8925 31954 17191 -32927
8925 31954 3318 38192
-23530 -4989 31319 -18712
-23530 -4989 -35625 11831
-23530 -4989 -2127 -1286
-23530 -4989 -29932 24295
-23530 -4989 -31653 -5067
-23530 -4989 21107 -6782
-23530 -4989 -38436 -825
-23530 -4989 22738 -10365
-23530 -4989 9549 -18882
-23530 -4989 -37901 -30102
-23530 -4989 -3763 29283
-23530 -4989 -28201 11121
-23530 -4989 25638 38242
-23530 -4989 -25669 19892
-23530 -4989 -19785 -11972
-23530 -4989 -30674 -10491
-23530 -4989 -2840 17236
-23530 -4989 -28455 -6103
-23530 -4989 -19094 4509
-23530 -4989 -23639 -2045
-23530 -4989 9414 20324
-23530 -4989 29775 31773
-23530 -4989 16440 31579
-23530 -4989 23175 -23083
-23530 -4989 7649 -36472
-23530 -4989 15561 16570
-23530 -4989 11240 27509
-23530 -4989 4482 -15669
-23530 -4989 6164 -37642
-23530 -4989 30639 38754
-23530 -4989 -38833 -19103
-23530 -4989 30102 6465
-23530 -4989 -27130 1663
-23530 -4989 31906 -31626
-23530 -4989 -23233 11753
-23530 -4989 -14304 -3598
-23530 -4989 7206 -12221
-23530 -4989 -3308 9847
-23530 -4989 -35303 -4461
-23530 -4989 -35167 -30293
-23530 -4989 -31948 -13622
-23530 -4989 -18189 24635
-23530 -4989 26760 -24182
-23530 -4989 9325 16432
-23530 -4989 -29048 -1416
-23530 -4989 -19191 33057
-23530 -4989 17191 -32927
-31604 23037 31319 -18712
-31604 23037 -35625 11831
-31604 23037 -29932 24295
-31604 23037 -31653 -5067
-31604 23037 5239 12760
-31604 23037 21107 -6782
-31604 23037 22738 -10365
-31604 23037 9549 -18882
-31604 23037 -37901 -30102
-31604 23037 -3763 29283
-31604 23037 32955 29703
-31604 23037 -28201 11121
-31604 23037 6255 -4885
-31604 23037 -292 13299
-31604 23037 -2840 17236
-31604 23037 33583 1989
-31604 23037 -19094 4509
-31604 23037 31855 10998
-31604 23037 9414 20324
-31604 23037 -27535 26564
-31604 23037 38935 -30889
-31604 23037 -33109 20213
-31604 23037 7649 -36472
-31604 23037 15561 16570
-31604 23037 11240 27509
-31604 23037 -27150 -37973
-31604 23037 -27930 27397
-31604 23037 6164 -37642
-31604 23037 30639 38754
-31604 23037 -38833 -19103
-31604 23037 30102 6465
-31604 23037 -19742 15799
-31604 23037 -27130 1663
-31604 23037 -23233 11753
-31604 23037 -14304 -3598
-31604 23037 7206 -12221
-31604 23037 -3308 9847
-31604 23037 -35303 -4461
-31604 23037 -35167 -30293
-31604 23037 -21779 35921
-31604 23037 -31948 -13622
-31604 23037 562 19171
-31604 23037 -18189 24635
-31604 23037 9325 16432
-31604 23037 -15568 -28475
-31604 23037 -19191 33057
-31604 23037 17191 -32927
31319 -18712 -29932 24295
31319 -18712 -31653 -5067
31319 -18712 5239 12760
31319 -18712 21107 -6782
31319 -18712 -38436 -825
31319 -18712 -6894 9929
31319 -18712 22738 -10365
31319 -18712 9549 -18882
31319 -18712 -3763 29283
31319 -18712 32955 29703
31319 -18712 -28201 11121
31319 -18712 6255 -4885
31319 -18712 25638 38242
31319 -18712 -25669 19892
31319 -18712 -22643 32615
31319 -18712 -2840 17236
31319 -18712 -28455 -6103
31319 -18712 33583 1989
31319 -18712 -19094 4509
31319 -18712 31855 10998
31319 -18712 -23639 -2045
31319 -18712 29775 31773
31319 -18712 -27535 26564
31319 -18712 16440 31579
31319 -18712 -33109 20213
31319 -18712 7649 -36472
31319 -18712 11240 27509
31319 -18712 -27150 -37973
31319 -18712 -27930 27397
31319 -18712 30102 6465
31319 -18712 -27130 1663
31319 -18712 -23233 11753
31319 -18712 -14304 -3598
31319 -18712 7206 -12221
31319 -18712 -21779 35921
31319 -18712 -31948 -13622
31319 -18712 562 19171
31319 -18712 -18189 24635
31319 -18712 -21175 1113
31319 -18712 26760 -24182
31319 -18712 8391 30524
31319 -18712 9325 16432
31319 -18712 -15568 -28475
31319 -18712 -29048 -1416
31319 -18712 10686 -25385
31319 -18712 2471 10314
31319 -18712 17191 -32927
31319 -18712 3318 38192
-35625 11831 -2127 -1286
-35625 11831 -31653 -5067
-35625 11831 5239 12760
-35625 11831 21107 -6782
-35625 11831 -38436 -825
-35625 11831 -6894 9929
-35625 11831 22738 -10365
-35625 11831 9549 -18882
-35625 11831 -37901 -30102
-35625 11831 -3763 29283
-35625 11831 32955 29703
-35625 11831 2695 36835
-35625 11831 25638 38242
-35625 11831 -25669 19892
-35625 11831 -22643 32615
-35625 11831 -2840 17236
-35625 11831 -28455 -6103
-35625 11831 -19094 4509
-35625 11831 31855 10998
-35625 11831 9414 20324
-35625 11831 29775 31773
-35625 11831 -27535 26564
-35625 11831 16440 31579
-35625 11831 38935 -30889
-35625 11831 -33109 20213
-35625 11831 4482 -15669
-35625 11831 -27930 27397
-35625 11831 -38833 -19103
-35625 11831 30102 6465
-35625 11831 -27130 1663
-35625 11831 -3308 9847
-35625 11831 -35303 -4461
-35625 11831 -10891 18874
-35625 11831 -21779 35921
-35625 11831 -31948 -13622
-35625 11831 562 19171
-35625 11831 -21175 1113
-35625 11831 8391 30524
-35625 11831 9325 16432
-35625 11831 -29048 -1416
-35625 11831 2471 10314
-35625 11831 17191 -32927
-2127 -1286 5239 12760
-2127 -1286 21107 -6782
-2127 -1286 -6894 9929
-2127 -1286 22738 -10365
-2127 -1286 -37901 -30102
-2127 -1286 -3763 29283
-2127 -1286 32955 29703
-2127 -1286 -28201 11121
-2127 -1286 2695 36835
-2127 -1286 6255 -4885
-2127 -1286 -22643 32615
-2127 -1286 -2840 17236
-2127 -1286 33583 1989
-2127 -1286 -23639 -2045
-2127 -1286 9414 20324
-2127 -1286 29775 31773
-2127 -1286 38935 -30889
-2127 -1286 -33109 20213
-2127 -1286 23175 -23083
-2127 -1286 15561 16570
-2127 -1286 11240 27509
-2127 -1286 4482 -15669
-2127 -1286 -27930 27397
-2127 -1286 6164 -37642
-2127 -1286 31906 -31626
-2127 -1286 -23233 11753
-2127 -1286 -14304 -3598
-2127 -1286 -3308 9847
-2127 -1286 -35167 -30293
-2127 -1286 -10891 18874
-2127 -1286 -21779 35921
-2127 -1286 562 19171
-2127 -1286 26760 -24182
-2127 -1286 9325 16432
-2127 -1286 -15568 -28475
-2127 -1286 -29048 -1416
-2127 -1286 10686 -25385
-2127 -1286 -19191 33057
-2127 -1286 2471 10314
-2127 -1286 3318 38192
-29932 24295 -31653 -5067
-29932 24295 5239 12760
-29932 24295 21107 -6782
-29932 24295 22738 -10365
-29932 24295 -37901 -30102
-29932 24295 -3763 29283
-29932 24295 32955 29703
-29932 24295 -28201 11121
-29932 24295 2695 36835
-29932 24295 6255 -4885
-29932 24295 25638 38242
-29932 24295 -22643 32615
-29932 24295 -30674 -10491
-29932 24295 -28455 -6103
-29932 24295 33583 1989
-29932 24295 -19094 4509
-29932 24295 31855 10998
-29932 24295 -23639 -2045
-29932 24295 29775 31773
-29932 24295 -27535 26564
-29932 24295 38935 -30889
-29932 24295 15561 16570
-29932 24295 11240 27509
-29932 24295 4482 -15669
-29932 24295 -27930 27397
-29932 24295 30639 38754
-29932 24295 -38833 -19103
-29932 24295 30102 6465
-29932 24295 -19742 15799
-29932 24295 -23233 11753
-29932 24295 -3308 9847
-29932 24295 -35167 -30293
-29932 24295 -10891 18874
-29932 24295 -21779 35921
-29932 24295 562 19171
-29932 24295 -21175 1113
-29932 24295 26760 -24182
-29932 24295 8391 30524
-29932 24295 -15568 -28475
-29932 24295 -19191 33057
-29932 24295 2471 10314
-29932 24295 17191 -32927
-29932 24295 3318 38192
-31653 -5067 5239 12760
-31653 -5067 -6894 9929
-31653 -5067 9549 -18882
-31653 -5067 32955 29703
-31653 -5067 25638 38242
-31653 -5067 -22643 32615
-31653 -5067 -30674 -10491
-31653 -5067 -292 13299
-31653 -5067 -2840 17236
-31653 -5067 -19094 4509
-31653 -5067 31855 10998
-31653 -5067 -23639 -2045
-31653 -5067 9414 20324
-31653 -5067 29775 31773
-31653 -5067 16440 31579
-31653 -5067 23175 -23083
-31653 -5067 15561 16570
-31653 -5067 11240 27509
-31653 -5067 -27150 -37973
-31653 -5067 4482 -15669
-31653 -5067 -27930 27397
-31653 -5067 6164 -37642
-31653 -5067 30102 6465
-31653 -5067 -23233 11753
-31653 -5067 -35303 -4461
-31653 -5067 -35167 -30293
-31653 -5067 -10891 18874
-31653 -5067 562 19171
-31653 -5067 -18189 24635
-31653 -5067 -21175 1113
-31653 -5067 26760 -24182
-31653 -5067 8391 30524
-31653 -5067 9325 16432
-31653 -5067 -29048 -1416
-31653 -5067 10686 -25385
-31653 -5067 -19191 33057
-31653 -5067 3318 38192
5239 12760 21107 -6782
5239 12760 -38436 -825
5239 12760 -6894 9929
5239 12760 -37901 -30102
5239 12760 32955 29703
5239 12760 -28201 11121
5239 12760 2695 36835
5239 12760 6255 -4885
5239 12760 25638 38242
5239 12760 -25669 19892
5239 12760 -22643 32615
5239 12760 -30674 -10491
5239 12760 -2840 17236
5239 12760 33583 1989
5239 12760 -19094 4509
5239 12760 31855 10998
5239 12760 9414 20324
5239 12760 29775 31773
5239 12760 23175 -23083
5239 12760 7649 -36472
5239 12760 15561 16570
5239 12760 -27150 -37973
5239 12760 4482 -15669
5239 12760 -27930 27397
5239 12760 -19742 15799
5239 12760 31906 -31626
5239 12760 -23233 11753
5239 12760 7206 -12221
5239 12760 -35303 -4461
5239 12760 -35167 -30293
5239 12760 -10891 18874
5239 12760 -21779 35921
5239 12760 562 19171
5239 12760 -18189 24635
5239 12760 -21175 1113
5239 12760 26760 -24182
5239 12760 8391 30524
5239 12760 -15568 -28475
5239 12760 -19191 33057
5239 12760 2471 10314
5239 12760 17191 -32927
5239 12760 3318 38192
21107 -6782 9549 -18882
21107 -6782 -3763 29283
21107 -6782 -28201 11121
21107 -6782 -25669 19892
21107 -6782 -19785 -11972
21107 -6782 -30674 -10491
21107 -6782 -292 13299
21107 -6782 33583 1989
21107 -6782 -23639 -2045
21107 -6782 29775 31773
21107 -6782 16440 31579
21107 -6782 38935 -30889
21107 -6782 -33109 20213
21107 -6782 23175 -23083
21107 -6782 -27150 -37973
21107 -6782 4482 -15669
21107 -6782 6164 -37642
21107 -6782 -38833 -19103
21107 -6782 30102 6465
21107 -6782 -19742 15799
21107 -6782 -27130 1663
21107 -6782 31906 -31626
21107 -6782 -23233 11753
21107 -6782 7206 -12221
21107 -6782 -3308 9847
21107 -6782 -35303 -4461
21107 -6782 -35167 -30293
21107 -6782 -10891 18874
21107 -6782 -21779 35921
21107 -6782 -31948 -13622
21107 -6782 562 19171
21107 -6782 -18189 24635
21107 -6782 -21175 1113
21107 -6782 8391 30524
21107 -6782 9325 16432
21107 -6782 -29048 -1416
21107 -6782 10686 -25385
21107 -6782 17191 -32927
-38436 -825 22738 -10365
-38436 -825 9549 -18882
-38436 -825 -37901 -30102
-38436 -825 32955 29703
-38436 -825 -28201 11121
-38436 -825 25638 38242
-38436 -825 -19785 -11972
-38436 -825 -30674 -10491
-38436 -825 -2840 17236
-38436 -825 -19094 4509
-38436 -825 -27535 26564
-38436 -825 16440 31579
-38436 -825 38935 -30889
-38436 -825 -33109 20213
-38436 -825 7649 -36472
-38436 -825 15561 16570
-38436 -825 4482 -15669
-38436 -825 -27930 27397
-38436 -825 6164 -37642
-38436 -825 -38833 -19103
-38436 -825 -19742 15799
-38436 -825 -27130 1663
-38436 -825 31906 -31626
-38436 -825 7206 -12221
-38436 -825 -3308 9847
-38436 -825 -35303 -4461
-38436 -825 -31948 -13622
-38436 -825 562 19171
-38436 -825 -18189 24635
-38436 -825 -21175 1113
-38436 -825 -29048 -1416
-38436 -825 10686 -25385
-38436 -825 -19191 33057
-38436 -825 17191 -32927
-38436 -825 3318 38192
-6894 9929 22738 -10365
-6894 9929 -37901 -30102
-6894 9929 32955 29703
-6894 9929 -28201 11121
-6894 9929 -25669 19892
-6894 9929 -19785 -11972
-6894 9929 -30674 -10491
-6894 9929 -292 13299
-6894 9929 -2840 17236
-6894 9929 33583 1989
-6894 9929 -19094 4509
-6894 9929 31855 10998
-6894 9929 29775 31773
-6894 9929 -27535 26564
-6894 9929 38935 -30889
-6894 9929 -33109 20213
-6894 9929 7649 -36472
-6894 9929 15561 16570
-6894 9929 -27150 -37973
-6894 9929 6164 -37642
-6894 9929 -19742 15799
-6894 9929 -27130 1663
-6894 9929 31906 -31626
-6894 9929 -14304 -3598
-6894 9929 7206 -12221
-6894 9929 -3308 9847
-6894 9929 -35167 -30293
-6894 9929 -10891 18874
-6894 9929 -21779 35921
-6894 9929 -31948 -13622
-6894 9929 562 19171
-6894 9929 -18189 24635
-6894 9929 -21175 1113
-6894 9929 26760 -24182
-6894 9929 8391 30524
-6894 9929 9325 16432
-6894 9929 -29048 -1416
-6894 9929 2471 10314
-6894 9929 17191 -32927
22738 -10365 9549 -18882
22738 -10365 -37901 -30102
22738 -10365 -3763 29283
22738 -10365 32955 29703
22738 -10365 -28201 11121
22738 -10365 6255 -4885
22738 -10365 -30674 -10491
22738 -10365 -28455 -6103
22738 -10365 33583 1989
22738 -10365 -19094 4509
22738 -10365 -23639 -2045
22738 -10365 9414 20324
22738 -10365 29775 31773
22738 -10365 16440 31579
22738 -10365 -33109 20213
22738 -10365 23175 -23083
22738 -10365 7649 -36472
22738 -10365 -27150 -37973
22738 -10365 4482 -15669
22738 -10365 -27930 27397
22738 -10365 6164 -37642
22738 -10365 30639 38754
22738 -10365 -38833 -19103
22738 -10365 30102 6465
22738 -10365 -19742 15799
22738 -10365 -27130 1663
22738 -10365 31906 -31626
22738 -10365 -14304 -3598
22738 -10365 7206 -12221
22738 -10365 -35303 -4461
22738 -10365 -35167 -30293
22738 -10365 -31948 -13622
22738 -10365 562 19171
22738 -10365 -18189 24635
22738 -10365 8391 30524
22738 -10365 9325 16432
22738 -10365 -15568 -28475
22738 -10365 -29048 -1416
22738 -10365 10686 -25385
22738 -10365 17191 -32927
22738 -10365 3318 38192
9549 -18882 -3763 29283
9549 -18882 -28201 11121
9549 -18882 2695 36835
9549 -18882 6255 -4885
9549 -18882 25638 38242
9549 -18882 -25669 19892
9549 -18882 -2840 17236
9549 -18882 -28455 -6103
9549 -18882 33583 1989
9549 -18882 31855 10998
9549 -18882 9414 20324
9549 -18882 29775 31773
9549 -18882 16440 31579
9549 -18882 38935 -30889
9549 -18882 23175 -23083
9549 -18882 7649 -36472
9549 -18882 15561 16570
9549 -18882 -27150 -37973
9549 -18882 6164 -37642
9549 -18882 30639 38754
9549 -18882 -38833 -19103
9549 -18882 30102 6465
9549 -18882 -19742 15799
9549 -18882 -23233 11753
9549 -18882 -14304 -3598
9549 -18882 -10891 18874
9549 -18882 -31948 -13622
9549 -18882 562 19171
9549 -18882 -18189 24635
9549 -18882 -21175 1113
9549 -18882 26760 -24182
9549 -18882 8391 30524
9549 -18882 9325 16432
9549 -18882 -15568 -28475
9549 -18882 2471 10314
9549 -18882 17191 -32927
9549 -18882 3318 38192
-37901 -30102 32955 29703
-37901 -30102 -28201 11121
-37901 -30102 2695 36835
-37901 -30102 6255 -4885
-37901 -30102 25638 38242
-37901 -30102 -19785 -11972
-37901 -30102 -22643 32615
-37901 -30102 -30674 -10491
-37901 -30102 -292 13299
-37901 -30102 -28455 -6103
-37901 -30102 33583 1989
-37901 -30102 -23639 -2045
-37901 -30102 9414 20324
-37901 -30102 29775 31773
-37901 -30102 -27535 26564
-37901 -30102 16440 31579
-37901 -30102 38935 -30889
-37901 -30102 -33109 20213
-37901 -30102 23175 -23083
-37901 -30102 7649 -36472
-37901 -30102 15561 16570
-37901 -30102 11240 27509
-37901 -30102 4482 -15669
-37901 -30102 -27930 27397
-37901 -30102 6164 -37642
-37901 -30102 30639 38754
-37901 -30102 30102 6465
-37901 -30102 31906 -31626
-37901 -30102 7206 -12221
-37901 -30102 -3308 9847
-37901 -30102 -35303 -4461
-37901 -30102 -31948 -13622
-37901 -30102 562 19171
-37901 -30102 26760 -24182
-37901 -30102 8391 30524
-37901 -30102 9325 16432
-37901 -30102 -15568 -28475
-37901 -30102 -29048 -1416
-37901 -30102 -19191 33057
-37901 -30102 3318 38192
-3763 29283 -28201 11121
-3763 29283 2695 36835
-3763 29283 -19785 -11972
-3763 29283 -292 13299
-3763 29283 -28455 -6103
-3763 29283 -19094 4509
-3763 29283 31855 10998
-3763 29283 29775 31773
-3763 29283 -27535 26564
-3763 29283 38935 -30889
-3763 29283 -33109 20213
-3763 29283 23175 -23083
-3763 29283 7649 -36472
-3763 29283 15561 16570
-3763 29283 -27150 -37973
-3763 29283 4482 -15669
-3763 29283 6164 -37642
-3763 29283 30639 38754
-3763 29283 -19742 15799
-3763 29283 -27130 1663
-3763 29283 31906 -31626
-3763 29283 -23233 11753
-3763 29283 -3308 9847
-3763 29283 -35303 -4461
-3763 29283 -21779 35921
-3763 29283 -31948 -13622
-3763 29283 -18189 24635
-3763 29283 -21175 1113
-3763 29283 26760 -24182
-3763 29283 8391 30524
-3763 29283 9325 16432
-3763 29283 -15568 -28475
-3763 29283 -29048 -1416
-3763 29283 2471 10314
-3763 29283 17191 -32927
32955 29703 -28201 11121
32955 29703 -25669 19892
32955 29703 -19785 -11972
32955 29703 -22643 32615
32955 29703 -30674 -10491
32955 29703 -292 13299
32955 29703 -2840 17236
32955 29703 33583 1989
32955 29703 31855 10998
32955 29703 -23639 -2045
32955 29703 9414 20324
32955 29703 29775 31773
32955 29703 -27535 26564
32955 29703 16440 31579
32955 29703 38935 -30889
32955 29703 -33109 20213
32955 29703 23175 -23083
32955 29703 15561 16570
32955 29703 11240 27509
32955 29703 -27930 27397
32955 29703 6164 -37642
32955 29703 -38833 -19103
32955 29703 30102 6465
32955 29703 31906 -31626
32955 29703 -14304 -3598
32955 29703 7206 -12221
32955 29703 -35303 -4461
32955 29703 -35167 -30293
32955 29703 -21779 35921
32955 29703 -31948 -13622
32955 29703 -21175 1113
32955 29703 26760 -24182
32955 29703 8391 30524
32955 29703 9325 16432
32955 29703 -29048 -1416
32955 29703 10686 -25385
32955 29703 2471 10314
32955 29703 17191 -32927
-28201 11121 2695 36835
-28201 11121 6255 -4885
-28201 11121 -25669 19892
-28201 11121 -19785 -11972
-28201 11121 -2840 17236
-28201 11121 -28455 -6103
-28201 11121 33583 1989
-28201 11121 31855 10998
-28201 11121 9414 20324
-28201 11121 -27535 26564
-28201 11121 -33109 20213
-28201 11121 23175 -23083
-28201 11121 7649 -36472
-28201 11121 15561 16570
-28201 11121 4482 -15669
-28201 11121 -27930 27397
-28201 11121 6164 -37642
-28201 11121 -38833 -19103
-28201 11121 30102 6465
-28201 11121 -19742 15799
-28201 11121 -27130 1663
-28201 11121 31906 -31626
-28201 11121 -23233 11753
-28201 11121 -14304 -3598
-28201 11121 7206 -12221
-28201 11121 -3308 9847
-28201 11121 -35167 -30293
-28201 11121 -10891 18874
-28201 11121 -18189 24635
-28201 11121 8391 30524
-28201 11121 9325 16432
-28201 11121 -15568 -28475
-28201 11121 -29048 -1416
-28201 11121 -19191 33057
-28201 11121 3318 38192
2695 36835 25638 38242
2695 36835 -22643 32615
2695 36835 -30674 -10491
2695 36835 -292 13299
2695 36835 -28455 -6103
2695 36835 33583 1989
2695 36835 -19094 4509
2695 36835 31855 10998
2695 36835 -23639 -2045
2695 36835 9414 20324
2695 36835 29775 31773
2695 36835 -27535 26564
2695 36835 16440 31579
2695 36835 23175 -23083
2695 36835 15561 16570
2695 36835 11240 27509
2695 36835 -27150 -37973
2695 36835 -27930 27397
2695 36835 30639 38754
2695 36835 -38833 -19103
2695 36835 -19742 15799
2695 36835 -14304 -3598
2695 36835 7206 -12221
2695 36835 -35167 -30293
2695 36835 -31948 -13622
2695 36835 562 19171
2695 36835 -18189 24635
2695 36835 -21175 1113
2695 36835 26760 -24182
2695 36835 8391 30524
2695 36835 9325 16432
2695 36835 -29048 -1416
2695 36835 -19191 33057
2695 36835 2471 10314
6255 -4885 -25669 19892
6255 -4885 -22643 32615
6255 -4885 -30674 -10491
6255 -4885 -28455 -6103
6255 -4885 33583 1989
6255 -4885 -19094 4509
6255 -4885 -23639 -2045
6255 -4885 9414 20324
6255 -4885 29775 31773
6255 -4885 -27535 26564
6255 -4885 7649 -36472
6255 -4885 15561 16570
6255 -4885 11240 27509
6255 -4885 -27150 -37973
6255 -4885 -27930 27397
6255 -4885 30639 38754
6255 -4885 -19742 15799
6255 -4885 31906 -31626
6255 -4885 -23233 11753
6255 -4885 -14304 -3598
6255 -4885 7206 -12221
6255 -4885 -3308 9847
6255 -4885 -35303 -4461
6255 -4885 -10891 18874
6255 -4885 -21779 35921
6255 -4885 -31948 -13622
6255 -4885 -21175 1113
6255 -4885 8391 30524
6255 -4885 -29048 -1416
6255 -4885 -19191 33057
6255 -4885 2471 10314
6255 -4885 3318 38192
25638 38242 -25669 19892
25638 38242 -19785 -11972
25638 38242 -2840 17236
25638 38242 -19094 4509
25638 38242 -23639 -2045
25638 38242 16440 31579
25638 38242 38935 -30889
25638 38242 15561 16570
25638 38242 11240 27509
25638 38242 -38833 -19103
25638 38242 30102 6465
25638 38242 -19742 15799
25638 38242 -27130 1663
25638 38242 -14304 -3598
25638 38242 7206 -12221
25638 38242 -3308 9847
25638 38242 -35303 -4461
25638 38242 -35167 -30293
25638 38242 -21779 35921
25638 38242 562 19171
25638 38242 -18189 24635
25638 38242 26760 -24182
25638 38242 2471 10314
25638 38242 17191 -32927
25638 38242 3318 38192
-25669 19892 -22643 32615
-25669 19892 -30674 -10491
-25669 19892 -28455 -6103
-25669 19892 33583 1989
-25669 19892 -19094 4509
-25669 19892 31855 10998
-25669 19892 -23639 -2045
-25669 19892 9414 20324
-25669 19892 -27535 26564
-25669 19892 16440 31579
-25669 19892 -33109 20213
-25669 19892 23175 -23083
-25669 19892 7649 -36472
-25669 19892 11240 27509
-25669 19892 6164 -37642
-25669 19892 30639 38754
-25669 19892 -38833 -19103
-25669 19892 -19742 15799
-25669 19892 -27130 1663
-25669 19892 31906 -31626
-25669 19892 -23233 11753
-25669 19892 -14304 -3598
-25669 19892 -31948 -13622
-25669 19892 562 19171
-25669 19892 -18189 24635
-25669 19892 -21175 1113
-25669 19892 26760 -24182
-25669 19892 8391 30524
-25669 19892 9325 16432
-25669 19892 -15568 -28475
-25669 19892 10686 -25385
-25669 19892 2471 10314
-25669 19892 3318 38192
-19785 -11972 -22643 32615
-19785 -11972 -30674 -10491
-19785 -11972 -292 13299
-19785 -11972 -28455 -6103
-19785 -11972 33583 1989
-19785 -11972 -19094 4509
-19785 -11972 31855 10998
-19785 -11972 -23639 -2045
-19785 -11972 9414 20324
-19785 -11972 -27535 26564
-19785 -11972 16440 31579
-19785 -11972 38935 -30889
-19785 -11972 -33109 20213
-19785 -11972 7649 -36472
-19785 -11972 15561 16570
-19785 -11972 6164 -37642
-19785 -11972 30639 38754
-19785 -11972 -38833 -19103
-19785 -11972 30102 6465
-19785 -11972 -27130 1663
-19785 -11972 31906 -31626
-19785 -11972 -14304 -3598
-19785 -11972 7206 -12221
-19785 -11972 -10891 18874
-19785 -11972 -21779 35921
-19785 -11972 562 19171
-19785 -11972 -21175 1113
-19785 -11972 26760 -24182
-19785 -11972 8391 30524
-19785 -11972 -29048 -1416
-19785 -11972 -19191 33057
-19785 -11972 2471 10314
-19785 -11972 17191 -32927
-19785 -11972 3318 38192
-22643 32615 -30674 -10491
-22643 32615 -292 13299
-22643 32615 -2840 17236
-22643 32615 33583 1989
-22643 32615 -19094 4509
-22643 32615 -23639 -2045
-22643 32615 9414 20324
-22643 32615 29775 31773
-22643 32615 -27535 26564
-22643 32615 16440 31579
-22643 32615 38935 -30889
-22643 32615 23175 -23083
-22643 32615 7649 -36472
-22643 32615 15561 16570
-22643 32615 11240 27509
-22643 32615 4482 -15669
-22643 32615 -27930 27397
-22643 32615 6164 -37642
-22643 32615 30639 38754
-22643 32615 -38833 -19103
-22643 32615 -19742 15799
-22643 32615 -27130 1663
-22643 32615 31906 -31626
-22643 32615 -23233 11753
-22643 32615 7206 -12221
-22643 32615 -3308 9847
-22643 32615 -35303 -4461
-22643 32615 -35167 -30293
-22643 32615 -10891 18874
-22643 32615 -21779 35921
-22643 32615 -31948 -13622
-22643 32615 562 19171
-22643 32615 -21175 1113
-22643 32615 8391 30524
-22643 32615 9325 16432
-22643 32615 -29048 -1416
-22643 32615 10686 -25385
-22643 32615 2471 10314
-30674 -10491 -292 13299
-30674 -10491 9414 20324
-30674 -10491 -27535 26564
-30674 -10491 16440 31579
-30674 -10491 -33109 20213
-30674 -10491 7649 -36472
-30674 -10491 15561 16570
-30674 -10491 11240 27509
-30674 -10491 4482 -15669
-30674 -10491 6164 -37642
-30674 -10491 30639 38754
-30674 -10491 -19742 15799
-30674 -10491 -27130 1663
-30674 -10491 -3308 9847
-30674 -10491 -35303 -4461
-30674 -10491 -35167 -30293
-30674 -10491 -10891 18874
-30674 -10491 -31948 -13622
-30674 -10491 562 19171
-30674 -10491 -18189 24635
-30674 -10491 -21175 1113
-30674 -10491 26760 -24182
-30674 -10491 9325 16432
-30674 -10491 -15568 -28475
-30674 -10491 -29048 -1416
-30674 -10491 10686 -25385
-30674 -10491 2471 10314
-30674 -10491 17191 -32927
-292 13299 -2840 17236
-292 13299 -28455 -6103
-292 13299 33583 1989
-292 13299 -23639 -2045
-292 13299 9414 20324
-292 13299 29775 31773
-292 13299 -27535 26564
-292 13299 16440 31579
-292 13299 38935 -30889
-292 13299 -27150 -37973
-292 13299 6164 -37642
-292 13299 -38833 -19103
-292 13299 30102 6465
-292 13299 31906 -31626
-292 13299 -14304 -3598
-292 13299 -35303 -4461
-292 13299 -35167 -30293
-292 13299 -31948 -13622
-292 13299 562 19171
-292 13299 8391 30524
-292 13299 -15568 -28475
-292 13299 -29048 -1416
-292 13299 -19191 33057
-2840 17236 -28455 -6103
-2840 17236 33583 1989
-2840 17236 31855 10998
-2840 17236 -23639 -2045
-2840 17236 9414 20324
-2840 17236 29775 31773
-2840 17236 -27535 26564
-2840 17236 38935 -30889
-2840 17236 -33109 20213
-2840 17236 23175 -23083
-2840 17236 7649 -36472
-2840 17236 15561 16570
-2840 17236 11240 27509
-2840 17236 4482 -15669
-2840 17236 -27930 27397
-2840 17236 6164 -37642
-2840 17236 30639 38754
-2840 17236 30102 6465
-2840 17236 -27130 1663
-2840 17236 31906 -31626
-2840 17236 -3308 9847
-2840 17236 -35303 -4461
-2840 17236 -35167 -30293
-2840 17236 -21779 35921
-2840 17236 -21175 1113
-2840 17236 26760 -24182
-2840 17236 -29048 -1416
-2840 17236 -19191 33057
-2840 17236 17191 -32927
-2840 17236 3318 38192
-28455 -6103 33583 1989
-28455 -6103 -19094 4509
-28455 -6103 31855 10998
-28455 -6103 16440 31579
-28455 -6103 -33109 20213
-28455 -6103 23175 -23083
-28455 -6103 7649 -36472
-28455 -6103 -27150 -37973
-28455 -6103 -27930 27397
-28455 -6103 -19742 15799
-28455 -6103 -27130 1663
-28455 -6103 31906 -31626
-28455 -6103 -23233 11753
-28455 -6103 -14304 -3598
-28455 -6103 -10891 18874
-28455 -6103 -21779 35921
-28455 -6103 26760 -24182
-28455 -6103 8391 30524
-28455 -6103 9325 16432
-28455 -6103 -15568 -28475
-28455 -6103 -29048 -1416
-28455 -6103 10686 -25385
-28455 -6103 2471 10314
-28455 -6103 17191 -32927
-28455 -6103 3318 38192
33583 1989 -19094 4509
33583 1989 -23639 -2045
33583 1989 9414 20324
33583 1989 29775 31773
33583 1989 16440 31579
33583 1989 38935 -30889
33583 1989 -33109 20213
33583 1989 23175 -23083
33583 1989 7649 -36472
33583 1989 11240 27509
33583 1989 -27150 -37973
33583 1989 6164 -37642
33583 1989 30639 38754
33583 1989 30102 6465
33583 1989 -27130 1663
33583 1989 31906 -31626
33583 1989 -23233 11753
33583 1989 -14304 -3598
33583 1989 7206 -12221
33583 1989 -3308 9847
33583 1989 -35303 -4461
33583 1989 -35167 -30293
33583 1989 -31948 -13622
33583 1989 562 19171
33583 1989 -18189 24635
33583 1989 26760 -24182
33583 1989 9325 16432
33583 1989 -15568 -28475
33583 1989 10686 -25385
33583 1989 -19191 33057
33583 1989 2471 10314
-19094 4509 31855 10998
-19094 4509 -23639 -2045
-19094 4509 9414 20324
-19094 4509 29775 31773
-19094 4509 -27535 26564
-19094 4509 38935 -30889
-19094 4509 15561 16570
-19094 4509 11240 27509
-19094 4509 -27150 -37973
-19094 4509 4482 -15669
-19094 4509 6164 -37642
-19094 4509 -38833 -19103
-19094 4509 30102 6465
-19094 4509 -27130 1663
-19094 4509 31906 -31626
-19094 4509 -14304 -3598
-19094 4509 -10891 18874
-19094 4509 -21779 35921
-19094 4509 -31948 -13622
-19094 4509 562 19171
-19094 4509 -18189 24635
-19094 4509 -21175 1113
-19094 4509 -29048 -1416
-19094 4509 10686 -25385
-19094 4509 -19191 33057
-19094 4509 2471 10314
31855 10998 -23639 -2045
31855 10998 9414 20324
31855 10998 29775 31773
31855 10998 -27535 26564
31855 10998 38935 -30889
31855 10998 -33109 20213
31855 10998 15561 16570
31855 10998 -27150 -37973
31855 10998 -27930 27397
31855 10998 6164 -37642
31855 10998 30639 38754
31855 10998 -38833 -19103
31855 10998 -27130 1663
31855 10998 31906 -31626
31855 10998 7206 -12221
31855 10998 -35303 -4461
31855 10998 -10891 18874
31855 10998 -31948 -13622
31855 10998 562 19171
31855 10998 -18189 24635
31855 10998 -21175 1113
31855 10998 26760 -24182
31855 10998 8391 30524
31855 10998 -15568 -28475
31855 10998 -29048 -1416
31855 10998 -19191 33057
31855 10998 17191 -32927
31855 10998 3318 38192
-23639 -2045 9414 20324
-23639 -2045 29775 31773
-23639 -2045 16440 31579
-23639 -2045 15561 16570
-23639 -2045 -27150 -37973
-23639 -2045 4482 -15669
-23639 -2045 -27930 27397
-23639 -2045 30102 6465
-23639 -2045 -27130 1663
-23639 -2045 31906 -31626
-23639 -2045 -23233 11753
-23639 -2045 -14304 -3598
-23639 -2045 -3308 9847
-23639 -2045 -21779 35921
-23639 -2045 -31948 -13622
-23639 -2045 8391 30524
-23639 -2045 9325 16432
-23639 -2045 -15568 -28475
-23639 -2045 -29048 -1416
-23639 -2045 10686 -25385
-23639 -2045 -19191 33057
-23639 -2045 17191 -32927
-23639 -2045 3318 38192
9414 20324 29775 31773
9414 20324 16440 31579
9414 20324 38935 -30889
9414 20324 23175 -23083
9414 20324 7649 -36472
9414 20324 15561 16570
9414 20324 11240 27509
9414 20324 4482 -15669
9414 20324 30639 38754
9414 20324 -38833 -19103
9414 20324 30102 6465
9414 20324 -19742 15799
9414 20324 -27130 1663
9414 20324 -23233 11753
9414 20324 -14304 -3598
9414 20324 -3308 9847
9414 20324 -35167 -30293
9414 20324 -10891 18874
9414 20324 -21779 35921
9414 20324 -31948 -13622
9414 20324 562 19171
9414 20324 -21175 1113
9414 20324 26760 -24182
9414 20324 9325 16432
9414 20324 -15568 -28475
9414 20324 -29048 -1416
9414 20324 10686 -25385
9414 20324 2471 10314
9414 20324 3318 38192
29775 31773 -27535 26564
29775 31773 16440 31579
29775 31773 38935 -30889
29775 31773 -33109 20213
29775 31773 15561 16570
29775 31773 -27150 -37973
29775 31773 4482 -15669
29775 31773 6164 -37642
29775 31773 30639 38754
29775 31773 -38833 -19103
29775 31773 -19742 15799
29775 31773 -27130 1663
29775 31773 31906 -31626
29775 31773 -23233 11753
29775 31773 -14304 -3598
29775 31773 7206 -12221
29775 31773 -3308 9847
29775 31773 -35303 -4461
29775 31773 -10891 18874
29775 31773 -31948 -13622
29775 31773 562 19171
29775 31773 -18189 24635
29775 31773 26760 -24182
29775 31773 8391 30524
29775 31773 -15568 -28475
29775 31773 -29048 -1416
29775 31773 2471 10314
29775 31773 17191 -32927
29775 31773 3318 38192
-27535 26564 16440 31579
-27535 26564 38935 -30889
-27535 26564 -33109 20213
-27535 26564 23175 -23083
-27535 26564 7649 -36472
-27535 26564 4482 -15669
-27535 26564 -27930 27397
-27535 26564 6164 -37642
-27535 26564 30639 38754
-27535 26564 -38833 -19103
-27535 26564 30102 6465
-27535 26564 -19742 15799
-27535 26564 -27130 1663
-27535 26564 -14304 -3598
-27535 26564 7206 -12221
-27535 26564 -35303 -4461
-27535 26564 -21779 35921
-27535 26564 -31948 -13622
-27535 26564 562 19171
-27535 26564 -18189 24635
-27535 26564 -21175 1113
-27535 26564 26760 -24182
-27535 26564 8391 30524
-27535 26564 9325 16432
-27535 26564 -15568 -28475
-27535 26564 -29048 -1416
-27535 26564 10686 -25385
-27535 26564 -19191 33057
-27535 26564 2471 10314
-27535 26564 17191 -32927
-27535 26564 3318 38192
16440 31579 38935 -30889
16440 31579 -33109 20213
16440 31579 15561 16570
16440 31579 11240 27509
16440 31579 6164 -37642
16440 31579 30639 38754
16440 31579 -27130 1663
16440 31579 31906 -31626
16440 31579 7206 -12221
16440 31579 -3308 9847
16440 31579 -21779 35921
16440 31579 -21175 1113
16440 31579 26760 -24182
16440 31579 8391 30524
16440 31579 9325 16432
16440 31579 -15568 -28475
16440 31579 17191 -32927
38935 -30889 -33109 20213
38935 -30889 23175 -23083
38935 -30889 15561 16570
38935 -30889 -27150 -37973
38935 -30889 4482 -15669
38935 -30889 6164 -37642
38935 -30889 30639 38754
38935 -30889 -38833 -19103
38935 -30889 30102 6465
38935 -30889 -19742 15799
38935 -30889 -27130 1663
38935 -30889 31906 -31626
38935 -30889 -23233 11753
38935 -30889 -14304 -3598
38935 -30889 7206 -12221
38935 -30889 -3308 9847
38935 -30889 -35303 -4461
38935 -30889 -10891 18874
38935 -30889 -21779 35921
38935 -30889 -31948 -13622
38935 -30889 562 19171
38935 -30889 26760 -24182
38935 -30889 8391 30524
38935 -30889 9325 16432
38935 -30889 -15568 -28475
38935 -30889 -29048 -1416
38935 -30889 10686 -25385
38935 -30889 -19191 33057
38935 -30889 17191 -32927
38935 -30889 3318 38192
-33109 20213 23175 -23083
-33109 20213 7649 -36472
-33109 20213 -27930 27397
-33109 20213 6164 -37642
-33109 20213 -38833 -19103
-33109 20213 -19742 15799
-33109 20213 31906 -31626
-33109 20213 -3308 9847
-33109 20213 -35167 -30293
-33109 20213 -21779 35921
-33109 20213 -31948 -13622
-33109 20213 562 19171
-33109 20213 -18189 24635
-33109 20213 -21175 1113
-33109 20213 9325 16432
-33109 20213 -15568 -28475
-33109 20213 2471 10314
-33109 20213 17191 -32927
-33109 20213 3318 38192
23175 -23083 7649 -36472
23175 -23083 15561 16570
23175 -23083 11240 27509
23175 -23083 -27150 -37973
23175 -23083 -27930 27397
23175 -23083 6164 -37642
23175 -23083 -38833 -19103
23175 -23083 -19742 15799
23175 -23083 -27130 1663
23175 -23083 31906 -31626
23175 -23083 -14304 -3598
23175 -23083 7206 -12221
23175 -23083 -35167 -30293
23175 -23083 -31948 -13622
23175 -23083 562 19171
23175 -23083 26760 -24182
23175 -23083 -29048 -1416
23175 -23083 10686 -25385
23175 -23083 -19191 33057
23175 -23083 2471 10314
23175 -23083 17191 -32927
7649 -36472 11240 27509
7649 -36472 -27150 -37973
7649 -36472 4482 -15669
7649 -36472 -27930 27397
7649 -36472 6164 -37642
7649 -36472 30639 38754
7649 -36472 -38833 -19103
7649 -36472 -27130 1663
7649 -36472 -14304 -3598
7649 -36472 7206 -12221
7649 -36472 -35167 -30293
7649 -36472 -10891 18874
7649 -36472 -21779 35921
7649 -36472 -31948 -13622
7649 -36472 562 19171
7649 -36472 -18189 24635
7649 -36472 8391 30524
7649 -36472 10686 -25385
7649 -36472 -19191 33057
7649 -36472 2471 10314
7649 -36472 17191 -32927
7649 -36472 3318 38192
15561 16570 -27930 27397
15561 16570 6164 -37642
15561 16570 30639 38754
15561 16570 -38833 -19103
15561 16570 -27130 1663
15561 16570 31906 -31626
15561 16570 -14304 -3598
15561 16570 7206 -12221
15561 16570 -35303 -4461
15561 16570 -35167 -30293
15561 16570 -10891 18874
15561 16570 -21779 35921
15561 16570 -31948 -13622
15561 16570 562 19171
15561 16570 -21175 1113
15561 16570 26760 -24182
15561 16570 8391 30524
15561 16570 9325 16432
15561 16570 -15568 -28475
15561 16570 -29048 -1416
15561 16570 -19191 33057
15561 16570 2471 10314
15561 16570 17191 -32927
11240 27509 -27150 -37973
11240 27509 -27930 27397
11240 27509 30639 38754
11240 27509 -19742 15799
11240 27509 31906 -31626
11240 27509 -23233 11753
11240 27509 7206 -12221
11240 27509 -35303 -4461
11240 27509 -35167 -30293
11240 27509 -10891 18874
11240 27509 -21779 35921
11240 27509 562 19171
11240 27509 -18189 24635
11240 27509 8391 30524
11240 27509 9325 16432
11240 27509 -15568 -28475
11240 27509 -29048 -1416
11240 27509 10686 -25385
11240 27509 -19191 33057
11240 27509 2471 10314
11240 27509 17191 -32927
11240 27509 3318 38192
-27150 -37973 30639 38754
-27150 -37973 -38833 -19103
-27150 -37973 30102 6465
-27150 -37973 -19742 15799
-27150 -37973 31906 -31626
-27150 -37973 7206 -12221
-27150 -37973 -3308 9847
-27150 -37973 -35303 -4461
-27150 -37973 -21779 35921
-27150 -37973 -31948 -13622
-27150 -37973 26760 -24182
-27150 -37973 8391 30524
-27150 -37973 -15568 -28475
-27150 -37973 10686 -25385
-27150 -37973 -19191 33057
-27150 -37973 2471 10314
4482 -15669 -27930 27397
4482 -15669 6164 -37642
4482 -15669 30639 38754
4482 -15669 30102 6465
4482 -15669 -27130 1663
4482 -15669 31906 -31626
4482 -15669 -23233 11753
4482 -15669 -14304 -3598
4482 -15669 -3308 9847
4482 -15669 -35303 -4461
4482 -15669 -35167 -30293
4482 -15669 -10891 18874
4482 -15669 -21779 35921
4482 -15669 -31948 -13622
4482 -15669 -18189 24635
4482 -15669 -21175 1113
4482 -15669 26760 -24182
4482 -15669 8391 30524
4482 -15669 9325 16432
4482 -15669 -15568 -28475
4482 -15669 -29048 -1416
4482 -15669 10686 -25385
4482 -15669 2471 10314
4482 -15669 17191 -32927
-27930 27397 30639 38754
-27930 27397 -38833 -19103
-27930 27397 -27130 1663
-27930 27397 31906 -31626
-27930 27397 -23233 11753
-27930 27397 -14304 -3598
-27930 27397 -3308 9847
-27930 27397 -35167 -30293
-27930 27397 -10891 18874
-27930 27397 -31948 -13622
-27930 27397 562 19171
-27930 27397 -18189 24635
-27930 27397 26760 -24182
-27930 27397 8391 30524
-27930 27397 -15568 -28475
-27930 27397 -29048 -1416
-27930 27397 10686 -25385
-27930 27397 -19191 33057
6164 -37642 30639 38754
6164 -37642 -38833 -19103
6164 -37642 30102 6465
6164 -37642 -23233 11753
6164 -37642 7206 -12221
6164 -37642 -3308 9847
6164 -37642 -35303 -4461
6164 -37642 -35167 -30293
6164 -37642 -10891 18874
6164 -37642 -21779 35921
6164 -37642 -31948 -13622
6164 -37642 562 19171
6164 -37642 -18189 24635
6164 -37642 -21175 1113
6164 -37642 8391 30524
6164 -37642 -15568 -28475
6164 -37642 -29048 -1416
6164 -37642 10686 -25385
6164 -37642 2471 10314
6164 -37642 3318 38192
30639 38754 -38833 -19103
30639 38754 30102 6465
30639 38754 -19742 15799
30639 38754 -27130 1663
30639 38754 31906 -31626
30639 38754 -23233 11753
30639 38754 -14304 -3598
30639 38754 7206 -12221
30639 38754 -3308 9847
30639 38754 -35167 -30293
30639 38754 -21779 35921
30639 38754 -31948 -13622
30639 38754 -21175 1113
30639 38754 8391 30524
30639 38754 -15568 -28475
30639 38754 -29048 -1416
30639 38754 -19191 33057
30639 38754 2471 10314
30639 38754 17191 -32927
30639 38754 3318 38192
-38833 -19103 -27130 1663
-38833 -19103 31906 -31626
-38833 -19103 -23233 11753
-38833 -19103 -14304 -3598
-38833 -19103 -35303 -4461
-38833 -19103 -35167 -30293
-38833 -19103 -10891 18874
-38833 -19103 -18189 24635
-38833 -19103 8391 30524
-38833 -19103 -15568 -28475
-38833 -19103 -29048 -1416
-38833 -19103 2471 10314
-38833 -19103 17191 -32927
30102 6465 -27130 1663
30102 6465 -23233 11753
30102 6465 -14304 -3598
30102 6465 -3308 9847
30102 6465 -35167 -30293
30102 6465 -10891 18874
30102 6465 -18189 24635
30102 6465 -21175 1113
30102 6465 8391 30524
30102 6465 2471 10314
30102 6465 17191 -32927
-19742 15799 -23233 11753
-19742 15799 -14304 -3598
-19742 15799 7206 -12221
-19742 15799 -35167 -30293
-19742 15799 -10891 18874
-19742 15799 -21779 35921
-19742 15799 -31948 -13622
-19742 15799 562 19171
-19742 15799 -18189 24635
-19742 15799 -21175 1113
-19742 15799 -15568 -28475
-19742 15799 -29048 -1416
-19742 15799 -19191 33057
-19742 15799 2471 10314
-19742 15799 17191 -32927
-27130 1663 31906 -31626
-27130 1663 -23233 11753
-27130 1663 -14304 -3598
-27130 1663 7206 -12221
-27130 1663 -35303 -4461
-27130 1663 -10891 18874
-27130 1663 -21779 35921
-27130 1663 -31948 -13622
-27130 1663 562 19171
-27130 1663 -18189 24635
-27130 1663 -21175 1113
-27130 1663 26760 -24182
-27130 1663 8391 30524
-27130 1663 -15568 -28475
-27130 1663 -29048 -1416
-27130 1663 10686 -25385
-27130 1663 -19191 33057
-27130 1663 17191 -32927
-27130 1663 3318 38192
31906 -31626 -23233 11753
31906 -31626 7206 -12221
31906 -31626 -3308 9847
31906 -31626 -21779 35921
31906 -31626 -31948 -13622
31906 -31626 562 19171
31906 -31626 -18189 24635
31906 -31626 -21175 1113
31906 -31626 8391 30524
31906 -31626 9325 16432
31906 -31626 -29048 -1416
31906 -31626 -19191 33057
31906 -31626 17191 -32927
-23233 11753 -10891 18874
-23233 11753 -31948 -13622
-23233 11753 -18189 24635
-23233 11753 -21175 1113
-23233 11753 -29048 -1416
-23233 11753 -19191 33057
-23233 11753 2471 10314
-23233 11753 17191 -32927
-23233 11753 3318 38192
-14304 -3598 -3308 9847
-14304 -3598 -35303 -4461
-14304 -3598 -35167 -30293
-14304 -3598 -10891 18874
-14304 -3598 -21779 35921
-14304 -3598 562 19171
-14304 -3598 -18189 24635
-14304 -3598 8391 30524
-14304 -3598 9325 16432
-14304 -3598 10686 -25385
7206 -12221 -35303 -4461
7206 -12221 -10891 18874
7206 -12221 -21779 35921
7206 -12221 -31948 -13622
7206 -12221 -18189 24635
7206 -12221 9325 16432
7206 -12221 -29048 -1416
7206 -12221 10686 -25385
7206 -12221 -19191 33057
7206 -12221 2471 10314
7206 -12221 17191 -32927
7206 -12221 3318 38192
-3308 9847 -35303 -4461
-3308 9847 -31948 -13622
-3308 9847 562 19171
-3308 9847 -18189 24635
-3308 9847 -21175 1113
-3308 9847 26760 -24182
-3308 9847 8391 30524
-3308 9847 9325 16432
-3308 9847 -15568 -28475
-3308 9847 -29048 -1416
-3308 9847 10686 -25385
-3308 9847 2471 10314
-3308 9847 3318 38192
-35303 -4461 -35167 -30293
-35303 -4461 -21779 35921
-35303 -4461 -31948 -13622
-35303 -4461 562 19171
-35303 -4461 -18189 24635
-35303 -4461 26760 -24182
-35303 -4461 9325 16432
-35303 -4461 -19191 33057
-35303 -4461 2471 10314
-35167 -30293 -10891 18874
-35167 -30293 -31948 -13622
-35167 -30293 562 19171
-35167 -30293 -18189 24635
-35167 -30293 26760 -24182
-35167 -30293 8391 30524
-35167 -30293 -15568 -28475
-35167 -30293 2471 10314
-35167 -30293 17191 -32927
-35167 -30293 3318 38192
-10891 18874 -21779 35921
-10891 18874 562 19171
-10891 18874 -18189 24635
-10891 18874 26760 -24182
-10891 18874 8391 30524
-10891 18874 9325 16432
-10891 18874 17191 -32927
-21779 35921 -31948 -13622
-21779 35921 -18189 24635
-21779 35921 -21175 1113
-21779 35921 8391 30524
-21779 35921 9325 16432
-21779 35921 -15568 -28475
-21779 35921 10686 -25385
-21779 35921 2471 10314
-21779 35921 17191 -32927
-21779 35921 3318 38192
-31948 -13622 562 19171
-31948 -13622 -18189 24635
-31948 -13622 -21175 1113
-31948 -13622 9325 16432
-31948 -13622 -15568 -28475
-31948 -13622 -29048 -1416
-31948 -13622 10686 -25385
-31948 -13622 2471 10314
-31948 -13622 17191 -32927
562 19171 -21175 1113
562 19171 9325 16432
562 19171 -29048 -1416
562 19171 2471 10314
562 19171 17191 -32927
-18189 24635 26760 -24182
-18189 24635 8391 30524
-18189 24635 9325 16432
-18189 24635 -29048 -1416
-18189 24635 2471 10314
-18189 24635 17191 -32927
-18189 24635 3318 38192
-21175 1113 26760 -24182
-21175 1113 8391 30524
-21175 1113 9325 16432
-21175 1113 -15568 -28475
-21175 1113 -29048 -1416
-21175 1113 10686 -25385
-21175 1113 17191 -32927
26760 -24182 8391 30524
26760 -24182 9325 16432
26760 -24182 -15568 -28475
26760 -24182 -29048 -1416
26760 -24182 2471 10314
26760 -24182 3318 38192
8391 30524 9325 16432
8391 30524 -15568 -28475
8391 30524 -29048 -1416
8391 30524 2471 10314
8391 30524 17191 -32927
8391 30524 3318 38192
9325 16432 10686 -25385
9325 16432 -19191 33057
-15568 -28475 -29048 -1416
-15568 -28475 -19191 33057
-15568 -28475 2471 10314
-15568 -28475 17191 -32927
-15568 -28475 3318 38192
-29048 -1416 10686 -25385
-29048 -1416 -19191 33057
-29048 -1416 17191 -32927
10686 -25385 -19191 33057
10686 -25385 17191 -32927
-19191 33057 2471 10314
-19191 33057 3318 38192
2471 10314 17191 -32927
2471 10314 3318 38192
