8
65
4701 4635 6569 2624 4683 6020 3140 4874 5081 9296 9271 7757 6041 6938 5106 7994 1877 6514 9464 3907 9820 1428 7629 753 4958 2409 790 1648 9564 4189 2383 1701 9709 9075 5922 4669 6694 1138 1562 1629 4614 3832 9130 3639 5198 5526 4557 825 5719 418 1059 9604 7173 8781 1187 8516 1531 1476 2378 4116 601 1827 2256 2742 7081
86
3608 9039 4257 9871 7881 394 1661 5789 6400 3033 7123 4645 5657 3988 4190 8322 6335 4059 7015 7679 8941 8219 8069 1137 5170 2464 8228 7558 5912 1028 1127 7894 6186 2573 4476 7455 8585 4026 1649 5436 7616 7014 4658 655 6088 2133 4982 4433 2923 885 2069 5816 2661 8491 3968 5436 6365 7994 2109 9014 3618 8405 8658 4877 1244 4291 8977 2621 6240 5722 2575 6856 4503 4115 980 4236 4769 4504 9460 7666 4603 1833 206 8254 6305 9056
76
620 1036 8331 8042 2693 878 1209 404 4306 2380 9465 4633 8816 3826 7819 1625 4049 4602 9946 7582 9813 5523 1141 8562 1152 6010 1493 9746 8483 125 3823 1081 4718 8253 7619 7455 2304 2617 4773 9557 9376 3207 352 4607 1663 7151 4175 7193 4354 2098 4845 6626 6545 5168 5011 7137 8432 6062 473 8556 4885 8711 4020 3741 9473 724 5827 8977 9295 2179 5015 3850 5268 435 9119 7528
57
7449 1612 9091 6778 7528 3142 5881 5339 1766 3566 744 2520 1730 3792 5560 6747 2720 449 2143 9897 5717 5835 2372 8605 2231 932 546 1677 4358 2694 5313 3636 8238 9405 3318 4674 9425 9137 9906 1673 6224 2127 1351 2931 4430 4714 8481 9332 421 9588 1474 4094 2124 7625 5752 9787 9048
95
8445 1438 3600 4488 8953 8154 1265 1783 3460 8774 7309 9684 2075 4514 1783 4705 6980 2806 5215 6036 758 2965 1994 7045 5821 8078 4699 1413 6179 4915 3705 2596 507 875 5251 1011 6359 7167 6094 1653 7431 5881 8827 1688 5188 4552 1831 8702 1660 7838 7475 3693 3601 6136 5796 5471 5324 814 7435 8234 5531 4113 3766 4313 2196 1874 9742 5614 4658 3407 7458 7629 848 3898 7235 787 3783 3201 4103 6256 9782 1854 1938 8493 3583 769 2003 90 3303 4710 6329 6760 8470 2189 7469
42
8917 2131 785 513 2073 5574 2146 1923 2686 7856 9162 4622 2588 1009 410 3410 5197 7721 7277 8386 260 4878 560 3312 2120 2015 6754 8517 9675 5065 9051 6183 8365 934 2761 4886 2963 106 4723 248 4438 7967
78
8179 3774 4173 7478 8583 7608 9799 1571 5916 2759 2230 9814 7145 4076 7255 67 4145 5393 2914 8282 3701 7372 7384 3916 819 5475 7365 6831 199 7028 551 7672 8872 7132 4036 9057 5872 3172 2613 1315 8262 111 9750 4723 3809 6091 7808 1982 3579 5361 4705 3117 445 8865 9322 9667 1788 308 6990 4295 9724 5583 2244 5391 6551 6349 7238 647 687 4 8597 4514 1595 2540 1441 9048 915 3710
19
3789 492 1181 4292 9472 4987 6737 8966 2330 5008 1290 7074 8517 7809 7843 654 8506 1741 8343
