8
20
6722 9753 6838 8908 1369 7026 9564 1132 5882 9241 2738 1337 7109 4618 3364 2391 7714 9746 7517 6187
75
8342 2489 6265 3524 498 9391 9249 6849 3738 1865 7800 306 7608 3009 7640 7275 3540 5572 5762 7589 2359 5179 7678 9661 3410 1902 4850 1360 9920 3272 457 6795 1768 3289 7192 3714 9429 1155 2183 3954 5690 2620 4464 1169 2699 9104 1546 4223 3633 9393 949 7212 8008 5152 8422 2366 4252 4867 3240 4824 9947 1192 953 3342 2313 5329 8488 5051 1583 8768 8396 4721 8589 8302 6014
95
4983 5841 1589 6256 7187 1159 8395 6991 6584 2279 6462 5761 2207 1768 1600 1897 470 233 1033 2077 8071 1343 5009 6066 7504 674 3971 1185 3025 7385 5353 1137 9412 5115 2429 9908 9974 3849 3155 62 5644 1604 1520 470 6221 951 8829 4843 2900 1609 6438 2207 7672 3124 8190 3084 6153 8992 2055 2893 8072 3066 7157 4604 7761 4067 1030 8885 1033 1392 2766 7422 2453 8718 3893 5974 7804 3303 336 100 2848 868 4207 7489 5799 3376 6015 7804 4458 9764 2670 3800 5665 4628 184
90
7155 4375 1791 4118 6168 110 4417 3626 8960 1051 5579 3225 3278 3971 970 2838 1221 9959 37 869 3395 3175 6742 4935 1206 7886 6756 6865 5182 8937 1396 9452 6617 8421 1307 9090 1479 1455 5116 3000 4894 5171 1430 6848 7258 135 4934 1683 8370 7719 639 5710 4476 6251 3164 6003 1648 1396 8120 2218 7090 5867 3612 3665 7104 2232 6935 4966 6420 3633 4494 3778 8191 191 5701 3344 4117 9545 8746 8483 9822 8750 8301 6462 3633 4877 4499 194 5935 5761
26
6997 9502 7800 7821 602 4283 592 9480 7368 2800 6809 4617 822 7379 1181 702 2825 12 3085 9617 7557 655 6848 580 9028 7211
28
144 6838 339 404 2084 9069 2186 8339 6814 1339 9905 1116 6784 1670 3440 4896 5163 4449 2063 3347 7242 180 7933 7575 4657 2147 7609 9387
66
3810 1957 9479 9505 3159 4566 3695 3607 4335 511 940 1022 4415 1671 9623 6536 8118 4409 4657 8852 8148 7880 8727 7574 9656 5571 6387 7866 819 384 6652 6932 2409 9152 23 7561 5052 8125 9400 1547 8155 1179 4692 2527 8540 411 7541 626 1586 8736 6798 9822 5263 5618 4766 672 8347 7480 9592 4734 9906 7733 4488 1590 8856 6011
40
229 8243 863 5700 995 1590 5208 7767 6402 4406 5229 2648 4241 7453 8960 6903 9112 4278 4178 3854 7903 1321 7985 8308 9607 4864 7149 5818 7859 4627 9792 7047 3837 2722 7471 8652 9754 8706 1979 9303
