50
628 
900 228 
622 337 410 
292 75 467 636 
389 586 157 462 702 
806 882 639 873 949 574 
66 591 553 362 523 851 967 
92 89 329 863 972 524 430 223 
456 618 138 912 420 136 147 835 92 
368 301 569 474 634 509 353 409 327 971 
462 280 919 610 337 194 306 760 611 900 687 
644 114 97 60 802 357 191 652 415 988 947 685 
801 384 192 254 519 151 954 82 696 138 828 713 228 
322 578 920 192 637 788 475 67 602 246 477 79 496 454 
448 9 636 957 679 42 931 708 848 298 299 465 561 136 400 
748 48 531 238 621 649 8 559 345 383 176 106 896 702 193 653 
742 153 410 396 104 183 335 747 642 86 838 245 209 279 71 832 713 
699 960 492 327 480 802 295 215 788 287 911 726 817 515 840 406 850 853 
170 905 153 143 367 596 72 886 193 518 653 880 789 740 124 318 198 577 830 
113 521 350 306 179 769 427 904 789 670 66 352 13 875 782 960 91 734 135 690 
997 592 797 277 202 751 821 232 794 848 708 713 31 291 123 263 569 622 605 575 902 
814 494 977 55 725 373 97 239 338 316 462 892 438 64 408 249 76 175 232 483 809 15 
867 762 752 85 619 303 867 700 730 538 494 622 713 407 140 479 207 214 667 565 255 107 952 
787 510 946 347 479 16 965 621 952 200 421 588 873 48 895 648 404 673 987 420 291 530 575 595 
551 554 849 221 129 305 849 576 845 579 928 565 788 675 630 266 621 3 736 646 436 608 578 359 158 
438 774 734 114 993 994 460 308 754 612 617 255 454 408 384 451 260 165 519 456 953 833 321 816 588 381 
453 196 800 859 665 174 758 741 772 382 41 886 114 753 828 120 951 52 973 288 863 577 192 709 348 701 88 
521 405 440 399 754 403 460 635 352 734 977 380 516 55 958 447 734 946 612 63 0 927 474 389 94 732 174 162 
182 24 501 572 612 695 34 857 528 605 338 483 829 446 649 175 929 732 730 874 742 641 304 738 715 797 543 608 224 
630 426 34 317 898 514 557 624 178 781 984 582 86 223 75 846 408 141 27 422 11 974 119 759 535 579 51 328 416 623 
476 422 268 203 98 188 972 388 54 810 41 425 726 960 928 76 537 791 78 799 547 891 752 227 865 913 762 186 997 193 569 
464 661 334 830 824 187 802 399 56 390 936 965 477 400 823 834 5 880 147 442 592 907 904 603 483 465 886 958 463 516 319 606 
368 200 667 230 976 876 149 269 574 574 791 44 206 823 734 675 116 988 261 945 225 58 73 66 266 705 994 264 234 277 355 843 614 
794 561 220 30 275 835 377 789 305 22 501 83 144 603 385 341 801 677 961 686 532 381 89 389 377 463 170 347 413 69 615 699 376 543 
966 50 283 440 132 345 707 153 295 76 793 599 716 602 605 897 545 327 44 641 811 570 885 950 217 515 948 510 482 212 466 960 585 771 100 
252 604 605 336 233 184 815 137 853 299 84 77 37 413 212 69 978 802 936 933 304 313 360 341 168 761 320 866 263 871 451 464 437 270 852 802 
135 490 425 993 742 307 470 662 776 123 257 695 139 407 290 529 977 842 991 395 439 921 865 35 45 716 886 119 700 7 553 520 600 288 72 947 663 
196 895 987 490 237 947 709 893 774 693 704 532 739 872 287 776 943 177 493 431 125 327 115 797 849 855 321 761 711 21 211 184 27 36 942 62 884 357 
898 228 155 609 885 688 381 844 601 389 98 516 654 919 711 45 166 497 745 492 68 521 417 412 894 956 321 809 643 639 134 501 298 84 986 229 641 361 978 
755 608 475 304 990 348 886 921 749 934 592 644 825 495 270 947 643 556 994 79 555 135 33 501 95 236 1 222 755 752 979 227 140 631 308 307 969 744 234 406 
387 336 804 937 757 209 454 69 199 210 56 249 820 320 374 667 346 203 324 643 676 442 895 16 229 340 198 18 886 55 872 194 389 888 827 160 79 6 390 562 297 
167 668 837 699 792 16 669 146 963 415 944 7 631 623 426 554 35 431 635 62 891 415 144 380 29 677 542 923 104 616 29 245 55 616 227 951 228 824 947 553 847 592 
627 58 585 221 179 805 461 184 523 669 761 942 405 510 778 637 594 93 62 229 220 16 504 178 420 617 402 201 825 512 414 908 374 756 289 29 438 115 991 164 588 691 724 
74 107 465 422 574 394 219 389 713 721 344 637 232 739 884 537 578 933 606 235 270 472 882 767 938 681 646 208 901 203 800 728 734 684 668 3 854 877 471 794 603 978 363 17 
479 823 787 684 773 733 722 337 351 346 766 659 677 935 171 729 676 942 628 91 439 201 203 819 775 546 370 795 483 9 672 51 64 299 175 57 303 980 758 44 49 153 384 220 873 
619 818 880 654 345 281 295 794 510 380 116 390 616 966 753 933 95 89 920 897 30 331 503 893 704 264 548 830 707 212 3 241 990 603 529 945 839 743 853 27 229 641 123 869 890 315 
156 474 195 437 383 349 443 390 405 862 650 996 818 41 415 931 575 345 50 579 240 770 476 395 837 586 956 881 372 837 548 730 380 885 943 610 317 947 767 950 487 945 146 400 82 829 567 
511 166 514 535 4 500 86 613 820 562 827 691 697 85 530 338 336 513 378 603 910 585 497 952 252 45 515 533 322 823 771 660 760 950 94 819 745 658 292 941 324 731 449 726 466 745 744 874 
74 129 849 321 42 540 205 544 729 119 268 565 630 145 41 627 891 120 619 286 773 931 917 143 752 150 174 795 623 880 619 443 695 134 48 880 278 935 345 710 628 652 325 796 479 618 847 758 393 
257 179 67 762 337 962 398 125 23 409 144 562 555 526 239 149 434 677 374 232 951 235 882 399 890 952 597 551 150 247 319 829 583 552 826 493 378 827 462 529 264 362 628 936 204 909 704 915 50 153 
