20
304 
902 85 
679 169 768 
61 899 615 264 
483 868 978 738 791 
842 677 328 193 864 146 
896 835 189 998 517 923 729 
918 501 505 951 783 883 925 19 
255 466 24 662 992 326 15 249 853 
659 81 659 907 857 310 806 408 597 343 
714 744 565 51 554 250 293 566 613 278 657 
535 155 739 46 456 152 696 201 566 294 61 786 
989 5 182 544 137 640 23 599 911 62 850 729 431 
476 668 828 662 376 544 512 263 124 709 325 472 296 167 
778 766 616 711 265 200 659 228 792 316 372 791 161 851 863 
991 936 179 88 266 53 975 697 298 829 467 556 848 18 683 952 
343 309 368 305 27 881 658 7 733 950 577 418 219 387 840 423 775 
142 817 673 13 430 428 380 538 488 848 763 300 34 576 720 830 140 641 
659 787 154 889 206 962 20 672 123 345 284 136 4 210 69 843 605 88 805 
524 532 282 181 360 445 902 727 745 64 519 525 78 826 689 943 411 59 247 2 
