100
19 
440 852 
297 688 244 
927 748 670 792 
55 312 844 325 856 
838 797 267 750 623 17 
954 222 20 615 285 454 161 
343 672 419 252 45 731 924 495 
281 757 51 893 969 360 517 543 692 
522 321 660 115 243 8 745 973 765 394 
808 120 874 903 529 367 664 316 34 237 42 
112 680 579 55 538 277 396 397 634 291 55 257 
192 708 494 136 640 862 124 266 277 969 560 382 259 
213 777 122 83 892 821 681 565 385 368 365 271 835 497 
329 391 687 23 827 772 718 804 538 294 798 327 115 982 820 
489 773 157 417 160 490 41 609 392 717 746 30 322 429 40 587 
20 598 27 42 17 350 917 238 353 215 356 541 707 988 661 917 505 
226 674 876 624 751 402 427 166 319 309 938 990 843 663 755 44 964 920 
589 396 261 521 369 98 897 265 81 676 383 997 733 732 235 197 126 969 102 
302 953 53 415 784 929 131 300 572 942 992 317 789 189 903 259 270 302 33 124 
698 245 877 996 332 796 593 133 343 273 679 921 619 751 902 411 577 558 668 613 557 
41 36 903 200 636 256 682 241 748 722 697 610 267 970 349 275 130 726 751 101 308 399 
922 151 247 529 181 247 273 817 305 683 92 574 773 598 768 554 107 797 893 76 317 224 58 
197 5 958 632 200 230 885 25 814 695 674 648 911 467 357 32 781 511 274 477 809 713 646 340 
665 376 656 334 739 811 69 691 860 782 144 725 403 269 724 717 71 225 177 929 340 577 447 421 218 
719 134 727 739 505 230 643 313 975 440 638 400 761 354 582 532 583 871 900 506 927 261 158 429 359 319 
793 438 203 954 609 758 346 877 801 644 308 432 558 470 620 556 32 913 118 903 406 615 776 200 955 258 571 
960 502 119 217 855 63 712 342 813 868 74 262 502 203 301 104 775 598 631 537 606 279 764 976 916 125 375 950 
879 600 7 218 818 691 860 283 565 836 951 300 331 373 714 805 878 548 553 651 617 749 29 201 934 847 742 323 185 
868 383 553 53 959 681 791 572 272 493 49 660 953 845 790 439 387 819 900 787 937 786 282 432 980 3 468 867 708 480 
669 504 553 184 696 695 368 11 227 913 548 435 492 177 42 842 956 6 286 502 342 968 449 586 105 774 647 592 998 227 195 
511 894 438 323 349 738 505 365 176 891 515 646 699 341 894 519 13 393 286 625 482 773 748 149 892 936 657 989 978 644 10 523 
618 572 79 771 790 909 79 411 394 128 82 978 909 40 251 93 57 66 898 109 776 655 897 550 236 375 71 751 111 674 984 656 743 
780 534 312 942 445 999 945 127 530 96 556 709 926 336 351 764 773 455 331 88 243 421 169 601 381 958 352 70 65 973 357 534 580 336 
190 939 91 36 116 40 920 346 352 107 460 782 614 441 918 662 686 216 360 481 22 955 731 566 627 404 160 832 54 485 21 543 617 140 54 
298 693 703 384 778 218 240 771 101 51 508 852 318 545 157 509 436 351 531 216 180 775 276 435 22 530 884 980 170 658 225 249 170 243 283 439 
515 601 211 482 576 405 860 114 603 784 387 25 707 293 102 759 210 269 113 466 471 890 766 143 464 605 124 378 307 196 921 772 512 668 506 641 547 
197 306 234 632 397 382 287 33 695 284 397 261 400 911 30 707 434 142 181 690 738 444 152 543 658 345 517 265 525 630 178 967 988 784 91 791 878 931 
116 967 799 281 753 113 35 2 839 275 491 426 999 333 862 283 450 902 882 217 462 633 42 960 411 222 560 780 66 62 343 905 558 120 270 943 726 427 116 
976 595 796 652 385 835 172 350 597 65 642 472 320 602 52 614 539 744 409 394 554 133 385 0 840 747 676 695 229 76 601 342 42 459 710 964 231 96 825 604 
624 324 575 6 721 39 840 862 244 776 872 223 375 283 394 210 604 273 88 2 287 590 37 218 369 339 988 951 751 339 714 183 452 922 726 941 1 778 677 334 917 
769 713 634 88 41 922 111 36 646 383 688 369 944 60 235 607 930 717 77 80 616 438 778 208 567 839 598 654 956 81 457 434 256 666 731 249 919 162 900 66 375 840 
950 424 984 652 625 813 450 448 42 638 748 781 662 979 366 834 834 28 680 955 142 157 5 578 336 137 615 514 99 144 938 261 454 318 582 469 827 36 388 631 87 194 295 
477 557 525 844 529 697 851 42 623 933 663 597 5 742 673 702 830 137 657 979 765 840 431 330 757 95 505 221 499 725 356 550 423 227 75 63 189 182 961 597 658 814 137 883 
453 566 940 716 526 117 434 459 383 577 164 553 437 613 194 735 326 82 651 638 709 601 781 780 947 841 903 136 514 17 864 593 462 242 257 885 82 716 925 472 38 164 569 380 348 
171 168 252 358 364 982 388 989 6 767 260 74 728 466 669 431 119 960 647 26 578 123 298 811 765 811 903 795 950 398 693 980 293 143 471 374 640 19 192 77 298 859 732 997 88 384 
326 993 542 811 485 532 256 601 282 435 330 781 494 443 560 743 678 260 541 73 933 80 200 268 121 13 279 706 906 72 945 499 957 421 545 763 932 160 917 199 889 235 883 553 352 541 462 
839 864 65 548 762 677 39 504 743 330 98 508 127 114 490 135 61 88 508 596 840 772 848 792 993 331 307 462 648 552 304 486 517 109 8 817 48 55 482 900 988 203 380 533 153 717 863 358 
958 86 214 620 100 738 308 4 632 778 818 534 200 631 504 404 489 19 593 6 836 913 59 42 585 579 351 753 589 911 937 158 509 185 518 43 292 963 265 229 445 954 859 772 885 84 701 722 68 
821 600 861 94 947 991 280 761 50 269 608 272 956 235 334 608 617 290 977 372 310 547 896 739 981 32 868 401 376 712 255 915 654 633 577 422 201 335 508 178 652 559 646 895 321 890 447 848 193 612 
267 323 624 262 741 864 105 181 254 709 913 962 487 758 340 5 944 632 608 565 72 483 680 113 39 509 918 337 288 493 184 232 973 431 196 551 532 514 911 716 991 832 10 931 723 416 990 162 283 106 935 
907 777 978 422 827 357 811 62 457 560 665 686 737 20 923 844 81 971 357 582 414 688 538 62 388 867 82 651 355 190 770 525 950 707 355 582 65 152 647 470 763 202 979 576 255 258 622 373 395 169 745 437 
492 339 238 242 443 838 190 887 712 33 828 211 777 20 164 165 267 625 811 946 916 108 361 674 301 115 632 337 183 492 714 679 92 549 108 575 666 581 772 523 873 877 433 254 734 364 781 402 262 955 12 344 901 
50 16 601 762 869 321 624 814 419 862 103 550 455 298 700 693 677 683 9 938 833 412 301 871 263 828 159 518 245 15 468 364 799 723 481 138 545 11 802 184 578 874 843 244 670 64 279 926 803 847 618 721 601 154 
211 634 545 317 163 204 788 549 457 796 517 756 673 790 302 857 746 817 890 271 365 526 618 879 616 231 686 280 484 631 878 731 736 324 438 757 612 313 562 436 307 725 581 570 897 733 524 602 511 735 611 77 276 994 638 
759 293 780 741 453 419 399 231 725 315 373 61 782 593 728 332 355 408 426 553 822 460 277 195 695 949 145 384 577 498 790 130 445 254 827 650 812 459 845 565 377 223 923 57 92 548 17 770 170 875 526 97 706 270 348 930 
501 20 169 904 209 815 734 694 649 847 67 112 236 423 724 91 448 397 194 110 269 365 879 606 965 327 282 811 239 916 847 427 591 274 306 358 507 91 888 461 737 818 415 360 632 729 697 779 808 496 833 190 71 683 128 871 151 
182 895 222 561 196 740 937 973 428 903 406 861 848 513 353 502 976 405 51 128 551 248 682 772 785 697 983 377 276 218 162 296 591 629 368 928 216 525 451 218 254 857 165 407 533 906 967 396 885 720 929 381 21 599 866 931 626 551 
610 50 500 768 795 445 740 294 735 908 515 816 368 637 170 114 541 627 375 860 383 496 665 88 994 255 988 441 583 825 568 394 596 383 923 938 411 174 895 866 741 755 174 220 824 919 893 712 573 156 849 54 390 259 929 562 828 781 999 
216 545 795 519 216 131 382 328 746 150 821 114 256 5 713 167 681 787 845 691 985 635 723 564 692 674 51 761 90 484 73 549 501 942 906 145 946 335 79 282 145 384 114 635 302 885 340 456 74 778 289 833 686 312 708 89 214 752 115 434 
834 306 109 440 397 176 968 89 568 943 226 564 397 19 642 275 966 501 840 568 193 705 722 619 508 599 238 826 606 691 640 477 893 974 420 799 752 266 408 223 369 773 778 673 843 349 232 756 295 534 381 192 379 181 694 610 470 956 441 688 817 
225 97 948 614 248 503 954 30 940 715 598 714 954 214 325 256 104 805 232 167 903 137 612 765 847 359 293 127 742 40 150 893 73 37 975 823 37 393 234 566 918 111 787 991 600 94 515 591 814 952 372 489 570 347 403 450 981 755 675 988 835 206 
306 569 45 836 625 153 30 183 876 386 656 923 923 471 697 763 133 757 359 731 96 328 319 229 709 606 304 42 897 991 135 572 156 685 887 276 135 208 604 128 105 232 669 537 926 882 996 159 780 233 992 132 126 550 968 467 319 280 17 441 344 887 298 
878 152 664 800 388 367 688 250 84 155 813 143 470 505 543 209 603 569 978 256 222 943 667 979 876 109 878 571 141 484 852 582 990 630 702 459 926 27 353 803 915 334 174 554 453 35 681 378 887 180 963 247 374 199 751 575 347 548 78 683 509 392 928 483 
55 882 735 383 910 883 132 819 444 184 644 530 91 314 177 934 66 97 193 739 919 95 100 384 425 291 515 892 179 25 35 90 986 61 17 205 871 510 857 723 213 615 849 127 246 702 790 973 32 178 671 23 755 400 429 294 954 500 681 409 579 172 550 723 277 
426 36 534 990 311 886 598 964 742 336 220 530 929 776 388 769 550 482 184 48 17 12 787 248 187 470 158 398 651 385 366 110 204 523 214 446 442 38 690 337 243 325 846 325 640 997 854 966 455 413 643 685 943 436 964 894 163 528 367 226 894 311 188 678 908 894 
575 330 835 588 778 933 439 532 391 931 267 20 128 550 818 69 101 954 201 172 498 283 32 704 101 546 14 270 168 273 713 467 20 371 678 476 953 154 411 928 385 926 614 415 904 6 744 173 903 451 536 741 576 793 805 264 672 557 207 326 392 129 183 146 887 551 343 
815 932 727 67 552 613 399 810 942 627 253 674 792 707 466 772 601 80 16 186 833 413 884 49 560 220 257 289 101 310 768 287 953 792 94 361 93 602 170 653 149 627 692 937 309 605 233 143 624 833 914 817 868 312 253 841 863 954 310 962 251 559 214 980 640 602 131 424 
914 304 160 147 239 379 188 971 562 167 235 425 986 314 387 542 256 122 559 670 44 696 151 118 387 749 612 631 916 165 209 458 638 609 769 142 661 218 928 995 904 256 655 43 132 916 444 337 869 770 697 343 139 869 780 607 323 836 172 653 934 520 226 920 664 55 641 587 569 
881 689 247 261 553 155 426 945 340 931 889 499 111 348 443 403 381 578 819 399 989 370 382 824 984 66 644 797 792 844 538 167 987 71 308 523 244 291 785 904 400 432 607 364 585 241 373 276 561 316 729 300 231 900 266 105 972 191 493 911 749 734 182 370 58 691 870 781 440 877 
272 581 778 214 867 436 150 14 225 26 481 253 514 481 462 700 843 947 944 864 343 785 584 53 173 861 251 177 696 904 130 702 902 406 793 250 214 329 688 661 684 438 1 33 892 325 850 421 677 861 49 838 228 761 595 338 307 920 71 2 12 755 441 547 480 500 687 220 733 599 627 
257 873 118 639 585 890 450 853 727 442 111 353 186 443 25 290 230 298 315 558 799 820 7 740 278 387 348 975 718 502 474 177 522 169 235 773 692 416 957 832 538 772 541 950 875 52 537 303 899 751 9 898 720 542 920 770 873 130 89 775 772 802 262 535 696 110 473 242 177 411 542 393 
717 731 661 20 737 669 491 381 507 18 532 943 993 629 271 20 152 742 817 420 65 46 84 896 230 978 461 161 713 310 650 978 900 686 421 68 186 532 743 308 694 344 966 166 636 563 137 41 80 635 417 141 736 254 897 349 480 935 400 76 297 782 163 599 318 583 19 262 350 906 433 370 73 
20 312 29 474 251 304 940 684 68 679 88 694 991 667 301 569 985 89 594 987 814 406 722 401 672 334 450 656 520 867 408 122 813 909 61 442 827 838 691 856 974 293 386 754 224 391 967 432 832 888 859 380 798 555 740 341 547 876 885 379 792 703 88 802 812 703 65 162 280 263 181 446 248 630 
613 686 412 864 402 218 196 240 300 672 62 46 449 218 160 271 936 349 2 99 699 773 815 306 312 860 746 786 78 67 310 335 131 124 991 70 141 245 179 917 349 729 424 793 222 930 121 81 189 706 24 518 312 126 796 656 672 175 206 175 297 616 683 931 89 118 500 214 834 683 833 268 446 165 850 
994 664 464 575 249 229 166 911 843 214 641 635 778 168 645 578 465 615 963 290 524 825 881 950 642 483 431 403 42 424 732 578 326 434 483 689 361 782 591 156 775 784 650 524 77 515 212 563 907 246 529 761 76 272 262 971 140 973 461 517 516 360 391 931 499 560 572 196 496 249 429 208 447 22 509 138 
750 415 635 523 877 305 323 126 269 310 109 993 703 48 692 851 822 780 93 373 850 147 937 315 22 618 774 824 464 647 55 641 574 528 389 990 980 904 115 808 524 70 446 859 426 220 817 359 520 969 599 266 544 297 407 565 505 378 177 76 794 404 475 381 128 309 138 51 382 90 468 828 334 972 341 812 414 
95 128 9 211 132 610 43 483 719 92 226 67 752 524 91 992 805 338 463 954 687 8 7 818 117 39 400 557 261 976 679 11 408 837 646 347 259 147 897 239 308 552 988 813 895 780 104 349 997 661 739 489 707 264 925 693 614 991 678 307 446 38 64 90 230 953 566 254 768 164 592 966 417 335 288 894 283 527 
923 723 385 638 911 622 852 476 673 461 406 681 505 489 148 581 209 373 874 625 303 779 123 420 486 540 896 590 450 946 206 87 38 719 793 454 591 597 730 708 930 102 865 524 410 437 490 655 348 336 463 843 217 430 243 716 649 638 238 498 301 752 17 876 378 156 431 267 528 270 193 927 839 897 402 651 559 719 890 
689 816 27 274 589 661 552 602 892 310 746 485 210 926 21 518 54 341 520 741 818 156 341 544 781 601 296 374 141 283 984 420 319 195 320 315 464 744 53 781 891 606 600 353 754 662 911 827 308 915 77 703 676 357 716 0 9 711 948 586 979 358 56 365 893 468 53 624 4 470 672 997 699 90 844 971 454 940 287 563 
243 270 861 87 606 800 361 951 659 904 782 889 613 795 666 340 293 482 455 152 534 125 961 423 259 591 820 45 978 390 39 224 822 403 15 222 338 874 227 657 899 897 216 428 147 694 790 37 631 13 390 459 565 706 575 773 990 677 555 585 3 13 565 733 804 378 673 213 933 48 112 588 472 863 42 261 559 433 235 738 145 
343 704 919 685 865 937 297 935 472 130 78 590 126 667 809 947 136 146 394 380 982 474 737 781 239 888 127 692 37 552 536 300 774 403 188 150 962 78 526 279 945 822 206 125 202 910 159 774 196 569 245 440 640 921 522 436 808 30 180 335 955 903 534 646 193 950 806 951 122 302 812 444 437 402 646 451 157 624 147 91 75 507 
769 66 455 578 405 499 90 739 139 362 295 118 933 64 893 860 657 928 698 866 48 674 364 635 401 813 896 994 465 613 690 348 940 722 425 917 525 370 384 993 547 10 916 556 601 268 379 715 886 358 764 167 103 582 885 648 224 624 374 947 239 642 790 24 950 805 825 158 290 853 736 34 109 622 551 789 951 674 24 980 50 825 143 
553 39 28 45 759 888 220 714 144 364 241 634 413 343 823 632 380 382 774 851 915 170 974 891 500 66 47 856 566 364 651 402 651 811 338 512 602 798 931 980 623 618 490 861 205 272 575 454 894 797 553 384 281 989 142 923 755 992 33 199 743 205 261 814 700 163 348 86 742 313 258 802 605 488 817 485 601 242 779 666 675 329 538 274 
409 708 287 768 265 618 450 213 390 280 563 466 406 718 918 278 155 219 308 87 488 181 999 324 243 738 891 371 513 233 451 953 911 736 108 273 297 489 502 140 911 120 658 346 688 463 39 737 275 315 193 893 115 775 469 510 984 338 986 249 511 431 340 414 431 780 567 7 963 821 689 520 978 632 178 682 379 130 728 213 964 568 459 372 374 
131 101 348 509 186 340 750 734 229 854 631 423 492 649 436 3 723 216 410 45 371 910 458 986 242 676 602 719 931 317 672 487 583 718 816 340 211 611 636 93 780 906 993 536 963 908 657 99 959 897 202 852 386 748 822 227 995 386 58 806 799 121 351 353 628 585 646 451 370 493 354 689 882 74 515 291 326 335 876 911 535 913 560 802 43 2 
486 453 664 189 585 858 526 543 909 473 978 476 642 3 465 123 457 436 839 376 976 614 809 648 518 949 858 633 919 113 229 399 798 482 201 490 971 441 857 783 368 184 94 858 459 410 744 389 526 38 718 804 693 316 804 153 793 343 742 276 613 610 422 659 265 900 766 640 611 43 227 829 213 658 294 676 772 102 559 979 251 703 61 775 689 313 1 
658 572 375 783 278 329 554 820 843 625 405 258 146 121 618 464 114 759 490 293 942 762 474 854 720 17 455 162 340 179 810 251 563 989 575 249 786 569 972 817 725 540 543 375 880 733 208 957 27 694 103 180 166 854 6 930 953 180 966 388 829 389 665 468 246 597 588 772 895 830 879 239 829 195 116 38 948 543 775 420 297 857 16 111 699 16 925 904 
21 263 645 44 218 527 252 984 401 653 999 806 480 392 996 122 463 142 776 89 776 272 204 218 607 433 185 472 808 77 58 909 744 536 223 592 652 438 19 777 366 875 431 16 645 256 897 122 862 813 570 681 738 106 812 94 356 774 176 122 644 733 631 408 842 945 393 644 694 786 910 832 641 590 142 456 289 621 236 110 142 93 458 631 89 506 418 278 790 
178 136 221 22 740 745 650 919 158 982 831 427 582 660 154 151 357 352 742 41 637 77 27 101 361 389 210 680 599 362 878 189 648 882 208 255 180 633 299 513 566 511 288 714 851 615 989 536 367 43 835 124 143 630 321 282 306 38 405 279 619 286 429 714 854 611 30 453 651 232 956 666 735 832 605 974 445 417 15 706 493 40 726 595 11 935 45 902 700 223 
845 914 566 27 812 100 133 559 137 104 927 901 834 760 572 432 456 897 38 863 590 453 995 797 714 733 262 73 192 921 760 180 422 696 506 670 356 512 146 465 812 899 882 107 590 59 107 224 838 478 712 906 207 607 464 724 940 974 654 429 909 856 289 305 209 964 353 336 345 380 847 574 606 768 963 961 8 867 693 876 287 901 484 49 860 878 763 844 242 276 948 
302 207 501 779 979 374 175 610 482 134 946 394 277 579 351 108 309 369 711 257 792 182 880 897 850 594 291 228 283 342 685 515 255 199 746 577 299 417 355 643 61 412 608 801 829 318 843 353 332 830 737 986 74 6 98 607 333 237 175 470 766 483 975 525 281 739 623 920 417 29 556 936 874 686 521 84 501 730 760 659 167 496 232 202 957 114 670 810 183 16 228 72 
343 392 876 405 31 0 771 499 549 61 960 953 858 580 500 249 953 857 668 145 434 280 672 545 247 657 748 210 74 139 276 624 947 370 152 981 631 990 337 913 57 666 100 602 824 144 655 864 759 694 367 31 457 981 605 441 859 165 103 496 472 896 490 686 333 640 503 732 300 466 796 35 555 846 687 898 946 440 818 852 254 607 968 893 903 821 753 342 432 366 913 731 102 
954 755 556 667 280 422 971 139 541 973 253 840 652 672 846 481 823 95 816 607 430 517 862 275 520 948 860 394 466 479 296 867 233 149 72 965 384 755 629 798 802 406 404 243 315 74 216 104 863 819 268 612 951 373 186 501 960 234 483 216 266 215 369 277 163 651 601 989 544 987 297 343 500 593 393 741 711 991 735 599 854 5 319 252 429 387 369 641 180 307 984 436 747 901 
812 555 673 141 964 648 326 751 533 298 234 786 567 335 277 248 411 429 265 379 899 263 670 600 365 973 186 654 40 952 915 804 723 212 810 154 781 608 587 242 857 525 35 525 232 595 884 498 832 4 294 925 490 28 777 877 132 168 473 194 615 872 101 400 276 420 271 44 136 124 243 617 404 100 486 788 888 674 43 932 280 83 642 113 614 277 583 105 376 623 51 534 25 25 636 
425 206 708 770 530 940 831 981 477 46 938 88 570 148 575 821 28 358 750 3 636 352 675 790 828 379 179 591 433 714 426 529 361 851 286 873 268 22 121 287 632 491 262 391 894 404 571 550 334 613 273 90 219 985 924 148 848 314 897 948 213 987 251 587 100 437 734 75 857 735 381 700 169 952 774 548 123 25 122 714 661 312 53 207 984 588 239 201 102 740 532 856 464 239 441 579 
911 816 34 789 522 333 553 281 885 340 562 985 822 436 451 700 115 922 987 718 885 366 290 295 515 935 177 549 150 708 220 594 152 134 201 536 546 173 117 483 426 182 990 801 225 614 453 399 67 53 501 282 175 332 9 885 375 264 84 611 363 497 335 451 908 913 95 225 287 924 353 367 432 797 657 805 862 743 566 12 269 167 8 308 860 419 108 994 382 926 754 343 526 741 687 456 142 
586 540 723 799 883 663 955 933 176 613 258 161 987 47 562 815 9 211 694 617 872 972 743 85 9 523 225 425 121 208 348 482 190 67 417 769 631 306 794 396 148 890 774 719 794 932 917 465 425 322 321 292 566 74 247 441 395 672 138 608 842 90 54 912 272 28 772 211 740 522 549 137 172 477 856 941 625 40 894 632 223 250 718 615 452 822 914 30 250 950 817 713 311 731 335 652 834 674 
316 508 470 414 350 227 104 385 548 749 47 21 879 227 644 267 146 358 618 697 784 744 969 292 948 771 444 293 26 378 374 69 765 856 327 773 792 693 844 361 108 476 733 395 592 187 428 123 1 528 418 968 922 96 841 442 274 852 896 201 814 854 217 695 159 417 505 171 404 696 20 141 58 432 415 199 117 195 750 965 852 895 511 494 613 5 160 254 677 685 11 732 628 720 551 66 519 774 747 
804 6 247 930 815 505 665 938 284 581 501 890 335 489 487 184 205 297 164 597 658 757 265 990 654 385 132 57 621 245 427 294 656 278 422 260 248 321 399 616 608 168 13 983 175 421 409 484 314 176 942 854 61 173 29 926 492 266 94 867 676 905 222 483 437 845 848 659 326 719 140 873 46 896 39 143 12 757 77 396 684 739 547 775 962 135 484 746 107 531 130 450 699 155 117 629 74 231 204 996 
