100
4 
424 273 
86 348 251 
343 949 718 330 
118 221 181 450 194 
296 31 357 599 224 429 
269 310 974 325 780 13 813 
313 368 842 37 827 578 856 716 
939 961 427 241 9 411 709 119 663 
731 183 694 129 858 209 306 89 271 295 
458 466 622 256 382 887 332 505 465 772 771 
595 724 116 469 973 498 514 440 6 640 482 158 
636 178 314 383 132 637 326 392 244 966 338 433 447 
457 368 41 56 460 878 258 766 813 379 739 394 899 209 
106 579 867 526 168 9 803 825 992 695 657 982 23 644 193 
463 812 496 5 485 13 698 518 844 443 848 919 152 668 372 73 
568 20 169 854 522 342 84 771 539 822 678 693 108 34 614 223 47 
26 189 663 705 454 221 504 44 388 700 57 225 303 74 589 919 48 823 
681 329 618 111 438 156 167 373 855 613 291 820 485 676 191 45 955 742 253 
26 381 653 30 472 135 650 212 259 103 892 331 608 382 314 880 657 546 403 21 
418 184 256 320 680 848 695 502 264 703 490 508 43 838 731 881 974 254 584 527 636 
561 619 592 424 531 514 307 640 855 960 203 982 395 737 291 335 249 105 873 183 779 634 
430 806 649 151 745 399 911 500 745 155 253 864 78 992 917 384 17 305 532 801 281 436 145 
633 537 553 448 112 415 246 52 410 627 513 154 484 959 431 149 171 35 748 595 143 322 559 783 
19 647 863 619 236 279 52 45 265 230 928 120 27 702 816 7 950 325 930 345 190 108 700 796 194 
547 801 400 489 630 6 169 122 898 709 218 72 768 776 233 300 454 588 747 356 478 701 364 984 250 344 
457 542 242 905 761 206 40 282 259 669 61 943 62 865 763 993 930 110 178 127 660 529 743 203 971 635 37 
995 722 836 678 344 329 82 918 640 3 376 50 178 14 434 30 699 808 82 77 553 538 319 411 328 298 495 906 
741 169 404 819 336 633 59 453 621 273 506 244 741 332 358 353 569 621 623 740 656 847 750 605 987 97 344 778 471 
184 930 816 418 605 544 27 193 175 538 882 370 476 855 445 743 136 748 151 123 437 450 746 93 191 104 901 581 803 667 
780 12 580 521 257 763 480 621 617 202 675 101 56 620 197 465 989 50 873 232 224 796 970 772 539 418 552 689 598 284 744 
481 201 867 55 410 247 365 438 787 420 554 974 140 906 855 104 210 458 160 622 666 638 740 331 398 148 208 306 372 792 193 745 
789 953 725 625 924 625 47 684 255 906 307 393 887 23 33 537 151 305 855 184 626 946 38 475 37 48 722 697 430 256 532 660 621 
256 533 746 577 636 404 329 262 569 396 875 600 343 102 624 583 455 884 843 586 829 616 748 975 169 631 79 369 886 212 531 459 428 208 
241 854 627 257 323 233 824 469 59 35 253 239 184 446 334 815 629 331 493 686 337 1 392 390 193 837 464 903 355 35 199 180 604 922 943 
220 398 404 753 30 805 540 47 61 679 668 224 465 751 779 803 383 391 282 573 830 1 298 127 810 223 928 264 667 14 586 617 877 713 781 854 
93 497 885 216 701 95 563 922 272 120 994 34 891 598 566 608 128 228 405 108 717 114 794 489 696 119 829 275 676 791 704 601 947 927 321 704 64 
338 872 594 516 193 549 385 566 727 577 579 899 406 555 863 64 449 356 435 127 93 538 197 856 453 619 498 322 129 656 462 125 944 274 902 699 10 361 
969 12 930 283 135 132 514 469 403 861 134 251 920 308 142 317 147 670 827 198 434 799 73 271 874 186 346 392 767 104 200 143 795 635 497 716 763 401 472 
87 800 408 983 27 900 587 497 128 613 92 81 792 700 928 947 721 210 43 927 225 4 914 59 871 672 806 317 110 557 481 296 222 998 749 420 397 885 718 314 
718 199 197 908 265 437 627 886 485 79 805 915 293 109 586 323 101 115 723 858 183 201 651 397 125 139 461 437 5 755 636 799 297 519 237 299 821 258 163 484 269 
787 166 126 532 800 700 934 880 291 996 520 554 30 674 52 785 161 803 441 802 996 110 724 347 422 186 905 962 815 295 875 359 235 905 800 848 42 567 849 720 434 552 
150 66 354 609 517 928 254 661 705 721 883 645 289 121 790 226 727 583 363 594 973 642 275 288 40 870 130 330 801 821 858 319 363 293 124 682 83 938 641 985 817 452 266 
705 518 42 346 877 587 339 981 59 507 205 954 366 730 99 225 940 926 307 222 356 152 811 46 829 70 162 4 800 446 193 680 347 340 653 250 114 671 506 535 425 809 486 466 
734 198 538 303 566 445 938 821 970 884 275 455 592 482 915 403 666 896 431 408 931 841 479 725 548 864 831 799 102 284 717 188 762 724 165 354 500 962 858 290 31 501 636 716 628 
10 839 433 276 568 972 280 781 608 83 873 812 672 996 784 621 168 82 86 304 700 677 50 703 282 203 832 420 453 653 76 744 102 527 953 743 931 708 868 198 789 42 277 734 409 827 
117 785 344 320 433 729 872 117 931 135 658 338 153 952 902 148 448 764 204 146 56 686 851 518 396 101 339 905 152 708 197 921 467 877 775 302 427 886 257 629 869 390 447 221 373 316 563 
496 55 645 131 259 77 728 877 915 234 390 251 625 314 247 428 241 187 244 187 197 509 519 527 578 616 920 772 47 520 750 696 214 445 713 877 786 578 535 587 793 355 137 140 208 447 886 105 
675 444 398 371 266 729 407 561 141 503 398 476 902 837 589 622 239 330 663 718 940 850 532 753 182 478 280 699 132 698 680 272 313 165 671 248 768 611 886 962 389 644 186 852 64 439 348 525 939 
796 302 473 761 503 979 386 777 299 984 352 247 207 340 367 95 133 915 65 857 426 682 220 144 604 470 560 780 686 326 21 151 26 400 547 521 142 543 490 589 167 799 39 652 674 957 820 734 865 899 
964 128 209 96 203 87 678 352 432 539 685 63 776 728 488 100 577 818 961 178 341 1 326 684 63 223 196 432 880 999 340 711 223 36 71 433 187 289 342 608 896 749 482 96 494 853 341 758 157 808 713 
342 4 532 931 301 659 426 180 156 511 402 487 31 286 107 640 827 91 281 51 498 412 72 647 95 555 344 663 893 423 975 645 836 893 496 285 275 373 738 218 568 832 627 431 283 144 472 791 289 710 124 751 
158 70 691 125 116 14 208 349 129 856 488 523 373 784 542 839 274 90 696 136 399 725 834 218 476 724 105 417 599 162 608 837 310 582 879 223 927 744 712 321 470 227 989 33 638 326 545 456 742 72 10 305 53 
424 670 520 366 594 912 391 891 231 975 99 177 613 157 563 452 117 47 354 178 720 609 264 235 154 336 970 855 665 968 67 873 734 191 805 332 86 67 696 633 344 387 223 556 191 881 997 78 889 92 557 192 737 88 
805 430 353 62 633 837 284 163 265 98 658 553 544 80 968 905 344 513 806 214 223 81 701 837 956 110 407 865 98 919 527 605 708 626 132 13 197 56 401 79 577 913 639 826 149 646 760 90 520 132 182 523 78 575 55 
57 663 137 903 996 473 700 712 189 754 983 168 795 347 816 415 184 371 884 184 689 28 60 974 792 83 272 10 825 972 818 995 269 961 544 339 479 792 872 424 254 589 521 342 197 164 36 886 761 715 634 845 134 184 610 960 
831 329 940 163 849 463 93 726 407 95 839 308 374 302 272 385 706 139 300 806 770 318 830 653 518 821 654 362 737 690 794 855 805 508 632 299 471 344 179 950 680 547 918 429 492 119 768 630 973 988 157 556 357 297 644 626 338 
878 477 349 954 610 571 244 933 365 338 399 837 900 533 314 864 266 947 545 970 805 708 251 679 573 606 459 2 151 571 132 667 707 554 778 991 458 576 681 173 985 734 89 791 186 103 961 905 936 259 746 903 389 93 450 422 794 60 
191 452 846 822 167 609 842 907 485 158 394 105 938 184 28 695 938 995 356 316 164 800 162 743 190 248 908 996 73 979 599 861 250 583 810 284 894 445 574 735 553 47 989 556 483 49 480 900 347 554 379 193 355 142 324 922 919 197 303 
838 977 933 876 856 471 842 248 671 391 364 574 133 688 345 215 604 749 332 787 433 713 548 574 782 154 651 49 174 781 146 839 956 545 381 178 927 51 425 271 233 640 930 758 500 207 113 975 580 675 721 363 462 495 43 853 433 255 146 319 
971 720 984 984 127 249 431 934 628 165 664 875 139 358 291 229 545 483 356 925 39 20 797 800 870 493 111 132 949 659 879 605 207 149 768 911 934 700 928 256 891 838 749 69 359 341 634 118 161 356 346 731 360 971 862 469 172 405 986 117 648 
628 788 411 6 770 142 0 261 639 33 392 216 475 615 112 820 89 492 499 60 587 2 782 194 58 330 130 258 748 638 711 436 229 442 889 928 550 448 315 28 383 806 309 724 957 149 337 10 402 575 419 112 360 813 177 972 77 595 514 183 179 371 
126 68 116 827 284 881 8 282 125 306 89 633 634 628 712 354 880 596 734 315 53 361 563 458 497 829 540 961 28 114 396 352 951 112 903 20 554 401 561 809 257 333 692 55 62 774 880 654 957 508 879 896 948 557 556 335 586 207 858 754 239 613 487 
217 932 60 965 165 101 641 478 964 667 719 219 54 831 78 389 498 367 788 379 407 562 796 822 818 180 668 556 592 862 767 3 265 63 818 102 643 4 996 301 988 499 225 55 313 915 409 550 222 153 712 195 536 16 563 709 957 855 843 286 598 910 931 751 
866 573 737 313 556 14 90 296 185 276 557 331 921 739 292 889 990 272 137 370 235 963 510 273 340 706 326 329 696 880 601 271 826 435 183 249 552 872 798 441 970 594 275 634 87 974 407 23 898 266 748 548 666 267 866 349 86 693 699 296 541 183 822 121 761 
438 649 373 800 815 181 953 457 375 210 276 169 158 472 933 534 787 930 755 458 404 176 942 246 292 285 643 234 247 656 29 640 178 572 884 341 632 503 260 107 555 121 937 382 753 943 772 785 140 266 321 377 710 890 753 598 457 575 101 899 318 921 171 687 371 60 
763 930 298 6 755 876 353 755 213 887 557 399 471 683 96 643 478 672 353 783 416 851 328 693 280 374 275 219 172 783 186 922 725 980 708 9 261 700 228 469 683 60 457 358 251 188 281 245 633 113 561 273 696 249 267 191 362 478 464 397 865 719 564 677 487 764 483 
626 18 722 718 518 271 702 292 457 352 896 841 183 172 810 896 242 114 340 746 868 705 304 806 599 735 292 222 494 553 838 92 635 555 6 126 722 997 735 308 633 579 985 399 556 263 799 314 772 482 84 684 721 620 460 637 834 416 172 63 855 980 459 848 178 655 141 582 
148 48 913 109 70 668 30 882 463 116 421 242 165 949 444 997 212 75 769 301 791 269 853 720 510 532 713 341 995 820 502 312 599 255 317 235 29 803 922 955 0 908 809 409 31 940 841 206 99 55 348 293 552 526 131 321 643 764 18 431 834 350 641 518 481 58 314 30 637 
973 962 673 326 629 103 447 803 165 630 649 763 286 998 261 389 481 936 303 499 59 376 271 702 213 56 95 293 243 751 873 42 762 105 159 732 211 837 787 4 299 466 751 87 544 568 650 812 286 272 35 837 753 805 252 712 959 221 205 403 706 143 510 844 142 423 572 249 392 86 
693 270 428 704 667 103 183 331 349 452 687 965 744 73 426 376 285 335 470 714 632 527 90 126 831 2 573 481 677 561 786 171 107 61 119 115 749 10 651 975 776 948 341 849 310 936 727 610 23 197 933 161 298 596 505 667 500 47 72 931 838 864 802 243 280 984 537 316 446 794 477 
349 79 451 69 452 500 247 45 838 210 25 722 233 569 364 317 467 829 653 692 851 785 678 382 258 319 42 372 604 584 299 747 378 14 395 63 93 190 86 893 543 590 340 737 79 862 607 867 509 12 304 408 442 208 62 676 333 215 199 744 747 555 160 851 114 948 1 381 981 438 439 408 
986 35 862 753 895 282 878 540 631 57 353 315 22 423 73 148 587 768 921 216 237 194 708 102 437 507 994 928 763 847 282 783 778 575 940 68 30 127 596 482 628 185 699 723 885 864 257 458 950 99 697 545 697 826 898 83 825 562 91 172 699 90 205 934 18 513 164 701 295 976 841 513 374 
316 715 512 732 105 304 759 423 375 945 320 967 984 930 644 954 713 387 426 290 282 920 29 837 859 719 623 354 663 900 257 469 818 927 110 80 171 912 316 439 510 860 477 159 406 266 254 704 543 821 220 110 20 255 715 535 76 658 854 206 588 668 874 651 474 720 785 405 847 118 948 193 944 724 
975 531 957 237 74 718 666 397 954 420 949 402 920 965 43 136 723 749 63 195 433 730 86 860 840 757 147 704 687 492 30 882 325 395 771 164 716 873 307 636 417 556 62 473 992 626 751 967 902 658 261 864 817 635 118 434 906 581 421 230 663 284 447 384 452 837 491 519 363 795 972 151 809 802 989 
275 297 398 827 37 512 42 22 160 422 963 735 184 869 979 712 270 834 983 96 608 417 568 768 440 391 388 976 248 45 639 495 382 50 323 814 653 355 391 722 474 979 587 447 930 936 262 461 416 636 163 429 661 122 294 512 349 218 473 974 502 172 126 707 313 18 673 136 906 374 501 145 509 158 162 791 
927 561 630 736 754 801 220 948 901 616 813 171 257 494 963 793 961 676 684 381 701 402 845 328 553 144 901 678 945 371 984 620 800 824 780 545 694 814 842 953 283 933 43 921 799 15 461 631 6 724 794 105 692 969 120 170 137 878 29 25 927 598 912 59 102 761 685 853 768 915 768 444 226 924 119 104 524 
676 664 444 32 879 616 505 897 835 859 901 274 393 923 705 366 502 49 352 501 574 842 823 909 224 872 757 235 336 864 89 168 719 389 634 105 884 613 924 936 344 471 449 179 311 902 742 53 404 370 747 446 401 461 977 286 218 305 650 109 516 630 168 313 13 278 280 443 656 626 285 599 318 705 694 587 922 690 
83 224 491 854 654 604 150 608 810 988 44 697 248 473 905 324 959 165 49 137 284 808 405 239 182 211 668 58 680 303 864 352 151 849 307 817 790 905 253 969 163 189 695 494 812 683 542 689 698 586 157 650 269 837 754 552 543 614 335 651 600 833 814 353 864 140 664 367 900 116 956 362 325 414 526 589 477 228 560 
579 138 413 546 802 712 525 161 657 673 53 193 134 148 276 544 528 398 711 130 363 327 318 232 262 583 201 195 396 674 170 723 985 722 29 511 791 14 995 758 218 99 465 516 878 30 363 256 252 770 694 814 211 936 958 275 720 638 462 848 923 77 863 10 286 654 652 600 16 400 645 298 870 109 988 530 24 762 615 168 
665 276 816 218 718 481 989 247 456 328 688 916 404 674 780 904 303 917 187 191 364 800 598 525 79 34 140 216 729 121 77 516 171 306 897 536 454 610 205 423 944 420 535 813 923 282 723 10 210 428 608 231 542 325 95 161 855 477 180 57 934 179 525 660 225 441 757 307 582 970 970 260 230 382 547 309 871 249 674 637 301 
961 710 199 222 457 65 705 402 149 727 660 467 561 956 90 340 924 550 55 473 431 122 418 268 80 936 780 982 854 370 873 274 499 801 677 733 216 303 702 433 973 592 363 297 344 335 356 908 809 580 373 324 521 746 393 93 358 470 659 398 873 269 0 469 389 196 171 780 655 626 994 100 720 453 169 290 777 536 238 800 981 167 
565 567 473 676 928 660 852 977 218 893 583 203 922 812 968 785 565 737 679 968 20 760 228 3 480 600 469 880 262 362 270 308 495 517 129 719 171 214 309 640 616 858 177 956 592 324 804 501 596 791 270 776 377 936 535 92 719 279 117 994 106 38 438 746 307 917 223 673 867 34 623 97 78 444 363 862 920 670 421 87 758 199 249 
188 369 424 736 900 573 234 30 207 968 880 105 416 929 787 962 194 402 745 931 74 9 239 33 269 881 357 769 582 157 637 439 680 317 479 323 322 70 843 627 611 80 650 581 966 140 359 456 927 661 216 500 995 155 493 579 200 371 830 860 940 777 626 109 515 366 704 429 436 842 355 339 93 719 808 287 957 129 775 395 853 594 854 560 
391 551 656 857 461 529 558 147 162 329 89 113 903 888 913 369 60 334 679 194 505 681 875 233 197 958 465 831 144 840 626 317 123 913 381 361 556 565 756 707 178 644 265 470 205 724 62 12 144 274 707 308 309 625 665 421 779 495 121 49 343 92 103 385 40 479 162 228 759 703 195 950 284 111 677 698 327 730 752 390 759 847 247 469 241 
702 702 498 94 132 227 966 184 966 324 875 4 424 271 937 885 928 248 396 104 386 81 942 576 353 160 541 30 301 639 444 254 34 37 675 893 944 373 917 220 242 976 512 749 857 225 113 781 870 692 901 687 116 811 603 770 288 67 93 394 864 518 390 326 609 86 410 960 605 300 426 591 800 914 706 886 89 978 960 238 693 401 595 935 598 658 
981 98 638 280 141 441 623 208 527 417 889 437 857 961 92 382 128 939 316 769 77 252 354 52 140 992 805 504 570 537 262 630 638 616 196 86 605 618 313 951 99 363 250 633 382 614 291 209 218 838 73 258 286 569 861 987 799 853 99 948 191 513 955 372 672 477 314 964 997 564 622 253 635 282 546 590 243 671 344 64 750 805 310 784 32 635 385 
665 295 705 887 831 771 43 856 235 246 911 84 115 747 315 808 279 163 466 202 585 730 943 835 453 102 644 400 947 304 845 386 706 422 371 429 32 284 479 86 870 816 787 51 305 527 942 341 833 991 96 64 168 661 209 842 431 381 310 990 785 626 3 395 727 236 124 240 321 906 553 714 102 363 615 23 256 684 935 52 764 789 651 905 111 872 98 200 
392 146 741 183 499 23 325 609 6 520 397 961 763 910 992 758 891 249 7 872 846 849 587 315 891 685 444 217 676 590 230 135 890 675 941 94 202 567 402 558 582 118 529 382 593 651 993 501 638 963 130 563 895 727 824 68 547 244 37 391 847 398 410 942 172 224 822 214 746 295 878 280 72 978 959 96 247 837 288 640 252 783 776 32 144 167 998 411 993 
56 836 616 314 405 190 566 765 866 179 983 800 174 40 103 551 963 817 52 783 181 909 495 32 191 61 167 824 324 173 734 725 501 524 397 395 115 806 263 172 511 673 469 976 370 83 65 176 203 366 42 962 696 423 917 460 744 469 856 697 25 623 913 579 549 996 641 13 85 213 682 56 251 230 336 116 971 629 180 164 938 441 117 16 349 800 836 284 107 442 
65 534 943 399 831 632 44 183 913 626 761 494 737 722 166 994 284 295 305 213 839 265 835 2 174 239 563 781 735 423 484 899 808 999 497 944 833 777 58 80 607 982 641 872 754 676 397 987 233 155 521 976 463 751 149 161 237 470 135 401 192 466 716 841 382 666 923 33 782 382 507 430 547 821 743 477 618 675 86 87 388 169 936 524 381 438 251 998 588 79 416 
966 528 776 356 278 28 438 226 310 495 779 528 787 53 33 63 832 432 279 683 542 66 239 810 655 616 595 735 642 471 168 402 434 948 329 256 586 869 875 672 466 55 215 289 302 25 404 422 82 9 845 194 41 820 641 277 649 765 570 951 55 370 398 591 922 305 414 21 305 994 773 16 8 910 564 50 246 687 371 605 89 802 140 423 769 795 192 467 93 481 940 643 
883 446 288 135 310 79 837 823 179 539 305 163 402 593 981 321 646 484 636 223 686 708 259 800 469 26 857 471 383 280 800 134 37 111 126 837 314 139 445 730 974 656 874 660 970 873 174 330 409 287 455 422 969 203 685 635 270 954 178 592 919 967 71 625 289 804 247 864 598 130 910 668 657 269 957 976 182 343 684 874 261 249 559 46 75 905 837 756 888 871 952 541 53 
891 263 69 629 818 542 677 906 872 468 652 45 793 917 468 912 538 227 503 531 864 645 986 593 448 212 408 717 150 309 725 694 964 688 407 281 676 745 665 554 616 448 282 968 599 363 376 819 863 142 400 978 367 90 26 754 614 123 369 573 208 319 222 548 444 235 647 770 169 672 337 794 622 555 227 86 212 133 651 242 38 288 264 129 267 336 903 709 379 292 846 308 863 470 
767 123 727 38 793 365 936 808 64 839 210 431 927 722 22 89 626 172 173 968 29 769 51 495 928 602 360 642 360 455 860 216 106 327 735 627 526 152 921 92 334 219 369 473 545 749 156 541 381 827 909 297 815 807 3 362 803 316 58 427 137 66 410 881 516 828 576 199 610 145 818 834 996 940 477 462 354 433 942 735 180 892 6 79 979 702 707 678 346 584 108 638 364 519 130 
775 778 671 84 454 317 758 121 64 74 114 341 496 186 881 205 277 560 313 18 212 861 297 153 73 70 574 924 116 356 162 309 59 936 225 555 916 679 668 75 786 520 131 177 267 197 789 469 150 791 642 764 992 221 356 670 788 539 835 631 197 219 747 400 493 77 476 660 741 356 70 735 116 479 6 342 96 821 155 860 456 883 603 502 895 9 81 286 927 177 584 167 726 296 544 7 
160 851 413 707 675 400 470 5 320 300 25 904 324 377 772 180 205 717 232 318 779 368 580 624 249 632 107 398 732 636 684 107 95 53 282 559 320 715 479 591 646 628 1 184 788 217 375 605 905 936 797 300 153 695 261 21 11 80 256 420 558 114 381 86 265 788 574 771 680 668 245 352 41 761 782 916 736 884 524 17 496 98 26 123 750 885 909 534 651 382 181 181 620 209 909 128 849 
125 721 687 271 611 989 982 73 168 945 317 560 120 318 898 188 95 652 203 265 9 335 581 842 496 841 823 381 919 563 869 411 728 189 748 371 807 382 655 732 826 491 183 637 556 953 486 238 347 55 114 738 403 166 334 428 726 880 425 937 603 123 822 394 980 634 827 543 743 733 17 462 862 844 66 558 356 54 167 926 377 280 543 847 152 572 904 172 816 342 520 827 719 343 68 672 880 459 
778 118 53 828 801 873 185 982 359 653 817 207 647 382 458 537 828 710 87 516 763 875 865 197 892 775 984 537 777 39 798 786 211 633 773 994 621 727 566 62 775 60 515 782 430 508 49 870 599 21 584 808 230 735 479 326 346 151 460 961 198 414 196 471 708 686 204 275 959 587 223 519 360 175 781 543 646 800 173 405 685 750 876 252 819 493 531 482 260 724 886 72 430 496 583 768 231 552 412 
966 853 663 24 642 715 919 724 316 700 572 938 690 740 581 46 744 191 709 858 707 350 587 968 790 72 625 674 962 334 646 572 435 816 728 834 559 281 39 227 665 261 459 922 377 542 538 72 409 720 514 729 108 803 206 173 560 434 43 454 350 246 491 516 617 631 524 809 298 660 52 590 323 993 463 475 158 150 705 978 788 283 605 932 843 902 610 377 856 439 272 926 871 991 787 190 693 877 453 341 
