50
191 
12 152 
552 8 530 
314 710 816 481 
77 321 485 720 30 
76 77 552 607 600 928 
53 738 321 266 904 489 850 
749 420 803 360 566 140 740 81 
9 804 930 479 551 387 859 27 534 
203 256 346 713 722 360 89 899 162 154 
561 846 619 845 621 466 980 156 70 411 930 
138 246 943 982 65 215 681 882 304 772 188 671 
66 874 14 238 233 193 905 241 586 804 87 162 407 
854 676 10 634 611 356 686 134 412 583 719 120 400 476 
942 621 814 242 675 4 292 931 332 765 586 566 530 788 524 
739 611 977 767 63 274 659 313 45 742 975 952 55 115 951 933 
258 961 7 315 155 297 606 43 254 406 162 414 892 196 506 835 128 
281 484 754 904 714 409 870 958 360 967 833 372 87 887 19 599 113 271 
101 99 704 988 489 831 162 255 117 164 740 370 373 938 992 934 240 835 115 
570 997 884 943 624 171 384 541 450 390 934 141 971 939 487 500 436 600 474 322 
354 22 905 484 985 336 973 589 102 757 645 242 623 770 400 969 34 619 127 880 595 
536 473 89 12 141 125 874 157 590 160 180 584 48 221 389 602 332 536 57 530 965 211 
820 216 553 293 140 354 178 712 525 695 548 268 599 637 405 305 393 500 763 257 675 511 530 
500 570 478 854 882 960 634 512 150 393 584 658 281 663 352 471 417 848 145 793 952 851 762 860 
670 860 819 81 727 578 960 811 646 179 757 247 212 937 327 265 365 586 752 235 269 451 113 935 51 
264 780 57 148 152 370 185 677 61 937 144 478 672 882 718 923 884 89 801 524 921 980 606 766 453 939 
675 897 264 725 50 990 872 209 239 508 841 291 66 885 110 599 701 19 542 363 614 783 298 43 569 945 459 
983 929 130 552 34 374 151 827 412 680 745 877 192 992 434 422 827 682 527 243 315 581 542 867 466 691 214 147 
253 448 967 7 217 675 452 797 429 633 857 563 515 99 864 592 610 89 969 688 304 674 94 323 733 547 411 191 770 
951 842 554 222 996 17 636 831 596 814 379 270 260 462 58 182 658 784 777 435 295 980 274 430 37 730 862 449 546 784 
964 826 826 649 853 643 324 708 850 788 182 313 580 873 647 284 214 257 940 591 841 716 926 955 244 461 181 336 530 663 320 
3 214 594 839 628 356 304 207 143 567 832 309 624 255 26 146 521 470 321 774 301 411 901 879 868 203 286 946 144 232 596 680 
190 209 666 64 354 665 589 693 862 834 631 182 218 268 778 940 246 951 481 754 409 273 688 924 533 47 427 580 890 373 204 178 456 
169 110 32 340 888 637 55 50 534 456 156 281 382 543 358 497 596 370 150 519 727 112 264 396 639 354 647 447 236 266 889 7 91 167 
650 355 795 415 200 842 125 861 413 268 958 535 357 604 978 732 742 581 304 160 583 351 340 224 954 425 50 318 33 964 976 172 31 365 63 
991 838 722 557 83 281 366 445 56 274 236 769 419 31 302 932 510 365 421 935 304 271 368 572 313 227 1 529 762 440 22 253 6 859 783 842 
328 103 2 571 685 222 606 814 783 235 911 581 533 274 778 478 616 396 323 492 854 662 424 699 906 122 356 968 372 773 363 247 961 591 678 517 501 
694 182 459 20 620 885 173 737 235 7 215 744 741 439 898 111 947 249 578 577 9 475 130 685 996 163 648 15 345 912 621 354 895 749 879 698 46 834 
967 244 532 844 896 577 658 784 24 368 997 909 177 695 921 56 164 969 178 35 158 910 544 849 147 827 151 445 759 320 87 581 25 589 729 919 104 921 745 
243 695 346 315 537 820 808 402 827 234 724 965 433 509 444 274 821 162 638 256 328 425 444 403 223 211 711 763 148 363 272 977 317 143 871 243 25 575 649 309 
869 176 580 472 821 891 501 77 397 311 916 714 9 145 672 390 845 818 870 478 209 213 100 175 796 606 788 965 637 311 846 733 553 303 880 64 451 518 984 945 747 
173 368 884 613 810 40 277 193 178 836 889 284 994 494 815 848 112 558 855 186 469 522 459 328 863 675 410 242 273 138 619 554 814 29 15 700 269 410 263 987 101 280 
694 507 158 657 810 510 63 804 627 814 472 897 379 341 154 200 441 612 938 559 379 511 828 650 871 960 790 22 843 404 720 495 344 513 901 433 405 82 724 732 714 876 264 
817 310 304 374 23 573 147 153 74 677 760 207 803 302 7 496 614 629 372 982 683 811 990 241 629 340 865 803 236 659 530 438 376 721 744 949 829 256 419 206 643 211 480 761 
5 367 85 880 571 843 674 693 880 565 19 744 396 891 744 286 358 429 339 367 513 614 337 467 760 554 896 781 12 765 956 366 164 891 360 997 109 494 402 866 164 499 739 17 633 
898 141 842 862 629 728 926 58 260 486 222 518 147 926 575 113 463 463 418 323 187 751 204 758 759 630 524 588 423 964 347 397 926 280 239 185 270 639 727 635 843 801 854 998 663 894 
86 973 913 823 483 847 99 229 936 330 210 299 587 427 646 283 381 81 938 486 614 756 242 694 46 850 93 614 336 599 181 204 883 605 470 339 599 71 782 93 814 879 217 388 540 636 150 
514 446 824 730 52 868 767 305 427 197 356 488 647 701 899 553 180 997 741 133 930 497 171 746 330 924 52 636 788 380 919 181 227 296 897 604 324 381 211 405 592 547 936 595 170 106 319 673 
313 150 478 4 882 519 238 729 664 144 128 879 413 312 520 700 140 890 759 758 24 693 173 263 932 783 150 345 39 476 867 932 179 225 314 597 554 151 768 386 177 981 2 823 440 169 946 241 233 
601 296 722 985 522 743 433 680 674 215 59 103 972 228 700 879 724 552 736 510 657 163 539 534 647 0 710 893 136 785 908 575 41 375 131 859 6 798 672 234 201 560 308 71 556 48 44 976 373 33 
