1000
0
0
0
2
2
2
2
6
4
2
8
8
4
12
1
5
14
6
14
2
1
7
22
10
18
0
11
13
8
14
25
17
10
3
4
33
9
17
17
5
9
0
19
29
1
20
44
33
11
25
37
45
41
2
42
40
12
30
4
46
46
30
54
47
25
37
54
14
41
63
68
62
58
61
16
34
12
72
40
2
8
42
5
5
3
32
70
78
27
66
74
64
32
16
2
5
28
42
81
32
80
82
45
90
65
57
3
94
45
78
13
80
60
58
15
4
82
76
71
66
11
22
60
113
103
122
105
124
106
117
55
45
105
19
46
128
44
11
44
90
86
18
90
19
58
27
37
88
126
84
118
77
135
140
82
78
103
23
145
29
119
99
35
119
141
146
0
42
165
4
88
10
66
103
35
2
73
66
66
22
55
105
8
111
58
116
119
159
46
40
168
173
147
98
194
3
42
84
37
142
160
48
153
70
198
2
96
55
121
42
62
98
172
51
149
88
117
2
171
208
122
37
81
119
3
182
39
129
182
174
65
189
79
44
155
170
216
207
217
24
62
71
217
112
11
171
189
8
122
148
60
36
238
236
86
66
168
178
223
37
166
222
75
207
120
239
199
241
206
31
182
254
93
147
133
168
7
110
68
166
256
278
116
121
254
244
113
245
214
253
229
254
251
53
123
36
160
207
246
188
212
221
259
273
274
145
122
149
247
170
138
123
290
204
84
165
216
178
160
185
297
130
152
258
129
60
149
252
115
315
166
75
95
235
123
40
74
206
237
76
129
218
10
231
340
73
254
129
344
227
102
214
273
146
256
131
163
211
282
134
177
143
322
42
283
350
244
77
91
339
226
146
326
58
373
306
138
248
147
180
377
17
317
148
366
49
18
274
15
53
121
284
323
314
16
89
348
301
169
134
273
349
296
324
12
91
372
228
126
216
149
360
343
325
318
411
21
351
328
198
248
103
88
180
335
271
24
287
28
332
27
92
9
312
228
85
406
306
6
388
229
405
312
131
410
252
255
338
8
231
99
145
247
271
41
438
178
374
205
417
287
449
41
439
7
432
170
436
189
440
57
355
45
97
125
207
125
230
223
226
341
252
129
161
142
467
99
12
158
278
433
136
367
7
37
286
252
166
447
164
26
263
411
426
345
23
47
186
351
110
396
371
419
376
463
392
47
348
42
333
372
460
172
313
455
329
259
283
418
35
327
254
60
393
21
302
236
178
352
316
271
174
23
301
63
140
157
116
316
339
443
392
401
458
75
331
204
546
316
404
136
181
364
298
363
102
427
378
239
315
194
519
506
529
386
440
318
445
112
494
99
257
366
14
164
534
62
321
272
257
542
450
191
185
235
80
440
398
477
245
404
64
533
409
479
123
63
571
7
297
126
405
45
153
239
207
306
110
391
230
596
360
12
141
281
62
109
359
419
489
224
30
515
81
575
340
579
593
370
352
579
595
244
219
207
643
116
83
50
240
157
371
270
471
196
397
374
564
106
461
235
630
502
366
627
88
75
90
464
536
246
301
387
442
13
610
22
543
15
409
289
514
36
464
66
627
341
585
240
88
417
388
412
82
54
53
546
517
215
252
253
536
186
363
387
662
427
511
502
502
113
275
433
96
571
129
557
649
141
218
79
534
611
409
499
704
202
59
414
390
495
625
500
242
357
289
184
104
53
242
522
285
334
175
176
666
107
26
92
727
26
120
725
391
86
327
111
102
646
367
427
455
520
655
59
473
1
473
759
602
421
643
215
612
258
310
704
486
493
686
182
200
375
315
503
444
605
480
759
700
687
691
556
560
350
64
646
320
203
25
136
263
7
577
527
550
374
0
685
563
668
346
448
191
140
795
98
767
390
391
411
605
779
557
808
117
269
257
542
717
443
810
635
188
95
669
700
748
37
764
147
408
579
214
838
264
309
416
305
339
80
195
651
370
291
590
415
409
743
150
530
332
259
724
826
317
435
504
365
576
530
52
415
750
289
482
547
150
61
257
64
419
382
653
869
594
783
470
133
629
357
735
616
52
408
863
171
649
0
443
842
839
453
782
772
123
721
878
565
298
457
327
469
39
416
29
106
492
669
509
567
498
263
195
391
802
125
819
333
748
66
197
767
120
15
643
475
174
834
677
383
806
920
698
217
177
843
506
453
442
378
178
105
790
857
764
147
544
336
311
924
227
112
189
35
597
866
171
948
813
153
152
190
183
641
498
82
813
764
230
243
462
115
622
78
241
801
132
592
291
911
788
181
33
254
106
501
946
960
190
