512
0
1
0
3
4
1
2
0
0
1
4
4
6
2
14
4
5
2
17
12
0
15
11
13
23
6
15
7
12
24
11
11
0
4
15
0
14
5
14
4
33
20
31
34
36
35
22
34
24
5
29
24
20
2
47
0
12
34
44
57
19
54
25
17
11
60
66
65
49
38
31
25
19
37
16
58
13
70
13
18
12
27
22
8
29
31
52
8
34
26
26
65
65
53
14
29
64
80
81
13
3
38
43
78
96
26
59
76
51
104
14
45
81
8
20
3
2
34
111
101
82
61
109
35
87
120
110
121
35
27
28
30
72
58
98
125
31
13
96
7
140
116
76
10
62
99
113
54
119
63
137
71
17
119
64
62
100
141
90
75
98
11
15
14
142
133
123
20
153
52
7
156
72
29
58
163
124
1
118
57
114
63
103
61
11
13
35
39
71
34
164
188
140
15
148
45
1
55
70
196
52
186
125
87
90
69
179
206
83
120
85
124
184
57
8
121
104
108
183
214
95
214
57
20
201
170
209
69
95
89
127
4
84
70
28
196
147
206
2
228
54
83
148
50
101
219
183
169
77
0
231
139
24
246
103
26
152
42
19
53
3
58
183
246
114
257
80
63
113
126
239
77
268
223
56
153
162
140
238
278
257
43
208
33
101
139
40
88
20
52
112
256
268
175
246
168
84
233
164
27
187
65
210
97
16
96
149
167
69
193
140
31
95
64
251
250
314
250
305
276
47
91
74
11
212
262
25
156
16
142
116
38
306
21
67
24
312
237
145
313
107
104
180
310
45
226
251
0
249
333
213
311
345
77
304
134
43
33
298
328
82
15
349
118
177
78
229
329
114
45
64
195
254
36
188
185
297
352
76
112
295
130
344
169
332
371
84
365
75
283
66
348
251
67
128
240
205
150
391
254
172
52
340
401
96
238
343
177
142
337
204
266
4
130
345
145
187
7
75
55
216
301
214
202
359
7
324
72
395
113
275
205
56
198
276
178
257
208
307
350
35
417
48
338
325
90
421
217
214
308
385
70
318
425
171
184
318
405
301
305
127
80
264
286
450
206
100
203
243
415
285
80
52
414
326
339
180
222
372
263
197
215
282
84
9
480
75
360
97
59
281
117
134
474
434
443
117
97
88
180
77
51
490
407
202
321
61
34
76
421
28
164
