1000
0
1
1
0
1
0
3
4
3
8
1
8
8
5
11
7
5
16
12
4
13
4
4
14
2
8
1
14
13
15
12
31
27
1
21
10
21
25
8
3
28
38
7
32
3
16
6
41
45
1
37
20
28
8
5
50
55
47
0
49
30
8
31
3
11
5
44
59
22
65
32
47
8
28
52
62
7
57
60
74
50
51
28
64
1
31
21
15
72
44
5
62
6
18
79
26
87
94
44
0
20
5
22
22
21
38
24
68
0
33
55
49
39
13
70
19
8
97
61
3
107
116
5
60
55
30
90
11
95
115
70
27
15
24
53
122
33
108
45
111
124
108
103
6
23
111
44
109
24
57
106
40
27
136
36
115
124
55
142
158
92
141
131
6
93
29
30
138
160
27
66
12
120
105
131
33
73
108
113
10
145
67
0
180
156
151
156
107
17
182
145
155
76
67
59
175
76
86
116
45
94
196
195
25
191
156
98
154
79
152
63
78
21
131
151
97
166
197
90
152
142
48
162
10
105
9
72
148
154
144
72
133
44
24
61
48
197
8
53
57
59
94
90
53
243
139
177
14
204
195
79
234
45
114
13
243
226
63
31
139
167
30
37
57
227
146
58
248
143
226
59
54
155
31
152
143
193
274
81
171
24
106
191
69
158
128
56
30
10
68
236
198
44
169
24
241
243
296
251
228
176
49
89
217
167
286
260
132
66
94
65
248
48
219
306
130
307
205
117
275
280
146
203
252
182
320
152
269
45
282
271
94
299
262
121
218
267
124
217
261
133
167
311
293
55
243
289
131
61
48
46
218
330
214
208
172
169
350
333
69
96
229
183
117
233
205
16
257
26
301
104
180
359
330
116
282
221
331
84
341
298
330
88
124
364
373
74
184
350
186
307
201
296
131
105
133
142
145
252
279
56
88
196
302
44
15
335
391
285
36
76
373
388
376
233
191
218
306
381
403
376
385
156
89
184
61
160
290
227
390
333
418
336
133
119
212
404
269
319
44
41
362
45
441
45
437
205
109
144
14
0
341
142
8
148
261
162
110
171
220
453
319
196
28
143
38
387
228
77
465
260
25
284
62
315
435
205
266
241
12
24
115
88
78
346
463
368
413
321
433
327
411
214
388
173
283
326
476
458
16
344
327
423
103
200
370
139
477
65
83
130
294
419
24
184
407
111
425
398
90
271
105
507
387
60
41
107
105
243
184
32
487
76
250
271
524
482
379
80
305
3
331
226
449
183
255
360
498
446
495
161
170
234
430
23
336
113
62
240
540
553
171
297
200
540
456
361
505
188
453
83
162
139
120
369
487
84
387
1
568
377
202
293
223
494
385
399
235
140
584
344
174
401
496
497
521
162
8
265
183
254
319
557
296
477
116
451
511
39
548
376
177
292
47
126
359
350
606
226
74
437
393
8
150
538
215
209
253
257
272
259
564
223
496
541
438
543
526
562
624
350
95
308
366
258
117
13
572
46
632
285
138
414
295
618
188
529
418
234
364
501
635
442
298
132
188
116
458
630
563
143
100
156
219
105
581
447
355
500
260
612
421
92
124
449
379
383
408
249
383
487
450
122
362
615
624
47
282
253
107
120
161
590
450
493
672
330
132
232
401
350
169
524
462
244
338
86
593
197
65
452
635
311
151
253
58
467
309
200
328
554
173
203
560
531
466
67
568
171
473
78
694
253
634
385
548
145
290
83
384
607
482
662
510
191
187
643
296
393
3
502
181
120
745
734
91
460
732
397
92
471
86
145
613
648
735
421
509
562
338
772
577
101
160
186
520
378
566
59
625
669
529
23
755
786
337
517
148
68
520
594
300
125
329
437
55
221
255
172
388
803
636
76
367
131
36
626
489
605
384
476
760
330
15
657
749
621
290
338
450
57
767
832
319
489
316
614
699
166
68
86
139
7
679
64
387
299
262
648
812
286
494
823
769
489
325
710
228
319
156
360
689
318
743
814
728
679
366
563
748
657
341
520
335
655
91
2
109
86
318
565
325
635
294
649
89
260
595
874
344
576
840
552
273
359
361
281
516
557
535
532
17
481
170
332
788
146
444
426
898
4
517
194
691
102
737
27
761
22
561
82
662
863
732
100
563
552
270
151
494
360
647
176
601
769
828
267
179
91
782
23
676
453
289
301
306
809
860
599
274
367
599
711
794
296
58
846
768
532
284
871
207
329
542
502
319
462
457
553
31
854
961
138
29
410
651
569
721
905
542
491
39
503
341
367
499
74
304
53
284
83
476
23
646
787
516
123
455
211
898
