256
0
1
1
3
4
1
1
5
5
3
6
0
0
6
10
2
13
6
2
13
17
5
11
12
19
4
11
21
12
2
12
23
6
32
8
34
21
23
12
37
39
11
14
36
23
24
1
10
3
27
21
36
11
50
34
54
34
24
53
13
20
6
19
30
12
18
26
62
14
18
30
3
30
61
48
42
18
14
63
41
18
35
0
27
56
33
28
58
69
16
38
52
30
87
44
0
60
66
17
59
87
72
65
30
66
105
94
39
103
66
60
40
7
54
77
43
113
6
41
71
56
78
91
9
13
84
2
102
102
70
3
32
45
91
8
119
54
133
111
43
72
124
28
95
100
5
22
147
65
137
17
38
33
102
92
17
120
131
38
152
104
43
67
54
26
137
49
78
127
77
119
45
95
126
117
85
174
88
133
104
83
59
24
110
51
92
101
103
125
165
183
157
12
157
50
148
57
24
91
146
9
177
139
21
22
189
52
163
43
97
108
50
168
171
167
208
40
168
139
68
109
158
174
189
71
105
38
155
57
35
181
164
39
115
230
72
35
5
165
160
41
170
242
48
141
3
25
75
198
73
132
35
2
125
65
65
