5000 33428
73
857
502
826
923
653
168
396
353
874
786
409
358
592
311
725
432
957
757
321
629
703
394
979
679
11
918
170
941
245
790
98
588
412
655
488
277
482
670
745
29
406
771
647
925
813
814
363
460
534
391
566
397
277
760
305
155
489
487
877
622
636
117
411
410
688
795
385
152
460
39
235
768
335
171
890
707
912
286
105
17
388
441
523
603
938
819
375
857
58
745
473
264
232
45
700
249
916
518
80
13
335
674
554
209
386
742
786
940
44
360
320
440
247
402
383
361
361
366
15
713
502
825
748
614
851
575
32
816
776
261
773
544
629
265
745
23
713
834
731
730
543
213
667
885
245
629
694
298
493
977
349
353
309
371
923
755
634
901
199
934
549
509
276
595
219
476
769
969
866
795
379
336
171
542
18
705
119
216
151
504
739
140
320
639
879
502
972
737
144
358
500
497
161
587
885
618
20
659
300
668
606
702
977
593
45
978
495
26
917
246
64
272
206
833
491
996
603
524
997
228
82
532
944
777
732
915
395
854
212
89
652
81
213
119
865
392
584
819
173
174
478
21
926
194
35
783
512
620
249
371
476
845
971
271
966
228
863
459
870
76
143
469
154
533
549
12
210
775
327
971
92
437
58
258
894
10
228
201
897
216
490
272
86
984
318
728
662
480
872
990
2
28
97
80
577
384
903
576
993
929
111
976
104
21
344
273
816
4
837
430
798
613
540
432
481
816
672
328
579
365
704
378
558
379
717
388
450
440
259
522
324
857
747
917
57
4
890
791
128
480
867
720
667
676
680
23
219
302
180
888
934
834
815
59
927
546
752
648
175
716
801
285
817
529
912
873
801
147
853
865
236
891
209
399
112
993
157
73
90
103
558
368
314
860
883
351
252
629
540
221
313
474
935
990
733
741
696
31
618
399
787
363
570
503
811
827
744
573
427
909
155
924
481
201
127
547
950
849
1
879
742
829
450
930
63
475
230
623
696
53
926
631
243
290
208
71
204
54
964
141
217
614
821
401
66
323
704
982
70
263
869
681
913
936
997
283
782
295
291
625
91
766
326
482
508
212
91
309
888
361
773
985
440
585
476
672
693
489
766
651
836
685
381
152
169
319
178
602
231
984
329
703
310
642
21
262
382
916
682
189
883
300
447
119
552
995
207
788
836
409
44
561
799
313
751
429
803
242
708
703
719
419
333
332
123
2
963
155
241
736
473
40
578
567
962
999
791
177
283
936
164
310
194
335
287
438
953
347
961
706
397
49
423
27
253
193
358
926
940
944
285
756
391
378
662
540
520
326
214
343
647
334
616
959
315
667
139
594
953
694
607
784
293
422
943
830
143
707
740
527
312
650
122
918
626
654
469
436
963
412
509
282
495
585
965
774
728
116
700
282
620
160
57
917
991
564
646
81
457
67
784
526
249
105
975
192
135
734
834
431
93
879
706
56
203
133
685
460
580
322
73
793
824
163
476
890
493
780
101
456
201
300
390
204
313
379
796
26
636
21
225
517
391
335
951
668
670
291
989
440
863
803
834
270
603
378
810
134
920
211
154
216
923
545
2
361
90
279
513
847
998
606
21
464
499
449
899
515
224
446
161
716
524
653
223
164
907
273
423
604
122
496
78
30
423
653
607
78
509
996
213
787
700
363
34
865
435
661
925
235
501
434
956
401
860
423
7
473
805
42
919
268
989
58
688
191
682
963
56
260
661
65
33
325
244
312
989
935
777
649
701
88
756
496
818
455
858
312
154
432
775
279
47
709
458
536
96
623
665
221
499
980
99
429
660
352
434
350
328
69
511
380
387
110
955
20
966
455
678
903
40
33
663
171
769
259
268
96
358
875
43
870
218
143
384
933
349
481
493
81
200
322
517
45
39
987
311
385
93
226
179
107
441
332
946
842
281
388
204
658
674
384
924
9
746
260
567
938
829
670
114
724
280
415
655
227
976
171
781
777
90
688
514
474
388
586
527
110
468
122
540
651
163
610
19
320
894
958
353
305
860
314
576
361
916
926
629
908
751
779
157
535
658
683
621
779
378
309
683
929
924
381
365
699
353
631
150
975
961
364
8
921
80
146
651
395
216
526
610
591
347
696
906
765
974
619
407
756
953
932
179
438
990
335
257
601
332
435
282
976
152
359
990
18
434
492
675
293
319
529
679
339
899
102
884
255
765
872
448
46
674
266
807
753
86
223
643
835
68
155
413
22
255
9
60
153
322
44
795
305
518
32
821
807
272
986
608
15
288
940
322
237
436
277
706
724
159
616
483
320
424
651
133
339
800
218
389
231
135
55
891
667
551
418
144
497
73
26
660
664
573
136
479
322
688
65
220
561
412
729
508
279
912
753
672
579
353
330
713
536
553
177
712
709
432
538
544
368
798
929
164
325
622
275
538
178
324
411
146
620
178
123
279
902
4
145
770
743
955
267
52
5
680
792
536
289
826
775
183
26
687
924
264
256
839
671
290
301
698
127
33
462
933
367
375
716
323
687
899
244
981
493
918
572
324
871
448
91
372
90
975
928
979
713
45
356
221
781
812
97
927
395
264
852
727
134
724
929
798
217
336
587
56
57
369
571
91
388
823
525
983
621
673
167
803
988
89
765
51
989
607
853
5
147
987
567
686
616
401
426
20
780
926
959
553
463
583
474
791
220
281
634
368
7
257
750
141
305
873
156
508
585
662
505
419
324
162
971
892
519
255
814
949
59
675
803
948
225
138
31
623
427
61
669
290
242
174
300
946
302
299
620
405
280
43
433
728
194
545
650
262
722
912
717
873
429
709
539
604
247
379
57
650
790
88
728
826
486
635
359
954
319
221
601
345
123
263
206
157
307
718
574
190
284
710
525
502
437
755
743
293
779
885
742
984
682
961
23
290
813
98
951
564
625
789
701
340
956
989
278
889
579
328
283
826
195
634
172
598
800
544
789
115
859
464
318
522
492
901
379
24
62
652
466
512
49
184
570
658
499
269
936
356
87
451
652
668
594
103
858
480
611
84
293
889
99
464
87
902
863
193
505
766
499
404
982
654
803
492
140
622
409
482
698
965
108
870
43
361
321
198
261
212
644
52
683
52
665
124
688
461
378
44
962
920
540
443
36
277
85
191
813
101
262
85
243
517
822
974
699
620
241
968
820
184
941
742
289
943
495
569
976
214
880
539
321
626
819
962
304
445
810
871
671
217
171
529
635
259
210
961
230
88
210
560
646
646
158
239
667
38
846
286
493
457
727
596
273
640
783
707
923
790
256
185
879
375
386
534
543
679
853
470
704
83
990
752
321
253
9
702
235
732
303
173
974
134
332
229
573
110
18
729
371
960
76
723
566
130
2
463
367
673
995
8
778
462
636
648
101
76
196
151
76
342
73
290
803
516
346
195
471
95
28
501
822
83
754
452
231
647
85
965
713
424
106
455
209
199
79
348
80
132
556
578
304
222
55
716
336
796
383
701
171
591
759
496
771
510
918
280
29
273
436
50
540
5
535
801
758
233
653
212
400
764
285
946
843
842
888
599
775
149
855
751
131
809
58
637
554
609
575
701
355
915
766
1
263
998
901
218
133
815
601
90
325
412
988
616
999
836
910
731
492
334
352
488
273
770
231
13
144
235
136
433
732
458
245
689
937
188
418
424
632
598
523
656
300
843
93
159
694
824
872
595
919
505
798
270
65
238
790
314
438
637
502
859
465
769
578
839
352
542
962
594
882
297
276
552
118
762
111
638
100
411
561
928
847
243
94
646
549
127
464
758
536
70
886
687
390
500
509
946
626
108
242
285
349
908
308
628
793
855
253
378
804
991
249
828
451
197
780
173
976
698
422
362
102
655
349
219
615
807
639
429
720
143
735
959
301
66
564
789
179
196
380
698
567
425
287
201
392
384
197
707
213
915
177
496
672
213
783
750
948
373
977
242
799
589
734
798
788
160
182
37
852
703
32
531
338
548
78
952
431
370
431
436
871
677
113
242
219
627
497
140
346
202
619
210
479
174
443
319
436
521
177
622
673
937
544
395
373
597
246
84
861
275
413
254
879
252
768
298
86
607
97
444
747
410
647
528
685
259
332
552
202
513
703
425
154
352
606
463
998
670
896
110
481
571
53
215
946
571
509
434
81
32
946
452
281
761
756
180
105
979
124
71
542
619
352
257
749
438
753
77
405
860
500
119
219
266
763
949
482
575
378
178
569
336
833
617
240
643
517
105
506
413
457
73
549
884
396
127
306
65
941
643
750
42
643
946
641
159
436
246
713
284
639
326
750
588
756
816
418
890
601
8
350
82
79
893
857
199
910
172
103
994
414
528
540
12
694
336
129
699
469
766
18
132
381
950
710
334
199
945
522
620
250
435
108
217
716
951
884
344
765
771
218
623
969
247
369
558
222
187
955
701
954
189
360
717
181
388
704
566
902
855
371
347
415
300
355
745
363
167
666
907
402
54
275
466
684
128
80
739
60
645
964
69
568
519
526
368
776
243
652
601
535
866
575
684
82
693
386
28
970
561
925
522
551
581
744
785
522
873
460
24
407
495
341
298
349
579
471
763
94
444
862
386
518
359
201
370
412
200
567
112
845
644
728
619
899
932
576
172
241
93
831
664
417
971
932
236
108
869
716
577
536
256
512
830
936
459
388
137
693
525
976
181
986
445
685
753
719
11
290
732
118
341
837
199
243
716
950
156
571
189
34
854
447
26
238
159
306
133
603
12
374
23
382
923
852
9
224
72
165
548
621
247
396
708
776
416
918
378
908
928
743
56
427
341
204
203
200
851
96
810
505
672
88
624
806
529
417
991
339
531
757
473
814
750
97
914
194
248
474
632
148
785
715
587
401
699
495
493
325
803
344
464
623
320
164
761
719
536
734
213
17
974
727
924
902
288
490
819
39
25
671
927
389
878
245
268
959
819
809
498
611
542
965
260
26
833
34
332
553
103
663
951
796
941
38
231
738
254
755
814
74
481
319
345
645
143
473
514
240
472
483
819
689
803
237
221
139
884
187
796
545
575
8
461
304
740
488
979
450
350
330
33
861
154
219
400
275
84
669
745
479
639
790
450
502
324
213
200
453
544
735
352
847
581
591
907
103
278
687
794
532
633
146
48
778
153
995
165
894
413
173
991
735
955
642
489
600
911
489
155
580
598
176
533
449
868
729
335
116
599
4
61
471
462
88
570
501
776
440
187
645
881
845
235
890
240
704
474
455
413
389
460
234
972
543
74
318
113
314
447
665
523
391
648
393
798
66
293
984
357
410
426
230
720
139
721
130
530
545
134
153
828
152
736
890
260
932
370
237
861
246
210
506
726
250
818
826
439
540
373
807
401
347
550
664
769
564
225
116
108
14
624
877
589
541
821
246
755
663
887
156
16
411
716
537
899
941
847
489
362
907
570
843
763
363
158
850
670
475
910
521
963
263
856
666
16
57
169
481
435
242
594
443
898
374
627
753
806
520
216
443
734
820
865
952
676
491
294
827
716
518
416
684
218
237
233
21
155
521
18
990
554
597
589
872
473
859
77
940
211
957
470
752
3
899
855
888
617
684
95
962
405
338
164
345
148
401
349
159
664
618
901
256
107
545
299
113
791
543
376
30
454
812
483
742
770
157
827
54
838
622
115
468
207
939
96
841
262
59
349
462
750
816
560
505
337
424
427
326
210
110
90
145
690
879
50
245
168
462
409
781
582
994
187
825
11
926
329
55
883
749
66
585
76
616
297
748
232
832
66
549
275
342
128
256
883
821
923
987
904
197
769
807
717
769
810
232
712
151
686
127
200
815
448
477
114
768
46
964
28
324
399
614
952
875
432
822
789
311
521
78
63
20
886
352
671
532
928
728
742
205
699
971
367
890
366
11
800
107
52
732
89
92
317
862
267
65
824
709
372
295
341
718
798
186
361
282
296
996
409
654
317
10
71
390
532
631
304
993
782
438
890
479
546
841
430
453
386
711
422
976
371
44
729
833
525
739
797
48
899
56
821
739
653
397
168
130
780
470
631
325
596
111
476
311
643
491
131
73
78
112
31
58
279
713
399
167
851
499
817
612
52
803
822
988
765
257
762
242
842
880
901
383
184
394
57
230
689
788
406
889
838
9
721
541
498
380
569
196
888
599
162
562
614
180
782
801
453
268
453
674
721
598
435
484
788
27
270
409
886
500
433
139
602
383
178
333
313
321
776
218
732
621
343
275
919
860
454
663
956
570
534
131
526
8
371
533
38
184
994
328
974
835
542
104
753
678
463
852
127
238
574
557
783
296
292
172
736
13
690
959
604
120
394
760
837
448
799
279
751
774
777
864
486
99
950
476
100
836
575
845
840
133
949
478
504
942
721
782
327
687
345
126
514
315
247
869
384
22
809
2
438
168
322
427
41
45
548
480
306
341
807
179
249
750
246
706
167
812
754
612
303
938
687
108
752
527
299
540
60
227
610
763
195
163
419
460
402
888
424
746
211
798
724
95
260
2
548
65
324
541
125
490
971
928
916
767
564
802
396
464
693
695
237
907
526
198
841
821
958
486
429
584
343
932
134
791
869
51
79
145
54
519
105
705
343
761
803
342
399
944
503
843
238
212
898
79
870
387
145
601
768
24
868
441
421
315
536
586
56
304
627
737
678
775
722
293
432
549
541
415
816
301
650
536
547
978
308
502
340
305
122
763
844
214
143
644
734
984
266
790
10
259
24
959
475
913
527
528
128
575
748
226
856
831
620
859
119
458
685
896
22
707
594
702
846
249
160
800
480
912
193
620
469
980
800
803
773
627
333
621
404
798
433
853
869
691
953
981
280
940
653
482
118
294
422
804
873
450
241
252
612
791
218
415
685
884
998
196
964
568
114
879
847
3
320
807
839
236
520
474
327
698
216
468
673
792
499
289
481
274
435
862
449
564
252
218
646
308
594
671
991
445
107
777
70
831
112
319
567
88
77
740
202
508
126
973
665
173
49
590
883
889
248
605
767
497
779
464
837
900
135
740
150
312
928
149
499
923
684
355
892
308
784
430
395
435
538
730
949
457
459
87
289
776
811
32
751
252
951
995
68
518
126
113
688
854
740
174
315
895
607
730
478
595
390
754
831
383
637
251
885
602
121
903
895
671
499
733
167
162
468
486
583
425
137
278
823
162
839
615
913
796
920
435
316
436
292
604
193
282
457
471
992
908
304
480
506
704
268
259
383
439
272
20
747
943
242
401
641
289
213
562
857
748
171
421
823
83
256
223
565
220
424
916
70
588
309
52
956
964
656
346
344
248
890
559
738
177
547
184
342
233
541
611
151
134
81
422
110
684
800
524
606
622
715
258
400
391
583
960
987
130
519
839
841
130
374
99
289
79
277
171
117
62
564
324
159
163
924
21
528
901
634
200
962
168
428
910
548
329
547
101
760
613
972
290
17
658
595
19
756
130
753
192
624
181
113
767
172
684
229
689
14
961
380
475
66
980
677
264
66
888
135
998
345
468
312
130
904
205
742
64
557
242
83
382
788
810
592
120
953
627
695
609
975
462
922
498
572
321
56
566
11
167
33
606
297
992
949
404
295
718
693
61
762
650
236
108
131
731
935
770
980
695
930
188
788
73
900
607
274
122
942
15
846
564
886
791
348
946
197
936
437
35
455
398
773
72
172
9
620
651
989
894
208
226
450
63
979
702
270
125
505
998
689
994
571
940
308
678
413
155
794
389
465
553
79
645
731
238
407
602
30
505
511
841
991
75
126
106
476
698
647
398
428
999
572
286
265
731
841
259
216
924
861
944
396
861
886
773
878
278
933
944
522
904
10
404
751
669
274
332
168
570
444
478
367
629
471
841
368
30
866
74
561
957
800
546
477
154
655
817
972
590
457
984
399
118
749
738
523
687
471
812
150
994
603
942
942
465
188
666
112
89
678
142
252
687
21
169
556
726
873
267
335
945
909
282
652
390
862
814
470
619
47
152
670
400
337
427
877
547
766
552
201
978
843
145
765
179
998
955
897
847
866
198
411
367
761
3
610
559
505
940
260
489
227
982
807
24
669
709
534
68
230
169
970
197
461
239
598
441
12
208
283
303
199
485
293
433
800
524
641
252
974
236
506
578
38
782
178
502
557
401
87
318
677
197
308
39
283
466
357
35
321
29
26
397
534
131
72
231
724
211
824
330
656
715
210
151
848
311
574
160
725
18
290
401
942
810
734
925
298
100
964
384
760
51
294
36
901
378
31
410
878
630
822
871
815
443
793
304
476
791
210
34
188
304
924
861
641
39
919
243
496
480
48
571
392
759
671
506
409
829
695
411
272
60
180
150
8
719
395
934
900
356
943
185
808
497
337
100
714
147
64
71
147
554
676
843
741
160
900
412
529
303
170
619
772
805
330
189
369
762
138
730
993
911
237
450
397
357
643
397
730
939
208
508
233
676
67
665
473
981
782
717
610
171
382
363
428
446
167
888
744
6
963
933
541
364
794
442
667
97
415
691
266
864
671
320
256
593
155
967
564
989
283
964
714
731
221
947
73
446
498
20
961
381
378
655
265
236
975
933
750
846
352
365
84
640
829
912
52
171
574
996
384
854
908
4
134
315
860
547
45
165
388
70
876
100
586
393
929
589
148
24
669
496
955
573
410
33
753
368
268
837
424
82
705
480
72
803
325
308
494
326
497
761
533
339
638
484
399
749
596
854
40
287
181
913
747
290
702
179
276
549
398
714
845
17
6
489
952
940
612
857
871
291
761
224
859
375
68
17
205
466
374
181
819
304
12
996
291
71
25
164
852
787
224
69
521
586
466
408
90
70
760
390
338
27
740
178
544
447
68
797
992
513
47
449
109
936
272
244
864
731
957
403
403
416
750
336
87
662
511
75
791
796
777
398
484
839
926
829
2
936
340
218
995
316
993
513
989
466
238
227
838
328
13
582
758
600
32
646
812
869
262
937
503
916
714
114
808
944
71
32
329
951
474
660
674
674
503
3
92
612
533
397
511
125
225
685
711
720
546
290
26
353
465
746
73
802
235
750
129
839
338
642
693
48
852
926
641
910
650
599
136
235
761
340
704
517
699
253
645
301
723
512
398
298
706
35
732
923
368
516
597
268
561
745
335
951
199
881
483
526
540
932
171
859
937
490
181
119
830
615
280
267
583
832
116
385
555
124
298
507
841
391
477
775
308
597
253
675
625
673
109
397
38
543
483
25
931
539
809
116
578
816
791
336
646
959
535
702
37
499
888
528
289
434
751
635
278
923
311
472
295
689
610
243
379
783
656
986
219
65
768
854
811
840
386
327
76
454
123
498
650
191
136
902
424
512
350
487
529
923
61
961
929
211
325
576
107
309
35
418
337
279
709
916
848
580
50
278
920
882
83
743
932
79
313
250
762
691
62
4
894
660
200
389
298
178
587
958
185
93
82
310
370
776
294
752
765
701
309
826
903
19
436
60
133
306
795
816
238
463
706
635
575
380
718
184
674
945
288
13
287
887
70
812
779
686
4
99
403
384
36
815
294
430
569
195
182
982
12
22
353
877
358
725
718
290
607
830
589
859
159
406
758
962
694
327
186
85
908
948
636
604
61
770
29
533
350
612
153
897
847
64
890
392
301
138
669
397
531
228
346
490
795
482
400
949
346
461
821
751
211
94
985
545
818
423
263
259
447
176
232
52
241
275
317
69
61
740
493
275
322
608
718
745
737
977
422
325
770
802
786
950
74
808
340
132
586
884
364
514
423
24
221
788
530
587
801
940
376
27
199
19
308
54
767
995
308
412
315
715
405
979
430
934
271
931
775
541
36
861
537
773
202
109
993
400
859
70
3
913
530
39
455
20
608
418
83
738
857
148
97
836
628
797
472
113
965
225
860
418
248
599
92
359
805
487
118
64
44
752
393
223
7
610
389
525
311
201
696
290
82
362
704
975
766
829
900
954
128
425
332
435
54
55
522
859
610
391
222
649
331
278
282
288
602
484
620
13
295
776
210
68
684
758
27
364
522
567
553
620
588
933
193
29
958
785
945
715
701
878
923
163
825
757
569
600
544
606
892
434
264
877
193
213
18
794
476
192
393
679
37
338
923
262
613
912
768
739
990
131
235
332
118
28
357
737
614
680
44
353
385
626
644
371
450
566
568
821
636
244
171
492
413
813
395
779
226
106
538
352
441
324
47
491
945
459
15
23
911
68
722
637
891
182
952
671
482
234
250
929
965
468
766
161
103
498
270
806
754
178
222
199
582
363
148
802
838
687
448
876
736
974
790
436
948
267
317
318
807
989
548
183
745
833
931
75
48
795
345
656
229
423
714
194
827
392
959
492
703
822
910
165
303
617
675
501
999
312
386
85
975
784
289
150
561
825
570
967
607
882
319
930
463
712
935
768
782
104
771
200
229
800
841
622
683
241
733
611
292
836
408
849
361
295
61
961
559
642
442
83
802
898
564
515
920
835
116
773
861
85
276
159
234
563
810
884
265
814
912
828
269
566
927
406
504
820
412
535
678
940
747
761
861
582
908
381
107
631
801
373
381
225
878
427
128
165
775
933
847
358
128
323
85
164
397
833
404
211
89
530
270
141
837
96
159
449
562
681
929
508
678
30
476
376
300
835
561
462
826
91
122
505
680
792
350
725
26
143
490
989
505
994
225
788
896
596
189
77
27
56
779
214
987
588
121
68
658
593
230
261
448
262
609
739
724
436
216
425
639
317
360
390
511
103
42
823
146
106
86
238
834
433
109
726
30
588
879
488
324
437
489
895
363
656
649
879
928
855
29
237
275
55
3
248
150
428
602
198
653
566
631
846
186
750
871
626
1
979
407
527
6
560
932
260
458
895
648
664
104
795
120
337
550
497
50
926
812
584
531
375
384
269
493
815
824
408
843
953
658
942
116
739
244
35
857
811
852
736
611
175
831
991
362
819
672
442
138
506
570
548
710
857
26
381
871
342
759
295
979
618
762
720
565
199
984
438
577
970
986
215
889
720
33
349
100
754
432
174
160
809
22
825
469
99
987
953
938
555
636
509
25
51
168
976
832
518
720
563
470
976
755
682
255
38
338
518
465
740
182
624
971
548
354
768
139
747
180
927
604
498
105
401
558
963
3
385
275
411
862
106
434
796
111
596
882
196
438
458
795
577
705
519
472
974
179
921
320
256
611
459
586
542
986
285
908
49
781
368
506
433
487
499
190
484
813
811
569
411
504
706
779
312
291
143
13
665
157
589
558
802
809
642
371
946
68
169
725
923
508
771
429
553
870
976
133
560
862
876
898
167
101
279
626
414
730
388
752
105
370
445
592
205
901
161
341
287
666
574
931
545
713
854
816
872
679
722
601
302
282
930
738
483
495
585
587