15000 43035776
8903
5737
3749
8960
724
6295
1240
4325
8023
3640
2223
639
4161
5330
4260
6196
5036
5398
5117
9287
8106
691
4609
9389
7137
3820
528
228
165
4843
5989
8756
5882
3929
4089
3455
2029
8816
5587
7695
4918
1927
3717
389
474
8450
6568
5391
9127
7906
7768
1157
5714
794
9145
3005
1092
4358
3356
863
9647
746
3609
4119
8842
5354
2185
8250
2656
8003
9467
2444
9014
2716
7154
6294
9903
7890
5502
263
3077
6206
5622
3205
1319
8624
3266
2811
8168
5569
5395
5349
1748
4106
5086
8991
5464
5890
9481
7043
2456
5951
3587
1275
4559
1973
5541
8429
2132
8091
3390
6100
8484
5904
3691
5400
6306
980
6001
1158
644
6218
9233
9364
3734
660
1247
1954
7204
1846
8352
2237
7074
6423
908
8698
6777
1965
1691
5333
6716
7911
1234
8235
6996
1035
1661
9553
4081
1880
3157
780
1089
3469
7126
2212
5704
9472
4326
7815
5006
315
2340
5371
6521
1275
120
4247
9819
9506
4962
2841
3691
5470
6677
7780
2806
230
5043
8292
8336
3451
1712
1597
5158
9047
8894
9122
1360
3080
4843
2502
6676
1732
1641
6623
7929
9130
6072
2163
2925
2544
7303
9267
5
713
6720
3254
362
6451
1746
3363
280
6960
421
4519
5531
2613
199
3287
3089
9523
9738
3524
4232
4951
7462
509
8142
7736
7326
8747
1079
6484
7768
2686
525
4847
9949
9206
9629
8057
4863
3601
1192
6086
9510
3480
6792
4291
6688
462
4334
8268
139
4265
6120
2169
2065
6343
9923
2547
1245
2958
2497
5564
6916
8628
104
8923
5717
8333
8034
2973
4849
2768
649
6350
563
7601
3588
302
2598
8323
443
2009
1656
6139
9924
3199
7183
3680
8644
9485
9349
4155
177
5250
8231
6770
6824
5173
1650
1120
7622
1009
6717
1939
1545
5386
7967
5758
5783
1060
9334
3376
7180
7446
3004
8641
3037
9260
3175
235
5677
3590
8777
3617
7969
1253
3536
9393
5875
2438
1134
5879
1179
8029
6953
2302
4818
9833
5451
768
2682
3536
2607
351
9989
4297
9471
7810
5266
935
1581
8842
6298
1120
9994
3631
8504
3426
5052
75
2411
9430
4163
9303
8544
356
9547
3858
5937
9917
5450
3685
1107
5759
4574
5100
7786
812
4237
7460
9794
1651
8744
4608
4934
5579
7402
9010
6030
6884
7177
1997
7317
7966
3211
8905
5092
9754
1368
4019
2561
8295
6028
4603
3067
3359
2160
3089
7069
1784
2141
4783
9294
2165
701
2464
589
8359
1244
1195
4330
6616
8325
8768
5043
7224
8319
7330
935
9142
6166
8995
4335
5302
8244
5762
9417
1292
3669
1945
4
5285
2827
5608
2661
4579
1346
8157
251
2854
15
4247
4516
8844
8205
703
4859
9259
8601
2618
4426
4747
124
2789
8836
717
6932
3575
8212
5394
5656
8126
3329
5916
6783
2568
2823
7008
1373
57
3804
2024
8407
3974
1123
5404
4800
8630
7391
1568
4354
1703
6891
1246
5662
6699
4767
6043
3437
5019
7686
9599
3017
6300
1753
3733
7428
5220
6499
8147
1060
7527
3659
8718
7013
6662
9409
1717
874
30
8611
4096
5093
4864
2187
180
3602
6842
9786
3665
8448
5371
5237
7103
5317
4334
6207
43
324
9027
10
7550
7804
1594
996
8169
5307
7702
1459
8259
1451
5843
8683
1749
396
5724
3273
6418
5791
5426
8928
8897
9121
1671
618
6607
7722
8573
4262
5700
1575
3069
9435
4408
5243
3412
3459
1145
9674
8484
2947
564
5983
5423
4171
198
5487
4369
597
4605
6650
7768
2527
3018
4975
3356
9163
2171
2149
7989
3220
6763
3817
5255
2614
4277
7703
9225
9972
2208
7733
2785
152
5092
5460
6478
3735
4844
9961
2102
463
5081
9161
8061
5217
4974
1119
5515
6209
4034
5348
2672
1275
6776
4530
4937
7771
4905
5605
828
2930
4637
5581
4537
3545
8447
4664
6153
5810
3425
4388
2306
4902
6618
8464
7653
3202
3725
2703
8785
867
8926
7781
1610
799
3107
3340
9785
5433
1193
3132
8350
601
9187
1651
6460
4735
8612
1689
8460
6640
4269
4280
3483
4747
3575
5880
9794
4622
1497
676
7005
3386
1837
4213
892
9396
5941
6690
6014
2768
8907
3649
6386
1062
8913
427
2377
7777
5277
6709
5281
7029
1128
9569
5305
5405
5875
2612
9319
3409
865
9214
7214
3325
8572
9331
547
6974
3559
3692
590
2672
9763
3242
9212
9554
8312
6852
5391
5174
5385
2921
4003
8197
5212
2824
6179
4587
9172
9995
2742
6631
9575
5023
4420
9683
2120
2813
1399
7584
2515
2517
2738
249
2101
1644
9758
1420
4553
930
7468
4168
9187
6371
1980
2147
2385
1670
8142
2310
205
4338
3700
3003
4139
8650
892
8021
4764
9743
2053
8607
4575
2183
8654
1723
2471
3486
924
4365
9716
3589
6239
4572
106
8401
7225
8003
7919
4869
7218
3230
6468
1456
2177
8105
8943
5390
645
2619
4487
2007
8887
3197
2695
6138
1611
8548
5037
1029
2006
1282
1964
3184
3622
5404
6536
5536
3507
7961
673
4927
6101
3521
478
4489
6674
6684
8258
1504
9934
8715
8405
4533
7655
9775
5985
1706
1087
4341
6972
8614
9649
1159
3727
68
8561
2751
7803
7982
4117
8520
1518
8462
3790
6960
8959
8212
7864
4881
4118
9519
6871
3134
3809
3764
9473
4345
5015
2703
6752
2927
9320
1753
9983
4439
6352
7651
1998
5052
785
9658
3161
5621
4383
5308
8788
5115
6988
7079
8439
1684
5819
6463
6781
3483
5658
627
4223
4702
2129
2019
1221
9711
6215
6609
5572
9823
1550
3871
7324
8123
6565
2688
4043
35
269
4066
606
3473
7530
7495
6753
9055
4819
8112
2383
843
6732
1712
5244
2577
4329
8769
8885
5511
9917
9990
3152
6841
1419
9594
1722
7285
7300
2127
2502
7045
4225
489
9971
3954
61
4282
5177
863
2557
5796
5788
8708
5668
7016
7395
3592
4359
3009
6631
437
1983
2876
376
2018
1159
1525
2455
3264
2651
52
4420
2304
6723
6413
8568
5758
5883
4517
1858
9920
8747
6718
9379
6752
1534
138
6686
5525
2947
2910
7666
3578
3441
5034
7279
8741
3667
4258
5536
4774
4199
6813
6847
5192
2124
3718
3446
8389
3943
7903
6782
9741
3069
5631
9747
2292
3368
3714
2073
8556
6088
4402
4812
8534
4281
790
9990
9215
4479
9171
2470
8892
725
5752
9747
4271
7301
7534
3250
1637
1944
6718
9777
4114
4036
4136
234
9674
9309
5743
6525
5153
8540
3717
972
664
8779
9972
4192
9690
9070
1145
2486
7692
9249
4451
426
8875
8903
8576
4947
2848
3025
7334
3356
8939
6338
8012
2359
7866
8347
7262
8790
4199
7322
1107
3257
8000
1436
9660
3122
995
846
5159
6096
7772
120
8266
6528
6814
3835
1508
7521
4229
8087
8126
4276
1443
3125
3676
2617
4585
8622
9470
4158
4340
6361
9652
7401
8717
7473
6002
4780
2726
9409
1277
98
1829
9159
3549
7534
5084
8856
8436
2786
7955
1471
6683
8585
1366
4433
8538
7759
4578
580
5355
8913
2889
7155
8530
4499
9264
2526
5532
9650
5133
3513
3615
3371
7167
8923
8057
5248
1802
1177
3211
2908
5355
3694
6564
4049
9777
68
6343
2343
4794
7033
9460
1625
3531
2832
3592
5743
4840
2792
3360
2631
6822
1924
9901
5481
7824
1152
4331
7920
4090
5813
5202
7223
7099
6953
2046
9180
8606
2768
5095
5056
5178
4089
4359
5840
6446
9513
942
9075
3749
3092
4005
8589
9707
9605
2761
2029
257
7747
1537
8233
545
9013
7858
5224
5284
8291
4622
6542
3738
4550
5001
5145
8635
5826
5840
34
3014
7095
3007
8724
3670
5735
495
7271
5832
3084
2998
515
4090
1649
9898
1830
4626
3395
2598
2232
4070
5891
8891
5785
2848
1782
272
1680
6034
3824
1487
5849
758
4035
1573
860
9484
2373
4804
4824
4410
2442
8676
7963
5987
7670
8626
1874
7601
4215
1703
2461
4608
2557
5226
5952
8124
5825
6926
4293
5513
7280
6640
8479
9729
7573
8344
1711
9879
8899
5114
7107
9467
8511
5718
3124
5330
8992
1239
8342
8338
7705
4160
8828
9858
5637
1345
775
730
9225
3940
6342
5431
1295
7042
3185
2221
198
2932
4805
3189
2870
4855
6378
1880
8924
8397
9085
832
7867
2376
1071
329
5619
9193
3422
6908
2608
165
2704
4053
9708
5461
3490
8356
7849
1890
8008
3483
5551
9745
2165
6182
2691
7265
2896
7805
7026
27
8180
9333
7747
5010
3351
7961
2317
9548
9705
6862
1812
2541
1292
1914
7517
6801
791
7463
5435
3197
4799
8049
7528
873
7861
5164
5086
9469
1385
2004
6594
9410
6904
633
8343
5971
7112
3926
2064
6564
6740
855
6628
7679
2625
8899
3597
6411
9253
4344
1043
4259
2529
8514
3771
1159
411
1476
7644
6993
9989
5259
9773
7924
6247
3010
6225
1496
4494
2867
292
26
4629
503
8805
7807
5391
8622
9019
6805
8490
7856
204
3791
137
8418
9999
1459
7952
4303
4595
3779
2890
3532
4947
8354
6097
2585
1424
1536
6947
198
5555
7431
4275
397
301
6644
4778
1908
1032
8127
4933
1237
8115
4353
321
804
8399
4552
1977
8253
837
5785
6632
4436
2773
9278
6548
1174
1936
2648
5729
240
3094
4966
9845
2714
5568
6084
724
4372
5415
2077
2900
6191
8358
3238
9765
6924
6386
5216
2382
2398
9690
1480
2419
4893
8163
6234
4511
1888
1053
4685
6708
5591
9572
9280
2194
6142
6483
1716
7233
3351
3222
4447
3399
2919
337
7963
1534
7231
2481
1507
3252
3664
4772
8134
3614
261
8079
6183
4129
8335
260
8414
2503
782
1798
352
8240
3783
4554
3369
6466
154
2311
3880
1868
1140
3040
4815
2696
7615
2230
4316
3332
8421
1497
4632
3131
4214
4810
1912
2905
2076
2723
3592
7587
2952
9671
5726
4550
359
8955
2235
668
4888
4810
5097
3937
1357
1649
8783
2638
4800
4408
5861
5763
8923
9534
2294
7406
1421
131
6525
3940
6764
9173
4089
2917
2874
877
4532
5403
7004
3129
750
352
1566
7010
7972
1622
8315
7168
7945
7962
8311
5873
8792
3864
7522
3592
2660
9976
7716
6252
7514
1603
121
6632
8255
8646
7014
9362
6845
4662
7638
2299
1272
1553
2663
7437
1530
7002
613
5738
3211
9574
4678
5289
5501
1194
6123
938
6567
3693
1001
4469
8527
67
1211
2712
552
8545
1282
2383
1506
4429
9797
3668
3503
3538
7038
2429
8702
4987
5732
4283
5794
7583
6978
1513
3088
6304
9317
3259
4167
1327
3542
2032
350
6772
7000
530
9825
3873
4560
1805
684
7928
4713
9641
6553
8694
8768
7538
226
5879
8077
6194
8732
7038
2527
9450
4377
4081
575
3838
8552
5217
1864
3421
5450
3636
2728
6852
8216
5841
5124
2579
2406
3228
6834
3407
4795
7888
664
7854
6918
3790
2827
4633
6455
4734
1696
5508
9762
3954
8858
3208
6193
4790
4906
8556
9459
2786
9365
4968
9178
652
2898
1356
1209
7153
4046
6251
8811
1249
35
4641
6141
3503
5059
142
8033
7274
9993
2897
7190
7948
7845
5071
2503
2849
4743
5903
4924
1404
8084
9534
7398
8140
8623
7343
2624
7742
6783
4753
2336
2014
587
4892
728
5495
1551
6222
8919
7900
6237
7817
2589
597
4207
8454
5343
1781
4205
5558
8662
1507
7630
7296
9210
700
4781
9190
1763
5544
2932
3031
3918
8216
3308
384
2553
2535
6485
1446
2231
5952
8977
8676
2546
6419
2666
9683
7889
7315
8373
8787
7491
2083
4746
1340
4418
5415
8416
8120
9836
1192
2012
1697
4091
6915
5763
6605
6307
4028
1150
2866
4511
4689
4921
7628
574
4270
9524
2827
5408
2623
6333
7764
4245
236
6929
2526
6366
7831
2572
4992
2390
3155
6488
5859
8654
5746
8171
7892
4710
6005
769
9006
4173
8504
583
2778
668
1419
3501
1377
8900
8620
5168
621
8958
5101
1466
6676
329
3816
3653
2070
4153
8544
7446
8563
3308
4022
3695
3734
7092
3874
3942
8281
7582
6225
4704
485
6660
1538
8261
3356
6049
8668
9433
3389
8206
6709
13
2138
2243
8195
7919
145
9841
9239
5096
9157
9451
3219
6972
9188
1744
3104
6085
4766
6512
7046
5079
1528
2145
5402
1676
4479
8542
2611
565
4084
889
2642
2546
2765
2682
7429
6173
2748
7286
9582
5900
6639
5424
3899
9118
9517
2074
3919
8565
698
5442
6611
6673
9594
7469
8745
129
1584
7025
3986
3903
1477
5312
50
192
3386
3497
3815
1619
7807
6978
3467
4914
9220
2065
7154
5007
5781
5110
4589
5055
458
8912
2497
9248
7764
8672
9735
9812
2
6638
6045
5347
6334
8692
4118
2287
1164
9105
5349
1828
5123
7343
7190
810
6777
8756
3594
2956
6057
6131
1722
8681
810
120
8508
185
5919
2198
6585
9109
6268
4300
422
3308
675
3832
9595
7287
66
4638
6584
8038
1776
7559
2101
2836
7988
2335
7525
833
2573
693
9699
7597
9465
7192
6207
1104
3908
1047
4518
7540
1473
4177
2449
1623
6194
6893
4736
5839
9672
9197
7325
4475
4639
3860
7086
9088
4473
7079
1800
4009
7648
6749
8472
6448
4833
7615
5540
4520
7884
3501
3286
6992
7735
8179
5887
31
6717
9140
9668
5264
4874
894
2045
1622
8601
4894
8570
6285
1997
5171
8259
7552
6019
8381
919
4892
2832
3497
2310
7524
2879
1986
7151
2858
3090
1446
2020
4368
3828
4704
2982
8465
4054
9309
9187
5693
2375
897
3582
427
9028
3271
218
9826
5527
8198
7215
9688
4419
7204
6223
3306
3494
3057
9495
6080
4439
6017
5058
8229
2408
3827
2356
8410
6727
4792
1866
8770
6722
6950
8065
6633
9187
4619
144
5178
3708
7194
1071
700
3223
2047
4187
6428
6841
3506
9622
3603
5754
874
3133
4043
7259
6093
6654
9314
1100
3741
6030
10
2625
9558
4074
3080
8832
2146
7080
2324
5940
5739
7046
47
1816
2710
8500
8222
307
8047
9875
5779
225
6022
9798
589
7148
7841
5170
1074
8736
7514
5975
5448
9662
4251
7343
3688
766
3108
6980
7613
3615
4107
3794
1897
2082
2264
1525
2804
2042
8035
6435
7150
9088
7179
8833
8423
5021
4593
5118
3617
561
1549
3282
2895
6434
463
9576
1640
2627
8822
502
5311
1518
5531
4338
8627
1876
7475
2969
5474
8649
3270
862
5526
5691
6575
912
6981
4350
686
5874
9478
5866
1139
5273
7588
4502
3420
7868
8519
1875
830
6019
6119
305
3021
2693
9075
1912
3844
6074
1179
8647
1523
6667
3049
7673
5880
7639
4434
1056
3690
1052
8571
7593
7994
4727
9914
273
6459
1280
2086
7699
9105
7788
6608
1370
2676
7114
8017
5534
2232
9412
6003
8206
2531
6224
9720
5661
4747
2455
4202
1236
6343
3162
5333
4875
8368
4007
4278
1694
7159
4843
868
952
7941
7060
9286
7161
3904
1055
1894
3776
2831
4480
863
4903
9345
308
6593
5164
7342
4868
9321
5754
2775
173
1166
3021
7010
1923
4074
2548
9881
8550
9794
2294
9873
2543
1269
847
7667
5635
9913
9323
6692
7562
3201
4217
6357
1342
2758
2635
6823
1025
8442
2884
1067
3426
1517
3130
5022
838
7499
8269
682
7829
1262
5203
5017
9486
1256
6380
4656
2245
9905
8829
8711
6044
5997
6302
4186
501
3445
7086
3659
8143
2778
1121
3124
8697
3353
6928
6563
2458
6076
9841
6389
8496
3048
4962
8771
2452
5756
9202
1112
8835
5607
4595
6725
7522
1512
559
7225
831
9599
7179
5185
4771
7076
9459
2278
6319
8619
636
29
6988
4657
633
131
3726
2289
3818
102
1589
1035
2417
1388
5949
8130
6040
747
7558
9205
8132
2141
9234
9907
2454
2958
9902
1924
203
3233
3236
6570
1018
2187
564
2766
3565
9726
501
2088
9886
2150
6643
499
4090
4014
4145
4779
4538
664
1586
663
8102
3950
8535
2913
4292
9096
1171
5062
3241
2904
4407
1789
8119
6282
2015
4023
9799
3792
7565
9181
9059
2123
9617
8173
4013
1425
638
807
5814
4377
5890
2739
4910
5383
1651
4937
3130
8292
6790
5477
5230
2284
3973
1597
2416
2601
3718
6735
1887
339
1499
8383
8318
2185
1809
6120
6668
5398
1522
3377
8072
4044
6784
1852
2532
5217
5325
1978
6828
889
4392
9597
8827
462
6207
8450
5618
9939
2197
1066
6222
5295
3911
367
3460
2662
4630
477
4135
2015
7277
7199
7916
510
5766
7830
4018
9399
5565
1588
1183
8556
2285
4426
9072
2961
6627
9667
5289
7145
2551
5052
7597
8560
6216
3899
4122
5064
2516
7097
8254
1965
6157
8168
9905
3454
3297
9429
2848
4289
2104
999
9368
5123
4247
3160
4894
4422
3439
6183
9954
1543
3845
9592
8948
1375
8771
981
1940
8676
5436
4567
5108
4466
7505
7445
8018
1241
8954
1532
1766
4090
7830
1139
8460
1283
9162
1906
5415
656
4034
5367
6746
5179
6876
5379
6524
9780
8033
2363
5414
8370
3105
36
2871
4144
8215
8494
5580
7757
764
2783
1343
2732
477
9175
9023
5970
2855
6564
3738
5487
3291
8907
829
8274
9092
8368
4238
7148
3063
1885
4743
9125
1095
9162
8698
5753
3055
4010
4060
8456
4034
4467
2705
4847
2276
1923
5910
4631
8706
1323
9545
2822
1001
7849
3257
2011
3003
6755
9331
2414
4125
7932
7610
2228
9056
5735
1341
1358
4902
9153
3502
8551
9767
7370
6839
8958
6065
999
4230
4743
5598
4048
9651
6790
8682
5931
6618
740
8633
5119
4995
8661
6584
8806
3412
2405
9503
1333
2336
2977
5869
4107
8545
6152
6774
5128
424
4787
3549
5571
7140
3143
5996
9217
7851
9313
8894
439
5821
313
6362
5049
6552
1498
5553
1147
6219
1406
5478
1392
9637
3796
3089
5215
5727
9881
136
6754
6702
4984
3949
7495
6580
6589
3553
7434
3201
8905
706
3765
3502
7241
456
3443
2361
4712
5309
9820
6642
1348
8376
68
7707
7865
8770
5958
8630
1064
137
5210
3489
6965
7111
9713
652
3632
430
9093
7941
6527
9846
174
235
4418
3647
6739
6880
5095
1764
5128
8335
9421
3305
9181
6773
6114
7085
6886
6547
3426
1733
6630
2106
9621
7556
6739
1711
9220
2806
5151
8936
8534
4601
2696
1471
1761
3641
5211
1638
5123
1068
2831
2934
6446
3130
9991
1714
5072
3043
6857
1459
5237
6660
1367
2866
1394
5145
6203
5363
256
4765
787
2876
9823
585
4940
4361
2932
7441
4527
8835
6196
1804
7280
3756
8190
5199
4157
5188
340
2385
7252
8082
6575
291
9859
3026
2854
2653
3561
2284
3385
9829
6557
8992
60
1557
6113
2724
2953
978
9524
2399
52
3610
5164
7478
978
9866
619
3451
3345
2934
7889
1756
2318
5996
8941
1650
2041
4023
8638
3184
5126
5888
5529
613
3262
5996
4176
8605
1405
5893
9516
261
381
9934
2882
8568
512
1166
5820
7959
5177
98
5607
1776
8816
1145
7945
6474
2870
5471
7465
850
1851
4673
6659
2829
7256
6620
5423
7058
9679
4887
6220
9147
9401
4110
7617
3255
8142
8077
4829
4490
6733
8946
1278
7369
385
2934
2122
5461
4039
8633
5401
1096
927
1388
6423
8520
2346
2308
1639
3390
1547
8402
1703
6492
6977
3505
7962
7417
6321
2812
3482
5813
1935
7222
1773
8788
5472
8013
820
2587
6038
8750
7135
9510
4727
2946
7071
6519
5032
8100
5135
479
1073
1104
529
3456
5968
238
6045
6369
6432
9291
6525
1544
3232
4397
5324
3422
251
5193
4315
8803
9115
964
1865
2994
1785
2327
3656
3898
3954
2601
7280
4434
3213
4716
7726
9184
4207
507
1352
6357
4479
959
3523
19
9555
2196
6004
3587
2464
9668
8611
5832
4257
5586
6825
8399
4924
1950
9950
5458
2282
2946
8000
3506
2333
7538
9570
6660
9639
8079
8460
7353
550
3657
3032
3368
1721
8891
2923
9954
3963
8971
5760
193
6642
7438
958
3859
6019
3705
9869
4176
8322
1231
2936
6781
2927
5323
704
8389
9715
8689
6841
7218
8344
9325
7751
6840
8852
5473
825
5365
4892
9910
2532
4072
8775
2000
2855
7443
3734
9242
3839
2037
4764
3630
8431
5520
8689
83
8108
9564
2620
6440
2254
3061
5277
1533
2924
4515
4454
4245
3079
874
4303
5089
9589
5141
8443
1326
3828
9106
1850
165
2817
418
6602
3165
6317
4887
2481
4436
8266
6129
2268
9642
859
1607
6874
6844
818
7049
5968
1604
1164
7375
162
9879
1397
8162
1382
3790
1157
6807
3845
5373
1407
7686
2733
2876
7051
5983
5916
6186
3453
8927
7469
15
7872
9132
8405
2076
4119
2508
5124
6366
3295
8974
8004
9378
5145
9670
6387
4840
6041
8965
9469
1299
8197
6836
9383
8585
7742
4149
3120
622
2554
6860
712
9980
6748
7240
451
6994
1572
4301
9637
1874
5465
438
4945
974
1860
331
9355
3874
6705
4401
4231
9036
989
3515
1306
4371
9744
2646
7258
3595
3268
146
2520
6569
8960
322
3914
3310
7399
9979
2499
1358
9426
5219
8217
820
1497
2617
4681
9027
8477
8977
8761
3817
2597
6333
7144
9817
2585
7550
745
8141
303
4954
5862
6540
9963
397
1296
3189
9818
8441
4832
1153
7936
609
3143
113
622
8521
2389
6611
1291
1129
585
6398
6375
7099
2881
9562
8783
4858
6907
5119
3454
364
9291
8525
5452
8590
7867
3656
5610
3878
9615
3115
2060
3966
4331
7581
3749
7540
5898
3462
7388
4589
5276
9916
1071
8404
2745
5171
1882
8343
9420
2409
9478
9906
8834
9633
7028
7995
1312
1867
1474
5907
6576
2600
5293
3830
4866
4773
9426
5986
4081
7205
7759
355
1417
2840
9450
6090
8641
7717
340
7393
828
313
3417
8596
1748
3152
2995
1879
902
4000
174
578
8550
5129
3772
2470
7401
4579
5897
5293
8053
5366
116
1854
2677
5107
8498
1293
7482
7933
1362
4198
8582
6984
4109
3146
9483
6657
5559
4711
2754
8122
8329
7906
2963
8332
5583
9339
6415
9313
5662
3068
3646
1744
716
7957
4150
8881
6628
9743
7511
1963
1245
9506
1306
3185
9652
2749
3905
681
5313
6993
3433
9468
5041
773
8056
5568
3024
7249
8337
4219
948
7962
8119
7721
4437
7771
2609
8580
6492
5583
5656
6861
5916
7394
454
3854
8386
5271
9519
2817
8033
9865
1730
3624
7951
3660
6455
788
4341
3589
3164
9307
3056
5182
2185
9481
991
2950
7821
8510
2596
7392
1632
5058
376
2610
1685
6827
3052
848
2112
6558
7510
6708
8402
2673
8897
7558
8513
6550
6230
149
880
557
5828
6178
6590
7749
9899
7546
6462
5859
8570
8385
5409
760
616
6464
7512
1491
5428
5840
5725
6808
144
7574
5487
603
6433
9798
7097
7221
4443
1164
2505
937
4325
9453
8241
8582
2919
5036
8492
758
8792
115
7277
2079
228
1304
6571
5008
1839
8321
9199
4325
6895
9333
2142
1143
1164
8763
704
4928
4588
3159
5461
268
4487
3321
5786
8848
228
5136
1851
8473
1002
6247
9844
1990
1892
2950
27
5372
1536
2635
7857
6299
2098
7364
7926
6361
8461
9286
5896
7589
9792
9844
4146
1793
6621
143
6147
8717
3618
9084
6674
2862
141
1246
1449
9082
7583
4088
3176
2451
9036
4903
1548
883
5562
8729
6445
9859
1664
5305
3795
3636
5423
8335
4189
6113
7562
1223
5542
4785
6656
1668
5445
6842
5436
1384
878
9451
3229
4203
1086
863
7957
781
4762
2033
9078
7369
791
8440
353
7315
6466
299
7282
5380
5205
5096
7172
27
9070
2388
9549
6541
4876
3837
3698
2903
5828
1496
4358
4602
7195
1260
5679
5719
725
5902
501
440
6027
8923
3260
2854
2407
9945
3839
5521
4967
9089
4829
7346
2658
1805
539
9835
7003
5596
8139
3914
5965
3214
3873
8580
8974
9395
4479
1341
5302
4432
9928
6091
8495
7487
8523
5090
1300
1212
1519
4066
8881
1685
3481
677
1199
2289
3320
3764
2456
1529
5668
2995
7211
254
7687
9844
755
9552
6697
3049
8984
1854
5583
7447
8967
7285
3564
4921
6683
7924
5225
8020
3089
3889
8668
8862
1372
9481
7859
764
8810
358
2920
7411
1327
2278
2047
7511
7736
637
1358
7873
4659
9758
6088
7569
4027
3602
7274
2346
5502
8623
1605
1364
1556
4350
3722
1285
9220
6587
6814
4584
6133
2775
4802
9322
7996
3203
6401
4314
300
821
8869
2145
2035
6423
3653
6508
5375
8759
1392
3847
9677
3356
7946
526
72
7656
9510
9171
2993
3949
4776
1325
8080
5997
9583
9529
3459
3959
2932
4555
1708
8915
5904
2591
48
1488
1443
2527
8634
2152
5658
336
4188
8921
673
1984
6315
4649
6276
976
5644
6455
8224
2495
6032
2461
521
4961
7765
1406
385
9396
8454
4706
2403
7733
1092
6367
5092
6829
8897
2343
2404
4167
8427
2726
2562
1349
2811
268
1353
7653
5760
8926
5990
1203
9356
3656
1726
530
8902
1016
6703
6853
9031
5628
6449
4956
4505
4893
6888
2812
2442
4823
4618
4619
60
3632
1011
6011
6533
2075
2183
5196
7765
5179
9994
8014
9976
2162
2952
7102
1381
8963
2822
3240
1214
3756
999
4701
5017
1998
1084
1201
6587
9419
5720
7390
7074
9256
5549
8799
4424
4146
9250
2812
7366
1954
7820
5956
9867
2893
9012
6884
6886
7566
9437
3451
7255
5900
4641
3519
6445
2234
1347
991
7097
4854
3192
2912
2894
7963
2056
6493
7888
1932
9423
8175
5772
9645
7835
7435
9786
4843
9453
3655
7929
5977
6125
9402
882
9033
6010
7437
9856
2152
6987
6764
5131
9721
9848
5635
3665
3145
9690
6321
2716
2082
9584
6766
5954
3840
2199
4296
2187
3409
9711
9941
8481
2865
7725
3315
8059
3003
6862
1950
7418
3054
8323
8636
293
3737
5811
7078
942
1791
8445
9418
4905
7440
4715
528
5552
8675
784
398
6772
9151
5749
8577
4543
3958
2516
9651
9056
9823
4720
8092
8470
7091
6637
4469
974
7831
404
2091
5222
2238
2616
7331
2230
4576
5954
9471
2961
5068
8214
4050
1611
8378
6908
747
5781
7398
8044
340
3919
6191
5860
9390
9022
5087
9975
2491
9484
8455
5143
306
5211
4739
7298
7865
7695
6093
6201
2804
2526
1171
8553
7083
9109
1652
1807
6996
4725
4496
8426
5638
6038
4885
9791
5247
3915
1895
546
5587
2212
6684
7145
3036
4863
8925
6467
1497
2835
8723
9732
5383
8769
4606
9031
4251
4472
2767
3913
748
4897
1426
7000
6036
4035
7116
4227
3927
983
2018
8348
1201
7612
8423
6852
1258
5651
5580
2019
7727
5103
7419
2694
1473
8292
8275
2754
6936
2986
5951
2312
676
7770
7677
9885
1915
5026
2400
4597
5965
8444
4120
1366
8666
1673
4300
5620
2221
713
6525
9370
5194
5682
385
9764
1467
1281
7435
8
9543
2128
5958
8054
8638
5458
1389
928
2983
3011
5210
1720
1324
5556
4574
6976
5332
8834
1197
9078
3157
8324
3024
9808
2068
8056
8622
3954
3693
1953
9930
5417
5132
3889
4103
5407
9769
9163
1874
5257
3223
8131
6054
9120
8380
6135
9260
1369
4370
5420
6590
5317
3028
2275
9060
3563
2588
9345
6015
7682
6833
3647
1769
4086
7885
6834
308
3534
6743
5558
7675
8241
3269
9743
4334
9842
9718
8497
2233
4226
7962
9918
4129
2893
8201
8267
3542
149
6109
8376
6237
89
734
4243
9101
9501
6093
4361
2449
8049
3959
4790
7751
4511
4192
8933
9693
3279
9426
8570
4938
9081
2768
5147
9736
2409
3126
6011
4294
6148
8180
4141
5076
5178
9135
2088
5006
4592
9762
9499
4016
9986
9900
6044
6740
3722
9316
1764
2862
3917
2137
6493
4488
4990
1257
2572
9367
998
5163
3207
8675
7137
4623
5084
8366
4826
2075
7287
3106
4924
7456
3647
8675
5853
9894
5177
2944
6762
2253
7816
9996
5871
3108
355
9368
2386
4729
2340
528
7246
3257
2847
44
4739
7162
2997
7510
9483
9883
6650
4768
35
7981
3114
2623
5614
2117
8481
940
8392
1704
4384
8817
2553
7820
5622
4626
740
9159
7803
1287
6702
8417
3909
8574
82
2545
7123
9271
6019
8153
4460
5311
2004
3804
4769
6949
8608
1658
4483
7189
8826
7539
1129
2312
2655
266
8640
4908
6339
9429
2693
6285
7394
2980
6652
3865
8438
8162
1558
2747
9987
4764
2868
7861
8894
7907
9820
7528
6848
2887
8690
8122
2265
8457
4353
5596
8932
3125
8970
2109
496
1466
2153
8901
6437
402
3621
2316
6870
9865
6139
5501
8257
142
5743
8522
5010
2726
1726
8858
7705
235
3169
2586
285
8840
3126
1687
7340
8871
2607
2107
139
3241
6060
9891
7043
2428
3825
3189
2763
2995
9183
4713
4816
39
5412
8788
4639
3947
9999
8672
2599
5063
6800
9876
3500
4829
3717
3701
8666
3113
823
4766
1106
9432
2180
4473
2536
3619
8611
4323
9387
1629
8641
2488
5428
8384
2366
2393
9477
4165
4931
4203
2758
9661
7185
2678
8608
2771
7149
7184
5364
3124
4941
2620
8807
3803
998
905
3983
6440
204
3429
3680
2323
2958
3781
4096
2194
71
7121
2628
9994
9602
3293
6897
1325
4614
480
4079
88
8330
355
5035
7200
827
3244
2088
7352
8249
6167
5221
3243
6046
4042
7103
7507
7156
4556
776
7846
7896
3347
2331
1279
1375
6763
7428
5815
1777
4783
8097
6281
7820
1256
5989
1317
2458
8964
5797
1954
7683
6245
5652
5645
3547
3824
6274
8312
2592
1078
1280
2724
7596
7140
7114
5176
7602
3319
6139
2317
452
4387
3775
6706
4671
6874
5237
2765
2964
7020
8830
6606
2920
7719
10
335
1076
9830
9072
3888
3457
5407
3404
2228
3067
8636
9425
4585
3023
3443
5393
1904
5456
8299
2527
5217
7889
9717
6366
1425
595
7610
5843
1410
3647
5182
8977
866
9819
8427
7249
6984
1860
7026
1167
1697
9520
7266
2016
984
4525
5297
8243
8799
4951
5477
2410
2753
2128
8530
5780
8377
1792
1861
8612
6514
3101
6861
6341
9190
7730
4350
2332
8252
2807
137
8494
5106
6244
2796
3190
5738
6289
6630
925
4684
2235
48
9719
9743
2442
7837
7436
4654
6934
5396
8735
8210
4121
9320
2114
5292
5867
8605
1113
9192
7400
5887
571
7281
3137
1761
1796
1699
978
8036
9241
4519
6093
5659
4047
8585
7373
2161
2680
1192
8909
2365
7670
4120
455
4289
7972
6229
2551
9575
5889
3227
2724
6894
444
7014
6561
8360
392
9175
692
8173
3251
2114
9440
8292
5352
9467
598
6775
3693
2241
481
1848
504
1545
5327
1482
934
8210
6841
6091
5610
7776
9465
8194
8386
8633
9406
3048
2451
9964
2782
4532
5416
3229
9796
4298
5819
4050
6899
5323
4302
9505
3034
8778
6500
1608
4757
4087
1765
3971
6625
599
4876
356
9365
4549
7843
4964
3761
8838
5412
4343
6693
7387
132
6072
1085
956
5055
1899
785
856
4784
7393
7266
5899
9307
7051
4127
9579
9163
5561
8242
4715
4480
7924
7334
946
1010
3807
6357
4651
3564
2956
9759
3495
65
757
6075
4425
6940
9026
9759
1448
3605
4074
307
5249
795
2647
2659
6583
4726
3717
7646
8117
5581
4365
1961
3652
1362
8867
706
2444
121
7552
3666
9737
9676
5684
6816
1712
1146
3188
5403
1542
18
3172
8870
9331
3190
8800
3334
6543
8672
1239
5302
3764
4058
8059
2076
2981
808
9273
5299
9106
8573
8983
6532
1524
3216
3239
4415
447
6817
4477
369
4637
7626
4456
4695
2233
1562
5547
368
9958
8485
737
5787
1590
8064
9835
3917
8929
4423
3082
5169
2545
3733
759
2586
1563
3257
317
9128
4852
1304
444
3649
5768
9313
3759
7405
6376
7959
2796
5268
5390
6257
8739
7105
7179
6263
6891
4922
9057
1828
9854
4550
6609
7043
3044
618
7568
5843
1223
1070
8304
4280
6859
2311
465
3531
6962
6596
5047
8045
5226
3609
7802
3792
5342
7848
145
2357
1222
9393
6833
432
9454
7132
2505
5606
4578
7770
3463
9386
2231
8978
1552
2823
7273
7249
4738
8811
7210
2468
8398
7996
6471
5429
9388
5982
835
2641
8038
4467
4505
3934
1819
8418
1219
3133
2288
5165
7288
5248
1698
7049
2636
8278
7955
509
3970
5981
6552
150
7614
3560
8338
2660
8458
4078
968
9750
2802
6960
8618
9416
2434
7232
5451
1851
3605
9954
2796
2617
9161
9825
3380
8668
665
8605
2216
2451
898
3545
5212
4815
2265
1721
7323
3411
2390
9961
6417
7060
2444
3238
764
8605
2333
7093
9771
6640
4558
1045
4084
137
3130
2307
2512
5856
4460
3638
7358
3905
2262
1714
9018
3370
7538
8145
7520
491
3345
3307
2664
2243
7394
6932
8762
5785
4358
6043
7829
2181
950
1505
5071
4893
6463
8588
9399
8782
1113
8277
9395
8989
604
4183
8540
506
8674
6281
4151
5547
3487
7692
6673
2832
452
6092
4834
323
923
1934
2997
5886
4757
2333
1267
5348
3807
3521
5198
4901
5838
5867
3367
4175
1151
9445
4108
3364
8899
7069
5302
4450
7477
5728
2303
7927
2596
1328
9109
7476
6536
4733
1173
7086
2309
5526
8632
5295
7693
8905
5783
5134
4140
5786
6663
1584
2365
7513
294
5579
6989
4324
8086
4481
6040
4205
5380
8818
4146
4322
943
3715
939
2535
7856
7736
5343
9203
1556
9581
5758
9065
7429
6166
3670
6259
4131
7431
7827
7490
4069
7442
3272
3850
3435
8647
8556
8201
5427
3758
2575
6244
8241
8504
6654
5015
3120
4770
1018
8495
6573
7134
5911
2071
9530
8825
8586
2441
890
2556
4796
238
4146
5006
6318
9367
6174
163
2407
1434
4382
1031
2475
6102
8536
9883
6673
7517
1057
574
1392
1636
4395
6066
5981
5352
3065
5779
5051
6524
2058
9559
4470
6121
4426
2979
8662
5446
2117
6470
3709
6037
9561
9384
5352
4043
9428
2291
7022
8549
237
1040
8810
1179
660
6584
8148
4563
8533
8414
8760
3696
6834
2271
7630
5474
1733
3428
8043
5008
9095
2847
5154
1857
5095
1612
4758
5845
3092
6953
899
942
6352
9548
1104
1822
4736
3664
913
9308
48
839
3955
5845
977
9772
7872
2007
1857
5956
5445
3327
2857
6078
6668
1842
3433
609
9974
3750
2309
5827
6158
6998
8178
5253
5899
3927
356
9802
9161
4203
2030
2634
5084
9933
4997
5830
9770
1013
3942
6904
1020
700
20
2691
573
9295
3043
1777
6328
8127
5720
1210
8601
5034
4385
9585
6148
3968
3783
5334
7648
3716
5298
4515
3940
4443
221
564
7799
4746
2656
2291
4473
9363
894
6814
6481
3550
7656
1945
9006
1329
5002
8598
883
7543
7717
2961
660
5714
4353
8276
6589
2798
7116
5148
748
9167
2872
3583
7028
6692
2905
8410
2853
2219
2478
8526
8389
2420
8346
2323
2216
7296
2506
8286
7560
7677
7739
9290
7155
680
248
4946
322
7149
6482
3971
5924
1772
2917
7838
6815
1568
4493
8431
2345
4512
9178
8563
9361
822
9596
5772
1383
267
7847
8858
9060
5895
3260
6608
6329
570
4371
4274
5733
7961
2133
5666
4253
8019
8515
4521
4037
5612
3526
5286
6189
8570
9513
5917
3352
4860
1313
7680
1179
1590
5233
7218
3109
6341
7379
6823
6097
7682
3160
2322
1531
6742
7976
6565
7513
7574
5776
7431
5216
3991
3231
4725
5194
9364
9202
3931
3137
3338
7947
7882
9638
9474
7589
3597
2839
8420
5468
2929
7314
8700
4159
4658
3160
1418
1662
3096
3639
5559
1018
4177
432
3533
6531
429
9322
1703
9836
3454
6880
1670
4109
4822
5064
7537
8194
4563
2711
3010
4289
436
3814
399
8830
3923
3521
6620
1114
1720
1049
4856
3090
6414
6592
5613
1275
771
3283
9501
6109
4996
2969
22
5947
3152
3970
4868
8583
8684
2546
9867
3660
6642
7924
2166
6299
1155
6283
8384
8270
8719
4703
9066
7093
2838
2973
1285
8468
7194
9105
9151
4589
6447
5986
5104
3894
6659
404
6141
979
7873
9028
7407
2505
6400
5367
7915
190
4
7115
6333
5789
8217
9434
9375
3058
7136
5668
2545
1928
5431
6826
6233
641
3949
5998
5834
786
8668
5968
5710
2693
1895
6491
3995
2322
5297
2470
5383
445
2499
7174
1528
7738
5027
906
9000
4552
965
9233
2528
6769
6285
1705
5826
17
9790
1235
7688
9185
4757
4277
185
4651
8136
2946
5837
8290
4297
8650
5284
415
6338
5807
8600
4600
3528
7154
5513
6550
6860
8674
511
4330
2336
9909
5797
3603
1010
1862
4898
7062
7804
246
2863
7028
6795
5063
5074
5508
2316
8860
8284
427
9520
5996
1425
7401
6355
3632
4961
3530
9389
866
4541
7279
4595
376
3197
3598
121
3019
7308
4180
7611
2530
6147
8351
7127
1447
8312
5170
6989
7317
5929
9736
2540
3138
7050
3744
1392
966
4196
6436
271
7744
3783
3465
6539
5641
417
8938
3411
3911
125
7245
6206
3851
8021
491
4229
8990
2413
6295
3888
734
7956
3612
6567
9622
2664
4320
8012
7766
3683
7569
6843
215
4475
4964
7659
8243
5869
1484
2559
1231
3242
4420
8929
2257
8040
6598
3725
5305
3871
6047
5257
7775
7783
6526
8608
651
2337
6460
5905
7422
847
4769
2983
6085
8758
5338
8422
8461
2154
5659
8125
4519
8489
9965
752
1685
9453
2639
3733
4580
9419
6018
4060
8497
5645
8180
471
1623
5371
2102
5309
8577
8826
5955
5789
2021
1206
5335
2434
3521
4610
4799
1197
2693
559
7705
8902
4759
5063
4309
5126
4589
2559
6718
8876
6845
9533
9831
5228
9119
9324
6049
1145
5583
7142
2293
9683
6230
1386
4516
5104
8615
9694
1230
1070
3805
9956
3420
2992
7128
6023
8647
3351
4896
953
3019
6382
9019
6819
91
7726
4744
7929
5536
5555
8392
8230
2278
8418
6595
1854
9037
8150
8920
2297
3742
7009
1043
9115
3640
5481
3706
222
755
689
1978
7351
6342
6949
9029
2489
2521
1485
357
2376
374
7301
9407
9161
388
2448
1769
1825
7660
982
3789
7931
9078
3716
1501
187
3904
9212
6797
1359
5640
4106
2504
8182
6584
1044
7762
2967
2294
4489
9341
5103
9541
9261
1042
7667
6127
1751
3622
2944
4332
3845
9838
3487
7710
6809
719
7258
199
9446
2017
7227
3813
7836
4822
9908
253
1023
8909
663
1290
2690
6899
3747
5120
1412
5203
4870
9942
5469
1349
9417
4952
5654
6564
4943
1340
5214
9534
7966
8511
1458
4008
9012
2424
8157
5442
4304
5119
9515
5101
1845
4699
3991
6061
5483
394
2296
7731
7346
8182
9275
8244
6234
170
4910
9448
5156
5110
3139
8943
139
9868
2332
7457
8491
9633
5301
6903
4645
5257
187
8683
7432
4576
1016
6718
5484
2182
6484
1459
4345
8063
9943
9663
6656
222
8399
2547
8120
2084
169
9639
3561
6607
7760
5695
9523
5182
9836
179
7764
2085
9139
481
1355
9104
8646
4493
812
1270
9139
947
446
8560
9099
1427
2842
7966
5374
7981
1045
4604
6158
3562
28
93
2602
7905
6813
6254
5610
1651
9208
5391
4470
2598
5800
8274
2606
6765
2528
9517
4274
6563
1922
1718
909
2605
8884
2613
846
6335
4164
7525
50
1548
7227
7366
7909
3321
8603
4671
9574
1443
129
3473
9816
772
9992
5692
1331
1588
2735
5470
6140
7766
1703
3026
8517
6378
8382
1261
4739
8083
2591
9685
230
5236
7579
3311
9261
8166
5327
2497
1257
3168
7851
9222
6445
9219
7141
181
3970
3429
5822
2476
9164
8907
6734
8273
9532
3062
5812
3297
2561
5328
9057
7668
8490
6357
8770
5947
7613
9115
4394
3985
3273
9974
3076
3977
1593
7404
6441
963
4893
2279
6851
5849
6000
1203
9785
2467
7800
9934
7348
4093
428
6127
9954
1048
3211
9141
4166
8458
82
3623
447
5536
3759
8835
2171
6788
3983
8840
9902
6014
4722
5341
9187
6600
5697
5695
5995
5782
2050
8975
524
2795
359
9482
5549
6696
3852
3975
9004
1266
6328
9964
430
6875
4691
6211
6524
8355
8804
4047
6573
4413
6482
9053
6068
5580
7549
5680
3365
218
8626
7430
9322
9957
3958
6904
7595
6875
554
1953
6107
5827
6329
1785
7418
2674
1004
9603
3798
3487
4842
2379
3936
4981
1499
1339
4573
9192
6383
1431
8440
3707
5934
3934
3020
4278
8636
4451
7909
2215
6519
344
1335
7010
3330
4737
1332
275
4098
960
8583
4196
646
8484
8769
2175
3631
4668
2211
5934
8626
4868
4630
3595
2687
2534
4559
1353
5439
4260
5623
3619
354
4704
7255
4224
7615
2563
8047
9212
3821
6454
7147
9020
524
3522
2234
5968
924
772
3659
5058
9395
6999
625
5270
5405
5450
6769
5722
3441
2563
553
2166
6282
638
8881
4113
1371
5744
1372
7389
884
8467
9346
7987
6431
3264
7460
9407
579
1929
7739
4581
9789
8371
1083
4237
352
7735
3152
8049
853
9577
2870
7415
1199
1735
2538
7015
7729
5498
4684
6757
6255
5490
6008
5171
2914
9652
6393
2467
2803
9919
5114
4666
8428
183
3270
237
7822
3048
617
1564
2145
7038
3926
1548
3489
5743
7255
8357
7503
3504
482
3234
3383
6353
2044
6
2795
3257
6883
6819
3756
9322
9372
2662
7355
9716
8307
8870
8544
9916
1690
8627
487
7276
7476
5980
2977
2939
8912
5870
1551
8420
5439
5858
7778
1901
5611
4984
2892
614
2188
7189
5197
1553
1048
4729
7975
427
5988
4742
8478
2287
7362
5090
5916
411
4266
3279
2076
7553
2761
1333
8654
8471
3012
597
760
8898
610
9683
1817
1989
9405
2417
6439
8295
1012
631
107
3309
7483
9003
6927
3757
2685
3571
3666
8036
6641
8442
1300
2932
9160
6923
214
4952
5653
8265
9314
2557
3937
7138
3606
8974
2528
4461
4201
2513
2644
6467
1459
5978
2058
6134
2748
227
1450
3986
1439
3616
627
4148
8233
4714
1779
2741
5572
6890
1234
4942
2247
10
7444
2495
2167
8522
9471
1039
5411
9220
9375
7327
9787
5396
6594
6468
9659
7519
1478
7065
4645
2679
4698
245
8536
791
3104
8532
2772
4252
605
1505
9326
2887
2280
4422
3839
7170
7812
3248
4645
8068
5915
8318
7741
5147
9701
2980
165
2492
6735
8371
2728
6434
2127
8690
8244
8128
6516
5244
4913
9151
2520
2434
1824
5776
8525
162
3858
2175
7656
1684
9486
8759
2589
6052
1736
5759
3540
7878
4497
3129
1331
4778
8572
9306
6700
5859
2107
5786
9766
2144
2471
1493
7301
4144
4533
7922
3984
8348
2389
8857
965
5267
7390
2401
3004
7153
1300
5602
8931
7511
9495
3536
2672
9290
3014
4024
3404
8959
2796
682
8170
9713
7938
1325
3045
7720
4163
346
6846
480
378
9673
8453
2757
5445
1575
6076
8475
2848
1652
369
2230
2079
2991
6002
3197
6600
8276
3047
2107
4793
1924
7896
5699
8701
585
4538
8778
7155
9380
8901
7864
8069
8216
7986
5486
4851
7774
9139
3922
6198
9430
3970
8499
3985
2020
1385
1581
3190
3992
2999
7760
8688
3772
7523
3016
1941
2841
3399
2261
476
1518
2243
9519
2907
7310
5461
8759
5032
6138
6809
4474
3314
6937
7526
9196
8900
8522
8738
1302
3076
5019
679
3875
5153
4825
2035
2980
1668
9391
5020
4775
1399
1507
7797
5969
5198
5093
6824
7703
7570
6160
8657
5110
5600
5405
1232
8479
7600
6830
8586
5315
5750
6839
2656
9548
7949
4542
6477
1753
8296
58
8011
3232
7259
9537
2378
2647
2612
8372
3013
3010
162
2053
8514
872
7564
1828
4625
3372
461
2701
2271
8253
4464
5285
3308
2209
3458
5536
8711
9017
8155
1772
2903
621
1743
8373
7071
6909
5647
2694
7302
8050
9960
7678
1265
6740
6849
7021
8284
5985
1315
9012
5488
2417
5284
3180
3188
7480
4241
1796
7958
4744
8633
5030
6368
6622
3436
9243
9187
3308
3267
8274
3444
5452
6500
4319
3477
5163
2651
4874
9489
2749
9881
9632
9961
3544
1288
2695
3746
2906
5033
3152
8160
6024
2830
5783
6105
3185
6937
9920
1521
3841
20
3937
3833
8998
4405
4317
2915
7953
3974
8556
4851
239
1463
2589
793
8477
9871
9869
6801
8267
442
2502
7707
6060
6694
3937
7220
2661
4734
8256
4569
8757
6533
4829
7151
1081
3482
4510
8817
2600
5710
8387
8291
6789
4917
136
6861
6683
4637
3320
9865
7620
5604
8829
7133
2695
6060
7749
3234
3081
9459
409
5673
4516
5403
9293
9184
3034
3572
5876
5845
660
5758
7968
1971
9103
4491
3998
5571
7725
4565
2080
2212
1163
3510
5209
796
2348
9389
4244
9173
6524
5519
8391
9805
1912
5690
5546
9109
5232
8115
2535
3955
7462
7090
4340
7493
6138
2336
8812
168
302
970
2557
7117
5463
273
4031
9932
5789
9971
8845
8782
8700
2443
9271
6804
4588
7652
7054
9272
1427
2038
5657
2403
6066
3814
399
4138
3942
5404
2173
6444
6840
2130
6874
5405
414
8516
6755
8133
2444
5164
6914
8736
7576
7165
4998
8795
4491
254
6290
1011
4072
4284
4384
9978
3082
9046
5475
8773
7234
6919
4304
5146
7366
5263
8094
1982
8743
8142
4874
4171
606
4658
9444
8492
2687
303
9761
7344
6239
3883
3212
4416
919
7879
9441
9949
913
4589
1343
3239
6940
8280
3729
7890
8403
3046
18
9529
4425
3857
5082
2293
6708
753
4787
4756
7551
8230
8579
8546
1811
816
3304
3512
5590
4069
2336
5347
6059
3623
5941
2097
5843
1464
6701
2048
6281
4217
6111
216
9467
9754
3286
4776
4577
3589
4081
9338
3448
4940
11
2749
9027
5056
109
677
7260
1814
1395
2097
4249
6784
294
8183
7078
2238
5951
2979
356
174
9822
6790
5683
1867
7908
5226
520
8890
6829
7599
2808
2104
5284
9967
1704
6654
4851
3969
9327
922
6557
1052
3822
1508
4434
1784
1971
8850
1654
6888
6590
1447
7223
491
1608
8290
6968
9057
4333
5516
5129
9669
4638
6594
2843
8614
509
3215
2933
5078
2072
7264
6900
1164
2957
3518
2426
9976
2217
3932
430
7694
6050
9864
579
5842
3873
1424
343
9746
3856
6166
4885
8367
9032
241
4270
4017
366
5317
5274
7117
380
1209
2812
5636
8138
9258
2399
5303
7223
1314
6099
1329
8778
9094
4715
3779
6021
7236
886
19
7766
7331
2498
8445
5078
4861
4329
5164
4628
8822
7708
2544
9393
3236
8667
1436
6070
6389
6977
2488
4444
1982
8963
7327
3937
8675
200
1162
5034
6206
2009
5610
7729
3729
9969
3809
6502
8143
1928
869
8811
2293
5954
2185
8480
7617
6980
472
1028
4792
4609
4940
4487
1799
5417
1815
7507
5060
2514
5424
8424
1806
9206
749
7571
8026
4883
5694
1127
6125
3801
3675
5278
53
8871
8609
2718
7440
717
3631
3240
6034
6369
3254
8677
8756
1988
2006
9625
172
3923
5230
388
5635
2977
3970
9408
6250
2936
1140
2263
8815
5929
907
7079
5338
2353
116
4882
912
1211
7879
1347
2076
4000
8678
7351
4398
5711
9722
719
3023
6402
2014
4486
4126
1582
686
6379
894
3250
4646
6902
6558
867
7570
1281
3112
6588
329
899
9394
2002
6660
7401
4595
9455
6191
7371
2316
9287
1456
7696
49
7625
6331
4852
6062
275
4646
3701
7376
6448
5030
162
3569
6949
8606
6454
7139
654
875
7160
3572
9590
7470
1756
8659
6976
3938
910
9574
2122
2502
3109
2662
6721
941
822
3939
2596
3906
8642
3180
9652
9685
473
6256
5627
7214
2898
8991
8257
9987
9960
4583
4237
9513
2672
1031
4435
2721
6594
4771
3091
9835
2106
4033
2626
8222
5105
3820
7687
1654
3813
2623
8494
4500
6028
8402
5634
143
2031
1694
8589
3692
8153
9066
7212
6283
8246
6060
8521
5949
3251
8476
1312
443
9114
774
9860
2057
7549
4953
1903
3768
9663
9396
1807
2439
8855
575
8600
2206
7049
9478
9612
1743
3762
622
3974
9626
4418
220
9666
1034
96
1751
9117
9813
959
6937
6562
1783
8401
4747
5169
7086
1925
5943
6520
6462
6939
8671
1832
2938
584
4425
3302
1862
4586
2065
4290
9980
9238
2052
9535
4392
7370
7438
6343
1718
4740
6253
3938
2018
4051
2128
7523
5918
6777
5715
3946
9803
6261
3546
6688
1840
6762
9611
6500
1067
6935
1636
2403
1383
1046
5727
7665
1048
9213
983
6235
8604
4436
4375
3871
3107
8105
9353
745
9597
2189
2772
6629
7392
6710
8408
6347
7165
8903
4257
4206
2231
8081
4295
8143
4048
8867
4042
3033
3838
7434
3467
5846
2917
1738
5146
9489
9780
6300
8245
7143
6017
7668
871
2602
4943
1162
2271
6952
1169
6635
8446
1662
8868
6669
9113
2218
1086
5249
8255
4312
6698
1694
1041
4068
2174
5216
6569
4113
6288
6336
5268
3780
1249
8706
7830
5146
4361
5330
9801
7683
7320
2721
374
9228
316
3140
2265
8456
7957
7267
8811
2702
3423
57
4368
4514
8950
2369
2138
951
5727
5630
6006
8914
2881
7336
3422
1254
4560
8363
2316
9144
7264
5236
7195
7600
6537
3243
8392
4112
2875
3210
7754
6764
7437
8264
5681
7453
2474
4887
1294
1772
5355
7100
8987
6135
5304
6057
2922
9854
3382
2869
2737
5764
5734
6238
804
644
9988
8329
4294
1364
3911
8683
5238
3826
9240
3436
3644
5186
9239
2879
4955
8441
8303
5296
6594
2953
5514
6521
5638
8147
1037
831
2335
9684
8234
793
8402
928
3095
101
3394
75
4910
5271
1085
5634
1664
3395
3640
4253
5548
4481
547
4855
5492
8162
5835
1194
1439
3882
2190
9126
7798
5574
3566
2661
9000
9393
5818
9710
8780
4438
6572
6681
9382
5521
9737
236
5143
8939
2604
6027
5990
2154
2491
7630
1571
9544
2933
6001
1100
799
2813
2152
9076
4778
6982
7235
2318
9249
6127
7269
5965
99
2387
6579
5541
3485
9014
9410
3007
3107
8721
969
1604
6660
9191
4023
9752
5305
1937
5218
5686
7642
2911
8841
4247
5354
1215
4636
9850
8579
9509
9119
3299
4210
5000
4076
5168
3996
9137
8210
8170
6763
4543
4579
5234
9081
9369
9083
8394
7644
8479
1378
3107
4654
2849
8026
7091
5317
5407
2299
2698
1138
817
9396
2776
5882
6586
9019
5965
4290
8628
544
4890
9568
6172
5351
8910
5540
967
8627
7764
8151
765
2933
6713
9791
5501
2604
4887
8888
5360
7662
8299
1449
2405
6013
2022
7026
1481
516
882
5714
3708
43
9536
529
3554
9745
2519
8609
9762
4632
64
433
3405
3841
5886
9870
6672
655
9575
6307
7096
6642
9547
8930
597
6995
5158
9008
3445
6876
5844
1837
4133
6499
4302
5422
7463
1277
2234
4537
2833
1521
9944
8241
8973
8282
6839
5247
3653
4341
6260
1877
8176
627
5672
1384
3334
6478
8195
5163
9629
295
3274
8968
1145
1739
7542
7716
9747
1577
1509
8536
4949
5225
3333
62
5501
6100
2091
8084
9864
8831
8687
4428
6943
4990
1328
6854
2779
5896
5334
7803
5473
6602
7033
2660
3206
9634
4793
2340
7951
8866
5109
7368
4787
6311
6385
5038
4109
5621
5054
1984
9093
1499
7243
2920
4493
7407
4112
791
1383
6121
7417
8789
7633
7273
86
4212
694
7801
9706
9835
5585
6996
4393
1220
943
3797
5765
1304
5645
9425
7528
229
9720
9629
2345
8390
9553
68
6278
4837
5311
7161
6454
4081
2813
1579
4857
8300
7958
2161
1386
2824
1762
7803
7709
1543
7196
3258
5036
4307
6093
4333
5452
4856
6475
1556
9995
6182
6596
7577
2625
5804
8870
2002
5318
6981
4197
1475
8629
7357
7424
2715
4106
2346
5913
6261
8977
5068
2686
689
2015
662
7036
2126
7890
281
7036
577
8707
5878
894
43
2077
2213
2224
2941
4915
1177
4167
8870
3042
4812
7922
775
3757
6224
623
1311
4657
9613
2665
3969
9849
7943
2442
5769
1327
9132
5717
8069
802
3685
3669
6935
6840
4284
753
5249
8039
194
5268
9769
2596
6425
166
6007
8997
5832
9930
9844
6523
2021
80
2196
8562
9614
8310
3201
8329
7637
6163
8896
3642
2130
1874
7418
2048
4604
2540
2056
8188
7191
1356
8433
6067
89
3065
4587
9586
6257
9907
6034
7741
5599
5416
9458
9140
768
7265
765
9397
4564
6113
1108
8509
8155
2221
4767
724
9007
5189
3259
6587
6048
3855
1730
2658
493
1478
9411
5288
8923
5089
6870
4501
4693
580
6132
1114
1317
171
81
1385
3806
8844
4753
1757
5296
7517
9381
3328
3280
465
722
974
627
7771
5617
7993
905
584
5425
2519
1795
3100
7165
7632
3779
4263
8627
4061
1476
2131
4097
5916
9157
5310
6280
5691
1968
4938
4583
7538
8601
7698
4343
1151
1159
6978
8771
2588
240
8573
6661
945
8825
2941
434
3869
451
6327
2535
2247
8626
8728
6130
4930
8684
9011
5242
5946
6135
1707
1506
4137
518
1884
7457
4167
7458
4098
9645
7778
484
8206
5104
9352
2795
3609
419
6729
3471
7685
5657
9857
8792
9867
2202
9265
3477
9112
5303
5386
1111
3097
7124
5329
1793
5524
1961
2001
7099
1116
3859
7408
7127
745
931
14
6184
4203
845
1010
4195
9735
6674
4533
3675
5179
3196
352
6532
8680
8848
5903
5437
8347
8313
5849
21
7420
7593
9446
8826
8750
1850
3773
2125
8441
6814
6437
4910
3912
8188
8421
5354
6143
7819
1821
9890
2952
7021
2675
6426
7918
837
1640
5256
5642
9422
847
4125
8442
2345
5888
1588
9514
5448
5181
2297
5993
6659
46
509
233
7501
2560
7277
3619
1788
9315
5253
2899
6611
3458
2492
2087
6873
1513
1191
4572
9055
2287
9811
5567
1170
3961
8289
8415
7072
7399
8780
1222
2657
7995
4787
4886
4557
2898
137
1908
8542
4993
378
5657
2050
720
9786
9519
3563
83
9192
2761
4489
7177
2434
1521
764
5370
5575
427
2807
2576
6939
4139
9018
7662
7920
1974
5993
3959
5927
9639
8715
8272
7751
9228
1599
7382
4217
7280
7228
743
4427
2122
4841
4745
7477
6851
417
9581
7933
2352
9394
8846
3271
1155
8015
2712
9441
3425
8957
3021
3234
3425
4554
2185
308
891
4622
6759
7883
3927
2684
6904
3198
5190
2348
4142
1687
1625
7528
5404
5546
189
8406
2456
4132
4556
1424
764
1333
2591
1126
9939
9461
8724
7012
5080
6007
9142
8485
1033
3219
9472
6126
2279
2096
6196
3694
7893
9539
7254
3324
6960
3221
5874
8344
7361
3635
9376
6526
490
9020
3752
7744
8502
28
9892
6387
229
9751
5276
407
6035
2372
8230
3281
566
8303
1661
877
7131
5234
1278
1828
3812
6324
3566
8045
5105
5801
8634
7978
2534
4868
5699
7882
2388
7199
7909
4862
1770
4426
3614
6602
7675
5791
1156
2021
2790
6731
5288
4356
464
8817
6182
6809
4161
3741
2161
3896
8014
759
1080
7428
4768
9195
2552
5359
8379
2667
2267
7680
8194
1464
810
371
9733
6601
2520
8845
3674
481
9245
6225
3168
1881
3567
5172
9953
8137
3275
8848
5948
7505
9557
3006
6538
4209
9167
2891
7447
4074
2810
7631
9765
1191
4450
4310
9976
6355
9276
4873
6116
7746
2020
7905
7768
4982
992
2318
9966
4717
1372
4760
1297
313
7675
9863
1223
6804
7808
2461
856
6391
5301
8534
7597
286
2868
1961
90
5233
5037
7960
5012
8923
2100
4688
8104
9906
3594
912
1729
3249
9747
5141
5268
9281
9512
2833
103
4835
9922
7360
2682
2381
9216
7101
1829
6739
2880
6750
6960
9573
3733
5757
8957
7756
6038
3531
4397
2039
3491
8322
9988
3466
8224
3596
7450
7917
6231
6845
3117
8893
3213
2834
9692
2918
4239
5084
9878
4222
198
6269
4703
1554
5553
1576
7952
8643
2848
2510
4836
7202
6237
4301
6337
2384
867
6659
6185
6080
8820
59
554
9984
681
4287
3500
8573
1253
7597
6137
854
6374
6072
9311
283
1197
3577
5791
5806
5884
487
635
6412
3677
4298
3009
6490
6732
6461
6311
1324
1914
9708
7489
9483
877
5379
6054
1596
5255
2184
4089
3200
576
8486
7316
34
5268
6306
9037
2573
607
7971
7920
3648
3302
4993
8415
3422
4667
976
1800
8851
4245
2896
1490
2702
6866
1596
3273
7824
5032
5366
2063
500
2995
6699
2932
2203
3778
5891
6522
6703
5763
429
7184
2905
8284
3500
9988
7187
8014
4575
4468
7578
7729
3290
4335
6086
4207
7575
7858
7505
5148
7712
102
5736
8191
3515
8725
7527
6835
6444
6713
8945
9071
5043
3802
546
1570
4547
986
704
231
161
6128
8865
7465
6888
8395
6691
2620
3215
1776
6604
5206
1326
8086
5331
8436
3051
8973
6219
3122
6704
7114
9956
3179
1329
4539
3845
8461
2622
7883
9468
9844
4921
913
9085
6170
1468
7591
4883
8944
4034
4592
7434
5579
1881
6489
2588
9521
4864
3233
536
9948
1181
6449
2741
6526
9332
3937
5118
6464
952
2976
6732
2373
7068
2446
4448
5439
872
6053
3253
9700
7005
6512
1127
1613
3418
9658
9354
8711
3263
4936
3921
6539
9334
9326
2931
385
3802
4314
2582
5775
5655
6275
6585
6443
9520
6204
7372
1956
1674
2742
6599
9919
5709
2317
6334
9410
7226
5810
9956
132
5885
5222
2185
5181
5003
9668
4190
9562
6542
675
57
3086
997
350
9897
4660
2201
8944
5541
3621
9781
7053
1369
3849
8749
9510
984
5996
6801
7306
2143
2010
5230
370
3427
7739
828
4244
1859
6834
638
6987
5570
7345
172
1258
7762
9202
3531
6482
4796
3021
7049
5291
6457
7849
3243
8743
4481
6047
3593
2685
6947
5239
9815
3154
7841
4323
3291
8240
4994
2497
3206
7806
154
9226
2243
6530
7291
4306
1148
6389
7030
5672
1830
8577
6711
2024
8532
7967
9716
7984
7417
3877
1623
2555
3356
939
9383
3121
7799
4089
6105
3566
9682
779
2462
9423
6867
8735
8140
7638
5680
4785
4084
4354
4750
4914
1984
781
4500
3900
4171
6177
5563
218
9090
4023
5811
1811
5030
9102
2995
4547
7943
368
2529
4943
5735
7506
7413
4795
858
4477
5307
1322
3546
4135
2402
2048
7427
5344
2232
7659
9506
2103
3272
4583
4650
5385
7521
2479
8211
5497
8286
9597
3948
6817
2766
7768
8433
6343
7874
7679
2877
9398
8324
4247
154
1986
6625
6955
2448
4760
5421
8170
4290
4693
3255
7445
9621
7713
5561
1014
3887
1675
2026
6170
8853
4935
2758
84
3046
5843
290
1590
4027
9410
477
2094
5735
3135
5965
3750
3333
3838
9872
9239
2934
2976
2739
8223
9963
3136
7330
6270
1053
9730
566
1196
2561
2634
1494
5729
9921
9801
2927
1737
9163
496
925
7907
835
634
4007
4067
4960
6441
589
4976
6426
3706
8947
5006
7763
6837
4110
9067
5424
7161
1141
7092
7295
2482
3227
2365
6173
4476
3905
8178
7220
7888
8728
5022
4354
4751
4830
4675
4705
560
3793
5553
4264
6264
4353
123
7187
8352
9524
1460
7371
1210
7990
8340
1262
2471
3682
5444
1780
3489
8769
8219
2380
2018
323
2163
2582
7033
7717
4248
5974
3980
7001
3658
507
3997
8149
3729
8433
465
3032
4430
5872
9012
9019
815
6957
4513
1046
5814
4017
235
6695
7917
203
5877
5313
6088
3137
2820
4860
1461
8942
2917
3569
2664
493
9565
5256
841
2790
5078
4207
3296
6371
8944
9827
6421
7210
7207
3942
2671
4079
3486
9229
4482
8294
4105
4409
3059
488
7868
1379
921
7688
9874
1191
2296
9386
8188
2850
3326
6231
2737
9710
6590
7894
9003
6993
2696
3844
8608
189
1421
1513
7374
3674
8100
470
8334
7231
4650
5019
7709
3547
5480
4130
1466
743
120
6524
8925
317
4840
8314
9504
4344
5808
8955
7024
1780
1819
9770
2022
2089
9359
4089
5886
9369
7116
5872
1124
3560
5539
591
2322
6965
6691
1483
8423
7805
5430
3773
1541
2737
7521
8968
3284
7060
6233
1510
7356
3582
559
3291
2047
4741
5617
6843
3075
2737
7429
7659
6666
344
3507
2406
9463
6002
1276
467
1598
2184
3184
9162
5559
855
9380
5703
9085
6789
1105
329
4362
8862
5365
37
9699
416
2227
3320
8287
6651
408
6943
465
7220
8097
2834
9352
8387
5380
7335
2441
4226
9844
7883
4471
3304
234
6429
7625
3025
4477
9208
8421
9367
8160
4695
1002
9142
2592
9244
2087
7984
3583
8593
5351
849
9217
2695
8273
4119
9614
3191
5262
1386
7823
5229
2520
1196
7980
2177
1641
4700
563
3956
6315
6184
1233
8208
1260
1363
6936
1506
6767
4537
307
9192
8749
4723
6745
9959
526
7313
9754
5665
7302
3003
8767
7433
9855
8156
2789
3258
3213
3340
5064
9808
2853
4498
586
590
2624
8932
9383
9172
7929
2527
4527
4572
6787
4496
4176
1621
8729
8240
3276
4179
7337
275
4946
5803
8878
1314
6798
7502
6468
5124
5186
752
9168
9271
8828
1521
1247
2294
2333
236
8475
9210
5788
7075
9095
1149
1820
8003
8399
4198
2804
8814
2461
335
8037
941
9483
9156
290
7893
7358
9337
8440
1926
8984
9254
5210
6151
6351
6614
1157
9047
9575
1139
7220
8484
971
973
848
9829
8684
9299
3140
6943
9468
6122
247
3626
1272
4478
169
4582
955
7153
6110
5172
5705
7825
7413
1807
8585
7968
287
830
8898
3443
5841
6742
8493
9285
5717
4493
459
729
255
5781
8428
6947
4084
9725
6122
2646
7261
2118
1739
8224
1370
3614
9758
7225
1871
3975
6085
5442
1016
956
7407
4274
7356
4158
3277
7915
6799
9166
6505
7111
9701
3936
1253
2741
3164
8529
7299
2871
825
3373
1916
666
2515
4518
4435
3613
7242
6431
3034
8232
6542
4556
8258
6298
79
6309
9756
292
4548
7290
3200
174
281
349
1216
8541
2107
5792
2008
7032
8805
2865
8656
7573
8574
7824
6147
8848
8615
4709
7264
5486
5533
6697
6543
867
1907
1888
9769
5507
2698
437
4685
9952
4748
1723
5123
7608
3327
4133
7357
1858
6573
4361
2438
6454
7792
9853
9915
3425
6265
6024
3567
5281
3509
9805
9881
8085
1460
151
4659
7630
598
2209
5403
924
9856
6938
4135
9716
8902
7611
5670
8335
6441
1133
9421
9328
1648
4048
6135
5681
1120
2006
2910
335
2115
8419
6596
8970
10
7969
3435
8937
447
8049
2791
4884
7671
4007
8692
8683
8830
7981
2789
3047
707
8193
8021
3401
5827
5549
6737
882
2399
7487
453
5220
7733
6198
5125
7627
1679
5699
8816
761
3290
6567
4267
9817
2898
803
5168
3676
9412
5412
9759
1698
7685
3151
6366
982
5423
9558
182
1507
2408
7104
6333
1613
1960
2561
702
591
285
9573
9730
5907
7660
9895
5828
5851
2868
5211
4452
1860
5639
8605
9768
7882
1705
1211
1769
2475
4714
5853
2834
3318
4075
4730
7516
2822
1050
8351
963
4656
429
9790
4096
8348
2845
7043
9789
5947
3166
414
9928
14
8868
3554
6275
727
9385
7582
2275
9789
1737
9398
5904
395
1516
314
1995
5884
4025
3433
1913
8007
6506
4
5739
248
6992
3054
9235
3194
7186
7323
8707
9751
2473
2125
6788
4626
1133
5261
1694
6001
2354
1972
108
2788
8235
7264
5376
4236
8306
1980
4258
60
2877
7534
2914
397
1373
6170
2944
1433
5425
4304
4670
7453
6883
3354
2799
5619
9377
7935
9914
507
4156
6920
994
8080
7995
1305
1141
323
4596
97
8740
5224
5120
5506
9589
3278
8985
7563
6593
2967
2926
2846
6895
3004
4928
6850
1416
9396
6237
5292
7077
7264
4891
630
9661
5105
1069
4886
9345
8317
7837
8852
5040
3956
60
6137
4388
1665
2329
7731
5762
5495
8537
4577
415
6305
7023
9346
3409
8189
12
4538
9919
758
4710
4961
8186
5703
9011
5364
3835
7128
7865
6543
8188
2681
5692
9063
7134
1274
8003
9653
2077
1192
5606
6410
7333
2121
7916
8355
2656
2471
9928
2175
8697
3648
9857
5051
3651
4644
9854
6451
1131
3183
1191
5836
5531
4319
3849
3125
1683
6719
6318
6195
5200
6316
469
1222
9833
6015
7510
6816
3320
9323
7305
2531
2321
6276
4276
6614
1990
6871
7681
4800
6569
5745
3860
6104
6993
735
509
6440
6996
6227
6286
3873
4805
8851
4456
2484
6772
7090
9098
7845
2460
3249
1802
475
8121
9270
7572
103
5276
5410
4013
2972
3309
9640
8462
92
6417
9921
7537
344
1103
28
5274
6817
4328
1742
6162
4980
7947
8766
2934
8299
1841
6035
9236
7792
9247
8363
3222
7471
9347
6133
8612
9972
63
4787
1987
3635
8463
4639
1568
8395
9364
4335
1768
3862
2390
6413
5779
7172
712
367
9687
1118
5546
6696
9266
2392
9108
6440
9952
3521
1735
8002
1608
8455
3958
7950
1793
120
6975
1810
4771
7897
2355
9343
412
851
5546
4115
8270
5491
5587
8179
493
9592
2714
954
4285
7000
9366
6514
1096
8513
3009
2664
9130
6404
6153
6358
2869
166
357
5474
9556
6087
3965
8851
2509
7417
991
8974
116
3519
6482
2245
5444
9060
9303
4929
7806
4889
8054
4045
3924
352
848
6233
3421
475
1346
519
8254
1191
9748
5575
8444
204
1520
7886
7473
1294
161
4769
5223
7159
4909
3124
2905
4605
882
6007
8976
5489
820
6205
4697
354
2349
5365
5137
4233
8519
4526
3896
5319
2833
8091
6438
7104
5436
7030
5597
4801
7261
5643
3097
6186
7421
5803
6780
365
7553
2995
8780
1111
95
8265
494
4408
5126
7069
7881
4013
9744
4408
2658
8527
2718
4982
8059
9177
1538
7934
1288
8344
13
3725
2155
3831
8490
280
5849
7024
4054
6640
3900
8561
4135
1732
3559
23
9734
338
8887
9142
741
6210
378
8555
5665
5969
165
2942
7873
2237
7238
4868
6799
2121
7392
7885
7946
726
7182
5920
1558
7076
3530
6870
5308
8467
8411
9313
4087
4821
3451
4915
5278
8824
9756
5542
7915
2502
1646
2469
3640
9574
1278
3496
2748
4335
1993
3081
6005
8147
7353
9992
5988
5770
7936
9517
8894
6907
32
1800
6088
6262
1385
227
8194
808
4056
889
8242
2955
2990
2501
5015
2047
9205
8199
5442
9424
6456
5292
6196
2108
9112
2
7589
410
5014
2236
4092
4610
5259
8304
6722
9463
4817
3092
2778
8654
2714
97
9161
7803
5073
1286
6175
971
7089
2531
1836
9596
2926
1187
7198
9006
2793
8010
3755
2748
808
5740
6997
9050
2194
8698
9314
7543
9542
6646
4444
9526
3568
9079
7891
3790
1776
2573
1375
7857
8
9824
6117
3076
1262
3774
6619
1780
793
8426
5514
1770
3998
2801
3595
506
3131
8346
9507
1912
873
8038
98
8637
5561
4743
4613
317
6053
706
3559
8148
1648
800
3898
7066
7928
6651
547
1244
4534
7676
4008
2988
3859
8787
2268
1782
5131
2723
2850
1722
651
9300
4305
1569
3218
9467
5571
3424
8392
8811
2645
490
8893
1654
8533
9277
4368
9017
957
4611
6829
1868
182
5307
3584
7913
6969
9683
3624
4647
9978
8974
5696
3150
2483
7118
8280
4974
6559
9761
1877
5088
9915
7351
8808
4565
7124
2623
6070
3591
2929
7061
5294
5365
409
7199
5632
5241
5696
1925
4104
8361
5190
4661
7848
3203
1407
7329
5449
5931
9885
4984
7509
38
7048
6368
6323
9087
1729
5311
8604
4755
6583
3695
2548
9664
2996
8226
5722
5771
963
737
6481
3115
4083
5248
8613
1426
3469
6774
6676
5244
4115
8029
4562
324
2716
3273
3959
9223
5241
7408
3172
9213
2038
8654
3455
2666
1132
4812
7419
1572
6207
1565
4201
2130
9549
4575
4905
1225
532
9370
9878
8556
8482
8410
2724
5874
2326
5208
9992
5440
4871
5858
2272
8226
5831
6863
4875
5131
8052
8199
1339
9132
8103
5164
6596
4302
5454
9155
1718
3736
4877
3162
8668
8278
4256
8104
8775
4966
5830
6097
2748
5485
2439
9157
6146
9138
865
5182
7623
4305
5504
777
4451
3401
728
8932
5514
6307
7315
189
8237
9341
6350
2179
4133
4533
2223
8702
900
8518
1900
57
1912
9744
9140
7322
3563
1724
9148
6664
4096
5140
4819
4958
8927
3411
6275
2105
5615
7861
7512
6878
9312
1047
3472
2962
7118
9571
8323
3510
4469
1835
2440
52
4644
2300
331
226
1949
4238
4927
1994
308
7472
1794
7372
7174
5135
4231
2432
6698
2372
5176
4918
9186
677
4091
7010
9493
2476
6865
1049
9426
1497
1145
600
7395
4116
1527
6174
3242
2007
1939
5328
2289
7440
1856
6909
3109
6213
7605
8142
5552
9429
7486
2310
1027
1109
3894
2722
8135
7753
7804
7375
1479
5672
1024
9721
6509
4218
5875
8255
4948
1669
9679
6856
5444
2686
5904
9386
1811
6700
9084
5383
6759
378
6968
8943
2693
934
1336
7373
8339
5447
9287
7585
8989
800
3771
9884
1447
7202
6877
8021
2908
8376
3355
2126
748
5877
6008
9356
5179
1146
28
7793
6997
1686
5168
3026
7931
3686
939
961
5926
270
7479
8504
7758
470
3083
8805
2646
911
8495
817
9715
8239
3374
9391
5030
9711
3913
6202
9942
7125
7204
8495
623
6283
3795
2719
7893
1798
4325
6793
2750
6331
6623
7261
8322
3809
2911
9594
7057
2738
85
7155
6109
503
657
2311
7727
8905
1817
5967
2927
7526
6388
4456
3803
1469
1675
8615
2198
131
8254
1716
3241
7640
2307
3416
9701
9176
8408
1232
508
174
7338
6221
5882
1744
2938
9396
8662
1372
5514
1714
1150
3217
9629
1167
3888
4269
6981
139
6160
7483
2671
7214
3972
7455
1831
7329
8112
2498
436
4282
5503
5927
9372
9423
1389
2216
1875
4689
7065
7746
1009
7149
431
4495
9885
5577
5202
1072
9309
8684
8004
5263
8958
4147
3645
188
3566
7155
1516
5797
4916
1069
5470
8639
5045
5738
310
4511
706
3789
4084
6056
9553
5736
5626
9798
661
2411
4055
7014
6590
9610
2836
1964
6835
9792
3026
793
4876
6197
532
9017
3672
9679
5711
1305
8641
4751
6297
9507
400
6179
2406
7847
8415
6252
1721
908
7044
6634
3446
1012
9668
5110
3265
6178
6439
6290
337
1729
9542
1953
4801
5284
4959
3844
2201
5832
5164
7375
7542
5858
5924
545
3325
1771
6813
545
8758
9497
5898
8715
9188
1900
8315
1009
2766
2175
369
3510
5975
527
3998
1534
6989
7180
7768
5249
4816
2062
1857
9338
9807
7324
7861
1474
3382
3629
4448
2801
9947
563
680
7458
8886
5217
2846
4780
9788
1729
4264
1225
4210
61
1016
7367
1873
8633
7269
315
7931
7006
4317
5536
4998
8639
9949
4085
7023
1594
8411
9732
9473
7761
251
5172
7507
7877
8505
7031
3165
9065
3957
4294
1008
4310
7993
2451
3384
4706
4403
6
4127
5436
5691
3860
1118
8698
1649
1461
7382
187
6722
739
4883
8746
3909
4533
6928
6732
297
3875
3443
8803
3551
220
7391
1830
8595
2731
8251
3900
9844
2584
6659
152
855
485
9974
9180
9739
1311
5416
7963
2521
5014
2313
4708
7957
5435
6307
3672
5816
3121
3935
6512
3294
310
7612
7958
9532
3160
7108
7712
727
7156
5355
8631
9597
7700
1314
2659
3553
1328
3156
37
6339
5448
5935
3990
7115
363
7826
9499
8787
881
3683
1037
4986
1810
6965
7857
1062
1219
7116
6066
5772
3488
4558
7180
6232
1922
9619
4942
8812
1669
9270
3781
7525
7119
557
1255
1766
5768
4514
2185
8405
1669
4370
8906
7946
8588
7561
6947
6789
1909
8030
8539
9234
3776
3185
808
4964
2832
7899
1773
5620
955
6494
595
9794
2261
1725
334
294
8680
8490
4308
2602
5613
3915
3638
4535
5153
8772
4469
6636
5270
3875
3761
6329
5753
3498
5758
6653
3182
12
3821
9072
2574
4648
4236
4430
1923
9433
5745
4124
9792
9966
9887
7502
5050
8259
366
392
5933
1508
4867
1505
5727
7573
9611
577
7424
6223
3698
8191
4670
4886
4829
5367
7820
6786
5627
3661
113
4235
3847
9302
1316
1589
3517
8604
7900
265
1331
9332
7550
9496
952
5142
8088
3517
5664
8793
1594
6582
6151
3797
495
5389
9277
5634
3328
8682
1800
8417
9721
9436
2135
2933
6393
5877
4032
7601
9013
9025
6146
4164
4001
7532
1646
2671
9500
1654
9669
19
9804
772
8430
3771
4340
3874
6443
4696
2183
126
4721
7600
8434
2231
9656
7608
8212
2083
6300
8728
9589
9563
1594
8207
4369
1663
1120
5905
9345
7257
3875
6252
7481
1103
6939
3917
6507
246
758
770
6159
2716
5455
5069
7046
1620
4096
5664
8329
7429
6066
9372
5997
2314
6619
9469
6764
9742
5752
3934
9234
9135
2400
5877
8039
4733
976
5638
1560
2572
4508
8854
3860
5312
7821
4747
8238
191
3239
1819
9902
9280
902
8842
2558
3711
8322
7797
8654
7752
2770
8314
5063
5620
7794
3742
3131
2452
1152
1556
2521
6052
8188
4365
4131
1978
7813
3150
9857
6639
8914
1689
4934
6603
7195
3661
1495
8619
4399
2497
1333
3434
3608
8378
9512
3200
7440
5382
442
8809
5438
7840
9887
9713
917
1103
8553
4375
5748
411
234
5568
3161
5419
568
8219
6483
3297
5451
7042
8880
2358
6668
6257
9494
3536
6286
684
8610
5582
9191
5441
8589
3399
5805
7189
9862
4434
6850
7092
7298
1940
96
4700
3
8512
2695
9975
2850
8338
8458
2420
4852
317
8337
1243
5684
4337
5138
3636
1069
9700
5289
7956
4335
2517
5281
2962
7438
1903
9290
7887
4972
862
5245
7098
9845
7352
9784
2802
7368
428
7381
3587
4427
95
8657
5239
3072
9953
7358
3953
8888
4441
1027
8471
9479
6741
9406
7864
1706
7806
9520
4007
3612
5117
3609
4919
7336
7026
4640
5557
4971
6106
3931
2417
7169
2305
6600
1138
610
3171
7928
1115
4683
829
9498
2846
9416
8851
3379
6714
8491
5575
6751
9400
2028
6787
2461
2250
3073
5039
6724
2835
9723
8199
4927
6511
9848
4141
6483
5817
6470
4091
1211
1614
4540
2542
7556
1457
1509
3627
5138
8362
878
2752
3461
1169
4743
3781
3329
5471
264
9725
7480
2612
8477
4337
4545
9920
5052
666
1023
7419
2456
3468
6736
6147
3906
3326
5860
8741
304
8633
4683
1145
8147
1586
4558
2767
280
8711
7423
9374
6466
8590
5762
8364
5107
818
1522
3814
9789
63
8
1381
1888
1755
2381
8963
3764
139
3361
2959
1965
6776
8127
4857
9800
5301
2662
5120
9035
6044
3823
434
8120
9024
7558
6050
8254
342
721
2929
5258
1142
8411
2612
7787
3580
5454
4489
9127
486
5565
4502
9197
9141
6574
9388
4028
4144
1564
9538
1881
4265
8666
884
1519
5939
4536
5083
5492
1018
1889
3364
657
7876
469
5928
3042
2897
5274
2206
2836
9517
4207
127
4052
4826
6427
9507
6286
8444
858
2514
1485
2096
9209
6606
8751
1095
9134
1901
1397
552
5954
240
4945
242
6515
2252
6834
4223
6841
9004
2080
5346
2939
4431
3396
6036
532
9473
6364
7359
1951
2895
2066
2949
4084
1946
6030
6333
4349
1629
2597
7772
8052
2568
4121
5304
6129
4352
756
201
9206
9548
6179
9236
3013
7837
1040
3134
300
583
7878
9618
2886
3142
5107
1245
9732
5009
243
3474
7848
83
7142
1475
1289
9372
1335
6990
5469
673
2547
1299
6200
793
8452
8977
4530
2943
4716
1124
5362
3590
313
4108
5965
708
4875
6395
2434
3038
1956
280
2085
4306
4908
5224
401
9007
1179
3674
6803
3741
8185
1410
9657
492
2456
235
3688
9849
7416
8243
4807
865
3093
6485
8320
4904
4772
4579
9015
3434
7865
3710
153
4721
6521
3639
2989
2755
1939
7670
9871
6049
2003
5960
9120
1246
2871
3473
2299
5715
6842
4597
909
218
7081
3317
6573
8783
2281
5992
6204
5182
376
8676
824
982
9951
4203
1133
2185
4078
8568
655
267
5706
8202
2632
9819
7512
3827
3791
4545
5970
726
2068
3505
3235
8292
1279
7096
5156
8511
904
3669
4216
8137
6983
1639
8066
4592
3635
4898
5467
2393
5839
4553
9353
8522
6248
1610
2641
8704
9258
25
1332
9298
1565
2762
2769
8105
1348
4175
4738
4379
8790
3640
4240
2974
9258
2424
1556
3203
9246
8946
4200
6065
5291
4392
3676
3262
9705
6263
9833
2616
8576
6210
1891
886
5880
8853
5700
8220
4264
1986
235
9488
4157
6945
2694
9809
696
4337
7704
1246
1825
7961
8580
4534
7890
4712
3820
2473
6708
7115
4791
4587
1110
752
4273
3260
6598
7284
1561
2341
2984
6800
7724
529
8582
5226
8913
2772
7107
3622
8721
3837
2363
5417
9693
6321
7599
5188
1204
4862
3602
3983
961
3305
2912
5626
9154
816
5065
505
7855
2268
8177
2822
2415
8770
2267
9596
2536
9253
8946
9982
8226
9517
4366
3700
1572
3993
9855
5467
4639
5841
5852
2142
7278
8065
4804
8133
5223
5070
3808
7814
4869
1848
4096
306
8878
8696
4532
2193
642
2564
1096
9966
3117
7385
106
1803
1781
8150
8560
2139
2681
5030
7978
7777
9366
3251
7430
663
4852
3091
5660
3277
522
5473
8257
5665
372
9061
1129
6932
7877
2754
3723
1868
1300
3181
9887
5585
4481
7681
9261
8897
2955
3600
1652
81
4463
2896
1323
375
7755
1161
1071
7919
3757
1999
769
8402
9373
1086
372
1629
5512
7661
5167
1534
6300
5124
6192
6280
3510
2016
9779
7019
5025
6181
2325
7578
6575
4438
1591
6184
416
5820
6297
7678
1211
2777
9709
4001
6674
5927
3597
4503
4851
5093
8137
249
3542
3803
4011
5536
2946
300
9392
2183
4292
2038
3541
4228
4013
6853
9040
1666
7700
8761
4731
5260
149
3736
2977
2334
7647
7906
1405
3179
6331
6699
5726
3044
6645
5036
195
6460
8117
236
2159
3123
5393
9576
1083
7512
1216
9310
5450
6651
9707
7850
7829
9018
6024
4659
5739
5301
319
4708
124
2291
9063
3470
5666
4115
6876
1637
6759
813
29
3288
2942
5996
6098
9552
8130
5938
6207
2687
5770
455
1223
9692
3176
4427
7668
7746
6583
4772
5483
1137
8996
2281
2702
5086
1243
3933
318
4192
8970
4422
7960
2904
1690
5633
4897
2111
3281
4234
8161
2265
4821
2636
2363
4107
3573
5727
9415
9981
690
3177
4591
1164
9005
3462
4760
3291
9981
392
6734
5721
7050
2839
6838
1235
767
8478
5865
2123
7378
8555
6556
3660
575
9473
8715
8081
5501
9802
1264
4347
312
4706
2918
7578
9264
7269
9034
2195
412
5737
9390
5740
6794
4723
3190
4802
3866
1922
9381
4118
974
4414
2743
6662
6893
4635
1192
2844
6385
6892
46
900
3687
3260
1738
8669
2694
7806
7067
3128
2510
6917
6176
8709
8617
6044
6422
1051
6552
7531
3503
6166
4588
1293
6216
8377
9668
1568
9461
6326
6177
6823
6463
8831
1611
4294
918
8313
9735
6445
323
2328
9255
5124
5753
7807
3418
4211
8148
5063
9685
7589
8788
4557
6454
561
9255
8291
5608
9702
3861
4796
4573
7118
4371
3366
7520
7373
7285
899
3725
9866
7688
6277
3421
9066
9866
1719
6411
7001
8208
8606
4958
4112
2412
4287
2709
6869
6683
9381
9376
9042
3068
4728
6680
577
6471
6047
5716
4958
2881
1918
3711
1727
2224
1324
435
8829
5830
775
3535
4818
2921
1607
6624
5256
2643
864
833
9649
9946
846
5726
5513
3371
712
9249
739
9963
4834
7092
2360
3190
142
6711
806
4738
2286
2222
275
3841
269
85
765
7612
6361
3800
187
1140
1939
6963
3953
4026
9022
8600
6899
8837
3158
3145
7253
782
8790
8075
8953
2958
4215
9773
2392
662
4907
9620
1410
2028
3634
5919
5454
4633
9262
9443
1672
8842
9837
6932
7373
3683
8676
1107
917
9854
7967
4977
3226
1166
9573
6616
8173
8756
2971
7243
2145
8626
9555
6121
7983
1482
3061
3374
1958
1599
5644
4156
4987
1054
1586
3420
7696
5643
8273
5635
7987
9319
7325
2730
6578
2458
7076
7270
5715
1442
6224
5608
8920
5724
2821
1490
4081
2143
607
5873
407
1885
779
9602
9476
7485
2244
2725
4259
7961
9780
6285
5653
9524
7438
9157
9231
4480
5789
162
8713
6723
6009
8623
649
3004
865
6371
6172
9069
781
5963
8722
6704
8148
1936
3214
1888
3288
5415
2368
1156
4717
2726
3664
5335
5196
6945
8996
5152
4999
1290
5452
6979
5977
7654
3276
6168
2935
8065
3543
8358
9546
7339
7897
809
7885
7092
3609
2611
9394
7083
112
3283
6076
9555
2921
5780
5812
6593
3378
5336
1033
9065
1930
7132
7301
88
5900
9063
1606
7778
2504
6447
5171
1250
350
3012
8430
5498
6018
5056
8084
2393
5854
7452
6992
5800
9190
4236
5313
5588
1947
696
2924
2557
8449
7608
2159
605
5778
2543
2767
8569
5668
3240
9667
82
8675
2515
5216
191
9686
3570
7092
7130
9506
8038
8377
5691
5710
3795
6270
6316
3904
9196
1431
8210
926
7298
2365
173
6328
2200
945
4316
8289
1877
2581
1194
6025
3298
9290
7423
9460
3091
8868
5656
6008
6231
9351
175
1014
1644
7960
6569
1828
8054
8225
9813
2560
9557
3377
8274
5576
2824
9355
3503
9988
2617
230
8429
4771
5681
3491
7496
665
9695
5081
3322
72
359
5130
4650
3267
104
1083
2781
1064
4851
3667
5411
7956
4973
8431
3316
5211
8374
5807
5319
9524
4839
8738
697
8993
2719
4484
7751
5747
3200
6758
8298
6413
5709
4577
7792
9579
763
6482
6470
461
1217
1349
1593
3591
4882
2092
8652
5947
1241
3706
4713
4455
7233
2083
4128
1110
3354
20
599
9935
7329
5871
7888
8176
5198
6669
5447
4853
9192
3401
8360
9078
1232
1742
8851
6600
1265
7130
5250
2307
6359
381
8473
6177
6522
7990
3540
1028
8129
1627
6086
6412
5053
8487
277
6570
9155
8764
434
8757
9778
2251
4289
6437
5631
9477
9262
340
7797
7694
9633
8619
9623
7241
6028
2073
1268
8391
9828
4460
3011
8449
7264
4599
2030
7987
3826
9287
4465
6063
7895
114
9674
8245
6580
2970
3724
6467
1255
6025
8631
7131
8943
4766
4400
8571
5400
9828
7331
944
3393
8687
7135
7838
7747
7454
112
2119
5920
6910
4191
8918
6219
673
4229
9922
9440
1768
3558
3760
9754
4293
4306
9781
694
2901
57
6469
7184
9433
6122
5519
2205
2529
6371
4904
5258
1518
9484
3205
4439
9387
2516
8063
7505
6745
7476
3645
1239
7185
204
9619
1189
2470
8498
1584
2959
9770
888
7366
5802
4972
6810
8591
4487
2433
9470
9209
8788
4534
3182
6482
6432
5655
9751
796
5856
2558
4522
2564
4825
726
8108
2259
708
6681
5137
3280
1474
6679
8293
7902
6555
4549
935
2171
177
1347
5983
791
6683
9908
2417
6433
5299
7291
254
1115
9323
4631
8603
3681
3431
3434
6710
3785
1092
6460
3146
1048
9432
7525
4837
333
5014
9624
9492
8335
5595
4152
8933
1275
1534
7428
2927
9879
2139
370
8257
5789
2055
7369
9496
9904
3218
2221
3239
2940
9761
4780
9255
7420
7371
8446
3872
5650
8929
4699
9315
9608
7367
5506
9806
8220
7417
340
9042
3110
6766
1781
5254
4768
1274
8362
6213
716
8234
2337
5551
5797
2425
904
6276
1088
7170
573
2268
1340
1184
6868
5063
992
3684
2818
1417
1410
1577
2771
951
627
6215
6909
6532
8038
8695
5360
7813
5507
1553
7881
8093
362
840
8286
7035
1959
4742
5786
1953
4669
1161
1688
7395
948
4228
5722
1749
7493
3546
3951
6566
5730
3389
8710
3457
9086
9029
9745
2682
7791
1062
3350
1151
8564
2154
2090
3366
8198
833
1440
516
35
9392
190
7161
8047
6279
7612
7968
460
6345
532
7020
9574
8954
4807
7204
3430
3270
6722
3526
6124
1100
7466
1763
8075
958
8572
9425
4560
3002
9480
94
1422
4745
1836
2556
8029
655
8458
1834
6527
9252
3457
3523
6931
3991
1980
421
5104
9681
6921
2317
9254
8145
2950
7514
261
6222
4511
6007
2153
7836
1324
7619
8495
1739
9878
6480
6105
3499
4853
3937
7127
1366
5123
2982
9164
6235
62
6281
2347
2618
4348
1362
9160
7432
4429
2401
9180
6713
2612
7713
3652
1981
5829
5660
52
8968
9603
9030
6401
7437
6384
9748
3034
5212
8024
8927
3478
5808
2726
488
6231
4117
6193
9206
5199
3153
1104
2487
9094
2714
5638
9788
7622
3208
5231
7742
8814
7206
2121
754
2558
1637
4955
4097
769
1748
367
6329
2468
9471
9902
9320
9827
1928
8493
1582
1238
1821
7872
395
3419
8591
8724
2928
561
5109
9201
9266
2316
7338
3244
6854
5998
9140
3721
6120
1458
3993
2787
255
4106
256
9537
3744
9871
1718
454
7339
7801
652
3424
9052
9059
9188
9115
7115
8571
1356
2743
748
9038
5609
2964
7157
6667
1692
1308
3862
4247
2426
4389
1660
7004
7052
9416
5527
4891
678
1553
5504
6900
7696
6545
4009
7143
2263
5338
2197
774
6919
1833
3301
1284
8247
8693
2177
66
4892
548
7196
5383
6897
3840
8379
4733
6396
4316
1715
5399
2124
4918
8689
6850
168
7830
5295
9532
1459
8029
7914
4630
126
6050
6979
7326
9417
1318
7935
9038
6869
3909
7287
7769
4317
4836
1781
7698
920
2856
4236
930
8331
3929
5199
9215
5014
2879
3807
8733
9446
6052
4741
7168
9338
7515
9196
6090
1604
4524
7407
5995
5048
9279
2775
8341
506
1661
2951
9165
2378
6340
5576
6012
9322
9327
8175
1783
3563
5951
6822
3007
2076
6475
2816
8486
132
2798
3480
1754
4396
5741
3046
5701
438
9381
8586
6548
5717
4969
3866
5459
5450
3292
2829
5253
5885
9872
6417
4997
4295
823
1172
4331
6706
416
8470
8861
2980
2532
2605
3965
7943
5151
2693
9943
5904
7400
6462
92
90
6359
5818
7304
5536
1016
7427
573
3496
2176
90
214
1131
2809
1495
2201
7558
3074
1266
6056
1795
8905
3426
2946
1640
3239
4272
5038
678
4794
1252
9461
550
9011
3504
3951
3350
1411
5281
644
1777
7254
8523
4757
4775
3719
3854
1600
7474
6541
1630
8251
7226
3188
9085
9801
5269
1452
9833
4308
2042
6844
264
9416
2710
2172
2057
7899
6677
4262
6924
9336
7212
8583
6953
127
3710
3011
7560
2616
1669
3615
8598
522
7522
7952
2646
2211
4771
5362
7971
2151
9947
3409
7051
5052
2679
5792
2991
1154
1172
1706
7548
539
1886
6376
4964
1853
4126
574
7491
9321
8347
6599
2340
8265
7332
6120
4868
2062
1078
7873
5888
3457
2122
7051
6906
7096
9078
7564
9035
5158
9630
7803
6504
8715
3948
6529
5233
7741
9049
4266
3151
8923
7329
5778
1682
4555
8199
3379
1116
8043
2180
780
4965
542
3418
7754
853
1349
8014
701
1019
2779
7242
7008
4534
1752
9290
8101
7089
8954
528
8712
5929
4213
7668
3342
8717
1444
9237
2365
6485
4329
2239
1419
2738
8650
2457
9937
3659
6106
1454
8083
9575
9893
2977
6453
3597
8179
5309
1340
9033
6353
5956
3772
4593
7743
8336
1080
701
1800
1863
4415
6007
6376
9967
9875
1644
289
8425
4737
3449
3039
3617
409
2970
344
9196
4867
2132
7179
1770
9274
2969
9243
9829
245
6566
9682
5682
319
6767
3835
470
6115
9017
4264
6279
2665
9988
414
2939
5036
8607
5756
8421
1183
2064
5479
3396
4675
5217
1599
9765
3942
6870
4358
2692
7463
8917
4259
662
7023
9628
2095
9530
354
9840
5417
747
2980
3742
3662
1583
9860
6684
5977
22
6018
1796
7574
7601
511
2476
4144
8132
1109
513
9518
593
6802
6383
2988
2507
5944
752
5178
6171
2615
484
9850
1474
4057
5708
6460
4534
5612
5599
7644
2993
1231
8463
105
9549
9458
7643
3420
7500
2894
5599
9789
6798
7529
6930
6164
9804
2134
949
4063
1428
330
7355
3419
447
3343
1329
1699
7457
2531
1861
7407
1491
741
4893
6884
112
8965
9940
981
7808
277
9360
8848
8828
7134
2060
6931
7557
9383
7671
257
4731
8054
9452
5867
231
1993
2288
6912
897
7629
3390
9896
9480
9985
57
5723
3811
4369
4015
3066
7461
9249
6617
4978
7418
5505
6844
3201
4981
4585
1791
9669
5675
2373
4783
1035
1903
9264
7291
3631
8662
8698
1529
6112
2189
481
6988
5121
6174
6305
2099
7498
6433
9303
4108
1023
8586
9333
9825
2645
7719
7578
569
6670
3148
6848
8665
1307
5741
3623
118
8874
593
1598
4549
8878
1807
6322
4755
5049
3595
8157
1493
2149
5129
8718
2603
7603
5260
924
8474
8631
9529
7495
8879
2511
6679
7969
9729
2025
7283
3670
7154
7390
9267
7304
2655
5562
3947
2707
8199
7497
7809
7505
6717
6235
3904
5210
6441
1610
4258
4983
9526
7039
1574
447
4204
2685
9283
7122
9295
1479
2856
3649
5444
999
4397
1740
9367
7308
1534
6033
4980
7970
3355
8997
6322
9099
2604
434
8554
9295
1548
6488
9874
1700
1661
1455
5851
3484
6652
364
7912
6771
1072
7327
508
9199
7871
4059
5884
5227
6291
6346
7156
9034
7296
7076
4906
6806
3809
1931
4144
2447
5098
8049
1007
7583
2377
3573
9414
8958
3720
3721
2996
237
3200
5029
6176
8212
8730
2614
7644
5247
1785
2748
6018
3428
1593
5174
6700
5787
228
7611
1469
7780
1902
564
5354
6631
5063
7246
217
4760
7936
388
522
2261
9996
5961
128
4369
9391
5376
7126
1249
4411
2676
120
5140
5391
2503
5582
219
5338
4616
6981
7099
6713
6514
9299
7268
4245
3656
6318
190
6878
8485
3632
2315
4361
4144
9040
2929
9454
5771
5609
8439
1015
688
1442
8685
8540
3167
6265
7779
2296
6440
2569
6591
8138
2541
9592
8013
8110
6866
9968
3860
1147
3062
7612
4079
5277
9137
3634
7984
8409
583
2532