10000 34211902
3711
576
9081
3280
1413
6818
5142
2981
1266
484
5757
2451
6961
4862
2086
3583
7643
2187
8495
8436
8926
9822
3331
1210
843
7736
5613
2984
3944
2087
1306
1266
1752
8643
1094
2903
3835
6930
1423
8612
6436
1230
9887
4597
2353
9407
1220
8404
2493
4117
6151
9933
4363
2666
3545
6450
1641
9674
3037
8175
1744
6750
9474
3096
4783
3088
205
699
5096
8426
3773
8936
6087
569
9471
9998
3304
4017
2848
5428
2961
5133
3599
5213
9613
8120
758
7568
8998
9933
5468
2051
9610
4077
7064
7686
9570
5737
3713
168
3186
2821
3645
5738
7310
974
6007
4596
4358
9914
3025
6785
4081
6230
2168
1844
7549
7124
4680
6781
8677
2299
2403
5036
5447
5128
9410
7550
2442
7453
8884
4271
8786
4801
8140
2710
4750
5943
4240
8749
8554
1277
8669
4765
2249
9630
8788
1967
1427
2956
6013
4407
2731
9805
7164
7344
6487
453
5989
4547
7861
3950
4869
7790
7263
8875
8362
6103
8906
8620
7460
5538
2564
6865
3737
6923
1989
3272
9412
2397
4966
827
7250
2518
5914
2731
9810
4118
6312
3256
3031
1287
4654
2253
6169
9987
3074
6319
6931
2599
6982
4533
1182
5015
3637
4441
7979
1374
9089
8980
2987
8941
9518
7455
1126
2885
7223
1246
4798
7125
9004
7574
7934
5262
3968
1450
4128
1902
1729
3530
2325
3921
8037
3964
3606
6325
2060
5370
8360
41
1609
3890
7450
6287
7954
2532
5862
6561
5174
1039
9353
4916
6385
1076
991
4138
6360
5526
6907
2589
9269
3721
5663
8128
1068
2425
7750
4290
1352
6281
2567
8047
344
3476
371
4416
8043
3224
4864
34
2361
7590
3389
7944
3032
8886
7489
414
1921
4481
7822
2432
5909
9560
5565
1710
9790
3141
2441
9813
5433
427
3869
6754
5098
8986
3832
8175
6449
4823
9202
8052
5094
6621
453
5402
9232
6977
4985
2380
55
2605
8937
7444
5946
2469
7805
1751
4382
7177
9192
3411
2015
2820
4865
8213
7018
5204
874
3915
1914
5725
7561
8962
9983
5547
9033
4848
5864
8826
3981
1208
2677
923
1855
5784
6938
3212
9838
9989
8561
5917
5693
5685
5370
7434
4791
842
2789
4052
2859
8883
5807
2568
4963
5239
6121
1467
2516
7488
4098
4821
2467
7460
2984
9034
3136
7564
2702
5034
9613
3027
6827
4506
5505
4161
4762
4065
5349
2341
6215
4267
2622
2566
6824
7588
3183
9788
1079
628
9952
5857
9148
7304
8895
9811
8155
9852
1952
1741
5149
9515
3496
2155
1070
5289
2238
1134
2766
5853
546
1801
2042
7529
8034
1330
2747
1902
8360
686
8285
9503
6038
6747
3014
1416
5833
8888
4361
434
3759
4971
5983
8157
1500
1497
6112
6339
8495
5602
2470
2484
7250
2039
2283
8318
7228
4486
2978
2434
5359
1974
2383
4054
8591
6003
5440
5704
2486
9396
3520
4428
3007
9029
5740
8924
5720
6310
387
6816
684
4852
4946
4395
5756
7091
9750
2461
2907
4193
5107
2543
7183
1680
4592
4720
7574
3585
9641
3613
6459
3196
6378
3803
562
6009
5900
1701
4889
4623
7835
474
8111
5147
7873
2197
6918
4928
822
9060
6067
3554
8999
2047
8759
9014
9268
8327
5701
4683
4066
6030
5919
2018
3267
3487
6826
5222
5206
9188
5164
5789
7340
1192
6627
3422
8596
4072
7029
3984
6887
6886
4660
2615
2598
8864
693
3795
4496
7011
8340
1384
2955
1533
9543
729
4407
4010
8393
4763
386
2598
7488
6443
1866
7012
6993
1203
2361
5897
6079
2629
7285
7459
353
8511
5878
6751
3494
1009
9798
5357
7215
943
6146
9952
9080
7011
9201
7404
8960
7078
6056
1385
802
277
9305
198
19
3730
4562
3596
3386
164
4011
3883
2442
7577
9488
8777
8457
8828
5690
6926
2078
7847
903
1404
2041
3891
3710
775
5985
8678
9536
4729
6752
3860
2588
56
6994
4416
4077
1414
4219
6702
6677
2271
5843
8499
9339
6441
4042
4190
5201
9471
7580
7365
3372
1813
4736
2748
3977
8074
4878
1563
8881
6466
824
3876
8247
3074
7208
3173
1002
7227
4248
7703
9616
1281
9389
7725
4640
5006
7608
4963
6925
839
9377
2498
4318
9808
3185
4176
7102
838
2088
274
6339
8609
5288
4591
4750
8060
3103
7783
1530
5330
2855
6048
1510
944
4057
1989
3077
6707
5665
6435
436
8513
6009
116
5966
9635
5652
1635
3017
445
8882
8251
9998
7028
4557
4576
7909
9088
8497
7790
2059
5789
4590
8365
7684
4687
4793
6218
2660
9718
6529
3996
903
4085
6684
97
796
8625
8077
7015
7348
3327
5405
6707
8538
6070
6452
178
5631
6613
3816
1855
1918
4339
8179
2961
8949
3820
3519
5323
3106
2771
9944
5142
3068
779
7300
5840
3576
8463
8066
2111
4558
5484
9531
7819
5630
7717
797
800
8368
534
2269
7234
7586
263
3179
1470
2677
170
9964
8261
7801
7767
7778
5389
6438
45
8108
8313
4240
5010
8458
798
1472
7606
5501
6257
530
4621
1780
6756
235
1771
2538
4078
2263
9887
9227
2663
5408
1656
3059
2761
4049
2175
2270
3933
7769
8962
5580
4593
5206
6992
5417
9286
7270
93
6981
163
8830
7211
5272
7465
1750
5452
968
4024
5693
3007
7979
382
1841
1080
9782
3669
3455
9767
7432
2798
2456
7077
8271
3200
4504
7372
1974
7498
3309
9858
3878
1712
6265
8812
8597
1945
99
1218
5442
6057
9715
2572
1599
2295
8453
923
4197
8855
62
812
5872
3469
9943
1005
3551
3388
6694
9355
8422
4477
1536
3990
496
359
1180
7069
7466
9937
3301
2774
4482
7878
6346
7915
8173
4133
7654
7360
6035
927
5459
140
4626
8356
9498
7875
9845
2588
3505
4739
2256
9105
6219
7434
9670
7975
4206
1162
4997
6809
4994
4224
1312
3207
4800
4288
2235
8809
8850
7946
8273
1499
2167
4066
2269
1101
1333
672
6426
9303
7352
7367
3528
2442
8986
9773
9625
6142
5351
272
7395
2222
5500
1546
8199
5138
1431
7377
5358
9688
419
8984
5522
1818
6275
9451
2910
9444
3068
4781
233
5379
6858
9293
4789
9434
3224
4754
4555
3052
5854
7372
5826
9338
9320
4845
5121
7597
1005
4594
2446
3730
6405
8939
1862
1770
9532
213
5427
9219
8401
9491
6908
2392
7528
762
4188
5620
417
7369
9199
4046
1612
283
4448
6567
6712
5408
4822
5169
338
1703
5694
2860
5460
5
5472
7546
412
7259
3689
5925
4346
8474
3899
3356
4801
545
7251
7147
7169
1585
5940
1237
7288
4761
4266
8400
3969
7549
9826
9666
8247
5894
2950
8456
6764
8069
5858
1754
1482
4604
7055
3252
5513
3003
8370
3557
69
5177
4032
7137
4676
5182
5294
6237
4266
1683
8063
2833
1815
9372
2622
1849
3898
4531
5946
6233
472
1325
6429
1784
5182
5603
9602
1612
9363
7198
6537
9835
4995
8069
1865
5913
1973
974
7598
9815
8857
7686
7132
7475
5710
6102
4739
428
7276
9076
9856
209
4709
5870
2962
7394
9951
573
80
7560
778
9326
6506
1285
3644
3419
4754
694
4032
1171
7718
1425
1086
5790
4942
9154
6552
5397
9323
4738
3020
1516
1295
308
2062
6775
5157
7911
1749
2055
4566
1873
2580
1010
4880
4360
8143
5886
2468
6859
5778
2253
3991
666
592
4425
9412
6136
3802
4880
1280
657
5130
784
4428
7571
7598
2043
9798
1895
2664
6525
5955
3667
3044
3794
2707
8876
652
9189
2241
5578
8756
3325
8052
4576
3623
5155
6331
6145
7496
3904
556
736
6374
4182
8812
8962
7842
8857
7719
9535
5297
6125
6468
9800
813
3161
9310
4360
195
7299
6994
6134
3300
1013
7454
1731
4826
2808
2530
2134
5077
3423
3305
5158
7999
4674
2966
2084
709
4146
9049
8879
6629
2596
2039
8156
2611
3198
9547
8658
7251
9502
1067
5026
5486
4532
5974
6368
6866
3975
901
7794
1157
6917
8528
9209
6550
712
8351
6251
2324
4151
1760
7094
766
9005
6522
7576
4394
6378
8450
8257
892
2186
4802
7601
5628
9676
3648
679
8181
4602
4546
4065
2604
4378
347
2130
5962
7135
5886
6730
841
6074
7308
4209
8019
6054
4570
8440
8390
695
6239
8572
4191
7675
8989
9589
2907
5213
4795
8487
717
6448
6872
6734
5998
7960
8899
181
3498
4473
2502
4804
7408
154
719
433
4187
5580
4917
1255
4906
4396
8314
953
1609
6632
5761
7937
4614
9496
4475
6557
2656
1348
1380
2753
1870
2791
7315
7738
9719
6988
3264
2363
9238
8776
6588
2018
351
7354
1705
4543
9723
3843
4317
2912
2477
7843
4405
5736
7577
7390
8912
4202
7991
1044
8676
3608
7232
3584
6005
568
5377
3246
7743
163
3030
949
5363
8294
9590
1679
5844
1291
8395
3092
2627
6294
8712
9491
2301
9565
1889
8575
8317
6460
6889
6253
3621
508
3384
2427
5233
9301
6502
2241
7819
1837
3596
3475
7766
3193
6488
5750
9459
5925
8415
6136
6116
1924
6316
4508
5697
1346
7192
4893
8723
8561
1645
1770
8390
8936
6297
7186
2754
9976
6807
2556
9240
8478
3347
6081
3719
251
2317
3597
7988
4857
8795
4056
5819
2735
5271
8706
6997
458
1786
487
8548
4648
7468
2122
9763
6390
1720
2637
4769
41
6084
3763
8829
2086
199
896
5129
6171
2445
5552
4997
1745
7073
5308
9698
7310
5353
4555
5168
3480
7507
400
34
3600
2062
2776
891
8130
3239
7973
1449
8877
6300
7819
8479
3786
3076
1905
4700
5559
4398
2844
6036
4856
3191
462
833
5160
7347
3483
2039
959
1455
5270
9503
4936
7722
5217
3276
7479
1116
9411
4467
6219
6911
7657
8067
3084
8103
982
9058
9247
9610
190
1886
3337
5888
5014
8468
2004
6899
1607
5935
6001
3066
3084
1996
4254
8151
4290
6371
3599
2697
5055
6712
107
1085
7056
1969
3247
4793
9789
4574
7968
791
466
8722
5054
6351
2668
5139
8969
6875
3524
7071
2065
7600
7378
715
3634
5598
5288
5151
1668
4803
5218
3652
6658
6934
87
3981
1926
8728
1450
9009
4378
7022
1381
8108
4707
4904
7051
1832
8685
5688
7301
9773
2178
8059
1337
7646
225
4855
2032
8443
2
1980
7494
2846
9112
5705
7713
5485
66
1903
8555
8076
6635
1334
1061
4235
5809
2623
1657
6846
5719
4524
1538
4333
6007
6873
4113
2134
6700
9032
6934
6632
8227
3466
1153
4497
9108
5365
3508
3288
5672
202
4130
1922
3314
5575
701
8861
1604
1911
5073
5005
7966
918
1389
1431
8770
4500
1628
4742
8416
827
1591
562
8355
3695
5023
5191
1163
7068
1476
5730
8969
3396
7536
612
1246
5449
9194
9342
7558
1574
9370
3744
9272
917
8091
6751
9366
1016
6553
6798
2044
5942
2544
5670
4491
6623
6102
7834
2774
4684
8999
7169
2025
1834
2853
5396
6173
8755
7194
7533
8611
9469
2494
5393
3437
698
3218
379
4406
1489
1370
9330
6862
7105
750
7908
6119
3983
8369
5922
8122
5974
5887
6588
5722
8870
9171
9556
4863
6078
6329
1401
3141
8289
4181
552
3506
788
678
2385
6597
2012
8256
834
8743
4277
5757
3432
3009
8673
103
4587
1343
6264
3636
4071
8767
8613
4521
9941
3283
8832
9155
4173
4806
8486
5528
8945
6512
4851
1100
1735
2965
6387
7115
9472
5588
7720
7722
5952
596
8138
6466
1006
4075
9683
5721
7402
9195
8979
5033
1241
2053
5554
2038
7737
1522
5648
7856
8148
5932
4295
5257
8195
6090
2914
7276
3615
8581
6835
3666
6539
6587
4077
7305
7316
148
4359
6691
4264
7376
7739
6323
578
4871
2412
8302
2121
9202
8241
5830
6731
2589
2287
3185
9083
309
8822
2275
4543
1655
3181
1921
7061
1969
894
7047
2663
7811
7315
1158
2185
3826
6153
2344
4338
2854
9765
1144
9677
9411
2079
8466
9249
3818
5051
3641
1091
1225
2345
1490
2547
970
2479
5077
8301
271
8161
419
6305
3149
1144
856
4658
4467
6105
6137
8474
1329
4149
6353
9440
9487
6476
1101
5262
9722
3083
9734
242
7083
265
3578
6444
8429
3071
2410
5664
578
441
4135
7468
521
5348
1262
3561
8277
9798
151
6093
263
6947
9733
4882
2528
8589
4912
2429
3524
8143
3485
1006
4795
4543
1706
7068
4798
1990
8460
9324
2980
5291
3131
482
1214
9031
1355
8211
4828
4285
8130
9899
1318
633
353
6752
1217
3349
1523
2312
4142
7974
2450
5756
6509
1033
4596
6389
6347
9755
6170
526
8319
4410
5128
1707
8450
3234
9653
1287
9082
5417
8811
7783
1678
3964
9794
4343
2861
6808
1872
7991
3151
7312
9531
7618
7588
9681
7257
9161
2581
5047
7582
886
2431
1722
3751
6531
3869
6884
7505
7113
7570
661
7075
9123
5853
6213
3109
5142
7743
9930
6990
2022
45
9709
3307
9382
3778
3668
584
6313
2361
384
6759
2879
750
4991
5855
7907
9013
7372
4547
96
6711
9150
91
9391
2913
7084
855
1322
6529
4414
5416
413
2177
3325
7448
29
5754
430
8436
247
7078
3599
8848
9321
8774
1227
7900
820
9649
6204
144
4210
2107
5567
5043
4863
2123
9817
1428
2496
2351
8664
6517
5510
831
5472
3142
4126
8672
9290
9453
9621
5467
2587
3735
2592
5075
6964
644
5920
6456
2353
4636
3891
7698
1652
7740
5251
887
2131
4008
6712
5874
6989
8222
2652
640
7732
7178
3742
3284
9731
3187
7428
9399
828
1737
3299
704
941
5137
7889
8016
6621
7054
3739
1838
2057
1399
1486
6934
3697
4994
4366
1126
6750
2909
9815
2713
347
8122
8403
6956
310
4167
4551
104
9402
6113
3727
7910
5817
3867
2353
3552
1502
4872
1950
3649
8330
2325
801
1462
2781
6461
4592
8374
82
873
5138
7186
5923
7801
2355
5016
9535
2506
4222
8494
4749
4462
3875
2978
6333
5435
8106
6368
4197
7073
2067
9423
9393
6118
3070
9765
9661
5766
428
2636
4058
9740
582
4369
2668
6652
5026
9596
7897
1165
6061
918
2492
3755
8267
6204
7819
4874
3732
4868
241
5260
7967
9018
1612
6667
2070
5955
3641
4010
4191
5330
3116
2750
4862
1261
3943
4856
2904
5707
4143
113
4292
385
1983
7445
2021
7234
3561
673
9051
8486
5250
191
3144
8006
325
869
4796
9213
2505
3413
1144
2789
4906
760
7554
8973
6771
6051
7626
743
383
3974
3157
4571
5534
1161
976
6188
1945
7929
2472
3226
2264
4142
36
4948
6889
1765
2626
7396
3365
2149
1108
6558
8905
5363
6445
1336
7183
8128
2413
4228
8290
2588
1555
4309
5233
5540
7049
7046
8383
2201
7956
904
5827
6462
6793
4839
4868
2603
856
3525
2820
2215
8945
4760
4380
2551
2985
8612
9500
8852
7064
3539
5478
9062
4494
3869
9423
7187
3390
7243
2943
8220
5769
1255
5826
8148
4539
5395
2240
616
6081
47
7007
2406
3181
6478
4199
5278
1422
9160
7417
8229
5248
984
9830
9315
6809
3074
9040
1714
4396
2629
9614
7065
577
7070
9396
900
7121
9097
5034
317
622
50
2541
352
549
4090
5805
9616
8264
5674
486
2390
1754
1989
1677
5140
3317
690
2236
9983
2449
2847
5309
3018
3654
6402
5675
2036
5442
7566
4654
7115
7825
3131
309
8242
5479
6344
307
421
4095
9106
6306
1069
4381
8701
2568
7354
2628
9373
2075
4069
4300
1539
2787
3143
3010
9292
9253
8952
2833
7635
2550
674
4989
5947
7968
5255
289
6147
61
7303
2525
3799
4286
5311
1631
6068
4274
1990
3256
1232
3844
5153
5689
9278
7457
8776
9837
9953
8627
7092
1958
171
8160
6499
2194
7822
4037
4302
7377
3284
2989
9631
1948
846
4425
64
1845
4683
8294
9768
4771
9147
4063
9729
6071
6329
7548
4696
6163
9561
8323
2542
4950
7497
3751
3151
2738
2404
4604
9459
7972
4983
9560
7044
6759
7680
9123
9252
9540
6533
706
1794
7110
3709
3268
3617
6483
4910
9623
4318
5484
1273
8423
4827
7286
3968
214
2630
8160
333
6733
9009
4153
5462
7825
49
2646
8050
5932
4449
5523
6293
720
5364
8210
2675
5466
9374
9851
5482
1479
6707
6947
3562
9901
6702
3725
4627
9337
2282
5308
2006
6751
6151
700
9277
1500
3197
9091
7019
8307
4620
4519
7567
1323
8238
8363
5662
5402
1860
4893
3750
911
4559
4850
1729
2469
1933
7345
4852
7405
3179
3994
2734
6571
1185
2428
2309
8510
2353
9225
7586
7816
6297
3511
4403
9553
7154
9681
5404
4763
5921
9254
2254
5891
3533
3889
2614
7679
5821
2982
1205
2268
5786
7946
1236
807
7132
982
2378
9305
8550
1792
6510
6491
716
7095
3591
3949
7984
9223
7371
4949
5409
7637
4027
3831
3028
187
8159
9627
5137
5171
8283
2946
7176
3149
1751
2444
1092
8377
8039
5218
3829
931
293
2092
7276
3054
8171
3785
8729
4846
1098
6464
5617
6902
3962
3581
9741
8505
1507
4953
3184
6333
9063
8620
6948
7367
38
1442
4919
2337
2006
1564
375
3099
8207
4026
2667
1873
5796
7763
7342
2455
9336
7011
7533
137
84
7035
6674
1222
5208
5416
958
3563
732
6197
9521
7353
1647
4288
7392
5181
6706
7642
1172
9555
2242
7974
7632
7735
8722
6870
4751
8325
4740
2262
6931
2858
3764
8436
8089
9355
8854
7576
6623
8945
8206
8473
3967
5940
7202
7822
909
8603
7829
2818
789
8195
7220
734
3519
4852
2843
7086
9422
8666
460
7600
222
9447
6741
971
1358
4849
9107
5432
9817
8790
5294
8675
3279
9978
5900
4387
971
6087
6779
5414
3698
2342
6622
4291
7756
3023
6879
2998
299
5654
9504
6571
7389
2175
4787
5237
631
7251
5238
3386
1903
6848
9519
4224
8017
3181
93
8
3237
2497
2350
6314
4838
7574
8852
7781
557
2621
2099
10
8246
6572
1245
7165
6747
7374
3190
6308
6942
9386
9238
779
1543
5252
1477
6442
3510
1215
6739
6981
1290
1989
7385
8594
2775
9467
718
5538
1958
4660
9784
3382
7041
8094
772
4253
9029
2642
251
8606
5084
8688
6441
9037
3990
2472
4482
814
3678
1073
1293
3648
549
9649
487
482
5600
8208
8116
7084
4908
2634
8817
4357
6172
7773
385
3205
6489
4602
3004
4341
218
8111
326
6302
9696
9442
2952
1816
8892
7045
5242
1682
9604
2036
4066
2029
8008
9839
1626
5457
6595
6229
8865
8228
24
4779
4357
3675
4498
8003
1492
269
7968
3953
3652
9647
3482
5975
5275
8803
9983
3054
3912
2003
4659
3771
3398
1975
5241
7650
5290
1650
3473
2666
316
3646
4630
5450
2734
6728
1358
5835
158
8411
5670
5599
3370
7999
2681
7565
5694
7803
4888
2028
3751
7770
6335
8771
2428
4245
4108
4305
7992
2365
5002
3199
6707
8719
8710
9612
8811
6419
2842
1359
1972
1937
9350
8978
7822
4911
6193
218
9330
3932
167
3169
1237
4510
5477
4587
5600
9609
3096
2680
4796
612
6979
2154
3513
1571
2633
274
9722
4148
2721
6878
97
2708
8681
5094
6247
9725
1112
5172
5019
2801
3743
6576
9921
6073
9089
2511
5084
1959
4647
8943
1436
2022
9473
9808
5250
2789
4849
4542
3002
9746
7569
9588
7295
9079
855
947
9228
8153
2626
4929
620
8599
1103
8090
4106
2689
3873
1375
1740
1204
8754
8192
5520
737
6711
8264
3935
9073
2253
9297
6683
4901
3431
2737
6939
4798
1977
2339
7524
820
6435
4086
2215
2489
6039
9120
2958
782
5776
9447
1898
2915
7313
3045
4013
3303
989
7015
68
7395
9199
302
6842
1942
6303
9712
6765
445
4199
8576
6597
781
6817
5576
4319
7122
6970
2804
7084
2568
6812
4806
9360
2407
4877
2393
6220
1687
8181
4787
6195
9926
1991
3943
8038
4524
5910
4018
3842
3768
6267
7732
7367
2100
2960
4991
9926
2927
2856
8169
5139
9671
4594
7225
7162
1493
2399
3556
5218
1169
9524
5041
5296
2695
2374
4477
9983
1358
4585
7090
9043
242
1229
1560
9551
1560
9670
8734
224
4667
6128
1072
1553
9875
8669
5198
4146
3696
559
5056
2502
452
3600
5624
8652
5394
6988
9089
5747
6949
6277
7039
6796
8447
4262
2231
6117
7354
6822
973
6320
34
2869
75
1062
5314
5596
1411
8194
6300
8327
535
9744
7152
1405
9693
5307
9073
6300
3366
2848
6567
8438
2038
3944
2403
31
5642
5328
9529
837
1089
6711
8208
471
7659
304
3630
7514
964
7399
1245
6175
2916
6997
1429
9408
4885
5072
2672
7140
7725
9254
6990
5337
1430
8880
9361
6048
6058
4437
4148
7273
9424
9769
960
4790
1410
6637
3645
1829
6738
7354
9718
3120
2735
6557
1731
7934
9752
7180
3357
8038
1193
6323
4688
2027
6524
5633
5758
2402
6834
7757
5260
3078
1407
745
9391
6212
8162
9038
6152
8393
3479
7878
6923
9714
9058
6510
7433
4363
3337
4932
2545
7572
8346
6951
8277
9272
5909
6051
4541
8782
5739
3133
4608
3152
1237
5961
8440
1089
6925
3103
5398
6515
4772
9926
2001
6414
4200
8591
7623
253
8016
2617
1545
4220
6755
6734
1766
1374
912
68
5762
2941
335
6045
5889
2589
8038
8428
4710
4333
8740
2081
1343
5360
4837
7749
6618
6366
7689
5207
5406
3751
4977
1678
2577
8785
8981
9002
3257
6377
6955
9884
1632
8696
4888
3475
2797
8978
5673
116
7862
1515
3065
786
427
876
9880
2733
6522
9449
4624
6716
4267
3710
8004
5111
9780
547
114
2199
3207
6822
914
3847
9003
5846
9536
5813
8356
5458
4660
7957
1364
7993
8830
8656
4913
1317
9323
6426
2278
3241
5478
6534
3185
3097
220
565
8702
2819
2076
4518
4056
4305
9428
1711
9400
5521
5087
4492
311
7971
3468
3394
7194
746
9765
6122
7482
5990
2556
4965
7808
1814
7094
3258
525
3754
8897
1292
9115
17
3092
4948
8850
2359
943
128
634
2387
6065
1708
8309
7258
742
1356
3125
7710
7552
7008
9372
8493
9544
8522
526
3817
2056
6577
4497
6231
3543
2559
1287
9070
6957
3745
6351
1606
912
7364
9188
178
8750
3598
238
8363
2762
4408
5280
5701
9696
4656
9696
7
2942
4324
3297
6171
9575
8848
1963
629
1557
9152
3133
7291
5336
2571
1861
186
3077
3126
7274
7977
9937
7800
8162
7003
8492
4838
1896
1744
6614
9096
1646
4847
4506
6173
4863
3749
3436
2638
5947
8392
5040
5121
2410
8841
1255
1761
8700
4239
4348
8032
3873
3119
9251
3121
9327
5807
5170
459
168
7105
245
8359
8237
212
9819
9855
9771
1631
2850
7187
2962
9126
5487
9622
6520
8009
8651
513
6733
1186
7970
3326
4603
7087
4383
366
8919
1547
8034
5369
4684
616
559
6781
1941
5698
8702
9927
2681
6402
1761
4068
2239
2610
9270
6354
6804
2379
5447
2732
7454
8257
2630
9706
5965
5807
9516
280
8520
6245
210
4707
4863
1541
7557
2455
3421
9508
3441
4686
5404
7798
1380
9368
7873
1602
4156
8694
1081
2480
9611
8094
8408
8759
1237
6815
8794
586
3479
1301
8467
9744
23
8571
9901
8570
1753
3045
4415
3034
6803
3071
8696
3526
8100
8311
7033
4907
2470
6967
115
7208
2715
5671
1842
3010
556
6039
4022
5688
4232
5788
888
291
8792
6693
4994
9638
3292
3861
9536
8814
3840
7333
4593
1128
5083
4231
2406
7120
2218
5590
959
4325
3271
7654
1444
6798
5562
5197
7909
5394
4472
2019
6325
7056
4729
6338
987
2956
9057
1191
6137
9245
4758
58
1179
935
9684
2047
5687
8183
718
2774
3783
7207
1793
9818
5463
6617
2380
8973
91
640
387
4945
3195
79
6017
9750
3921
7451
6153
4664
770
1862
259
1850
7466
5466
391
1221
5006
4678
1096
523
9751
2560
3259
2513
2064
1966
6400
2464
9851
2091
6544
685
394
4514
7606
9572
8402
5845
8422
4472
8931
7587
1094
1072
8384
3099
5598
2817
2697
7631
6461
2311
7227
4863
5383
8809
7002
3147
9428
5490
5465
5036
9804
7358
2305
1967
6813
5422
4201
8441
6138
741
8019
8754
8779
325
4051
3267
1395
921
9416
3497
7267
6764
1424
3205
9335
67
1194
6476
8806
1501
3225
252
2510
6426
1936
5418
396
5095
3410
9082
934
9119
4089
4224
3680
3397
469
8153
1633
6819
59
8471
9632
5101
4656
6020
7660
8124
185
1950
611
7533
4638
819
6225
2809
6967
1833
4392
7458
2984
5127
844
2707
8687
5562
7412
2314
9483
8167
4752
8087
9921
6463
4458
8638
3127
3404
9560
867
3087
8686
7977
3899
8157
9850
478
3088
661
8032
3304
1329
5767
769
1839
6033
9851
1740
7636
4336
7031
8982
634
8955
6827
9814
7142
8576
1186
3229
8413
9431
4723
7753
6645
8050
1353
5594
5328
6679
9851
9875
610
8232
7292
1338
8159
8487
4661
8082
3981
2176
2927
7294
4665
2487
2249
623
5834
1944
6267
6953
8045
9191
9533
683
9863
3998
4614
1452
3039
1860
5464
2616
5418
8152
1441
6817
4190
8580
1749
1387
1405
8359
5670
6744
6728
800
8649
1665
4252
7398
8047
3472
1688
3745
5541
4785
9882
7513
1895
6681
4839
4239
2395
5988
87
7573
5107
1304
2751
791
7747
5298
6883
9565
1183
461
2574
5757
4572
6367
7265
431
9609
1267
9202
6885
7763
968
3854
7054
8097
8712
4655
7101
2437
1626
2542
4706
3165
6752
4546
9999
9495
6804
1276
1071
6974
7637
456
6
3761
9935
4192
6148
9814
4483
7420
1488
4894
6140
543
200
6710
7588
2852
3542
7878
2192
6358
7537
4587
7592
7194
4458
3399
5230
5925
647
4247
9098
1517
657
8632
7189
718
9162
6992
481
2039
3299
9470
4955
4460
3521
8124
4244
4685
3729
5836
8715
5171
6661
8441
2835
6809
1367
5661
3773
9469
4847
5134
9268
6840
2101
178
2837
8976
657
3541
860
1206
2170
5467
5537
6802
5539
9525
7745
4613
7188
7432
1871
3421
1473
3426
464
2304
9637
847
6717
6049
3427
2726
6539
1411
2696
9085
2726
9534
5694
5054
1735
3785
3894
7997
5163
3311
1099
3269
7797
9557
5109
9962
8320
1047
4263
1203
6960
9057
1075
86
7787
1615
4797
8628
9577
4360
6546
3673
570
91
9987
2505
9713
4371
3813
1771
6757
7633
8162
5473
5608
1976
1868
641
4165
1193
9979
2950
3253
333
6607
1641
1013
3828
6376
9098
8983
1855
1448
375
7912
3839
8274
9472
3020
8022
7654
1229
157
8389
9268
747
2402
9638
624
9405
3937
6088
783
5513
862
8519
5800
7024
5910
1455
3695
6525
1596
5091
2355
1541
6516
4975
9886
1984
2456
1236
4695
4411
1150
1258
427
7672
6765
2139
4903
8126
5306
3674
9269
2230
2941
1856
5613
3651
4715
4157
4940
4465
3346
3134
9656
5364
4338
7024
4555
4741
9734
8509
6807
6301
3063
7101
3329
4443
7281
7134
215
3043
6147
8148
2561
5625
5171
3194
2860
7881
9954
1276
75
3929
6162
9417
7982
8100
8072
8904
3131
4105
3431
5716
9302
1706
5523
8251
2706
7528
1783
5659
313
5069
4163
3709
9125
6926
5679
8343
7269
5243
4279
7001
4053
4568
2020
4623
6604
2436
7850
3166
7200
3274
3612
6683
3601
1770
3552
355
2824
9252
5079
5852
4834
7211
8396
8073
8644
8081
9764
4312
9606
9535
9494
8627
566
6676
1538
824
9945
2323
2653
8903
4974
5666
5492
5267
3079
6884
1609
2002
7919
528
5531
6200
4713
4972
6486
5055
5153
9101
1281
9231
5406
8687
93
2455
6649
4943
4643
2463
1996
2579
8358
1880
134
2766
4962
8382
2088
4434
6556
6711
2176
1154
587
1180
7636
5330
643
4660
1886
8415
8503
5438
8779
3648
4440
2419
2823
2477
7216
7277
8427
3570
1432
4119
5613
6921
3493
4030
3154
874
6054
9374
7591
4941
3409
623
5452
7994
1608
4575
7919
818
7127
1991
5885
5372
7556
4101
2765
8978
3939
4509
7740
3888
9402
9642
1684
46
5519
724
1427
3492
820
5766
2046
7253
7171
4637
9206
3189
1820
8677
7061
7057
7155
7964
1730
2506
9070
5434
3508
4962
2868
7159
1480
8492
9200
808
4943
8618
8256
7907
9611
9720
97
5884
3792
1550
1757
8110
329
2100
5138
9147
3557
6937
8346
3981
4216
4034
6898
672
5592
3360
476
6438
2948
1704
6415
2197
3776
3193
5417
6316
6088
3933
8763
7150
3864
6955
9413
6749
5276
5156
5454
6184
2208
5381
8269
8510
8544
8555
9406
3254
8755
8624
5123
7187
7288
8882
9259
2023
4313
134
3851
9792
7465
3948
4351
5673
1793
7104
7061
2211
7798
3512
4919
6225
3145
6177
1981
4591
5494
3485
4461
1431
3520
5350
8770
6888
1433
9690
1081
6004
3423
3789
8070
6675
9453
6460
9833
8637
485
8640
1574
1914
2253
2381
6928
2812
7795
6361
9372
146
6971
6817
6637
9732
8745
8567
7603
1376
4080
560
1726
6499
5170
3145
6427
7540
7171
3508
5047
5189
3183
1505
6641
6636
1448
5380
3934
6415
7201
6905
3672
7290
429
6477
5435
4440
5482
8516
8541
9298
4178
8308
6159
4551
3111
2967
3772
8519
3256
6510
580
7153
9
8308
2269
531
1470
6524
7542
6399
2901
9964
3525
2824
3674
8297
7410
5362
5582
9379
682
1851
1622
9685
1344
7656
6464
865
9880
4924
1357
9119
2669
9629
8768
6959
6229
3847
5926
6566
6605
7939
7059
6590
337
5613
49
8190
9937
4896
3246
5702
5683
882
4307
5299
2758
2764
6175
3829
2961
8326
6895
753
912
5384
1276
4644
3200
1348
1366
1841
6456
575
972
3146
494
9244
7922
6275
163
5583
934
451
5439
8946
4144
7279
2342
4503
824
3773
9415
3446
1998
267
3001
1471
6394
1801
1752
1986
1590
3372
11
2170
4197
2349
7933
8230
3803
7487
4198
1774
9696
4924
952
4661
9859
9798
5493
9919
5533
8598
9147
3406
2584
7284
7221
2912
6980
1599
1268
6620
8267
1832
5082
4010
5295
4467
1102
1021
3962
6283
7510
2105
3207
2437
6263
7748
6596
5755
1991
7243
1264
9947
1133
8080
972
2181
6913
2585
7732
748
831
9195
9789
3013
396
6468
3613
3398
6179
7827
2670
7519
2257
1007
5015
6273
276
6058
6233
6683
1729
9728
2950
9560
4208
7598
7544
2341
6953
7672
7509
9970
1233
1001
4274
1553
8292
6957
1346
5315
5963
281
6775
9921
5489
7006
9897
7318
6024
4735
9641
2856
2968
8436
7600
1080
6690
4809
1996
2171
4313
7482
8227
6182
7537
3440
1346
9214
7432
2669
9745
5398
9288
961
3794
8138
8294
6850
1561
6214
3708
4990
2778
7264
6945
1613
8016
9080
7941
8883
6759
3424
4768
9100
2551
2971
2554
1481
3762
25
9019
7928
2509
6570
5514
8718
1103
1409
1690
3243
2288
8678
712
2752
6083
1923
6177
6976
9739
7571
4907
1022
9606
604
1450
7566
6701
5989
4036
8911
3898
4149
2691
1124
3735
3195
6370
1727
252
8495
6779
3429
8395
1944
9526
3727
3660
2098
6075
9283
355
8949
1746
7163
4393
838
9090
5260
1519
9864
7736
3770
4145
9935
2501
2375
5364
6340
8897
7625
1849
7979
8358
3598
8995
6641
6637
9734
1578
7948
4261
2204
7049
8345
4941
9725
9503
9221
6007
1812
7432
5000
5614
3334
3389
6024
2357
9319
2294
6274
1496
6395
4099
6972
8664
5541
1940
4084
4408
9180
7461
7312
6372
6736
5186
684
204
3957
8613
82
6708
837
7155
2632
8495
9722
1732
1215
5560
1385
5646
6913
9799
4441
9754
3947
1549
503
2664
4662
750
9278
6771
1711
5580
854
5536
7177
7104
2020
2300
4101
5560
1275
9995
8524
8949
5506
639
2181
499
4404
1554
6251
6128
4563
9020
6703
7138
6689
7914
4985
7673
947
1867
3991
1667
8850
8485
2332
1385
3070
3313
3620
7773
3445
2554
9896
4374
3095
8210
6505
1994
6029
3778
4542
2770
1211
2105
1328
5507
4290
2805
6515
9872
1446
4532
1466
5228
7772
8261
9025
6296
6914
8644
3385
2882
9072
3339
7728
8222
7395
2198
554
99
6537
5234
2611
7566
3988
7326
7622
9566
3782
3171
6165
9021
5681
8036
263
3677
8584
5490
4467
6814
5076
7572
1738
8722
1066
9593
3751
9059
7168
321
5770
4897
5359
9172
7496
2855
4975
3051
5080
1087
5037
3679
9717
8585
6365
7811
5548
155
2173
5599
5694
3100
5876
7726
6815
8251
561
5870
5089
6367
2806
4393
9350
5723
4371
6028
1304
8011
1117
9134
1262
1699
5428
5173
6774
1164
2629
4647
8075
6473
9584
686
2686
1107
3717
4977
9937
5721
4018
662
321
9259
7041
1110
9280
4020
7373
9660
5199
428
7361
3670
5697
3047
4727
6430
2684
4959
3329
2583
9683
5806
6726
4003
5166
7363
7432
1758
5446
5914
7228
9771
3709
6864
6969
7182
5078
2049
8658
358
1593
9627
3404
1426
5735
3335
4054
293
8618
5947
76
8793
4692
7997
2694
8320
8363
4908
3279
4209
6375
2393
3467
984
4054
358
1225
1672
3401
9239
3623
623
7376
3800
7056
2593
9273
1505
8398
7205
1140
2361
6479
5876
765
9691
1366
1912
7424
5905
5564
7371
3292
2948
2527
7671
8466
3365
9050
2971
9752
5803
3394
1767
3986
3748
2735
5649
8990
160
2701
7306
2078
7249
3780
5743
6046
2974
8826
1677
5897
9265
9777
5833
427
759
3652
4227
1268
23
2246
813
6499
1777
1242
2770
9833
9600
9594
2593
9374
1202
8319
4941
1916
8156
9637
8082
8039
6473
5338
3347
4066
6381
6383
3099
9966
1471
1432
3560
2783
5413
8407
3349
2794
6383
6035
9555
82
6220
4419
1536
2128
5972
4565
3098
9537
1842
9148
8257
216
4643
2890
1132
3750
599
4056
8591
4938
8233
7945
1423
6487
1431
7606
4266
5901
5177
3347
573
4712
2955
956
7740
5566
4113
6345
667
2226
9309
8530
1157
9808
798
5728
9467
7937
6078
6718
2836
6202
6770
2885
8756
6417
5510
9053
7266
8459
708
6065
6065
4311
6875
807
421
8429
2840
4636
3691
4289
2566
2562
8405
2896
5169
2450
7314
5503
6291
3170
2728
5827
3366
5802
1282
7103
3370
5175
6422
3075
8612
3905
8516
4667
9086
5797
8537
8214
7157
4570
932
9156
5013
404
3941
8486
9887
9767
2405
5740
5096
5575
6203
6718
7010
8661
2114
9686
7805
1644
7130
9719
2286
4651
968
6768
1364
7769
1943
6881
4611
321
5602
5068
274
3875
703
4739
4879
2739
3862
243
9804
7325
3884
2803
339
4484
288
2697
4679
695
1606
821
9831
9330
7887
6112
5391
8531
8302
2646
8658
7119
63
6527
663
3736
1479
7527
8467
2668
9768
9712
834
7512
2312
8665
6166
5125
5415
3309
5441
2721
8097
8750
9924
6990
6076
6057
4559
3094
4012
8604
8092
9682
758
7952
2684
637
5062
7872
6530
7320
8125
2959
9241
6984
9295
2841
9510
853
7857
804
2740
1604
9633
560
3274
7252
5971
4501
7909
9044
6720
3355
8974
5527
8418
7250
3466
6284
5106
352
9680
189
8713
4988
3202
7935
3952
5657
3938
2354
7337
8323
5736
538
7054
93
7005
4922
4341
1473
5362
462
6984
4378
4999
9612
8093
4698
251
7135
7521
6293
4753
1601
7806
1442
6382
3648
1048
3826
1174
6875
186
989
8998
9324
2797
4211
1458
4597
8613
9625
5430
8565
8293
7442
8113
8896
2995
5883
5749
5935
6538
1151
3051
8489
9743
621
3022
8555
2472
3739
3486
5212
2735
8918
2391
5445
5862
6770
7694
6828
439
4247
242
3565
9347
9402
1595
6911
4109
1289
6099
6231
5124
5311
2418
4571
3663
617
1746
4451
6110
9196
7256
8964
2945
8194
5972
4221
8895
2650
2357
4851
3181
6584
695
3814
7011
5403
4800
471
5927
1272
7053
8943
9079
388
1963
9645
5616
4402
4684
6521
4983
4701
6960
7184
6845
2516
5414
6847
4160
8267
7373
5905
4474
4471
213
6626
5715
7402
8957
6838
5659
7371
1228
7650
8727
4877
9338
1621
3685
547
4844
5023
7989
7222
9874
94
9021
3329
9268
4437
3934
6053
1945
9100
5008
5841
4782
6706
7809
7490
9712
7114
5333
2919
3256
6505
1069
5819
5477
824
6192
3225
3874
7368
3060
4974
8973
9004
7515
8300
5353
9320
4674
4167
5407
7496
2802
2641
1810
2362
925
7497
2005
673
1567
4142
3771
14
4527
189
7088
3836
8742
6462
320
5219
2484
461
6891
215
7795
3257
4860
3874
2624
9745
2724
4365
7891
7186
6690
2346
3173
262
7592
7897
6755
8373
7053
3195
1860
8227
3312
2759
1240
895
6854
2580
4707
4699
2347
5454
4239
3931
2550
8813
785
1410
7676
3152
1975
6738
7855
9172
1047
1235
3623
7230
1181
2192
6230
5802
690
652
7913
1886
2409
6103
4837
1228
4112
5264
680
2270
8537
2487
6785
4866
443
3948
124
8549
6190
4538
697
810
2195
2229
2446
9232
599
9890
9920
1972
5441
7257
1521
5528
6460
2306
2926
973
8779
5907
2736
2356
4141
7888
7061
7196
8372
1804
9545
9029
6157
6759
593
1998
6712
1447
2954
8907
700
7790
4068
9923
6359
9897
4348
2874
7795
6269
5249
680
2977
508
7535
6512
6278
7913
9162
2707
7956
8916
8536
5379
6502
7365
679
6274
4659
3326
808
4669
3814
218
8409
7394
3066
2780
8623
9049
8290
3298
6688
1856
8066
7219
931
7277
8557
5527
8170
547
8272
450
7660
2918
7660
208
8142
7942
7125
5042
8916
9685
2913
9128
8617
9464
3986
9426
7391
4477
315
3149
6570
7781
5020
5568
4887
3946
6382
1742
7805
1347
7649
2199
7916
419
7169
3075
453
2637
7563
4429
2684
2048
2983
3068
7197
3521
7062
954
8784
9113
2881
1466
6178
6731
2126
5082
8633
4885
196
9824
4459
239
1005
1586
2316
3840
8
1370
7773
969
8164
2084
1403
2379
9172
9242
1357
9751
3115
8852
7271
981
7463
2806
2311
2130
134
1977
917
9964
8777
5443
7919
8112
7610
6708
4624
4516
2085
2241
4710
4732
2208
8945
5839
5300
832
5541
114
2866
5513
401
4505
3542
2079
6187
9866
5356
4196
453
4616
5212
2665
6777
4544
6960
6703
6427
5805
4611
9657
9795
1683
8663
1164
9626
8661
3242
2073
9715
2501
8877
8423
2606
8315
4161
1820
7077
2588
6876
8007
7973
8336
9923
61
2022
5863
3240
2179
1847
4584
4532
3144
9388
451
7787
904
7016
7081
5514
7671
4293
1711
9073
9083
1198
4609
236
1697
6065
6013
2226
684
5666
1655
7375
9632
3598
925
1987
6492
8281
5942
1819
4707
4329
8791
6300
9427
8434
6936
2993
2263
4704
8248
8552
27
1214
6144
382
2833
7993
9200
6913
995
4035
9740
205
7966
9318
1707
3977
7698
9104
5276
2448
9695
8516
6303
6121
5178
976
5806
2046
8146
1768
1129
9708
336
4928
1725
1836
3150
8298
3459
8362
5547
1472
3835
796
7297
3471
4649
8693
2603
2380
3678
9464
7806
938
9710
2854
4477
7865
761
7214
9475
3169
6810
2471
3600
8226
5581
7147
4651
5727
8601
6287
273
8592
4305
6760
8180
1615
9376
7953
1582
6108
993
8
8530
4038
5171
7396
6427
5318
2789
1950
6566
1709
2997
6434
9104
6596
8596
1185
2907
8997
305
6098
3606
8588
9099
5537
2034
3082
1194
9558
9106
7697
6009
4598
2271
4196
8814
3509
1938
5519
111
8446
6869
1170
6883
5591
969
9959
9943
5045
848
2230
5356
7525
8887
2843
6997
2771
7284
5810
3950
3822
1885
7033
5852
7128
8038
5647
1938
9738
658
6842
4884
2298
2954
8386
2523
9873
8336
2201
1308
8955
3422
2831
1324
2137
5236
7669
2300
2828
5799
3883
3509
7859
9495
8758
6511
1220
764
9861
9486
4085
1608
2464
6432
8608
417
1682
8408
9047
8525
6300
9974
778
4263
8652
3505
1120
9963
6689
3708
9210
8869
9658
5720
1310
9381
1350
8453
5856
3969
2255
4500
3480
7556
9433
3073
7966
4964
5909
3825
917
1526
9117
4042
9367
9182
5399
5036
4283
9852
3912
4308
4715
1192
7218
4529
3114
5839
6745
2101
4288
714
4891
6324
7397
2692
2988
8114
529
1726
7999
9423
2453
4483
8782
8877
7608
198
1838
2045
5998
3587
8369
7038
3709
5771
935
2231
4751
1899
9983
6977
796
6537
7011
3503
2125
6343
3488
7505
6920
4170
3155
7051
1199
3337
8350
4277
3476
4225
3979
4086
2936
1714
1715
3513
252
9930
332
8596
3912
4785
4361
9312
1160
7697
5588
7957
5171
4060
991
8619
2256
6722
2887
6158
9006
6639
6204
8756
4046
962
3803
6566
5549
8021
6024
5281
5832
3726
3142
1663
7919
2934
7940
3926
619
9940
585
9992
8871
4210
9167
3868
967
8225
8780
4289
5659
7197
7849
5042
8799
5724
6536
7055
9902
2781
6805
4194
5406
6259
5304
3299
9901
5122
4322
3032
2218
6630
3310
3991
2828
8839
9144
6752
4379
7762
6743
3804
8928
5225
6580
9505
3610
258
3920
6770
3820
7703
2148
3001
1611
6547
6709
6903
5996
2636
5154
2507
507
5240
1887
4485
6003
9642
5090
5926
7641
1856
1836
6824
8615
9882
8765
6808
6374
6214
3581
1823
3721
3283
2060
2820
5853
1082
5346
229
6694
7609
9988
274
2435
799
6552
9857
3487
9434
6325
5817
6351
2566
7854
4046
4762
7318
6628
5450
9177
3371
444
2838
9031
8287
4436
4831
6371
9073
6755
1909
596
3890
1223
6980
6617
2827
691
6653
8913
1973
1817
3046
5675
7501
7890
7670
7474
228
9800
3468
8888
3764
1927
3050
5033
5689
1620
3926
8905
1140
3083
2496
7232
4604
428
4660
3203
8705
3166
7673
4698
9595
644
5162
9483
2914
5434
7866
7833
4460
9353
5396
5705
9092
4748
4170
910
1298
4101
710
1278
2589
6333
5103
3813
5375
3778
5608
5141
8243
2163
6421
5677
5018
1712
1186
796
9246
4396
6401
8169
2947
3687
3621
2450
3629
9541
2167
8570
7351
8830
3916
1023
4199
2414
218
5003
2896
6680
7700
7798
4276
1791
5828
5467
5153
8052
1306
813
7469
1801
1590
1036
897
4706
7717
8488
5554
3951
2243
5343
3000
5190
2726
2778
8013
6241
4122
7085
8760
1551
1342
4187
1239
1534
2036
6806
2207
5350
6976
5098
57
4391
880
827
4940
6361
5001
4978
5830
7700
2301
2365
8290
3269
7151
2829
4825
8027
1960
4772
6220
5286
4297
4283
9357
9770
1880
4127
7202
1936
9695
6226
5180
5705
1592
896
4204
1980
8725
4245
2396
2738
3270
5542
165
3940
4212
8453
7911
3966
3949
7321
9236
3918
2138
2283
7243
7968
8735
5961
5928
1610
7973
2962
4067
8387
9656
9173
6582
9068
7725
4583
6102
595
1232
6285
3199
7977
3602
3105
4401
2959
7665
3288
7446
3829
711
3936
4162
9323
2412
1909
4898
9257
7919
6472
6583
6552
1559
7972
4641
1511
9847
2333
4135
7908
395
9731
8304
205
6790
2126
1682
4593
173
7721
6665
5132
7396
4033
7606
1288
5197
9893
5678
5240
9785
5283
2291
1052
5727
9094
8213
9645
9880
1726
5603
480
9304
6970
6710
8600
7037
6761
6196
7320
1307
1159
2211
6578
7573
755
3657
4818
3365
7483
2473
3068
4031
8655
146
9779
168
4517
552
2831
804
5151
6090
1427
3783
611
5855
7040
3331
9969
2402
2744
7266
5162
8988
6791
9424
1580
7662
1540
595
1240
7572
6239
2880
3754
4207
7857
4619
1884
1728
2971
1919
9749
209
8376
4409
3856
4747
6239
5589
3683
3736
3445
7611
5629
8586
8363
762
6498
6360
44
170
8831
1389
5223
4567
5203
9220
9481
5793
3314
7894
5650
6992
5960
4475
3372
4031
3364
8936
5051
2496
334
4960
7297
1168
3914
852
2301
6438
7818
8969
3171
4024
8656
3618
1293
9921
8998
9117
7455
2066
5827
7246
708
697
2699
473
4922
2874
8896
9973
1420
3792
1422
708
6658
4040
1706
4657
446
1914
5851
5557
8470
7408
8110
8467
1016
5771
8322
4979
1240
8104
3769
5937
5535
5569
5894
3375
8797
6058
8965
4897
6795
147
1057
4895
7259
7838
9575
4615
9564
4235
6217
4909
2993
3585
1690
4237
1616
7378
517
6210
374
7643
2348
3108
1029
9484
3277
8447
6771
4593
2773
5210
8926
7957
9702
5916
1536
4136
667
7421
153
4109
7131
3750
7984
6381
6423
6465
3868
66
7340
900
2334
212
7286
5215
5108
4942
152
2380
4614
2783
1426
9136
2174
9507
2250
7719
291
9633
9455
5498
5667
4933
3351
9521
8302
1493
8406
8652
1781
3065
6836
4277
3442
4603
9666
8264
5885
9501
2810
8697
7601
2420
351
8240
226
5705
9723
6136
3770
7889
9613
9733
5082
8936
4065
6817
6839
2344
7112
6974
3843
1138
7997
8655
2024
6889
6394
2454
3599
1053
1611
9209
6610
4690
2379
8827
3187
8309
4678
7052
632
1424
5760
3716
1679
7914
8033
8745
2294
3433
7744
1236
620
5259
3010
4716
3235
5544
2790
9744
8250
2035
7567
3614
9396
2041
7082
813
8535
7907
6218
6718
7664
1704
9232
6671
256
6977
9452
3292
8681
6807
2607
8463
7145
609
8163
1880
6518
3343
2064
8828
973
723
9981
3931
6626
4603
269
9095
4951
8224
2803
7831
4263
2657
2648
6283
1086
9712
2343
4092
3289
1107
1926
4908
2978
1392
9133
2429
5253
6040
8307
9810
2313
6531
746
1012
9960
9750
2886
1047
6874
9368
4176
1970
4511
2564
2720
896
3496
8734
6248
9581
7716
447
6025
8538
2974
7924
1853
5958
2244
875
3161
5064
413
39
1085
6425
3377
8462
9719
5164
2440
4104
9775
2795
7934
3610
8660
2020
3998
3405
3589
5889
7732
4570
3608
7657
8948
7372
4450
1773
5894
7873
3754
9141
3657
212
2698
7792
2603
8946
6049
9908
5242
8270
1165
6012
2134
9211
1037
5679
4560
1669
7844
426
7670
4742
5637
6758
1486
3587
729
4734
5569
8627
6656
2703
5501
6015
6264
5305
6272
7538
5510
8702
917
3621
8841
4176
1787
8672
1268
6374
2157
6824
6538
2588
2277
7748
2114
8945
8690
134
8832
6756
2614
4698
4359
1453
7912
28
8572
7784
1244
9937
935
137
4308
8011
7007
5153
9905
7394
5668
8545
5334
524
222
1657
8061
4211
3009
8008
8168
194
5540
5944
5418
8574
1862
327
4682
720
972
2912
7339
7597
376
5684
1948
9421
3181
5835
2317
5578
9621
3895
6073
4981
1988
6148
3433
5510
1731
1003
4585
5412
8900
3574
3473
4600
8136
7810
3860
9776
8799
7539
6600
8473
7624
3982
102
5910
9058
9928
6688
384
2306
5549
2840
2681
4371
4416
8855
6428
4954
87
2842
3176
6941
6408
447
2945
5430
1350
4083
6800
6200
837
3440
3270
2827
5749
410
852
8395
7890
7041
5182
4693
7820
1201
4844
3713
4288
1696
9462
25
812
5334
6844
3405
1049
6647
9553
4716
4249
8666
5910
5103
1575
638
4882
4401
4055
4287
4436
7557
6773
6017
7195
2055
7801
2356
578
9523
37
8786
7238
2816
9144
739
6635
8130
3109
7356
4898
369
546
7734
2758
7321
3261
4846
3713
2429
8341
5325
931
1647
9100
6677
961
3170
9212
706
7969
7295
6916
5943
6107
6321
3594
5640
7603
5017
3413
132
6491
6976
3560
9449
3110
7597
1113
1164
2865
2992
1372
7308
5532
3863
5712
4320
7833
7999
7803
649
925
1226
3566
8412
6455
143
2034
783
9697
4032
4037
8352
7975
1234
2961
609
7736
4830
8254
8547
1717
9709
6027
6148
29
5353
8078
8343
9066
6969
2124
1050
7372
3675
6871
556
5610
8458
4028
7822
7953
1365
30
7895
7853
3714
1333
6846
5699
3748
2399
9263
8780
6788
33
9708
6643
2404
6863
1805
1791
1194
2632
3908
8273
3080
1586
483
5110
1221
2873
7709
7152
2310
4093
8681
3398
7930
5210
4481
5244
2500
6767
1580
8824
4328
2701
172
7642
3750
5918
1542
6207
970
9396
5799
5777
3653
5648
2685
9290
1458
8152
772
9786
4384
1131
685
1036
1602
1558
5048
8966
1140
1905
7702
713
5450
3677
4684
3487
8236
1062
1782
4388
260
5863
2963
786
1289
565
1397
472
834
4758
1643
1549
7393
1588
8021
6966
2980
1857
1188
5447
7433
4982
3688
3632
5308
2480
7284
8175
484
9410
3407
3494
5426
8935
2375
936
7097
8019
7896
4064
7
6642
6393
1685
8775
5074
5174
9214
9803
5681
4645
8083
6698
5826
1358
4382
5088
9526
8682
8054
7356
8381
6295
8237
2973
6461
2388
7672
4892
4798
7265
8980
2162
2844
8550
1215
7152
3440
2770
7564
1873
2430
4250
5455
8476
24
9988
3539
1159
2812
3945
4674
5441
8497
6737
9188
6719
6990
681
5030
7703
9768
7595
1971
7318
546
7835
1912
2553
665
2222
5529
7662
6621
7475
6800
1461
2826
7670
2352
8596
418
3237
6175
1809
9929
8448
6210
1585
65
3238
4344
8687
3235
3763
6943
7556
1779
5454
6332
5297
9207
5837
5150
8764
9862
7759
1003
5578
9724
7439
6967
2184
5302
7225
6714
7051
1488
7289
4576
4559
7437
9130
6545
7867
2547
372
296
9694
4862
3448
3673
7524
5477
5364
4179
4102
3407
5103
8597
66
4591
4523
4807
9668
2807
2267
7615
9324
5664
3726
343
8256
1705
1429
4519
64
8603
5195
5503
6758
8145
2992
6218
8305
7471
1925
4002
7957
4031
7282
7761
2930
8567
503
658
3628
8179
2659
7980
8432
53
7509
7808
5631
9819
6200
3535
52
6444
4178
4069
1933
795
2542
4669
9141
7598
4774
9347
8212
93
4840
37
4831
7046
7340
2552
8863
7210
4009
6557
424
9145
2480
7779
7862
5498
1649
4781
1244
5290
4501
5259
6101
8059
857
8319
4431
6333
3832
9214
746
3215
3568
2406
9520
9584
2360
7706
1697
139
388
4367
895
87
4931
3689
1935
1517
4929
294
7327
5896
3361
4578
321
4111
1323
812
8187
9592
6849
8317
1667
4221
2091
9433
3611
7510
5367
760
1458
9091
429
8254
8324
6521
8835
2651
2803
5787
8663
3231
4483
2359
8017
5017
5041
4391
6937
2177
9000
1928
8964
6441
728
2396
8264
1441
4293
6764
9923
6884
1621
4738
4059
7
1157
6938
1602
1314
1100
2442
7395
5421
1340
3436
3840
4834
119
401
7116
9626
3460
4953
229
7033
2211
8613
2952
1349
7779
4261
7161
2255
6411
5014
3030
5256
8062
6934
629
1350
2355
5250
5093
5203
6449
729
3067
3038
9318
6428
8381
7685
7323
6454
3095
8664
30
2189
8664
8824
6956
5426
6148
3528
6567
4543
5429
8284
2399
6518
1823
5073
323
9272
5788
3160
4872
7616
302
3773
5102
3606
881
526
2893
8793
8366
6189
1810
4731
3130
5471
3046
7575
5280
5041
1833
6539
2481
626
3941
7158
5780
9146
4966
3508
249
8479
7205
7364
4643
5120
6738
9151
3794
2915
2006
6797
4334
5265
1161
9207
8238
5936
7861
4871
4394
1019
3188
1240
785
8068
9853
9825
9032
668
1476
6668
5355
8158
64
1576
8007
6456
3476
6996
1655
6670
965
748
9355
7869
7613
54
4418
3214
6752
3189
7468
5862
2249
9254
60
5312
6085
6832
6159
6541
632
3656
4482
3802
1198
6351
582
582
2421
4022
9943
2575
8822
1986
7176
6234
728
3407
3495
9424
9069
7106
2786
2755
2618
9011
1180
1412
4812
4287
2892
8152
764
4525
3805
662
291
268
4747
8538
3958
5522
2939
2736
1833
505
8794
33
7603
3498
4780
2200
706
6275
6088
3410
9800
2382
5750
4283
2734
2393
6003
5348
1497
228
940
7592
3784
3201
289
614
3003
5736
5931
5232
7930
7468
8515
8809
9720
3229
4610
6909
8131
7977
6027
6613
3511
3062
6372
1762
4122
8536
1864
2684
377
6657
5424
3236
1344
4673
1990
5801
4724
3446
77
9690
4296
1894
7065
1661
2689
3103
4103
2258
8727
4199
8661
269
3591
6233
6253
2342
5165
1607
5950
5190
7253
5901
4743
2672
6001
8046
6436
8996
7491
8714
2954
1035
7168
1857
6445
69
2952
406
5340
3150
228
1536
3698
8953
4169
3303
5288
9156
8917
3041
1402
5133
6584
5517
5298
9008
2611
204
648
9705
618
516
4153
7361
4240
8521
4245
7385
6198
7034
4513
8227
8799
744
2990
5451
9185
221
9662
7769
5648
8689
1743
4313
1468
8826
1312
5785
8649
3838
4908
729
4491
5923
5059
6440
821
5095
1028
5603
7653
8113
6581
552
1262
3184
8582
164
2127
348
7477
5937
715
5121
8576
2163
8873
7544
1761
7647
6635
229
8861
2611
7703
7076
4191
365
5262
3639
381
1963
2639
6977
935
4401
3575
2747
1508
2963
9222
7792
4647
5641
7221
8124
5715
3651
7994
5856
2117
1223
4605
597
7607
3832
4192
2840
7236
9436
2232
1796
2437
8729
3229
5954
9209
1074
8496
2509
1604
3531
6598
5722
2858
6750
6763
2524
3257
3330
121
2648
1788
8407
5141
1057
6165
890
9848
540
2091
7234
9489
5079
6912
1527
90
1210
7992
6721
1838
9975
3043
9084
8515
6504
8055
7085
5418
5438
5784
6025
7615
182
533
3154
2090
8443
6211
954
3089
3743
3691
5420
9174
5053
128
253
6399
3825
2454
6002
1063
5725
3147
5526
7309
8169
4340
4466
9089
7738
194
2385
1333
2434
4608
910
4257
4758
3325
7591
9004
2433
6940
3847
7638
767
5465
5509
9158
9116
2546
8249
8321
8354
5561
9306
5798
7723
667
1994
8302
4909
3452
9538
5591
8386
4156
6751
6431
4788
5262
6850
6156
8687
5350
2639
1182
969
6673
7958
5737
5314
6027
1709
3570
7815
9913
9401
9024
4029
5090
385
4573
992
2250
9109
8493
6349
5435
154
1611
2634
7603
4877
6450
3417
176
66
9020
7541
2153
6394
2033
9963
6354
9809
8127
3729
1749
484
909
1470
9617
5782
5741
1520
5790
8803
4849
9194
1834
8019
5339
3016
1622
8376
9999
4557
2819
8267
8830
9054
5334
4745
8888
1741
6006
3290
510
2497
4763
9404
575
5613
9489
5908
5196
3733
6413
885
2078
4671
4843
9393
9107
9090
5589
9668
7029
2267
2821
7960
2801
559
1117
4492
4344
1247
1543
252
9508
8042
9333
7920
7671
5481
728
4071
4167
9723
3723
6724
1964
9891
7964
5142
1738
8156
5017
3186
759
9520
4112
3238
371
4162
5951
3804
9067
2215
4485
9710
4585
16
8335
5459
1463
4591
2511
7406
6476
3758
2604
2919
8565
2125
5422
9001
6629
8998
513
818
3302
6604
5465
5009
8258
5058
50
7969
9002
2237
7135
3667
7601
9684
8710
3188
4913
5632
206
8836
4216
6583
9586
5993
8772
8900
4336
2157
3899
261
9542
3509
163
8845
2426
3941
332
9962
905
3381
2591
5142
7445
3056
2321
1002
9044
4005
8374
5946
7259
8231
4331
6225
9970
897
4866
6590
3138
4152
4128
5451
6181
5020
8209
4882
1130
6177
9822
4117
1207
592
3780
8027
7448
4442
161
5317
8839
6086
489
2602
9088
3299
7632
775
2048
7497
4905
7906
1956
5102
3931
331
9897
6888
8209
1418
6801
912
2759
6525
3057
330
2866
5760
2869
3893
9813
9910
2280
4713
1979
3425
3618
9204
2823
9844
2335
8776
5426
6535
7046
9301
2754
71
9983
8729
7653
9060
9126
9215
6771
1598
7082
5549
8052
1503
5199
1031
4260
5058
6101
1660
733
9774
572
8280
3276
6787
307
1017
5127
5556
2167
3200
874
7570
4945
3872
7647
4926
114
2619
4529
2145
118
9618
820
652
8835
6261
5891
6410
4216
3347
7410
1101
7907
827
6686
1774
3711
9827
1442
9087
6279
1604
9081
7360
2525
685
8768
7832
6379
2353
7454
7442
9945
5360
1513
8511
2962
2178
391
3602
9535
9725
1964
3712
8337
8251
6042
3344
2825
2144
9357
5296
5045
7911
6613
1906
9645
9843
6858
1599
7258
7069
7097
3052
1926
1794
8256
6398
908
3235
8119
2715
6707
2410
5723
4403
9867
4115
3918
7700
387
104
6402
2236
9043
2909
8259
3356
9037
4929
2815
3122
9623
4397
3838
8969
4033
8542
2993
945
3665
1822
6713
1050
5266
4860
8371
5079
7740
8833
6776
9604
3569
7716
202
8299
5342
6218
8409
4192
9705
6632
6417
9105
7016
4044
4524
9940
510
9120
2134
622
7759
2135
6097
6032
439
4148
6452
6441
4425
2881
2086
3324
2134
2461
5487
372
5368
7844
6605
5761
109
3593
3649
9850
4247
3577
3280
9111
786
6142
6665
332
5912
4596
8823
7920
6621
9730
5472
6584
4363
9409
9556
9238
2792
4763
5050
2556
4751
6239
5893
722
5573
9076
9458
9308
5867
6910
7241
1566
7534
2242
2708
4593
9722
3943
2303
7070
7281
2407
1145
2052
5258
4908
3874
6444
6344
7463
486
8556
5380
9793
8663
1893
7035
9243
8100
22
2251
1498
8611
6195
6728
2324
9296
2981
246
3768
3311
3516
9661
5348
9265
5019
2733
832
9165
7802
2620
9866
4748
5977
3478
4365
5607
9213
2781
1374
9371
5686
4671
1417
3981
8817
7346
3886
5287
5389
987
601
5646
9084
6431
9434
9770
1596
1245
793
4594
9627
3990
8621
5751
6475
4982
5545
9101
9870
2710
1470
9222
6315
7535
9496
2997
6883
3458
104
9347
8337
6456
5056
4144
6577
753
72
6229
8565
4144
7428
3087
6120
6235
1896
6831
9303
3682
9321
2845
729
7985
4859
7657
7795
9059
5955
2152
6659
3769
9451
5869
2328
6495
7346
8796
2975
7872
4353
5380
4357
7678
5326
2451
1582
1215
4389
6942
182
5290
7825
6382
5986
9962
3143
4165
9999
6915
2791
4739
6188
8525
4095
6304
2552
61
323
8231
2007
2391
5556
1721
9947
2897
4915
5594
4246
916
4347
8031
5869
319
5864
7269
491
5005
5442
2763
6172
9990
7857
1782
5737
4257
9902
8629
1193
3540
3864
231
9278
5154
243
1653
1574
110
7489
6307
3723
6528
5428
2715
1764
9488
7457
9384
599
7206
7277
2206
1177
9283
7054
4156
8901
5577
975
4566
4304
7139
8887
4770
948
1868
7774
1243
3925
7998
724
939
2376
7508
8344
5947
9281
6701
2706
7709
41
8321
7064
6367
8852
8004
3866
5205
3627
2376
7229
8093
1780
2538
1427
4526
7150
2658
2758
5051
6502
5784
2985
1616
3545
9847
529
5546
9499
3301
9742
2265
2099
5177
2485
1056
6878
4958
1955
3230
9716
2818
6975
259
3133
4680
9537
4720
3149
6447
5947
7145
5335
5974
2253
3920
9526
1866
6070
6338
3352
1913
1004
8979
5465
8458
2116
3346
9283
5772
6644
1268
317
363
5726
7762
1489
6957
7894
9118
8358
4079
4768
8085
8553
541
7147
7496
5068
7154
4962
9019
400
1255
2367
8511
4924
6512
7414
1432
660
9667
635
3558
9487
615
4963
6260
1926
4697
2184
8510
1753
9485
1955
8322
1225
6438
3746
7927
1973
1779
9451
7680
1849
4705
6140
7748
8976
7526
9627
5556
8431
5404
7333
7025
8758
6362
8536
8018
3988
1612
9658
4854
6507
2678
8775
4368
1782
3992
5918
2921
2460
768
2076
9787
5274
7381
1048
4296
3640
8056
2821
1798
4530
5054
6174
6259
6540
1062
1267
151
4482
6693
9137
1179
5086
1301
2235
2642
1903
1484
7467
7518
9468
4109
205
5140
1434
3027
3720
8671
1846
6659
9604
1985
4749
5681
2275
8553
4235
7265
7439
8588
277
3764
4963
2067
5860
3574
6417
6666
7442
8537
9911
2162
7071
510
8278
5175
6847
9803
1296
7249
5789
8033
3448
7718
605
1006
448
5586
6688
5869
1140
4027
4646
105
5203
4932
2496
9236
6520
6841
2432
9719
9021
9427
8384
8358
4209
1677
4288
1789
614
1459
3520
9950
3252
1911
243
6891
5779
8315
4212
3407
5899
3934
6713
8932
6183
1379
1622
636
8323
1330
6293
1118
7356
2175
6697
8730
3958
4399
3236
9913
8862
9130
9858