500 502
70 21
21 63
21 69
21 193
21 229
21 442
21 130
21 108
21 38
21 259
21 22
21 270
21 17
21 248
21 312
21 133
21 98
21 376
21 247
21 27
21 373
21 68
21 261
21 153
21 112
21 217
21 445
21 122
21 416
21 328
21 192
21 65
21 481
21 374
21 480
21 414
21 405
21 227
21 406
21 343
21 195
21 152
21 184
21 146
21 233
21 322
21 31
21 100
21 179
21 290
21 83
21 457
21 360
21 230
21 85
21 448
21 265
21 121
21 11
21 216
21 54
21 154
21 263
21 369
21 144
21 500
21 287
21 255
21 89
21 429
21 323
21 120
21 7
21 326
21 172
21 309
21 464
21 129
21 162
21 402
21 455
21 23
21 388
21 43
21 393
21 378
21 176
21 335
21 321
21 151
21 499
21 316
21 32
21 385
21 484
21 415
21 139
21 267
21 479
21 253
21 5
21 158
21 1
21 478
21 245
21 352
21 420
21 20
21 281
21 52
21 315
21 488
21 452
21 252
21 25
21 349
21 33
21 40
21 465
21 109
21 187
21 78
21 56
21 175
21 364
21 331
21 90
21 15
21 251
21 76
21 191
21 171
21 185
21 211
21 292
21 432
21 138
21 421
21 394
21 80
21 313
21 308
21 73
21 357
21 489
21 134
21 194
21 280
21 3
21 396
21 487
21 225
21 14
21 366
21 324
21 470
21 495
21 235
21 199
21 42
21 88
21 219
21 296
21 64
21 329
21 451
21 205
21 104
21 424
21 196
21 417
21 413
21 39
21 36
21 363
21 71
21 215
21 418
21 182
21 209
21 482
21 411
21 430
21 59
21 75
21 426
21 410
21 137
21 336
21 282
21 358
21 4
21 306
21 395
21 116
21 222
21 433
21 8
21 142
21 461
21 435
21 320
21 272
21 317
21 384
21 283
21 447
21 94
21 208
21 299
21 491
21 79
21 266
21 67
21 125
21 467
21 412
21 19
21 443
21 401
21 372
21 221
21 123
21 87
21 51
21 365
21 206
21 257
21 436
21 462
21 284
21 45
21 307
21 58
21 493
21 355
21 490
21 183
21 167
21 303
21 458
21 180
21 370
21 169
21 347
21 161
21 111
21 332
21 213
21 497
21 29
21 278
21 140
21 486
21 327
21 453
21 170
21 157
21 37
21 404
21 243
21 103
21 240
21 190
21 463
21 147
21 113
21 382
21 6
21 155
21 277
21 53
21 48
21 110
21 498
21 304
21 145
21 178
21 57
21 177
21 74
21 293
21 60
21 173
21 236
21 456
21 101
21 301
21 423
21 397
21 381
21 302
21 186
21 244
21 389
21 409
21 380
21 361
21 254
21 114
21 339
21 226
21 258
21 150
21 377
21 368
21 375
21 386
21 367
21 264
21 398
21 228
21 407
21 250
21 318
21 210
21 81
21 288
21 91
21 354
21 340
21 289
21 204
21 84
21 238
21 118
21 344
21 149
21 241
21 392
21 441
21 387
21 338
21 16
21 159
21 333
21 44
21 391
21 9
21 202
21 239
21 18
21 106
21 77
21 400
21 345
21 454
21 124
21 242
21 132
21 483
21 466
21 82
21 188
21 174
21 330
21 10
21 218
21 474
21 348
21 198
21 168
21 496
21 469
21 300
21 485
21 295
21 160
21 492
21 425
21 346
21 437
21 26
21 262
21 55
21 260
21 156
21 475
21 141
21 2
21 276
21 494
21 438
21 471
21 427
21 311
21 201
21 446
21 256
21 97
21 148
21 359
21 66
21 371
21 93
21 61
21 298
21 419
21 271
21 403
21 428
21 297
21 444
21 214
21 294
21 126
21 473
21 224
21 286
21 285
21 468
21 86
21 268
21 431
21 165
21 181
21 115
21 163
21 119
21 434
21 279
21 102
21 166
21 350
21 383
21 92
21 459
21 314
21 337
21 362
21 62
21 95
21 450
21 143
21 99
21 390
21 127
21 223
21 136
21 439
21 477
21 351
21 305
21 135
21 232
21 28
21 274
21 399
21 30
21 234
21 422
21 131
21 72
21 164
21 325
21 237
21 342
21 96
21 117
21 353
21 203
21 47
21 356
21 128
21 273
21 231
21 49
21 212
21 13
21 24
21 246
21 269
21 341
21 472
21 440
21 107
21 275
21 408
21 460
21 319
21 189
21 200
21 220
21 35
21 105
21 41
21 249
21 291
21 379
21 207
21 50
21 197
21 310
21 12
21 334
227 87
69 128
240 128
125 274
201 476
313 50
176 316
445 476
