177 177
37 23
23 173
173 38
37 99
38 159
159 50
159 32
159 114
38 7
32 95
99 126
50 19
173 68
32 124
37 107
159 139
50 137
19 96
126 73
7 55
124 21
32 112
95 9
21 141
173 150
68 48
55 20
95 60
126 90
112 91
55 175
150 153
20 155
23 110
114 71
50 31
137 51
110 36
139 164
95 136
73 14
124 128
21 151
107 157
19 145
173 18
90 43
18 29
155 66
173 79
107 162
31 87
137 8
7 104
137 4
29 57
136 30
4 171
23 42
139 113
112 94
113 16
55 160
126 135
66 174
175 64
110 5
30 102
43 13
102 70
151 172
14 69
50 56
94 115
9 161
71 49
38 100
161 119
51 17
70 149
66 168
173 131
168 167
155 34
5 92
71 84
115 125
16 27
155 106
43 111
102 15
56 28
110 85
68 39
27 44
90 88
68 77
21 148
79 108
168 177
56 53
5 61
28 122
56 165
19 74
19 22
51 75
9 47
148 58
85 45
79 25
71 142
85 140
42 97
43 163
28 120
20 6
157 72
6 54
142 59
73 11
94 78
59 41
15 101
19 116
36 76
149 170
97 62
165 103
174 146
19 33
95 118
139 127
7 152
106 93
36 169
174 80
127 176
29 83
157 67
113 132
16 123
163 144
53 65
36 26
112 1
135 138
132 82
83 143
85 86
73 35
144 154
144 133
16 166
107 121
87 2
16 105
162 10
27 129
23 158
35 63
160 46
125 12
22 130
110 3
74 40
38 147
56 117
64 52
27 134
59 24
44 89
36 101
120 47
34 33
40 81
142 133
105 146
