38
74 -8 45 -111 117 28 -127 -102 74 71 -49 -40 14 -69 96 -71 30 14 116 -14 63 42 2 -52 -71 48 -66 -75 -49 41 115 -117 -100 114 2 -124 82 -101
105 -53 -58 50 -59 85 73 -122 -90 122 54 80 -35 -58 84 -40 108 -8 61 122 28 -73 -57 56 65 64 11 70 -32 79 1 117 -64 111 -41 68 73 -19
104 124 -61 32 64 -74 -28 -93 -10 40 0 16 92 105 90 -122 -100 -42 12 23 118 109 99 -49 -120 90 61 102 -56 123 47 -33 50 -40 86 1 -78 -108
-50 -73 -15 -125 -111 113 -119 -3 91 103 95 -59 123 82 -122 2 -122 -30 121 -112 -68 99 0 -58 -59 -110 28 46 -54 51 -3 82 41 99 -120 -73 -59 -55
-101 86 -79 -86 6 87 -22 78 39 100 -13 120 23 -67 70 -4 9 50 94 -36 85 -113 -91 103 -34 -21 -20 79 -56 70 -99 81 -17 63 12 -69 -7 45
11 118 75 -60 30 81 96 107 -71 3 -9 -68 -38 126 -60 123 -116 25 -17 -65 14 -117 -53 35 52 -13 -87 115 24 25 41 111 19 45 27 100 -116 40
-15 75 -59 -24 -91 49 76 60 -37 -76 71 3 -105 -62 -74 -4 121 -41 -64 70 -56 42 74 -22 -2 -30 -22 87 5 -44 54 115 -36 -83 -88 -86 11 -43
68 -26 71 -28 95 -1 -65 -106 -107 121 -33 -5 -78 -109 77 -10 76 -16 4 47 -29 -90 -80 -10 105 -46 -48 -87 -80 51 -68 -127 -46 -28 59 90 -47 69
117 77 113 114 -35 93 50 -121 -23 -4 124 -54 -31 -38 -67 -5 -91 -13 90 38 -110 65 -90 -117 -113 31 -4 116 -32 67 105 23 -72 -106 16 -69 82 84
48 6 6 49 33 90 68 -12 27 -1 104 -106 -38 -98 82 -44 -9 3 -109 -106 -18 61 -50 -105 63 65 -105 -94 12 -55 13 -55 11 58 52 -45 118 80
-117 -23 119 -3 108 -76 126 104 -120 87 29 81 91 -49 91 -81 6 -22 78 43 31 29 -41 -112 0 -74 -29 -107 -64 -34 102 59 -71 -95 -43 -14 122 65
-46 123 64 125 64 -12 32 -80 -22 -50 -41 47 47 17 -59 -111 62 -57 116 39 -124 70 53 -54 -32 109 33 0 119 -51 120 22 2 63 -121 63 -10 -58
-122 72 74 -100 -83 36 -47 88 75 -64 -27 115 19 -98 -52 -83 44 96 23 -112 19 -111 41 106 -57 83 -6 82 -122 118 20 -93 56 78 -64 -85 114 49
-95 110 -126 2 41 55 0 -32 101 -80 71 -33 79 88 -13 -25 -35 -64 66 59 -21 -124 6 -52 82 -107 -3 -27 3 -57 101 15 -7 -60 22 -49 54 5
110 -73 66 88 -9 1 -7 62 59 -31 -58 -101 126 -67 -15 -126 87 126 1 -66 -73 -87 21 66 -20 19 -85 102 -40 101 1 -5 47 -78 -105 109 -36 -83
5 29 50 99 35 18 -98 -76 57 63 -43 24 38 -107 46 89 -115 -16 -40 40 43 -75 -92 76 29 28 -13 -107 -44 72 12 -22 -122 -94 81 88 -24 -41
-24 -122 113 123 -117 35 -39 21 -19 -104 71 -2 -57 65 50 23 97 -77 43 -110 121 34 -122 -87 53 61 49 89 112 -60 100 46 -17 -77 -20 -36 -103 34
122 87 92 102 98 116 -51 -124 116 -34 98 43 59 56 66 107 85 -113 -11 -41 110 75 25 38 -47 71 7 118 -80 -117 84 59 -124 -37 -20 -107 -126 65
43 3 -24 101 -45 8 28 115 43 -113 -13 120 6 -29 -69 27 65 -28 -27 50 -111 -115 -59 73 29 124 -44 71 74 -77 -116 -108 -14 30 102 81 -16 -76
-78 -69 -35 -26 -30 -101 -6 -123 -89 74 51 74 75 59 57 -125 91 42 71 -57 -86 -42 58 -61 118 -39 -66 -7 -98 35 -106 -38 38 77 -69 62 -80 25
-102 -125 39 -70 32 123 102 -21 63 -73 -102 44 -26 -117 -106 -44 108 -51 13 116 -63 -120 26 -123 80 -29 -106 -39 -114 111 6 113 -58 -127 69 -93 -66 116
74 -1 125 -17 -80 79 -41 -100 108 -91 33 -89 -4 -105 -3 -73 -66 49 29 108 25 -30 45 70 -104 -39 -31 -73 33 2 -74 73 -90 36 -125 4 -27 22
-121 -113 97 -28 -113 24 112 -71 67 100 -60 93 76 77 27 45 70 103 -1 56 51 -71 58 111 -51 -1 32 123 -49 59 116 -117 -106 45 -57 -19 52 -105
-86 53 -90 -83 123 -118 19 -110 84 81 43 52 92 2 -20 125 126 34 0 93 12 -111 -33 54 23 -97 -82 69 32 -21 -118 47 -26 5 -35 37 -84 -20
-40 53 -100 -83 -94 -79 -120 125 -73 -44 108 -34 -82 -4 -15 -27 120 125 -19 -60 -62 -64 -86 -21 54 -56 0 13 -74 -114 117 -44 -70 -78 -3 -7 -118 -116
74 -75 -73 -73 35 -53 -48 67 -28 -36 13 111 96 98 -104 44 126 -55 -73 100 -90 126 30 118 -53 49 -29 -115 -49 21 36 113 -118 8 -85 -120 -8 -23
-86 80 74 -52 33 -93 -73 -75 -57 65 24 118 41 -113 -88 -66 -14 53 -75 -102 10 -72 -59 -84 -58 19 -97 11 11 60 32 -77 80 102 103 53 -21 -13
-124 65 26 -33 -67 -24 119 -94 -14 8 22 -113 -110 60 -72 118 31 74 117 -118 -108 57 71 85 67 54 -69 -112 59 13 -76 -70 -84 65 15 -7 -116 -89
1 -57 -14 -80 -118 -7 -17 101 42 -22 24 8 -83 56 -19 94 76 -16 119 -123 -86 7 77 -4 55 20 61 59 -111 -105 -57 55 126 -91 -92 31 -90 -33
-18 98 39 -88 -53 78 64 -109 -66 89 114 31 17 56 96 26 -24 55 113 39 15 110 105 -36 71 -5 72 -22 -92 -99 -52 29 -93 -67 58 -110 -71 70
-63 25 -76 26 102 7 -117 -52 -100 52 34 99 60 -38 13 101 54 113 -14 -77 125 -72 125 51 83 3 -106 100 67 -66 106 76 -101 43 -34 -115 124 -107
-40 67 40 -54 97 -11 111 88 -71 -105 -4 76 -53 -47 112 85 -27 -33 72 34 -17 122 63 80 -108 36 -8 -48 -34 67 -8 85 13 -24 -113 19 91 -126
6 120 -9 -53 -44 35 73 -102 66 81 18 -43 32 23 19 38 -113 -61 -62 -54 110 -43 36 -101 89 -13 -1 -66 4 -93 106 -33 -9 10 61 -91 -31 70
-52 90 -77 44 -108 9 -105 -121 62 11 73 48 -24 42 72 117 -29 -73 -55 127 -48 -9 28 -4 102 -103 -113 13 20 -40 -16 -93 -58 24 -99 62 100 21
48 33 -114 53 -71 -33 26 86 -104 22 71 126 68 -44 15 28 -59 6 77 -81 -81 -58 48 116 59 4 -12 27 3 -81 108 -14 -117 33 101 76 -85 -69
123 65 77 -44 126 36 24 -76 -99 -46 120 -41 -29 -25 122 96 27 43 106 106 -24 -42 94 -24 119 73 -111 -44 -74 123 -120 101 55 -112 40 2 -70 66
55 -107 -40 119 23 64 48 103 73 -115 -83 -71 35 -89 -20 -115 -83 68 13 57 -125 120 -13 -51 40 -32 -57 -46 -37 100 -92 -13 -44 1 14 -18 45 -28
-86 99 19 -42 108 47 -23 -21 -69 -51 27 -24 53 -44 42 109 -8 -19 44 -33 20 -47 31 -99 -52 69 51 -33 -71 26 59 -122 46 -22 -87 -52 61 -124
