57
-32 49 23 54 104 117 52 -61 -23 -19 2 -39 -40 40 -89 97 -40 64 122 125 54 125 7 -82 -55 -9 49 105 -45 -37 117 76 44 -21 67 28 8 -38 43 10 72 -76 53 -5 2 -39 -103 106 -2 -111 44 99 -61 72 -3 67 -7
-73 32 79 58 -65 -106 -105 -73 -97 27 -15 18 30 -100 -92 100 66 37 48 86 -32 41 -8 -83 49 125 -101 74 119 53 -88 58 -46 10 -116 99 -96 10 13 126 -8 79 -50 -53 -126 90 -7 91 67 16 -95 -111 11 41 -41 64 6
79 -72 37 -49 -44 -78 -8 -86 -77 -114 -125 -71 -7 -99 39 -11 30 -76 70 63 -30 32 73 116 -12 -14 28 91 -80 -108 114 69 -49 -92 58 87 -27 -2 -114 87 -76 49 97 121 15 61 -51 -71 17 61 108 -18 -48 1 -18 -62 -88
95 22 36 -21 27 -41 14 -5 -120 89 -60 116 -103 12 -40 90 97 -16 -44 50 -16 -64 51 -52 10 64 -83 -116 90 -93 127 -43 108 -42 -39 98 68 26 -122 114 -39 -94 -60 12 64 25 28 -30 -61 37 -99 109 79 -23 -62 -5 19
-48 115 56 -5 -9 -41 -46 13 -55 6 124 -40 118 -105 16 67 -64 47 -36 50 -106 63 -56 48 41 69 86 -118 -31 -13 100 -1 76 -11 -85 54 -22 51 25 127 -11 99 -11 -16 -39 -69 -17 -95 -57 34 8 97 91 -82 71 125 15
55 -59 52 -41 -23 77 -89 63 -109 106 -115 108 -10 -13 127 15 -60 -37 59 16 28 105 -41 108 -25 30 -79 -51 -6 -120 92 -37 48 -100 -1 -52 69 -33 58 51 34 -2 -79 19 118 -39 36 77 -9 48 -15 33 76 118 -105 24 -43
66 -41 -93 -52 -96 -112 -101 46 -1 -86 67 -110 113 74 -56 115 87 123 61 -36 -43 55 -53 112 89 117 -19 64 -69 -121 11 -103 -25 18 104 -86 64 78 83 61 52 127 -19 78 -40 87 -12 105 100 54 -21 75 -9 44 -70 -10 -35
8 55 -12 85 -34 29 69 -57 -46 -46 0 -4 55 78 -127 25 103 -37 -44 -113 -114 -27 5 57 101 -26 111 -69 33 82 -93 105 -9 55 71 28 120 85 -90 -67 75 -47 -76 -42 70 -34 10 40 -75 115 -114 76 -107 106 -72 70 -107
-30 -57 -64 -60 -2 -106 42 -38 42 104 33 29 -53 -45 74 -34 -2 -80 4 38 28 -120 -46 9 -85 49 14 126 -16 -50 10 -105 -40 -76 -51 -34 -83 -21 79 -16 36 1 -78 -22 -4 57 93 82 -82 72 -35 -106 125 79 76 62 109
-54 90 60 1 2 15 -26 11 23 2 96 117 -86 95 102 -118 -47 41 -3 -94 -65 34 -112 -73 -59 -32 -82 122 -100 79 93 43 -79 -55 93 108 -5 34 -123 10 40 104 80 127 92 -26 -95 69 -54 8 5 30 68 -45 0 -78 -59
81 -45 96 96 27 14 -70 84 66 79 5 31 110 -25 88 47 -127 -25 -91 -42 -104 -111 53 -70 -20 -85 41 -102 -7 -22 30 111 69 -76 14 -27 70 20 -34 -78 -120 -22 50 -14 113 42 -40 55 -61 123 -110 -68 -23 118 -118 42 -107
-40 51 87 41 -27 1 -54 -48 -105 110 96 -109 -94 67 4 -38 -94 43 49 -114 -94 -80 9 -102 -31 111 37 95 -72 -127 -102 -125 -44 123 120 53 -12 -27 -16 -100 95 -68 -60 1 -65 72 -113 37 89 33 28 -102 47 -19 -27 -97 0
112 -93 10 101 113 27 -22 -67 -69 -9 -89 113 21 -91 -73 117 -23 47 -19 -19 101 -5 -18 84 40 3 85 104 -90 46 -58 -40 57 78 -115 89 -17 66 92 81 -78 18 -36 -97 12 -37 -65 -101 42 103 -50 5 48 -114 -59 -43 37
-73 55 -1 -20 61 -99 39 30 119 75 105 108 30 35 88 -26 -111 75 -51 115 38 -92 56 -86 -12 68 94 40 -33 -39 -27 62 -16 62 72 -83 60 -78 -92 -95 97 -44 -13 -114 -58 113 -77 -114 -71 104 7 -49 -116 -33 5 -35 69
-85 44 -76 65 -87 -8 -8 -6 -59 -23 13 -51 -64 68 120 -123 86 101 15 -105 31 88 -26 115 78 28 51 -120 52 -43 -36 42 42 -55 14 91 -114 25 -58 66 -57 -76 57 63 -95 -126 58 60 67 114 -81 -74 -119 83 124 38 -105
-109 -127 42 104 115 64 40 45 -89 -120 82 73 65 56 111 -125 40 -10 -65 -115 109 98 -50 -113 100 65 -107 -81 -70 71 -81 -43 50 -29 -91 103 -123 -100 -25 123 -84 40 -71 -80 -102 100 -93 117 49 -119 -41 26 -7 10 47 47 51
49 -92 83 -58 84 118 -115 53 22 51 -116 50 22 -30 -25 80 111 59 -40 125 123 126 -125 -36 43 96 118 -26 102 27 120 40 113 -41 73 17 -101 -70 -87 -96 -114 -108 100 109 -29 35 71 -68 120 -5 -90 11 12 126 -88 -22 126
-14 110 -108 -113 -54 105 52 -1 -21 -95 105 -59 45 -75 -63 22 -54 -52 -110 73 -83 94 -113 23 60 -45 85 68 94 99 -45 -92 85 -119 70 117 -24 122 47 0 124 73 87 -46 27 87 -121 -26 50 -16 -30 57 111 -98 56 -110 24
41 27 43 -109 -39 -122 -22 -80 -12 0 28 110 -92 58 18 123 -64 30 9 66 63 -8 -32 -85 -25 103 -48 -107 -103 90 -109 -124 -111 -52 -109 -33 -16 90 -55 23 -78 81 -49 23 63 -55 51 16 -8 109 -63 24 -54 85 -110 50 -47
-108 125 -1 66 -114 79 121 39 -57 123 -47 41 -28 -30 -10 39 93 -116 92 58 79 -116 25 -51 122 120 -124 -69 -86 -95 117 -4 -14 87 -114 25 10 -4 -48 -62 -105 70 64 53 45 -17 60 -38 55 -104 91 -63 -113 76 112 77 5
3 -127 41 39 122 -106 -90 30 11 -110 104 24 -1 -116 -9 -72 9 28 -41 -83 126 1 53 -52 124 17 -38 -127 69 109 19 -50 0 41 -59 87 47 -105 8 73 35 65 -91 73 108 30 57 -103 74 85 35 25 -121 11 -63 96 -35
94 -78 117 -48 -32 -39 9 44 -94 95 -38 -127 103 28 11 -66 -65 4 -99 42 -54 -101 -108 -41 -38 -51 -54 -44 -94 -6 9 102 49 -58 -30 -17 -84 6 -119 87 -83 88 -10 -123 -121 -100 98 -103 18 -49 -51 71 30 -59 -121 -114 0
-45 -6 -44 -2 -126 29 -37 -32 122 98 75 -63 -100 59 -45 -24 -65 -49 118 85 -65 75 32 87 -75 -97 12 9 -35 67 48 -17 -29 -40 -66 -27 -110 -88 101 6 -109 29 0 -63 101 104 -16 -2 5 -59 7 -118 50 6 -21 -51 106
106 69 -45 -44 -25 -103 -57 32 -113 -102 -119 -19 44 18 -100 39 11 -57 92 -117 60 30 -71 81 37 81 -98 38 125 -77 36 -66 103 23 -112 14 29 -21 34 48 3 -81 -125 -66 110 27 -5 28 73 94 -10 -41 14 -73 22 114 122
-76 115 77 -57 33 109 84 73 -115 -49 41 111 95 -109 -5 120 -65 11 44 30 -11 41 -9 -43 -73 90 -48 -46 104 31 24 56 -51 -47 -94 -19 -36 81 -118 93 115 -39 98 19 -28 79 56 122 70 84 90 -46 -107 19 84 -13 -61
66 77 -54 78 33 10 -40 41 5 106 -85 15 41 -75 14 6 124 -31 14 18 -71 16 71 -101 48 68 -106 -18 121 27 46 -21 21 -44 -7 -65 58 -6 -16 -114 -29 58 -123 25 -74 -117 104 -87 4 -89 71 -117 31 -101 108 -50 -90
114 53 75 62 61 -44 -10 -81 76 112 -62 102 59 44 33 -12 90 124 -54 -101 33 56 -17 -20 -120 64 112 -1 -114 113 125 33 -100 -8 86 -33 81 -105 26 41 10 93 -105 127 -55 -93 -101 -38 -87 -72 74 94 -4 123 115 64 100
-46 -37 88 20 -123 8 83 92 53 100 11 39 21 -80 -124 111 12 56 54 -116 45 -107 27 124 114 14 112 105 -90 -82 -69 69 -22 37 -21 86 112 57 76 -125 80 -7 -120 -78 -41 38 -7 72 6 51 119 -116 -111 -77 82 66 -52
-45 28 -17 -45 117 104 -113 67 86 66 32 117 15 -91 -35 34 20 -57 -71 -71 64 27 40 -106 114 -18 65 -103 67 30 78 -35 -66 -14 -1 -8 0 53 -84 88 -72 -109 -61 118 111 119 -99 -112 -112 80 108 -68 20 36 -104 -40 -119
-120 79 -10 -48 0 64 94 -59 106 9 -48 -6 61 73 37 -16 16 117 -8 -101 -123 -80 35 29 -122 113 99 -53 54 81 -49 10 -105 111 115 -19 -90 20 64 36 -52 123 -43 -23 81 -48 111 -68 67 -111 74 6 -103 -25 123 -120 127
-45 -57 -43 26 -76 -94 -124 -52 -96 -30 38 -53 43 4 104 54 36 -76 -116 120 -121 -82 29 97 -89 35 -118 96 -118 -111 -85 -69 59 -1 64 -55 62 32 9 -118 110 28 -115 5 2 -19 -32 75 -48 -85 -77 -15 96 -91 -66 -16 -8
-124 -11 40 -13 -90 -41 8 -104 -66 85 80 -100 -34 -33 5 69 16 -93 -93 -70 -53 -76 101 -83 -77 -24 92 -72 20 -11 8 -16 -33 -121 -91 107 41 20 -117 -104 79 4 14 -114 86 -6 97 -9 71 -114 107 -66 -48 51 31 61 117
-75 85 -37 -100 37 125 -49 -83 1 -115 95 4 -95 -53 -81 96 -89 -80 -117 119 -116 66 -52 77 -57 21 107 83 -103 41 75 29 -96 109 76 -108 -98 88 -50 23 -125 -9 -88 112 86 94 125 -22 107 115 45 23 1 85 -68 -14 89
-82 42 -10 -101 -81 -10 -42 85 -105 -69 30 -99 68 -120 -42 82 54 -4 -72 -101 104 18 65 2 26 -24 -20 -114 -107 51 -101 24 62 -65 48 104 -100 -25 -106 42 -4 -63 -45 -31 -33 -2 22 70 89 -82 74 16 94 -47 -21 -31 -123
90 120 48 -36 75 -66 -59 69 -92 -102 -77 12 15 -15 117 -12 -19 100 52 34 73 -72 -78 101 11 111 -86 86 -41 -104 116 13 -36 -85 106 -51 -20 -100 126 -63 88 -35 59 32 117 -33 -118 32 55 -2 -73 83 63 -20 -104 46 -64
9 -79 -29 -57 -83 1 -59 89 123 35 90 -100 91 87 -125 -3 41 -117 -8 115 48 116 67 19 -3 -64 -64 -62 117 102 29 -43 -123 62 119 -23 3 66 -12 112 86 94 64 -22 -43 -2 -89 42 67 -126 -16 15 26 -93 52 3 120
-2 41 -23 64 -31 17 -71 120 -126 85 17 119 113 10 -6 -106 -87 -105 -119 -71 51 -14 85 -21 -106 95 -10 6 -53 -96 -93 -60 -102 88 62 0 -1 -91 108 4 6 24 -55 -3 -61 -60 5 -52 80 44 -82 31 -33 16 -9 44 -93
16 -83 -11 35 115 -97 -28 -75 44 24 96 -80 24 -108 -83 77 -42 91 -71 -54 1 -42 31 32 -120 64 47 -106 -106 110 -26 -101 121 -90 -127 76 57 -109 50 104 100 -122 124 -21 2 -61 -6 -102 100 76 19 95 -53 -45 -127 -74 -107
87 121 -27 41 -90 -53 11 -116 -46 -121 66 -109 -28 -105 -59 61 76 30 -54 88 -56 -20 -5 -105 46 -67 30 -37 -5 110 110 41 45 -21 29 7 -108 80 -25 46 118 90 -51 -30 -93 -38 3 -85 -1 106 72 96 -108 32 -39 61 117
65 43 103 -33 -40 122 113 -25 25 -52 -77 65 79 -68 112 -82 63 87 125 -43 -38 88 -116 -58 -123 72 -67 -54 -88 5 -54 -4 -122 -72 -39 102 46 -93 -40 4 41 -70 -116 118 59 125 -109 -93 98 -120 78 89 -94 -52 -31 -15 -29
-61 52 -61 119 121 2 -92 -51 106 -34 -57 -15 59 49 -112 -7 9 -28 124 -98 -22 88 60 25 106 -125 -117 -39 28 117 -86 63 -16 127 -122 -123 100 -31 -79 -124 -14 -17 64 -28 36 63 -85 -121 -76 -18 -37 19 28 68 91 116 118
31 -119 -107 39 11 53 -68 -13 107 -26 83 -67 -117 -118 95 111 -53 -70 52 -66 -112 92 -1 112 46 2 79 -13 -16 -109 109 -36 -88 13 107 -115 80 -99 -49 -97 32 -13 -104 123 34 -58 98 104 -28 -61 101 83 -85 84 -90 -56 78
-52 -73 83 -39 7 -6 -118 -100 -21 -26 22 -7 -15 -70 57 85 74 -21 -106 51 -41 -62 -112 122 9 -23 2 -56 -111 -125 -41 -26 115 -110 38 46 -69 -97 -105 -123 -45 -108 -40 38 36 -13 51 23 39 1 -23 -94 14 18 -63 -86 -29
-35 82 -95 -5 -40 98 -14 19 11 61 -75 -90 -39 109 -27 -50 44 -44 115 13 2 31 30 23 -64 79 25 -9 -53 -31 124 -47 -50 -78 80 -106 38 109 30 -122 -59 21 -51 -75 119 -93 53 89 -101 -32 -7 52 -77 -41 77 -18 23
119 -46 -50 49 14 -47 58 -105 26 -76 106 -9 44 32 40 -117 99 94 -32 38 -38 95 -31 -76 96 120 -94 49 45 -62 -75 127 126 81 -59 -40 -110 -118 -32 -93 -9 117 63 57 -41 6 -46 114 -21 110 126 8 -86 -49 100 8 -66
29 -98 -40 57 -116 75 -40 -35 -15 12 101 -63 44 107 -3 -53 125 -100 104 -120 -95 23 -45 27 15 27 92 -104 -43 53 8 42 -67 121 126 55 -96 -78 79 -107 -117 4 86 -87 -24 -52 -75 -34 31 33 88 -108 13 -42 -10 90 57
-34 -51 -103 3 124 -7 92 -113 -124 -31 -63 -48 107 -28 17 46 -39 42 10 85 -23 -107 10 21 16 96 61 95 -76 67 -94 44 -31 99 -89 7 84 -18 -28 -84 -72 42 17 68 -106 81 -42 -100 -17 -96 116 114 97 17 105 -56 36
-68 -105 -116 -119 -35 -39 21 58 114 99 82 87 116 -67 -23 -60 -69 27 20 -9 -14 55 -1 101 84 -83 -33 -65 -117 -74 -115 56 57 0 -8 -44 55 -75 125 -119 -70 -21 -7 -31 1 -121 81 124 110 37 65 65 -39 126 51 103 -119
119 -81 89 -12 92 -125 121 82 -95 -122 104 94 38 3 122 -42 -54 2 41 22 -28 72 -29 -97 108 98 -97 -101 -117 -123 -69 120 -65 100 89 -48 122 -112 -13 -127 14 -88 47 15 73 -90 -28 -12 123 -107 46 107 1 47 -22 15 -93
126 -121 -123 -31 0 -97 110 29 53 -1 22 -6 -37 89 -102 24 -40 27 69 21 -30 -80 41 93 37 -19 48 32 39 -76 -79 29 -103 -29 101 9 -89 58 -116 -104 -73 112 121 -24 36 109 -55 -33 -37 83 74 62 7 96 -93 40 34
-61 91 82 -94 -93 -18 85 -123 75 15 108 87 18 63 112 -90 78 21 85 -122 -82 119 -118 -10 -30 -107 22 124 -99 76 -3 -46 124 -55 -77 44 -54 114 37 -126 100 -103 13 46 -37 -86 11 78 26 -58 -20 -92 -78 72 12 -8 92
119 2 86 95 74 15 -50 28 -19 -94 -122 -1 47 -61 3 -75 90 -18 127 -89 -71 -19 -47 -33 -75 -47 123 62 -9 23 -8 0 51 -1 39 6 -34 -60 -103 -29 -82 52 20 98 -51 32 19 70 89 -100 -7 -4 -105 -34 -102 39 -119
46 -120 84 0 -45 67 -43 -85 -51 -85 111 32 -75 -104 126 -56 13 -109 60 48 -47 10 -26 126 -67 16 2 -92 -48 -71 1 104 1 -12 37 -24 77 -25 52 35 76 -112 -60 66 -48 63 11 121 -31 70 27 -50 4 30 34 -34 13
-19 -40 -50 -50 16 79 -68 66 61 100 -83 -48 14 -66 -39 -38 47 51 -36 123 0 -53 -38 82 66 84 -118 13 -84 -12 124 -73 103 -103 -39 -105 18 58 -31 110 -29 64 -56 46 45 -56 10 -126 -108 -5 82 -9 -48 -27 41 113 34
-27 -58 -103 -11 -35 -107 124 -109 -18 115 -92 -88 -73 -104 -47 86 -117 -33 -63 -96 114 -102 -29 -4 55 120 0 -35 18 -14 -111 50 70 -53 -23 -64 -87 -54 30 115 56 -96 76 -112 -125 -64 -122 -78 -39 123 61 47 -24 82 -102 4 -25
92 -110 19 114 -87 73 -109 47 66 95 -102 -6 -116 -18 50 -101 72 67 99 52 28 77 -2 12 94 99 -83 -8 -47 -94 66 -101 32 -87 46 53 41 -52 92 115 -58 86 92 -83 116 105 6 -26 114 -76 -91 56 56 -71 97 81 -10
36 -13 55 126 25 -33 6 7 -1 -40 75 16 -113 63 22 48 -127 31 110 54 -69 -49 -107 -69 42 -118 84 -68 88 -107 -125 -9 22 -114 94 89 1 -38 -71 53 -49 -30 -1 -17 57 2 31 -125 114 -2 -76 -74 -7 57 -19 -53 -29
