52
-22 -3 57 -99 -58 68 -106 76 80 -35 -108 -120 -13 7 -78 -101 115 -40 21 -108 -91 -9 -100 -65 85 83 52 -63 17 -100 20 -98 42 125 65 32 45 87 -23 101 -3 -100 -16 93 -21 -2 61 -78 -37 -12 -81 -77
82 105 98 -116 -37 -80 -21 111 96 -125 -44 -101 83 102 -102 72 20 -53 23 58 -100 69 105 61 -124 114 32 -99 -27 13 93 107 63 97 1 -2 110 34 -80 -58 -13 79 -74 -95 -122 52 -76 -65 50 -92 54 109
-126 38 -73 85 54 40 -10 98 -88 -57 123 -105 -22 48 80 -102 -21 -93 -41 24 -41 105 -127 -95 71 -95 25 -54 -40 32 35 -70 -74 -30 49 -18 123 44 -73 81 85 113 117 90 50 5 86 20 -118 -108 108 -115
-11 116 70 33 -80 84 98 5 43 -39 123 -57 54 34 -82 -105 104 -28 105 59 -19 -14 -121 126 33 -120 62 33 97 -69 -94 -111 -107 -45 8 53 36 -114 75 -41 65 -102 112 -126 5 87 -96 -82 94 -47 81 -106
-51 -47 -112 8 48 -85 17 -123 -62 102 -83 -123 104 -48 -51 -85 -101 -46 88 -44 -23 -79 106 12 -88 -46 20 -66 97 109 36 88 -117 -123 103 -72 -97 30 24 42 14 -87 -55 21 101 -25 113 92 77 -50 126 6
66 -121 -46 -64 -93 -52 -45 -15 105 52 -102 -80 57 110 71 12 -106 72 -6 97 -17 103 -43 -77 -31 30 -39 89 -54 108 63 -35 121 41 -7 89 -97 52 -61 61 81 28 -95 -87 -108 14 -4 58 -124 -96 -53 -110
95 -121 44 -42 -20 61 98 -37 18 -25 7 -69 63 15 -25 -56 53 -79 46 -39 24 112 -23 -14 46 123 39 21 70 7 40 44 87 -101 -125 -62 92 43 -86 117 37 -16 -120 28 -69 23 -10 -25 -29 106 -84 100
-118 -99 88 41 -38 -84 95 23 -81 50 -105 -43 -109 -95 76 -66 39 -121 98 -82 110 48 -56 89 97 48 -10 -22 65 -52 29 90 74 -9 -61 93 -80 47 36 -74 -114 59 37 0 5 -66 31 -29 -109 -87 46 67
-61 -82 108 -22 19 67 27 -75 -11 -110 70 30 -122 70 97 -51 -19 -26 91 75 -23 102 -8 98 92 107 -109 -119 -73 -73 -38 73 102 20 -5 -72 3 -91 -126 -65 39 78 -47 -83 96 -2 -82 99 3 -17 -96 -70
-104 80 6 -107 -106 127 -68 50 -73 30 61 26 -32 21 35 -21 125 0 32 -122 97 -37 112 -21 50 -28 -109 78 105 39 95 74 90 -60 19 112 -101 -47 70 -51 24 10 -48 71 37 21 -30 46 -6 -34 35 31
3 -9 -73 -63 -3 -100 -6 -64 -56 43 76 -97 -31 20 86 35 3 55 -17 31 8 -27 107 117 121 -119 -4 -66 -72 -100 90 18 -56 46 -119 71 71 -46 -15 -22 51 9 56 35 115 114 52 58 -11 18 62 57
66 25 92 34 15 -119 39 -88 -68 114 -89 -21 22 -115 -91 49 102 -72 -42 7 91 49 12 -66 1 -52 21 -3 33 -39 121 122 -59 -105 115 107 98 69 -89 -43 -87 48 -66 -51 -13 -4 -115 73 -99 8 -109 -48
18 -14 -45 -104 83 -59 71 72 73 -122 -99 115 -126 -64 -92 -83 -13 96 23 -43 23 -68 75 105 -56 59 37 -36 -36 40 -81 92 41 -86 -32 36 101 -1 -8 -37 -72 -88 -9 57 -46 -56 -77 -13 -5 119 -103 127
-125 37 -1 89 26 -14 52 98 -101 -92 96 6 -58 -70 34 -91 53 -49 -9 -38 -37 -112 8 89 0 -78 -116 -24 64 -102 -8 52 -82 16 -60 116 -16 -44 68 73 62 -75 43 43 115 -11 44 63 23 79 48 111
-63 -20 -127 -102 84 -87 102 41 6 70 -35 44 -35 -52 114 70 -22 -114 44 -46 114 77 57 -3 -56 72 -15 41 57 -42 69 -44 -123 -43 -119 55 -84 90 -83 65 -6 72 -45 -51 120 -58 -77 -127 -33 -49 64 -16
-33 -2 10 31 -115 -112 -100 -123 16 107 102 125 8 70 -60 41 58 58 19 -66 -1 -68 -4 -53 -32 -124 23 -50 83 44 122 -80 112 -48 -80 -125 -23 -68 -90 -125 23 -39 103 28 44 32 13 17 -114 12 -19 -31
50 40 -110 75 -65 123 -35 57 -108 -14 54 -18 12 -89 33 -111 73 -120 4 25 -11 73 106 54 74 97 -20 -97 -114 -55 113 8 126 -81 -25 79 -71 -71 -103 63 40 -70 -18 40 76 -86 88 123 -43 97 -66 -37
-23 47 -10 49 76 -94 -50 23 83 15 39 -44 75 113 -127 104 15 60 -52 95 -121 26 -67 81 -33 45 -16 -41 9 127 -16 -115 117 110 -88 -24 30 -24 56 -106 -32 9 -96 -14 -108 60 28 -18 -121 -115 72 79
38 79 12 35 -41 53 -111 123 -57 119 -23 34 -62 16 -88 -81 57 31 -31 -25 80 44 -60 -94 -116 -13 -44 -89 -69 91 -117 -113 18 -40 110 41 -113 87 -97 -21 76 123 -74 -26 -52 39 -69 -104 120 13 52 17
87 80 79 -94 -77 85 -2 122 -63 -32 88 -6 -118 -103 104 47 -85 86 -34 -104 -90 53 -68 122 -91 -38 72 73 -34 8 -108 47 4 13 125 -73 -1 -31 -47 66 119 -111 -80 1 -115 -13 -90 -127 97 48 -4 83
-65 12 103 -77 -57 29 34 -18 -81 49 121 46 -34 40 -96 -61 10 99 -67 -116 -9 -127 -69 105 -81 82 -10 -98 -97 12 -102 -121 107 -118 -120 104 83 124 44 -71 115 49 2 82 64 1 -118 90 116 101 -45 -67
-7 -123 57 55 -60 86 28 120 57 104 -23 32 22 120 -104 -20 -40 -85 90 53 126 124 91 29 -6 -6 76 -14 71 -62 44 -58 73 3 37 108 114 -127 -92 -44 79 -50 120 -2 49 -68 -31 99 77 -58 -40 125
-68 70 63 107 -101 18 -72 83 -58 64 -46 26 39 91 36 116 -48 -64 -108 -110 -84 -34 1 -80 -36 -78 65 119 -22 24 77 16 121 -13 -105 99 106 -83 -92 86 73 -42 103 -100 -66 -56 26 -69 65 -124 -91 73
84 21 103 63 -116 49 -8 79 -31 -46 -59 -65 -97 45 -117 126 -55 31 -65 116 26 15 -71 -90 -119 115 -108 -112 67 88 73 -114 -82 44 -120 -60 38 72 -78 -58 71 -49 25 -25 -78 -9 -75 -109 27 -49 105 -34
52 115 21 -70 -119 1 122 -18 52 103 -57 -85 44 -119 -115 119 -45 -37 -12 -22 6 72 69 45 4 0 -9 16 -44 92 -59 17 -14 -66 7 69 100 -58 -39 -7 -40 -120 127 -55 12 16 3 13 -25 51 91 105
-16 19 80 -46 47 -61 26 71 -71 14 8 -6 -77 -60 -7 -106 -120 77 -113 114 115 14 75 89 29 -70 -11 -22 -62 32 -62 82 68 -90 43 86 -10 11 7 -111 -55 100 -20 0 -45 -31 -64 6 -85 -108 -43 -29
2 37 65 -122 75 -24 -87 -29 -45 105 106 63 7 108 -46 -85 -30 110 -123 -50 -114 -121 72 14 62 124 -46 22 84 107 15 -7 79 99 -123 27 77 -119 62 -82 -43 -124 -45 -85 -81 -118 -57 -63 -53 -103 85 -52
-121 -84 55 54 8 45 -108 91 40 -93 -82 -79 107 -52 94 -33 114 104 49 34 -35 -86 -40 -47 -5 65 -86 47 -95 40 68 -4 122 55 -112 -73 82 63 121 121 -32 -59 -75 -85 -66 38 38 -93 109 -10 -111 -125
37 -30 66 80 79 -34 33 -98 47 -4 -32 106 -50 -116 49 69 -113 -33 -91 95 107 115 98 -95 110 -59 -79 70 -115 -102 -52 -81 53 0 -13 40 -19 40 -98 24 -21 82 -85 26 54 103 1 5 68 20 -116 12
-46 72 49 -112 -85 63 67 78 -74 -109 80 106 -113 113 30 44 53 0 -42 -51 29 -115 -116 -88 13 -100 101 -61 9 48 127 89 -79 117 76 -38 68 85 64 -37 -21 -7 -77 -49 96 -23 41 -117 -123 94 -42 39
102 -29 3 104 -45 -22 88 -103 -73 -26 115 49 -34 105 6 -58 50 7 68 106 -53 -13 88 69 -42 -45 -108 -56 81 -117 8 2 -120 95 81 91 41 18 -91 14 -32 105 114 49 -104 -97 118 115 -91 -15 66 15
76 -65 -39 102 -127 -36 -46 -19 88 14 -3 -114 -125 -117 52 -8 49 2 123 -43 123 25 106 126 -42 32 -42 -40 102 -51 -45 52 88 -16 71 36 122 -47 97 -16 -67 42 -71 37 9 48 -112 41 62 88 -66 -28
44 31 -8 81 -22 70 120 72 60 98 -96 117 122 112 11 -47 111 -70 -105 -49 69 125 104 -98 -105 -75 94 1 126 108 91 -83 124 0 23 -31 26 99 7 85 -19 52 -96 -77 75 93 -23 38 93 124 -95 58
113 -38 14 41 57 -13 46 -43 -84 -50 -24 65 27 96 67 -46 61 26 92 -15 70 95 32 -92 71 91 -75 71 -41 59 -58 65 -70 31 -75 -90 22 40 21 120 71 -65 73 123 -85 -61 46 -32 -100 23 -80 -66
-36 84 -73 -10 27 122 88 77 0 79 35 85 126 9 -111 35 -14 -11 -50 -82 106 52 -60 -30 -35 100 -70 113 64 -87 9 -80 80 23 23 74 -46 88 83 -27 3 -44 84 72 -113 -111 -4 19 -112 -75 69 -107
36 59 -31 -97 -38 30 -47 -53 -62 62 -75 67 -16 -118 -1 -71 92 122 29 -19 -116 5 -126 -85 -39 2 -38 -87 8 -104 109 101 -56 -35 -61 36 53 -108 -27 6 70 -9 -121 -39 -118 8 -49 -112 -42 -108 -51 30
-43 -11 2 32 -15 120 11 -79 103 106 -112 -66 -86 -8 47 -63 -64 -36 113 113 61 97 59 -91 -98 -96 2 -123 -2 -26 -70 113 -20 -62 54 26 118 79 80 -53 -104 -116 45 117 28 -86 -101 61 -95 -80 55 55
-103 -118 -2 0 110 85 -93 70 80 -58 -109 99 47 -109 58 -60 26 -34 -38 -30 110 -15 -60 -98 -53 -82 -118 -95 90 -16 24 -44 85 -90 -29 88 32 -66 110 -105 4 -100 6 -59 52 48 -116 -76 -76 -69 -37 76
75 -90 96 22 -102 84 -47 -35 -38 -94 115 -80 86 -99 -41 -117 15 43 -61 -114 19 -61 -97 -35 -111 97 116 59 -83 -20 -23 -50 28 103 -9 -126 15 73 -106 -20 -115 28 72 -67 22 -67 -90 25 46 -29 100 37
-70 22 -105 -28 38 120 46 107 -18 80 88 -72 -26 20 -2 41 -14 -16 35 -63 -57 101 70 119 -89 -34 -61 -94 -127 -103 44 -53 -47 -121 -29 108 -21 -115 97 82 -15 -78 -57 -1 121 97 -82 92 -10 -54 39 66
-77 59 -56 -28 57 -94 -120 -53 78 -85 122 34 58 -82 96 14 -47 9 -74 3 124 67 -46 -123 -21 66 70 97 48 24 -123 -75 -26 -46 77 -49 -68 74 -15 -45 53 97 -14 108 11 104 4 -16 94 123 61 -16
30 -92 -61 59 -53 15 97 124 -76 -70 71 -70 62 43 -33 -80 -86 98 110 -41 -79 68 -20 15 -117 -32 -53 105 113 -19 17 113 122 -91 -112 -81 102 -11 125 -70 49 -49 -39 -43 -43 -114 47 21 -64 57 45 -45
70 84 3 113 107 -37 73 -3 -97 -53 -35 68 -49 -106 60 93 -78 -3 -68 49 -91 -79 -77 -102 109 -13 28 31 -18 59 10 127 33 -1 -77 97 -83 56 -72 -13 23 15 15 49 26 -81 41 -101 118 -8 -110 82
-119 -9 24 5 -40 -62 -38 -77 60 81 -66 114 77 42 -118 59 127 24 82 -122 7 43 -46 125 117 -23 57 108 -56 86 95 -121 11 -43 -91 35 69 -27 7 51 -25 -47 91 -71 8 26 35 121 28 -71 -60 53
-61 24 51 -61 73 -10 118 23 115 -108 -66 30 -84 96 -79 59 -124 -108 -98 -7 6 113 116 -8 -1 49 80 53 59 -125 -46 39 114 -78 -62 126 -104 -10 -120 -48 5 83 61 103 127 97 -63 77 -21 -30 39 81
39 12 102 -25 82 -94 90 123 -14 -100 103 94 47 4 -57 -100 -43 23 105 -88 -54 -95 -2 -98 -67 -104 47 -65 -123 57 85 -45 120 -122 113 -12 49 -39 -21 -116 94 127 80 -43 14 88 109 -65 118 52 10 17
10 -126 79 -101 24 45 39 48 -29 -37 72 77 95 78 -17 -73 -110 85 94 65 -95 -87 -116 86 11 -127 -111 -48 -62 15 25 49 -61 -106 4 119 -89 -117 102 120 101 65 -119 70 25 1 89 -19 -51 -8 -34 115
-116 108 44 -59 77 73 120 120 25 105 -82 -114 -13 -76 -53 94 -109 52 46 110 -69 16 -112 -71 15 -35 -40 84 11 120 88 22 90 14 61 7 115 63 48 -32 -107 90 127 -93 -101 -115 51 -85 101 -98 76 67
10 120 65 69 19 -49 103 -3 35 113 89 31 7 27 -31 72 -58 82 14 -35 66 98 -39 -67 64 -127 34 17 36 28 -71 -107 -50 39 5 126 -76 94 98 26 61 115 -116 -6 -23 -107 -82 -111 -3 29 100 82
72 15 -114 -43 36 -102 113 -22 47 -47 -73 82 51 -57 15 -30 119 -31 45 -66 76 75 121 99 3 -87 -91 -96 -4 59 2 -112 -41 22 -104 -21 -107 -23 27 -109 -98 -17 -111 11 9 -7 -78 -52 99 70 112 103
-85 121 113 89 65 105 88 -81 97 -118 7 34 -28 -64 -75 95 34 -109 -46 30 -2 101 -29 -109 -84 -60 -70 7 -55 127 0 104 21 -100 22 -124 -78 -56 81 -8 -42 -99 34 91 18 -55 41 -99 -71 -73 31 -33
23 -110 -70 62 127 -81 108 14 -4 90 -47 -68 18 21 -17 27 -84 76 -125 106 90 -64 83 -105 118 -120 88 -95 -127 -45 76 -50 15 14 -1 77 -82 47 13 -42 106 42 -96 -49 -13 53 124 121 25 -16 55 -24
