98
-3 -8 13 114 -48 66 110 85 -41 -91 -27 124 48 115 102 -97 -4 62 -98 110 -80 -103 127 -123 -48 -92 -33 27 -50 -27 -81 -69 20 -23 -10 -8 -17 -37 124 48 17 -124 -109 -47 -19 58 0 82 -82 104 -22 9 69 -92 0 62 33 -40 122 -86 -22 2 27 101 -18 124 21 -113 -46 4 53 -39 90 21 -78 -72 43 -29 -21 29 117 23 75 49 -1 124 -26 -94 -2 80 6 127 -34 102 -45 -66 -58 74
-30 121 50 -122 96 -21 120 -108 -44 -96 62 75 -89 42 93 -24 59 73 84 60 -97 53 -82 -62 -123 -44 99 57 5 -111 59 -11 85 7 -12 -78 41 82 -41 -1 110 45 95 85 -26 -21 31 119 -93 101 92 81 105 97 118 48 -123 -67 67 60 -1 -47 107 -124 -53 -46 -99 -87 43 -51 -88 -20 -79 -97 65 70 107 46 -60 -7 -16 -77 38 -91 -94 -63 -81 -68 -51 -30 -119 -121 112 -55 10 -88 110 105
53 -120 -96 101 15 88 -123 2 72 -27 -31 123 -3 71 -65 -109 -29 -117 127 44 63 0 83 -78 -62 -42 -67 -104 -25 -125 -21 -3 8 20 115 73 -80 -36 -4 -48 7 52 17 -116 -55 100 -33 49 -9 99 -54 120 1 20 45 -77 116 90 55 -48 -12 67 -18 13 30 65 -106 -121 -46 16 -99 -81 70 -42 -97 -45 16 -3 -121 -11 34 14 -100 -58 -73 71 -111 -48 53 95 110 -37 5 104 75 120 -117 88
24 -104 -21 87 -21 -38 83 74 83 101 -127 14 -53 110 -116 127 -126 -80 111 -55 -80 115 -10 -120 87 -86 -94 98 80 111 -106 -83 58 -65 -85 -80 -106 -87 15 -88 -55 46 43 -79 -123 27 -44 27 -63 -88 -109 10 -54 -5 -30 75 -107 -54 77 8 -82 63 10 51 -6 -78 24 16 24 119 -94 48 -39 87 -77 -108 -34 -32 -79 -52 -75 38 -101 120 43 -40 104 -83 110 -91 -124 -22 124 116 -73 71 1 -65
-10 -56 -7 -64 -62 -49 -100 85 -122 -37 -4 -46 -78 48 86 52 26 25 41 -58 18 111 107 54 90 1 73 121 -112 11 -71 -13 63 -115 -5 -78 74 62 20 25 111 67 13 -85 55 104 16 56 -12 102 37 115 -98 -80 88 1 86 102 108 -92 37 -122 104 -116 66 14 -26 121 -72 20 -27 -125 61 -70 96 91 -1 -21 -97 44 -81 72 -7 90 117 -45 43 11 -112 -66 -87 -111 -2 112 1 31 -79 21
107 98 105 46 -107 59 108 68 107 48 95 110 105 -89 -66 -45 -13 75 117 -42 83 12 43 -68 15 51 -45 -122 -7 116 -83 116 26 110 -28 61 -62 6 -35 -75 99 41 -32 90 -120 47 111 44 122 -8 -113 -24 95 -48 8 5 -39 -72 66 100 120 -91 115 -58 111 64 -89 -113 39 -74 -90 24 104 105 -116 116 6 51 10 -65 -106 -103 -21 52 68 -8 110 -84 0 -104 116 107 -80 6 44 -18 -118 -34
-13 -9 -1 -29 -21 86 27 -18 83 -34 -38 -1 87 -6 53 -35 -2 28 48 17 -76 -64 -72 5 -100 -96 73 44 50 87 17 2 19 -89 -103 30 -81 -60 1 93 -55 -22 -79 17 106 -109 92 -35 113 10 -49 -45 88 61 120 -79 -3 -6 -110 -66 -117 93 71 26 -105 -89 7 -76 51 60 38 77 -71 -85 89 -78 -19 -49 7 18 83 8 -58 115 20 107 36 78 -21 49 -43 122 93 -77 127 -53 114 -16
63 -52 14 -3 -49 56 79 -3 50 -29 -63 47 46 57 -33 6 7 76 -71 41 -76 115 -39 113 -88 46 102 -73 -111 45 118 -82 -14 100 54 45 33 -118 26 49 90 26 -84 92 -24 -125 27 22 -75 -8 -80 123 -87 -111 -53 -72 -118 -55 20 -42 16 -101 87 -72 6 109 94 21 -29 -8 86 102 28 -48 17 -39 11 -37 -75 -93 -29 -47 -52 6 7 32 65 29 -20 -46 40 52 14 2 33 113 -39 -32
60 -96 -72 110 103 48 65 -45 -96 17 107 -92 -31 127 -36 -14 -94 -36 -89 -20 40 -81 31 -67 -35 84 -54 -33 12 -31 -34 33 -11 -11 -34 105 42 120 100 78 -64 6 5 -96 114 97 -9 83 31 111 -116 -114 -124 22 42 -69 84 35 -9 -72 -86 -50 79 123 -74 4 23 11 -71 42 -58 93 -45 -3 -23 39 46 -48 -34 -13 -112 78 106 -69 -68 81 98 -113 1 -9 76 69 -49 47 -47 -41 -20 -39
-96 -17 -105 83 -114 22 -31 -19 -122 -87 44 70 -121 118 95 117 -64 -33 78 -27 94 -126 -38 13 -115 97 -39 -120 30 12 102 51 56 -111 95 103 120 -4 126 103 85 10 -95 86 -83 -16 21 -68 4 46 92 85 -54 15 -78 -72 -20 -67 -93 3 27 -120 -85 -103 112 -125 34 52 107 79 -106 88 -39 36 32 -78 69 -20 18 -46 -51 98 -48 116 42 54 -65 -43 -34 -102 -45 -22 -65 -69 -41 30 92 -56
28 -103 94 40 64 -37 -46 -124 -52 -6 52 43 36 37 -115 -100 108 80 -119 22 -82 -87 -49 -55 -44 -15 124 -73 36 -39 -127 102 -60 -85 14 98 1 -30 105 51 -115 0 -65 54 -82 -66 59 116 1 13 1 0 55 98 -39 109 42 57 39 51 -116 -73 25 -77 37 -13 90 -20 2 91 105 -54 -42 42 42 -94 89 108 53 120 63 -48 58 -21 -116 -7 -71 -105 86 -31 21 96 16 -71 -123 -45 -85 -103
-76 -37 -96 -107 113 -59 -92 15 -39 117 53 10 -77 60 45 96 44 -112 -71 103 -101 -51 -42 -1 -105 110 8 -33 -103 35 36 65 57 -104 27 -67 15 -51 -73 -118 64 81 -101 60 58 14 40 -125 -113 124 -49 105 27 12 55 77 20 50 27 40 68 -20 -76 83 71 -97 -34 -72 -18 -6 100 -73 44 -30 44 35 -35 75 -70 -67 -26 58 99 68 55 -27 -107 -71 54 -100 -33 23 -109 -84 32 20 15 -24
119 66 118 118 125 118 -117 2 -50 -40 -106 -108 -1 34 68 -26 -13 97 -53 19 -12 49 110 113 -46 -22 95 -62 -106 -98 63 73 29 -3 15 -87 117 34 -3 34 -121 65 85 -39 1 -32 -67 -74 -58 1 -74 -6 54 119 -125 -51 -52 8 -50 121 49 68 97 -122 97 127 27 108 -30 -44 -57 51 25 -54 108 -100 0 21 -90 -55 35 -84 -37 -41 -113 -14 -63 17 -43 -92 -65 88 17 117 -24 51 79 -79
-81 13 -49 -15 -60 66 -63 37 -94 -22 -78 10 78 -91 -80 -66 4 -79 -16 -104 88 -38 -77 3 101 -69 71 116 -21 -4 -99 125 108 118 -46 35 126 104 -22 20 -11 -49 120 90 -70 -74 24 108 10 20 15 -30 5 -3 -112 88 117 73 122 -67 34 -56 97 -109 91 14 118 -15 55 96 -108 -20 69 100 81 -92 -102 60 69 63 40 -68 -4 -117 72 -47 109 62 93 82 56 7 103 -86 -4 123 84 13
-85 -39 123 -117 6 13 16 -79 24 -54 45 61 -63 21 -99 -109 -51 123 -11 96 -22 41 -107 43 89 125 -61 91 -119 49 61 62 -57 -90 19 -16 -57 -12 -42 98 74 94 -86 113 32 -46 77 60 37 79 -43 -2 70 -104 5 121 60 29 -51 -57 -125 -20 26 75 -68 -104 -46 -71 -103 79 50 -84 -17 -100 97 34 -11 -69 76 -2 -84 6 -102 -86 48 -102 51 -33 118 -69 3 100 -37 -35 28 104 87 -55
122 -116 103 127 87 19 43 45 29 30 6 -64 -78 77 -103 -13 29 42 -102 -3 105 -55 34 -38 117 -52 -112 86 -42 -6 -31 105 116 -102 24 -71 78 -4 77 -16 62 -26 69 121 112 67 -92 -91 -125 46 120 -27 55 -72 103 122 -91 52 -26 -9 68 11 91 -14 -34 -19 -23 53 -85 106 82 -110 -43 -78 45 112 -53 -98 -108 39 -45 -55 19 81 93 -9 125 45 29 -48 27 120 16 28 -75 -123 -45 125
117 -72 -103 -91 23 -56 27 -42 21 10 33 47 100 77 -8 -120 61 -36 79 -35 113 -58 -99 -7 -34 -9 -33 58 94 -89 67 -97 20 51 -74 -58 -43 -20 -83 -17 -47 63 36 -5 18 82 -63 -46 44 -37 -24 96 -7 -79 9 -3 -28 -39 79 -61 -19 -99 6 100 -67 101 102 -20 -83 -108 82 -26 -48 -118 -26 22 46 13 11 -81 119 -114 7 43 -55 -25 118 -24 119 24 -119 -77 -113 105 -62 -70 125 100
119 51 52 -116 -123 -98 -43 -63 106 -121 -82 15 -38 -7 79 -59 59 96 -107 -104 23 31 -73 120 -62 117 -70 -118 118 -123 21 -1 22 92 -120 51 23 -118 107 6 46 -49 102 91 -102 105 -13 124 -37 -114 -9 -50 -7 35 86 64 106 -34 -13 -94 -30 -46 0 28 -120 60 -10 -84 -90 32 127 125 -92 -84 18 -35 119 25 -34 124 -17 124 -112 51 -115 30 -22 -12 13 13 -20 -60 42 -59 -17 100 -11 -95
28 -39 112 82 35 -28 -106 92 -122 91 25 21 -49 50 -61 62 -93 60 5 -83 -57 -71 -82 -74 58 93 -5 -66 96 114 -95 -70 -120 4 -90 -83 105 67 -120 125 -99 -48 88 -43 23 -69 -85 -57 -124 -46 89 18 127 -114 4 103 61 -69 0 -73 -84 -112 119 -50 119 -89 72 41 -44 13 126 -95 65 34 -45 -102 19 -26 -15 -113 122 81 -80 54 114 -1 -36 -19 -15 -63 -107 -68 -43 -73 124 -116 2 -10
-65 19 -126 -80 -59 47 81 -66 1 -105 115 58 127 10 -46 -25 -31 43 -68 -35 24 -127 43 -93 61 -61 49 73 -88 -20 13 -13 45 -26 -107 -29 115 -22 -7 37 -83 -79 -73 -85 124 -44 83 -82 -79 -43 50 -16 -49 -65 75 74 40 62 59 -107 -115 -75 6 -24 -79 -82 -1 120 -104 -64 -63 54 -53 -45 85 2 -9 115 123 -18 89 -107 -91 -91 -27 -26 -38 -42 -119 -18 -87 8 -103 -39 77 -108 -119 -39
-53 76 -116 66 -83 -34 -52 99 -98 106 -27 0 84 -122 27 113 113 39 113 -85 -50 -52 -84 26 -15 61 -77 -3 60 -74 -3 -98 124 -36 52 -6 3 -87 41 -9 -97 17 51 122 -107 -52 80 -12 113 48 -44 -120 106 126 111 -82 72 -68 -22 20 -118 112 112 -125 81 5 101 91 -22 -26 1 -3 -111 -36 -65 101 40 1 125 -41 16 33 -4 -96 -43 55 70 -18 -9 86 -26 -38 -54 4 -56 63 35 110
-61 -75 -35 73 -102 9 -29 97 -88 52 -2 -54 -102 -15 -44 72 -56 -90 -67 37 -4 -90 -93 -113 -18 -47 -101 18 -22 33 -21 16 -62 82 87 -10 -35 116 109 96 -57 -12 9 40 -114 26 34 -50 -109 3 -77 -50 125 -11 -121 -74 -43 -19 -42 -50 -49 3 -68 -15 -64 100 -84 70 -97 95 122 115 97 -53 -60 44 -70 -93 -31 -77 -4 -7 -53 -71 46 25 -27 -125 48 -73 70 18 -9 -91 -4 2 -122 114
-90 95 84 121 111 45 80 4 84 79 95 50 -78 27 37 74 -76 -126 121 -13 -70 -49 -97 67 44 86 119 -74 -106 -47 58 -21 11 -25 94 54 -9 -6 -50 -79 -54 -92 94 -8 45 -69 -33 -82 0 -2 120 -48 -16 30 27 56 -116 28 73 8 103 -47 -100 -30 34 39 28 122 46 16 -97 21 -91 -120 -16 21 105 65 -122 92 62 -85 29 72 19 -45 -22 -59 -66 -37 100 -66 -49 -52 -78 -100 -36 -96
9 117 -66 5 -114 7 49 80 -79 -92 -7 -22 -41 -102 28 -13 -118 64 47 -61 -81 10 16 111 -42 -43 -95 -44 -91 122 59 -60 -107 -115 35 -97 -31 57 15 11 8 119 -86 75 87 4 -86 9 -99 47 -92 -1 97 -24 -17 -31 -69 70 -93 -62 -121 -85 -111 103 25 -121 -47 -80 47 -18 -79 -107 -20 74 8 -55 72 58 -15 94 -63 -52 28 69 89 56 -74 70 -44 91 -85 78 45 -45 -124 103 -106 -99
69 17 -15 -31 -44 -50 94 -42 58 -3 -14 -33 8 -15 27 -124 62 -104 110 -52 -1 40 18 105 -51 86 6 115 43 -123 0 -115 79 29 48 65 110 16 49 -36 81 -124 -99 -90 48 -1 0 -18 72 62 -100 -11 2 -43 -4 76 -67 -26 38 -31 9 -65 -68 -55 59 -15 121 -49 -101 11 34 -23 92 -21 30 -118 87 -61 -68 85 79 -94 -56 64 -99 105 -5 -52 -19 -43 16 71 87 -39 79 -84 -73 -47
-45 96 76 29 72 -118 -77 85 -62 39 -102 -123 -87 103 -60 77 12 -58 -63 121 -104 -2 -45 -32 -71 -70 -68 75 35 -7 96 10 81 -71 103 -68 -95 -63 -118 113 -80 13 -108 49 74 -32 -57 -118 39 -124 -7 -11 45 -28 19 -97 -126 116 -83 39 67 33 1 -24 -125 -33 106 -127 -21 -108 56 90 -62 -75 -51 30 96 -52 -5 -58 -120 123 -84 32 -13 -116 117 -75 -11 -103 -19 -49 -70 61 106 -91 -68 -74
-49 27 75 45 76 104 62 -124 -34 92 109 69 72 44 -21 -79 90 32 21 95 -6 35 106 30 48 -115 -85 73 23 103 -26 84 -106 82 125 73 -107 97 -24 -78 -47 77 88 75 27 -40 22 123 -121 72 -46 11 94 -100 -79 -46 -83 -102 -121 -88 -55 77 6 -30 -50 -63 -68 -33 24 -14 108 -31 -70 -83 -60 -41 -88 91 101 55 -71 30 33 41 62 108 14 107 -103 108 -125 37 -101 22 -87 36 -75 -12
-51 -110 -121 77 -28 -12 21 8 -87 -99 60 89 -69 -72 9 -42 41 -95 45 98 -85 -85 -39 4 -36 83 62 112 -18 15 -108 -115 74 -2 -25 -36 94 89 -110 87 -11 -106 124 -24 -118 68 124 -6 60 12 -86 30 104 -39 37 12 -17 -127 94 42 -58 -65 -48 121 69 -114 125 -81 -67 -16 17 121 -26 -75 0 58 -12 -4 34 117 64 59 -58 127 -62 28 -42 32 -26 98 -100 43 40 125 0 29 -10 64
126 -77 -97 58 8 -4 -25 55 15 20 88 25 -73 -31 81 44 23 -62 -40 43 -101 -96 103 -40 45 69 58 -4 80 63 64 -16 -38 32 18 113 -126 120 -120 -96 -15 27 33 -41 -2 120 45 -73 33 57 -66 46 92 -21 -15 -118 -1 -82 19 11 -52 76 55 59 -88 62 110 -108 -65 21 111 -76 -121 -11 -41 -43 -88 -34 0 71 78 112 117 -20 -3 74 67 -113 79 -10 114 18 62 68 51 -87 -37 -15
16 89 91 -80 -10 -108 -24 -111 86 -18 89 105 20 35 34 86 -54 87 1 89 -97 122 16 -119 55 34 104 -23 -52 16 -47 -14 -62 -9 96 -62 63 36 105 21 57 19 -82 -111 19 -27 27 -50 -66 -9 -69 -57 32 -113 -71 -124 -84 46 -115 51 25 119 -94 -99 94 77 8 -64 -43 -57 -43 -19 -97 -118 -89 -42 -42 98 -92 -31 119 103 68 52 -80 80 -91 -119 -68 12 -41 26 45 10 -76 -21 95 103
92 -86 58 -19 22 16 -82 -50 66 26 3 35 -10 78 -19 -30 47 60 -80 116 -114 -48 99 55 -122 112 -85 89 17 -46 22 -101 32 -111 -60 -56 -62 109 99 -36 48 -64 -87 -103 -28 23 -20 55 5 -60 -1 -94 -4 -41 -127 70 59 -67 69 24 -58 -16 -3 -43 -120 41 -32 -10 -98 -75 77 -111 -111 -38 -1 12 18 110 124 125 -43 24 106 117 -119 -122 99 -50 -64 30 -5 -108 105 -70 -23 41 -29 126
23 -115 -23 -110 93 -37 95 -117 85 39 95 109 -28 55 19 109 -124 104 -5 88 -79 25 -96 -55 52 -2 83 -57 -8 74 59 -24 -52 -48 42 -84 -57 -69 116 -120 8 45 -113 -12 26 -80 54 97 114 -54 -117 -82 34 127 -83 -65 82 -94 -46 -96 -100 9 121 -51 15 126 -69 -53 -114 -102 -115 -6 121 -51 -83 -7 -70 -2 78 14 -25 123 73 -101 18 -50 -124 58 121 -20 -11 -34 -46 96 14 -110 30 -118
-15 -102 0 64 39 -102 118 -63 -75 58 107 -66 -114 -65 -117 29 28 43 102 100 60 122 -111 -27 -6 36 -55 -35 -48 7 125 -114 111 39 104 -113 123 49 99 -39 -20 -27 -127 108 -1 -4 26 17 101 121 -119 11 41 -57 22 -8 88 31 125 -125 21 -52 37 90 -52 68 -111 52 -35 22 -114 56 -108 -54 92 -81 -16 -64 121 16 -35 -62 -85 -8 -102 32 -82 -108 55 25 15 -76 -18 -97 -98 -22 -69 60
105 -59 18 63 50 87 23 -111 -59 -34 -5 14 -109 -114 40 -18 2 101 -37 67 -53 82 4 82 -37 -108 17 47 -104 95 -27 -95 33 -87 60 -105 -19 -118 -51 74 -117 95 97 86 -86 -100 13 63 -38 117 -98 -101 -29 -82 81 118 -48 -24 116 -124 92 7 7 95 88 113 -117 -86 -86 -93 -78 -67 -62 68 -19 -92 59 97 -122 60 73 1 111 -53 -104 38 2 71 -24 -91 -56 -118 39 123 18 119 -6 126
85 -69 72 -9 -103 -112 -8 110 -52 108 35 59 57 -21 91 -16 -25 85 -62 115 32 101 -60 -5 74 95 81 -81 -103 102 68 -33 -73 33 -51 -61 26 -60 -42 73 -87 83 5 126 45 -10 -109 -75 -63 50 -102 126 -58 50 49 54 -46 51 -41 -103 96 23 108 -86 127 -75 -31 93 69 -114 -53 49 -125 114 33 -94 -52 30 -1 -35 -102 -74 6 -84 -72 57 70 -66 -16 35 -34 -8 -100 -96 -52 -113 -124 -81
-32 -38 47 62 -23 -124 1 54 -44 86 20 -11 -14 -73 -31 35 -112 18 102 -72 -127 94 -82 16 51 50 -81 76 0 -53 6 -127 53 120 40 38 62 86 118 56 -112 23 -110 -7 -54 52 -94 -67 -47 -53 97 88 -97 86 -74 67 -39 -69 -110 66 -124 76 93 77 9 52 3 -3 61 -73 -59 55 13 -67 -77 -98 -75 -65 124 27 -38 65 -58 -110 47 95 52 17 -118 -35 -101 106 -33 -103 9 16 -93 24
-24 -73 64 -100 67 -77 31 88 -41 10 82 -33 62 120 -76 -102 112 103 -2 126 -14 -21 -91 -75 86 -91 34 94 42 16 -83 86 110 -91 -85 -53 55 -8 59 -82 -26 -8 48 -50 -5 -107 125 84 -11 -74 25 84 97 55 -46 -81 64 -110 -22 78 -124 -49 -81 71 -3 -26 -124 125 -90 -20 101 -5 -98 32 13 112 64 77 22 -11 -60 -75 96 -54 83 -13 2 109 -33 67 110 -26 58 -64 33 94 -56 -8
-36 -70 -12 -13 20 9 98 117 -100 -99 60 -31 -114 47 -79 -81 37 119 36 -3 -121 66 -30 33 -53 -21 93 -104 36 13 56 -62 104 -84 84 -25 -85 41 9 83 -5 23 -104 84 -16 -48 -109 -65 -26 97 -54 112 -9 31 -20 -11 39 103 -34 29 0 -60 -15 51 -120 -14 10 -68 -71 -50 50 -53 75 55 -6 122 63 -74 32 90 41 39 14 40 5 -103 76 -95 11 8 -72 90 -6 -21 92 -79 8 -46
26 111 47 105 76 -13 95 -79 19 61 -9 -61 -106 112 -1 35 -9 -74 57 -76 -34 102 -56 24 87 31 -116 3 -96 -73 -87 -101 79 0 -124 -70 80 -113 103 67 -24 -116 14 6 -121 84 76 -67 63 69 89 -5 44 -69 70 56 -49 -14 -43 105 -55 -27 93 -108 -64 92 -75 98 48 -60 -122 124 53 -34 94 95 -22 -112 87 -22 -110 -3 -125 17 -105 -45 71 -52 -83 -84 118 40 -91 29 -127 85 69 7
35 -27 30 42 7 17 -34 51 56 -17 -49 -68 -90 -29 100 55 88 80 -67 -54 105 48 87 -72 -103 -52 13 -11 114 78 -66 55 -56 24 62 2 -57 92 58 108 60 118 -99 -43 43 70 -23 -52 92 -73 -82 -6 -94 -104 0 -116 7 98 94 -44 -59 31 -14 -109 77 -43 119 117 -7 -107 -18 -12 -58 53 -121 102 -113 -29 42 29 -125 -79 -112 30 -108 81 -1 -1 -37 -39 -104 53 -81 -66 100 -63 -96 -37
-34 -125 20 -35 30 -54 -91 90 48 83 121 -74 57 -53 -116 14 -76 -85 93 41 121 6 -104 -7 19 -74 -71 6 20 18 105 -68 -95 -125 -97 61 -44 -73 73 -114 -23 34 86 52 -20 27 9 -75 -47 89 108 -87 103 -27 10 -72 33 74 -92 90 14 98 91 6 39 -86 -102 -21 34 -90 -114 79 92 64 -81 38 -77 -11 -112 54 -13 125 -97 -100 -9 -6 123 58 101 125 -125 33 -55 -104 125 107 -38 -108
46 44 -101 -36 61 -77 -27 -42 53 -20 -102 -97 72 15 -103 -9 51 -118 -81 74 49 -121 95 -55 -86 -5 76 52 -47 -88 3 -76 -83 -102 -86 125 50 -7 -115 46 -117 59 40 -10 -92 -115 12 3 1 123 17 116 -115 74 -93 77 20 -31 -101 80 78 60 -67 -65 -50 12 44 -112 -5 20 -15 -86 76 38 -54 44 111 92 43 121 69 -92 -57 78 105 121 -118 86 3 35 5 -16 60 117 -110 -66 70 -84
32 -97 6 115 121 124 44 -45 58 119 -78 -89 61 111 101 -44 -60 44 52 112 94 112 -54 82 87 -74 -37 61 -82 -32 50 -91 -98 -86 111 -36 -121 22 -65 127 -106 -99 -31 -101 -114 109 -45 44 91 88 88 -26 18 -52 60 -63 116 -66 63 70 -7 48 -1 111 56 -127 -67 -12 69 -78 -97 -39 -94 35 58 8 38 2 -104 -105 28 -48 106 32 57 24 113 26 25 47 -74 64 114 95 -94 96 -126 -86
99 -45 37 50 -75 17 -22 -108 -44 87 -34 76 37 -43 -74 27 96 -55 95 106 89 -114 -95 23 3 -51 -117 40 -35 60 55 -13 37 -47 80 -121 95 126 14 -44 121 -31 24 -30 -65 109 45 3 23 -40 -85 -1 -85 113 93 33 -98 37 103 71 -104 -112 -19 119 -56 -25 85 7 48 -119 -68 -86 -5 73 82 -75 62 -51 -124 -59 -89 -57 19 9 62 -4 100 -99 -12 39 -123 -115 -102 -54 90 16 18 84
-13 123 83 -58 105 73 -71 -112 -87 82 -110 11 65 -9 -1 103 68 -51 -97 111 86 117 103 84 90 1 -8 -124 -19 0 37 -34 103 -35 -123 -70 -32 124 -51 -114 53 86 -6 115 115 17 -99 -111 18 59 26 -24 -45 -122 -88 8 28 -34 -46 -85 -99 -117 6 0 62 -70 34 118 -60 -82 -112 -4 18 -8 38 110 117 22 42 6 86 -94 -109 -34 -111 -97 57 16 93 -64 30 7 -88 107 87 -18 91 -18
-82 -110 -73 -68 -56 -6 29 -34 41 -12 0 17 -28 -121 94 -112 114 -94 -57 93 46 -3 -109 -104 -20 90 -52 -90 -39 -82 -124 67 -3 -58 -111 -55 42 126 65 -112 22 -69 -93 -13 92 -50 36 78 -65 -82 117 26 -78 -20 -105 -112 20 74 -7 43 66 42 95 124 -112 -10 99 80 87 -28 -71 33 36 88 71 -43 -93 68 29 -52 -29 117 107 -77 71 11 -37 -30 101 -108 -31 -119 88 14 -18 -76 -84 126
-123 44 -112 20 54 -43 -40 -23 65 -55 57 -99 30 -71 17 2 -45 -126 -17 36 -80 -24 42 99 -54 68 -3 -6 121 -95 -101 84 78 112 21 98 -84 121 -31 40 -59 52 -37 -92 9 19 -20 2 -98 -69 -108 97 109 85 104 2 84 117 -85 37 -24 -118 75 90 -61 -15 -48 -3 -105 -50 47 -115 17 -91 39 -43 18 84 -49 -46 98 -68 32 121 -11 23 -92 122 -45 -74 54 92 93 -88 -6 3 28 -1
-8 -39 -84 74 95 -70 -79 60 -47 -101 -79 -66 64 -76 -34 100 97 86 -20 -47 -60 -28 95 101 77 -4 -5 37 76 34 81 92 -39 73 97 125 123 -102 62 -10 -30 -109 74 56 39 96 9 -4 124 -93 -54 -16 -96 -48 -82 -44 80 32 20 82 86 70 -51 55 -126 -73 120 77 69 -111 -35 89 94 -126 112 66 72 28 59 -89 107 30 93 36 -13 28 -51 -15 49 -77 -57 66 28 2 96 -94 -89 83
111 91 -74 74 30 -30 -57 57 -70 118 4 -32 -21 31 -56 -71 -24 50 58 -105 106 -52 -75 -41 -76 -89 117 22 28 -21 -57 93 -31 51 -16 121 49 -79 -112 -36 127 117 -62 -49 4 126 69 -11 -30 84 111 -17 -108 -2 -54 98 84 -104 -8 66 24 19 -84 -102 -108 96 97 -90 -55 -76 93 63 -12 -18 -109 14 46 47 28 -74 -55 88 -98 -50 107 115 106 93 -53 38 19 -78 -24 44 -17 -111 58 82
-29 -81 -124 54 -87 95 94 6 -41 -9 39 -68 96 -56 -73 71 4 -83 109 -40 30 56 1 66 6 -42 120 -31 106 67 126 -19 -15 73 108 -101 35 -43 -41 16 25 62 112 97 62 -31 -50 -40 65 97 -40 -60 51 63 -127 0 -91 -39 39 63 91 -64 -59 39 -56 -112 29 123 -6 -30 71 -105 81 -10 -15 -98 18 -43 -75 54 76 92 61 123 86 -88 -53 64 31 102 92 73 -12 43 30 -61 -53 79
-111 107 50 99 23 -111 46 26 -28 46 120 -75 122 68 -73 46 127 -84 -11 108 -20 -12 -90 -91 -89 -47 111 104 54 -21 -105 26 79 31 71 54 62 -116 -46 79 71 13 50 -42 85 -87 63 -21 5 120 37 45 -61 -43 -66 99 113 20 -52 56 65 -9 25 -21 105 82 90 -24 43 -92 -55 39 71 102 -87 -6 -94 31 104 4 -64 -99 -88 88 54 115 -17 48 -75 9 -34 -71 9 44 110 -127 51 6
6 81 33 60 -66 -23 42 50 -59 -126 -114 38 113 102 -82 31 -57 2 -10 28 31 -57 -6 122 44 29 74 19 -16 -59 61 -10 48 13 31 -108 -42 82 -68 6 99 118 -20 105 -39 56 -80 -89 -73 90 74 59 119 -23 -68 104 102 -110 -58 -29 -123 3 -27 -75 81 -5 -100 83 76 -85 76 -42 -23 -19 47 -11 -69 91 -72 28 21 -70 8 66 26 56 -31 101 -105 -61 75 -52 22 72 73 34 21 -114
-25 92 -110 102 -127 85 -21 119 -32 7 120 -27 -75 -31 -48 -42 87 125 109 68 32 -95 7 57 -79 -123 43 -4 110 1 31 27 -59 22 -43 51 26 105 -27 31 -5 -33 -122 94 69 51 64 57 20 -90 62 50 -103 121 -85 13 48 -5 70 26 -81 -108 91 115 62 39 -19 53 -109 -72 -110 -76 48 -15 -7 -59 -20 -36 -65 25 42 123 46 -88 -110 -34 -49 111 9 11 63 -42 -52 -78 33 41 105 98
-69 97 54 -71 40 41 6 2 14 -51 -53 -4 23 -60 18 -83 47 -17 61 -73 -24 -80 95 -31 83 -119 -60 -13 -72 -32 82 -31 12 -43 119 -35 -84 -120 -7 12 -84 -107 -50 100 10 -61 21 62 115 -31 -81 10 -42 -57 84 -127 45 -115 -58 49 -57 -7 44 -127 -32 -40 -42 -14 66 -90 -86 4 51 -22 103 -69 57 -87 45 117 31 -125 116 118 4 -94 -22 32 72 -99 63 -78 -87 -71 41 97 -64 -95
-11 -95 37 -123 -122 -72 21 121 45 42 29 -117 21 -52 -5 -97 113 -123 -86 59 47 -14 82 -49 -43 -89 -11 70 38 45 78 -32 6 -89 89 76 31 37 29 4 -104 65 -14 4 -51 -41 91 -55 -111 -58 65 -45 112 72 -107 68 -31 -3 56 105 11 -58 -86 17 -78 -95 -42 90 -107 -46 92 -74 -11 52 115 -76 -85 -1 92 108 118 60 -25 -64 42 -4 -36 -97 27 25 11 -23 83 -80 -4 -90 16 -74
41 -125 -17 41 12 33 -28 2 46 -56 15 -53 22 -111 -90 -35 31 81 88 -4 -112 42 -73 -29 19 -75 57 96 34 44 -102 92 101 -10 -17 87 -3 41 116 -90 127 65 -57 -105 54 9 -104 72 122 109 -89 -14 91 66 32 -44 95 -107 -77 25 -121 3 98 46 44 123 4 8 30 112 -110 36 57 -98 -25 29 41 -54 -123 -82 50 74 -19 55 89 -55 120 45 74 -101 3 -104 46 -65 78 11 94 87
23 15 -17 7 116 19 15 35 -100 115 9 86 -90 -31 1 -51 -39 108 -102 -26 -104 50 -101 32 -60 127 -70 -65 43 -91 61 -72 81 40 -109 -27 -14 26 -10 98 8 36 13 8 55 -75 -71 -102 -6 -25 87 -100 -87 -69 -115 71 116 95 21 -60 119 74 -39 -52 -123 27 -107 102 123 -45 9 11 24 -84 -125 54 24 -97 -16 -3 -97 -40 -91 33 19 56 117 29 -5 39 110 -119 37 79 29 35 3 -93
-110 -56 -57 -100 109 -73 92 -16 86 22 98 -105 8 -85 12 -114 -15 70 53 -110 59 35 9 -64 -108 -65 78 13 -91 -98 42 40 25 -89 -15 122 -33 39 -83 -5 -58 -47 9 107 76 112 -90 51 -115 -40 64 29 97 -78 -18 68 -71 -51 54 85 118 -36 114 -10 -99 -67 -112 6 -64 -124 -103 -110 119 118 -18 -55 98 114 119 -58 80 100 4 -62 -126 50 10 75 51 79 -45 -37 -70 -41 19 116 -58 33
27 -105 81 -20 66 -14 -76 -26 -113 -59 35 6 -5 -48 1 69 -93 78 -116 -101 -45 108 68 -62 8 -71 5 -52 76 34 -54 -109 59 92 101 112 4 38 -39 -126 -74 -22 -39 89 -26 -32 51 10 -79 43 14 42 -126 -126 5 46 -78 66 -60 -10 65 -61 48 115 -48 -89 -60 106 121 53 75 125 -25 -60 -95 -106 -65 -19 -14 -79 -39 -87 56 23 114 -74 27 120 8 -84 -25 -51 18 83 23 -126 -12 25
-11 34 -85 -107 -84 73 -30 -59 79 106 -5 51 7 -4 -50 76 -1 88 102 -32 61 88 -3 -18 -5 13 57 23 -2 -12 -109 -50 54 -50 84 -23 -90 -29 -81 104 83 -29 -98 -99 108 46 37 -92 -76 63 60 77 66 89 -80 57 99 -127 54 -6 -115 43 -16 -114 -70 -88 -37 4 98 103 42 -36 -40 75 77 52 -118 -54 -121 -52 -72 -39 8 32 -30 -110 48 68 -37 -47 -50 -103 -56 120 118 -76 -32 32
-53 -29 104 36 42 -82 -95 7 46 81 89 31 75 -49 -68 -79 59 48 106 -67 -71 -103 85 116 -117 55 -40 -29 -36 110 -109 -75 64 16 -101 96 -107 -95 -93 88 125 21 -34 57 -98 32 58 -46 92 80 -102 34 -124 28 61 -88 13 -107 51 -116 57 -68 -73 40 -117 87 -6 -121 79 -73 113 -9 -6 7 4 126 71 -51 -35 43 11 -31 127 20 28 -1 67 16 -21 -99 7 22 44 97 -39 14 -65 122
45 5 -87 2 122 -1 -104 -7 -47 -20 35 -5 -93 83 -13 59 -124 117 36 35 -41 0 -10 -84 22 57 -67 -48 -60 -41 52 107 61 -55 -50 -101 -1 -64 -125 -21 -29 -1 93 -41 80 -53 -44 13 -62 12 -102 77 32 64 9 71 -30 95 -83 -2 72 -5 111 17 -11 25 -93 -109 59 85 -13 54 -108 47 -1 -43 25 -34 -106 -45 36 -91 92 27 66 82 -9 -36 111 -69 48 -53 -107 -38 -119 52 -95 52
29 -32 -63 20 -80 38 61 -46 89 -31 93 -57 93 -25 -116 -51 14 122 -1 -54 -120 -40 -93 -69 95 -106 -86 4 -98 -66 -69 26 -78 87 -126 -8 40 -112 -37 96 -37 -81 -45 -85 25 12 -68 100 74 97 -16 -37 90 2 -83 -122 0 -14 -22 34 9 -7 43 39 38 6 52 62 127 78 -13 115 59 123 120 -2 46 73 76 49 18 -110 -22 72 -72 123 106 -80 67 -98 -119 21 -92 95 34 88 -34 46
-109 69 71 -16 44 -86 36 110 -68 50 37 -60 42 23 100 84 96 115 57 89 -101 -120 36 -100 -58 77 -100 53 -105 -85 -22 25 44 -19 21 89 -44 -115 -70 -125 39 -56 53 99 26 34 -82 -56 43 102 -19 -101 62 -48 118 125 31 43 -61 23 10 92 62 54 -94 24 67 -119 -50 -83 -69 117 79 55 -56 90 118 82 109 -35 -40 41 -53 80 -72 123 -83 -2 51 -124 49 -93 87 36 65 96 115 -81
-66 -28 13 112 126 82 69 -26 33 69 50 110 -126 115 96 80 -90 -104 -40 -28 -118 23 65 -53 -59 104 41 97 111 -117 95 71 -122 68 125 -48 99 -102 -59 81 58 -70 35 106 -120 122 80 -13 -13 -42 -36 -23 -110 104 124 -73 -15 -77 104 18 48 -96 -50 43 74 3 -113 -107 26 20 62 -22 93 44 69 94 44 -15 21 95 22 -86 -120 -52 76 -74 -73 -76 -33 -61 84 -93 111 -118 50 114 63 9
47 124 -111 81 38 -127 -75 36 -1 -99 -1 37 11 -96 24 -105 -69 80 95 -94 35 83 -32 -15 110 -103 -12 36 -35 56 -56 11 102 121 -20 -73 -85 -113 18 -65 -125 -25 -18 -77 -105 -48 -127 36 -68 95 70 -117 57 113 11 -65 39 115 -95 -80 -99 4 -69 -18 49 -104 110 -124 -108 76 -22 46 41 -42 -61 124 -4 -115 -119 60 122 -106 114 111 105 -94 48 -21 46 22 -95 -62 -36 13 -93 -57 -33 -125
44 80 127 22 7 -17 58 -50 -36 27 -38 99 -99 11 126 -25 47 -112 -115 104 -14 -55 106 117 92 -38 58 27 -116 89 -99 18 123 -32 47 -38 -60 -9 112 113 113 6 42 21 88 35 -2 60 97 58 101 -57 -85 -73 -3 -96 3 -114 79 38 87 115 -64 -6 -119 -87 109 -118 91 87 -49 86 64 123 91 12 67 -6 -100 87 25 -75 29 -112 -108 -46 -125 -79 109 -34 -121 -121 -11 31 -5 -72 56 -6
22 74 11 72 20 34 -32 -86 31 81 -26 26 -14 66 13 101 -15 100 52 -109 2 -64 -65 -78 -3 -113 99 -127 -88 95 112 123 -27 -46 102 43 77 -67 68 17 80 92 103 -82 1 85 -8 97 -107 -45 -4 55 88 32 -103 -114 60 20 -110 96 126 51 101 -67 -21 104 64 -108 -42 17 -65 104 -99 -92 7 -56 -83 34 -103 -75 -26 90 44 101 123 -20 64 65 90 -66 -108 -29 -52 60 -67 -102 -58 -50
34 41 1 -33 -40 127 -108 -87 43 20 94 60 33 -85 -126 -29 -84 -17 87 59 -98 4 105 -85 -66 59 -32 -118 91 -17 -88 6 -114 -24 -32 20 -30 117 -102 109 -76 80 49 -89 21 -34 81 19 -41 -44 -70 79 -92 85 122 -107 101 26 114 -9 9 54 -126 81 25 -39 -125 -109 -18 -113 6 111 -40 -31 60 51 -3 105 110 -11 104 -26 115 73 85 -50 -70 86 -94 -74 -27 -124 -84 -52 -105 43 -90 -15
-4 106 -41 12 -107 42 -24 22 -84 -116 60 112 52 91 -28 94 -54 -1 123 65 -59 -75 11 -65 27 -49 91 118 54 -3 23 64 -51 79 -45 0 73 -93 -33 57 -114 2 96 -84 90 -103 -124 -115 10 -4 34 108 121 89 -35 6 -47 -118 -86 106 49 94 -51 -43 62 53 -18 -19 68 -69 -20 111 63 -64 61 20 -112 3 -18 -13 -93 17 91 16 -57 -54 -117 -92 -112 -37 50 -125 46 17 105 -77 -112 -51
17 62 87 103 23 -73 83 -107 -100 -31 -116 54 108 -100 102 -102 85 28 57 -97 -112 -20 -106 39 -47 127 101 -127 64 64 -24 41 -62 117 78 92 -91 114 -105 121 -101 18 81 99 100 -72 49 75 106 79 -104 79 68 44 -19 -18 -31 -27 66 -41 102 -46 98 -84 110 47 -95 23 111 73 -126 64 75 -67 -104 -60 82 22 2 -48 23 40 -107 89 97 127 41 27 9 1 64 86 4 -20 -57 -58 -23 17
54 -103 -121 35 92 62 101 51 70 103 -89 -106 98 79 59 -115 74 -90 41 107 -67 -23 95 11 -115 34 110 121 -62 -89 57 -101 53 4 67 -93 -51 17 -64 -108 -112 70 -33 73 -8 -19 81 10 63 98 86 88 35 20 -55 -105 -112 14 18 -56 -34 122 106 -9 43 126 40 -26 37 99 90 14 95 60 -122 -83 62 32 11 -66 -39 24 25 -16 73 87 -31 -109 116 84 -70 66 5 70 26 101 109 126
-105 -53 -101 -99 50 16 -72 116 -58 86 4 5 77 -115 -79 118 49 35 104 -85 -87 52 103 -90 24 -69 -64 32 -107 -89 66 -120 -122 -97 -22 -2 42 10 -108 48 -122 -45 -14 -50 77 86 -109 -24 -33 97 95 93 110 -89 4 15 18 -30 11 65 107 -17 90 -101 38 -74 45 31 21 70 92 -35 67 -88 71 -86 -36 15 36 8 -108 -121 71 -48 -96 29 -46 15 74 -41 -70 -11 21 -65 -24 -104 20 -74
-66 -123 9 -85 25 100 86 -40 0 -91 -107 -84 -123 -110 127 -115 -48 93 -20 -31 47 48 48 103 -102 -119 -47 108 4 21 122 -106 -88 15 86 -47 82 -105 -79 -39 72 -69 76 33 55 -2 -99 43 -125 38 35 -107 -73 -108 -100 19 94 120 88 -25 -92 -124 -119 -101 57 -123 100 25 -82 -2 -126 -100 -40 112 86 -26 76 37 56 -80 14 -51 -28 -104 -10 95 -101 -101 42 -125 118 -82 7 -88 49 43 -79 86
118 35 -19 -28 64 34 13 -63 30 -115 124 36 22 106 -56 -2 38 -110 101 25 45 32 -33 -22 -33 8 -63 -110 -69 -115 -116 96 45 3 -93 -79 87 -22 58 93 -31 -72 -53 -111 121 123 54 107 -34 -102 106 -121 108 106 89 -37 48 -17 -90 -117 -54 -70 14 121 -84 125 88 8 40 10 -125 22 2 -11 127 -26 123 -15 -10 -53 47 -35 94 55 116 -6 5 -77 -112 -2 51 11 -10 120 -124 115 89 -85
-55 71 89 3 -100 -104 -125 -108 104 84 12 49 4 120 -72 5 19 97 -5 -119 12 -10 -50 -106 46 121 -27 -102 59 50 62 125 26 103 -34 -36 66 -35 54 -38 -51 74 12 -7 112 -98 -100 89 -113 76 -114 112 125 -107 -15 -105 66 3 -117 43 -72 -112 -95 53 91 53 25 -34 105 -73 -97 -93 -122 52 38 -78 99 -42 40 102 -45 -107 -112 -11 -100 -95 35 -5 10 -7 68 -55 110 -76 -75 -47 57 72
81 -115 103 72 113 105 -14 109 74 -103 -37 -58 125 -66 46 -13 90 38 -111 124 -7 -82 -58 78 -45 -112 -113 20 -90 118 20 -101 27 12 -29 -92 -69 -5 70 -73 -41 -83 25 -1 -86 71 -70 54 94 -5 113 -93 43 111 31 -100 -37 10 -1 -31 -3 69 65 -124 36 63 -40 52 70 -55 62 71 -111 55 -17 -87 90 35 65 -115 -87 -60 -89 124 31 43 58 15 109 97 -97 -91 101 43 85 -77 -58 -32
-80 -114 -74 94 -1 19 1 -80 0 85 96 -89 -44 -72 -70 80 0 38 10 -27 118 6 -86 -112 -102 -70 25 -94 -6 9 -112 -94 44 -7 52 117 -59 43 3 -10 52 69 -29 -65 2 -9 -111 -87 53 -83 -112 -113 -29 -49 -85 90 -119 -106 -22 100 -81 5 -41 57 106 57 -74 -121 -65 -123 -35 25 46 49 115 -45 -115 -102 10 19 -9 -8 52 -46 43 59 98 83 -97 123 -6 -92 -19 -59 -86 -30 -14 -71
89 95 -31 -30 -60 -106 114 40 -71 -101 39 -116 43 52 -116 111 107 -16 -78 -12 -67 24 76 -29 126 33 -49 63 81 73 -9 -95 2 33 115 -91 51 2 -102 -27 -108 115 122 -90 103 107 42 40 -56 119 112 20 -111 -16 69 42 32 38 19 -70 -90 122 -92 -37 36 -34 -16 114 77 65 99 39 79 24 -108 -38 55 118 -100 -55 87 86 75 -26 98 30 110 -122 125 -31 50 -119 -50 -127 -105 -59 -52 -66
-60 -23 14 -120 -26 -56 15 -64 116 52 81 -123 -125 101 -74 71 -96 -99 9 21 -85 2 76 -101 -69 29 -49 -28 20 -5 -69 -10 -18 -29 17 -94 23 41 -66 96 119 50 114 23 -55 -91 18 -80 -65 36 -11 105 100 -84 -70 -56 47 86 25 92 -127 -23 -123 42 111 8 -53 54 118 -88 -108 -18 93 92 106 8 -10 -71 -111 2 88 116 66 11 63 126 -91 -5 -45 -108 5 -30 30 34 91 7 -114 -55
-125 67 -104 -63 -124 -34 -52 119 3 -38 -26 -99 -19 109 71 62 125 10 45 112 121 98 65 85 51 104 59 -94 53 -121 53 -8 28 14 31 -56 -67 -111 92 -97 14 77 17 -63 53 -94 -12 -40 -18 13 -104 -127 115 47 -10 121 -73 -6 109 59 121 4 12 84 -93 29 83 -91 -113 -117 12 -52 -93 -122 110 -14 47 114 -92 -122 -25 -62 -71 61 -117 -18 46 28 31 -86 -49 54 122 -21 30 48 35 75
68 -57 -108 -37 -107 96 3 -86 71 39 -45 79 54 -51 -24 3 1 96 -110 -117 -101 -69 -88 61 88 -61 -10 -19 -110 -47 -70 39 74 -92 67 60 100 32 -62 51 -105 -34 -17 -36 -25 -76 -31 39 -118 17 -78 111 -50 -39 71 42 77 58 -84 -13 41 -21 113 -89 -67 -41 102 -87 123 -113 98 -98 -104 -112 7 -49 -59 -11 -18 -108 17 62 109 -27 -57 54 -46 -52 -33 25 -65 75 4 106 -33 90 118 -61
31 -91 6 -121 -79 5 -5 -8 -100 122 -61 -95 120 52 13 -45 67 46 -90 -66 -46 1 -52 -67 -34 82 114 11 102 78 -23 115 99 -104 80 95 94 -119 74 5 104 94 64 -100 -117 -67 37 -42 56 89 5 -117 -127 -55 9 11 98 -52 -120 50 16 -121 -118 71 -32 94 -123 -11 -116 40 -26 -74 126 55 -37 87 52 60 -54 29 -15 28 60 -77 86 41 -78 98 82 101 112 -68 12 104 111 -84 -26 -108
70 -88 42 -72 -12 -33 118 29 -62 -29 40 40 39 -16 82 -113 -43 -13 66 -58 -35 -16 -62 112 87 -82 45 -36 46 26 45 -38 -118 71 -10 -106 -86 -10 11 -16 -51 20 7 114 -2 37 -87 -95 -30 87 67 -108 -99 -44 20 109 -8 -52 5 30 121 -21 2 93 -124 124 38 -25 -123 93 -11 72 -104 8 -31 34 56 -11 -16 86 67 -116 108 46 -101 84 -90 78 -100 48 -126 50 104 -93 118 -94 10 -21
69 -52 -117 -68 -123 112 -92 -86 40 42 -20 -88 2 -53 -59 60 22 -99 -13 46 -45 28 -82 -69 27 71 -102 -52 -118 -80 -127 8 -87 118 24 -38 52 111 76 47 105 -120 82 15 -102 -13 -9 86 80 -83 -39 30 60 95 122 92 21 -86 -68 1 -34 27 -45 124 95 -41 -27 -71 -123 -85 21 -103 -119 113 -7 53 -112 -68 81 11 -103 -125 28 -113 -19 98 -97 119 97 66 -74 30 -96 76 -17 117 24 -80
-32 59 62 -24 -122 122 25 -23 81 -98 -41 -120 -61 -81 -38 19 115 78 61 27 -52 93 -37 -60 3 10 -112 102 -20 114 25 77 58 92 48 -66 49 -96 2 57 -92 -101 -52 7 46 112 85 -1 -41 114 -15 22 84 -53 13 36 -9 44 21 -43 -18 -56 127 -48 -3 32 30 57 92 1 104 -63 18 -103 29 118 34 -65 31 60 -32 -9 44 -54 -100 52 -72 85 -82 22 -20 47 -57 113 61 -117 89 -35
-50 93 37 98 48 60 45 -11 -24 -76 -51 -99 -75 -82 102 -32 -89 68 -126 -44 -28 -121 14 -76 84 123 30 -103 -95 -99 -105 65 -123 -93 -27 -78 -72 -117 -41 -66 -13 -53 13 -51 44 96 84 57 31 80 -102 24 18 48 35 72 -4 -68 96 44 4 124 -5 -29 -126 116 68 -125 -72 -14 44 -87 -82 70 -72 -88 95 -88 124 -2 -41 30 73 1 -55 -18 108 96 -98 38 55 -28 106 -41 -62 -55 14 -36
117 59 5 -95 -104 -82 -36 -84 74 -13 84 -46 -121 -109 26 77 61 67 -59 -39 51 0 -79 15 -79 -55 -66 0 -26 -36 -42 -5 56 -101 -30 -59 -65 124 -117 -70 25 -108 -17 21 107 62 110 -73 -49 -59 -2 81 115 91 112 -84 -10 22 60 -106 -33 -47 -43 -121 76 -74 -43 -28 17 15 10 -43 55 -34 46 -42 -43 -100 92 3 -115 115 12 -119 124 55 54 94 109 -9 -53 -111 -20 93 5 87 105 34
82 58 -26 88 -60 8 -64 -66 3 55 -86 -23 83 -117 90 -57 38 96 116 54 117 -29 88 -87 -78 -86 110 -36 -25 6 41 -22 119 20 -115 11 -45 106 47 -49 -45 -62 -79 115 -87 113 45 -32 -96 65 115 65 125 115 84 -34 4 -1 -60 89 -47 30 -108 123 -25 -79 76 13 -96 -24 -46 -97 110 -3 -34 79 48 -24 87 -102 72 26 31 59 -116 -22 57 -32 83 51 110 -21 -6 -79 121 25 111 10
-91 125 3 3 -113 -93 -119 46 120 82 21 71 40 89 -100 84 -71 109 87 106 10 -67 55 -13 116 61 36 120 -7 -23 -23 73 42 87 109 58 -96 66 26 114 -108 -82 -18 -73 -93 23 52 -23 52 -67 127 -117 -9 -106 107 -1 0 -20 -51 119 -77 53 67 31 75 -110 -15 107 -79 0 -63 -35 -51 -81 29 -81 6 -121 -52 86 -50 -16 60 2 -113 -86 107 -61 -41 126 -72 -110 -117 -97 18 -40 -43 -40
120 98 -59 -104 -37 10 -104 -2 -79 -44 -51 39 -121 -44 48 -57 76 -26 125 31 82 1 -68 -41 36 37 108 -61 -31 -60 -98 38 41 21 -13 95 -23 104 3 -102 52 61 117 -53 110 105 92 -87 -62 70 -64 11 107 2 -55 -94 -6 -51 -44 -93 68 -57 -76 120 38 -79 119 -37 -95 -38 -8 -96 70 25 -48 64 116 125 68 67 -36 16 -12 33 66 -63 99 -110 114 -51 60 73 10 46 7 35 -107 95
-63 79 64 112 -39 -70 31 41 -88 39 -84 -55 -11 37 28 32 -77 -15 4 1 7 11 92 -12 8 -65 -67 100 -37 -43 72 -65 53 -28 62 37 21 67 7 -119 -8 -67 1 39 76 -89 -71 118 25 -25 118 -110 -113 122 92 -47 116 84 -68 -10 120 58 -123 78 127 -48 -4 85 -21 17 74 -61 35 -69 -121 -77 -79 -101 104 84 -98 -15 16 45 -81 86 114 64 6 37 -112 127 -68 63 127 -33 45 -34
28 -83 7 -36 -5 47 -23 -25 -81 73 74 56 104 103 -105 74 -89 -19 -49 13 82 123 -42 -36 -100 18 78 -105 0 10 -95 -104 -66 -85 37 0 28 26 121 120 -48 23 47 37 -60 88 68 8 5 14 86 -13 -72 -98 -85 -13 54 16 9 51 -92 81 -111 74 -38 -115 54 39 -109 -76 -114 50 122 -35 9 -117 88 -100 9 36 78 -44 41 112 107 -39 -10 112 23 81 -99 -45 -19 -25 -125 4 -87 -73
-110 -36 -16 -63 -61 66 87 32 -92 63 -29 -85 -21 73 98 59 40 -107 -118 21 -56 -117 -5 25 -56 38 59 -43 -31 88 -84 -92 114 61 -22 24 24 89 90 -127 -43 -108 -5 -87 10 88 110 18 14 -48 -85 111 57 110 36 15 -75 -5 -2 -68 -118 -49 43 -20 -34 -112 -119 39 -40 76 106 115 127 -75 109 124 63 111 -123 -14 111 -88 32 79 -95 -97 112 24 -105 5 10 100 100 -79 -109 -98 83 18
11 -112 117 -100 -62 29 92 -83 -112 13 114 -89 -77 -125 117 90 19 -34 23 86 106 -14 -103 96 -103 -54 -69 32 84 -41 -19 64 -36 41 -103 53 110 -17 -63 17 108 13 -91 0 98 26 57 42 82 38 92 -84 2 106 -4 54 10 -78 -9 9 -44 27 -12 -81 -99 74 -41 127 -88 -39 -90 -107 21 46 46 -93 -108 -95 18 -9 -115 -25 108 49 68 34 117 63 -120 40 -12 -5 -54 -37 -20 -54 -121 36
17 69 -91 -36 24 -108 99 -80 -72 -103 -113 78 7 106 83 10 -56 -61 41 -32 -21 111 76 -31 72 -114 82 25 -21 97 -123 -121 -111 -65 30 -104 80 -56 25 -95 99 -14 -31 -85 23 93 -48 -78 -51 20 87 121 118 74 70 9 49 27 87 -119 -51 -78 67 64 -50 -6 20 54 -79 -25 69 44 6 0 97 48 112 -79 110 -65 -51 105 91 -12 -6 125 119 -98 24 0 4 62 3 -118 44 9 28 39
33 25 -116 85 16 112 2 -40 22 23 85 49 82 -75 60 -106 74 68 53 117 16 -78 120 7 8 -34 -97 -117 114 109 58 -39 105 -89 -84 -29 33 -75 39 -25 9 -75 -111 23 -34 68 -15 -63 33 74 126 -126 -38 34 92 55 -78 -26 -70 -90 -68 -116 45 34 -52 67 19 -55 -124 -33 66 79 -74 -54 -45 -125 15 -30 114 -101 57 -72 63 -57 80 74 -96 59 -65 71 75 -22 -24 45 -39 13 -109 9
-32 -7 -127 -59 -85 74 -59 126 123 69 76 -63 10 20 4 103 57 -50 -22 18 -8 -64 -80 30 -91 120 38 -106 88 7 86 -122 105 -6 50 -62 6 -95 -16 -103 -56 99 -83 122 -68 -99 -78 67 -65 -75 -93 -53 -107 -70 -65 65 100 -116 120 36 126 83 114 68 68 52 -13 -67 -36 -36 62 -97 14 3 98 122 84 -41 -97 -84 103 115 97 46 74 54 -81 41 19 77 113 2 -65 -80 -102 71 61 -57
