26
-87 -111 -53 33 -115 5 126 -74 124 32 -61 6 63 -25 -100 -12 68 -112 -79 10 -28 -64 115 3 -65 -26
-28 -20 -5 -29 42 -84 62 121 37 -105 -22 124 -34 37 60 -3 105 -34 -107 89 84 41 32 24 80 8
5 91 71 25 -79 -88 -59 125 123 86 -87 50 -94 42 62 54 64 -64 -99 -61 -69 117 71 -109 120 116
11 105 -51 100 -70 106 -68 7 72 -112 56 -118 125 -14 -56 112 -12 -40 58 -110 -117 -40 -6 -83 44 -41
-79 -61 -94 105 -34 73 115 94 -106 79 111 35 -93 -101 67 126 7 -105 -113 -4 122 124 -50 -16 -88 86
-110 92 61 105 107 94 -98 -116 52 57 -85 -73 43 82 117 -35 -52 -73 -11 17 -98 94 -30 114 70 30
69 107 -81 20 12 -123 1 -79 -35 114 -79 -118 22 -53 -49 -42 87 -71 -117 91 -65 126 110 -52 117 118
-96 28 72 44 126 -19 47 45 -43 94 12 76 -104 76 26 76 -20 -87 47 51 -116 -6 26 -113 -85 106
-82 78 4 85 32 43 -119 54 18 -69 17 -90 111 -126 -13 91 75 108 14 -22 -33 -45 -64 -49 -6 55
-72 54 29 -87 -5 69 -100 123 2 -67 -51 46 77 -27 119 66 -32 -10 95 -51 -42 -39 -81 -94 -86 99
-83 83 121 -47 -38 0 -79 57 79 -41 0 -38 -114 13 13 -110 50 62 71 125 59 81 111 -58 16 118
124 34 -77 -28 100 44 -10 79 67 24 -81 124 -15 11 -73 99 -93 -35 121 53 84 -41 -77 -92 -80 -113
-60 108 -69 -60 30 -17 36 85 99 -77 93 86 85 -73 39 20 -25 1 -50 -79 -41 115 -59 30 64 126
-79 -102 -42 59 -115 9 77 19 -103 95 30 -47 85 -57 104 -46 65 -14 42 -59 -85 102 -91 -66 -113 120
-21 98 -108 20 -66 -116 -84 8 -36 64 -69 -85 88 -113 11 -95 -115 -70 29 -116 101 -47 -67 -81 32 94
-26 34 81 57 50 -56 75 44 -13 62 26 -66 -107 -66 -86 85 -92 -93 22 -119 -110 107 -5 70 -39 -35
-27 16 -60 100 20 -122 97 42 22 -93 99 29 -70 27 52 -70 100 108 104 36 -43 -11 -34 6 21 -15
10 1 -34 -72 93 33 -44 51 82 -52 -55 -79 126 -92 -31 -35 7 96 -32 -36 -120 -46 -17 70 -109 -4
-7 24 -81 14 -16 25 -101 28 92 -84 -117 120 -96 -60 -68 29 -77 74 -7 -5 25 26 -28 -14 -17 46
55 -33 33 96 -12 -83 75 -77 -73 61 -7 -64 111 51 -91 -81 -64 122 -102 92 37 -127 127 32 37 -37
51 -67 56 90 126 19 41 -19 -125 2 3 -109 36 83 -3 10 -53 -89 34 -85 49 80 50 -2 10 -29
111 74 20 20 -92 96 -47 -115 -109 107 26 -95 0 34 -72 32 56 -121 -41 -64 113 -91 23 24 101 1
1 108 -39 36 40 -93 9 -85 -18 20 -1 -80 -7 80 -56 -72 -7 114 12 -110 91 -55 75 -122 -21 123
-65 -41 90 -108 -22 -48 -108 -37 -11 18 -30 46 -60 -99 -98 26 -87 7 15 10 13 -65 -99 -102 -61 18
-19 -82 -22 108 -107 75 7 -43 88 20 -116 6 116 28 82 0 107 117 38 -57 -89 120 8 75 -113 47
67 89 57 61 -73 -47 62 121 1 31 36 46 -96 125 -42 8 41 103 26 -17 -85 108 70 -61 -71 -93
