67 725
30 66
54 65
18 65
12 8
20 33
33 64
19 64
28 39
11 33
6 24
52 47
5 63
15 28
45 28
5 47
7 23
47 46
56 64
57 49
37 64
60 5
9 2
3 63
42 65
7 46
11 58
5 61
34 58
14 60
61 63
19 59
42 19
49 46
16 11
64 28
42 7
38 18
29 50
66 6
52 11
3 37
5 44
26 48
6 51
8 48
38 66
17 29
40 62
66 46
39 11
38 9
14 5
39 26
44 41
34 26
58 59
31 65
12 36
32 40
9 49
51 13
13 54
49 26
56 24
2 49
10 14
47 43
15 44
50 7
23 36
16 22
32 19
28 59
57 30
52 31
51 43
58 49
26 19
58 15
38 67
65 7
58 35
7 22
47 15
58 56
57 3
59 18
53 12
4 61
4 9
4 64
37 21
7 20
43 24
4 8
15 13
63 24
7 21
21 41
28 1
35 10
17 63
66 29
40 54
34 60
59 2
59 36
15 32
41 3
44 42
60 41
63 57
6 23
60 26
67 18
42 34
1 16
27 65
12 21
38 23
5 19
27 66
13 67
52 50
15 5
26 20
42 6
66 5
2 64
65 49
54 63
57 5
64 41
38 24
25 11
19 18
67 3
38 59
1 24
16 55
21 67
18 22
2 27
8 36
3 23
2 30
40 12
16 18
22 3
39 23
66 18
30 39
13 14
11 66
13 42
64 6
8 5
52 36
57 15
56 66
47 23
56 2
55 11
1 67
67 50
55 54
23 21
9 5
59 1
2 35
40 6
21 18
64 47
31 9
39 4
62 15
28 6
1 21
23 14
21 44
51 10
12 47
59 37
46 14
43 64
62 65
6 10
51 20
18 47
35 9
59 49
19 66
25 66
41 31
43 62
10 8
46 24
21 25
25 16
9 1
52 67
7 60
34 2
31 6
51 26
23 58
63 66
39 56
20 22
60 47
22 25
17 50
60 55
10 22
58 13
59 5
38 56
25 40
41 25
55 15
3 56
45 16
32 44
22 65
63 53
18 52
3 33
54 28
7 5
3 9
8 40
30 32
45 36
13 27
44 39
62 14
8 58
3 20
43 11
37 62
3 44
49 11
52 14
13 37
28 50
56 61
30 31
26 44
23 66
66 15
58 47
65 43
60 28
63 60
55 18
1 3
32 59
29 14
4 30
61 32
47 62
13 60
8 46
11 5
60 52
1 40
29 31
64 10
6 65
61 46
4 12
46 38
53 54
45 15
24 64
54 66
29 25
45 17
55 32
37 50
63 36
12 58
51 58
9 66
23 31
22 17
67 27
20 61
62 32
43 59
19 56
24 22
62 27
35 21
43 52
9 46
54 2
58 36
59 17
13 7
51 35
33 12
16 27
67 39
9 21
4 45
61 50
62 30
2 8
25 60
15 2
58 61
29 56
17 37
48 58
44 45
28 47
55 12
24 55
59 11
41 6
33 51
46 57
19 33
26 11
52 41
38 13
58 62
28 20
5 18
27 43
14 18
38 26
17 57
61 23
47 31
41 63
3 19
5 23
52 35
14 59
15 60
20 60
55 33
9 6
20 8
46 33
48 14
39 63
61 1
26 32
5 31
1 62
39 59
52 17
14 36
35 47
45 27
37 2
16 2
42 59
42 43
22 13
41 33
35 57
41 11
3 48
63 35
26 22
16 49
47 17
34 43
66 61
44 53
31 28
47 50
52 54
39 66
45 66
25 45
18 29
45 37
41 20
53 24
34 5
31 10
52 65
40 4
9 58
32 25
61 7
17 64
42 27
36 56
48 28
42 26
46 21
35 39
51 18
65 60
39 49
23 12
57 47
40 33
21 40
3 55
15 48
25 50
24 9
8 42
5 43
6 5
35 33
16 66
17 66
22 37
42 63
31 27
43 6
20 42
59 25
13 30
44 33
49 20
39 9
67 61
29 32
36 13
58 39
13 21
6 25
30 29
7 1
32 13
54 20
65 64
50 19
25 49
37 28
48 47
55 61
10 2
56 52
4 2
6 27
32 36
30 35
57 58
38 7
41 4
58 10
47 63
67 46
40 37
65 10
47 44
56 25
67 17
53 21
30 18
14 66
31 55
15 39
54 64
12 42
8 30
41 66
25 19
31 3
25 47
4 44
5 53
64 13
12 56
32 20
31 67
60 53
38 12
19 35
3 32
25 9
14 7
22 48
2 23
8 15
44 40
35 6
40 31
30 36
65 67
2 22
39 41
23 57
8 17
48 18
3 58
32 35
61 49
54 32
25 54
20 55
53 33
53 14
41 57
20 64
27 46
7 36
17 62
35 24
43 46
52 3
7 4
6 8
67 33
61 43
4 62
56 45
42 62
26 30
12 1
5 55
47 59
21 15
13 5
26 3
67 45
44 20
48 23
29 23
29 20
33 28
62 12
62 56
67 56
56 43
36 48
46 51
21 66
38 37
65 24
8 29
7 26
12 44
59 40
9 11
14 26
33 48
63 55
18 6
11 62
44 35
36 2
10 9
12 27
16 3
48 11
4 51
21 50
4 13
67 35
50 27
24 14
62 9
43 44
9 37
26 59
28 4
19 27
29 4
9 17
34 14
54 17
54 26
64 1
14 47
45 61
51 48
11 42
34 9
24 26
11 60
4 47
62 54
34 6
52 42
2 66
60 33
1 8
1 47
17 38
45 41
18 1
63 45
20 24
42 64
23 49
43 14
28 26
59 41
1 45
8 22
59 23
61 44
15 64
18 63
49 1
44 22
40 9
42 58
45 47
25 12
44 37
44 30
35 65
35 14
34 27
20 23
49 33
67 63
57 59
6 57
35 50
15 1
11 50
63 30
18 13
11 46
57 24
13 43
34 35
60 10
16 64
44 13
40 11
40 26
31 1
35 5
13 12
30 22
60 56
29 3
41 48
12 51
35 59
60 66
59 48
47 42
67 25
2 55
22 61
13 17
16 12
43 66
55 1
24 44
65 1
34 66
14 15
67 54
41 67
56 8
42 5
54 33
61 2
3 10
54 50
30 67
7 30
3 30
63 2
2 45
40 45
58 40
40 67
15 27
33 1
19 39
42 1
22 64
52 30
54 19
46 62
19 46
11 57
2 28
27 61
38 15
49 56
34 22
42 18
30 24
65 63
48 7
42 28
31 25
1 23
1 20
9 51
39 38
32 8
45 50
61 19
18 2
33 7
30 58
4 42
4 35
56 6
11 2
62 16
44 48
18 17
37 25
29 11
61 26
53 19
40 60
16 13
42 35
65 2
53 23
55 28
44 31
2 58
42 60
