31 356
1 27 167
1 31 134
1 11 264
1 10 240
1 10 15
1 7 176
1 25 13
1 27 286
1 11 200
1 23 49
1 26 109
1 18 213
1 24 48
1 12 77
1 8 235
1 17 58
1 24 283
1 25 27
1 7 277
1 29 48
1 1 32
1 12 34
1 25 68
1 15 232
1 13 275
2 15 141
2 29 97
2 31 281
2 13 187
2 18 139
2 25 97
2 12 227
2 30 8
2 31 190
2 4 5
2 7 204
2 5 272
2 4 193
2 20 192
2 30 128
2 18 78
2 20 198
2 6 26
2 6 270
2 9 81
2 16 195
3 23 84
3 11 215
3 9 33
3 10 29
3 22 67
3 11 118
3 10 225
3 10 90
3 29 108
3 15 24
3 31 108
3 12 198
3 16 63
3 16 169
3 8 26
3 17 195
3 27 162
3 5 283
3 27 28
3 4 60
4 21 73
4 20 60
4 15 45
4 28 290
4 25 11
4 7 48
4 30 85
4 17 222
4 8 294
4 29 57
4 24 222
4 6 49
4 17 161
4 12 74
5 19 185
5 16 145
5 31 129
5 25 64
5 19 220
5 31 153
5 30 86
5 16 19
5 30 296
5 14 147
5 14 52
5 10 115
5 7 230
5 21 6
5 10 164
5 9 104
5 30 94
5 29 294
5 6 282
5 7 236
5 26 260
5 15 76
5 5 212
5 15 211
5 14 291
6 8 250
6 20 129
6 17 99
6 25 11
6 14 189
6 17 118
6 11 221
6 29 181
6 11 251
6 16 163
6 23 121
6 13 81
6 26 176
7 16 57
7 19 239
7 15 13
7 24 188
7 27 156
7 8 208
7 27 286
7 22 181
7 17 225
7 7 97
7 28 87
7 28 222
7 11 141
7 30 72
8 23 128
8 9 61
8 15 173
8 23 284
8 15 222
8 15 216
8 11 166
8 11 238
8 19 208
8 21 139
8 31 300
8 15 297
8 29 106
8 25 295
8 19 81
8 16 120
8 11 293
8 13 186
8 20 131
8 28 281
8 9 151
8 14 167
8 12 153
8 11 34
8 15 36
8 24 48
8 20 243
8 23 108
8 12 46
9 23 41
9 20 82
9 24 126
9 30 106
9 10 182
9 24 13
9 17 256
9 13 78
9 11 255
9 29 111
9 17 237
9 23 210
9 27 205
9 11 241
9 10 36
9 16 161
9 17 113
9 24 27
9 12 53
10 25 198
10 24 100
10 22 292
10 17 140
10 21 38
10 24 117
10 15 84
10 25 8
10 27 211
10 19 44
10 17 17
10 20 121
10 12 249
10 24 166
10 17 63
10 13 5
10 26 251
10 18 297
11 27 259
11 28 296
11 12 7
11 14 148
11 27 116
11 17 212
11 26 28
11 25 121
12 19 237
12 30 100
12 31 60
12 30 223
12 18 79
12 19 197
12 28 271
12 25 260
12 16 157
12 12 95
12 17 47
12 27 282
12 24 17
12 20 112
13 24 57
13 31 98
13 22 37
13 14 172
13 26 48
13 27 257
13 28 52
13 20 254
13 17 275
13 15 238
13 28 182
13 16 169
13 31 93
13 20 11
13 26 135
14 30 56
14 18 280
14 30 70
14 14 10
14 24 19
14 19 92
14 24 206
14 21 9
14 23 263
14 27 250
14 26 101
14 24 43
14 18 72
14 29 31
14 21 37
14 24 62
14 18 66
14 24 55
14 15 29
14 22 9
15 25 93
15 21 53
15 30 94
15 19 93
15 18 235
15 19 83
15 16 97
15 22 285
15 27 216
15 16 250
15 29 125
15 25 50
16 18 8
16 27 124
16 27 41
16 23 216
16 21 75
16 25 215
16 26 8
17 25 137
17 27 193
17 29 96
17 23 155
17 22 251
17 27 73
18 23 266
18 31 8
18 28 190
18 27 226
18 19 247
18 21 236
18 29 84
18 25 114
18 19 215
18 30 238
18 30 88
18 19 283
18 27 209
18 27 181
19 24 298
19 25 294
19 19 263
19 31 269
19 21 193
19 21 106
19 20 96
19 24 253
19 26 63
20 26 151
20 23 236
20 30 175
20 21 99
20 31 100
20 24 61
20 29 177
20 31 268
20 22 18
20 21 172
21 28 98
21 28 32
21 23 167
21 25 27
21 29 176
21 26 240
21 26 115
21 30 285
21 25 108
21 28 198
21 26 280
22 26 42
22 27 257
22 25 96
23 24 73
23 26 190
23 23 207
23 27 259
23 30 83
23 31 62
23 27 158
23 29 169
23 31 238
24 26 78
24 25 16
24 31 111
24 30 86
24 25 238
25 28 191
25 30 232
26 31 201
26 29 110
26 29 147
26 31 207
26 27 30
27 29 94
27 30 297
27 30 238
28 28 94
28 31 47
28 29 220
29 29 34
29 30 41
