90 6308
1 5 209
1 77 71
1 9 276
1 63 224
1 2 178
1 88 70
1 15 177
1 52 184
1 19 170
1 34 277
1 59 246
1 29 197
1 44 74
1 23 132
1 75 255
1 36 220
1 70 165
1 46 299
1 40 115
1 52 61
1 37 65
1 14 30
1 69 178
1 33 30
1 74 49
1 76 257
1 27 37
1 6 236
1 17 45
1 85 65
1 33 62
1 43 141
1 37 90
1 59 153
1 41 203
1 18 225
1 60 39
1 78 245
1 87 50
1 83 221
1 4 112
1 74 121
1 48 241
1 20 267
1 23 77
1 82 93
1 38 300
1 35 277
1 33 122
1 10 104
1 3 242
1 57 200
1 39 40
1 25 56
1 42 238
1 14 62
1 42 79
1 77 196
1 70 114
1 63 47
1 72 252
1 22 220
1 53 49
1 52 221
1 73 158
1 27 127
1 74 164
1 34 194
1 74 69
1 89 223
1 90 103
1 51 71
1 61 278
1 74 59
1 74 32
1 52 31
1 53 231
1 64 288
1 48 280
1 41 211
1 85 16
1 81 216
1 55 238
1 30 99
1 82 92
1 18 144
1 83 280
1 17 15
1 21 16
1 38 93
1 29 84
1 9 189
1 27 108
1 37 141
1 26 153
1 65 137
1 87 98
1 66 258
1 47 297
1 62 41
1 41 171
1 83 51
1 41 191
1 48 87
1 8 123
1 87 116
1 62 157
1 19 148
1 60 153
1 80 12
1 90 13
1 67 126
1 33 158
1 72 247
1 52 123
1 37 182
1 32 225
1 18 148
1 14 91
1 42 126
1 72 115
1 83 56
1 32 22
1 7 106
1 72 109
1 9 243
1 24 80
1 39 135
1 25 268
1 9 212
1 51 31
1 33 268
1 90 100
1 22 236
1 38 186
1 71 54
2 11 295
2 89 58
2 16 195
2 70 248
2 35 125
2 46 267
2 71 53
2 87 9
2 74 75
2 30 99
2 12 53
2 86 239
2 2 220
2 74 196
2 3 165
2 8 88
2 74 259
2 31 14
2 7 148
2 77 205
2 71 188
2 39 110
2 73 102
2 64 233
2 26 197
2 51 169
2 87 176
2 67 127
2 59 216
2 50 5
2 24 234
2 81 140
2 68 94
2 60 62
2 34 47
2 19 143
2 77 234
2 61 135
2 8 277
2 81 290
2 61 230
2 23 287
2 24 42
2 79 243
2 72 140
2 60 111
2 39 199
2 71 69
2 73 297
2 13 128
2 57 169
2 16 112
2 55 13
2 29 288
2 26 260
2 42 228
2 22 9
2 67 227
2 42 80
2 69 127
2 14 25
2 15 68
2 33 162
2 23 212
2 7 158
2 63 156
2 15 241
2 23 151
2 45 37
2 81 35
2 39 264
2 51 180
2 41 68
2 23 258
2 19 114
2 87 250
2 82 258
2 53 61
2 68 47
2 47 292
2 78 184
2 61 286
2 9 73
2 79 183
2 56 69
2 87 79
2 83 139
2 62 11
2 12 73
2 64 59
2 80 87
2 58 91
2 65 140
2 50 95
2 81 227
2 75 193
2 10 39
2 3 279
2 70 271
2 31 130
2 9 234
2 20 42
2 90 131
2 65 35
2 16 276
2 75 49
2 21 91
2 25 193
2 2 194
2 71 147
2 66 285
2 63 46
2 25 24
2 44 14
2 8 53
2 14 296
2 71 176
2 54 277
2 6 290
2 45 264
2 40 253
2 9 273
2 49 98
2 87 171
2 45 27
2 90 254
2 63 25
2 47 73
2 18 222
2 83 42
2 53 292
2 69 85
3 59 7
3 80 237
3 55 242
3 30 205
3 56 77
3 64 162
3 48 138
3 47 245
3 72 293
3 29 231
3 82 70
3 18 67
3 48 58
3 66 204
3 53 96
3 81 264
3 44 97
3 33 112
3 28 265
3 24 41
3 46 271
3 73 73
3 46 260
3 46 261
3 58 170
3 57 215
3 47 284
3 89 93
3 84 173
3 26 72
3 27 159
3 6 40
3 67 72
3 46 18
3 36 272
3 13 26
3 32 155
3 16 239
3 50 112
3 19 196
3 22 11
3 54 91
3 3 223
3 28 77
3 60 253
3 7 75
3 5 248
3 45 60
3 49 28
3 5 158
3 20 109
3 72 106
3 87 152
3 36 198
3 79 289
3 39 175
3 27 143
3 44 100
3 3 81
3 67 82
3 88 237
3 28 296
3 58 141
3 50 56
3 48 82
3 38 46
3 78 208
3 74 26
3 9 13
3 88 268
3 13 256
3 32 141
3 23 178
3 82 38
3 4 121
3 31 83
3 8 186
3 42 300
3 62 91
3 11 22
3 46 140
3 61 189
3 53 261
3 48 37
3 68 175
3 56 210
3 21 189
3 26 174
3 83 269
3 58 202
3 7 132
3 26 183
3 27 129
3 47 43
3 54 88
3 24 287
3 66 51
3 78 77
3 82 205
3 14 242
3 24 174
3 17 124
3 75 62
3 56 228
3 81 144
3 24 24
3 82 37
3 9 198
3 33 162
3 68 21
3 17 52
3 47 204
3 11 44
3 84 95
3 79 160
3 46 146
3 72 236
3 68 217
3 50 30
3 4 136
3 10 98
3 52 205
3 7 133
3 49 185
3 72 144
3 12 75
3 36 92
3 15 143
3 81 279
3 77 265
3 89 213
3 31 167
3 8 77
3 18 21
3 75 219
3 20 129
3 54 104
3 89 271
3 32 175
3 8 132
3 29 213
3 44 176
3 38 224
3 82 44
3 63 82
3 74 55
4 76 165
4 59 220
4 15 208
4 43 48
4 12 38
4 32 60
4 51 180
4 17 54
4 28 208
4 63 284
4 81 73
4 67 129
4 24 35
4 6 49
4 20 99
4 13 223
4 78 71
4 74 131
4 45 124
4 73 246
4 29 75
4 73 57
4 5 114
4 61 83
4 70 112
4 41 285
4 66 181
4 65 210
4 40 246
4 57 169
4 39 249
4 38 289
4 26 212
4 16 244
4 12 207
4 86 290
4 76 108
4 12 6
4 54 224
4 71 277
4 20 227
4 88 112
4 66 17
4 16 20
4 66 63
4 14 288
4 21 213
4 69 220
4 55 163
4 29 116
4 11 190
4 9 218
4 69 13
4 21 194
4 90 226
4 35 294
4 38 202
4 20 70
4 63 251
4 15 75
4 47 276
4 79 232
4 38 52
4 40 217
4 22 207
4 79 14
4 62 88
4 32 107
4 27 168
4 20 179
4 7 34
4 20 45
4 80 252
4 31 55
4 47 260
4 35 192
4 87 10
4 62 227
4 31 210
4 82 44
4 11 6
4 13 233
4 25 75
4 16 106
4 49 299
4 30 142
4 50 148
4 75 249
4 52 222
4 22 156
4 48 87
4 38 33
4 23 137
4 81 72
4 43 109
4 85 13
4 83 139
4 19 63
4 79 57
4 29 11
4 78 9
4 51 184
4 38 282
4 80 58
4 74 202
4 72 30
4 62 243
4 44 258
4 11 43
4 11 208
4 55 70
4 46 12
4 30 255
4 68 132
4 4 264
4 79 44
4 66 81
4 32 295
4 20 128
4 78 11
4 81 74
4 47 260
4 17 118
4 27 102
4 72 271
4 22 40
4 44 79
4 19 158
4 50 150
4 67 297
4 51 150
4 13 265
4 26 218
4 11 149
4 11 237
4 86 58
4 32 124
4 53 195
4 26 154
4 89 88
4 89 42
4 33 71
4 53 151
4 40 22
4 39 6
4 50 69
4 48 40
4 65 57
4 11 36
4 74 61
4 48 289
4 82 105
4 83 291
5 87 194
5 6 129
5 84 93
5 20 154
5 56 179
5 81 49
5 62 233
5 73 204
5 76 155
5 68 290
5 64 204
5 87 193
5 9 290
5 89 188
5 25 104
5 24 292
5 88 269
5 51 297
5 36 130
5 49 100
5 60 216
5 17 56
5 42 120
5 47 92
5 32 9
5 6 101
5 24 190
5 39 272
5 87 197
5 22 23
5 26 104
5 74 289
5 30 139
5 90 280
5 62 70
5 67 156
5 69 172
5 20 270
5 44 272
5 85 61
5 88 14
5 58 28
5 74 142
5 45 230
5 69 231
5 89 108
5 16 173
5 28 237
5 74 226
5 82 291
5 85 83
5 44 175
5 40 142
5 72 71
5 27 269
5 48 14
5 76 193
5 46 95
5 12 241
5 23 224
5 24 62
5 16 249
5 64 292
5 59 95
5 46 236
5 64 209
5 43 135
5 64 251
5 90 297
5 75 260
5 48 163
5 35 161
5 14 122
5 58 71
5 45 262
5 49 244
5 47 107
5 61 159
5 89 132
5 40 205
5 87 118
5 7 257
5 35 145
5 26 165
5 82 31
5 62 282
5 63 296
5 24 259
5 39 210
5 49 290
5 36 205
5 78 248
5 31 160
5 64 132
5 12 157
5 73 225
5 85 274
5 84 158
5 82 135
5 24 247
5 34 129
5 27 11
5 39 273
5 87 159
5 39 44
5 15 15
5 10 112
5 12 287
5 44 109
5 16 253
5 75 95
5 13 274
5 36 278
5 35 163
5 85 44
5 82 190
5 26 6
5 13 139
5 52 240
5 48 134
5 39 205
5 52 241
5 89 244
6 82 160
6 52 15
6 10 92
6 47 80
6 82 184
6 68 297
6 55 154
6 89 276
6 19 111
6 50 169
6 56 178
6 53 25
6 37 297
6 35 246
6 79 134
6 40 137
6 72 180
6 64 247
6 6 169
6 29 129
6 71 231
6 88 98
6 74 173
6 29 155
6 17 209
6 50 277
6 13 96
6 32 52
6 64 150
6 21 242
6 8 152
6 61 119
6 86 89
6 30 123
6 54 16
6 71 54
6 90 51
6 55 264
6 56 299
6 22 170
6 19 144
6 31 279
6 74 44
6 80 210
6 22 9
6 14 295
6 6 59
6 52 88
6 78 202
6 39 57
6 26 82
6 39 277
6 14 63
6 23 295
6 9 96
6 90 144
6 8 158
6 20 61
6 83 79
6 71 177
6 30 42
6 6 288
6 65 240
6 56 232
6 34 33
6 82 160
6 76 289
6 53 269
6 62 48
6 32 234
6 25 115
6 43 173
6 32 248
6 39 13
6 16 185
6 43 266
6 57 43
6 21 29
6 33 251
6 80 155
6 36 225
6 63 281
6 16 82
6 51 129
6 14 216
6 66 167
6 34 142
6 43 48
6 83 96
6 17 183
6 32 133
6 40 74
6 69 222
6 32 33
6 63 292
6 82 211
6 30 257
6 54 281
6 85 293
6 36 90
6 88 39
6 44 166
6 52 230
6 30 146
6 57 141
6 39 237
6 46 11
6 6 160
6 39 144
6 28 278
6 49 93
6 8 131
6 40 266
6 74 123
6 49 226
6 62 48
6 81 258
6 89 238
6 40 288
6 26 118
6 77 177
6 55 23
6 30 53
6 20 55
6 74 296
6 17 114
6 35 78
6 59 87
6 77 112
6 86 283
7 53 220
7 19 77
7 29 284
7 89 189
7 79 25
7 20 119
7 62 70
7 45 282
7 40 131
7 28 188
7 87 7
7 46 36
7 73 163
7 29 194
7 12 224
7 68 47
7 83 87
7 14 119
7 72 175
7 17 67
7 59 239
7 52 176
7 44 162
7 11 142
7 36 296
7 74 250
7 38 251
7 53 74
7 21 80
7 86 298
7 74 235
7 25 54
7 84 95
7 21 146
7 55 130
7 54 266
7 88 237
7 89 137
7 67 275
7 12 258
7 83 118
7 15 82
7 86 263
7 20 221
7 9 242
7 37 84
7 85 201
7 62 206
7 8 154
7 56 95
7 43 167
7 48 209
7 61 64
7 85 135
7 89 63
7 16 133
7 88 52
7 82 196
7 40 238
7 19 181
7 56 123
7 19 58
7 41 289
7 30 60
7 36 196
7 33 17
7 66 84
7 51 83
7 9 101
7 58 135
7 9 298
7 54 145
7 70 84
7 14 52
7 40 212
7 81 30
7 9 105
7 12 147
7 30 275
7 64 66
7 36 133
7 34 66
7 71 222
7 10 224
7 59 64
7 37 130
7 60 158
7 19 132
7 14 279
7 87 98
7 55 123
7 52 239
7 70 203
7 68 238
7 48 150
7 50 300
7 40 247
7 8 53
7 37 108
7 69 166
7 42 260
7 44 39
7 68 103
7 41 129
7 68 152
7 55 277
7 44 283
7 39 105
7 80 9
7 49 248
7 82 195
7 25 16
7 28 136
7 52 186
7 61 179
7 48 187
7 24 84
7 83 33
7 52 115
7 87 98
7 80 199
7 12 101
7 57 123
7 68 226
8 43 242
8 24 16
8 38 267
8 50 118
8 64 104
8 9 300
8 75 275
8 8 114
8 51 185
8 39 146
8 13 280
8 80 287
8 67 186
8 79 290
8 48 231
8 35 35
8 55 64
8 51 157
8 55 55
8 38 89
8 44 229
8 29 123
8 60 97
8 62 190
8 18 15
8 11 61
8 22 96
8 72 147
8 88 267
8 34 5
8 24 217
8 50 126
8 22 297
8 80 88
8 15 108
8 88 56
8 37 42
8 43 153
8 90 60
8 27 195
8 80 106
8 88 94
8 40 280
8 88 245
8 76 255
8 20 254
8 71 246
8 13 113
8 36 159
8 61 36
8 14 238
8 59 215
8 60 282
8 50 7
8 84 276
8 32 126
8 62 285
8 67 199
8 57 80
8 17 22
8 86 208
8 78 121
8 28 129
8 57 92
8 74 162
8 21 262
8 9 99
8 25 94
8 15 96
8 80 119
8 77 36
8 31 281
8 18 214
8 15 80
8 36 204
8 15 293
8 15 42
8 54 212
8 46 125
8 18 138
8 58 180
8 53 189
8 74 181
8 67 113
8 75 79
8 39 123
8 50 65
8 9 91
8 19 276
8 14 298
8 54 127
8 35 58
8 68 217
8 11 128
8 49 227
8 33 269
8 31 219
8 57 42
8 35 282
8 49 13
8 74 50
8 55 95
8 52 159
8 86 112
8 53 70
8 10 28
8 78 274
8 86 279
8 30 216
8 27 196
8 80 101
8 35 54
8 20 11
8 31 11
8 76 296
8 89 211
8 36 35
8 40 68
8 70 177
8 51 76
8 88 299
8 28 88
8 66 206
8 17 190
8 61 244
8 61 29
8 20 287
8 49 256
8 80 260
9 67 35
9 26 271
9 89 273
9 49 7
9 70 139
9 60 5
9 17 28
9 74 246
9 77 121
9 75 69
9 44 168
9 22 286
9 84 182
9 70 150
9 88 242
9 18 128
9 45 196
9 75 198
9 30 119
9 84 215
9 51 164
9 61 254
9 87 272
9 28 177
9 50 173
9 35 186
9 84 125
9 12 80
9 36 196
9 24 72
9 47 173
9 67 86
9 61 299
9 16 30
9 16 257
9 40 114
9 28 23
9 79 135
9 16 244
9 18 291
9 25 66
9 67 46
9 75 72
9 60 40
9 11 146
9 46 231
9 43 65
9 50 233
9 51 295
9 45 53
9 16 235
9 57 122
9 30 228
9 39 218
9 89 39
9 30 283
9 48 30
9 88 50
9 20 241
9 75 144
9 23 249
9 56 237
9 26 267
9 50 17
9 81 75
9 36 297
9 78 190
9 44 268
9 51 265
9 83 18
9 10 126
9 90 130
9 70 242
9 16 162
9 34 234
9 61 299
9 48 266
9 11 226
9 74 130
9 52 112
9 26 6
9 70 52
9 70 289
9 53 50
9 33 130
9 57 41
9 86 239
9 24 37
9 89 171
9 28 224
9 62 160
9 53 258
9 77 142
9 19 300
9 16 220
9 49 182
9 72 225
9 36 124
9 76 141
9 60 112
9 80 72
9 32 226
9 30 278
9 46 258
9 33 23
9 82 196
9 10 142
9 33 95
9 19 171
9 24 270
9 27 47
9 16 286
10 20 176
10 24 114
10 11 217
10 65 235
10 18 271
10 28 49
10 65 19
10 62 115
10 45 110
10 37 73
10 60 138
10 90 71
10 33 184
10 34 160
10 32 181
10 61 260
10 31 251
10 60 112
10 59 157
10 34 147
10 13 25
10 75 101
10 85 105
10 66 278
10 59 120
10 24 67
10 27 147
10 87 222
10 46 239
10 16 162
10 19 186
10 24 240
10 57 58
10 74 37
10 59 250
10 25 5
10 50 280
10 82 99
10 63 201
10 75 257
10 18 296
10 79 241
10 61 178
10 83 181
10 40 21
10 89 116
10 68 256
10 63 50
10 71 70
10 61 148
10 50 104
10 39 144
10 63 67
10 84 262
10 31 289
10 63 14
10 80 21
10 85 134
10 19 161
10 37 219
10 40 107
10 36 222
10 69 18
10 37 246
10 88 122
10 82 164
10 37 218
10 69 134
10 28 260
10 20 99
10 86 239
10 35 178
10 40 240
10 11 225
10 23 169
10 46 285
10 89 205
10 38 72
10 11 124
10 67 14
10 25 253
10 60 110
10 88 47
10 70 275
10 25 294
10 16 148
10 42 57
10 72 246
10 45 289
10 77 279
10 28 94
10 23 170
10 12 210
10 54 44
10 76 178
10 65 164
10 63 137
10 84 48
10 16 288
10 27 231
10 49 183
10 36 263
10 75 286
10 37 17
10 37 221
10 19 192
10 39 241
10 43 153
10 16 267
10 56 218
10 34 258
10 36 63
10 84 171
10 43 90
10 44 39
10 51 39
10 32 252
10 72 187
10 81 6
10 12 132
10 38 200
10 37 102
10 34 141
10 40 94
10 41 260
10 28 130
11 90 288
11 60 153
11 28 201
11 81 41
11 52 97
11 11 285
11 12 189
11 88 29
11 17 277
11 43 227
11 40 89
11 87 16
11 51 187
11 69 192
11 44 184
11 12 222
11 76 223
11 79 105
11 30 124
11 11 42
11 26 179
11 16 297
11 12 173
11 12 268
11 69 134
11 84 20
11 50 104
11 81 180
11 83 273
11 76 138
11 73 42
11 79 249
11 27 31
11 80 46
11 67 224
11 67 77
11 13 246
11 46 71
11 63 113
11 88 183
11 76 214
11 22 284
11 71 96
11 27 28
11 36 224
11 76 73
11 45 145
11 84 138
11 82 234
11 42 81
11 73 218
11 14 209
11 52 41
11 49 144
11 83 50
11 70 206
11 24 148
11 52 296
11 41 182
11 81 213
11 33 53
11 53 241
11 11 219
11 61 186
11 72 239
11 62 14
11 68 98
11 21 165
11 70 66
11 62 246
11 58 243
11 87 128
11 19 282
11 32 105
11 31 6
11 83 21
11 46 179
11 20 22
11 45 83
11 73 250
11 11 208
11 19 66
11 38 145
11 77 136
11 36 36
11 78 277
11 88 57
11 78 143
11 27 176
11 40 274
11 61 266
11 36 216
11 18 134
11 52 261
11 61 137
11 50 106
11 44 266
11 50 287
11 67 166
11 46 158
11 53 253
11 50 198
11 88 19
11 75 168
11 15 70
11 31 125
11 64 172
11 68 84
11 59 267
11 75 118
11 81 147
11 40 68
11 30 169
11 46 209
11 83 33
11 52 259
11 31 196
11 50 27
11 75 300
11 67 201
11 84 211
11 73 141
11 64 135
11 20 152
11 78 155
11 22 270
11 80 151
12 61 222
12 60 37
12 82 168
12 66 168
12 85 229
12 55 112
12 15 284
12 61 140
12 60 43
12 31 202
12 19 236
12 52 106
12 37 173
12 36 36
12 63 224
12 65 92
12 38 239
12 28 130
12 26 244
12 27 105
12 76 56
12 45 239
12 76 177
12 16 215
12 74 150
12 22 253
12 15 230
12 20 215
12 37 24
12 19 52
12 77 257
12 80 220
12 74 53
12 83 111
12 54 73
12 68 265
12 32 253
12 83 21
12 76 64
12 53 289
12 37 184
12 27 159
12 57 111
12 21 72
12 12 19
12 13 214
12 15 127
12 71 228
12 77 167
12 44 37
12 84 113
12 62 180
12 29 207
12 28 189
12 58 174
12 34 237
12 20 239
12 38 20
12 50 142
12 27 186
12 22 118
12 36 133
12 19 140
12 64 15
12 34 209
12 71 181
12 25 269
12 41 295
12 39 276
12 33 155
12 25 241
12 45 105
12 89 7
12 71 156
12 87 5
12 47 185
12 35 22
12 80 20
12 27 41
12 47 228
12 34 89
12 89 103
12 36 24
12 23 272
12 43 296
12 53 221
12 64 229
12 66 288
12 67 165
12 83 250
12 65 79
12 67 34
12 41 53
12 41 270
12 84 54
12 78 297
12 60 222
12 68 187
12 40 103
12 86 40
12 23 249
12 35 48
12 77 115
12 46 42
12 58 99
12 51 97
12 67 170
12 23 25
12 62 184
12 48 287
12 40 288
12 51 55
12 66 108
12 72 146
12 52 124
12 53 61
12 22 167
12 50 223
12 78 283
12 17 233
12 58 182
12 78 72
12 24 97
12 37 99
12 57 211
12 14 153
12 12 43
12 88 186
12 89 135
12 25 39
13 73 90
13 66 128
13 40 193
13 62 294
13 34 60
13 66 257
13 50 61
13 15 95
13 78 140
13 62 218
13 90 143
13 59 295
13 62 135
13 21 35
13 41 116
13 82 30
13 75 148
13 32 59
13 25 56
13 64 47
13 72 287
13 84 5
13 43 86
13 42 172
13 38 39
13 59 200
13 46 270
13 85 81
13 83 244
13 21 253
13 87 79
13 23 258
13 55 153
13 45 96
13 67 118
13 61 136
13 80 113
13 47 197
13 52 225
13 84 200
13 24 285
13 65 240
13 28 183
13 16 34
13 69 81
13 63 69
13 76 54
13 47 90
13 84 53
13 59 36
13 63 268
13 52 40
13 13 121
13 40 32
13 28 38
13 86 275
13 90 264
13 14 176
13 88 180
13 14 269
13 25 148
13 59 237
13 25 66
13 27 208
13 50 59
13 73 8
13 69 278
13 40 84
13 66 291
13 57 81
13 51 214
13 47 248
13 27 158
13 38 91
13 61 220
13 69 61
13 24 264
13 15 150
13 76 255
13 57 10
13 85 81
13 85 247
13 27 74
13 39 66
13 15 49
13 23 23
13 66 265
13 57 25
13 69 65
13 58 91
13 44 170
13 75 195
13 87 125
13 20 82
13 34 94
13 76 253
13 30 110
14 31 83
14 72 218
14 46 21
14 65 294
14 40 14
14 83 61
14 59 51
14 30 125
14 88 117
14 39 117
14 64 35
14 57 33
14 72 10
14 76 98
14 83 297
14 33 57
14 74 247
14 46 135
14 26 277
14 63 21
14 61 26
14 86 251
14 35 128
14 14 212
14 44 240
14 24 239
14 83 270
14 26 42
14 47 267
14 20 118
14 66 32
14 53 135
14 55 30
14 26 214
14 56 150
14 47 180
14 20 104
14 77 171
14 77 129
14 72 129
14 52 250
14 14 139
14 53 275
14 78 12
14 48 85
14 87 126
14 37 57
14 60 98
14 18 12
14 75 199
14 14 17
14 52 23
14 52 100
14 55 299
14 84 51
14 17 113
14 72 228
14 37 9
14 24 169
14 53 198
14 84 154
14 66 161
14 56 218
14 40 90
14 30 244
14 24 37
14 69 51
14 53 128
14 50 183
14 61 215
14 59 251
14 41 106
14 65 224
14 60 72
14 76 257
14 26 134
14 24 298
14 34 180
14 72 156
14 26 123
14 33 109
14 41 193
14 22 18
14 58 280
14 23 16
14 26 241
14 86 129
14 45 155
14 19 125
14 81 15
14 57 264
14 15 100
14 65 137
14 20 258
14 23 10
14 20 214
14 63 118
14 17 167
14 29 139
14 28 216
14 40 266
14 32 229
14 34 210
14 66 210
14 25 42
14 70 173
14 85 62
14 44 102
14 71 137
14 50 222
14 69 204
14 64 158
14 48 28
14 50 112
14 82 143
14 54 258
14 39 70
14 16 95
14 53 133
15 66 166
15 55 219
15 47 96
15 18 250
15 35 182
15 48 6
15 57 230
15 88 234
15 23 276
15 90 232
15 80 290
15 37 241
15 66 18
15 59 289
15 54 181
15 40 112
15 81 217
15 69 119
15 64 90
15 32 84
15 19 180
15 53 290
15 70 28
15 88 214
15 49 244
15 52 281
15 90 269
15 39 107
15 27 87
15 56 137
15 74 276
15 45 79
15 82 270
15 38 265
15 84 221
15 61 188
15 26 255
15 57 131
15 55 175
15 85 200
15 20 56
15 75 146
15 40 158
15 70 6
15 18 225
15 67 42
15 72 150
15 70 250
15 28 283
15 18 10
15 51 23
15 90 234
15 19 68
15 71 281
15 72 101
15 52 110
15 88 183
15 24 195
15 15 245
15 74 282
15 88 236
15 19 37
15 81 103
15 46 74
15 83 104
15 28 142
15 49 251
15 58 169
15 35 201
15 21 86
15 43 211
15 49 233
15 32 226
15 24 113
15 22 268
15 72 81
15 67 193
15 18 255
15 29 5
15 84 166
15 26 78
15 26 244
15 39 71
15 66 291
15 82 274
15 40 125
15 64 77
15 65 120
15 33 49
15 29 275
15 89 76
15 46 267
15 49 153
15 57 200
15 82 30
15 17 199
15 43 57
15 52 192
15 67 95
15 64 252
15 26 89
15 84 135
15 60 156
15 30 201
15 85 200
15 70 31
15 24 276
15 70 62
15 64 286
15 90 286
15 83 239
15 42 282
15 67 151
15 47 190
15 41 203
15 52 271
15 19 105
15 39 46
15 34 62
15 21 72
15 79 80
15 30 265
16 43 121
16 48 135
16 33 125
16 70 54
16 38 112
16 79 177
16 35 163
16 90 261
16 81 17
16 62 126
16 71 5
16 25 218
16 36 211
16 52 264
16 26 259
16 71 129
16 38 269
16 84 236
16 36 215
16 39 246
16 89 39
16 35 32
16 77 98
16 51 112
16 46 199
16 35 112
16 18 247
16 72 8
16 50 169
16 80 165
16 61 128
16 90 83
16 39 170
16 77 154
16 56 97
16 34 169
16 73 145
16 73 65
16 62 263
16 82 64
16 64 196
16 86 15
16 20 150
16 20 181
16 56 55
16 27 41
16 55 236
16 45 153
16 57 123
16 53 142
16 35 119
16 88 120
16 48 168
16 16 294
16 63 70
16 60 77
16 26 247
16 47 11
16 58 7
16 59 45
16 49 135
16 36 181
16 79 199
16 55 242
16 20 162
16 80 180
16 61 270
16 36 69
16 50 165
16 24 250
16 90 135
16 72 248
16 24 111
16 80 153
16 87 109
16 26 183
16 83 103
16 37 222
16 80 119
16 60 215
16 17 8
16 57 63
16 54 58
16 53 36
16 72 260
16 87 265
16 81 265
16 69 22
16 49 158
16 50 131
16 29 254
16 53 128
16 39 261
16 47 284
16 23 124
16 17 246
16 17 32
16 81 128
16 83 75
16 41 138
16 61 69
16 84 190
16 23 14
16 59 170
16 33 297
16 63 273
16 34 12
17 53 174
17 26 14
17 32 277
17 26 119
17 79 276
17 68 136
17 25 64
17 28 152
17 40 222
17 72 53
17 47 80
17 87 126
17 52 187
17 46 295
17 90 286
17 80 193
17 17 69
17 19 23
17 86 115
17 31 43
17 36 193
17 36 233
17 59 25
17 72 125
17 76 108
17 89 9
17 64 58
17 87 168
17 65 36
17 42 209
17 83 92
17 71 103
17 67 187
17 77 199
17 67 193
17 46 77
17 24 14
17 78 213
17 23 195
17 77 211
17 76 294
17 40 244
17 68 127
17 51 54
17 71 22
17 59 121
17 30 95
17 82 260
17 69 112
17 62 85
17 62 143
17 24 90
17 60 104
17 88 239
17 57 66
17 86 145
17 84 60
17 86 186
17 37 35
17 46 114
17 52 288
17 47 266
17 86 95
17 51 218
17 62 84
17 21 285
17 55 229
17 58 264
17 88 182
17 75 95
17 19 161
17 58 182
17 47 196
17 57 113
17 34 257
17 30 58
17 80 222
17 21 274
17 26 202
17 73 85
17 49 105
17 23 130
17 23 300
17 64 192
17 37 200
17 40 211
17 84 69
17 36 243
17 65 133
17 77 38
17 53 193
17 53 294
17 39 48
17 33 210
17 64 137
17 29 258
17 29 26
17 52 113
17 67 155
17 64 199
17 21 30
17 74 81
17 66 196
17 79 75
17 28 170
17 54 118
17 71 85
17 82 146
17 47 192
17 79 191
17 39 210
17 77 210
17 83 22
17 50 8
17 46 59
17 75 68
17 54 200
17 64 169
17 53 204
18 21 297
18 75 136
18 70 49
18 46 79
18 81 199
18 86 298
18 64 143
18 77 120
18 52 238
18 85 280
18 40 227
18 72 100
18 24 223
18 58 242
18 19 198
18 59 248
18 50 231
18 86 14
18 42 267
18 35 153
18 21 179
18 50 177
18 89 248
18 19 290
18 47 255
18 46 209
18 54 206
18 88 70
18 73 68
18 77 193
18 38 130
18 74 30
18 36 165
18 88 181
18 80 210
18 63 144
18 64 137
18 60 249
18 35 214
18 52 294
18 30 213
18 80 272
18 84 249
18 83 261
18 47 186
18 29 295
18 37 39
18 22 124
18 31 102
18 56 141
18 77 152
18 34 127
18 85 240
18 70 263
18 71 255
18 59 291
18 32 150
18 34 88
18 32 170
18 43 195
18 35 47
18 88 266
18 40 248
18 29 20
18 21 76
18 73 287
18 61 233
18 67 254
18 29 282
18 56 120
18 44 46
18 56 217
18 87 83
18 50 176
18 51 298
18 87 34
18 73 260
18 69 268
18 49 276
18 27 254
18 47 48
18 30 106
18 87 194
18 54 129
18 38 162
18 40 271
18 57 238
18 40 249
18 64 257
18 43 193
18 26 271
18 29 135
18 49 128
18 80 229
18 87 227
18 26 234
18 38 98
18 71 16
18 74 98
18 26 92
18 59 99
18 85 141
18 36 237
18 53 88
18 75 214
18 76 83
18 71 250
18 34 45
18 88 229
18 79 141
19 48 208
19 41 261
19 88 41
19 55 266
19 89 72
19 51 11
19 62 278
19 40 107
19 67 32
19 87 213
19 65 22
19 35 63
19 42 278
19 61 177
19 29 91
19 20 71
19 57 189
19 32 264
19 40 155
19 70 288
19 56 213
19 71 248
19 78 177
19 54 5
19 26 173
19 76 31
19 83 36
19 88 71
19 43 135
19 38 154
19 51 142
19 54 182
19 76 102
19 85 75
19 83 207
19 78 28
19 83 56
19 26 274
19 74 157
19 25 156
19 73 114
19 35 62
19 81 246
19 61 94
19 31 269
19 87 204
19 36 20
19 83 73
19 54 293
19 74 69
19 22 281
19 56 227
19 53 246
19 37 183
19 72 144
19 33 277
19 38 81
19 68 123
19 39 108
19 58 130
19 83 227
19 89 206
19 68 120
19 46 37
19 36 210
19 69 212
19 46 170
19 82 10
19 84 247
19 28 10
19 71 245
19 32 13
19 74 196
19 76 247
19 40 76
19 73 161
19 47 108
19 77 27
19 37 165
19 50 177
19 65 150
19 82 270
19 47 294
19 24 208
19 36 259
19 71 216
19 42 71
19 87 76
19 60 187
19 68 65
19 65 99
19 50 86
19 87 21
19 30 165
19 64 67
19 82 283
19 29 185
19 89 217
19 74 31
19 85 5
19 30 285
19 73 79
19 71 137
19 51 134
19 65 250
19 31 16
19 88 291
19 61 239
19 41 65
19 57 89
19 37 155
19 80 198
19 27 80
19 84 49
19 47 20
19 31 226
19 42 84
19 49 141
19 31 230
19 63 167
19 63 69
19 81 224
20 76 286
20 56 203
20 53 149
20 30 113
20 88 224
20 26 67
20 66 275
20 52 101
20 24 236
20 36 123
20 80 247
20 58 82
20 76 5
20 87 158
20 75 151
20 32 134
20 90 190
20 61 29
20 70 269
20 51 180
20 45 139
20 53 36
20 67 282
20 43 270
20 33 283
20 76 178
20 89 164
20 55 218
20 48 254
20 89 38
20 30 291
20 71 15
20 72 119
20 27 299
20 44 50
20 61 182
20 69 119
20 62 106
20 41 56
20 75 215
20 64 230
20 37 246
20 36 287
20 89 248
20 26 117
20 27 295
20 31 150
20 82 284
20 68 6
20 74 94
20 33 129
20 72 213
20 51 280
20 65 56
20 24 134
20 39 240
20 88 246
20 51 231
20 54 70
20 24 88
20 29 217
20 86 264
20 35 8
20 47 224
20 56 123
20 63 215
20 24 24
20 87 20
20 62 89
20 40 82
20 45 218
20 63 200
20 73 158
20 59 76
20 22 217
20 55 209
20 64 105
20 43 15
20 82 291
20 50 210
20 59 47
20 38 112
20 70 70
20 38 42
20 53 285
20 47 124
20 89 74
20 89 142
20 71 129
20 54 106
20 85 206
20 67 91
20 60 280
20 21 54
20 55 14
20 33 44
20 66 249
20 43 230
20 24 253
20 75 118
20 57 124
20 81 197
20 39 153
20 88 107
21 84 48
21 59 133
21 87 127
21 64 256
21 46 147
21 61 24
21 46 262
21 89 95
21 71 39
21 83 259
21 65 78
21 71 9
21 78 94
21 39 54
21 84 108
21 30 299
21 26 202
21 61 202
21 61 225
21 24 101
21 44 256
21 38 150
21 73 113
21 22 85
21 84 51
21 29 173
21 85 18
21 22 24
21 32 189
21 69 283
21 38 76
21 59 179
21 49 119
21 75 226
21 34 296
21 87 45
21 89 243
21 22 167
21 56 195
21 40 219
21 52 67
21 70 281
21 34 177
21 67 288
21 59 237
21 53 257
21 83 239
21 68 297
21 78 229
21 53 194
21 29 88
21 24 294
21 76 62
21 31 233
21 24 168
21 74 37
21 47 22
21 65 279
21 71 125
21 56 198
21 56 244
21 32 90
21 58 39
21 31 281
21 27 139
21 78 110
21 57 124
21 40 137
21 66 62
21 69 220
21 64 45
21 52 149
21 59 233
21 39 64
21 72 183
21 69 40
21 90 195
21 43 162
21 60 51
21 90 171
21 32 210
21 77 68
21 86 5
21 47 15
21 68 63
21 65 207
21 73 274
21 82 107
21 72 40
21 31 215
21 50 105
21 69 293
21 55 270
21 70 126
21 36 92
21 55 176
21 89 145
21 85 161
21 61 60
21 76 226
21 52 178
21 37 106
21 82 82
21 53 268
21 47 142
22 50 66
22 40 247
22 48 274
22 30 169
22 77 274
22 86 229
22 86 180
22 38 7
22 51 250
22 84 218
22 73 247
22 42 63
22 31 254
22 83 112
22 79 256
22 50 274
22 79 235
22 33 150
22 75 139
22 88 98
22 42 206
22 28 11
22 36 191
22 89 11
22 73 181
22 39 148
22 22 135
22 26 219
22 30 76
22 50 248
22 28 126
22 88 195
22 47 218
22 89 79
22 58 51
22 71 289
22 25 211
22 31 60
22 50 50
22 82 91
22 76 97
22 84 34
22 80 150
22 33 97
22 41 216
22 59 131
22 43 260
22 50 81
22 90 187
22 33 14
22 71 58
22 28 103
22 58 46
22 44 12
22 27 225
22 43 111
22 88 253
22 89 159
22 89 252
22 85 238
22 74 153
22 50 217
22 62 100
22 48 123
22 76 164
22 59 87
22 61 114
22 32 148
22 27 298
22 54 299
22 54 162
22 85 179
22 59 24
22 84 32
22 47 107
22 39 216
22 77 151
22 66 132
22 44 296
22 62 148
22 56 299
22 29 44
22 43 113
22 70 96
22 52 259
22 59 94
22 52 175
22 50 258
22 82 286
22 86 44
22 45 154
22 53 210
22 28 291
22 45 243
22 80 42
22 35 28
22 36 99
22 58 300
22 28 11
22 36 151
22 79 260
22 78 250
22 71 116
22 55 213
22 38 66
22 36 70
23 81 146
23 79 156
23 30 21
23 60 79
23 64 211
23 77 169
23 88 24
23 31 149
23 42 147
23 28 81
23 30 254
23 88 203
23 51 20
23 66 277
23 75 285
23 67 35
23 42 182
23 83 8
23 75 22
23 54 279
23 66 229
23 66 158
23 89 165
23 84 247
23 82 12
23 67 250
23 74 146
23 68 175
23 53 263
23 34 57
23 64 289
23 38 287
23 50 263
23 27 139
23 65 15
23 26 286
23 51 276
23 48 287
23 46 9
23 80 274
23 46 87
23 26 82
23 28 113
23 35 214
23 66 37
23 88 195
23 50 193
23 45 156
23 55 251
23 55 224
23 34 113
23 35 81
23 44 126
23 71 270
23 67 49
23 39 275
23 88 197
23 38 213
23 31 279
23 54 291
23 90 87
23 85 110
23 90 167
23 36 166
23 51 138
23 39 226
23 86 12
23 61 9
23 55 28
23 28 145
23 60 275
23 35 255
23 85 19
23 82 56
23 48 229
23 32 254
23 67 162
23 47 34
23 61 292
23 69 152
23 47 249
23 87 101
23 42 83
23 53 253
23 33 99
23 53 121
23 59 140
23 61 9
23 85 72
23 33 294
23 41 66
23 32 80
23 50 134
23 75 151
23 49 141
23 59 288
23 86 23
23 34 145
23 69 122
23 55 9
23 83 11
23 67 44
23 74 91
24 51 182
24 34 181
24 50 203
24 80 152
24 51 29
24 28 80
24 27 15
24 86 186
24 57 82
24 84 281
24 42 27
24 80 131
24 42 85
24 31 129
24 86 109
24 43 34
24 27 144
24 67 287
24 85 242
24 45 78
24 58 121
24 28 47
24 67 280
24 51 135
24 82 208
24 41 288
24 42 221
24 51 151
24 54 275
24 89 277
24 43 65
24 72 273
24 70 172
24 49 34
24 53 289
24 45 236
24 56 75
24 54 105
24 47 52
24 77 48
24 81 127
24 78 291
24 36 199
24 51 104
24 45 187
24 33 222
24 72 253
24 66 151
24 69 77
24 62 48
24 28 49
24 33 77
24 31 139
24 46 298
24 60 96
24 58 295
24 37 107
24 49 228
24 45 90
24 76 275
24 50 15
24 66 96
24 89 45
24 44 229
24 27 257
24 75 16
24 27 41
24 71 145
24 90 89
24 31 273
24 26 160
24 43 157
24 81 218
24 43 219
24 30 186
24 63 47
24 48 80
24 90 192
24 43 146
24 88 158
24 42 119
24 84 298
24 25 110
24 84 35
24 65 227
24 74 78
24 31 200
24 83 107
24 79 39
24 45 233
24 41 147
24 43 56
24 77 212
24 35 213
24 82 296
24 25 13
24 82 34
24 50 187
24 25 113
24 31 131
24 83 234
24 73 88
24 89 300
24 46 225
24 61 61
24 89 53
25 56 253
25 26 27
25 35 81
25 77 117
25 89 210
25 48 247
25 78 252
25 42 297
25 32 90
25 55 206
25 28 136
25 28 135
25 78 260
25 73 228
25 76 269
25 73 139
25 89 216
25 65 229
25 62 218
25 84 286
25 44 187
25 58 237
25 27 30
25 41 239
25 27 273
25 88 39
25 28 47
25 38 46
25 47 102
25 90 241
25 70 191
25 31 242
25 71 236
25 38 133
25 51 193
25 43 211
25 27 19
25 70 169
25 72 40
25 77 179
25 65 165
25 79 263
25 65 103
25 60 84
25 30 195
25 69 138
25 61 120
25 78 15
25 70 26
25 31 32
25 51 84
25 29 284
25 71 147
25 50 217
25 84 126
25 83 38
25 64 268
25 74 71
25 59 89
25 27 20
25 86 191
25 57 11
25 28 31
25 57 65
25 73 263
25 68 288
25 50 193
25 44 300
25 58 83
25 37 236
25 29 263
25 49 220
25 87 118
25 40 294
25 88 229
25 44 110
25 79 294
25 39 101
25 32 70
25 80 261
25 34 264
25 73 137
25 28 129
25 62 236
25 59 232
25 38 11
25 26 66
25 88 161
25 73 289
25 69 75
26 90 114
26 31 228
26 62 94
26 61 226
26 52 134
26 46 299
26 72 145
26 28 88
26 39 148
26 41 19
26 74 243
26 46 166
26 88 284
26 77 289
26 69 55
26 88 276
26 51 51
26 50 117
26 40 196
26 69 200
26 37 129
26 79 245
26 78 284
26 81 246
26 59 102
26 73 122
26 34 101
26 76 237
26 38 290
26 80 28
26 63 126
26 67 275
26 78 140
26 51 138
26 33 176
26 84 214
26 67 80
26 72 182
26 66 184
26 63 220
26 29 109
26 59 82
26 83 175
26 64 216
26 38 12
26 45 24
26 68 242
26 46 33
26 88 13
26 62 184
26 70 5
26 76 185
26 33 103
26 70 37
26 84 59
26 83 218
26 29 255
26 57 6
26 33 286
26 62 86
26 50 153
26 68 257
26 58 229
26 31 64
26 36 201
26 86 105
26 40 134
26 73 255
26 90 141
26 88 171
26 34 106
26 72 153
26 83 28
26 59 290
26 49 81
26 78 177
26 87 219
26 29 254
26 69 107
26 86 79
26 56 70
26 75 133
26 54 164
26 30 103
26 61 117
26 82 244
26 30 121
26 38 72
26 84 201
26 62 50
26 66 118
26 70 175
26 82 247
26 50 158
26 28 222
26 26 100
26 89 157
26 35 43
26 37 32
26 39 281
26 39 17
26 66 49
27 31 13
27 50 196
27 38 274
27 77 219
27 78 133
27 84 56
27 72 146
27 36 171
27 90 257
27 81 88
27 83 292
27 72 59
27 82 73
27 59 280
27 77 101
27 38 155
27 62 279
27 36 176
27 50 112
27 35 202
27 40 163
27 34 164
27 74 91
27 85 7
27 40 212
27 67 90
27 68 103
27 90 99
27 79 39
27 80 169
27 58 134
27 41 199
27 36 103
27 51 62
27 28 84
27 63 298
27 62 97
27 56 151
27 40 8
27 39 255
27 70 126
27 43 179
27 68 47
27 70 274
27 41 155
27 65 6
27 31 131
27 82 140
27 46 214
27 87 77
27 84 264
27 29 64
27 51 138
27 55 253
27 50 163
27 28 148
27 69 260
27 81 53
27 88 83
27 62 43
27 89 130
27 51 199
27 88 87
27 69 97
27 83 277
27 67 186
27 68 63
27 87 163
27 70 175
27 31 219
27 39 282
27 34 33
27 68 149
27 80 17
27 58 20
27 89 15
27 63 207
27 51 259
27 56 180
27 67 140
27 81 257
27 32 34
27 78 233
27 33 202
27 50 154
27 28 127
27 78 263
28 78 282
28 71 74
28 60 127
28 72 82
28 54 213
28 41 75
28 54 65
28 38 263
28 49 57
28 43 36
28 56 201
28 88 149
28 76 102
28 56 265
28 57 149
28 30 169
28 39 12
28 76 7
28 35 55
28 77 133
28 72 94
28 41 265
28 76 235
28 44 18
28 59 217
28 53 140
28 76 163
28 89 214
28 68 179
28 70 20
28 53 5
28 32 277
28 82 286
28 56 224
28 42 205
28 68 174
28 38 266
28 59 25
28 55 135
28 62 41
28 35 204
28 90 201
28 45 195
28 75 102
28 52 49
28 63 66
28 79 210
28 59 147
28 87 163
28 48 274
28 79 172
28 48 170
28 57 69
28 45 47
28 42 167
28 77 71
28 40 80
28 59 298
28 38 149
28 59 76
28 45 66
28 68 247
28 62 204
28 43 187
28 31 237
28 61 14
28 68 196
28 31 113
28 56 83
28 63 167
28 68 102
28 71 131
28 34 74
28 65 80
28 68 26
28 55 294
28 89 169
28 73 273
28 86 60
28 89 145
28 58 55
28 61 13
28 52 198
28 80 285
28 69 14
28 82 59
28 86 159
28 55 288
28 67 238
28 72 97
28 69 177
28 74 110
28 74 162
28 43 162
28 72 7
28 42 170
29 80 100
29 90 57
29 34 199
29 54 177
29 59 283
29 36 199
29 59 89
29 89 81
29 69 232
29 48 106
29 65 216
29 52 291
29 53 81
29 43 147
29 79 133
29 37 249
29 40 163
29 86 234
29 86 209
29 75 178
29 30 285
29 57 242
29 82 52
29 66 154
29 35 86
29 82 142
29 44 138
29 70 159
29 66 165
29 32 298
29 43 75
29 64 126
29 87 189
29 64 216
29 71 52
29 49 65
29 89 283
29 51 300
29 83 254
29 57 8
29 37 94
29 52 182
29 29 254
29 90 68
29 87 240
29 73 200
29 73 87
29 80 285
29 61 242
29 65 200
29 51 234
29 32 154
29 73 8
29 31 286
29 50 202
29 30 296
29 70 272
29 76 169
29 51 13
29 70 36
29 51 118
29 60 93
29 41 139
29 34 251
29 37 180
29 30 201
29 32 195
29 81 92
29 63 106
29 44 225
29 54 106
29 49 249
29 30 169
29 69 136
29 79 238
29 40 70
29 54 104
29 69 120
29 76 156
29 70 166
29 45 116
29 49 222
29 66 139
29 89 259
29 43 192
29 54 274
29 36 17
29 36 231
30 46 44
30 74 137
30 38 22
30 60 6
30 66 166
30 51 246
30 57 14
30 57 64
30 58 60
30 88 196
30 89 26
30 43 287
30 46 74
30 62 125
30 43 69
30 78 48
30 88 249
30 35 190
30 78 226
30 81 284
30 89 256
30 86 115
30 87 79
30 76 172
30 54 46
30 35 45
30 42 285
30 70 28
30 31 274
30 46 166
30 76 182
30 70 123
30 35 71
30 45 260
30 64 128
30 84 73
30 90 41
30 45 35
30 65 88
30 35 176
30 73 97
30 49 206
30 46 212
30 86 10
30 76 203
30 87 275
30 45 83
30 74 155
30 67 204
30 89 282
30 40 64
30 62 28
30 52 35
30 65 150
30 36 245
30 72 266
30 69 37
30 66 163
30 42 137
30 32 127
30 55 174
30 61 173
30 80 18
30 75 90
30 82 279
30 44 266
30 75 181
30 66 185
30 61 15
30 34 184
30 73 50
30 33 208
30 65 188
30 52 150
30 31 119
30 32 275
30 60 277
30 34 42
30 42 20
30 65 150
30 49 223
30 31 262
30 65 139
30 48 96
30 69 43
30 45 178
30 54 182
30 81 98
30 54 192
30 59 116
30 78 63
30 85 138
30 87 84
30 33 80
30 72 156
30 37 52
30 67 217
31 67 215
31 36 64
31 79 246
31 63 298
31 47 15
31 76 31
31 59 120
31 42 93
31 44 271
31 88 210
31 51 275
31 76 94
31 68 269
31 61 143
31 33 184
31 46 178
31 36 75
31 80 163
31 86 212
31 86 241
31 61 242
31 70 281
31 52 259
31 57 159
31 56 46
31 72 52
31 53 125
31 42 285
31 36 30
31 48 180
31 58 118
31 85 34
31 43 207
31 52 75
31 44 216
31 36 89
31 70 129
31 44 66
31 82 207
31 41 191
31 40 63
31 80 238
31 50 256
31 70 152
31 54 215
31 71 29
31 77 60
31 75 209
31 86 282
31 55 229
31 39 30
31 56 265
31 37 272
31 54 255
31 83 216
31 74 151
31 76 47
31 81 14
31 52 182
31 66 113
31 41 254
31 32 156
31 38 85
31 42 235
31 52 42
31 79 136
31 79 219
31 53 282
31 62 48
31 64 261
31 49 123
31 60 296
31 77 105
31 50 58
31 54 207
31 86 71
31 81 124
31 51 157
31 77 149
31 71 273
31 35 206
31 44 20
31 33 240
31 49 167
32 90 258
32 39 109
32 34 146
32 42 73
32 47 281
32 86 104
32 53 155
32 53 298
32 36 76
32 34 143
32 90 231
32 77 76
32 85 174
32 32 189
32 68 158
32 38 206
32 64 7
32 67 159
32 77 110
32 54 211
32 60 71
32 38 151
32 81 228
32 72 204
32 53 195
32 38 46
32 82 257
32 53 58
32 70 44
32 47 51
32 84 22
32 44 258
32 64 75
32 71 225
32 40 38
32 60 88
32 89 227
32 79 33
32 57 180
32 46 231
32 81 113
32 42 41
32 65 182
32 88 25
32 72 96
32 70 130
32 64 51
32 56 85
32 69 85
32 55 179
32 72 253
32 57 83
32 65 95
32 37 240
32 70 218
32 82 217
32 64 65
32 62 214
32 41 157
32 86 10
32 57 134
32 64 205
32 56 158
32 83 204
32 38 231
32 75 62
32 67 79
32 81 293
32 57 231
32 58 180
32 61 210
32 44 120
32 52 260
32 50 101
32 87 279
32 34 209
32 78 52
32 38 226
32 83 11
32 85 49
32 76 79
32 50 116
32 68 124
32 34 192
32 54 179
32 70 278
32 52 265
32 61 37
32 39 202
32 46 229
32 82 186
32 37 44
32 48 133
32 87 256
32 85 244
32 68 294
32 66 209
32 47 158
32 88 122
33 81 174
33 54 255
33 80 117
33 61 184
33 75 161
33 47 195
33 61 129
33 37 126
33 78 272
33 50 147
33 35 206
33 75 54
33 64 290
33 50 12
33 45 89
33 86 268
33 51 165
33 69 79
33 41 40
33 48 227
33 65 44
33 79 24
33 69 108
33 60 194
33 82 41
33 34 172
33 55 19
33 48 45
33 47 210
33 73 265
33 75 137
33 46 121
33 38 205
33 43 73
33 33 222
33 90 209
33 81 233
33 35 230
33 39 286
33 72 57
33 71 141
33 42 129
33 85 184
33 78 91
33 63 276
33 33 226
33 72 110
33 63 36
33 45 190
33 36 224
33 81 92
33 84 117
33 59 130
33 65 266
33 77 55
33 42 76
33 73 182
33 89 197
33 84 164
33 60 26
33 85 166
33 58 69
33 37 293
33 38 126
33 41 70
33 84 216
33 36 300
33 81 187
33 71 296
33 58 217
33 72 96
33 60 228
33 80 90
33 35 260
33 63 115
33 33 106
33 48 24
33 78 38
33 35 33
33 81 237
33 80 155
33 82 98
33 60 47
33 62 182
33 40 206
33 81 270
33 41 237
33 38 299
33 89 27
33 54 164
34 78 155
34 88 151
34 66 87
34 62 147
34 77 203
34 77 180
34 67 181
34 47 84
34 76 40
34 46 172
34 88 151
34 69 31
34 43 146
34 55 41
34 60 214
34 88 191
34 89 166
34 60 152
34 65 198
34 84 38
34 81 38
34 75 144
34 43 286
34 68 55
34 67 57
34 73 152
34 68 71
34 48 122
34 58 46
34 62 11
34 71 95
34 84 280
34 63 186
34 75 121
34 77 278
34 90 186
34 75 142
34 62 42
34 48 295
34 66 47
34 77 257
34 89 281
34 42 210
34 90 142
34 57 233
34 57 91
34 53 271
34 78 34
34 57 105
34 67 123
34 50 230
34 40 298
34 51 210
34 82 175
34 59 75
34 90 27
34 53 285
34 87 217
34 78 169
34 66 98
34 57 31
34 65 240
34 61 111
34 65 87
34 54 28
34 49 246
34 88 249
34 66 10
34 69 139
34 84 59
34 69 17
34 85 175
34 56 165
34 89 217
34 74 243
34 61 220
34 41 276
34 71 65
34 44 118
34 72 164
34 46 283
34 71 26
34 47 98
34 66 185
34 74 270
34 52 13
34 77 164
34 43 33
34 56 165
34 43 226
34 78 88
34 49 195
34 47 188
34 77 168
34 75 58
34 67 226
34 49 187
34 73 19
34 41 270
34 39 207
35 37 40
35 81 250
35 52 86
35 67 269
35 83 274
35 44 62
35 82 151
35 57 244
35 60 35
35 61 217
35 56 175
35 43 137
35 81 271
35 66 253
35 45 121
35 36 33
35 41 110
35 74 143
35 46 223
35 57 197
35 71 212
35 78 77
35 37 254
35 36 238
35 77 137
35 79 204
35 81 42
35 76 286
35 61 222
35 40 83
35 49 279
35 75 14
35 56 44
35 82 207
35 35 106
35 65 215
35 52 222
35 53 265
35 36 227
35 59 297
35 75 297
35 44 149
35 80 195
35 37 251
35 78 86
35 51 113
35 56 57
35 40 97
35 78 50
35 61 234
35 67 149
35 87 272
35 89 185
35 53 7
35 52 15
35 44 249
35 59 142
35 65 41
35 56 172
35 90 259
35 76 152
35 79 169
35 84 193
35 61 128
35 71 242
35 44 289
35 90 102
35 45 138
35 61 182
35 65 239
35 60 233
35 53 125
35 41 10
35 63 235
35 41 231
35 82 73
35 64 129
35 67 271
35 88 110
35 87 105
35 36 131
35 62 103
35 49 85
35 53 72
35 52 216
35 46 139
35 49 92
35 70 70
35 35 62
35 58 185
35 56 264
35 43 186
35 71 44
35 90 9
36 55 164
36 85 165
36 51 87
36 39 255
36 57 86
36 51 251
36 82 27
36 40 294
36 72 275
36 56 7
36 46 126
36 56 104
36 73 86
36 67 297
36 65 70
36 44 194
36 57 187
36 38 50
36 44 289
36 74 137
36 64 282
36 62 256
36 80 29
36 53 262
36 69 237
36 79 45
36 47 178
36 62 207
36 42 256
36 82 272
36 49 94
36 69 289
36 47 46
36 77 235
36 53 214
36 83 54
36 85 96
36 47 17
36 85 97
36 48 142
36 54 88
36 72 74
36 78 276
36 69 75
36 77 90
36 56 46
36 81 124
36 40 29
36 56 9
36 76 291
36 84 56
36 75 35
36 67 271
36 46 188
36 76 221
36 63 225
36 81 198
36 88 246
36 74 52
36 87 129
36 78 39
36 88 204
36 87 144
36 72 125
36 64 194
36 40 122
36 64 89
36 83 148
36 49 142
36 57 107
36 67 31
36 51 239
36 60 167
36 83 171
36 62 276
36 44 238
36 63 127
37 68 37
37 42 83
37 69 169
37 85 154
37 63 223
37 65 182
37 37 300
37 85 269
37 57 221
37 37 197
37 84 67
37 89 211
37 46 39
37 72 97
37 57 42
37 56 29
37 76 188
37 67 153
37 85 38
37 43 121
37 53 266
37 55 77
37 73 149
37 56 247
37 61 131
37 87 186
37 53 240
37 79 251
37 55 297
37 60 186
37 65 12
37 57 116
37 42 224
37 90 209
37 40 262
37 90 300
37 49 85
37 48 255
37 44 253
37 58 137
37 69 150
37 79 224
37 60 230
37 55 217
37 38 77
37 79 190
37 67 183
37 85 220
37 83 212
37 74 253
37 78 40
37 72 5
37 60 129
37 43 189
37 85 76
37 65 152
37 78 238
37 42 33
37 86 227
37 79 59
37 43 76
37 57 253
37 57 24
37 75 33
37 86 43
37 44 146
37 52 182
37 48 12
37 81 198
37 72 133
37 46 36
37 41 100
37 66 51
37 52 43
37 78 120
37 64 63
37 59 96
37 77 150
37 68 233
38 78 114
38 51 150
38 44 72
38 39 178
38 56 121
38 90 23
38 64 266
38 53 243
38 48 225
38 90 108
38 66 291
38 81 195
38 90 36
38 76 152
38 75 7
38 86 156
38 54 220
38 52 123
38 69 76
38 66 108
38 50 260
38 83 259
38 44 215
38 71 23
38 70 85
38 72 63
38 66 206
38 67 175
38 43 173
38 42 78
38 86 249
38 72 278
38 77 45
38 75 145
38 85 179
38 43 44
38 42 8
38 50 10
38 39 208
38 89 7
38 71 134
38 62 155
38 56 21
38 78 287
38 55 52
38 74 141
38 61 122
38 84 24
38 71 108
38 43 211
38 50 291
38 62 7
38 41 179
38 72 300
38 62 212
38 53 69
38 63 42
38 55 141
38 61 182
38 82 30
38 74 95
38 40 12
38 43 220
38 44 128
38 76 142
38 88 213
38 55 150
38 44 162
38 55 42
38 89 118
38 73 21
38 38 189
38 42 136
38 71 196
38 61 134
38 58 224
38 49 19
38 90 181
38 56 163
38 70 112
38 47 293
38 70 251
38 85 74
38 81 264
38 47 183
38 51 52
38 47 249
38 90 21
38 68 84
38 77 298
39 53 70
39 76 96
39 83 179
39 83 269
39 86 122
39 74 267
39 84 9
39 66 129
39 84 162
39 78 113
39 76 296
39 61 110
39 43 282
39 58 286
39 67 58
39 63 259
39 42 264
39 67 153
39 82 252
39 47 152
39 47 296
39 75 295
39 44 97
39 76 69
39 48 213
39 44 194
39 73 279
39 42 80
39 73 256
39 57 22
39 57 242
39 57 215
39 57 9
39 52 162
39 84 75
39 55 174
39 90 81
39 84 180
39 66 233
39 88 148
39 66 287
39 47 79
39 70 217
39 69 22
39 50 279
39 68 124
39 63 233
39 45 50
39 76 212
39 50 221
39 46 139
39 66 157
39 66 171
39 59 132
39 84 68
39 47 226
39 64 7
39 59 118
39 46 217
39 79 77
39 79 271
39 72 262
39 63 152
39 83 21
39 54 243
39 74 44
39 86 127
39 74 91
39 73 42
39 85 291
39 47 209
39 84 82
39 56 103
39 85 145
39 79 182
39 71 261
39 52 8
39 63 94
39 64 151
39 41 45
39 80 98
39 41 69
39 55 9
39 87 157
39 55 266
39 40 178
39 56 148
39 58 195
39 49 272
39 77 165
39 45 257
39 88 5
39 59 195
39 45 61
39 55 243
39 65 126
39 67 87
40 80 265
40 44 122
40 55 41
40 71 299
40 71 270
40 79 20
40 46 49
40 49 16
40 65 28
40 77 53
40 72 128
40 80 13
40 62 277
40 59 221
40 77 124
40 66 54
40 68 172
40 70 81
40 52 286
40 63 84
40 80 57
40 79 120
40 77 62
40 79 219
40 63 148
40 42 260
40 58 115
40 82 48
40 67 44
40 71 106
40 47 135
40 49 141
40 80 136
40 47 260
40 81 218
40 53 213
40 86 270
40 62 22
40 85 238
40 41 58
40 87 251
40 44 280
40 58 246
40 65 231
40 51 289
40 86 55
40 56 135
40 82 33
40 61 57
40 69 58
40 66 25
40 58 36
40 74 174
40 45 132
40 45 240
40 43 157
40 47 296
40 42 179
40 68 292
40 81 70
40 68 186
40 49 237
40 82 223
40 88 150
40 65 187
40 68 110
40 87 28
40 50 271
40 66 230
40 44 112
40 44 260
41 46 43
41 47 35
41 60 274
41 43 178
41 47 232
41 44 287
41 54 212
41 76 56
41 66 118
41 69 240
41 75 238
41 88 171
41 58 166
41 58 39
41 64 69
41 82 85
41 67 17
41 48 174
41 45 16
41 63 51
41 74 158
41 80 126
41 60 253
41 44 162
41 77 190
41 45 215
41 79 195
41 53 225
41 70 237
41 65 300
41 43 92
41 42 288
41 46 108
41 78 154
41 88 286
41 53 216
41 65 79
41 48 101
41 50 199
41 81 28
41 75 96
41 85 268
41 80 130
41 50 274
41 80 45
41 89 99
41 43 24
41 62 292
41 49 170
41 68 216
41 59 8
41 42 292
41 55 200
41 50 47
41 66 77
41 90 242
41 63 118
41 80 100
41 89 279
41 75 277
41 47 80
41 45 59
41 60 110
41 84 70
41 66 240
41 89 160
41 62 52
41 47 69
41 79 243
41 57 119
41 78 8
41 41 62
41 46 232
41 41 88
41 51 287
41 79 32
41 57 34
41 61 9
41 44 297
41 60 233
41 88 177
41 72 206
41 42 197
41 47 135
41 62 188
41 58 18
41 45 270
41 44 152
42 71 292
42 87 295
42 84 114
42 55 203
42 87 299
42 66 96
42 49 9
42 80 53
42 77 44
42 79 19
42 68 263
42 47 116
42 56 232
42 65 213
42 90 63
42 43 46
42 50 77
42 69 257
42 88 294
42 64 162
42 49 57
42 60 179
42 58 260
42 45 245
42 43 243
42 71 279
42 57 53
42 57 280
42 88 164
42 87 23
42 49 150
42 51 51
42 74 213
42 51 285
42 74 166
42 83 100
42 53 104
42 80 218
42 46 224
42 51 156
42 79 199
42 45 28
42 70 208
42 75 175
42 85 127
42 71 160
42 60 75
42 82 179
42 44 227
42 84 199
42 60 292
42 44 187
42 84 254
42 63 207
42 71 5
42 61 8
42 85 279
42 51 60
42 51 103
42 48 265
42 85 122
42 82 260
42 59 14
42 79 46
42 79 259
42 48 13
42 59 74
42 62 272
42 82 117
42 59 205
42 62 22
42 49 191
42 60 291
43 67 220
43 52 251
43 62 140
43 78 24
43 78 89
43 81 167
43 55 140
43 54 259
43 63 39
43 49 240
43 85 192
43 45 269
43 65 288
43 58 113
43 45 277
43 61 127
43 64 145
43 78 184
43 71 230
43 64 185
43 49 142
43 60 55
43 74 43
43 73 90
43 87 189
43 63 43
43 56 148
43 83 186
43 65 234
43 90 129
43 80 206
43 58 220
43 76 250
43 67 144
43 64 208
43 86 169
43 71 133
43 62 276
43 89 31
43 48 265
43 69 281
43 59 103
43 47 87
43 45 94
43 61 184
43 45 133
43 47 263
43 52 67
43 47 172
43 49 266
43 71 137
43 46 112
43 55 54
43 52 179
43 67 262
43 90 103
43 56 215
43 76 122
43 45 234
43 64 40
43 81 69
43 56 206
43 53 194
43 43 33
43 49 105
43 58 33
43 51 206
43 78 59
43 51 256
43 45 168
43 86 120
43 80 49
43 66 19
43 76 158
43 44 74
43 82 226
43 65 233
43 66 297
43 56 167
44 80 36
44 85 223
44 84 173
44 59 179
44 45 281
44 48 122
44 63 78
44 69 92
44 50 135
44 62 192
44 59 280
44 82 136
44 69 69
44 85 64
44 49 21
44 57 52
44 65 253
44 61 82
44 46 272
44 90 140
44 52 86
44 89 92
44 64 108
44 74 138
44 67 62
44 63 105
44 53 231
44 70 190
44 81 44
44 74 125
44 55 285
44 87 114
44 86 112
44 55 91
44 70 159
44 57 234
44 65 133
44 59 177
44 73 196
44 89 244
44 70 206
44 70 182
44 45 123
44 66 28
44 57 99
44 75 168
44 44 145
44 52 64
44 66 263
44 59 83
44 51 131
44 49 247
44 88 229
44 82 123
44 68 294
44 90 27
45 52 193
45 81 128
45 72 81
45 77 186
45 74 226
45 52 214
45 51 243
45 86 78
45 67 270
45 79 158
45 66 185
45 70 273
45 74 175
45 86 270
45 74 229
45 80 209
45 79 297
45 52 68
45 72 134
45 78 232
45 80 283
45 49 7
45 50 236
45 80 266
45 46 166
45 62 293
45 61 92
45 65 108
45 64 216
45 62 16
45 75 58
45 71 285
45 85 12
45 82 291
45 59 268
45 79 159
45 66 200
45 86 32
45 73 283
45 86 238
45 61 48
45 52 232
45 46 291
45 79 181
45 47 20
45 87 109
45 69 156
45 73 168
45 58 193
45 75 61
45 54 155
45 61 71
45 60 181
45 88 45
45 51 88
45 73 160
45 89 215
45 50 7
46 62 207
46 56 180
46 47 22
46 61 158
46 90 139
46 90 249
46 74 25
46 82 47
46 79 10
46 89 247
46 76 124
46 86 71
46 63 201
46 63 52
46 90 233
46 53 62
46 78 18
46 82 88
46 88 207
46 59 86
46 54 70
46 51 147
46 52 219
46 58 197
46 70 44
46 61 260
46 78 274
46 50 196
46 90 55
46 62 206
46 71 63
46 52 139
46 47 32
46 68 204
46 71 250
46 51 79
46 67 175
46 85 142
46 58 176
46 89 214
46 73 276
46 59 298
46 74 298
46 81 183
46 73 140
46 53 293
46 57 53
46 85 94
46 49 106
46 88 119
46 78 264
46 69 62
46 56 49
46 85 79
46 72 22
46 79 141
46 78 241
46 90 220
46 84 203
47 50 168
47 68 242
47 89 298
47 68 233
47 67 91
47 81 184
47 82 213
47 88 293
47 62 96
47 50 207
47 54 39
47 68 72
47 75 222
47 62 21
47 80 240
47 68 225
47 88 240
47 55 259
47 81 67
47 63 238
47 78 138
47 78 234
47 59 45
47 87 260
47 89 197
47 60 267
47 50 138
47 64 195
47 86 190
47 81 282
47 55 239
47 90 223
47 65 6
47 86 267
47 70 9
47 55 64
47 72 9
47 60 29
47 59 40
47 84 292
47 88 151
47 48 178
47 69 287
47 87 211
47 68 37
47 75 42
47 64 247
47 51 24
47 75 14
47 48 166
47 65 277
47 90 281
47 68 270
47 84 79
47 81 62
47 53 57
47 56 142
47 63 178
47 78 123
47 57 254
47 87 242
47 56 273
47 86 278
47 87 279
48 88 126
48 57 123
48 71 134
48 66 242
48 62 218
48 70 251
48 65 252
48 82 233
48 77 21
48 85 295
48 88 110
48 83 238
48 77 295
48 62 79
48 85 167
48 89 254
48 55 57
48 75 181
48 67 278
48 49 225
48 64 36
48 53 255
48 55 123
48 62 39
48 85 259
48 73 159
48 62 299
48 55 102
48 71 106
48 58 243
48 68 280
48 80 160
48 68 83
48 69 115
48 88 190
48 76 146
48 50 13
48 69 221
48 90 203
48 70 10
48 48 100
48 66 7
48 80 298
48 64 227
48 54 110
48 58 21
48 66 163
48 80 184
48 59 119
48 87 205
48 77 43
48 75 59
48 66 172
48 68 191
48 62 236
48 78 44
48 73 253
48 75 86
48 70 123
48 54 100
48 58 285
48 77 150
48 70 141
48 54 85
48 77 70
48 50 35
48 83 209
48 73 249
48 82 155
48 87 194
48 81 294
48 65 196
48 78 10
48 63 202
48 72 71
49 84 258
49 88 280
49 85 200
49 57 291
49 58 267
49 51 211
49 81 157
49 66 22
49 70 142
49 89 146
49 65 197
49 58 207
49 66 190
49 63 113
49 76 69
49 60 286
49 88 230
49 54 78
49 78 77
49 85 23
49 49 146
49 75 205
49 59 265
49 52 134
49 59 264
49 90 160
49 53 242
49 70 232
49 80 49
49 85 210
49 53 58
49 71 218
49 84 66
49 71 291
49 61 244
49 55 249
49 54 230
49 68 133
49 49 154
49 72 183
49 52 19
49 89 204
49 69 198
49 75 83
49 68 183
49 65 243
49 69 146
49 67 134
49 74 268
49 73 55
49 76 151
49 70 127
49 84 63
49 60 252
49 80 129
49 55 60
49 63 66
49 78 242
49 84 265
49 71 63
49 70 14
49 84 162
49 87 252
49 65 71
49 52 217
49 61 251
49 86 105
49 57 183
49 85 248
49 80 261
49 85 96
49 71 67
49 68 73
49 75 278
49 63 124
49 58 280
49 62 232
49 81 15
49 90 94
49 64 268
50 56 187
50 53 200
50 89 73
50 89 270
50 90 54
50 83 289
50 89 180
50 75 77
50 54 17
50 53 215
50 54 255
50 64 141
50 63 48
50 61 245
50 70 194
50 75 250
50 56 247
50 78 234
50 76 101
50 52 299
50 76 288
50 72 61
50 58 122
50 76 213
50 59 261
50 81 262
50 56 77
50 82 201
50 78 276
50 70 191
50 68 236
50 67 109
50 71 115
50 70 133
50 56 64
50 54 50
50 60 26
50 85 235
50 87 101
50 82 36
50 59 264
50 55 106
50 70 269
50 51 160
50 54 41
50 82 249
50 90 5
50 75 291
50 62 36
50 88 289
50 71 35
50 64 193
50 68 37
50 57 191
50 71 220
50 67 163
50 52 51
50 81 173
50 53 230
50 77 246
50 50 66
50 84 208
50 83 145
50 83 93
50 75 270
50 62 298
50 70 95
50 59 220
50 75 129
50 60 235
51 54 163
51 81 171
51 56 56
51 63 17
51 80 183
51 83 249
51 56 145
51 80 71
51 86 182
51 68 198
51 68 214
51 74 291
51 60 220
51 83 8
51 80 59
51 64 264
51 55 271
51 58 167
51 80 270
51 60 218
51 56 114
51 65 159
51 77 230
51 58 292
51 76 292
51 81 116
51 52 229
51 53 245
51 80 148
51 83 156
51 51 153
51 89 136
51 83 254
51 58 102
51 68 162
51 61 39
51 79 108
51 84 120
51 90 252
51 56 89
51 54 24
51 75 86
51 85 265
51 54 173
51 90 275
51 80 214
51 85 191
51 86 226
51 60 91
51 65 292
51 52 31
51 58 157
51 54 195
51 85 191
51 66 199
52 60 64
52 82 17
52 71 128
52 75 110
52 53 78
52 57 264
52 87 191
52 56 283
52 73 33
52 87 162
52 66 236
52 90 52
52 72 274
52 70 242
52 71 103
52 69 87
52 60 62
52 65 252
52 90 90
52 76 112
52 65 116
52 67 50
52 62 167
52 86 98
52 81 263
52 55 166
52 81 110
52 82 96
52 73 178
52 61 83
52 75 109
52 53 269
52 54 260
52 78 109
52 58 113
52 88 18
52 66 222
52 75 109
52 63 207
52 56 131
52 71 287
52 75 241
52 73 254
52 67 158
52 60 268
52 70 119
52 73 250
52 62 107
52 87 163
52 72 12
52 80 166
52 69 24
52 59 84
52 85 168
52 60 96
52 80 161
52 68 170
52 86 260
52 63 171
52 66 75
52 84 15
52 56 69
52 87 118
52 79 26
53 54 55
53 60 167
53 76 261
53 71 101
53 68 126
53 84 128
53 58 105
53 63 15
53 68 45
53 86 25
53 59 288
53 88 18
53 68 47
53 55 94
53 87 239
53 56 234
53 68 291
53 82 73
53 56 137
53 73 31
53 57 162
53 53 132
53 72 57
53 78 298
53 81 273
53 78 159
53 84 217
53 68 195
53 54 120
53 76 189
53 83 282
53 90 278
53 77 241
53 84 45
53 62 165
53 86 228
53 68 251
53 81 179
53 61 273
53 87 31
53 55 236
53 59 27
53 87 154
53 77 284
53 88 12
53 90 66
53 71 205
53 81 81
53 66 297
53 77 287
53 57 210
53 64 273
53 72 97
53 56 214
53 75 119
53 89 132
53 61 108
53 81 219
53 82 157
53 81 161
53 81 165
53 57 264
53 71 51
53 88 65
53 84 289
53 69 117
53 56 40
53 55 263
53 67 197
53 68 182
54 56 200
54 71 110
54 78 287
54 85 281
54 58 144
54 87 245
54 67 18
54 75 160
54 71 274
54 56 38
54 55 276
54 65 102
54 82 67
54 79 104
54 70 86
54 79 240
54 74 270
54 58 42
54 61 289
54 69 238
54 66 203
54 65 22
54 79 226
54 68 289
54 71 6
54 66 74
54 62 175
54 57 20
54 56 77
54 81 42
54 78 58
54 71 36
54 89 151
54 85 190
54 84 21
54 62 57
54 80 56
54 85 204
54 65 9
54 84 268
54 87 8
54 54 228
54 81 46
54 77 242
54 59 237
54 65 46
54 87 65
54 68 276
54 79 225
54 69 96
54 73 211
54 61 290
54 64 18
54 66 117
55 78 209
55 62 170
55 80 253
55 59 222
55 82 258
55 88 241
55 59 74
55 77 296
55 57 55
55 81 245
55 68 202
55 87 18
55 74 8
55 70 18
55 83 118
55 65 35
55 58 215
55 76 25
55 65 151
55 77 201
55 83 203
55 68 252
55 83 129
55 84 290
55 68 262
55 83 153
55 81 40
55 86 115
55 86 38
55 78 164
55 68 178
55 71 153
55 84 127
55 78 48
55 78 36
55 81 169
55 81 120
55 89 50
55 87 295
55 65 231
55 75 26
55 61 297
55 66 244
55 78 50
55 77 105
55 68 154
55 62 7
55 90 54
55 74 254
55 56 182
55 84 37
55 81 263
55 73 272
55 82 83
55 66 112
55 77 208
55 62 262
55 64 132
55 65 60
55 61 119
56 87 158
56 85 117
56 71 77
56 79 242
56 63 96
56 75 147
56 80 62
56 82 108
56 78 150
56 67 13
56 63 223
56 75 204
56 70 23
56 65 263
56 56 204
56 62 39
56 74 76
56 80 73
56 88 9
56 87 241
56 56 57
56 61 234
56 60 157
56 79 234
56 59 94
56 68 27
56 83 297
56 59 117
56 73 240
56 57 296
56 56 21
56 68 118
56 65 138
56 86 140
56 59 140
56 85 119
56 70 216
56 78 291
56 70 129
56 70 253
56 74 189
56 81 254
56 60 264
56 75 224
56 78 34
56 57 17
56 66 111
56 67 27
56 56 75
56 80 22
56 70 12
56 83 236
56 69 13
56 76 123
56 57 259
56 89 71
57 63 6
57 61 165
57 87 49
57 85 216
57 74 251
57 62 65
57 60 64
57 81 42
57 75 238
57 85 14
57 65 71
57 82 112
57 62 264
57 86 250
57 58 264
57 85 72
57 69 217
57 78 142
57 71 97
57 90 285
57 57 127
57 85 238
57 65 159
57 78 88
57 62 153
57 82 206
57 67 224
57 83 269
57 68 45
57 67 146
57 76 25
57 64 23
57 84 283
57 61 273
57 90 135
57 81 272
57 70 265
57 73 130
57 64 96
57 76 42
57 84 24
57 90 87
57 74 223
57 89 101
57 63 146
57 65 280
57 88 116
57 82 296
57 74 59
57 69 287
58 76 270
58 66 92
58 74 248
58 89 227
58 84 130
58 78 88
58 83 8
58 88 124
58 84 231
58 76 290
58 77 22
58 85 40
58 82 8
58 68 236
58 83 281
58 81 192
58 58 17
58 76 78
58 76 6
58 75 184
58 90 299
58 80 172
58 78 279
58 65 102
58 71 114
58 63 255
58 74 208
58 59 48
58 63 25
58 61 114
58 75 38
58 58 292
58 65 183
58 68 60
58 67 151
58 85 199
58 85 115
58 65 29
58 72 228
58 76 229
58 90 230
58 85 114
58 80 174
58 77 182
58 68 137
58 77 33
58 75 44
58 77 128
58 83 207
59 86 158
59 68 198
59 90 54
59 66 96
59 74 173
59 74 93
59 80 108
59 69 46
59 62 258
59 61 134
59 72 6
59 69 245
59 70 171
59 86 39
59 81 292
59 62 111
59 85 210
59 81 191
59 77 265
59 61 180
59 60 13
59 71 107
59 60 119
59 70 218
59 73 289
59 76 237
59 64 38
59 70 145
59 87 78
59 69 63
59 85 57
59 64 236
59 70 146
59 62 248
59 60 30
59 72 166
59 82 158
59 60 121
59 62 7
59 70 57
59 80 28
59 82 223
60 76 251
60 83 30
60 64 268
60 86 113
60 82 112
60 74 164
60 64 6
60 83 7
60 83 295
60 61 158
60 68 178
60 60 118
60 72 87
60 68 48
60 73 159
60 85 15
60 82 40
60 61 176
60 72 9
60 65 192
60 87 31
60 71 264
60 86 153
60 83 288
60 75 145
60 70 29
60 86 207
60 88 48
60 89 84
60 84 201
60 78 251
60 72 17
60 74 156
60 64 215
60 77 297
60 72 224
60 61 137
60 75 9
60 68 259
60 72 174
60 69 53
60 83 179
60 87 182
60 82 26
60 66 189
60 69 148
60 78 37
60 74 45
60 82 197
60 65 215
60 71 196
60 77 104
60 74 282
60 74 228
60 83 45
61 85 202
61 89 15
61 73 265
61 70 125
61 79 69
61 85 143
61 68 237
61 63 125
61 72 68
61 69 17
61 84 285
61 65 224
61 70 109
61 86 31
61 77 299
61 67 172
61 77 244
61 65 170
61 83 110
61 74 62
61 76 267
61 68 77
61 66 106
61 82 219
61 67 163
61 70 73
61 67 32
61 72 43
61 90 191
61 78 166
61 77 293
61 67 80
61 84 141
61 85 32
61 82 277
61 74 60
61 65 246
61 86 57
61 66 23
61 66 281
61 71 60
61 88 20
61 87 136
61 68 293
61 71 143
61 62 151
61 68 128
62 63 269
62 79 212
62 81 149
62 90 33
62 88 81
62 67 20
62 67 206
62 87 287
62 86 200
62 86 230
62 88 152
62 77 192
62 84 137
62 80 113
62 68 227
62 76 165
62 82 148
62 79 142
62 70 267
62 72 293
62 73 273
62 75 255
62 80 17
62 78 13
62 71 272
62 71 274
62 80 268
62 71 246
62 81 122
62 86 264
62 89 166
62 68 54
62 79 126
62 73 300
62 65 247
62 79 82
62 82 16
62 88 250
62 78 114
62 80 217
62 90 201
63 73 82
63 71 264
63 73 167
63 85 246
63 66 97
63 66 147
63 75 73
63 80 113
63 84 290
63 68 144
63 64 35
63 84 239
63 75 261
63 80 264
63 75 28
63 72 73
63 65 204
63 79 206
63 71 194
63 83 98
63 69 85
63 83 214
63 77 36
63 83 155
63 74 63
63 85 245
63 70 109
63 90 63
63 77 151
63 80 124
63 87 187
63 64 60
63 67 32
63 90 100
63 82 179
63 72 70
63 73 42
63 85 185
63 71 90
63 83 245
63 78 19
63 86 132
63 66 180
63 81 34
63 78 46
63 81 267
63 64 30
63 79 59
63 71 190
63 75 166
63 66 126
63 75 34
63 65 216
64 87 148
64 65 128
64 80 196
64 74 198
64 78 139
64 76 51
64 74 163
64 74 245
64 67 198
64 85 124
64 65 33
64 86 93
64 65 175
64 84 176
64 83 101
64 77 89
64 64 17
64 78 272
64 84 272
64 80 161
64 81 21
64 76 123
64 83 279
64 78 167
64 89 86
64 90 97
64 75 241
64 81 175
64 85 17
64 68 26
64 77 71
64 77 230
64 77 8
64 81 133
64 72 90
64 85 137
65 88 109
65 78 189
65 70 31
65 77 83
65 74 262
65 81 166
65 77 79
65 83 217
65 84 97
65 65 36
65 72 81
65 70 208
65 86 205
65 72 116
65 89 294
65 65 145
65 74 87
65 66 10
65 68 239
65 81 247
65 67 280
65 77 115
65 88 278
65 71 187
65 79 262
65 74 123
65 83 114
65 68 72
65 70 146
66 76 177
66 89 269
66 70 167
66 90 116
66 68 268
66 69 176
66 78 44
66 82 32
66 67 79
66 87 56
66 86 257
66 71 286
66 74 204
66 78 69
66 73 72
66 69 152
66 84 94
66 70 191
66 66 31
66 76 125
66 85 126
66 87 215
66 82 280
66 75 237
66 85 228
66 83 86
66 71 103
66 81 233
66 81 135
66 88 15
66 73 127
66 88 143
66 73 273
66 90 80
66 68 268
66 80 17
66 86 91
66 76 82
66 68 122
66 85 108
66 73 225
66 88 32
66 74 164
66 88 197
66 85 233
66 81 6
66 86 93
66 75 76
66 74 81
67 71 59
67 82 287
67 87 74
67 84 241
67 77 75
67 86 214
67 70 142
67 71 236
67 79 203
67 82 69
67 70 196
67 70 27
67 76 50
67 70 109
67 87 139
67 81 255
67 79 265
67 75 180
67 90 280
67 69 125
67 87 257
67 85 17
67 69 299
67 86 44
67 73 68
67 71 66
67 82 162
67 77 264
67 68 173
67 88 153
67 83 184
67 68 10
68 74 74
68 77 205
68 79 224
68 74 36
68 83 28
68 74 130
68 79 16
68 90 150
68 80 107
68 83 148
68 78 155
68 71 218
68 77 258
68 84 256
68 73 55
68 79 22
68 90 81
68 81 38
68 85 285
68 86 212
68 86 226
68 71 182
68 85 169
68 73 125
68 78 21
68 87 252
68 79 233
68 79 58
68 87 279
68 83 125
68 73 192
69 90 293
69 70 123
69 72 125
69 77 69
69 70 171
69 76 109
69 85 44
69 88 261
69 90 42
69 90 297
69 80 296
69 76 266
69 79 94
69 79 256
69 86 249
69 80 126
69 88 251
69 87 16
69 70 296
69 88 210
69 90 218
69 77 269
69 88 9
69 83 286
69 80 260
69 86 16
69 70 252
69 73 118
69 82 213
69 80 206
69 83 296
69 70 171
69 90 16
69 71 103
69 78 86
70 74 126
70 85 289
70 85 282
70 79 114
70 70 121
70 70 131
70 77 280
70 84 77
70 73 194
70 72 216
70 87 134
70 87 197
70 84 262
70 88 130
70 72 178
70 81 279
70 82 84
70 73 228
70 85 5
70 90 195
70 77 231
70 82 142
70 88 288
70 73 30
70 86 44
70 73 214
70 74 179
70 85 236
70 83 165
70 76 291
70 73 173
71 77 228
71 78 95
71 86 47
71 82 286
71 78 40
71 80 76
71 89 181
71 84 190
71 83 127
71 81 39
71 75 130
71 87 269
71 77 290
71 86 259
71 89 285
71 90 39
71 78 163
71 85 261
71 81 56
71 84 221
71 75 190
71 71 73
71 89 220
71 88 87
71 72 240
71 85 29
71 88 26
71 73 141
71 78 16
71 73 107
71 74 76
72 79 24
72 75 86
72 80 45
72 89 145
72 89 189
72 88 209
72 87 258
72 86 194
72 86 102
72 84 59
72 84 236
72 78 78
72 76 229
72 73 233
72 74 283
72 88 224
72 75 151
72 86 97
72 73 53
72 78 25
72 87 206
72 76 280
72 88 93
72 90 259
72 82 100
72 74 279
72 74 266
72 84 22
73 75 254
73 83 115
73 89 135
73 87 33
73 78 214
73 75 70
73 87 212
73 90 203
73 78 83
73 76 260
73 85 47
73 87 96
73 76 75
73 89 208
73 85 239
73 82 39
73 86 258
73 82 169
73 78 177
73 78 267
73 78 150
74 83 293
74 78 215
74 75 48
74 81 152
74 85 260
74 83 98
74 90 153
74 81 237
74 78 43
74 83 204
74 85 163
74 84 146
74 80 209
74 76 14
74 87 158
74 90 229
74 76 55
74 87 202
74 84 129
74 85 13
74 84 198
74 79 264
74 89 158
74 81 85
74 88 11
75 83 8
75 85 60
75 88 158
75 81 209
75 79 215
75 84 299
75 88 291
75 89 45
75 79 44
75 80 291
75 76 44
75 77 113
75 78 42
75 88 180
75 80 53
75 75 35
75 88 117
75 87 18
75 81 281
75 87 185
75 89 26
75 80 31
75 82 167
75 78 209
75 90 42
75 87 50
75 78 256
75 83 72
75 78 182
75 90 204
75 87 119
76 82 293
76 89 185
76 89 136
76 79 64
76 78 267
76 82 58
76 83 33
76 79 207
76 87 26
76 83 238
76 81 149
76 89 243
76 84 33
76 79 186
76 78 124
76 86 102
76 84 129
76 83 31
76 83 248
76 85 158
76 89 272
76 82 255
76 78 156
76 76 109
76 90 242
76 77 117
76 83 75
76 81 206
76 88 158
76 88 285
77 80 154
77 83 184
77 82 209
77 81 242
77 82 260
77 78 53
77 78 35
77 88 235
77 89 139
77 78 140
77 82 264
77 87 285
77 84 208
77 83 22
77 77 105
77 80 66
77 90 222
77 90 52
77 88 185
77 88 43
77 89 50
77 83 53
77 80 14
77 79 266
77 84 78
77 82 30
77 81 53
78 81 154
78 81 58
78 89 230
78 80 277
78 87 229
78 89 51
78 88 283
78 89 47
78 83 16
78 87 61
78 88 190
78 83 280
78 78 247
78 81 278
78 85 282
78 81 270
78 89 72
78 88 206
78 90 239
78 86 155
78 87 55
78 90 62
78 78 255
78 84 255
79 87 127
79 85 241
79 81 42
79 85 115
79 83 178
79 86 263
79 86 173
79 84 109
79 90 282
79 88 268
79 84 138
79 88 229
79 90 215
79 84 193
79 85 291
79 80 116
79 85 265
79 87 23
79 87 207
80 82 152
80 89 52
80 90 56
80 82 147
80 87 162
80 89 51
80 88 173
80 90 225
80 82 131
80 82 59
80 90 177
80 83 99
81 90 249
81 82 156
81 87 59
81 85 33
81 81 32
81 87 101
81 90 195
81 85 145
81 90 79
81 90 170
81 86 138
81 87 91
81 83 191
81 83 184
81 86 145
81 87 259
81 85 6
81 88 213
81 82 212
81 86 120
81 85 222
81 84 23
82 89 195
82 87 22
82 86 286
82 82 11
82 87 14
82 83 79
82 88 243
82 87 214
82 84 245
82 84 55
82 90 193
82 85 183
82 83 211
83 84 115
83 88 267
83 85 22
83 87 137
83 84 176
83 88 41
83 90 167
83 89 275
83 85 103
83 90 239
83 88 175
84 90 10
84 88 284
84 88 119
84 88 240
84 86 283
84 88 120
84 86 211
84 88 49
84 87 69
84 86 251
85 85 106
85 88 60
85 87 163
85 87 111
85 89 205
85 88 140
85 85 34
85 87 187
85 89 125
85 89 111
85 88 190
86 86 26
86 88 126
86 88 75
86 88 146
86 87 176
86 87 119
86 89 114
87 90 178
87 89 182
87 90 181
87 88 216
87 90 275
87 89 212
87 89 35
88 88 247
88 88 203
88 90 213
88 88 141
88 89 152
88 88 26
88 90 275
89 90 291
89 89 192
