58 2893
1 34 57
1 34 237
1 3 257
1 19 129
1 9 183
1 42 194
1 52 50
1 10 291
1 50 168
1 12 197
1 45 155
1 41 89
1 50 229
1 37 292
1 50 159
1 9 30
1 20 217
1 22 71
1 35 171
1 52 116
1 11 19
1 11 159
1 6 280
1 36 247
1 42 226
1 37 12
1 40 59
1 20 22
1 40 147
1 2 164
1 10 152
1 8 216
1 8 102
1 53 282
1 33 62
1 51 105
1 15 42
1 50 161
1 11 28
1 28 52
1 27 50
1 51 125
1 44 89
1 3 168
1 39 156
1 55 279
1 1 260
1 54 263
1 56 13
1 19 121
1 20 60
1 30 275
1 53 163
1 7 59
1 50 39
1 44 216
1 1 270
1 8 165
1 12 193
1 2 141
1 48 298
1 3 141
1 9 204
1 29 146
1 39 293
1 39 115
1 55 117
1 57 212
1 12 41
1 37 55
1 38 39
1 43 273
1 40 112
1 8 47
1 14 108
1 48 87
1 27 104
1 23 150
1 9 99
1 26 88
1 4 143
1 9 76
1 46 269
1 41 142
1 32 216
1 51 199
1 39 152
1 23 207
1 38 176
1 25 9
1 21 159
1 44 130
1 12 186
1 31 16
2 58 150
2 45 87
2 7 45
2 26 18
2 42 278
2 5 16
2 31 112
2 41 273
2 46 118
2 53 209
2 18 187
2 52 20
2 25 289
2 58 178
2 47 75
2 14 131
2 4 238
2 27 11
2 30 202
2 53 70
2 14 112
2 7 77
2 12 108
2 52 97
2 29 122
2 45 171
2 52 254
2 47 82
2 8 137
2 44 110
2 56 245
2 11 296
2 23 171
2 57 132
2 24 59
2 11 258
2 38 249
2 53 149
2 20 238
2 57 214
2 54 33
2 55 95
2 52 275
2 53 279
2 49 150
2 37 22
2 54 49
2 8 178
2 24 69
2 34 50
2 35 298
2 16 299
2 52 49
2 52 233
2 35 167
2 36 29
2 53 255
2 29 145
2 27 127
2 27 203
2 6 62
2 58 34
2 9 251
2 7 187
2 7 132
2 30 277
2 11 298
2 51 294
2 17 119
2 54 100
2 27 127
2 6 262
2 9 227
2 33 60
2 45 216
2 34 228
2 36 156
2 55 186
2 22 233
2 32 106
2 47 101
2 52 180
2 17 41
2 57 108
2 8 195
2 53 205
2 7 179
2 30 173
2 48 25
2 40 209
2 30 130
2 50 170
2 16 90
2 30 25
2 49 167
2 56 101
2 13 95
2 24 206
2 57 138
2 32 105
2 49 19
2 6 115
2 11 155
3 13 85
3 47 135
3 14 104
3 9 130
3 52 65
3 28 94
3 48 154
3 51 205
3 55 215
3 6 277
3 20 274
3 20 16
3 3 152
3 23 165
3 12 247
3 57 292
3 57 97
3 16 67
3 13 60
3 29 263
3 38 151
3 6 50
3 16 204
3 12 155
3 58 19
3 23 51
3 3 77
3 48 33
3 53 283
3 58 153
3 32 162
3 32 174
3 30 178
3 21 197
3 31 229
3 36 96
3 10 17
3 55 61
3 34 212
3 4 91
3 57 293
3 48 209
3 8 205
3 48 65
3 24 257
3 19 38
3 13 246
3 13 292
3 31 64
3 16 150
3 25 265
3 56 108
3 5 217
3 15 62
3 28 202
3 4 240
3 38 65
3 38 73
3 24 175
3 22 213
3 26 222
3 54 226
3 6 19
3 15 108
3 27 38
3 46 78
3 53 220
3 18 151
3 49 211
3 17 102
3 24 155
3 21 269
3 26 72
3 38 95
3 52 238
3 38 65
3 31 209
3 24 189
3 25 180
3 31 234
3 28 251
3 22 215
3 8 275
3 17 285
3 23 143
3 52 114
3 56 129
3 41 289
3 42 165
3 16 110
3 13 86
3 44 112
3 52 191
3 29 34
3 27 56
3 42 10
3 31 92
3 17 162
3 20 120
3 24 131
3 43 176
3 44 269
3 22 99
3 9 27
3 26 155
3 22 263
4 49 13
4 10 201
4 45 270
4 22 166
4 43 71
4 27 59
4 40 287
4 4 47
4 47 143
4 43 111
4 10 280
4 57 299
4 36 67
4 11 254
4 6 73
4 21 272
4 50 183
4 19 228
4 16 22
4 49 14
4 23 45
4 28 170
4 39 33
4 10 57
4 36 272
4 46 253
4 22 265
4 37 233
4 48 21
4 53 87
4 50 239
4 38 193
4 23 186
4 17 192
4 13 54
4 12 87
4 8 290
4 39 84
4 31 28
4 25 226
4 26 200
4 52 17
4 13 30
4 57 238
4 42 42
4 6 24
4 58 217
4 26 226
4 12 126
4 29 139
4 26 182
4 21 166
4 37 279
4 22 120
4 21 115
4 13 135
4 15 163
4 9 290
4 28 67
4 28 36
4 20 100
4 35 49
4 33 160
4 8 63
4 27 159
4 11 132
4 30 211
4 22 239
4 28 97
4 31 149
4 57 164
4 12 138
4 14 277
4 7 30
4 19 233
4 58 123
4 7 43
4 24 202
4 20 213
4 25 245
4 29 207
4 24 175
4 23 84
4 18 104
4 36 215
4 22 280
4 49 186
4 10 216
5 44 150
5 54 242
5 51 36
5 31 45
5 36 159
5 50 134
5 28 144
5 8 137
5 14 288
5 6 186
5 51 163
5 26 228
5 31 26
5 22 213
5 5 141
5 12 242
5 44 199
5 12 45
5 41 169
5 5 134
5 58 271
5 33 244
5 8 208
5 12 120
5 25 272
5 52 154
5 36 267
5 21 209
5 17 211
5 33 151
5 8 277
5 56 27
5 58 163
5 55 146
5 14 122
5 38 23
5 24 228
5 45 159
5 40 149
5 6 185
5 20 31
5 20 37
5 46 268
5 16 13
5 39 246
5 52 117
5 12 285
5 16 35
5 27 294
5 10 60
5 31 82
5 35 214
5 28 73
5 43 173
5 49 15
5 10 141
5 56 164
5 28 73
5 14 91
5 13 193
5 35 66
5 31 172
5 22 89
5 54 158
5 26 12
5 56 5
5 30 86
5 22 155
5 34 104
5 8 57
5 13 67
5 51 74
5 14 111
5 29 279
5 51 164
5 58 77
5 54 282
5 19 133
5 52 286
5 11 102
5 5 104
5 9 67
5 44 38
5 43 57
5 37 72
5 54 288
5 20 20
5 24 152
5 56 241
5 10 219
5 50 215
5 19 112
5 50 83
5 25 135
5 29 270
5 32 171
5 57 45
5 57 117
5 17 231
5 11 54
5 34 135
5 39 117
5 11 111
6 12 209
6 27 186
6 6 181
6 26 23
6 26 44
6 13 87
6 58 139
6 19 97
6 46 296
6 37 146
6 53 26
6 47 73
6 17 86
6 48 197
6 56 180
6 40 7
6 41 26
6 11 280
6 53 200
6 39 52
6 53 155
6 8 105
6 8 127
6 32 154
6 50 218
6 38 213
6 21 203
6 43 56
6 24 177
6 26 283
6 45 254
6 7 140
6 20 12
6 44 291
6 28 278
6 40 91
6 23 33
6 21 217
6 32 47
6 18 211
6 34 77
6 54 191
6 30 97
6 23 296
6 44 21
6 11 76
6 48 27
6 34 170
6 34 136
6 30 133
6 9 12
6 11 254
6 56 259
6 13 170
6 15 164
6 19 41
6 46 197
6 21 121
6 42 29
6 58 217
6 21 269
6 12 185
6 21 111
6 53 133
6 19 89
6 52 173
6 34 50
6 22 20
6 29 170
6 45 219
6 56 236
6 7 69
6 38 282
6 23 237
6 27 41
6 57 107
6 56 95
6 50 104
6 28 42
6 55 211
6 50 82
6 14 222
6 56 24
6 7 113
6 50 215
6 23 217
6 50 208
6 33 31
6 34 159
6 52 299
6 39 82
6 7 271
6 57 145
6 21 41
6 38 162
6 47 80
7 31 165
7 12 15
7 17 88
7 55 20
7 40 135
7 39 53
7 23 298
7 51 22
7 34 196
7 51 241
7 13 265
7 24 24
7 37 29
7 37 288
7 44 61
7 47 136
7 46 183
7 26 157
7 23 253
7 29 158
7 12 99
7 33 274
7 29 12
7 43 263
7 47 160
7 49 244
7 39 249
7 40 150
7 46 63
7 46 115
7 25 32
7 54 95
7 23 40
7 49 264
7 31 51
7 38 87
7 28 239
7 21 25
7 55 130
7 26 175
7 26 284
7 8 286
7 44 60
7 50 208
7 11 9
7 42 209
7 41 84
7 45 108
7 36 44
7 48 228
7 47 105
7 50 82
7 19 33
7 20 130
7 35 273
7 46 46
7 23 187
7 51 110
7 40 181
7 32 293
7 50 131
7 14 192
7 43 121
7 8 230
7 7 120
7 17 127
7 40 129
7 35 50
7 24 187
7 19 290
7 9 6
7 18 251
7 44 217
7 31 220
7 20 142
7 34 214
7 49 201
7 48 24
7 20 98
7 33 196
7 23 130
7 30 36
7 25 293
7 18 274
7 19 239
8 18 153
8 10 158
8 56 165
8 23 170
8 29 265
8 41 253
8 39 183
8 18 108
8 24 276
8 17 166
8 53 294
8 14 70
8 46 93
8 28 271
8 21 23
8 37 77
8 51 66
8 42 42
8 45 140
8 34 283
8 13 239
8 43 251
8 32 17
8 14 260
8 25 34
8 55 178
8 29 250
8 41 7
8 42 8
8 8 293
8 48 63
8 24 294
8 39 225
8 35 124
8 32 168
8 26 247
8 54 247
8 47 26
8 17 171
8 15 139
8 26 147
8 33 43
8 33 48
8 34 89
8 22 260
8 32 114
8 22 85
8 25 101
8 25 29
8 50 75
8 58 214
8 41 179
8 17 273
8 23 229
8 57 230
8 42 219
8 12 75
8 28 281
8 52 98
8 34 143
8 57 182
8 22 105
8 33 144
8 45 107
8 28 88
8 30 138
8 20 12
8 37 257
8 36 11
8 26 179
8 27 45
8 13 109
8 10 230
8 25 43
8 55 155
9 15 12
9 50 100
9 48 257
9 32 274
9 18 267
9 15 134
9 11 65
9 33 185
9 17 168
9 15 131
9 27 81
9 36 29
9 10 247
9 18 146
9 43 265
9 10 235
9 31 60
9 13 108
9 11 16
9 27 28
9 36 258
9 58 172
9 56 30
9 22 187
9 39 293
9 24 204
9 22 69
9 38 188
9 26 19
9 43 33
9 17 243
9 10 157
9 33 173
9 58 185
9 55 10
9 28 83
9 39 292
9 15 49
9 38 55
9 39 168
9 25 91
9 41 238
9 36 174
9 43 252
9 56 110
9 52 57
9 18 52
9 39 154
9 37 73
9 39 28
9 33 173
9 18 248
9 43 11
9 15 45
9 49 167
9 21 53
9 48 262
9 35 65
9 26 96
9 44 172
9 35 18
9 38 212
9 31 214
9 33 126
9 57 269
9 47 219
9 52 209
9 23 300
9 56 159
9 39 119
9 58 185
9 15 10
9 40 252
9 14 16
9 43 263
9 42 47
9 49 132
9 40 178
9 37 121
9 45 216
9 47 27
9 47 205
9 53 23
9 46 29
9 27 295
9 15 62
9 24 256
9 34 260
9 27 30
9 15 264
9 36 181
9 26 244
9 50 139
9 28 171
9 35 87
9 53 276
9 30 299
9 21 197
9 32 94
9 36 12
9 58 137
9 13 192
9 42 276
9 18 262
9 53 20
9 45 244
9 28 23
9 52 26
9 50 146
9 41 210
10 19 93
10 58 42
10 14 193
10 34 103
10 12 229
10 56 92
10 35 17
10 27 166
10 24 267
10 40 182
10 13 189
10 29 14
10 17 91
10 25 45
10 25 72
10 44 187
10 40 95
10 27 249
10 36 251
10 38 139
10 15 134
10 49 120
10 30 255
10 15 292
10 22 222
10 34 247
10 32 111
10 23 276
10 13 291
10 37 171
10 26 14
10 56 197
10 35 224
10 52 57
10 57 100
10 36 177
10 44 112
10 25 51
10 22 64
10 41 61
10 17 241
10 31 271
10 49 159
10 44 31
10 54 76
10 10 300
10 25 270
10 34 199
10 10 138
10 24 27
10 46 238
10 38 74
10 37 50
10 22 161
10 18 289
10 29 22
10 23 95
10 35 145
10 41 222
10 12 80
10 40 262
10 21 241
10 50 203
10 16 121
10 42 246
10 29 70
10 54 265
10 40 290
10 46 91
10 29 92
10 40 79
10 47 14
10 52 169
10 56 237
10 11 196
10 18 64
10 39 250
10 53 91
10 15 238
10 31 141
10 36 153
10 39 32
10 38 277
10 13 238
10 58 153
10 38 61
10 51 240
11 26 171
11 37 286
11 55 228
11 38 207
11 36 18
11 50 253
11 22 209
11 53 216
11 44 275
11 38 32
11 44 239
11 39 199
11 19 22
11 26 173
11 51 260
11 31 188
11 29 102
11 26 188
11 44 195
11 31 97
11 22 83
11 12 68
11 48 203
11 43 233
11 57 34
11 24 231
11 16 22
11 25 98
11 54 149
11 17 213
11 32 83
11 55 76
11 36 215
11 19 256
11 19 58
11 30 265
11 20 158
11 26 126
11 35 145
11 55 178
11 40 227
11 51 253
11 47 122
11 47 49
11 45 201
11 43 258
11 16 161
11 19 286
11 31 182
11 25 50
11 57 271
11 52 215
11 53 243
11 45 213
11 43 188
11 15 207
11 19 150
11 19 253
11 41 181
11 15 55
11 45 271
11 17 28
11 12 280
11 37 262
11 15 19
11 23 133
11 33 164
11 30 287
11 42 162
11 46 159
11 22 95
11 35 51
11 34 66
11 56 70
11 53 295
11 52 96
11 16 9
11 39 268
11 40 88
11 29 281
11 23 134
11 20 81
11 52 142
11 53 40
11 53 254
11 15 115
11 40 143
11 23 39
11 19 141
11 29 73
11 11 149
11 36 272
12 49 20
12 28 146
12 22 173
12 47 223
12 52 91
12 56 258
12 45 10
12 45 276
12 56 279
12 45 219
12 46 267
12 35 95
12 53 169
12 50 85
12 55 279
12 35 77
12 51 119
12 36 272
12 20 168
12 49 172
12 47 16
12 33 39
12 28 50
12 21 80
12 36 266
12 58 248
12 58 123
12 56 278
12 29 275
12 53 201
12 32 46
12 12 226
12 28 295
12 19 174
12 39 34
12 47 242
12 13 296
12 46 273
12 39 43
12 56 28
12 15 228
12 51 60
12 26 161
12 53 276
12 55 77
12 21 278
12 39 232
12 35 70
12 14 286
12 35 25
12 57 231
12 24 96
12 22 135
12 31 234
12 17 120
12 18 17
12 35 205
12 21 49
12 38 65
12 57 77
12 46 91
12 38 10
12 18 10
12 15 34
12 30 43
12 30 181
12 44 119
12 26 122
12 54 228
12 37 136
12 42 75
12 54 266
12 29 208
12 46 159
12 32 171
12 38 160
12 29 50
12 28 185
12 28 46
12 16 290
12 27 103
12 48 51
12 28 254
12 34 260
12 51 60
12 30 242
13 36 18
13 32 75
13 16 181
13 55 123
13 49 48
13 35 67
13 31 31
13 40 248
13 23 107
13 16 289
13 58 135
13 51 139
13 39 8
13 15 88
13 23 147
13 13 192
13 31 283
13 52 275
13 35 43
13 53 139
13 44 73
13 15 80
13 52 230
13 39 211
13 32 67
13 50 269
13 42 82
13 16 280
13 50 56
13 57 249
13 35 28
13 32 189
13 40 137
13 48 262
13 22 87
13 55 22
13 27 293
13 21 182
13 31 297
13 28 184
13 52 57
13 21 190
13 56 245
13 15 291
13 53 25
13 20 45
13 52 99
13 55 23
13 32 171
13 36 162
13 38 224
13 31 88
13 53 16
13 36 207
13 29 210
13 21 133
13 53 222
13 44 11
13 44 199
14 29 290
14 43 80
14 40 33
14 51 116
14 15 154
14 47 144
14 31 241
14 22 141
14 24 199
14 42 47
14 26 203
14 42 155
14 40 251
14 38 173
14 18 268
14 47 197
14 29 99
14 58 122
14 20 175
14 14 138
14 35 186
14 58 297
14 51 206
14 45 265
14 18 65
14 53 120
14 53 223
14 43 270
14 22 221
14 14 240
14 25 121
14 25 5
14 32 198
14 15 279
14 45 238
14 34 266
14 57 25
14 46 133
14 37 266
14 30 96
14 54 8
14 55 63
14 33 105
14 50 55
14 27 244
14 22 86
14 54 248
14 31 36
14 24 293
14 15 164
14 31 185
14 54 22
14 58 291
14 46 280
14 27 265
14 30 23
14 39 258
14 40 291
14 33 240
14 17 134
14 23 6
14 31 260
14 48 86
14 45 79
14 14 118
14 37 159
14 24 18
14 32 249
14 50 152
14 58 63
14 36 120
14 29 59
14 32 176
14 28 270
14 33 158
14 58 155
14 47 217
14 24 12
14 38 294
14 58 81
15 37 246
15 41 155
15 37 262
15 23 142
15 34 73
15 29 138
15 32 296
15 28 214
15 40 46
15 38 171
15 53 153
15 53 51
15 53 78
15 45 15
15 16 140
15 56 97
15 32 235
15 57 292
15 19 72
15 31 39
15 52 165
15 33 227
15 17 85
15 55 139
15 44 84
15 52 130
15 44 13
15 30 91
15 45 288
15 21 271
15 56 47
15 49 10
15 50 107
15 49 150
15 47 100
15 15 27
15 20 259
15 23 130
15 46 164
15 40 132
15 24 294
15 30 133
15 22 65
15 47 182
15 54 90
15 24 232
15 38 186
15 35 118
15 33 220
15 27 12
15 17 191
15 30 169
15 34 85
15 38 300
15 35 175
15 50 61
15 46 190
15 42 194
15 57 79
15 44 239
15 34 106
15 25 53
15 54 148
15 23 163
15 39 194
15 27 95
15 31 41
15 49 193
15 18 265
15 55 285
15 53 277
15 58 223
15 28 293
15 49 283
15 32 141
15 41 193
16 45 190
16 22 136
16 33 39
16 33 94
16 57 154
16 52 245
16 43 97
16 55 22
16 22 235
16 43 129
16 38 33
16 30 210
16 39 84
16 31 192
16 17 82
16 30 166
16 22 294
16 38 171
16 21 140
16 46 228
16 49 40
16 43 109
16 55 7
16 19 221
16 47 229
16 55 71
16 50 223
16 52 17
16 20 85
16 50 177
16 26 99
16 25 271
16 46 180
16 53 127
16 57 244
16 41 237
16 42 40
16 18 154
16 44 153
16 39 210
16 32 102
16 19 112
16 37 203
16 21 279
16 49 147
16 36 35
16 38 55
16 42 25
16 37 10
16 27 265
16 28 188
16 19 230
16 43 63
16 45 21
16 40 54
16 48 182
16 54 230
16 52 14
16 47 54
16 50 83
16 40 272
16 42 144
16 58 294
16 28 280
16 25 74
16 43 181
16 18 220
16 22 117
16 58 129
16 50 146
16 36 280
16 34 17
16 30 5
16 55 103
16 37 245
16 25 105
16 26 78
16 34 56
16 55 281
17 58 52
17 26 293
17 36 217
17 39 109
17 26 174
17 19 104
17 45 42
17 28 290
17 45 220
17 55 220
17 33 42
17 55 70
17 42 188
17 45 166
17 56 142
17 50 223
17 18 37
17 56 184
17 21 227
17 36 186
17 38 261
17 49 272
17 39 162
17 21 191
17 27 108
17 40 12
17 54 282
17 52 10
17 20 270
17 19 287
17 31 105
17 21 10
17 38 269
17 53 112
17 37 296
17 49 186
17 34 5
17 32 184
17 24 183
17 44 237
17 32 274
17 41 13
17 55 203
17 41 218
17 50 199
17 40 264
17 46 298
17 28 278
17 24 20
17 53 182
17 52 6
17 38 216
17 33 46
17 44 211
17 25 100
17 58 124
17 23 64
17 54 74
17 23 216
17 41 134
17 35 107
17 38 223
17 57 255
17 21 247
17 21 6
17 25 255
17 47 6
17 55 121
17 22 78
17 52 39
18 22 248
18 44 88
18 36 41
18 55 86
18 50 86
18 58 160
18 23 78
18 35 211
18 19 205
18 42 138
18 31 276
18 27 233
18 43 182
18 47 165
18 53 271
18 45 139
18 33 280
18 41 163
18 47 161
18 41 168
18 38 258
18 57 127
18 23 207
18 38 235
18 31 270
18 42 15
18 29 63
18 56 38
18 28 219
18 34 170
18 50 96
18 21 25
18 40 77
18 56 146
18 32 191
18 58 88
18 30 117
18 54 44
18 37 83
18 53 13
18 39 76
18 48 41
18 36 162
18 48 257
18 54 275
18 46 240
18 42 242
18 36 9
18 40 167
18 35 226
18 46 115
18 54 235
18 24 116
18 48 22
18 41 186
18 50 286
18 42 149
18 54 130
18 50 119
18 48 49
18 26 170
18 54 111
19 55 50
19 56 172
19 35 268
19 31 272
19 23 57
19 30 261
19 31 35
19 25 216
19 44 241
19 21 183
19 20 227
19 22 169
19 32 23
19 42 186
19 47 83
19 21 157
19 23 51
19 45 31
19 41 66
19 53 79
19 37 100
19 49 107
19 27 7
19 37 173
19 31 240
19 21 89
19 31 122
19 36 191
19 36 158
19 31 132
19 28 248
19 28 21
19 30 157
19 40 12
19 34 58
19 37 101
19 27 254
19 56 85
19 51 16
19 26 64
19 23 100
19 42 49
19 57 152
19 35 249
19 33 243
19 44 22
19 29 136
19 23 249
19 56 273
19 46 170
19 46 111
19 26 69
19 46 191
19 42 68
19 58 134
19 41 298
20 46 121
20 21 291
20 41 280
20 54 115
20 20 149
20 30 140
20 31 218
20 32 147
20 29 272
20 48 18
20 40 125
20 56 57
20 35 272
20 35 147
20 52 274
20 34 11
20 36 293
20 33 35
20 38 210
20 25 39
20 43 93
20 39 290
20 57 6
20 46 190
20 41 96
20 55 227
20 56 275
20 45 264
20 28 5
20 33 217
20 20 67
20 58 151
20 48 177
20 50 62
20 56 113
20 27 38
20 35 68
20 38 15
20 44 95
20 58 184
20 39 164
20 21 99
20 48 287
20 49 203
20 43 115
20 33 49
20 24 196
20 34 181
20 44 178
20 23 258
20 41 14
20 28 297
20 51 172
20 48 255
20 21 115
20 49 211
20 22 253
20 34 139
20 24 69
20 51 228
20 25 160
20 30 240
20 38 245
20 48 242
20 28 97
20 54 204
20 29 132
21 42 63
21 42 164
21 39 160
21 48 5
21 58 46
21 50 124
21 51 225
21 42 7
21 35 41
21 45 178
21 47 153
21 22 300
21 47 83
21 43 116
21 38 235
21 48 237
21 30 35
21 36 240
21 41 98
21 42 127
21 54 47
21 52 93
21 44 38
21 36 193
21 29 32
21 46 233
21 49 101
21 49 153
21 32 8
21 36 54
21 25 197
21 47 73
21 25 198
21 29 273
21 37 171
21 41 220
21 51 98
21 51 84
21 58 124
21 43 261
21 49 229
21 42 44
21 36 31
21 53 173
21 39 202
21 30 113
21 28 290
21 28 88
21 51 260
21 33 228
21 33 220
21 47 186
21 45 206
21 45 220
21 47 220
21 24 43
21 56 85
21 35 216
21 54 135
21 49 300
21 44 292
21 53 192
21 44 252
21 40 133
21 31 259
21 40 26
21 56 289
21 57 118
21 49 20
21 44 51
21 44 136
21 55 213
21 39 44
21 35 235
21 39 11
22 37 168
22 48 188
22 37 109
22 50 21
22 29 221
22 38 183
22 56 106
22 40 120
22 53 228
22 54 240
22 30 15
22 34 166
22 55 79
22 30 247
22 44 202
22 58 238
22 40 76
22 54 7
22 28 271
22 49 15
22 34 224
22 42 53
22 22 298
22 45 278
22 32 172
22 42 149
22 39 83
22 37 77
22 26 5
22 42 298
22 50 211
22 48 137
22 37 35
22 33 145
22 53 203
22 54 139
22 42 153
22 31 214
22 33 203
22 47 180
22 51 270
22 29 184
22 28 111
22 43 66
22 53 127
22 53 268
22 37 226
22 51 50
22 45 46
22 50 249
22 48 147
22 31 184
22 51 45
22 41 66
22 43 165
22 47 285
22 44 79
22 50 119
22 27 87
22 43 33
22 51 244
22 38 13
22 50 73
22 54 226
22 50 61
22 37 145
22 30 266
22 24 145
22 26 171
22 55 298
22 49 17
23 53 84
23 25 79
23 57 193
23 41 38
23 44 150
23 50 166
23 43 44
23 39 97
23 33 187
23 43 192
23 26 272
23 53 14
23 38 168
23 31 129
23 40 207
23 52 56
23 36 68
23 41 225
23 27 194
23 48 153
23 27 160
23 37 18
23 50 207
23 29 120
23 24 157
23 56 79
23 41 27
23 36 84
23 49 67
23 50 112
23 44 159
23 36 149
23 43 23
23 26 25
23 31 52
23 48 134
23 57 59
23 29 266
23 32 144
23 53 35
23 23 216
23 44 37
24 31 273
24 58 294
24 29 135
24 53 72
24 46 170
24 48 254
24 27 223
24 32 33
24 40 19
24 28 210
24 49 287
24 35 178
24 28 187
24 53 139
24 48 166
24 38 48
24 39 210
24 33 223
24 32 275
24 29 211
24 51 217
24 38 122
24 52 231
24 40 7
24 36 217
24 43 57
24 54 189
24 32 280
24 26 122
24 46 30
24 31 214
24 24 217
24 25 24
24 33 93
24 53 44
24 29 191
24 42 162
24 32 120
24 52 217
24 27 256
24 31 105
24 26 295
24 56 81
24 52 234
24 30 295
24 54 77
24 47 221
24 42 122
24 25 219
24 30 190
24 40 285
24 49 77
24 48 275
24 44 61
24 39 134
24 47 180
24 45 95
24 35 49
24 55 250
24 33 56
24 35 83
24 48 150
24 42 5
24 34 280
25 28 227
25 41 134
25 57 145
25 52 23
25 50 250
25 47 298
25 41 83
25 30 259
25 30 25
25 30 101
25 30 208
25 27 279
25 58 227
25 45 202
25 54 109
25 40 219
25 34 221
25 33 157
25 35 46
25 54 292
25 42 42
25 42 264
25 45 238
25 42 226
25 40 58
25 28 112
25 41 181
25 56 254
25 58 134
25 38 106
25 34 52
25 40 95
25 30 8
25 39 265
25 47 61
25 26 217
25 47 38
25 32 50
25 32 72
25 52 284
25 45 137
25 40 40
25 58 201
25 57 248
25 41 129
25 40 235
25 50 155
25 53 230
25 40 182
25 41 7
25 53 84
25 53 156
25 57 269
25 46 149
25 44 54
25 29 13
25 38 84
25 55 93
25 26 190
25 40 178
25 51 54
25 43 196
25 38 197
25 45 140
25 58 297
25 32 289
25 26 5
25 40 102
25 45 246
25 58 278
25 55 14
25 35 132
25 57 176
25 45 57
25 58 49
25 35 194
25 28 72
26 49 126
26 49 181
26 53 108
26 29 210
26 45 179
26 53 130
26 52 110
26 32 183
26 52 126
26 30 283
26 56 225
26 56 141
26 54 270
26 54 55
26 37 52
26 47 49
26 33 263
26 40 193
26 27 261
26 33 137
26 49 152
26 31 272
26 44 177
26 31 284
26 42 267
26 33 274
26 52 134
26 27 236
26 58 77
26 55 145
26 42 170
26 50 15
26 28 65
26 38 104
26 26 76
26 49 67
26 28 224
26 33 204
26 41 38
26 51 263
26 43 18
26 53 104
26 57 198
26 43 25
26 54 270
26 37 123
26 35 285
26 45 158
26 28 79
26 53 50
26 31 190
26 58 294
26 36 196
26 43 172
26 42 18
26 36 141
26 48 82
26 36 185
26 31 126
27 28 143
27 52 203
27 30 124
27 32 169
27 57 7
27 37 161
27 32 68
27 55 185
27 28 152
27 30 142
27 45 40
27 47 99
27 54 297
27 46 244
27 52 84
27 47 125
27 30 30
27 28 217
27 49 97
27 39 116
27 48 248
27 31 231
27 49 137
27 42 82
27 37 37
27 40 224
27 45 211
27 54 164
27 39 145
27 33 12
27 47 270
27 51 71
27 35 10
27 56 216
27 55 286
27 28 250
27 54 214
27 49 184
27 41 251
27 39 15
27 53 194
27 33 101
27 53 33
27 39 203
27 39 282
28 51 291
28 45 22
28 54 86
28 33 236
28 31 152
28 35 221
28 41 251
28 56 199
28 49 76
28 57 105
28 54 60
28 36 268
28 42 62
28 40 31
28 48 221
28 45 21
28 36 11
28 29 141
28 46 78
28 39 252
28 30 200
28 44 31
28 28 279
28 53 62
28 36 77
28 35 278
28 32 193
28 51 292
28 45 91
28 31 297
28 30 161
28 29 206
28 35 34
28 34 189
28 46 170
28 44 256
28 49 76
28 44 56
28 57 233
28 38 278
28 54 86
28 35 280
28 43 299
28 44 102
28 49 269
29 42 143
29 31 144
29 55 262
29 50 206
29 30 17
29 45 285
29 37 32
29 30 144
29 42 10
29 55 27
29 54 227
29 55 277
29 56 157
29 52 177
29 40 24
29 30 86
29 39 117
29 44 235
29 53 237
29 47 127
29 36 177
29 56 215
29 52 223
29 33 50
29 51 99
29 32 33
29 42 173
29 36 248
29 51 164
29 58 80
29 30 54
29 49 62
29 46 215
29 29 171
29 48 23
29 39 224
29 55 107
29 49 144
29 44 125
29 40 251
29 34 165
29 50 59
30 58 41
30 57 116
30 42 254
30 41 261
30 41 190
30 38 54
30 45 160
30 55 245
30 38 70
30 57 208
30 54 198
30 40 100
30 46 159
30 54 165
30 36 84
30 49 189
30 46 193
30 57 71
30 58 95
30 36 23
30 34 70
30 38 299
30 49 238
30 40 87
30 46 113
30 57 199
30 31 190
30 44 199
30 46 136
30 42 119
30 51 88
30 44 282
30 36 269
30 42 176
30 48 251
30 41 175
30 47 111
30 55 65
30 39 120
30 55 86
30 37 264
30 56 17
30 44 283
30 43 263
30 42 158
30 55 147
30 54 210
30 43 296
30 34 221
30 54 94
30 58 112
30 44 166
30 50 109
30 30 201
30 55 193
30 56 127
30 32 158
31 51 209
31 46 152
31 49 11
31 44 84
31 32 273
31 43 215
31 49 106
31 49 295
31 45 21
31 53 49
31 54 123
31 36 237
31 58 116
31 31 135
31 56 6
31 47 182
31 54 40
31 48 202
31 48 103
31 50 268
31 54 40
31 34 228
31 57 279
31 40 98
31 55 215
31 44 263
31 32 127
31 44 272
31 34 50
31 45 228
31 47 233
31 43 202
31 35 217
31 49 213
31 34 85
31 35 62
31 41 99
31 57 167
31 51 264
31 54 193
31 47 270
31 56 244
31 46 38
31 31 67
31 46 234
31 33 171
31 37 124
31 51 201
31 34 75
31 55 142
32 47 46
32 48 160
32 33 32
32 55 61
32 39 50
32 54 128
32 58 22
32 55 131
32 55 170
32 49 283
32 39 8
32 38 93
32 43 70
32 46 281
32 51 192
32 34 130
32 54 229
32 44 82
32 35 187
32 47 199
32 48 252
32 42 116
32 38 56
32 53 131
32 54 194
32 57 13
32 53 13
32 58 56
32 53 217
32 48 279
32 33 147
32 33 17
32 35 216
32 32 61
32 45 169
33 37 210
33 43 137
33 54 266
33 35 213
33 44 104
33 57 193
33 57 189
33 58 298
33 36 260
33 55 270
33 58 138
33 48 53
33 55 81
33 58 258
33 54 121
33 43 155
33 57 119
33 52 77
33 51 18
33 42 190
33 36 55
33 48 268
33 41 14
33 48 222
33 54 176
33 51 187
33 55 43
33 37 120
33 44 192
33 36 293
33 50 122
33 47 37
33 57 72
33 58 124
33 33 263
33 36 268
33 49 167
33 50 53
33 46 131
33 44 291
33 50 291
34 41 44
34 55 164
34 53 279
34 43 146
34 35 148
34 38 86
34 52 225
34 36 64
34 38 215
34 45 104
34 57 239
34 56 79
34 40 28
34 54 81
34 49 100
34 50 216
34 53 287
34 38 154
34 45 16
34 41 12
34 58 111
34 36 238
34 57 289
34 52 167
34 34 6
34 53 149
34 48 77
34 51 75
34 44 223
34 41 203
34 35 128
34 53 123
34 38 232
34 45 172
34 37 234
34 58 62
34 53 225
34 39 130
34 56 57
34 42 81
34 56 181
34 41 275
34 48 5
34 51 220
34 44 286
34 49 210
34 51 102
34 45 9
34 37 81
34 55 59
35 42 140
35 40 99
35 50 212
35 54 262
35 38 84
35 57 239
35 40 125
35 46 156
35 57 113
35 51 256
35 47 39
35 36 227
35 55 62
35 57 7
35 44 120
35 55 170
35 49 83
35 55 83
35 45 103
35 42 101
35 47 213
35 55 171
35 58 8
35 53 8
35 57 111
35 43 165
35 41 247
35 52 173
35 48 69
35 36 264
35 58 231
35 56 287
35 49 219
35 46 158
35 39 8
35 53 243
35 56 109
35 57 128
35 52 84
35 41 180
36 56 165
36 53 147
36 55 108
36 37 212
36 40 176
36 48 167
36 41 89
36 46 113
36 40 220
36 43 289
36 45 112
36 55 264
36 42 236
36 49 292
36 38 159
36 54 53
36 54 174
36 50 236
36 54 245
36 51 117
36 43 176
36 42 68
36 47 22
36 43 95
36 58 189
36 51 230
36 45 62
36 45 276
36 38 237
36 49 208
36 45 233
36 41 38
36 53 46
36 37 39
36 55 90
37 48 182
37 57 203
37 54 288
37 42 201
37 56 123
37 48 176
37 50 52
37 56 289
37 38 213
37 55 45
37 47 235
37 42 63
37 53 267
37 50 154
37 45 99
37 50 221
37 48 45
37 47 283
37 54 83
37 49 149
37 56 227
37 55 180
37 45 52
37 52 36
37 39 100
37 48 245
37 48 26
37 57 23
37 38 233
37 47 263
37 38 82
37 38 192
37 52 191
37 53 42
37 55 266
37 46 295
37 57 220
37 45 5
37 44 247
37 46 239
37 56 46
37 45 46
37 58 285
37 57 120
37 48 258
38 58 158
38 53 289
38 56 124
38 49 207
38 58 173
38 42 16
38 39 267
38 42 38
38 46 214
38 41 251
38 44 204
38 57 271
38 57 111
38 46 75
38 39 122
38 56 244
38 52 239
38 57 117
38 53 80
38 40 45
38 56 143
38 40 120
38 57 23
38 42 64
38 54 53
38 47 24
38 47 51
38 53 169
38 38 137
39 41 138
39 43 103
39 52 66
39 58 161
39 51 277
39 43 54
39 55 297
39 57 61
39 57 244
39 40 263
39 47 8
39 41 115
39 46 124
39 41 153
39 54 60
39 48 213
39 52 242
39 49 288
39 49 126
39 43 61
39 49 198
39 41 76
40 51 121
40 51 226
40 46 15
40 46 192
40 55 276
40 54 223
40 47 15
40 55 194
40 44 153
40 56 140
40 55 107
40 50 19
40 43 163
40 45 140
40 47 178
40 58 72
40 45 227
40 53 273
40 43 45
40 45 173
40 43 12
40 48 207
40 51 130
40 54 110
40 45 254
40 49 37
40 51 114
40 49 44
40 54 225
40 47 298
40 42 20
41 57 190
41 58 243
41 44 277
41 43 109
41 53 74
41 51 72
41 56 191
41 50 203
41 47 107
41 44 286
41 55 152
41 44 288
41 56 66
41 53 205
41 41 192
41 56 154
41 41 205
41 45 118
41 49 160
41 42 182
41 42 40
41 48 242
41 44 62
41 48 284
41 48 229
41 49 144
41 50 300
41 43 14
41 51 125
41 49 265
41 52 149
41 41 24
42 53 13
42 47 254
42 58 169
42 43 272
42 50 231
42 43 180
42 46 239
42 53 5
42 53 194
42 42 83
42 49 108
42 46 252
42 53 206
42 44 256
42 47 272
42 48 137
42 58 47
42 47 219
42 55 92
42 45 25
42 52 58
42 53 121
42 52 258
42 49 40
42 49 174
42 49 155
42 56 78
42 51 26
42 50 65
42 50 44
43 57 203
43 48 99
43 48 136
43 56 296
43 50 257
43 51 22
43 48 82
43 43 94
43 44 166
43 43 115
43 57 14
43 50 119
43 58 124
43 44 69
43 58 158
43 55 65
43 49 243
43 46 9
43 57 195
43 50 71
43 53 212
43 58 116
43 51 10
43 55 112
43 54 193
43 52 198
43 48 296
43 51 83
43 52 131
44 52 166
44 56 203
44 50 208
44 48 93
44 51 30
44 58 285
44 58 175
44 54 181
44 52 233
44 51 49
44 44 258
44 53 114
44 57 156
44 56 171
44 57 201
44 51 226
44 49 145
44 53 48
44 55 109
44 46 297
44 46 21
45 49 248
45 50 51
45 56 99
45 55 26
45 58 40
45 52 79
45 50 40
45 54 237
45 57 278
45 49 254
45 47 278
45 53 292
45 57 287
45 53 144
45 54 69
45 56 24
45 50 52
45 51 172
45 56 214
45 55 239
45 56 107
45 50 19
45 58 288
45 53 110
46 54 9
46 50 159
46 56 34
46 57 273
46 53 179
46 55 213
46 46 211
46 55 96
46 58 283
46 49 136
46 53 32
46 57 94
46 58 157
46 57 213
46 53 294
46 53 90
46 50 16
46 46 96
46 46 33
46 47 259
47 48 35
47 49 250
47 48 263
47 56 238
47 50 39
47 52 254
47 55 53
47 50 93
47 56 138
47 57 42
47 47 153
47 56 267
47 55 248
48 53 289
48 51 137
48 50 218
48 56 168
48 52 253
48 52 156
48 52 73
48 49 255
48 51 281
48 51 55
48 58 42
48 55 176
48 57 115
48 49 219
48 54 154
48 56 189
48 57 67
48 54 247
49 57 11
49 51 286
49 52 70
49 51 219
49 58 263
49 51 257
49 58 111
49 51 115
49 51 202
49 55 68
49 54 277
49 49 79
49 58 247
49 56 189
49 54 60
49 53 232
49 58 142
49 54 105
49 49 211
50 52 152
50 58 70
50 58 224
50 55 110
50 56 26
50 56 158
50 52 297
50 51 77
50 55 236
50 57 177
50 50 122
50 51 237
50 54 150
50 51 261
50 51 287
50 57 95
51 58 298
51 55 291
51 56 75
51 56 240
51 54 131
51 55 104
51 52 56
51 56 126
51 54 296
51 52 57
51 52 219
51 52 141
52 54 236
52 52 5
52 54 71
52 56 71
52 56 43
52 56 295
52 57 278
52 56 11
52 56 73
53 56 127
53 57 250
53 56 242
53 54 234
53 55 24
53 55 170
53 54 19
53 54 81
53 56 17
53 58 16
54 54 195
54 57 230
54 55 12
54 57 281
54 55 136
55 57 90
55 56 51
55 57 208
56 57 123
57 57 220
57 57 35
