65 2726
1 40 148
1 27 186
1 20 16
1 49 85
1 22 185
1 60 252
1 48 238
1 60 195
1 12 222
1 56 191
1 41 76
1 42 173
1 32 283
1 25 246
1 57 62
1 62 186
1 3 207
1 54 231
1 29 182
1 41 291
1 27 286
1 14 199
1 63 270
1 63 88
1 32 186
1 4 111
1 51 184
1 24 243
1 48 74
1 16 127
1 46 95
1 48 150
1 22 162
1 17 37
1 43 264
1 33 122
1 32 186
1 21 224
1 16 125
1 47 115
1 39 181
1 26 103
1 35 126
1 18 162
1 29 276
1 45 151
1 26 263
1 44 122
1 45 267
1 30 204
1 46 197
1 25 282
1 28 140
1 42 242
1 11 115
1 32 118
1 49 94
1 25 148
1 27 269
1 35 103
1 52 252
1 39 39
1 34 13
1 30 136
1 64 74
1 36 138
1 16 189
1 5 142
1 25 19
1 45 156
1 56 201
1 33 179
1 22 75
1 17 58
1 43 263
1 62 52
1 4 29
1 53 288
1 54 273
1 60 157
1 64 127
1 64 208
1 52 56
1 24 290
1 39 71
1 64 12
1 34 31
1 9 93
1 36 67
1 28 95
1 34 187
1 26 247
1 32 138
2 4 270
2 58 47
2 22 295
2 12 240
2 54 270
2 63 247
2 4 139
2 41 195
2 26 268
2 51 196
2 31 279
2 21 82
2 3 121
2 5 219
2 19 232
2 59 284
2 60 93
2 21 162
2 12 164
2 48 205
2 11 49
2 41 205
2 43 130
2 29 224
2 32 27
2 22 138
2 17 290
2 13 9
2 28 125
2 59 36
2 63 141
2 47 5
2 4 171
2 7 35
2 47 170
2 60 300
2 37 101
2 35 291
2 57 65
2 50 97
2 48 282
2 32 109
2 7 248
2 20 119
2 26 138
2 65 244
2 5 29
2 51 139
2 19 74
2 54 288
2 2 103
2 62 208
2 14 44
2 12 228
2 30 192
2 24 30
2 5 159
2 49 194
2 54 243
2 60 105
2 58 293
2 42 94
2 31 103
2 27 56
2 56 113
2 33 139
2 21 184
2 17 232
2 25 177
2 3 278
2 7 241
2 56 199
2 13 125
2 39 297
2 62 132
2 64 156
2 40 269
2 60 20
2 53 231
2 29 272
2 2 16
2 5 44
3 29 9
3 17 274
3 27 110
3 15 244
3 39 241
3 35 27
3 49 177
3 36 99
3 64 144
3 59 180
3 61 228
3 11 124
3 45 285
3 18 5
3 51 294
3 46 134
3 29 84
3 60 44
3 6 193
3 56 101
3 58 251
3 7 68
3 41 296
3 27 224
3 12 249
3 61 190
3 27 144
3 64 128
3 65 248
3 30 62
3 48 137
3 33 222
3 9 243
3 32 121
3 65 61
3 57 155
3 52 89
3 51 138
3 46 56
3 27 100
3 38 47
3 46 190
3 5 63
3 12 43
3 11 276
3 8 242
3 56 141
3 56 104
3 52 165
3 27 10
3 42 232
3 57 123
3 47 141
3 37 185
3 27 71
3 5 6
3 34 210
3 61 237
3 46 126
3 24 257
3 15 237
3 43 108
3 10 222
3 35 286
3 33 96
3 46 254
3 56 30
3 10 127
3 46 114
3 18 85
3 28 132
3 24 21
3 24 240
3 61 206
3 37 78
3 28 49
3 40 276
3 17 96
3 46 175
3 30 181
3 39 296
3 14 270
3 13 151
3 28 150
3 9 138
3 43 86
3 36 275
3 18 89
3 45 50
3 40 102
3 3 73
3 59 150
4 49 67
4 15 272
4 7 59
4 9 61
4 56 174
4 49 266
4 46 277
4 39 184
4 48 140
4 31 238
4 37 204
4 30 281
4 8 44
4 50 75
4 41 63
4 38 210
4 13 159
4 57 92
4 60 300
4 15 18
4 32 226
4 13 104
4 37 69
4 62 184
4 15 63
4 48 209
4 12 138
4 35 192
4 22 258
4 7 153
4 48 143
4 55 284
4 9 20
4 22 268
4 32 188
4 53 150
4 61 297
4 51 137
4 41 215
4 42 113
4 21 296
4 55 153
4 56 292
4 58 85
4 51 170
4 14 48
4 9 58
4 22 136
4 37 173
4 11 105
4 38 129
4 6 48
4 59 231
4 45 176
4 8 265
4 52 240
4 63 211
4 36 273
4 55 228
4 31 27
4 55 47
4 34 250
4 12 257
4 47 100
4 9 73
4 17 255
4 48 142
4 48 91
4 21 135
4 62 23
4 23 170
4 34 201
4 27 94
4 45 7
5 63 292
5 62 189
5 50 23
5 42 105
5 48 135
5 59 114
5 64 130
5 45 245
5 56 21
5 40 236
5 10 164
5 7 113
5 17 160
5 56 285
5 33 258
5 40 264
5 5 278
5 35 257
5 6 26
5 26 174
5 26 103
5 25 254
5 44 146
5 28 175
5 24 77
5 11 219
5 30 216
5 37 288
5 6 182
5 43 287
5 42 113
5 8 226
5 12 95
5 37 213
5 46 193
5 29 169
5 26 198
5 28 155
5 7 232
5 62 255
5 19 288
5 50 239
5 39 235
5 61 150
5 55 29
5 27 210
5 41 216
5 59 51
5 28 134
5 37 226
5 18 165
5 54 37
5 58 185
5 33 59
5 13 277
5 43 264
5 27 258
5 38 84
5 30 211
5 45 107
5 47 218
5 6 129
5 62 168
5 53 142
5 63 93
5 22 106
5 50 289
5 29 226
5 8 297
5 32 283
5 61 14
5 41 232
5 64 109
5 35 169
5 18 243
5 56 51
5 34 272
5 23 190
6 30 233
6 32 211
6 12 118
6 54 71
6 28 66
6 63 135
6 9 286
6 21 164
6 24 51
6 32 121
6 41 144
6 50 283
6 6 149
6 50 200
6 26 101
6 57 97
6 60 108
6 20 259
6 10 45
6 47 117
6 10 195
6 43 186
6 30 90
6 46 121
6 40 85
6 25 260
6 48 31
6 38 15
6 44 147
6 58 102
6 12 294
6 24 190
6 20 288
6 59 300
6 50 67
6 8 76
6 46 32
6 32 273
6 16 74
6 10 7
6 48 202
6 58 7
6 36 35
6 8 98
6 34 82
6 13 268
6 55 62
6 12 127
6 36 147
6 40 65
6 13 183
6 16 296
6 11 112
6 45 64
6 42 165
6 28 14
6 25 138
6 15 140
6 15 247
6 27 149
6 41 174
6 16 113
6 6 14
6 47 133
6 49 102
6 44 178
6 46 57
6 32 285
6 58 57
6 40 251
7 63 17
7 22 239
7 41 122
7 35 87
7 26 123
7 47 271
7 33 212
7 64 71
7 9 296
7 25 241
7 10 27
7 10 13
7 21 188
7 35 178
7 49 239
7 32 86
7 55 277
7 24 158
7 63 93
7 40 129
7 22 63
7 63 202
7 7 184
7 29 66
7 44 36
7 29 173
7 31 24
7 7 53
7 58 71
7 13 168
7 34 242
7 58 233
7 63 165
7 50 289
7 24 170
7 48 145
7 47 183
7 35 85
7 51 264
7 61 293
7 10 220
7 22 237
7 65 265
7 29 20
7 58 170
7 58 213
7 57 50
7 31 273
7 26 183
7 31 41
7 52 148
7 28 209
7 52 256
7 65 27
7 14 40
7 28 82
7 36 267
7 23 220
7 59 174
7 25 155
7 9 215
7 63 174
7 63 184
7 62 208
7 42 166
7 17 7
7 65 92
7 13 126
7 37 123
7 22 265
7 14 116
7 14 287
7 60 138
7 43 237
7 46 262
7 64 32
7 27 135
8 60 267
8 30 265
8 37 269
8 41 221
8 39 277
8 61 250
8 21 278
8 57 87
8 51 133
8 62 8
8 40 75
8 48 281
8 40 35
8 22 94
8 51 18
8 34 230
8 31 76
8 40 66
8 62 93
8 10 137
8 9 215
8 20 267
8 36 120
8 8 58
8 37 229
8 59 293
8 48 204
8 27 157
8 62 186
8 41 113
8 20 250
8 49 154
8 60 84
8 29 158
8 39 20
8 15 206
8 55 233
8 11 15
8 13 279
8 61 92
8 15 141
8 40 283
8 9 24
8 30 295
8 38 119
8 50 193
8 23 269
8 38 294
8 55 120
8 25 185
8 40 211
8 41 134
8 24 26
8 11 263
8 47 211
8 51 288
8 51 109
8 29 229
8 42 78
8 9 244
9 60 122
9 51 221
9 42 175
9 18 239
9 37 225
9 48 127
9 26 105
9 10 229
9 34 294
9 10 220
9 50 71
9 26 229
9 15 101
9 57 104
9 62 94
9 45 119
9 61 217
9 50 294
9 27 296
9 50 13
9 28 97
9 63 10
9 42 242
9 54 62
9 64 27
9 30 239
9 18 187
9 39 266
9 19 185
9 22 227
9 25 11
9 14 98
9 41 163
9 47 74
9 16 24
9 58 162
9 20 189
9 46 299
9 44 192
9 33 177
9 37 106
9 18 32
9 22 78
9 30 82
9 52 118
9 13 83
9 57 22
9 22 147
9 56 83
9 63 182
9 29 117
9 27 131
9 62 39
9 28 257
9 11 271
9 27 100
9 56 65
9 41 255
9 10 84
9 24 286
9 31 25
9 26 132
9 59 259
9 37 195
9 48 120
9 26 110
9 43 60
9 52 46
9 49 224
9 22 117
9 44 97
9 64 45
9 56 141
9 26 149
9 61 146
9 53 73
10 62 141
10 35 263
10 38 142
10 12 153
10 18 58
10 11 85
10 41 224
10 46 101
10 39 60
10 50 13
10 58 226
10 16 154
10 65 131
10 29 19
10 29 18
10 10 156
10 51 289
10 24 106
10 31 75
10 52 195
10 26 252
10 33 70
10 59 209
10 50 25
10 29 287
10 30 173
10 53 25
10 26 227
10 37 42
10 61 182
10 23 12
10 24 78
10 38 103
10 44 262
10 42 279
10 58 212
10 41 91
10 25 88
10 62 28
10 35 110
10 19 20
10 21 75
10 36 201
10 63 195
10 62 148
10 18 16
10 51 159
10 28 147
10 17 183
10 46 45
10 13 285
10 63 123
10 38 167
10 10 116
10 53 145
10 28 257
10 38 178
10 60 68
10 20 109
10 29 106
10 33 12
10 61 211
10 12 285
10 25 173
11 64 54
11 52 87
11 11 256
11 15 7
11 47 247
11 22 145
11 54 211
11 49 240
11 34 73
11 54 251
11 62 254
11 19 89
11 13 200
11 26 181
11 28 215
11 18 257
11 23 144
11 54 277
11 33 229
11 47 182
11 13 235
11 40 244
11 48 75
11 63 103
11 48 43
11 11 18
11 64 78
11 11 280
11 25 210
11 46 38
11 36 48
11 55 43
11 15 153
11 64 87
11 54 40
11 33 251
11 16 6
11 53 181
11 42 216
11 36 100
11 19 16
11 60 148
11 25 73
11 16 112
11 53 20
11 31 119
11 28 172
11 58 148
11 58 129
11 11 69
11 54 121
11 55 296
11 61 28
11 51 265
11 42 270
11 65 144
11 48 113
11 24 258
11 43 147
11 42 290
11 15 170
11 60 198
11 24 15
11 27 146
11 42 164
11 65 147
11 20 134
11 18 297
11 64 122
11 23 162
11 35 80
11 59 160
11 18 51
11 28 214
11 15 147
11 38 282
11 30 8
11 64 221
11 41 134
11 52 274
11 57 147
11 65 106
11 54 230
12 37 55
12 20 168
12 25 136
12 48 171
12 14 6
12 16 51
12 29 19
12 45 205
12 65 71
12 14 139
12 33 257
12 54 289
12 12 102
12 24 226
12 21 166
12 33 35
12 16 233
12 23 152
12 32 262
12 43 86
12 45 280
12 61 32
12 19 23
12 33 217
12 14 277
12 29 198
12 43 121
12 50 163
12 37 52
12 64 270
12 16 71
12 45 9
12 52 10
12 35 100
12 64 156
12 19 115
12 22 112
12 45 170
12 56 189
12 60 105
12 53 46
12 28 36
12 25 226
12 47 98
12 38 280
12 44 141
12 23 209
12 24 125
12 48 52
12 59 296
12 33 299
12 29 215
12 22 229
12 65 126
12 58 16
12 43 46
12 22 217
12 31 202
12 55 223
12 26 37
12 64 100
12 27 80
12 25 164
12 13 44
12 33 179
13 61 63
13 59 258
13 63 204
13 28 55
13 63 139
13 41 16
13 65 43
13 35 239
13 46 136
13 32 25
13 17 194
13 51 137
13 18 51
13 36 68
13 28 240
13 30 195
13 50 147
13 49 140
13 65 183
13 30 43
13 14 105
13 22 23
13 21 41
13 59 264
13 48 124
13 54 84
13 35 97
13 24 58
13 55 128
13 54 117
13 32 253
13 31 56
13 19 30
13 16 65
13 63 69
13 19 52
13 56 166
13 45 162
13 19 14
13 56 206
13 28 65
13 55 144
13 45 26
13 25 151
13 57 154
13 32 68
13 21 38
13 56 95
13 24 286
13 45 82
13 34 150
13 32 133
13 61 46
13 22 57
13 63 98
13 29 38
13 21 248
14 52 37
14 63 214
14 31 29
14 26 43
14 25 275
14 17 32
14 56 216
14 52 260
14 40 248
14 63 257
14 44 107
14 56 258
14 24 199
14 48 236
14 38 269
14 32 215
14 44 199
14 15 221
14 57 59
14 39 14
14 43 238
14 54 26
14 59 195
14 18 187
14 64 263
14 32 210
14 63 261
14 27 232
14 61 184
14 49 50
14 28 113
14 49 213
14 45 212
14 16 32
14 18 163
14 44 159
14 44 215
14 59 191
14 52 149
14 38 200
14 47 247
14 41 36
14 31 141
14 52 85
14 21 210
14 23 160
14 60 237
14 21 298
14 28 204
14 38 88
14 22 42
14 18 232
14 62 195
14 29 92
14 43 19
14 34 123
14 42 103
14 55 285
14 15 213
14 17 52
14 18 142
14 24 180
14 37 159
14 63 229
14 28 87
14 57 77
14 50 173
14 57 22
14 30 128
14 26 173
14 58 5
14 21 239
14 57 111
14 16 213
14 64 262
14 24 215
14 34 152
15 19 251
15 19 268
15 20 38
15 57 148
15 51 45
15 51 65
15 35 127
15 56 34
15 36 294
15 61 145
15 26 271
15 34 249
15 46 163
15 46 173
15 47 198
15 33 235
15 46 100
15 30 284
15 24 300
15 63 48
15 55 258
15 29 58
15 54 14
15 24 70
15 27 235
15 24 43
15 31 46
15 42 215
15 59 120
15 45 254
15 37 291
15 55 199
15 17 59
15 40 148
15 27 79
15 41 71
15 45 12
15 60 140
15 53 88
15 41 263
15 18 167
15 65 270
15 19 256
15 26 50
15 27 37
15 53 14
15 62 88
15 33 69
15 37 107
15 21 86
15 35 108
15 15 210
15 33 272
15 23 293
15 65 24
15 36 273
15 26 160
15 57 222
15 48 283
15 57 136
15 41 171
16 24 243
16 44 102
16 17 103
16 52 180
16 23 208
16 39 115
16 23 200
16 20 73
16 47 165
16 37 276
16 58 225
16 23 285
16 28 47
16 47 239
16 46 233
16 55 177
16 28 262
16 27 255
16 56 280
16 18 289
16 64 119
16 57 267
16 20 98
16 23 179
16 44 173
16 25 9
16 20 256
16 30 256
16 17 129
16 21 137
16 21 233
16 43 242
16 58 94
16 17 280
16 33 150
16 31 246
16 44 114
16 45 292
16 55 12
16 56 244
16 60 88
16 44 295
16 28 114
16 31 145
16 31 173
16 17 207
16 50 204
16 60 213
16 42 205
16 48 74
16 19 16
16 34 82
16 59 94
16 44 234
16 25 225
16 25 49
16 45 40
16 31 34
16 29 296
16 41 36
16 41 212
16 39 160
16 33 32
16 50 296
16 61 225
17 21 46
17 60 223
17 42 12
17 43 233
17 49 211
17 65 123
17 28 94
17 29 90
17 24 173
17 25 239
17 53 199
17 30 204
17 38 10
17 42 248
17 27 204
17 25 256
17 31 53
17 48 82
17 29 279
17 27 114
17 45 228
17 28 101
17 60 179
17 20 132
17 43 200
17 64 97
17 56 61
17 61 53
17 34 156
17 23 264
17 57 95
17 54 103
17 59 67
17 33 29
17 18 114
17 40 207
17 35 11
17 34 123
17 33 192
17 19 215
17 47 295
17 42 5
17 18 212
17 54 293
17 25 128
17 56 190
17 64 8
17 36 211
17 57 17
17 35 204
17 44 150
17 55 54
17 53 71
17 23 99
17 55 41
17 33 47
17 27 35
17 37 33
17 43 19
17 43 124
17 38 42
18 38 239
18 33 205
18 37 99
18 20 12
18 40 203
18 39 268
18 44 271
18 45 180
18 57 151
18 52 32
18 21 104
18 24 179
18 27 47
18 23 95
18 43 72
18 55 105
18 53 292
18 22 178
18 58 105
18 39 40
18 52 152
18 35 254
18 62 163
18 63 179
18 52 15
18 44 171
18 47 263
18 49 105
18 31 71
18 58 257
18 60 277
18 24 169
18 33 280
18 19 221
18 61 242
18 49 262
18 55 294
18 54 166
18 35 210
18 56 55
18 59 83
18 36 25
18 65 291
18 25 90
18 29 240
18 43 142
18 24 17
18 40 255
18 53 68
18 33 256
18 28 155
18 62 80
18 27 150
18 60 182
18 19 210
18 18 192
18 54 69
18 40 38
18 34 131
18 65 190
18 48 244
18 59 70
18 51 242
18 45 36
18 36 77
19 42 91
19 64 144
19 33 193
19 37 253
19 38 173
19 59 221
19 35 278
19 30 284
19 64 44
19 55 119
19 50 12
19 21 227
19 60 123
19 20 66
19 56 5
19 40 111
19 29 38
19 61 100
19 28 286
19 36 106
19 59 97
19 41 206
19 62 103
19 28 264
19 38 23
19 31 156
19 36 48
19 29 200
19 61 79
19 42 33
19 55 37
19 58 118
19 52 232
19 49 33
19 30 23
19 34 19
19 59 84
19 47 214
19 20 256
19 23 121
19 31 184
19 36 12
19 65 195
19 36 116
19 64 109
19 23 89
19 21 38
19 61 279
19 29 196
19 28 112
19 63 19
19 42 49
19 64 154
19 45 137
19 62 226
19 58 47
19 43 90
19 39 12
19 29 239
19 21 62
19 29 111
19 23 259
19 65 167
19 26 135
19 57 59
19 40 20
19 24 69
19 20 128
19 24 88
20 24 78
20 47 231
20 57 19
20 52 180
20 41 223
20 52 209
20 33 141
20 47 161
20 35 146
20 49 151
20 63 178
20 46 253
20 45 90
20 64 242
20 24 144
20 44 295
20 64 98
20 41 177
20 37 151
20 24 164
20 26 191
20 33 224
20 24 82
20 41 58
20 54 141
20 52 62
20 63 120
20 43 55
20 54 75
20 38 189
20 35 129
20 58 95
20 40 148
20 52 157
20 50 176
20 36 224
20 26 66
20 26 32
20 54 53
20 38 67
20 65 249
20 64 201
20 27 164
20 46 6
20 33 119
20 42 27
20 30 98
20 54 220
20 28 298
20 55 223
20 39 266
20 32 118
21 37 212
21 55 235
21 43 18
21 54 127
21 59 145
21 53 217
21 21 186
21 45 44
21 24 163
21 41 206
21 23 24
21 24 32
21 39 137
21 64 70
21 55 272
21 60 89
21 37 117
21 60 216
21 56 205
21 59 81
21 60 185
21 56 15
21 24 36
21 61 277
21 32 83
21 53 73
21 36 181
21 49 234
21 28 176
21 34 47
21 34 25
21 46 293
21 22 240
21 54 178
21 30 192
21 26 9
21 26 116
21 33 256
21 28 92
21 39 255
21 34 165
21 44 200
21 47 129
21 52 33
21 52 125
21 59 264
21 46 286
21 64 144
21 49 196
21 45 148
21 30 43
21 37 298
21 41 143
21 54 299
21 26 146
21 42 266
21 24 280
21 37 48
21 62 244
21 34 217
21 28 6
21 36 242
21 40 11
21 34 290
21 59 197
21 24 52
21 47 177
21 43 252
21 57 29
21 51 183
21 63 133
21 34 129
21 48 272
21 58 94
21 40 214
22 42 43
22 55 272
22 57 5
22 58 253
22 25 144
22 25 37
22 34 84
22 51 187
22 40 166
22 31 49
22 42 171
22 46 38
22 54 55
22 28 242
22 47 170
22 65 126
22 37 283
22 23 232
22 60 25
22 41 110
22 57 20
22 45 100
22 65 167
22 38 176
22 46 147
22 46 51
22 45 38
22 57 77
22 30 205
22 42 97
22 51 56
22 61 18
22 37 239
22 43 205
22 32 5
22 53 220
22 54 55
22 23 188
22 45 158
22 44 25
22 28 106
22 38 208
22 34 267
22 61 60
22 45 269
22 41 63
22 48 236
22 45 10
22 29 127
22 31 32
22 42 14
22 41 200
23 35 160
23 59 183
23 34 279
23 36 141
23 41 77
23 58 105
23 54 129
23 57 45
23 38 280
23 63 20
23 57 22
23 65 136
23 25 251
23 24 196
23 42 241
23 34 181
23 56 296
23 29 183
23 62 197
23 33 80
23 50 207
23 31 266
23 33 11
23 55 125
23 65 135
23 52 100
23 63 45
23 63 284
23 37 54
23 61 245
23 26 150
23 24 12
23 36 285
23 27 74
23 35 20
23 26 229
23 57 24
23 28 219
23 36 266
23 48 103
23 35 157
23 29 122
23 24 22
23 38 52
23 63 272
23 47 13
23 25 275
23 45 197
23 53 115
23 32 36
23 53 82
23 43 213
23 45 136
23 36 265
23 64 16
23 27 253
23 41 99
23 58 247
23 45 163
23 46 52
23 50 138
23 36 90
23 44 281
24 49 23
24 34 86
24 44 10
24 51 185
24 53 33
24 49 23
24 25 166
24 27 150
24 39 237
24 27 17
24 36 42
24 26 68
24 51 158
24 57 70
24 44 68
24 51 132
24 25 183
24 50 60
24 30 253
24 32 157
24 54 86
24 46 63
24 51 137
24 49 60
24 36 145
24 65 276
24 56 180
24 46 167
24 27 28
24 55 64
24 45 247
24 38 294
24 59 253
24 49 98
24 26 75
24 27 38
24 48 197
24 30 160
24 29 275
24 47 191
24 24 187
24 64 117
24 30 269
24 30 169
24 32 282
24 30 253
24 30 170
24 51 264
24 65 276
24 49 170
24 31 135
24 35 127
24 47 115
24 32 29
25 44 25
25 53 296
25 57 49
25 63 201
25 25 21
25 59 49
25 39 106
25 28 218
25 40 51
25 65 136
25 54 21
25 49 9
25 47 104
25 42 70
25 37 283
25 50 100
25 54 112
25 51 281
25 50 247
25 29 201
25 45 270
25 60 187
25 35 91
25 63 37
25 44 254
25 51 69
25 28 181
25 47 196
25 57 87
25 49 47
25 63 206
25 37 15
25 45 279
25 48 47
25 50 243
25 33 14
25 35 182
25 39 97
25 34 255
25 45 205
25 33 195
25 48 247
25 42 69
25 61 97
25 50 238
25 31 117
25 59 245
25 40 246
25 27 185
25 37 91
25 56 142
25 59 153
25 33 213
25 29 290
25 60 297
25 35 100
25 55 297
25 45 291
25 62 179
25 31 69
25 59 147
25 32 294
25 57 173
26 35 45
26 61 137
26 53 222
26 61 278
26 49 280
26 33 56
26 28 207
26 61 188
26 36 132
26 34 264
26 61 163
26 61 174
26 48 147
26 35 95
26 40 57
26 55 186
26 29 167
26 52 186
26 48 233
26 57 239
26 26 11
26 53 262
26 48 75
26 29 53
26 32 291
26 34 225
26 58 181
26 39 172
26 51 100
26 38 256
26 53 256
26 34 199
26 38 95
26 54 146
26 54 138
26 53 7
26 28 160
26 62 277
26 50 143
26 41 68
26 27 280
26 58 291
26 41 23
26 37 91
26 65 212
26 61 77
26 34 228
26 47 194
26 48 297
26 48 240
26 52 132
27 52 182
27 52 298
27 38 17
27 43 24
27 45 21
27 50 251
27 35 11
27 61 281
27 62 110
27 65 98
27 40 78
27 50 271
27 31 273
27 38 219
27 64 223
27 60 120
27 39 203
27 64 213
27 28 119
27 44 163
27 56 83
27 45 211
27 39 92
27 41 141
27 53 229
27 47 244
27 49 210
27 42 110
27 48 295
27 63 212
27 58 154
27 47 146
27 28 38
27 48 158
27 62 102
27 30 164
27 49 173
27 32 156
27 34 185
27 53 113
27 38 229
27 42 289
27 49 184
27 32 298
27 33 5
27 60 284
27 35 22
27 36 282
27 38 184
27 44 195
28 40 201
28 35 102
28 33 41
28 64 277
28 40 130
28 50 227
28 59 42
28 43 295
28 51 155
28 34 150
28 47 199
28 46 61
28 54 208
28 55 128
28 57 142
28 55 263
28 45 98
28 49 84
28 57 250
28 42 60
28 53 40
28 54 100
28 56 264
28 56 115
28 57 215
28 41 159
28 65 235
28 57 242
28 63 135
28 49 178
28 28 197
28 48 105
28 42 223
28 29 229
28 30 82
28 47 261
28 62 130
28 62 294
28 45 283
28 61 206
28 58 215
28 39 268
28 56 134
28 57 143
28 51 269
28 59 285
28 32 80
28 43 200
28 47 41
28 31 83
29 56 85
29 43 218
29 36 289
29 29 84
29 40 159
29 52 187
29 54 149
29 37 65
29 39 43
29 31 82
29 50 139
29 31 267
29 63 238
29 59 40
29 54 109
29 47 233
29 42 8
29 55 198
29 33 299
29 37 261
29 39 257
29 48 274
29 57 256
29 63 153
29 32 276
29 58 244
29 54 161
29 56 205
29 39 267
29 55 208
29 34 240
29 41 281
29 60 289
29 60 216
29 62 84
29 30 77
29 30 53
29 50 120
29 49 85
29 45 258
29 44 232
29 43 199
29 30 144
29 38 298
29 40 189
29 41 43
29 58 120
29 35 77
29 61 11
29 29 277
29 29 18
29 31 34
29 62 287
30 33 131
30 38 236
30 40 209
30 33 201
30 39 281
30 63 69
30 55 87
30 54 136
30 32 81
30 44 213
30 60 130
30 38 120
30 31 276
30 31 24
30 63 60
30 52 193
30 35 73
30 44 187
30 37 290
30 33 146
30 37 144
30 38 19
30 33 240
30 63 104
30 45 285
30 50 68
30 57 300
30 46 220
30 45 43
30 54 282
30 57 36
31 62 50
31 51 58
31 57 233
31 44 164
31 55 144
31 53 206
31 62 143
31 34 190
31 65 24
31 62 5
31 40 292
31 57 178
31 39 269
31 48 88
31 63 246
31 39 194
31 39 236
31 39 23
31 54 300
31 39 280
31 44 16
31 37 170
31 65 149
31 63 103
31 42 10
31 60 230
31 59 97
31 35 280
31 58 94
31 41 92
31 47 191
31 65 279
31 50 79
31 43 254
31 64 60
31 42 245
31 41 278
31 47 5
31 62 123
31 37 130
32 59 291
32 51 164
32 32 104
32 40 26
32 44 108
32 35 244
32 39 115
32 50 286
32 36 242
32 51 268
32 61 230
32 48 300
32 50 213
32 47 141
32 64 119
32 44 103
32 62 229
32 38 282
32 51 146
32 44 104
32 58 176
32 42 44
32 38 83
32 41 277
32 41 271
32 38 236
32 46 255
32 57 33
32 32 230
32 49 249
32 44 236
32 37 228
32 53 218
32 61 144
32 48 155
32 33 207
32 59 105
32 34 211
32 46 160
32 55 43
32 49 159
32 49 28
32 43 70
32 51 285
32 64 158
32 62 219
32 33 52
33 41 256
33 46 215
33 36 196
33 39 123
33 62 233
33 62 138
33 40 178
33 34 14
33 58 275
33 61 174
33 48 199
33 49 75
33 45 110
33 65 179
33 60 51
33 65 104
33 38 196
33 50 17
33 58 236
33 48 176
33 54 210
33 48 46
33 46 217
33 63 157
33 34 60
33 56 146
33 62 7
33 49 98
33 43 66
33 34 232
33 49 277
33 45 130
33 44 33
34 52 121
34 61 33
34 59 224
34 39 57
34 38 55
34 42 78
34 42 70
34 43 40
34 65 178
34 40 281
34 49 257
34 34 226
34 42 248
34 44 176
34 46 177
34 55 181
34 65 98
34 37 238
34 35 279
34 52 10
34 60 181
34 65 221
34 59 29
34 60 75
34 45 158
34 34 72
34 62 221
34 35 139
34 45 229
34 62 60
34 43 169
34 62 239
34 37 206
35 42 20
35 55 67
35 54 222
35 58 31
35 63 261
35 58 246
35 55 48
35 63 37
35 52 87
35 36 166
35 44 75
35 59 219
35 44 72
35 39 236
35 37 39
35 40 126
35 43 79
35 35 135
35 48 186
35 54 15
35 56 232
35 48 8
35 49 48
35 36 253
35 52 22
35 45 123
35 56 281
35 53 160
35 42 291
35 47 226
35 62 26
35 36 134
35 57 226
35 54 230
35 45 76
35 42 166
35 49 213
35 60 107
35 55 178
35 57 283
35 53 249
35 46 69
35 44 104
35 62 41
35 38 232
35 57 173
36 61 242
36 40 209
36 65 44
36 42 18
36 52 138
36 63 137
36 57 88
36 45 184
36 55 274
36 43 257
36 42 198
36 41 245
36 60 26
36 38 20
36 41 268
36 54 297
36 42 213
36 49 74
36 51 176
36 57 297
36 53 136
36 57 29
36 55 228
36 50 164
36 60 69
36 50 21
36 61 183
36 51 282
36 58 230
36 45 166
37 62 195
37 64 158
37 58 74
37 38 279
37 63 26
37 42 113
37 45 110
37 52 55
37 38 120
37 48 110
37 65 49
37 46 63
37 59 154
37 58 46
37 54 283
37 43 140
37 53 84
37 43 291
37 44 180
37 61 92
37 39 213
37 41 190
37 65 124
37 46 265
37 47 184
37 38 18
37 61 289
37 50 293
37 42 187
37 47 114
37 51 108
37 65 185
37 47 293
37 61 262
37 44 72
37 45 46
37 46 119
37 61 278
38 59 266
38 52 135
38 63 157
38 39 243
38 47 168
38 39 252
38 41 139
38 45 278
38 64 259
38 47 31
38 43 250
38 54 111
38 62 155
38 57 51
38 40 93
38 58 279
38 41 71
38 39 112
38 63 11
38 59 270
38 47 144
38 43 195
38 65 35
38 52 185
38 65 262
38 41 47
38 39 177
38 61 131
38 40 108
38 63 18
38 54 169
38 38 187
38 53 280
38 55 124
38 40 228
38 57 273
38 43 129
38 63 168
38 54 222
39 57 255
39 45 133
39 58 117
39 54 9
39 65 168
39 56 68
39 44 150
39 63 101
39 52 258
39 50 27
39 65 150
39 64 285
39 62 216
39 41 131
39 60 120
39 60 184
39 47 188
39 52 222
39 48 212
39 51 82
39 44 45
39 60 260
39 60 217
39 50 199
39 47 243
39 64 146
39 47 44
39 47 265
39 55 240
39 60 24
39 57 213
39 46 165
39 45 231
39 48 269
40 42 14
40 59 7
40 52 274
40 63 197
40 52 193
40 42 264
40 60 178
40 52 240
40 63 106
40 55 211
40 45 274
40 65 93
40 55 24
40 41 44
40 63 104
40 57 246
40 62 10
40 50 29
40 50 37
40 52 61
41 56 153
41 61 240
41 46 295
41 62 70
41 60 37
41 64 186
41 53 203
41 44 242
41 56 66
41 54 41
41 53 259
41 43 24
41 43 26
41 48 96
41 44 71
41 51 71
41 51 131
41 44 74
41 61 215
41 65 19
41 48 36
41 64 28
41 47 225
41 46 171
41 45 213
41 54 143
41 55 118
41 60 234
41 42 139
41 42 209
41 45 56
41 56 169
41 65 36
41 52 299
42 43 190
42 45 89
42 60 163
42 49 164
42 49 295
42 58 256
42 51 224
42 64 74
42 50 282
42 44 85
42 56 93
42 52 197
42 56 249
42 46 168
42 45 142
42 50 186
42 43 41
42 57 41
42 61 149
42 57 227
42 59 232
42 60 114
42 42 273
42 52 126
42 61 206
42 51 107
42 51 53
42 51 218
42 58 87
42 53 296
42 58 270
42 60 203
42 57 92
42 51 175
42 55 248
42 55 274
42 61 104
42 46 41
42 60 154
42 63 8
43 65 262
43 48 65
43 47 56
43 60 110
43 53 175
43 49 238
43 51 47
43 53 288
43 57 97
43 62 268
43 62 6
43 58 282
43 57 150
43 57 12
43 62 16
43 59 102
43 55 270
43 46 279
43 56 62
43 57 180
43 48 33
43 57 40
43 51 233
43 48 24
44 60 65
44 65 242
44 54 158
44 62 101
44 59 279
44 57 13
44 45 258
44 59 241
44 55 41
44 61 157
44 61 61
44 55 55
44 45 50
44 45 51
44 65 167
44 46 103
44 62 136
44 51 96
44 48 199
44 61 283
44 55 42
44 51 113
44 53 174
44 63 37
44 49 99
44 53 46
44 52 291
44 57 221
44 45 213
44 52 64
45 57 11
45 65 74
45 48 275
45 59 243
45 50 135
45 46 43
45 46 284
45 53 231
45 52 92
45 46 29
45 61 119
45 54 271
45 49 50
45 48 194
45 65 199
45 61 198
45 46 18
45 46 238
45 62 165
45 54 265
45 54 102
45 46 289
45 47 42
45 54 272
45 48 276
45 63 159
46 56 182
46 55 157
46 55 88
46 54 40
46 55 53
46 48 62
46 63 291
46 62 259
46 57 53
46 58 110
46 47 144
46 57 46
46 62 290
47 63 136
47 59 174
47 60 101
47 65 202
47 65 81
47 61 166
47 50 186
47 56 273
47 58 82
47 49 81
47 60 189
47 61 219
47 60 186
47 56 211
47 64 94
47 51 182
47 50 197
47 49 225
47 49 298
47 49 235
47 54 160
47 54 277
47 58 138
47 62 226
47 59 106
47 53 82
48 51 240
48 52 124
48 58 15
48 64 228
48 53 140
48 58 235
48 62 265
48 55 177
48 64 30
48 60 265
48 58 270
48 57 280
48 52 126
48 54 269
48 52 213
48 64 278
48 53 153
48 57 156
48 59 227
48 56 245
48 55 221
48 59 193
48 60 200
48 61 99
48 49 249
48 49 270
48 54 6
48 59 236
49 55 283
49 64 135
49 55 11
49 59 235
49 64 10
49 59 158
49 49 202
49 61 45
49 55 52
49 51 271
49 63 48
49 59 93
49 61 274
49 51 71
50 63 233
50 65 111
50 60 167
50 60 5
50 62 160
50 59 17
50 60 158
50 65 54
50 52 61
50 59 266
50 52 254
50 55 115
50 64 210
50 57 26
50 62 30
50 57 182
50 52 40
50 64 163
50 62 236
50 57 70
50 50 59
50 60 9
51 60 219
51 57 264
51 52 64
51 51 54
51 64 300
51 52 253
51 62 121
51 56 128
51 61 287
51 61 112
51 65 19
51 55 24
51 56 279
51 53 51
51 52 195
51 59 45
51 54 229
51 61 51
52 53 221
52 59 41
52 58 107
52 64 56
52 64 80
52 53 109
52 62 172
52 56 74
52 54 157
52 55 72
52 65 161
52 53 190
52 64 194
52 60 250
52 53 227
52 63 260
52 62 158
52 54 259
52 58 135
52 52 140
52 64 207
52 58 125
52 59 213
52 55 90
53 54 110
53 57 79
53 60 292
53 59 281
53 65 90
53 58 300
53 63 186
53 58 162
53 62 178
53 55 237
53 63 89
53 53 95
53 61 115
53 54 156
53 64 46
54 62 135
54 62 240
54 54 5
54 57 98
54 61 285
54 58 200
54 58 97
54 56 169
55 60 289
55 64 119
55 60 56
55 64 174
55 59 47
55 60 70
55 61 223
55 61 209
55 61 160
55 57 140
55 64 155
55 64 18
55 56 120
55 63 226
55 64 184
55 65 181
55 60 90
56 59 111
56 59 72
56 65 259
56 57 144
56 60 256
56 61 258
56 59 113
56 63 194
56 65 263
56 59 5
56 58 47
56 62 181
56 61 39
56 62 120
56 57 29
56 61 87
57 62 48
57 65 162
57 60 130
57 57 136
57 62 220
57 62 94
57 58 95
57 64 40
57 59 25
57 61 178
57 64 252
57 63 49
57 62 267
58 61 90
58 61 251
58 61 78
58 60 32
58 65 41
58 59 250
58 62 273
59 65 210
59 64 195
59 61 82
59 62 264
59 62 168
59 62 73
59 63 44
59 62 236
60 62 263
60 63 139
60 64 231
60 62 257
60 61 160
60 63 97
61 62 137
61 64 211
61 65 293
61 63 258
61 63 300
62 63 170
62 64 45
62 64 136
63 65 82
63 63 77
63 64 233
63 65 157
64 65 19
65 65 97
