5850 4511
19.37
95.90
80.55
50.74
20.92
73.32
84.36
88.89
98.66
36.74
2.35
25.34
1.48
16.29
27.100
79.23
62.23
22.22
66.57
29.72
16.90
36.40
58.21
36.92
96.88
76.13
41.78
46.36
29.16
43.23
49.32
75.23
50.31
35.64
97.63
93.75
93.35
64.37
21.58
44.73
4.91
28.80
96.56
77.95
57.30
36.78
55.62
76.75
47.78
42.18
28.69
70.84
34.98
31.23
39.69
84.98
100.63
27.42
94.55
53.13
57.80
86.53
85.90
30.29
41.63
50.69
42.69
48.52
37.37
94.96
69.66
7.20
88.23
74.71
52.13
97.81
78.99
70.60
89.74
69.69
20.36
14.11
21.61
33.62
73.70
26.13
45.18
41.65
74.87
9.13
65.18
97.45
86.44
21.56
63.88
39.12
72.92
87.77
98.84
40.81
55.15
64.15
17.87
56.33
87.83
25.43
35.16
6.79
76.65
96.38
21.24
71.67
31.87
44.47
50.18
39.40
21.53
16.55
26.17
12.19
57.55
61.25
16.56
2.97
45.10
41.58
1.77
15.71
48.57
71.97
12.92
49.36
59.76
86.71
100.63
59.67
65.74
66.65
37.70
81.17
44.87
77.50
2.94
54.89
95.52
40.87
13.20
10.36
49.15
19.93
99.70
47.35
47.84
69.91
53.11
4.40
50.47
69.98
92.34
77.99
60.77
53.26
81.63
27.43
27.13
47.38
25.79
21.15
48.22
9.51
60.33
79.88
10.19
76.88
68.30
78.33
96.98
10.38
6.58
63.17
90.51
58.31
97.37
21.16
74.66
61.49
68.48
47.58
34.76
15.29
20.57
46.63
32.16
23.49
49.99
45.90
28.92
2.98
57.79
96.30
58.12
81.32
27.65
63.69
99.17
57.29
48.61
10.35
65.81
29.70
78.39
76.35
84.34
51.11
81.10
23.44
24.29
59.56
25.75
6.79
61.48
63.22
22.99
37.15
8.23
16.51
89.74
2.74
30.85
85.41
36.93
79.39
30.43
4.16
65.56
2.11
78.38
39.41
83.58
42.37
32.85
85.24
49.33
17.65
68.50
49.67
33.15
49.33
17.60
31.100
2.96
43.48
70.26
31.95
20.39
89.72
40.85
20.57
94.65
34.67
99.23
67.16
20.75
19.53
90.39
61.75
32.81
76.84
60.92
72.50
80.62
19.33
100.35
43.26
30.99
15.12
7.61
50.13
79.14
79.36
32.13
74.85
72.98
29.50
85.13
79.93
53.46
93.54
8.83
12.17
99.14
11.66
23.49
19.70
66.26
81.77
97.34
26.97
7.88
13.72
16.90
30.83
33.36
32.35
11.17
33.54
95.42
48.36
33.21
69.87
25.81
93.56
73.45
91.80
52.86
34.62
39.68
28.54
14.65
3.73
52.95
15.99
53.94
4.13
11.93
40.21
50.45
83.75
19.34
81.33
47.16
14.99
28.91
11.13
85.58
84.49
34.90
85.93
79.85
65.46
82.25
89.91
66.20
61.50
47.84
49.81
2.76
35.95
2.28
41.66
15.85
10.57
7.73
4.43
78.94
73.91
79.18
99.44
24.46
46.90
41.61
35.14
27.32
47.46
47.74
98.77
22.95
62.50
26.85
21.86
75.14
81.47
26.57
71.28
64.15
12.42
8.19
98.20
44.20
20.33
57.22
86.42
97.34
67.100
83.41
43.21
90.65
6.10
21.87
4.64
62.37
60.86
79.12
42.23
98.91
85.55
36.50
39.90
57.65
22.42
98.48
46.100
3.67
1.34
39.93
16.18
91.78
16.46
58.32
12.48
60.67
56.73
93.95
3.61
17.14
69.99
55.10
99.22
92.94
83.21
57.18
35.38
93.42
11.82
12.32
99.89
22.51
83.69
78.46
73.83
83.58
23.60
43.21
67.44
79.65
52.60
72.38
75.52
60.58
79.25
21.44
72.56
52.24
51.69
12.33
75.68
91.83
79.82
36.62
80.85
92.80
42.74
19.65
4.94
76.77
28.39
53.61
38.27
5.27
7.51
89.15
99.77
45.80
41.11
24.77
51.16
12.42
29.80
14.45
16.99
57.78
100.82
63.75
46.56
32.47
19.34
86.11
67.76
24.99
78.34
6.88
77.30
43.71
33.46
37.47
62.61
94.37
47.17
86.62
44.96
28.58
57.81
95.90
91.57
98.35
95.77
58.73
51.21
69.79
68.34
49.23
51.77
46.44
21.75
1.75
91.48
75.58
60.34
16.59
91.99
70.66
31.74
50.20
78.90
48.85
100.21
90.54
23.43
17.92
79.98
23.61
8.79
11.48
13.50
77.62
96.90
61.51
96.68
53.61
17.98
66.12
42.63
89.56
56.78
24.73
29.65
99.36
59.58
18.55
21.94
58.58
42.30
63.83
28.17
33.89
68.14
37.28
97.80
25.44
57.57
37.97
55.52
48.66
83.60
67.74
52.97
90.33
68.57
40.48
63.49
74.61
80.70
88.25
98.26
61.97
76.34
49.46
84.28
60.52
67.27
7.61
75.99
23.72
47.97
9.95
91.62
24.100
93.20
80.31
91.25
45.18
94.31
91.51
22.60
7.71
30.63
64.29
30.64
48.25
63.79
26.71
97.95
83.25
96.50
12.79
11.55
27.37
3.42
89.61
50.39
69.74
1.24
2.15
96.62
97.96
66.27
68.95
84.60
9.33
57.51
30.78
51.90
79.26
44.11
46.75
85.24
63.30
98.94
87.52
94.34
27.26
17.11
2.32
57.45
99.50
90.42
93.71
47.31
72.43
79.59
29.38
79.31
94.13
52.16
6.12
30.74
15.55
9.33
4.60
25.45
60.99
29.29
40.62
55.80
74.69
87.82
74.82
42.63
73.20
50.27
49.19
90.70
39.97
45.57
88.60
63.49
25.60
58.56
6.80
3.83
33.39
45.72
59.61
4.38
99.62
18.74
92.13
33.74
89.77
74.65
98.15
12.82
98.94
40.86
32.30
94.35
84.88
100.70
1.14
12.10
1.11
94.50
98.60
80.12
96.18
95.84
15.15
41.44
26.19
74.29
31.49
43.65
46.12
40.55
63.37
10.25
77.98
34.73
93.87
67.31
39.67
57.71
48.35
13.48
72.75
72.15
21.21
32.62
62.32
96.82
46.55
87.40
47.62
85.94
77.13
35.96
52.12
67.99
90.36
25.67
5.42
91.97
1.72
36.44
97.97
49.39
91.39
46.61
85.98
75.80
97.12
65.48
42.32
64.39
66.96
29.25
53.20
89.41
18.33
88.28
88.26
51.27
79.11
86.30
26.58
88.55
2.30
96.28
22.99
12.13
33.29
94.70
69.21
94.47
8.39
82.39
35.44
65.54
99.96
36.49
8.19
89.31
62.91
58.17
2.91
35.52
35.99
62.97
24.21
78.62
24.47
45.88
1.85
58.51
52.11
35.46
41.60
28.93
11.93
24.17
73.93
97.43
38.98
85.81
35.28
4.98
44.42
80.26
73.90
76.41
58.16
41.31
12.94
6.62
58.80
66.80
3.15
53.26
89.62
90.72
76.90
24.76
21.19
37.91
10.95
94.31
18.39
7.46
26.17
20.25
18.56
28.91
30.100
96.48
75.94
30.37
13.56
98.93
89.24
67.16
5.17
35.36
69.89
82.94
17.44
67.53
14.44
16.68
81.91
8.83
12.12
19.23
85.48
9.70
78.38
53.20
18.47
87.58
26.65
33.23
86.12
34.39
55.64
84.59
9.82
74.86
67.79
81.38
73.87
62.19
50.20
61.33
43.87
35.11
98.10
92.98
18.33
29.22
41.82
47.49
78.84
71.10
83.31
61.50
27.14
94.20
20.28
98.92
89.65
16.57
51.58
11.39
95.37
80.23
18.59
79.38
32.68
63.55
6.100
73.43
80.33
52.13
42.25
43.64
61.84
8.27
13.54
50.45
71.97
36.27
43.90
84.61
66.30
66.49
32.90
30.71
58.16
85.13
67.50
83.45
2.57
22.60
67.16
4.91
10.19
82.47
48.66
49.39
47.29
87.31
43.84
1.18
27.29
79.50
19.23
88.85
40.30
93.84
91.66
76.38
5.47
89.35
45.73
24.49
38.24
50.42
64.25
7.94
69.63
96.53
87.75
16.75
10.52
86.27
94.64
44.29
70.96
75.32
31.50
32.92
66.56
8.30
88.82
68.72
85.92
82.54
74.70
35.52
12.15
14.29
12.70
75.56
92.50
30.79
89.77
89.78
7.95
59.69
60.42
24.28
40.91
43.25
57.30
32.45
78.49
43.14
66.63
42.16
72.37
23.50
75.91
50.49
33.47
49.99
12.16
49.22
44.48
68.58
66.42
74.72
29.75
29.89
2.17
8.79
11.45
73.75
39.85
89.25
87.75
12.60
35.62
82.100
21.49
13.38
78.97
61.63
73.50
44.13
7.41
62.50
1.17
52.22
93.71
78.95
92.81
72.99
71.11
69.90
62.58
20.96
69.93
63.52
38.90
16.84
9.26
34.34
56.67
68.84
74.89
88.77
58.14
26.52
9.80
8.37
22.99
87.57
96.91
11.61
22.40
25.51
74.10
13.85
34.55
54.86
50.24
46.27
45.75
97.78
41.27
98.61
30.35
16.86
85.81
66.60
76.88
67.84
58.56
21.60
19.33
77.12
3.84
60.50
25.43
29.95
67.23
82.28
58.94
20.12
48.34
31.28
19.62
29.26
80.65
37.52
36.22
55.81
47.97
82.14
99.36
92.23
78.62
9.93
51.43
28.11
87.73
40.82
96.94
54.79
86.39
21.18
14.91
80.30
90.78
48.12
13.97
73.58
46.68
84.39
59.27
8.60
84.55
15.78
81.52
55.77
3.94
35.64
14.91
71.97
74.78
1.52
46.21
23.26
77.43
74.50
92.26
84.35
94.50
89.59
61.97
2.76
79.32
3.41
23.25
75.87
9.66
74.36
11.43
98.63
61.56
13.10
58.60
91.54
36.20
52.65
22.51
33.86
81.12
41.18
55.60
15.63
69.74
58.79
80.54
38.84
16.47
25.82
71.18
34.90
99.33
48.10
92.61
1.17
75.47
31.27
72.62
59.66
26.88
68.32
33.83
63.62
30.66
32.39
25.65
31.84
62.16
94.61
43.98
26.59
10.69
12.59
24.29
63.40
57.100
70.15
27.53
12.95
39.85
12.99
31.29
91.86
19.93
73.85
52.58
91.97
26.77
13.60
7.30
89.61
30.48
74.20
70.29
38.99
71.78
68.38
25.50
42.22
95.73
49.11
34.59
79.49
21.42
75.85
42.95
60.57
38.88
15.89
94.52
2.52
99.24
18.33
43.86
33.49
82.83
43.49
15.33
91.64
37.18
33.94
37.18
9.21
34.62
39.85
51.23
18.42
54.22
40.88
86.97
38.61
24.88
18.80
72.34
86.95
28.91
57.21
53.45
16.52
4.32
97.98
79.73
65.56
48.97
4.93
83.54
26.68
94.25
96.58
31.40
8.79
100.66
32.39
84.90
52.61
98.34
72.64
29.49
5.41
9.86
67.41
69.38
72.14
81.93
47.33
36.34
66.15
23.90
78.91
40.56
23.10
56.35
23.13
1.22
76.22
41.89
16.51
76.23
91.78
70.75
39.59
92.39
29.98
17.92
81.13
4.24
45.19
87.67
35.93
45.10
59.46
16.52
38.30
91.89
59.67
72.77
17.64
33.73
97.37
95.39
36.77
82.94
72.67
51.55
80.82
5.99
74.75
26.32
12.53
90.58
4.51
9.65
94.30
14.23
16.70
12.32
52.100
84.10
71.34
72.12
26.44
5.36
93.53
72.98
41.27
15.49
63.62
30.86
79.46
42.77
73.21
88.11
97.88
23.76
68.31
77.86
90.44
30.39
45.43
62.56
40.61
53.16
55.74
8.96
21.44
61.45
3.76
84.80
45.22
96.77
32.37
44.22
21.89
6.35
36.29
65.96
83.13
15.10
31.86
26.27
3.58
75.38
67.41
97.84
57.80
47.99
95.78
66.16
99.32
64.68
40.56
97.61
31.42
20.62
80.10
26.91
19.83
34.96
50.99
19.42
3.28
1.63
8.22
25.26
62.76
67.36
19.40
4.50
63.48
98.97
49.46
87.26
69.65
35.15
74.73
3.92
95.42
86.22
5.66
26.45
60.71
33.30
67.53
73.66
8.69
71.92
29.86
20.36
85.48
87.26
16.86
93.25
20.68
91.18
29.14
48.52
98.43
40.51
15.36
57.65
33.41
99.63
67.37
22.28
84.34
28.45
56.80
14.67
72.76
34.63
48.31
17.56
71.29
1.93
64.97
20.73
77.51
42.54
29.38
11.95
67.21
59.57
38.92
91.22
33.42
38.84
57.26
19.33
51.87
39.67
16.63
43.84
23.25
44.90
76.72
21.55
29.29
86.78
100.14
97.52
55.46
53.37
16.53
1.80
6.99
85.57
39.36
21.18
47.10
57.20
59.60
38.66
15.35
14.56
1.82
91.48
3.10
3.62
99.97
91.20
83.50
90.60
30.69
36.15
13.29
68.58
56.75
13.17
95.45
54.85
90.99
67.36
99.66
14.68
63.83
99.36
84.56
99.49
38.70
24.81
99.60
44.69
81.86
44.51
66.39
97.16
69.80
76.90
22.97
64.30
46.69
96.35
81.21
7.49
51.76
42.37
79.96
63.37
67.94
48.51
62.98
28.63
14.50
16.76
52.72
53.43
64.34
39.33
30.17
56.63
98.70
34.31
78.57
43.97
49.47
62.89
18.50
27.66
77.16
50.49
84.98
71.35
3.54
83.37
73.38
45.76
12.20
87.59
70.36
65.26
73.23
45.62
99.29
13.57
55.52
37.62
82.51
82.31
40.67
56.16
88.14
24.42
99.46
24.19
38.100
2.77
32.52
62.39
83.72
82.22
80.17
12.22
55.76
96.39
97.59
6.49
96.74
76.80
18.50
69.55
61.94
32.18
19.53
82.33
19.61
40.57
88.24
2.32
61.33
62.63
50.49
2.65
83.86
81.90
13.93
31.61
29.38
44.83
17.38
15.64
2.87
56.59
23.12
66.76
85.79
81.63
28.39
33.72
93.74
96.66
39.23
80.26
62.50
40.55
30.65
93.63
14.77
80.19
47.32
34.40
61.20
90.79
85.81
12.10
43.11
69.60
63.36
38.63
65.62
40.39
12.93
10.54
23.27
81.37
15.70
100.22
30.76
59.51
72.49
37.98
100.67
43.54
92.18
51.10
29.56
54.21
35.77
88.49
27.43
20.45
32.17
59.10
62.30
91.26
12.17
25.75
65.14
29.62
74.38
50.45
9.38
78.29
54.33
45.89
41.64
53.83
64.57
10.49
33.34
88.49
26.89
99.94
97.40
84.48
31.20
49.47
84.95
94.68
31.88
97.93
64.60
88.82
45.14
13.13
5.85
47.31
65.91
37.26
80.93
74.83
9.49
90.57
43.69
87.17
87.21
98.53
46.61
7.72
51.63
41.75
33.59
30.92
6.69
54.65
14.75
16.41
17.38
98.68
3.51
74.91
19.78
58.50
23.67
29.94
48.90
60.81
64.19
66.30
60.41
77.38
57.42
96.36
23.63
48.79
42.36
65.95
8.92
58.48
29.70
95.87
26.58
73.10
11.34
43.69
90.98
43.21
76.85
78.95
38.100
23.68
32.89
56.30
64.62
12.73
63.35
62.39
7.63
26.97
34.94
73.44
70.60
9.79
56.72
64.91
32.66
63.21
19.26
65.46
89.60
8.65
10.52
71.83
31.29
31.41
54.33
90.72
95.15
40.27
52.63
75.53
15.58
86.81
1.39
4.84
2.20
55.14
66.61
61.85
52.15
18.49
83.83
8.37
1.29
32.78
40.23
42.71
16.37
56.77
42.18
12.69
33.47
40.73
83.19
20.99
96.13
14.23
2.55
62.73
80.79
93.23
58.12
2.55
24.24
9.51
88.68
83.77
84.59
73.66
88.15
59.54
64.25
80.51
94.38
92.75
77.52
69.17
17.70
82.26
84.72
75.93
33.10
57.92
24.11
93.59
95.29
73.90
22.41
29.25
90.91
30.57
98.67
36.46
62.24
41.48
37.13
95.31
8.15
29.42
90.72
11.11
2.37
80.93
13.99
26.59
91.44
33.53
88.26
80.22
3.66
97.69
34.100
70.92
94.73
40.28
88.46
89.32
7.18
57.37
50.51
25.13
42.58
18.28
82.88
24.32
47.18
49.27
68.13
59.75
19.75
13.58
79.61
27.32
24.45
91.99
43.94
19.44
19.74
21.86
65.40
3.75
19.68
73.92
71.13
3.58
68.77
71.62
66.45
23.79
44.51
69.40
86.26
57.23
98.61
48.80
8.43
68.99
98.68
80.43
33.38
74.76
76.20
54.71
60.46
87.43
4.81
80.48
55.67
100.48
61.27
2.79
46.80
43.42
61.42
95.21
15.45
57.58
32.85
87.53
40.63
88.77
54.45
20.30
21.25
7.62
47.34
42.75
100.89
93.35
100.92
2.93
81.21
25.62
93.86
68.13
38.16
45.73
13.90
8.16
71.63
18.36
65.63
35.59
83.66
35.14
13.68
12.80
19.39
68.33
15.43
80.22
98.84
42.97
1.100
67.45
87.77
21.29
64.29
48.57
100.80
83.40
48.42
7.32
6.37
94.15
69.27
39.72
92.35
21.50
30.48
25.41
99.14
73.31
96.68
66.41
27.96
23.86
65.28
25.59
32.79
13.12
61.50
66.86
67.36
63.32
11.34
6.70
76.62
76.89
59.62
12.19
47.89
22.62
98.92
67.67
84.17
87.22
89.24
31.97
25.60
25.23
43.36
32.36
98.11
39.45
61.24
21.44
50.42
81.72
71.24
75.33
50.23
80.99
2.37
70.97
31.78
20.18
39.97
12.21
42.74
23.44
56.80
46.78
68.56
26.30
55.48
87.26
95.85
82.96
22.35
82.62
26.67
17.25
54.85
78.24
71.82
36.78
15.12
11.91
59.10
37.89
26.12
98.55
52.93
94.16
31.79
88.100
60.32
65.89
18.69
34.58
35.91
96.23
43.87
54.88
2.17
2.33
19.14
65.41
76.26
74.26
4.24
18.84
2.57
86.89
69.52
33.98
13.88
97.80
90.30
65.57
49.85
20.79
3.31
62.16
17.35
64.51
45.56
88.42
96.69
8.52
47.32
7.38
39.15
47.76
11.23
97.87
56.13
78.27
15.56
51.37
75.56
24.95
43.83
10.67
58.17
60.13
29.10
8.36
25.92
57.79
36.27
91.41
92.42
94.62
60.91
14.18
53.87
8.85
85.79
62.78
47.77
96.28
28.77
90.93
91.25
48.60
10.89
17.41
96.26
92.56
60.73
2.13
15.54
78.77
77.99
48.47
96.63
53.57
14.34
39.78
71.22
67.52
97.62
18.75
88.94
7.35
49.10
53.66
5.56
3.32
71.72
5.14
83.14
63.76
18.55
75.89
4.38
71.58
67.95
86.27
11.96
40.31
2.65
17.57
24.79
9.13
29.34
39.85
4.52
72.99
43.58
100.31
69.20
80.30
30.51
79.79
88.15
66.30
50.66
80.10
86.86
57.74
28.20
92.87
25.100
74.57
85.95
84.28
22.93
49.86
1.71
71.48
75.45
31.36
40.46
98.61
54.26
54.96
61.54
58.74
42.84
97.74
59.19
100.60
63.94
2.70
51.57
46.96
100.80
85.31
87.41
47.68
89.21
41.14
31.45
58.86
26.87
13.94
62.88
36.17
37.67
30.87
6.40
62.20
22.88
83.28
57.51
29.46
71.79
87.47
46.17
78.34
90.86
39.95
11.51
66.28
93.62
65.83
7.16
34.76
37.54
57.57
26.67
59.100
36.41
62.41
81.30
52.83
16.59
12.67
56.62
12.15
65.62
47.47
29.94
15.82
17.75
29.86
5.94
54.59
84.86
65.42
2.27
8.45
67.82
80.50
72.15
20.66
8.11
33.23
64.19
48.65
28.49
27.70
33.15
94.10
91.98
81.74
26.95
70.50
13.58
17.19
92.65
77.54
90.22
92.24
26.42
47.43
78.49
35.71
35.65
46.90
10.10
75.82
54.24
58.10
94.38
38.75
84.94
74.62
76.34
39.54
14.45
85.59
71.75
28.82
19.90
71.77
67.94
41.78
11.94
38.77
42.56
41.28
47.67
49.72
38.49
32.55
76.88
56.99
83.17
86.53
98.66
25.16
90.36
57.72
39.27
30.50
82.35
16.66
78.84
5.36
21.23
52.84
85.11
95.37
37.38
17.79
16.22
89.77
27.91
84.90
58.26
37.32
36.24
73.100
31.15
12.75
86.74
74.46
15.25
23.38
17.48
70.74
23.60
41.50
52.86
28.18
97.96
53.28
60.15
30.55
80.83
6.22
19.15
10.38
97.69
35.45
68.29
12.64
100.38
67.26
62.74
13.56
58.51
44.37
3.67
32.73
10.63
89.54
55.66
11.20
74.42
5.40
43.86
77.29
7.44
44.40
1.91
47.52
48.25
24.81
89.56
85.82
38.44
6.48
72.43
73.71
49.77
49.87
9.93
54.36
99.76
48.49
5.73
81.34
2.91
8.54
21.26
28.39
16.70
71.84
69.34
54.75
66.18
33.71
2.33
41.41
66.28
16.79
42.84
98.11
9.25
67.65
5.81
61.58
53.48
14.80
2.58
100.58
15.59
77.97
28.71
63.78
32.13
87.88
4.31
59.10
91.34
61.75
43.95
1.58
31.36
15.99
36.64
95.90
16.57
90.50
40.61
81.90
44.84
9.82
66.80
20.12
98.32
49.73
99.98
38.30
7.69
51.50
7.54
41.41
87.12
52.87
9.87
23.22
43.64
92.55
92.48
87.52
53.72
2.87
29.70
86.80
45.86
75.28
86.32
22.75
26.91
39.66
3.25
2.93
15.47
21.68
33.62
35.74
73.74
59.19
43.13
40.43
9.75
11.51
87.43
71.29
97.62
49.73
55.72
17.53
80.22
36.29
94.90
80.91
54.59
17.65
49.77
23.74
22.64
90.84
52.23
32.15
27.30
48.28
15.13
2.19
4.73
51.81
73.17
91.80
41.31
9.26
1.84
10.77
26.17
41.13
32.25
53.13
65.41
56.33
96.34
92.81
25.90
11.66
1.69
15.25
19.58
66.80
50.69
30.93
27.68
88.89
94.96
18.43
94.26
62.78
71.47
36.56
4.53
71.39
16.57
90.64
21.47
53.58
8.30
62.15
47.33
95.15
11.46
90.87
3.99
78.44
36.18
44.28
22.82
79.62
81.44
94.78
95.92
67.37
55.100
5.87
9.38
12.76
81.61
84.68
51.23
47.65
92.77
10.37
25.12
62.97
12.19
100.76
78.84
47.17
35.75
76.94
89.28
85.11
94.64
63.57
83.100
14.15
79.61
99.31
77.94
12.18
80.96
13.17
57.37
100.11
98.50
4.100
47.57
71.74
27.31
41.37
94.84
62.87
8.12
9.39
59.16
58.54
72.59
87.23
98.46
5.46
26.60
13.37
24.54
2.45
100.52
46.18
16.36
5.26
26.100
98.19
46.71
80.58
80.65
12.41
18.87
28.87
23.74
38.96
46.22
66.68
22.28
63.84
73.97
77.84
4.79
81.58
12.98
31.74
20.75
89.81
71.60
87.61
5.34
52.34
32.59
19.29
92.27
41.17
82.92
26.29
51.12
29.100
28.27
47.70
70.41
78.29
28.10
82.31
1.63
43.78
37.70
98.42
46.33
90.24
89.54
55.23
81.70
88.32
66.75
54.73
41.59
5.38
22.96
45.51
19.65
81.73
85.47
86.97
62.20
19.18
60.48
93.44
20.59
51.91
55.24
75.49
34.92
41.57
24.28
97.62
38.43
48.76
10.86
38.24
44.90
82.86
46.25
15.95
36.91
47.34
37.24
92.91
49.73
79.69
44.51
5.24
64.42
36.11
59.28
46.29
44.58
88.77
35.66
51.63
7.71
79.61
95.85
62.18
57.97
36.74
7.67
13.83
37.90
7.63
73.31
5.56
69.57
2.79
78.83
63.13
1.93
38.85
64.78
91.45
15.71
41.51
35.96
33.95
89.95
5.22
18.82
12.14
68.34
13.90
71.61
12.42
5.92
51.76
83.44
97.59
77.30
32.12
2.38
84.55
33.14
94.87
29.16
40.32
46.30
96.15
33.67
44.86
84.30
88.94
98.30
89.18
64.67
38.13
10.45
53.51
28.16
32.14
16.70
11.87
50.16
63.81
69.78
39.66
26.23
61.46
33.20
74.61
40.75
99.98
81.23
69.72
24.11
64.89
41.76
29.64
47.23
86.42
23.30
41.70
86.54
18.72
62.92
88.58
13.47
69.36
58.86
73.22
60.56
68.18
72.53
34.37
57.85
21.63
56.38
5.18
9.57
64.22
73.95
53.47
64.93
47.49
18.28
88.78
82.56
84.69
67.50
6.74
22.60
65.28
75.11
70.51
44.34
53.49
61.27
26.30
43.32
8.99
63.39
66.88
11.77
73.19
51.66
41.32
42.87
48.63
57.19
6.78
16.18
69.81
89.58
72.42
18.37
35.74
56.32
14.10
39.36
2.26
49.33
41.76
52.70
90.10
45.91
96.88
12.93
38.97
74.34
12.83
25.59
33.55
81.87
66.16
61.15
92.77
51.13
74.45
83.50
13.68
70.55
38.35
58.48
2.39
23.29
90.68
88.61
69.100
38.52
83.18
41.51
93.33
90.10
68.64
14.34
7.95
54.83
64.93
33.31
35.75
80.44
62.77
97.52
12.28
2.36
9.11
47.64
12.56
28.100
42.67
17.36
67.75
44.80
36.67
14.22
8.45
1.16
19.66
62.80
43.57
26.14
26.38
87.54
74.52
14.85
77.26
54.48
3.31
29.75
1.96
6.57
78.90
43.97
86.76
26.49
56.97
84.20
9.86
21.25
15.51
69.64
7.60
31.94
89.18
75.84
57.34
64.43
76.21
98.49
8.33
80.28
21.83
52.94
62.59
25.76
46.27
13.39
72.27
51.72
76.62
85.60
43.38
4.86
7.39
97.32
54.87
42.48
82.62
74.17
82.25
99.47
21.28
25.66
98.38
77.59
5.32
75.33
53.87
61.30
70.72
97.20
78.11
22.89
20.34
62.20
96.87
64.25
93.32
100.56
4.13
72.31
43.48
90.71
72.85
60.31
1.89
50.29
24.68
10.47
47.43
97.37
28.47
74.41
15.74
42.59
69.25
12.96
36.20
68.98
86.63
71.15
12.92
51.95
65.43
15.10
70.11
49.90
30.89
90.97
85.32
83.71
57.10
34.99
98.58
39.65
51.33
41.93
44.55
97.35
61.23
23.79
5.29
18.73
72.31
29.92
94.61
88.67
84.23
4.95
43.45
13.15
12.34
35.45
13.59
75.85
13.68
1.77
38.81
81.68
31.49
31.63
77.18
34.61
42.67
17.56
5.54
55.61
62.15
94.19
55.80
6.47
64.44
35.31
28.53
38.20
56.77
38.73
83.75
89.14
11.51
17.59
19.69
85.59
42.69
59.11
81.35
27.21
65.15
79.69
41.71
67.76
14.40
94.68
91.35
20.22
13.91
3.70
4.43
67.40
86.25
77.17
80.28
92.96
24.26
27.73
46.71
97.40
95.80
97.39
97.34
91.48
85.84
1.88
45.56
48.14
30.19
6.86
14.41
7.30
24.82
99.69
61.100
56.87
57.100
45.17
67.31
14.84
85.98
83.66
29.76
85.100
46.21
46.74
61.84
22.44
79.45
11.27
43.79
76.54
78.76
7.85
36.22
58.54
5.73
59.37
1.40
11.57
71.73
49.21
100.80
40.38
80.64
8.32
88.14
29.79
43.46
46.22
26.90
3.99
10.93
2.39
39.17
1.65
68.84
8.80
25.52
15.72
60.53
79.64
40.73
68.81
39.58
76.72
64.95
76.22
75.74
6.58
55.74
83.70
12.77
7.99
56.43
62.73
62.28
76.33
60.65
88.71
6.55
3.90
35.23
92.95
69.86
3.89
68.92
86.93
82.20
12.66
73.74
9.49
39.55
98.65
42.89
82.12
94.83
1.75
9.44
28.50
87.70
95.24
11.76
16.11
9.71
55.87
80.76
78.75
29.28
25.29
70.42
72.43
73.94
42.33
13.59
5.91
75.85
38.78
90.69
74.64
49.46
35.86
42.42
82.27
25.69
12.14
33.89
60.61
33.17
88.59
31.10
15.91
41.24
59.97
25.86
7.63
52.74
70.36
78.13
4.95
2.34
80.69
90.28
18.91
68.66
33.24
31.65
62.21
1.79
48.92
44.22
42.27
31.86
95.37
69.20
88.38
84.38
29.50
2.20
72.98
64.79
5.72
26.21
100.76
45.28
46.41
79.71
69.14
70.92
23.23
16.99
66.72
23.59
44.58
72.97
24.36
68.14
48.90
23.68
92.20
34.74
93.42
78.73
88.18
11.74
64.50
55.58
72.19
90.59
36.50
81.83
96.21
36.64
40.91
61.71
87.49
12.78
39.91
55.79
85.99
28.87
23.29
10.70
11.96
28.21
94.20
3.15
54.44
47.100
91.61
47.94
73.45
35.86
15.14
41.18
23.88
58.42
19.46
97.78
82.55
71.81
28.13
82.91
14.12
56.23
82.39
90.21
20.61
53.58
5.41
13.29
48.11
62.37
68.67
23.48
57.85
29.90
18.74
21.22
96.46
16.18
19.35
85.49
78.84
53.12
35.38
41.29
27.12
43.70
44.97
42.31
26.37
74.59
71.68
45.19
24.97
76.95
36.80
90.54
81.65
52.21
67.68
52.79
18.86
24.71
12.29
76.100
54.53
85.17
26.90
32.35
57.50
14.21
54.95
40.88
58.55
23.22
58.36
45.20
58.63
72.58
56.58
70.99
51.50
55.52
47.53
59.40
57.95
77.74
35.74
77.36
50.81
8.10
70.60
73.11
42.31
11.53
53.10
21.70
96.35
92.18
38.20
6.24
56.55
65.21
26.40
59.20
5.19
98.100
67.87
67.82
56.71
93.49
83.93
95.95
51.99
1.64
83.93
33.22
48.62
9.79
81.98
63.100
16.99
46.96
41.52
68.90
12.29
58.54
60.48
60.59
6.87
34.87
67.10
32.39
85.86
50.92
36.39
9.32
98.13
100.44
99.33
51.56
6.47
48.10
47.62
85.88
64.25
78.34
99.26
3.58
15.70
79.41
18.81
35.26
1.95
39.36
90.100
63.49
56.92
25.78
57.61
49.55
48.44
15.51
6.33
91.77
55.90
12.54
91.47
100.71
40.26
8.97
34.98
50.28
10.77
59.68
94.93
21.26
78.17
48.12
23.73
66.51
36.38
1.12
16.41
56.32
89.43
52.39
38.82
95.11
2.84
9.71
98.20
81.83
41.21
49.16
98.92
54.12
90.21
26.65
38.85
56.61
17.38
20.20
62.48
49.37
87.74
45.33
18.73
39.38
88.34
40.81
73.15
24.28
66.39
53.12
90.24
33.17
68.22
90.92
39.97
14.92
45.12
7.34
91.91
90.15
47.42
27.81
52.10
99.87
83.53
45.84
34.58
62.65
8.22
70.78
67.50
79.42
19.52
14.35
28.18
57.74
52.71
75.89
40.83
55.34
62.54
13.20
60.56
51.53
62.71
2.32
43.12
28.79
25.27
53.29
23.34
32.78
43.44
97.79
1.54
90.24
24.86
19.95
83.70
29.19
6.37
74.88
62.94
94.31
1.32
29.87
4.59
7.17
7.12
67.29
66.54
57.19
66.100
82.46
78.60
38.10
97.23
86.11
42.18
50.79
42.45
30.96
63.82
69.99
1.56
15.10
49.93
89.59
13.23
21.100
46.62
62.72
5.81
55.92
30.38
55.74
16.79
75.18
94.74
48.12
58.62
71.95
25.74
78.77
70.80
75.63
60.73
96.89
48.25
22.23
14.83
3.31
22.34
56.74
19.58
38.12
16.42
100.47
30.97
40.59
83.59
66.47
55.49
10.65
73.85
12.59
31.35
66.85
74.62
40.83
87.45
95.12
94.10
9.77
59.41
1.18
12.83
58.97
81.98
28.66
5.28
14.30
17.34
87.92
71.74
60.74
13.13
33.53
81.98
51.76
44.38
58.100
44.49
15.14
36.23
13.25
79.91
33.46
22.41
69.11
14.33
84.84
48.41
91.65
47.55
24.67
61.47
96.28
64.56
96.52
92.32
53.51
55.45
94.24
41.46
24.24
61.67
55.80
44.71
32.56
55.64
28.93
16.34
77.10
78.37
18.12
10.98
35.16
75.53
52.27
67.94
67.73
73.59
71.69
19.88
83.85
32.64
53.75
50.17
22.58
42.59
48.76
9.90
59.94
80.32
63.20
61.61
94.12
5.72
38.28
4.58
1.91
26.66
27.47
51.63
10.68
37.39
25.33
10.41
22.40
42.14
68.94
45.23
33.54
1.55
23.61
78.58
71.53
80.57
10.14
69.12
83.69
49.11
73.99
77.95
45.50
62.77
12.32
52.91
36.57
14.94
5.81
67.78
39.46
23.58
18.30
79.39
78.19
91.82
63.56
72.36
35.84
80.30
34.94
99.61
81.82
49.92
20.78
93.59
74.45
28.50
45.59
74.96
90.18
100.11
51.45
4.87
82.100
2.73
98.20
10.11
93.23
84.17
20.81
79.82
59.28
51.57
63.49
5.52
30.86
96.46
82.60
16.34
86.97
3.54
62.48
50.52
99.75
20.18
28.14
13.43
9.12
74.35
65.30
22.49
91.45
82.29
78.74
71.85
50.87
79.12
75.37
18.69
87.88
91.88
81.49
23.90
68.62
33.43
74.39
88.89
59.46
99.95
70.48
36.88
62.93
56.51
73.29
39.11
67.94
39.34
70.10
2.34
58.41
8.26
29.23
58.13
99.54
53.40
42.64
37.95
81.48
32.24
21.75
7.44
50.78
39.11
77.62
79.68
8.33
5.46
91.14
1.48
34.97
96.83
10.18
18.65
48.59
76.43
95.13
25.49
18.82
54.65
90.98
75.60
96.12
15.97
56.57
30.84
71.29
98.89
98.25
89.23
34.71
68.80
28.30
31.96
23.47
76.21
72.80
32.66
54.21
63.32
42.19
13.11
75.92
64.69
1.46
55.65
90.81
55.77
18.66
2.47
64.41
51.79
65.25
73.70
64.92
64.92
20.73
5.25
83.21
30.39
58.69
2.92
41.90
60.33
9.100
29.30
40.15
78.41
82.69
100.66
7.18
99.94
31.55
37.16
60.44
1.20
65.26
11.48
62.32
78.46
1.13
49.40
34.44
12.35
30.60
24.51
13.14
61.97
63.87
92.63
53.11
97.30
55.64
60.79
100.61
50.77
9.21
32.30
73.14
86.17
8.36
76.91
10.94
26.45
46.23
56.21
64.63
12.29
49.26
38.14
23.92
81.26
90.81
26.45
26.43
44.90
36.78
57.72
8.82
88.71
86.95
78.44
22.73
73.10
27.48
77.63
92.66
73.62
62.47
53.24
15.46
66.47
43.81
61.67
8.64
23.46
83.42
49.36
82.87
75.80
99.26
81.66
1.79
18.56
77.59
27.98
86.50
19.48
65.13
45.55
4.87
66.80
43.99
11.49
80.83
93.80
86.53
86.14
89.46
46.65
79.43
44.73
48.89
71.53
40.48
57.19
67.19
29.97
50.15
78.26
7.53
77.11
24.25
28.11
44.75
18.36
24.69
49.38
10.82
59.47
55.14
11.36
83.44
38.15
48.30
36.70
5.65
96.28
74.28
34.45
63.73
36.65
93.58
63.72
91.71
19.48
76.77
67.60
60.77
1.33
12.86
10.87
71.87
48.84
31.47
95.38
21.20
68.85
18.50
94.99
21.44
30.75
98.39
36.20
34.78
65.53
1.26
74.88
96.21
8.49
39.64
71.78
64.89
11.71
79.80
84.48
70.28
77.24
42.41
40.28
87.16
58.15
24.54
27.68
17.49
78.63
74.13
14.16
42.49
89.20
25.89
50.28
95.52
53.96
14.11
21.30
17.90
46.79
18.86
22.38
16.35
53.73
52.38
76.27
43.62
41.24
25.23
89.70
90.52
46.49
55.62
46.22
27.17
60.59
10.98
4.84
67.19
75.36
16.12
36.100
21.94
79.45
15.98
26.44
22.83
64.81
65.34
22.95
77.58
66.34
35.62
55.60
2.74
37.84
44.96
94.62
48.58
25.36
100.57
75.41
87.59
4.23
36.57
76.51
36.52
15.21
58.99
66.16
69.98
25.16
10.75
93.59
91.46
25.71
34.79
75.46
50.47
82.37
75.82
44.30
52.55
79.34
95.10
93.61
8.28
59.29
64.27
2.72
47.81
57.69
25.95
28.38
42.16
71.62
49.39
84.65
70.64
81.45
27.60
7.97
72.38
4.64
89.38
73.50
83.42
91.37
17.10
46.85
60.80
100.14
39.26
60.89
13.48
10.82
22.89
15.50
84.18
87.58
34.49
80.94
14.61
56.77
6.99
95.39
11.48
65.14
96.29
61.53
24.86
46.99
99.90
35.66
48.17
89.68
79.54
34.13
95.58
42.94
99.11
90.62
15.86
7.27
29.96
4.75
8.14
73.38
5.22
22.60
43.25
35.10
29.67
100.11
76.33
73.91
3.56
26.83
55.20
14.35
7.28
58.97
96.60
49.10
25.41
41.70
15.20
30.38
71.48
20.36
87.99
13.39
16.74
91.14
38.46
86.45
74.66
53.10
96.44
14.19
100.46
26.99
7.25
23.42
61.88
63.19
55.14
75.58
71.52
24.19
91.47
43.55
12.38
18.65
70.62
63.82
97.67
45.63
45.15
76.26
93.75
89.11
39.22
70.15
53.28
38.36
68.61
33.82
45.72
74.99
70.53
98.45
61.97
88.58
15.61
50.24
57.87
81.58
100.63
38.75
85.69
15.55
5.65
45.65
78.60
12.14
86.49
35.65
12.38
17.15
1.79
70.81
51.22
72.37
88.99
60.87
52.29
59.10
98.10
100.44
55.56
98.34
30.58
72.53
17.83
35.65
25.85
59.78
53.81
19.41
97.84
33.63
10.17
10.63
97.60
37.47
58.49
24.85
41.11
67.77
92.92
48.10
2.11
15.27
91.11
24.79
99.34
80.29
50.36
82.92
70.55
6.11
73.90
98.32
31.10
52.15
1.37
68.55
30.49
32.74
26.35
71.54
41.82
86.93
76.38
95.23
61.73
54.89
43.75
92.40
38.19
10.96
10.14
36.33
88.73
21.71
13.21
8.52
72.98
88.79
17.16
88.64
54.18
41.52
39.95
66.18
13.42
100.28
27.22
27.66
13.95
85.99
14.36
48.25
83.29
65.66
7.93
40.74
26.48
97.77
50.11
53.36
4.98
58.26
17.54
56.37
6.49
27.53
3.92
33.33
79.97
93.86
69.44
76.11
68.44
47.26
60.12
93.30
4.49
34.65
94.48
48.92
30.43
65.40
9.14
8.40
8.53
80.39
14.41
23.74
72.63
10.18
98.17
39.82
2.49
52.34
71.69
17.38
90.24
63.11
45.29
20.13
84.15
15.84
86.86
53.20
10.87
7.57
18.67
47.59
45.71
61.75
18.37
25.66
61.80
18.43
91.10
11.23
9.10
49.94
28.36
5.63
34.88
56.100
44.56
28.99
2.47
88.27
10.39
63.65
91.30
59.76
17.45
86.68
33.11
88.34
66.28
55.45
35.99
62.17
95.15
55.89
79.78
34.17
63.71
84.28
60.28
67.12
40.71
74.47
44.52
27.54
10.86
17.25
16.43
85.33
27.49
58.99
1.94
69.91
30.19
97.76
43.65
96.86
84.56
51.12
58.24
65.30
14.71
97.20
60.65
44.61
12.68
51.74
56.62
9.12
11.33
33.32
57.31
82.16
86.36
19.99
65.83
86.50
78.51
55.62
23.16
95.62
44.16
44.51
88.90
13.98
9.97
43.18
65.22
72.29
93.16
69.27
20.50
32.73
47.93
34.56
59.48
59.95
6.56
99.61
22.98
2.84
55.21
79.72
58.63
7.45
42.29
26.27
87.60
60.76
42.94
9.46
96.21
71.54
2.87
27.82
15.11
57.12
70.85
67.44
27.18
35.93
3.51
60.73
76.57
49.35
95.42
36.84
13.82
51.19
52.89
48.88
50.88
23.58
71.48
86.30
86.60
58.13
39.24
3.66
22.93
70.30
69.22
42.63
73.14
32.50
54.87
46.65
89.28
95.19
50.81
74.87
91.94
65.38
86.77
8.21
94.70
72.17
52.35
21.55
30.55
71.25
86.42
39.95
87.47
25.97
19.38
41.38
80.61
1.82
21.26
87.28
10.84
84.40
52.31
56.23
14.11
75.19
54.61
24.79
46.90
25.77
17.60
63.68
50.15
100.70
95.97
93.78
52.37
87.14
46.41
56.78
24.12
72.58
15.35
77.19
57.41
7.10
29.14
41.19
65.65
74.20
8.10
11.30
36.27
75.63
93.62
52.77
100.97
92.50
92.48
47.70
89.77
5.84
7.86
66.49
98.53
1.39
32.49
36.21
79.98
69.77
81.13
11.18
100.41
53.88
34.26
35.81
75.54
82.30
66.91
23.86
42.66
86.93
27.41
67.82
79.85
9.56
99.72
99.95
43.17
76.58
11.80
100.97
75.29
88.80
70.11
72.98
97.96
40.13
24.88
12.14
46.98
67.58
68.29
76.20
82.20
75.50
43.78
25.37
13.79
98.98
11.76
52.44
49.73
21.90
32.88
66.30
95.85
5.44
78.84
15.38
37.78
19.75
55.29
44.65
79.40
66.29
15.61
78.81
38.27
28.12
17.47
37.36
40.56
70.64
82.74
90.74
32.79
63.13
82.32
9.40
95.55
58.89
60.92
33.62
40.76
4.30
89.10
79.22
20.10
34.64
56.35
4.16
72.25
42.93
96.61
68.95
91.23
30.43
16.94
76.85
31.25
35.94
97.19
96.48
39.90
86.91
22.22
5.60
7.69
89.87
12.82
86.56
27.44
97.66
34.99
48.76
98.14
100.73
14.25
6.84
23.30
65.30
15.53
24.70
57.88
9.86
27.82
43.83
72.27
56.58
71.48
59.64
68.20
45.98
3.45
5.90
10.42
77.33
16.47
90.45
2.94
55.37
88.75
71.31
43.15
77.76
43.26
90.12
68.74
34.49
46.84
4.89
56.16
63.20
63.86
42.11
2.33
81.85
12.61
77.62
12.83
9.24
54.62
31.71
31.61
91.50
96.61
96.86
44.84
21.98
33.12
50.62
46.46
44.86
12.51
53.64
30.88
71.96
86.42
47.27
79.50
27.59
48.61
47.18
25.40
75.41
40.14
31.71
20.15
80.63
32.32
2.88
38.96
42.49
82.52
12.79
94.53
83.65
25.19
19.79
7.16
10.30
87.69
43.49
78.55
8.40
42.82
50.61
47.93
38.93
69.68
74.59
22.54
10.50
16.30
57.83
65.15
18.18
45.47
100.78
76.44
97.25
41.58
89.84
66.67
88.96
41.91
46.32
100.74
96.93
50.50
89.85
17.87
48.37
90.32
41.12
100.54
47.33
75.71
43.34
7.89
83.39
92.37
61.32
21.90
35.19
24.23
58.32
26.83
24.63
37.32
16.42
80.44
30.54
77.96
90.49
37.23
44.38
95.65
25.27
70.62
2.91
59.66
31.43
5.57
63.60
45.42
1.23
41.62
11.67
83.73
60.59
48.96
42.50
3.81
79.75
96.31
16.23
12.55
95.20
1.53
39.31
12.94
93.19
73.92
36.91
81.32
59.34
55.15
94.54
96.100
23.62
17.46
44.11
55.24
16.83
16.43
10.31
64.28
66.40
85.41
53.81
38.78
15.11
9.17
93.98
50.65
16.27
86.80
32.66
46.81
82.85
6.18
26.75
79.13
67.55
42.28
61.99
29.92
93.12
80.58
46.54
9.17
37.63
5.30
55.69
23.56
93.14
93.73
10.83
35.19
48.49
89.69
11.39
7.58
75.84
40.36
97.93
16.25
32.41
16.31
94.49
14.47
100.83
72.12
79.67
31.14
85.93
14.28
73.80
39.93
29.25
92.73
25.75
73.86
51.100
69.40
1.10
78.10
81.16
61.33
28.27
64.81
55.37
84.73
46.58
10.31
9.23
65.58
40.93
15.70
11.78
1.92
53.91
32.84
45.59
75.58
5.62
63.94
83.15
31.20
74.23
7.72
16.79
97.26
89.15
99.33
87.79
97.96
57.70
52.13
36.48
33.42
49.88
29.24
1.84
32.13
67.74
30.16
23.72
81.20
94.15
32.93
46.78
50.78
93.39
30.42
3.67
18.40
95.57
78.91
7.96
16.64
67.45
63.92
54.36
54.65
33.74
80.70
11.60
98.62
42.30
89.18
82.50
73.61
67.57
34.50
86.98
28.51
3.66
65.56
83.91
58.56
45.89
35.63
96.87
23.50
99.88
49.88
19.97
15.72
10.91
23.94
90.13
86.61
55.70
81.94
63.20
72.80
41.46
64.49
53.37
42.38
35.96
35.49
28.49
45.69
66.94
42.41
22.14
23.52
88.83
52.66
70.65
61.28
32.100
7.96
93.49
99.20
26.26
89.87
36.67
93.15
1.77
24.72
34.62
21.88
5.85
51.56
23.94
4.16
85.67
1.43
43.27
79.42
27.62
15.65
69.86
43.88
70.59
79.39
19.35
21.54
66.25
4.38
62.38
27.27
22.94
22.80
15.17
96.91
62.40
50.36
27.46
96.34
61.79
3.70
32.68
84.27
46.34
84.91
56.43
13.45
50.24
95.67
59.74
89.46
45.47
59.26
97.32
51.60
70.57
90.53
78.19
31.44
30.64
67.99
23.68
22.26
34.29
48.22
89.55
62.48
38.38
43.59
35.24
100.79
58.97
50.46
6.72
34.87
34.67
86.69
54.88
97.64
37.69
86.91
88.98
51.99
70.91
5.74
27.87
79.72
17.78
83.50
57.40
81.33
79.42
49.31
12.38
1.13
69.24
23.15
32.95
46.18
34.75
73.54
5.89
29.67
89.98
61.21
13.50
29.52
13.36
26.51
98.14
71.38
90.50
86.84
30.47
74.19
80.36
81.60
24.50
25.88
35.32
66.80
75.99
44.92
31.95
43.37
85.70
16.30
21.97
44.84
50.78
48.73
63.66
97.18
53.73
11.81
43.16
59.80
1.46
51.68
89.50
18.42
29.28
1.93
19.79
88.21
59.18
20.17
83.36
97.21
32.23
52.14
22.11
49.60
77.91
43.17
51.23
8.79
15.70
31.94
87.64
63.39
86.43
78.31
80.67
31.80
48.51
1.86
39.27
2.75
87.21
97.99
54.70
30.88
68.17
38.29
30.31
21.89
20.45
1.58
10.44
99.49
6.66
16.73
21.47
85.49
12.28
67.24
14.30
18.66
16.65
28.62
83.36
48.26
16.49
40.53
38.78
42.13
11.68
1.56
83.29
25.52
94.29
4.62
87.31
74.76
62.78
76.30
31.91
52.66
68.47
59.72
22.23
46.75
1.34
9.23
52.30
21.27
98.80
89.45
29.53
67.79
64.22
10.20
52.47
23.13
59.88
60.43
60.45
92.23
66.48
56.76
68.75
49.81
19.13
21.40
19.18
25.15
29.32
55.20
94.65
99.95
34.22
79.67
44.18
34.82
64.58
73.11
95.84
82.83
31.84
89.63
100.55
94.62
70.18
92.58
70.61
23.100
37.34
75.56
65.44
24.99
4.80
18.96
63.75
67.38
56.20
34.17
3.44
69.28
1.25
41.45
81.50
62.86
51.39
48.18
70.87
19.77
64.45
37.33
77.71
100.76
39.50
70.56
100.28
63.28
83.40
74.71
24.60
48.27
57.54
21.40
83.75
77.54
18.26
48.89
43.51
35.97
4.27
38.39
86.48
82.69
23.34
96.70
42.18
38.52
29.38
67.71
59.94
16.97
55.33
90.50
29.68
73.88
87.39
19.83
46.55
67.26
3.63
8.40
63.53
41.38
72.22
62.84
39.21
91.62
6.34
93.93
97.98
98.78
72.61
76.44
48.48
3.100
58.60
54.19
17.72
14.45
83.91
16.67
49.36
10.55
70.96
12.53
85.29
6.96
71.86
42.13
66.68
35.83
24.65
46.29
1.59
52.71
52.60
18.42
97.83
75.26
7.29
38.48
5.48
51.90
28.21
37.88
78.99
75.43
5.92
35.45
45.40
48.57
14.20
20.41
22.32
31.78
66.64
27.81
84.44
44.90
59.36
7.37
21.40
14.28
92.93
58.82
33.87
50.24
61.15
82.100
53.59
65.74
88.95
81.90
74.70
59.74
42.46
41.65
57.84
61.97
56.99
59.62
49.78
26.29
100.46
85.31
100.71
51.15
38.37
56.50
86.84
53.81
19.87
41.91
82.32
75.30
71.51
81.76
5.29
11.94
48.41
88.14
35.15
66.68
99.76
23.31
71.33
18.91
5.20
56.95
85.93
41.14
90.48
99.66
6.52
82.96
44.15
15.90
87.26
17.98
80.70
77.56
82.25
40.99
30.67
69.88
23.46
94.55
25.48
35.95
84.63
58.18
17.68
69.46
86.100
25.71
19.41
11.44
51.79
14.98
84.64
9.36
12.87
37.79
12.65
75.20
41.87
30.41
11.57
73.60
81.66
66.81
66.55
64.85
75.59
100.78
31.59
35.67
81.88
23.13
2.92
26.28
99.86
64.19
62.59
98.89
40.66
49.70
90.34
67.57
89.19
51.39
2.36
72.29
4.40
27.12
39.63
28.31
88.96
45.19
45.18
22.89
70.27
71.18
71.59
54.51
47.42
22.54
49.71
61.90
68.19
6.65
12.95
55.75
10.64
96.40
80.90
15.55
55.58
34.52
88.17
64.21
84.37
81.52
87.16
48.26
61.84
3.26
85.26
14.100
85.53
73.12
91.70
28.68
2.53
93.15
100.16
5.80
88.57
17.60
16.11
25.10
28.40
85.79
50.100
58.88
39.79
33.11
74.49
87.80
28.51
5.37
36.40
35.85
72.97
91.50
34.44
24.79
80.48
50.73
46.31
15.88
64.65
61.11
38.11
20.94
7.77
72.87
83.66
67.77
70.48
62.72
68.58
92.54
93.12
7.10
15.17
22.52
51.70
32.31
15.46
88.57
17.49
33.91
75.68
86.57
30.44
36.75
15.17
99.34
39.46
58.62
8.15
51.55
97.24
79.73
19.14
46.69
51.83
27.45
94.75
52.59
21.77
82.13
87.31
28.48
38.11
43.19
99.23
29.32
27.47
23.57
53.14
40.82
84.94
88.89
90.32
56.69
44.44
35.95
18.29
49.14
78.21
68.61
1.66
63.58
8.18
48.84
93.17
6.71
23.74
8.69
62.21
8.22
78.27
68.85
7.33
63.34
56.89
88.40
58.58
30.78
63.66
25.38
14.35
4.98
18.87
2.19
54.51
88.89
92.96
64.76
31.74
43.82
4.86
5.55
44.35
53.95
71.15
38.19
30.38
78.52
76.37
53.49
34.20
38.56
32.51
51.72
21.16
18.83
78.35
13.98
46.17
36.12
70.100
63.89
66.80
17.20
45.20
63.33
20.65
73.95
35.61
46.27
7.46
6.13
69.69
34.95
78.64
40.100
36.15
74.29
48.63
55.65
74.24
73.33
97.54
53.95
45.59
68.74
6.62
89.33
93.33
54.14
6.49
46.49
70.45
67.23
80.35
31.73
56.77
70.50
76.60
93.51
99.63
75.21
85.37
69.22
28.92
73.90
55.71
54.20
24.30
63.43
72.28
83.16
44.96
46.98
23.36
72.40
26.21
23.86
41.83
82.19
65.27
35.97
77.84
55.36
91.97
47.57
14.67
1.15
14.48
32.41
28.55
80.46
57.73
16.44
38.49
7.64
45.49
100.20
31.17
100.17
31.18
47.93
39.67
70.77
81.49
95.84
61.51
36.83
90.30
74.89
61.84
67.96
71.58
78.87
84.60
