8898 8304
94.95
63.63
78.41
58.84
20.31
45.12
57.45
39.52
50.80
89.71
57.24
48.93
73.63
38.19
68.76
89.77
57.99
85.71
4.97
49.44
6.74
100.21
99.93
78.10
91.90
100.27
56.100
89.55
47.87
46.57
70.43
11.44
98.56
74.80
17.71
10.52
44.40
63.26
4.89
28.68
8.42
88.19
54.31
30.80
66.96
62.26
87.46
81.56
33.21
16.18
48.11
46.95
60.42
34.83
92.95
46.19
58.11
73.63
47.83
61.64
44.12
75.42
30.95
45.80
100.64
90.60
46.69
33.21
52.93
48.92
96.99
6.49
96.20
43.13
8.47
99.94
57.84
100.53
97.76
94.32
79.55
1.16
69.83
12.54
3.80
91.97
97.12
41.80
89.61
66.59
62.99
69.40
25.95
100.29
48.43
91.81
84.88
7.37
35.28
81.14
27.35
61.72
5.92
74.39
52.92
73.91
64.65
83.34
19.11
47.100
32.67
77.32
1.50
37.48
93.40
23.33
20.71
57.44
85.76
67.85
53.85
86.46
58.20
95.29
13.14
19.74
53.78
71.25
38.76
91.42
91.85
87.36
79.32
10.57
70.46
64.96
22.26
21.60
69.75
45.30
48.63
60.51
10.38
7.91
43.88
23.18
77.71
95.50
77.97
55.66
98.99
44.16
95.87
63.20
94.53
15.68
40.44
83.18
45.66
55.67
65.66
13.68
55.93
52.43
63.87
49.40
65.100
38.11
84.22
1.97
4.96
86.46
6.32
97.28
19.29
32.78
39.65
35.21
43.90
33.17
65.23
4.15
32.72
39.25
99.40
21.83
27.35
59.33
80.14
74.86
9.64
57.80
43.40
80.93
5.96
98.84
19.99
20.98
94.57
39.47
95.92
33.61
36.10
19.28
66.54
41.16
38.63
76.63
15.10
37.100
24.41
78.25
50.10
77.20
60.17
41.56
25.91
12.23
50.68
98.20
92.81
39.17
92.17
70.79
46.14
24.76
83.64
26.98
75.39
53.43
88.38
91.16
58.64
74.83
1.30
58.90
80.29
33.79
7.47
100.86
53.58
82.68
55.85
37.87
30.60
47.14
60.89
81.12
37.13
73.33
5.78
23.77
40.31
83.42
2.62
74.11
2.95
98.45
15.22
98.91
95.77
7.24
82.94
75.37
73.55
71.84
40.62
14.92
98.88
83.80
20.99
31.41
63.77
27.31
28.98
33.48
5.42
15.19
83.18
72.70
54.92
18.39
51.76
8.91
79.49
23.76
92.59
53.11
10.67
4.88
38.90
90.39
91.62
37.79
85.95
45.13
95.24
92.76
40.49
16.80
92.37
19.27
41.21
100.71
29.43
69.79
88.74
41.87
20.99
28.12
9.67
97.66
27.28
56.34
28.55
86.70
62.47
67.90
46.20
36.62
37.83
83.35
71.66
24.84
82.60
28.83
81.17
39.51
53.75
6.61
8.20
94.24
85.28
59.93
91.62
30.88
8.59
2.21
98.62
10.21
50.42
62.94
8.98
72.29
70.77
37.29
14.29
34.54
51.10
96.91
28.75
57.43
72.19
72.32
16.43
45.68
12.44
87.27
77.44
90.50
29.68
43.22
27.18
68.36
7.72
26.30
61.56
61.60
57.83
93.70
68.67
92.95
18.18
55.60
19.58
67.31
19.66
6.15
21.75
55.86
71.11
3.67
41.30
75.62
12.79
11.77
37.62
8.58
75.29
85.95
96.28
89.12
96.92
37.69
73.94
37.16
68.18
46.70
56.73
88.83
22.69
54.48
61.54
36.63
57.98
93.35
15.27
44.64
51.10
24.35
40.98
49.17
34.59
93.48
72.81
23.24
100.95
95.18
2.17
34.35
97.86
66.45
58.15
9.35
92.60
46.85
30.19
5.68
56.95
44.83
36.38
93.99
48.44
49.12
71.39
65.61
10.41
95.19
64.41
86.99
61.76
82.51
32.27
5.47
77.38
28.36
62.84
26.13
18.34
57.77
88.91
52.20
58.76
96.82
35.88
49.75
51.54
39.93
2.76
25.34
96.62
63.77
30.88
84.53
10.56
47.16
6.26
45.23
43.44
96.33
69.62
78.98
41.40
62.62
36.89
4.100
87.35
11.46
41.29
51.65
18.25
53.91
97.50
64.60
73.91
18.17
56.72
88.12
95.89
48.98
32.87
52.30
15.36
26.26
18.66
33.88
51.51
60.71
61.65
10.62
93.19
23.58
70.40
93.56
33.84
48.38
83.92
35.57
57.62
44.33
22.16
38.51
24.85
41.27
27.39
70.92
42.88
12.63
85.65
55.37
67.100
40.41
13.53
19.79
43.94
84.97
31.68
85.15
88.67
17.81
41.41
19.19
26.14
11.93
2.70
37.88
47.68
97.12
80.41
84.89
65.59
2.19
81.48
13.25
96.28
84.45
37.23
73.97
21.73
88.17
72.100
19.40
58.27
51.67
48.32
39.70
96.44
28.75
79.28
15.53
87.48
95.22
34.96
74.49
98.37
2.33
42.91
7.67
40.37
33.49
1.74
33.60
36.75
53.37
30.43
62.11
66.66
69.94
53.47
46.58
29.30
35.23
74.88
29.19
6.14
34.58
30.18
49.73
91.49
9.91
20.69
6.19
94.73
8.88
57.50
72.77
79.24
47.10
93.76
56.46
52.22
2.90
76.84
76.48
84.65
69.26
99.61
86.52
50.14
100.59
29.79
25.88
54.16
42.28
96.78
80.35
73.88
22.89
1.70
25.47
69.30
69.52
7.25
100.38
31.89
61.20
89.84
5.90
63.29
14.80
29.29
64.91
82.72
15.74
88.99
91.54
93.79
44.16
14.59
84.90
46.56
52.69
40.10
26.100
28.98
36.35
69.57
82.91
2.82
66.56
42.80
52.20
8.90
91.95
72.87
46.85
86.88
40.15
47.33
6.53
90.34
82.66
60.87
31.38
62.99
80.33
25.27
94.64
68.88
39.55
28.40
94.21
25.82
63.41
78.22
52.59
95.20
10.12
60.20
70.100
46.20
78.98
6.57
70.41
38.77
9.51
17.58
73.11
45.89
86.52
8.44
35.39
27.21
20.47
68.87
60.18
66.19
18.27
76.60
21.39
75.15
29.93
6.36
78.60
67.71
97.84
34.73
34.45
80.45
96.26
29.43
89.80
50.13
67.55
35.47
88.83
70.28
42.22
20.66
3.26
10.48
32.59
69.37
44.63
68.37
60.38
2.54
90.59
47.11
39.32
94.51
44.60
2.96
35.92
95.56
91.13
65.36
69.50
76.43
84.37
59.83
3.74
75.51
40.48
87.98
8.15
4.76
45.81
76.38
60.32
55.67
20.42
35.95
62.40
9.46
47.84
15.78
70.99
62.29
10.53
69.93
4.64
35.14
23.87
85.11
91.33
94.99
34.37
62.67
51.45
84.38
84.92
99.33
39.72
93.71
100.71
26.79
66.75
70.13
80.54
30.51
13.12
26.24
3.55
45.88
45.53
5.92
89.25
62.48
79.84
26.89
25.43
65.24
11.37
29.67
4.55
6.59
43.83
83.36
78.39
79.25
77.86
9.85
33.37
33.73
82.37
44.75
35.87
20.59
85.77
60.65
96.43
43.23
84.40
77.43
41.27
91.64
80.44
31.17
81.10
43.60
40.91
41.25
75.85
69.33
57.46
53.53
29.74
56.37
35.79
58.74
58.57
32.11
33.55
67.66
20.18
89.58
7.76
95.74
27.69
87.15
25.65
72.78
75.25
25.23
64.32
61.38
26.66
53.27
24.76
59.52
39.50
36.53
57.80
24.34
37.69
87.68
21.38
73.77
81.17
8.93
46.38
77.70
51.15
38.15
72.15
51.22
94.22
100.26
85.37
51.23
5.52
39.30
22.79
93.88
95.10
80.20
84.100
72.83
24.28
84.51
24.45
12.89
59.90
69.72
69.38
68.63
33.96
85.45
98.45
10.28
79.75
5.59
33.72
13.67
72.73
26.73
25.54
2.71
33.46
91.69
76.31
12.13
61.45
10.37
20.54
22.89
24.91
60.85
40.52
66.75
58.30
71.53
40.38
21.74
35.17
78.96
82.16
60.94
43.59
100.64
74.80
31.45
7.45
40.49
22.60
5.98
32.57
29.78
20.46
86.14
40.51
85.53
87.92
93.55
52.77
34.81
54.14
37.17
79.83
28.70
52.23
3.93
26.19
52.79
52.20
67.31
69.18
61.38
78.16
75.73
39.92
69.41
20.81
69.26
81.24
1.41
100.92
59.97
40.93
8.92
58.46
69.59
40.61
34.30
43.43
65.12
49.99
27.10
69.96
69.15
98.98
44.17
55.93
86.49
92.65
37.61
81.20
18.58
27.28
99.41
13.28
59.11
79.96
50.39
69.31
31.66
49.58
5.32
36.69
84.50
93.92
23.10
56.66
63.38
35.13
70.88
6.23
98.21
72.16
3.55
79.43
62.53
89.33
94.25
52.59
45.87
80.77
99.79
23.51
48.45
3.70
6.51
97.99
55.24
97.98
83.63
91.72
32.12
44.77
85.89
86.52
48.64
60.60
83.86
77.44
32.68
53.71
77.34
79.86
75.80
28.89
72.71
76.85
91.74
16.94
6.35
17.78
4.80
2.59
24.85
32.68
78.15
55.52
30.93
75.42
95.100
10.38
39.25
55.41
87.21
9.72
89.71
90.100
60.79
16.20
29.22
14.83
17.59
80.41
31.30
44.65
52.84
32.90
8.84
8.69
3.21
79.32
80.27
66.40
32.34
26.22
95.46
27.98
20.63
29.83
95.63
3.69
57.20
37.41
59.77
66.29
35.12
96.88
42.100
17.71
35.37
66.47
36.63
9.87
23.50
80.22
24.83
43.23
56.24
68.23
75.41
88.59
78.60
76.26
94.69
56.96
3.21
99.11
73.27
96.42
41.73
12.98
3.58
86.38
94.99
70.69
78.67
3.54
33.32
6.44
25.60
88.47
38.19
91.68
95.78
58.52
74.11
50.42
9.99
20.91
55.82
39.25
42.55
4.87
78.12
44.50
98.14
98.39
22.63
78.87
42.100
93.81
2.21
16.88
11.12
84.19
30.68
100.71
47.33
75.52
19.66
67.60
42.82
34.33
56.77
92.82
99.18
93.48
85.36
33.83
31.17
41.79
81.83
43.44
95.87
3.51
20.97
12.51
21.19
96.30
90.33
70.94
57.23
76.33
84.91
39.35
27.15
34.66
100.18
32.10
92.47
12.60
70.64
31.81
50.82
19.43
76.78
5.67
97.92
82.76
74.69
42.55
34.39
6.56
54.48
28.26
2.93
19.92
74.43
87.35
83.90
46.85
94.23
76.84
1.94
76.18
73.74
87.65
47.66
58.20
14.76
35.82
55.26
35.99
1.51
90.93
95.30
23.17
97.17
13.54
3.85
39.81
80.17
37.65
80.59
33.74
56.34
2.49
91.70
34.43
40.69
1.32
90.12
42.56
63.80
52.78
44.92
5.25
89.39
79.61
52.56
38.26
69.56
45.100
81.17
32.84
15.52
53.31
38.39
6.61
10.34
80.48
66.26
22.59
53.42
51.39
32.15
55.94
97.33
32.55
41.85
36.86
44.35
48.42
60.24
75.55
35.96
28.70
47.25
44.83
10.49
24.95
80.67
97.10
68.26
53.51
70.67
64.12
15.66
67.58
99.62
38.74
67.26
48.38
30.64
24.90
60.71
22.21
14.39
80.61
74.22
5.50
33.79
93.60
74.18
14.70
66.21
19.73
54.62
66.65
26.37
85.11
50.60
61.25
77.19
91.13
20.21
93.13
35.42
36.21
91.38
71.31
38.64
32.59
29.49
84.55
16.17
31.31
58.51
23.62
84.27
89.63
76.26
88.33
90.95
34.98
21.65
10.86
22.23
4.41
63.75
36.61
69.67
36.26
37.49
12.39
87.83
92.78
97.82
94.35
20.75
44.57
25.93
3.88
99.96
4.73
39.49
85.91
80.36
6.82
11.98
12.46
96.93
52.94
96.40
33.68
19.99
12.91
56.33
4.100
84.82
40.43
46.22
55.10
92.15
20.18
33.88
57.22
2.11
46.41
59.86
64.40
95.18
51.15
18.92
72.40
33.69
54.89
14.71
26.45
28.100
18.79
96.94
44.83
79.59
63.69
15.17
80.14
41.30
45.45
76.56
9.56
62.38
85.34
29.76
64.41
94.27
86.27
98.68
13.46
3.11
45.35
86.29
42.14
87.92
52.67
61.89
18.55
22.93
23.29
26.43
35.27
19.51
60.34
45.73
85.46
23.55
52.26
64.22
7.32
9.88
80.36
69.45
15.96
67.91
35.12
90.99
2.78
33.89
3.75
47.26
15.18
11.12
94.89
35.74
87.86
12.92
64.25
81.37
97.71
66.19
78.12
19.44
90.59
30.73
9.42
70.90
10.50
40.30
14.33
86.58
64.25
86.43
27.14
26.50
69.64
73.52
5.84
26.29
95.55
99.34
96.31
54.12
86.69
88.55
20.95
53.19
43.67
87.16
98.41
84.48
83.53
69.51
28.90
26.40
12.69
52.53
32.18
9.81
75.21
13.24
50.43
98.13
6.30
72.55
74.33
71.13
7.63
25.69
46.93
73.78
64.18
74.68
19.51
94.92
22.98
59.71
85.63
94.100
64.15
24.55
54.34
81.66
31.20
52.32
14.70
37.16
62.34
51.77
32.98
62.64
77.89
83.32
36.37
73.45
6.78
50.16
35.45
89.59
31.99
80.85
48.35
81.26
97.42
70.48
99.48
66.66
37.65
24.95
28.27
94.76
2.19
36.56
35.33
5.55
68.81
74.37
94.65
42.23
88.97
98.19
79.54
79.15
26.64
90.57
94.79
2.78
16.65
49.59
77.62
77.56
53.52
46.57
5.69
65.98
34.33
30.85
92.87
92.95
28.85
39.55
29.64
7.45
47.45
82.75
90.51
10.50
53.90
61.74
96.85
8.86
67.90
21.54
57.71
94.79
52.38
13.100
48.21
18.27
63.20
43.54
20.14
99.16
24.91
85.96
71.45
28.84
50.92
2.14
54.12
100.66
80.73
67.93
37.23
57.50
79.18
85.65
3.69
43.71
74.95
41.63
12.93
30.16
96.87
7.43
63.12
39.50
52.85
45.74
76.72
57.98
85.96
77.28
90.93
14.58
71.54
98.99
18.86
52.16
25.43
40.10
3.92
49.43
62.80
21.27
2.13
39.75
49.66
100.88
43.78
36.12
22.73
91.97
34.70
47.14
18.70
57.95
93.74
41.35
41.10
56.55
83.87
54.15
92.97
74.55
36.88
83.48
50.22
34.88
37.62
63.17
3.52
60.20
28.18
40.54
97.76
26.35
21.52
41.41
36.84
95.21
100.43
93.18
2.17
35.14
24.11
52.37
12.95
40.66
87.25
32.24
45.24
95.10
6.99
37.27
23.14
45.82
14.88
90.72
65.96
69.85
66.51
16.51
88.79
49.56
71.33
39.35
47.99
28.21
10.78
44.64
94.55
44.53
32.84
18.37
99.80
11.36
54.58
45.78
29.72
24.99
14.47
59.34
13.46
2.89
70.57
62.49
21.58
13.38
69.45
84.56
46.51
13.42
27.37
22.53
14.79
10.78
52.19
16.31
70.18
68.66
5.74
43.54
36.90
21.85
39.78
32.12
95.96
74.91
37.76
2.88
53.95
82.93
1.72
95.76
45.23
26.69
74.72
12.27
38.95
8.25
44.20
61.48
13.76
51.76
32.16
58.14
57.45
44.76
51.88
57.50
65.25
51.33
98.14
71.62
33.97
55.89
94.74
12.39
40.40
24.56
34.26
50.24
1.46
33.67
100.50
5.88
30.61
4.97
75.51
20.67
63.80
53.21
64.45
68.81
98.52
22.19
15.27
9.93
57.61
99.72
47.35
28.92
42.32
49.75
3.67
87.76
76.31
7.81
34.39
64.43
8.99
35.35
52.84
30.71
46.94
49.41
51.52
26.63
71.56
37.52
92.78
59.98
30.81
40.12
58.86
90.20
33.85
15.24
38.45
99.15
90.15
94.38
20.16
97.46
54.78
77.11
67.39
99.42
18.49
52.27
59.13
14.89
10.46
94.83
13.61
89.30
91.83
70.68
3.47
8.88
60.29
12.63
46.57
34.44
68.11
5.40
7.30
55.94
1.35
29.87
92.55
3.98
51.36
40.83
97.16
43.42
3.94
50.70
64.95
88.64
82.15
26.31
7.78
89.52
36.48
74.13
11.44
30.65
55.61
7.78
59.83
15.58
75.24
93.12
53.94
78.40
67.45
80.18
3.59
34.19
99.74
64.35
83.48
43.38
99.55
11.60
52.11
50.67
72.74
67.63
74.34
7.65
94.21
3.24
45.12
57.25
13.84
22.68
34.40
56.92
19.45
91.11
53.77
9.35
30.59
48.97
93.30
42.82
42.44
60.50
95.50
53.52
6.99
24.39
58.56
94.82
46.92
63.85
36.79
35.73
33.28
89.56
74.43
66.51
35.21
47.37
68.58
7.19
88.30
13.80
93.51
94.64
28.66
75.37
47.36
88.14
79.75
86.23
29.70
72.67
54.97
6.21
33.59
96.71
90.26
49.14
14.11
88.36
12.70
3.27
78.30
48.44
100.99
73.90
49.100
63.88
67.58
12.47
67.54
40.63
42.31
59.60
88.76
84.98
36.22
45.80
96.61
43.77
71.49
100.91
66.30
85.40
83.39
39.40
73.30
13.33
43.43
37.28
16.98
52.86
21.80
25.34
5.96
29.57
28.53
22.95
69.37
6.97
47.47
78.25
59.95
41.38
33.99
95.57
20.89
56.57
52.11
50.73
36.36
81.63
73.40
13.83
68.59
74.91
93.38
98.53
32.47
42.90
13.79
61.98
58.94
25.63
84.34
29.83
97.95
75.88
56.31
49.76
35.13
72.64
19.98
38.25
8.87
61.99
16.39
39.25
59.68
13.89
31.65
35.14
11.37
23.95
16.81
52.70
99.87
48.88
30.64
22.99
1.57
63.36
20.60
95.86
64.23
75.47
33.36
25.14
94.44
34.20
59.70
50.49
71.47
97.47
12.33
99.71
54.94
36.76
21.91
93.39
90.44
81.42
97.90
43.82
24.48
76.67
7.57
83.39
56.44
36.96
27.65
19.43
2.84
8.58
36.69
91.33
73.56
34.86
17.83
99.28
27.72
12.15
69.51
35.29
55.79
99.10
77.84
45.31
71.82
43.41
68.19
79.48
62.66
98.35
39.22
18.50
40.87
14.53
81.36
94.47
89.48
79.26
37.67
54.20
91.29
44.90
75.71
94.54
47.54
95.31
32.38
8.45
39.57
20.17
83.85
21.66
77.60
66.14
7.58
30.27
15.23
50.95
88.23
70.72
1.72
8.55
99.52
10.61
6.11
7.39
65.98
45.76
41.11
4.83
71.57
29.49
34.66
16.49
17.46
6.92
81.70
39.34
78.26
66.93
11.69
14.91
46.12
97.31
49.96
26.97
37.70
91.26
43.10
27.25
66.40
47.30
40.26
56.85
89.81
3.85
53.41
42.68
93.25
15.69
46.65
37.97
52.13
100.98
29.22
67.61
6.73
52.92
2.99
83.91
86.37
51.41
50.28
17.79
70.97
86.79
34.35
39.37
76.18
3.69
58.18
7.81
47.77
7.85
6.42
69.11
47.46
58.13
13.99
40.19
56.57
45.23
27.15
59.80
46.77
79.83
96.10
70.14
49.86
86.88
87.25
10.43
63.47
97.36
61.70
97.32
68.79
77.20
28.45
95.72
15.24
61.33
94.35
36.43
64.67
73.76
13.64
53.82
4.25
50.33
14.52
82.64
21.78
12.72
87.94
53.23
72.18
47.69
73.37
3.78
16.60
31.40
65.90
45.46
79.64
69.76
41.21
23.62
32.21
66.35
48.16
52.64
11.61
99.46
58.55
81.94
4.70
10.88
60.21
42.17
95.57
40.63
94.74
36.38
6.64
86.33
44.73
62.94
36.80
28.55
25.48
87.69
30.71
91.64
10.11
19.80
3.99
89.24
22.65
72.12
34.41
72.26
39.15
66.22
34.78
48.12
49.73
14.85
67.91
29.51
90.58
61.34
74.11
61.25
85.50
67.95
98.76
28.91
50.30
53.78
29.10
3.20
22.17
38.26
53.85
46.82
36.92
2.28
99.17
29.55
39.89
65.85
68.49
48.53
60.36
22.17
77.57
92.65
30.23
25.48
71.10
25.50
52.81
28.36
6.35
7.98
95.11
91.92
69.92
13.25
20.53
89.29
72.50
70.52
29.53
89.62
61.92
91.65
22.52
15.69
26.20
46.82
75.79
30.23
49.26
40.20
92.61
27.47
64.53
45.64
34.22
26.82
79.76
97.38
25.46
66.12
60.23
89.41
30.42
88.63
90.15
9.16
87.25
17.74
76.17
85.24
17.15
64.30
17.99
53.61
69.45
50.37
20.75
8.15
1.85
96.88
22.35
39.64
47.67
80.90
44.57
66.53
67.58
23.18
36.65
31.93
4.24
85.71
3.52
2.76
96.73
95.68
23.18
61.53
28.95
21.29
52.55
58.60
65.40
37.15
94.10
26.83
30.86
52.35
26.22
44.16
68.58
58.59
64.86
21.86
36.43
72.58
26.65
94.30
87.84
97.58
72.28
74.90
2.73
73.52
2.10
9.12
11.91
84.96
68.34
45.88
29.83
73.48
24.77
23.67
68.39
93.90
61.34
48.45
94.30
90.40
90.32
47.28
24.28
3.100
82.69
42.26
58.89
87.35
15.26
61.38
22.52
46.86
51.51
23.64
24.51
38.49
54.63
57.47
79.34
70.34
44.32
26.27
1.73
14.62
40.69
75.78
4.36
82.83
65.28
27.82
84.37
92.83
8.32
97.34
44.26
49.80
18.13
39.41
60.62
29.56
94.64
11.63
63.72
36.37
99.81
87.65
82.39
74.35
12.56
73.27
22.20
8.65
28.15
84.50
66.21
75.31
56.60
92.61
22.70
86.30
18.93
3.77
97.80
98.39
5.59
53.20
27.30
22.98
23.75
96.58
16.39
91.62
24.89
36.76
40.79
89.58
47.26
52.44
26.15
47.49
48.38
59.45
79.56
17.13
76.60
25.80
43.69
32.63
2.32
24.96
21.48
95.28
54.21
26.22
90.82
85.39
94.32
88.91
39.76
78.98
93.34
47.60
69.27
18.42
74.69
30.76
15.37
24.91
77.11
20.99
34.64
22.79
20.56
97.93
64.68
76.46
20.34
54.45
18.15
21.85
2.14
30.42
75.60
14.36
87.88
61.17
78.59
94.70
67.66
64.31
96.47
99.76
89.81
23.26
71.22
35.96
75.73
97.42
8.62
49.94
12.75
35.64
45.40
91.49
34.93
60.87
95.97
86.74
2.48
47.21
20.48
52.69
75.17
42.50
24.82
95.83
35.32
11.55
6.52
59.69
90.16
62.41
76.89
46.27
16.31
18.50
85.96
29.99
96.13
4.13
86.54
79.67
57.10
70.46
81.21
93.96
46.58
46.50
71.36
50.72
93.18
95.95
87.30
23.96
90.29
51.32
95.17
11.66
9.89
39.85
68.49
60.90
6.39
45.37
85.91
55.16
23.34
80.56
24.63
13.29
52.59
23.77
50.43
89.45
39.97
46.38
12.60
32.58
50.92
65.16
38.93
16.56
13.79
60.74
61.18
96.76
65.46
74.46
35.68
54.58
64.89
58.16
29.73
72.74
4.32
9.72
99.50
100.22
89.53
98.19
28.52
91.27
40.13
31.86
58.29
38.32
17.69
34.56
6.82
25.12
87.99
69.77
66.77
58.24
44.67
34.19
34.91
34.100
6.17
100.79
27.65
95.61
37.94
19.39
22.32
57.98
61.85
25.80
19.30
59.79
8.11
99.13
62.69
85.99
71.43
7.18
31.91
90.80
35.67
52.17
15.79
67.60
90.32
100.23
45.88
52.77
86.31
15.37
85.15
43.77
24.46
69.53
5.81
85.41
84.71
19.37
97.21
37.19
99.28
84.72
27.14
9.38
65.45
8.75
31.54
21.45
40.98
37.34
16.99
1.42
7.63
75.45
23.11
63.63
65.33
76.26
58.43
48.27
92.87
28.75
65.35
61.30
11.71
98.33
76.97
94.88
39.74
55.17
73.75
38.20
95.54
23.51
44.85
74.84
67.61
14.74
37.56
63.81
18.90
58.84
58.76
33.90
45.15
49.92
68.39
63.47
10.17
90.69
59.39
88.34
38.57
69.26
49.61
29.39
5.20
96.71
32.82
26.40
20.79
39.50
23.65
1.25
98.27
54.19
55.47
96.96
62.85
1.44
22.63
53.64
36.34
68.72
31.83
3.54
63.47
83.61
95.45
71.22
40.60
13.90
30.45
84.52
15.25
70.63
39.18
70.93
59.96
13.16
97.46
41.55
44.91
64.11
74.29
99.45
2.23
50.31
2.72
41.86
51.71
26.76
16.56
38.38
65.39
8.96
86.59
46.17
72.12
21.59
88.55
29.85
64.23
66.72
12.53
77.16
60.80
30.31
46.39
91.30
65.69
77.88
18.20
71.81
41.82
20.17
94.53
81.16
25.100
84.20
17.58
84.50
4.79
99.33
75.49
88.37
21.67
16.90
57.40
31.72
23.34
97.29
39.76
80.42
30.48
83.66
100.17
58.29
66.31
77.37
3.30
40.24
37.78
68.20
5.41
38.66
65.38
4.31
54.30
93.21
92.19
20.40
21.13
14.21
69.44
36.49
94.12
13.32
37.85
46.46
72.100
53.33
21.87
3.75
70.28
83.89
50.35
16.11
15.49
51.93
100.81
22.58
62.25
21.63
21.60
81.42
64.52
31.75
43.80
40.43
39.44
47.26
69.29
8.64
94.73
91.20
42.70
23.59
46.20
1.46
45.12
91.61
33.18
83.99
49.59
37.79
81.76
7.30
16.40
9.80
22.63
84.96
4.30
29.32
89.33
64.90
47.67
17.27
84.15
8.69
5.42
2.69
74.82
85.91
80.47
52.44
27.19
1.52
82.74
88.28
76.35
28.33
19.78
44.24
32.50
92.19
17.97
93.89
40.84
59.96
45.36
38.98
43.95
25.42
83.65
73.53
58.62
78.21
35.57
82.70
25.82
19.85
13.32
13.43
90.94
40.60
17.81
79.17
58.65
53.66
16.21
56.68
71.66
16.35
56.59
13.56
7.17
79.99
53.76
43.21
32.91
22.37
48.90
75.77
77.29
6.99
18.59
5.91
56.78
90.36
30.66
40.65
3.49
3.17
61.88
49.18
41.65
55.75
100.99
19.30
36.55
4.62
37.50
1.97
83.27
26.81
9.26
43.70
68.96
71.98
14.55
65.15
77.75
87.10
3.56
47.97
75.71
19.77
86.83
73.55
73.91
2.11
53.37
35.15
84.76
42.19
21.62
27.66
25.56
80.91
93.85
39.74
76.79
60.92
13.42
6.55
42.56
47.73
37.49
94.16
76.47
87.21
62.15
2.52
8.40
46.53
91.31
37.100
14.51
53.55
8.19
83.23
25.40
95.75
42.60
27.37
29.68
34.27
38.33
99.11
12.67
20.78
38.87
42.17
87.40
45.62
21.22
85.23
62.77
61.62
52.55
19.87
36.10
79.81
28.90
32.86
35.31
49.71
86.61
45.71
6.29
28.89
10.81
13.45
2.88
32.55
35.38
31.88
69.22
96.22
21.11
80.14
96.36
39.88
38.42
26.76
61.34
94.92
77.42
78.16
33.15
11.77
46.36
19.40
79.82
48.50
66.73
54.61
3.19
88.64
19.65
24.28
73.62
41.67
85.44
92.20
72.26
15.63
34.66
78.25
4.38
14.94
79.41
63.38
73.36
5.73
72.48
24.19
66.41
67.61
24.99
73.21
7.19
18.86
80.84
2.27
1.73
86.60
55.24
48.85
91.16
32.28
63.99
94.20
89.70
32.93
67.32
3.24
16.34
73.90
2.56
78.46
25.72
20.91
75.84
75.46
68.65
19.32
17.97
76.87
49.82
86.59
27.28
77.36
62.63
3.81
2.69
47.22
8.87
4.89
80.24
32.26
65.22
3.80
91.19
70.29
89.49
94.63
32.86
72.85
94.56
86.48
55.29
72.80
84.54
26.31
9.63
56.54
24.57
12.43
93.95
40.88
40.76
88.18
94.46
26.51
16.68
84.21
95.96
44.65
47.30
19.51
72.24
26.98
27.87
69.99
4.75
5.95
11.29
61.68
33.83
96.39
37.60
17.53
20.84
40.12
17.22
93.17
61.33
15.47
19.33
65.64
75.23
30.78
30.57
72.27
12.86
30.76
64.73
54.69
16.57
60.50
28.95
84.29
82.82
70.21
31.93
14.13
5.43
60.96
57.83
89.48
48.61
34.54
24.34
65.65
47.57
83.57
99.74
8.87
74.29
81.19
3.37
27.51
56.83
25.22
59.60
7.74
23.60
46.44
85.21
24.57
85.16
28.20
19.75
73.85
58.43
34.100
64.29
96.21
99.24
60.75
45.90
54.75
98.18
18.63
46.61
86.18
57.98
99.28
66.17
3.74
48.10
95.26
8.12
67.21
41.46
93.26
27.67
38.90
66.99
93.93
91.24
32.53
5.12
52.87
43.32
46.73
25.99
78.61
70.39
9.29
41.17
39.61
65.40
58.37
76.39
14.83
72.81
34.50
34.28
21.11
8.89
72.51
31.92
35.80
30.64
37.87
83.47
22.50
64.63
65.29
53.46
51.55
18.20
44.100
51.83
57.60
58.19
100.68
47.58
38.68
87.42
91.57
22.45
85.79
4.78
94.47
73.69
3.32
91.73
1.24
60.37
4.78
78.92
66.74
56.92
30.36
48.80
30.14
41.60
83.25
86.46
51.98
2.41
87.68
73.17
5.38
56.92
71.85
85.23
51.37
64.43
34.15
10.32
32.29
13.58
56.52
84.19
67.16
30.63
54.41
25.74
39.51
50.78
11.31
12.29
34.15
56.14
16.35
54.92
64.40
53.80
88.22
73.67
28.17
52.11
53.42
48.73
31.95
91.62
9.38
36.67
15.50
23.89
2.19
99.52
61.95
28.60
17.22
66.33
79.22
6.59
95.35
58.65
92.13
26.11
89.72
74.44
83.18
90.97
52.53
41.100
67.11
55.31
48.35
40.87
78.36
38.93
53.53
38.89
15.59
61.51
41.85
16.95
60.80
62.20
42.47
57.50
63.66
53.74
27.70
82.62
92.90
61.56
50.25
50.14
70.100
28.33
32.91
91.20
96.22
62.93
11.55
71.90
11.84
57.83
86.15
1.52
59.49
66.78
46.38
76.51
16.69
45.96
81.83
45.66
39.43
26.12
94.68
26.58
88.61
23.37
31.70
74.76
99.73
75.28
39.16
88.60
47.85
98.30
5.43
18.73
50.16
18.88
36.20
85.24
91.38
83.54
3.45
14.80
20.66
86.24
21.17
81.52
55.41
43.100
100.86
87.86
4.85
53.32
7.95
51.33
80.16
1.91
29.56
32.31
84.13
13.42
47.34
65.63
48.32
27.85
64.48
47.52
96.34
40.32
59.14
18.70
2.89
85.95
59.25
63.36
70.27
17.74
50.65
13.43
57.11
22.100
75.75
47.36
23.70
45.44
33.71
52.29
81.57
69.27
96.31
95.34
48.71
81.23
78.49
8.16
95.56
75.34
3.61
94.21
20.63
21.64
28.48
90.28
99.22
83.90
69.98
22.41
58.28
90.50
60.55
74.18
65.70
66.45
42.89
79.75
73.16
2.97
20.10
53.98
19.95
79.32
17.15
57.45
67.60
53.98
64.37
47.72
78.62
40.73
10.94
21.51
57.50
94.82
86.35
85.62
54.75
48.74
61.55
86.15
33.92
61.37
11.45
13.46
31.81
35.84
49.75
86.41
69.40
96.85
23.68
90.62
19.72
37.32
41.64
18.86
43.64
62.50
48.97
61.38
100.37
60.65
87.90
40.23
43.18
11.92
23.61
58.59
75.79
44.23
92.22
98.74
36.58
52.32
1.75
100.45
67.66
84.85
85.97
57.19
19.79
18.31
88.84
5.84
1.58
33.100
16.75
78.80
51.46
96.13
73.13
32.54
77.39
93.90
45.32
87.67
48.99
38.28
81.80
74.35
42.90
73.22
97.64
100.13
35.10
91.43
34.49
42.77
25.81
92.71
83.75
43.19
59.25
32.39
26.13
26.24
30.56
61.45
27.47
7.37
18.55
49.76
84.16
37.69
73.83
13.38
65.52
21.81
1.78
43.86
31.29
20.22
56.66
49.94
59.98
64.22
40.70
73.62
37.44
3.68
28.16
13.44
67.56
68.83
66.52
38.83
39.10
8.85
51.51
61.65
38.23
91.17
24.91
93.28
25.60
45.39
28.51
14.60
56.76
87.71
65.83
93.41
53.38
77.53
91.21
46.85
51.73
1.67
100.17
36.87
46.40
94.60
19.69
78.55
68.63
71.14
86.15
24.33
46.80
78.44
45.18
71.16
20.96
24.41
1.34
6.93
95.78
57.76
98.11
35.58
82.11
65.46
16.70
74.79
81.48
89.12
97.84
39.10
4.60
36.72
27.37
70.82
62.21
91.87
82.11
24.73
10.47
22.98
9.26
60.71
33.18
3.46
58.100
42.20
40.69
51.95
64.32
35.21
59.53
61.99
30.16
63.90
55.38
60.35
51.17
19.14
64.53
9.71
8.81
4.53
65.26
45.72
33.23
72.47
65.33
59.100
15.42
2.29
86.79
70.27
12.98
13.66
97.98
100.26
85.43
51.18
55.39
98.60
2.67
91.76
6.64
83.29
66.96
63.38
94.64
85.66
60.68
35.74
91.41
77.68
31.58
21.69
37.14
33.19
17.97
95.42
97.48
83.53
29.28
25.93
81.63
37.44
29.78
48.41
7.69
93.79
99.100
6.88
54.50
29.93
56.24
24.87
59.90
59.39
72.99
54.70
95.19
57.49
46.81
66.37
53.59
25.57
81.29
99.22
61.42
17.89
11.97
94.73
57.20
3.80
2.40
45.27
46.40
79.19
78.50
49.23
11.74
77.67
77.54
48.13
29.29
72.25
1.18
94.92
62.34
42.59
19.85
91.95
61.96
94.36
90.70
93.52
62.84
98.12
17.85
22.26
30.37
55.62
59.71
45.95
28.55
27.10
76.69
30.33
14.93
30.58
65.59
11.99
11.22
98.78
61.61
82.69
61.88
92.47
57.25
92.12
80.90
24.42
32.39
6.26
79.88
19.80
82.34
79.18
32.11
93.74
58.70
17.16
35.40
80.40
23.13
8.95
89.100
18.94
23.54
14.22
82.46
47.66
5.63
63.86
65.68
8.67
27.74
22.83
44.47
94.28
18.21
66.46
80.61
46.52
63.35
87.41
78.49
93.22
45.55
69.100
9.71
5.60
95.90
18.51
22.95
69.56
74.90
9.71
36.25
28.20
36.43
90.66
78.49
54.55
95.47
98.42
64.27
39.27
88.34
64.76
25.78
98.58
54.94
24.49
27.35
56.64
21.52
57.100
41.99
7.53
26.11
4.39
30.93
51.18
94.49
41.85
44.16
10.33
20.96
17.90
36.37
70.38
72.68
71.42
21.35
75.29
35.32
25.52
25.94
83.25
33.17
8.72
34.57
39.99
84.62
70.55
35.28
31.39
45.97
58.63
4.73
24.57
6.54
25.28
67.43
38.69
8.44
3.73
10.75
33.36
15.90
93.72
49.44
53.52
99.25
16.31
29.59
53.88
21.82
28.81
3.42
45.18
62.35
14.100
26.98
62.32
71.37
43.82
9.44
20.18
75.77
6.28
100.55
98.19
55.57
81.55
50.84
75.44
49.15
63.91
22.11
56.100
20.10
96.73
89.92
85.19
19.77
73.98
84.18
85.28
12.29
41.22
55.76
6.72
92.100
81.47
38.36
42.96
54.12
37.42
77.86
74.77
17.59
17.75
54.88
68.82
96.86
62.69
60.42
12.68
15.44
37.75
4.68
68.91
25.99
15.28
23.65
39.72
28.71
91.83
83.47
96.40
85.60
67.29
72.34
49.58
18.25
96.54
25.99
60.62
9.69
15.59
44.63
30.73
81.70
19.68
37.47
54.12
23.90
45.43
7.36
23.54
93.44
63.15
17.55
8.85
81.78
48.63
11.13
85.54
84.44
80.90
55.87
93.42
55.36
88.76
40.98
3.56
84.23
100.21
51.86
64.85
48.37
1.40
61.89
98.49
53.71
87.25
89.81
80.68
33.37
55.44
39.49
49.96
98.30
76.59
51.40
54.54
84.84
67.67
40.31
32.47
84.15
49.87
31.37
43.86
2.20
54.14
67.64
98.46
85.82
94.73
64.28
91.62
71.28
64.78
87.63
19.36
91.58
55.75
99.41
15.50
87.11
7.66
20.24
63.24
48.61
49.64
58.97
31.90
45.31
36.32
49.32
50.78
29.45
94.97
9.13
88.26
95.26
42.31
85.17
30.41
69.96
25.44
34.56
25.57
85.27
21.47
47.51
98.58
94.91
32.58
21.65
48.25
3.44
42.28
47.43
2.49
18.63
78.11
55.51
75.13
82.19
8.19
19.26
18.93
44.88
81.53
84.75
92.51
96.40
25.95
78.55
74.96
54.77
44.41
98.28
79.76
72.11
41.80
51.26
13.91
21.65
93.31
40.69
95.79
99.16
11.33
77.73
79.43
11.76
36.58
23.73
54.17
78.51
17.28
94.64
40.79
27.22
1.30
62.78
46.91
24.100
44.28
51.63
53.39
99.58
64.48
66.66
5.73
15.91
41.25
16.71
58.76
22.43
75.25
12.43
26.81
25.85
95.20
46.74
58.21
27.11
99.95
33.93
30.73
40.89
99.11
54.11
12.36
76.32
28.80
81.13
66.76
60.92
22.92
61.71
47.27
22.91
50.66
26.32
34.35
51.77
29.71
22.76
39.54
19.57
45.98
24.84
61.35
2.19
32.88
39.97
24.23
89.48
39.81
1.22
93.37
8.52
36.54
57.100
47.25
81.21
66.41
36.33
3.62
76.34
73.65
78.94
70.26
46.69
46.56
82.92
63.88
68.84
97.59
67.82
60.97
69.79
13.72
10.11
2.52
65.26
81.36
51.82
8.46
14.26
93.75
81.61
34.47
68.59
10.95
21.20
48.20
40.18
78.79
30.100
3.80
45.62
54.80
73.95
30.36
48.98
58.72
72.66
60.49
54.91
50.93
45.16
49.87
63.89
53.44
8.59
76.99
6.20
56.47
71.76
15.22
17.78
18.16
65.63
39.33
18.67
26.56
92.54
15.96
1.72
75.31
8.65
100.48
41.94
52.63
26.35
65.27
5.50
32.20
70.75
91.53
78.74
15.87
53.49
82.82
52.23
57.56
88.13
65.61
28.29
63.62
22.35
62.45
78.41
61.78
94.38
16.95
85.92
77.97
5.30
15.21
41.50
19.13
32.68
43.30
87.37
5.42
71.89
11.51
29.76
22.64
44.20
97.13
7.15
89.31
98.72
100.79
61.90
5.18
95.70
55.64
19.57
82.20
18.26
53.27
81.14
33.64
25.18
49.81
40.99
100.30
30.27
8.26
96.39
24.68
6.47
22.40
28.90
25.13
58.53
98.51
69.91
35.19
29.54
12.37
63.73
57.38
44.96
87.47
84.85
91.78
6.14
62.34
26.98
81.92
45.33
86.21
98.74
38.33
2.89
25.40
18.68
82.31
100.88
32.64
82.98
36.92
91.52
23.78
45.99
40.81
49.33
41.88
26.54
67.38
7.22
62.42
66.95
98.73
23.63
37.28
82.57
16.51
32.10
85.44
99.75
13.100
4.71
55.81
72.74
13.40
25.86
2.87
96.21
85.60
85.65
7.63
21.14
1.33
89.71
59.18
17.48
66.32
8.18
51.60
53.72
71.55
22.70
2.52
40.18
42.95
3.68
21.58
74.82
46.95
98.17
54.56
79.82
14.84
34.40
41.59
99.96
56.65
52.44
12.11
30.40
37.83
33.48
60.76
22.75
56.77
50.75
52.83
49.72
98.74
35.54
86.73
54.56
73.29
26.22
69.79
29.14
18.49
27.22
14.37
31.26
64.23
74.10
13.45
24.47
57.82
17.29
69.17
14.86
42.16
43.15
65.97
50.77
54.13
48.76
100.79
61.18
88.67
89.38
15.97
93.35
2.37
52.16
69.49
13.32
67.89
69.94
81.38
2.33
33.46
2.57
87.14
42.68
46.21
99.30
68.98
15.27
98.39
50.73
5.54
42.30
43.36
49.52
44.43
40.21
91.80
71.14
88.24
69.82
43.37
6.68
80.31
86.100
61.14
77.13
59.58
92.77
55.18
33.77
82.58
97.91
58.63
58.96
18.65
19.53
15.49
76.14
2.12
50.49
18.80
6.42
66.48
54.55
72.65
61.19
8.80
35.51
75.38
22.62
79.98
8.86
85.22
82.32
82.62
95.58
35.69
16.64
28.35
38.93
67.89
57.13
35.68
58.43
9.73
25.59
62.38
24.83
86.90
31.65
74.11
92.32
96.87
52.30
68.52
30.10
10.99
92.40
37.56
94.72
89.16
64.85
47.63
85.33
37.12
38.62
84.94
70.22
11.32
2.97
78.24
18.26
36.92
32.30
3.11
53.66
13.91
81.100
44.71
55.68
18.99
45.49
59.97
35.79
2.26
94.68
25.83
60.69
11.99
19.50
56.41
92.53
35.94
31.55
88.75
27.15
26.94
78.16
63.21
34.63
61.68
78.87
86.20
3.14
8.45
36.56
49.50
10.25
50.41
61.71
56.59
51.31
17.30
96.60
12.93
52.39
5.83
94.86
81.97
17.21
15.68
65.34
83.37
34.75
1.23
84.71
53.30
70.43
19.73
11.30
37.38
29.41
89.81
42.10
40.23
24.67
84.72
97.46
75.18
71.52
21.67
73.58
20.69
7.63
42.27
57.80
54.32
2.69
45.22
78.59
12.90
92.16
59.43
78.90
58.94
26.11
34.95
43.44
43.44
10.79
16.77
6.94
25.95
64.83
6.34
15.30
76.30
43.96
70.84
90.63
45.63
51.29
90.96
90.70
1.34
77.53
93.96
7.70
10.54
96.90
17.78
22.58
28.19
73.73
45.71
90.97
18.57
13.70
68.50
93.47
95.97
32.16
24.94
99.96
28.76
10.85
72.98
1.89
31.77
87.98
25.31
69.48
59.41
1.95
25.44
59.66
22.11
7.73
75.53
68.46
29.17
75.31
53.81
69.78
31.55
32.37
50.25
14.32
60.85
33.77
79.65
57.79
86.83
83.34
13.88
14.88
93.71
48.74
26.15
34.93
64.46
58.73
32.86
20.63
97.53
70.78
56.62
24.15
53.44
55.60
99.22
54.51
1.19
70.14
80.72
94.95
50.66
96.70
65.66
68.99
45.54
84.70
71.74
28.99
64.20
10.18
50.31
41.17
86.93
26.35
75.17
61.11
20.23
63.78
66.15
96.13
24.15
87.41
23.43
71.86
62.14
58.20
57.34
28.60
66.17
38.90
90.37
75.36
35.53
83.100
40.68
80.39
2.59
90.90
14.69
3.66
60.99
97.18
58.22
45.47
18.22
82.57
92.21
71.61
51.98
100.84
97.64
95.25
77.13
13.26
18.53
27.74
41.22
92.15
25.55
92.39
1.63
29.73
19.62
2.88
3.29
62.14
55.69
1.19
71.92
66.72
52.82
9.69
82.68
1.73
5.49
29.75
58.100
93.81
52.28
34.62
95.90
68.41
36.60
6.29
26.36
1.35
51.47
14.73
29.32
67.47
10.76
66.71
37.52
19.88
26.31
59.79
18.14
79.23
5.64
37.13
89.44
12.28
79.36
81.40
41.14
26.61
27.41
64.16
47.33
78.93
16.44
61.77
93.38
97.38
6.32
50.43
40.38
55.78
56.71
16.76
25.16
14.77
71.77
98.27
36.48
5.90
64.64
21.12
63.82
5.68
1.89
8.44
22.14
21.20
73.16
2.17
63.86
66.65
72.82
76.53
84.41
90.92
41.49
24.47
17.81
31.100
50.84
72.73
89.63
18.38
33.32
95.72
46.96
86.88
43.77
49.67
30.99
28.26
58.15
91.40
54.75
13.90
97.98
32.57
23.92
65.62
60.42
76.58
17.78
80.61
28.13
38.97
97.44
66.82
82.72
64.74
30.70
69.34
53.39
11.68
88.78
15.68
1.69
23.30
31.93
49.88
64.54
65.44
37.42
38.63
35.79
55.89
42.33
98.46
24.84
77.15
87.47
5.89
36.26
94.18
41.57
43.14
53.37
97.88
96.100
20.64
31.67
1.75
30.51
59.53
28.28
44.52
53.29
2.78
6.10
36.84
76.48
76.53
81.80
5.54
17.21
97.92
54.98
20.49
90.42
45.17
58.94
15.93
94.46
96.17
34.97
98.71
40.30
49.78
94.38
8.15
69.87
19.54
23.40
71.60
82.49
55.58
53.53
35.78
13.80
43.49
55.52
61.67
1.59
75.39
81.45
64.42
54.79
14.29
38.69
50.94
48.51
63.80
38.83
100.32
25.87
78.50
74.63
96.75
13.15
51.39
32.35
88.97
95.67
58.50
31.88
8.86
39.96
18.39
23.36
40.63
45.64
36.13
57.82
12.72
32.49
93.49
85.20
65.91
23.48
49.44
8.58
39.22
11.30
62.67
67.23
43.87
32.17
39.43
10.70
16.58
85.65
34.22
44.29
53.21
55.91
47.18
55.69
64.51
28.37
12.24
91.69
87.33
90.92
91.87
37.63
39.44
51.22
33.53
72.44
7.72
44.99
95.98
53.65
92.53
11.96
80.62
75.98
95.88
71.61
47.66
74.95
70.20
82.86
40.92
60.21
32.55
9.31
22.52
47.97
21.44
26.26
41.44
30.59
46.13
31.87
4.32
47.92
29.34
14.85
12.36
100.100
97.32
25.73
65.65
97.94
14.23
68.38
74.14
95.85
54.66
88.15
86.94
81.71
8.85
10.22
25.83
96.31
87.60
70.41
55.31
85.73
11.30
48.46
4.73
65.74
81.38
68.98
52.15
40.87
57.85
27.90
22.95
2.34
87.72
79.60
39.53
16.65
2.57
41.87
72.27
5.15
50.99
9.14
21.64
3.87
11.46
87.56
85.99
19.83
9.62
47.95
92.79
32.93
78.57
13.85
77.79
76.66
82.55
79.34
19.94
46.67
91.25
34.75
2.41
27.34
4.39
82.88
96.79
19.24
79.89
65.70
78.71
46.58
41.74
42.52
80.43
24.58
81.71
17.98
74.35
98.25
55.15
80.51
97.29
37.87
53.39
14.33
6.61
51.28
93.64
13.72
2.33
26.90
13.62
57.68
39.28
16.78
8.28
72.67
54.78
39.47
24.88
16.77
1.95
83.92
23.80
76.89
99.57
24.34
93.33
83.64
55.52
59.45
88.62
83.68
64.77
98.21
52.91
34.10
76.15
73.39
97.19
46.59
84.32
93.29
34.85
22.91
8.11
30.49
74.90
69.88
2.63
70.31
32.13
42.79
72.96
37.40
1.19
63.51
92.70
43.62
44.77
62.91
13.38
22.28
95.58
5.42
2.48
40.86
8.61
51.49
34.37
81.42
71.20
63.61
22.67
54.38
30.79
38.54
98.84
83.48
95.83
1.71
100.70
21.40
87.92
7.92
13.18
70.40
66.70
17.67
27.86
34.95
66.64
91.48
57.63
27.85
70.72
43.31
67.90
41.98
95.90
73.99
44.86
4.57
69.85
99.94
4.31
96.71
53.37
88.13
89.61
23.61
47.43
13.96
1.52
80.35
78.64
64.62
100.76
17.32
83.47
12.64
31.39
14.71
28.42
84.84
35.45
97.65
33.29
37.81
13.85
55.83
74.47
53.53
7.21
46.25
16.67
6.22
99.63
95.46
99.82
59.51
39.27
24.40
28.98
21.49
58.37
20.19
8.91
16.75
38.94
40.50
79.37
68.21
39.21
9.87
17.10
70.79
33.86
53.84
96.69
15.93
69.66
69.87
82.75
28.73
55.35
78.78
91.85
100.99
16.63
94.20
16.29
39.87
70.82
19.46
35.26
69.53
37.53
5.51
80.25
82.100
40.36
58.94
49.28
24.45
64.49
91.92
45.72
4.61
11.41
92.58
63.33
90.98
40.26
91.36
21.79
20.56
63.91
25.46
30.15
9.41
47.71
40.31
36.98
74.14
29.52
47.74
1.27
29.62
58.67
44.86
13.79
31.89
72.25
90.43
22.63
58.15
68.85
75.20
75.60
46.89
72.54
17.26
100.16
28.83
51.44
87.51
82.95
9.73
28.66
39.22
17.85
97.14
13.57
91.95
44.44
65.31
17.69
60.36
12.74
14.49
63.31
37.74
87.74
64.88
58.89
12.88
97.65
100.12
83.61
25.19
88.65
74.49
24.72
14.100
92.47
95.24
76.48
37.15
64.91
10.67
67.52
80.16
44.76
51.97
40.85
73.17
26.96
13.45
85.39
75.69
20.53
18.69
73.20
52.66
64.82
43.43
95.71
6.43
33.90
4.37
7.55
98.49
36.46
18.96
95.51
67.61
13.47
21.23
11.67
66.20
28.91
56.33
42.66
73.75
21.66
36.30
58.12
100.25
64.34
27.30
3.16
51.26
4.71
2.74
43.90
58.92
18.65
69.62
72.17
24.79
31.92
7.43
44.17
30.74
40.74
100.21
83.95
92.43
30.80
23.99
71.37
35.88
65.24
82.89
22.48
98.84
79.50
65.47
46.82
72.36
68.81
26.82
45.54
72.10
15.55
84.22
45.78
56.58
68.43
74.51
2.47
4.54
11.49
59.89
58.86
1.92
65.91
12.23
26.64
27.60
43.64
37.96
85.33
95.89
94.48
3.18
65.67
63.99
58.94
52.88
32.97
22.14
46.24
25.19
68.56
27.52
84.63
34.92
60.34
44.57
99.72
15.12
20.63
100.98
7.96
68.48
88.97
2.28
41.84
48.38
82.100
34.43
48.64
68.80
3.90
76.52
75.49
41.29
66.95
87.12
33.65
19.50
92.95
14.43
57.11
65.97
48.40
8.79
12.68
73.71
78.39
50.39
41.47
31.45
98.63
75.13
49.86
84.78
48.61
17.43
20.48
98.27
51.52
3.34
58.27
75.29
15.85
75.49
68.82
99.73
4.58
82.79
41.94
33.80
73.72
62.18
73.53
79.24
100.88
89.91
98.49
63.88
89.74
89.70
43.23
17.56
41.14
42.33
65.72
13.22
80.94
32.10
80.21
88.13
24.80
51.21
79.74
31.56
78.91
21.61
39.26
57.64
69.39
31.81
24.30
36.90
61.33
48.17
34.30
68.61
69.23
45.40
73.58
88.54
27.86
10.16
10.67
22.11
73.91
7.27
95.37
87.65
47.69
88.57
31.58
40.55
70.33
37.10
65.40
38.44
54.100
86.29
63.82
87.25
81.29
6.80
81.89
52.85
39.35
67.11
97.89
47.47
23.43
59.58
78.16
27.59
61.20
69.16
13.72
65.14
63.95
58.28
64.86
82.48
94.96
75.67
34.59
80.81
92.39
27.41
83.99
16.14
95.18
65.14
97.81
68.24
4.35
68.88
29.14
57.72
80.21
37.61
54.62
95.26
10.66
18.38
85.55
86.11
75.56
50.98
76.43
53.75
3.46
86.18
88.38
80.25
6.98
43.28
5.97
46.49
55.25
82.73
40.93
86.41
11.74
51.68
4.87
30.41
79.16
65.13
44.62
44.33
83.81
27.64
97.14
93.38
53.50
72.72
12.15
44.64
17.95
12.10
78.42
95.91
74.90
45.70
48.11
56.76
14.35
19.20
24.60
39.21
21.95
17.26
37.19
17.38
94.88
49.77
95.73
29.14
85.87
71.49
73.22
9.52
28.63
7.14
90.29
90.81
97.91
54.97
67.35
29.18
96.53
100.54
30.94
36.89
89.26
25.86
63.41
57.10
6.53
37.54
39.51
22.54
43.71
20.100
55.38
23.93
23.26
97.73
91.66
60.68
8.75
42.14
96.18
17.35
1.13
13.50
49.52
7.70
20.57
22.58
27.28
89.38
44.41
66.72
57.16
81.94
52.56
84.89
11.75
90.12
4.45
89.85
36.49
14.71
82.17
71.79
10.81
43.97
65.65
52.86
12.98
10.19
17.71
65.79
69.33
60.54
77.97
65.16
1.88
86.18
68.74
52.88
96.52
56.56
56.79
19.39
77.40
21.73
8.97
75.35
16.19
82.62
80.54
1.24
73.63
65.46
56.83
36.56
38.52
90.61
100.16
19.13
87.62
21.90
8.34
88.73
92.26
2.16
56.73
21.87
47.15
38.40
36.41
76.95
62.56
10.65
20.90
55.12
13.85
31.63
6.59
81.22
11.68
82.12
8.67
78.87
97.11
83.53
10.52
47.58
50.61
81.10
75.62
56.33
66.61
2.94
57.43
71.26
53.62
69.46
55.47
36.17
83.84
99.73
94.35
32.87
8.20
71.53
98.79
13.59
39.10
37.71
72.82
90.91
79.39
70.57
43.75
98.47
40.28
10.22
97.12
38.92
50.28
85.95
25.76
74.54
53.94
64.33
97.55
91.93
37.45
36.69
18.10
67.91
20.99
79.12
98.71
40.94
65.13
76.74
15.43
3.27
80.80
67.47
90.56
94.78
51.44
1.45
45.48
46.52
7.31
36.26
98.50
69.53
19.67
30.87
34.84
19.96
44.46
1.60
83.97
17.42
30.74
8.94
80.76
31.89
79.35
45.100
49.27
33.46
61.44
27.91
58.80
93.93
30.46
57.46
15.13
2.50
63.50
40.16
96.82
42.35
17.66
74.27
19.95
94.26
55.54
97.43
11.27
100.11
77.72
91.92
6.22
80.18
72.34
89.50
5.18
93.44
39.62
25.14
28.25
30.72
22.27
52.61
62.14
24.48
90.84
76.58
78.55
93.41
29.70
53.87
68.66
37.81
12.44
36.20
97.60
40.14
97.88
99.55
82.54
12.90
13.30
16.89
27.71
81.75
25.96
99.96
86.69
7.98
72.75
72.95
29.71
34.68
61.55
34.90
55.19
21.91
7.95
16.75
80.91
28.20
24.42
9.82
57.21
74.62
98.14
54.18
53.46
77.44
88.67
21.89
17.80
1.46
48.51
23.56
78.98
56.23
6.42
47.15
94.61
68.85
32.11
67.24
24.17
38.14
68.64
74.50
89.44
43.61
32.36
58.10
44.46
21.59
80.70
9.41
37.90
2.14
95.37
17.36
95.51
61.82
80.86
66.88
92.25
94.47
47.20
96.46
51.10
20.31
63.48
5.21
88.27
26.55
57.91
45.40
88.45
15.71
29.52
95.23
74.55
81.66
99.52
63.94
52.68
72.20
38.11
77.73
36.88
57.46
76.41
20.67
8.83
36.24
96.22
88.49
12.72
24.70
11.33
65.40
33.51
25.12
100.77
38.29
35.92
97.74
17.12
47.74
60.94
93.96
92.33
13.30
63.46
56.78
46.97
60.43
84.85
65.77
89.92
92.29
82.12
97.34
94.25
34.19
37.93
89.95
57.38
80.92
39.81
15.70
48.29
62.43
43.19
83.52
9.42
43.64
5.85
30.80
44.38
83.78
37.57
42.27
96.79
10.78
13.17
67.74
4.69
27.94
63.41
37.38
79.91
59.100
11.43
26.93
17.82
92.28
21.57
11.37
11.86
40.44
88.67
18.24
9.36
76.60
73.73
16.21
36.63
4.76
3.15
37.57
45.19
2.19
86.34
73.27
66.55
49.77
93.21
21.76
22.65
13.73
56.37
23.35
75.50
89.51
60.77
74.53
86.95
77.77
21.75
23.67
32.40
16.24
35.87
27.97
28.99
10.25
35.61
28.20
93.57
83.17
38.61
85.31
96.83
93.32
73.19
52.37
67.13
71.40
3.59
65.74
9.27
20.43
15.81
41.67
82.94
83.43
47.24
38.58
20.55
68.30
62.35
17.68
5.58
73.87
93.11
35.98
6.44
46.27
72.25
8.61
27.15
64.31
92.75
58.49
84.79
6.33
59.61
54.59
68.51
79.27
75.18
20.60
57.82
22.98
24.92
47.42
58.48
43.26
22.94
3.94
62.20
84.80
70.99
67.58
88.25
26.38
35.86
18.99
49.10
80.27
40.87
13.87
38.28
47.49
95.80
55.93
52.56
22.14
44.84
56.20
14.41
12.61
84.76
95.91
23.100
32.80
52.30
41.37
16.27
48.20
70.12
76.73
79.72
44.100
99.12
28.96
89.24
35.45
10.97
6.27
36.63
83.50
40.50
88.74
29.26
53.71
25.31
18.24
83.49
30.66
91.52
91.96
77.74
58.80
4.70
25.76
88.94
86.91
49.79
2.78
98.52
45.18
68.28
7.100
61.65
18.46
30.75
7.45
62.20
81.34
60.11
94.97
66.35
24.61
43.92
19.68
30.57
76.13
18.42
76.83
68.43
31.75
88.24
89.96
39.60
42.37
78.11
80.18
19.98
42.27
24.87
89.96
35.32
87.82
70.53
86.32
71.65
7.87
72.91
38.61
27.44
63.35
18.94
22.44
21.78
94.83
79.83
69.55
16.62
65.73
95.13
5.54
32.71
78.48
35.31
84.100
79.66
80.52
34.99
1.19
33.89
94.86
13.82
95.83
47.53
39.68
95.21
27.67
72.28
5.64
5.18
93.25
34.98
22.44
57.28
86.82
96.14
26.79
45.53
85.11
97.44
37.16
97.43
69.38
97.64
87.87
23.36
46.26
46.93
86.48
95.69
5.68
38.54
10.79
3.40
96.26
52.19
92.90
64.75
3.91
78.54
71.28
56.16
40.38
41.69
94.22
41.13
99.30
58.100
14.80
26.66
12.44
57.25
77.14
97.72
98.62
51.63
15.41
31.18
25.70
53.72
76.93
51.97
11.30
76.94
16.44
10.38
63.91
30.96
69.25
50.64
97.83
21.91
42.61
83.52
95.74
84.49
73.54
12.63
52.68
84.65
3.64
27.65
58.32
45.75
78.42
50.96
76.20
84.18
49.44
8.25
23.77
89.16
40.53
79.34
42.13
74.76
44.35
1.25
62.64
76.98
27.70
29.12
42.61
35.95
20.11
58.98
15.81
39.13
33.61
81.95
84.60
76.13
51.30
84.61
68.39
19.73
90.95
71.90
9.81
41.68
64.49
41.85
11.86
37.84
65.100
56.65
66.91
76.13
21.95
38.23
1.13
33.14
73.11
81.27
99.14
85.56
68.57
45.13
10.34
32.16
87.44
71.29
14.56
43.85
3.63
44.85
65.45
27.32
98.29
28.10
91.78
30.92
48.54
55.51
23.20
24.94
32.39
4.15
30.55
4.58
8.17
14.31
48.13
35.20
5.56
35.71
77.72
19.50
40.29
92.89
32.77
13.11
90.25
79.21
95.54
29.81
60.23
18.88
22.94
41.12
62.63
17.46
28.73
41.11
24.45
53.67
26.75
86.21
80.80
87.100
35.23
68.50
78.41
48.99
66.63
83.51
46.18
76.41
32.70
10.77
13.44
71.10
13.53
66.41
67.76
83.26
18.65
68.18
37.56
47.65
37.81
60.98
6.83
93.27
9.52
26.15
71.59
94.52
10.58
96.56
51.29
93.75
88.93
59.75
59.99
57.99
39.40
24.51
71.28
7.77
61.48
64.56
34.87
34.24
13.84
96.41
80.45
85.87
38.32
30.87
9.98
3.37
44.84
70.32
65.58
40.18
37.54
79.67
44.71
4.72
23.37
97.50
80.61
12.97
71.27
53.26
71.21
65.35
11.34
72.11
22.82
20.87
4.58
97.62
54.95
51.20
54.57
74.36
75.86
32.34
96.34
20.23
89.94
7.76
75.77
97.60
83.88
9.36
39.83
40.91
3.36
33.18
6.65
22.23
12.77
47.68
48.15
13.58
51.67
42.57
79.10
80.50
82.78
22.66
86.65
25.29
13.98
9.11
51.59
66.74
50.75
26.86
5.95
8.63
59.19
74.55
77.62
22.28
22.98
80.20
48.95
85.39
49.24
51.84
50.58
89.47
80.13
23.61
43.91
34.75
81.31
27.80
77.39
22.85
43.37
54.86
86.27
75.76
43.72
86.65
43.80
50.25
25.48
38.43
74.14
13.58
15.66
39.35
62.42
24.97
32.97
51.42
52.15
1.83
30.27
89.86
66.75
62.81
39.28
14.94
83.62
37.98
29.54
87.56
23.84
97.78
38.87
5.81
96.40
96.70
25.48
86.34
58.30
41.16
12.14
41.20
75.82
20.38
65.70
10.10
46.45
39.43
47.24
21.47
74.16
88.90
96.65
90.42
78.90
68.69
64.73
31.46
89.93
67.54
73.27
26.16
100.58
18.95
26.56
47.41
77.74
39.77
91.88
80.63
47.92
37.96
32.94
90.80
10.23
31.37
99.74
22.83
68.27
21.63
6.60
100.35
14.97
31.96
16.30
32.28
85.13
94.12
82.81
61.71
58.98
89.55
13.72
18.18
78.40
21.80
15.12
37.57
5.15
75.61
20.43
99.89
59.94
46.13
72.18
16.83
74.34
71.49
57.92
64.39
39.29
66.100
8.44
47.50
17.61
23.26
51.14
73.75
7.35
97.24
29.49
25.74
73.85
55.14
79.71
17.78
81.25
87.61
48.90
37.34
18.43
80.33
40.73
46.45
85.68
12.28
38.41
14.12
77.69
48.87
32.100
60.65
99.57
21.51
15.47
55.26
55.79
17.21
4.49
11.94
43.45
6.55
47.36
77.46
70.32
50.53
72.100
66.25
45.35
63.31
54.81
26.81
77.49
80.71
6.99
24.92
60.51
43.20
52.23
65.37
82.30
89.68
79.43
38.86
8.60
1.34
96.33
50.24
70.40
50.63
66.34
40.100
97.25
83.75
86.88
52.28
70.80
20.71
95.37
72.33
28.19
89.54
59.73
6.53
39.60
96.49
42.85
8.22
47.80
63.99
65.78
5.87
61.46
84.95
47.27
83.22
74.30
17.91
26.61
90.51
66.25
14.31
37.76
69.48
99.39
89.73
16.79
85.60
59.24
74.50
98.93
68.52
44.62
84.27
43.77
89.39
4.87
90.96
66.55
98.16
100.15
13.13
44.98
68.16
3.38
18.40
28.88
62.16
30.21
81.30
72.67
81.79
9.65
98.28
29.32
9.16
41.32
30.18
51.95
63.34
94.78
91.28
20.79
24.10
57.60
78.77
88.99
22.65
55.29
74.55
77.55
34.55
93.13
69.100
90.97
98.53
93.66
47.98
34.71
20.38
28.10
4.31
58.32
6.36
55.36
30.69
21.99
55.75
46.79
91.26
73.88
26.75
7.100
97.84
49.40
13.80
100.100
100.84
37.38
16.23
79.17
76.72
49.29
58.75
3.43
11.61
49.68
58.13
3.52
29.11
1.32
40.51
97.42
70.17
85.35
74.12
54.22
98.45
44.52
2.59
42.86
13.32
71.41
83.80
8.12
67.55
33.73
22.59
87.19
46.74
40.36
41.24
14.26
49.17
5.37
7.25
74.75
24.48
14.12
20.79
13.100
56.72
16.91
80.61
76.40
13.88
21.50
50.42
58.93
23.58
6.93
5.49
76.35
53.17
97.50
79.20
66.11
48.53
81.80
72.79
5.54
80.65
97.39
94.77
81.43
39.86
48.89
28.89
18.27
79.39
29.74
30.15
62.95
45.52
26.90
96.32
94.23
100.82
22.19
46.24
61.70
14.80
48.70
66.87
37.84
13.46
76.81
51.98
68.100
76.97
2.50
6.25
42.95
5.66
67.54
11.31
61.40
68.92
73.96
7.78
89.67
11.14
66.82
40.36
74.31
62.91
15.62
74.36
91.47
37.61
28.39
25.80
79.81
45.100
28.37
9.66
8.24
18.48
79.23
84.68
64.75
81.13
26.77
76.87
64.31
49.51
62.95
34.10
73.23
89.71
49.92
16.12
93.86
50.56
57.45
75.79
43.27
57.25
3.24
38.83
30.41
77.68
27.53
87.34
15.60
72.51
88.92
22.10
88.86
11.70
62.55
31.14
94.22
26.48
30.24
44.97
25.81
28.34
87.84
30.38
40.46
71.64
99.67
58.82
2.89
43.55
69.78
21.99
60.41
7.72
17.81
34.15
99.53
29.36
17.62
100.15
15.74
18.11
35.77
90.82
11.89
69.80
96.97
36.94
76.36
37.75
57.28
10.92
40.43
65.51
11.30
94.42
93.50
35.91
97.59
72.34
73.72
27.71
89.75
94.65
57.23
11.88
10.52
26.12
71.12
50.27
11.74
35.29
2.55
7.53
6.92
29.45
82.28
90.37
57.45
60.47
27.13
80.79
39.49
70.74
88.81
90.85
41.16
66.62
98.43
17.45
4.61
29.23
77.77
5.47
1.33
26.79
1.65
93.35
50.67
40.100
40.39
36.95
59.30
17.63
26.69
88.75
25.29
66.24
99.40
96.36
20.74
4.28
29.61
74.16
30.49
10.24
97.71
6.67
14.34
98.48
34.91
57.97
6.43
39.100
86.36
91.22
49.71
94.83
69.60
15.30
98.14
43.95
92.23
2.62
39.13
91.68
52.100
75.38
47.15
18.57
48.66
8.30
9.67
75.75
11.27
74.79
26.30
37.84
91.38
55.60
93.19
22.46
1.93
77.16
90.74
53.65
70.72
47.32
62.32
21.78
26.95
81.52
48.19
8.56
57.79
60.44
41.44
33.81
20.75
46.48
66.53
57.74
42.41
22.58
64.31
57.75
45.53
52.21
67.41
44.31
37.95
31.43
95.73
49.59
40.67
9.66
2.47
3.25
41.57
39.67
86.93
63.100
97.99
30.93
82.68
13.60
67.23
22.100
62.15
5.48
81.43
27.69
76.74
26.69
8.18
4.21
35.33
37.54
60.39
37.95
1.86
64.79
39.64
64.67
95.91
64.26
31.28
77.36
46.15
51.40
32.86
7.62
65.31
77.89
75.40
40.50
73.22
91.62
17.75
77.50
18.38
36.78
69.67
76.45
20.39
100.29
77.16
65.26
86.56
85.54
66.36
64.96
31.44
12.38
43.23
39.42
92.53
35.69
97.42
69.35
5.57
80.26
14.89
30.86
60.71
89.87
47.55
56.51
81.78
46.99
44.41
30.39
13.23
64.27
3.81
78.50
35.48
50.46
88.93
38.42
93.15
9.51
84.10
78.12
70.16
22.44
70.91
9.20
41.83
99.99
43.14
62.91
45.75
33.55
7.68
31.83
40.32
44.14
44.68
31.55
41.42
2.64
99.68
67.24
82.49
63.98
12.91
94.65
90.91
35.62
74.83
38.61
18.79
98.54
85.59
63.70
16.46
33.18
41.41
62.84
30.85
48.50
49.62
71.96
100.25
37.63
22.80
16.38
77.77
81.81
4.34
34.29
11.71
44.19
100.11
72.35
99.97
50.21
18.35
41.67
19.77
31.14
91.58
100.96
57.86
70.31
55.74
15.69
43.37
6.51
16.34
95.22
60.34
10.79
56.82
32.62
54.88
66.15
67.26
20.25
38.32
22.49
58.35
92.83
66.24
67.53
68.41
29.10
2.80
92.55
93.65
17.95
61.45
98.33
54.18
1.81
60.48
35.11
42.33
63.97
4.15
15.65
38.89
29.71
27.44
6.45
11.72
96.94
52.86
53.33
13.11
62.43
62.72
88.56
12.73
100.52
40.79
71.58
27.80
90.34
14.72
22.46
95.25
67.32
91.39
9.81
22.61
12.27
10.81
19.28
19.74
25.75
44.35
77.84
13.92
52.54
24.31
81.88
96.57
45.75
86.53
58.16
11.15
43.60
35.43
87.48
34.84
41.32
70.62
53.93
53.36
40.37
84.82
25.88
39.25
36.61
43.69
72.16
5.100
70.63
89.65
3.24
79.32
1.32
9.13
85.66
61.23
51.55
93.92
92.62
96.39
76.80
64.64
73.11
6.31
2.65
60.27
2.97
59.49
77.21
25.77
62.60
63.48
19.36
77.74
94.12
61.95
78.21
25.21
58.46
16.53
36.88
14.60
44.19
69.71
2.54
69.70
18.31
53.60
15.51
65.35
46.27
10.15
8.27
16.99
93.73
96.31
56.81
18.47
50.73
56.35
20.98
74.57
42.65
83.89
90.92
16.17
68.65
66.35
53.44
27.18
35.70
47.82
86.14
92.66
72.51
93.55
61.77
55.27
41.42
47.23
20.83
67.78
98.75
75.46
46.43
89.84
38.94
14.29
29.50
73.59
100.37
15.10
56.71
78.79
97.58
83.61
10.59
52.83
54.79
5.29
85.42
58.28
69.62
33.80
70.40
25.63
56.31
87.32
43.23
9.65
17.60
67.22
94.57
71.29
15.99
36.49
41.46
8.70
64.77
44.98
70.80
49.48
87.28
39.14
96.15
89.94
62.53
33.28
45.27
21.30
22.71
90.29
21.74
53.77
43.10
61.37
31.81
52.68
44.63
85.82
4.80
47.32
19.100
88.85
72.51
22.11
66.21
4.46
60.70
11.75
98.67
59.49
73.55
38.86
33.91
72.61
68.12
63.83
53.13
68.49
23.36
15.61
83.81
79.48
14.55
72.52
42.89
31.71
62.76
87.15
6.98
41.89
39.87
28.52
55.66
40.22
43.54
39.39
63.93
11.60
48.11
21.98
79.49
40.51
23.73
91.82
54.54
68.95
100.23
9.83
46.93
89.37
4.73
81.47
2.47
15.16
86.18
29.44
12.51
29.50
12.21
29.55
95.14
63.18
41.53
87.18
41.86
34.94
55.79
94.61
46.15
54.47
21.47
39.86
81.73
30.52
46.34
29.97
36.96
32.96
94.64
4.68
43.96
79.50
19.80
19.65
85.26
22.83
51.48
38.65
13.35
72.48
70.89
5.95
68.16
6.93
40.25
98.16
27.94
61.83
94.31
33.13
58.96
97.21
69.71
8.63
23.37
13.39
11.28
21.59
88.72
27.48
94.53
49.18
97.50
94.83
81.24
76.69
96.69
9.99
24.23
8.89
40.63
6.16
45.43
28.10
60.95
17.13
80.71
92.98
12.48
31.20
63.72
28.66
71.46
25.46
62.90
41.87
60.34
82.16
13.98
20.99
99.72
5.95
6.32
91.91
24.52
83.80
71.99
68.96
54.73
71.46
76.90
86.58
79.20
11.28
61.59
38.59
94.75
57.58
93.21
73.69
12.37
95.55
9.71
77.93
62.10
48.84
75.80
63.32
66.84
13.81
12.100
67.58
87.61
45.35
88.82
70.59
97.64
73.87
58.88
93.12
36.17
85.53
3.38
13.92
1.13
8.35
3.16
6.70
2.94
53.11
9.75
34.88
17.94
17.40
41.28
59.99
78.22
96.92
55.80
82.74
19.84
18.66
16.57
47.51
34.35
71.33
42.48
73.91
96.36
50.45
79.17
3.18
24.72
41.10
10.16
34.94
16.91
36.15
87.27
2.50
46.31
38.85
28.98
60.73
34.31
24.81
76.62
8.82
97.60
65.92
69.25
1.86
20.73
17.84
4.92
1.12
42.93
4.100
38.26
67.65
78.92
46.51
67.53
56.61
81.49
6.68
89.30
53.39
11.63
74.28
46.67
53.15
35.49
25.26
51.26
14.80
15.64
98.26
81.86
60.57
90.32
33.29
75.72
72.24
1.50
15.83
95.87
25.64
9.85
4.91
89.100
13.65
32.38
34.53
86.35
48.72
29.57
72.53
36.11
80.84
7.25
39.88
74.89
92.48
25.20
82.14
59.99
6.74
73.81
41.41
37.77
38.75
15.86
81.79
1.75
18.97
49.30
82.89
4.90
46.89
1.50
80.76
90.95
16.100
37.47
82.94
85.91
45.50
43.62
51.82
14.78
84.96
66.61
97.86
92.28
25.63
86.96
13.49
11.64
13.52
67.46
48.93
72.75
4.70
61.92
52.81
12.98
74.41
57.72
95.86
87.65
48.20
67.34
84.28
25.46
91.58
60.12
72.27
61.12
58.85
6.67
66.72
67.20
88.52
56.24
12.100
87.62
52.76
90.40
13.26
37.43
36.21
19.76
19.50
3.79
4.82
96.27
57.15
31.73
26.50
77.53
43.47
55.16
29.11
5.74
81.33
13.74
17.76
44.21
2.39
61.49
19.13
10.31
59.61
29.40
42.29
78.29
80.67
92.22
85.68
71.63
96.43
78.32
29.94
33.93
33.12
4.54
91.15
8.15
63.99
69.92
58.84
1.16
18.96
13.62
2.52
10.49
55.60
97.96
1.13
63.50
7.78
42.51
8.68
64.83
92.73
95.28
38.96
85.67
11.26
98.93
3.94
33.25
54.14
96.55
36.17
77.40
18.55
25.59
49.35
19.61
85.10
81.11
90.37
92.71
41.81
22.89
80.56
85.34
29.79
72.100
4.30
53.27
81.36
55.37
67.85
18.55
71.34
65.21
88.88
55.69
9.58
13.79
34.36
38.55
7.15
37.54
56.25
67.75
36.50
27.81
3.78
89.74
13.33
76.36
96.100
40.92
44.93
62.94
58.75
14.70
65.74
6.54
72.64
23.23
18.19
94.23
100.78
66.75
32.32
65.57
62.87
74.30
69.39
43.48
93.50
84.82
66.76
37.38
53.56
85.40
58.89
36.53
14.89
27.67
93.19
3.61
22.10
89.58
45.41
54.92
20.94
93.83
12.17
60.54
35.43
89.96
23.44
87.91
75.63
22.70
75.28
92.19
48.33
54.33
14.29
30.21
3.52
1.67
64.55
85.57
72.42
66.57
4.99
77.80
34.81
8.69
94.79
69.76
89.48
42.76
6.55
58.16
50.94
18.94
72.90
22.62
34.67
88.14
2.98
80.84
71.13
86.67
20.93
57.60
3.75
70.69
56.29
44.73
57.11
85.27
72.96
85.17
98.18
81.74
42.53
73.34
39.76
71.52
94.55
54.88
63.26
31.12
10.21
10.72
53.63
73.100
4.74
72.20
5.44
21.56
43.65
32.71
66.30
72.83
82.24
98.68
12.91
88.11
75.15
10.72
85.32
71.72
65.26
81.88
79.10
44.90
78.72
23.19
69.18
24.37
35.44
72.26
5.98
61.49
56.86
22.32
99.24
31.21
49.50
45.87
7.71
70.97
90.20
21.100
74.63
16.32
96.34
61.24
100.52
8.78
99.68
56.74
38.70
40.84
38.59
32.11
21.72
21.70
91.64
37.69
15.55
27.13
44.99
77.90
66.58
77.55
70.78
37.48
28.96
56.17
6.55
72.16
56.84
89.65
60.63
76.28
7.41
16.16
60.46
84.56
71.60
68.61
52.67
2.11
41.40
97.71
52.98
66.35
53.58
22.62
68.72
61.23
75.27
57.85
10.36
96.11
71.83
96.73
92.89
62.95
81.65
65.63
11.96
9.36
72.50
29.100
47.14
62.80
100.16
80.28
91.94
4.59
11.14
9.68
33.76
83.14
13.73
57.27
7.14
58.49
2.28
87.68
2.60
41.84
24.43
12.51
25.29
25.99
40.64
1.81
31.19
58.36
44.47
6.63
79.99
95.64
95.39
33.71
64.36
26.94
38.82
54.18
26.75
85.69
45.64
28.92
72.12
77.22
96.91
33.23
29.13
42.77
9.13
37.21
15.64
41.71
63.42
58.12
53.81
55.88
22.16
32.39
4.51
56.40
83.46
71.64
19.54
28.22
47.48
87.11
37.29
43.36
49.82
81.71
74.76
58.64
55.100
61.40
10.76
52.27
78.34
47.59
41.85
41.42
98.50
95.42
83.97
82.51
34.92
58.19
55.71
53.94
78.33
58.97
69.41
98.89
10.100
68.86
12.13
83.64
45.16
37.55
64.41
96.90
85.11
94.64
23.75
25.99
24.43
7.69
86.94
45.71
42.16
40.10
51.23
70.66
83.44
62.45
67.100
30.92
72.17
48.66
50.86
58.43
19.54
20.99
74.66
15.56
47.42
95.76
20.42
4.96
21.86
45.88
86.52
31.47
36.49
64.19
15.10
67.28
8.22
49.64
82.54
18.90
32.29
80.38
54.24
96.40
20.94
2.35
72.72
80.95
75.38
72.53
47.72
12.10
16.52
89.61
50.93
39.54
91.76
82.97
98.83
3.14
96.63
15.97
72.21
100.99
55.38
63.77
93.17
97.98
40.56
25.26
57.37
25.66
53.57
24.47
99.54
63.81
48.52
32.43
32.96
43.45
79.48
37.26
83.70
35.77
17.13
44.18
40.21
52.43
33.30
39.44
3.98
32.64
79.30
14.67
99.64
69.29
88.14
62.63
44.75
69.20
8.19
10.89
2.19
21.49
18.90
82.79
39.78
31.83
35.44
60.68
77.72
26.55
21.87
18.61
35.92
47.43
33.41
52.92
5.16
90.24
11.35
67.11
49.32
66.75
27.81
82.85
37.82
79.90
37.29
41.39
6.48
51.12
65.66
75.56
62.93
71.28
54.52
44.72
74.84
33.66
49.66
35.11
30.29
47.86
53.57
88.64
81.50
92.27
35.67
62.34
99.77
37.47
62.40
100.93
64.64
82.16
55.47
50.16
88.60
98.86
45.58
54.39
76.93
52.82
82.12
95.46
42.30
51.30
37.83
53.28
83.58
8.82
98.98
64.58
72.33
52.30
47.58
30.67
96.27
47.86
69.48
4.77
22.55
20.89
84.38
65.82
8.80
39.59
82.88
75.66
41.59
74.29
24.90
45.28
41.80
49.78
8.87
11.79
42.45
82.51
50.49
28.27
52.67
44.20
14.49
62.83
87.34
69.100
14.81
88.81
49.14
67.66
65.60
53.94
58.42
33.60
86.89
75.35
21.44
53.54
66.36
25.83
4.13
46.53
55.14
54.33
64.39
63.65
72.12
46.30
21.58
46.12
56.91
3.68
77.68
72.21
67.85
29.49
3.90
39.98
71.93
92.99
97.92
6.38
53.20
95.84
98.84
16.94
79.100
94.96
45.74
100.46
80.33
30.75
64.81
62.30
48.35
24.99
66.74
46.29
8.73
33.34
62.20
28.88
35.18
48.92
94.55
11.88
75.14
7.79
24.53
60.20
42.77
26.78
11.56
31.93
49.41
87.71
12.71
82.29
26.98
74.75
89.23
37.24
11.77
60.34
5.38
92.63
50.59
100.98
51.39
28.99
87.66
30.66
45.47
46.49
64.49
5.66
37.67
4.12
23.70
94.44
64.31
62.14
48.78
70.86
34.43
13.99
59.52
6.64
83.35
81.100
43.77
14.43
51.18
46.63
21.32
21.60
26.85
82.71
21.54
5.18
19.39
89.86
14.17
48.41
86.78
53.100
5.62
62.74
41.13
73.40
15.47
44.81
28.36
35.65
13.86
48.60
56.61
25.68
75.95
66.94
91.51
83.40
23.20
27.75
50.19
19.28
23.28
42.76
32.68
4.91
84.17
62.46
42.17
61.93
8.50
83.41
65.86
35.29
76.64
86.100
68.20
32.91
77.19
19.23
99.95
9.47
22.58
76.40
55.64
95.22
15.11
21.71
72.16
14.91
24.54
51.71
70.77
65.79
8.53
16.72
96.42
50.18
48.100
