570 2714
35.15
30.37
14.75
100.76
62.15
32.34
77.94
99.98
73.27
19.65
39.81
5.96
60.43
94.63
34.36
57.10
99.75
54.55
12.55
29.100
39.90
5.23
62.67
68.82
52.55
18.64
65.80
71.82
99.59
18.83
8.58
5.69
1.72
32.43
35.41
50.18
27.78
34.60
97.31
10.77
82.17
19.74
32.84
71.56
36.74
28.62
75.37
63.44
20.25
8.81
27.56
37.67
23.73
58.30
43.25
25.19
15.51
30.74
16.40
49.56
16.60
39.49
9.49
62.60
6.56
19.11
67.28
48.72
54.96
90.24
75.25
39.72
81.13
40.14
87.92
56.36
58.15
95.50
33.54
42.24
21.82
70.52
24.96
4.69
62.91
69.81
9.25
8.18
70.40
77.14
19.25
58.34
89.24
82.12
3.93
12.37
61.34
79.70
62.45
71.86
37.76
54.79
87.16
35.34
86.78
19.35
27.22
35.21
1.81
52.100
18.59
56.84
23.84
13.18
79.73
71.100
72.70
88.93
8.52
34.25
68.34
65.65
49.15
71.81
58.80
22.39
3.47
57.59
91.51
77.72
88.31
14.39
69.66
68.41
65.30
34.58
99.39
30.79
54.22
1.62
95.21
31.66
76.71
88.31
15.85
81.84
91.86
12.11
65.80
65.49
29.80
16.59
49.68
98.23
2.100
10.25
26.89
87.66
27.26
63.11
48.67
1.13
50.12
92.54
60.59
7.81
59.84
87.79
85.19
91.68
65.77
28.81
38.57
70.89
73.92
64.75
10.81
26.17
87.100
28.86
94.29
58.55
36.36
59.90
45.80
1.93
9.29
5.65
3.77
64.53
47.43
36.48
29.18
97.41
30.68
74.99
33.20
69.35
43.69
2.31
2.94
22.39
62.52
32.20
98.93
69.97
60.16
52.51
59.80
86.18
89.38
47.100
52.29
74.24
96.90
13.97
23.28
11.87
2.25
25.32
67.96
79.40
47.74
59.49
29.54
85.74
44.70
82.27
95.84
17.45
77.82
54.68
14.73
89.95
27.28
42.22
58.91
82.62
18.90
39.93
31.22
7.18
59.36
27.32
12.46
22.46
88.92
15.47
4.34
5.22
8.44
87.30
23.96
15.89
85.52
22.17
4.35
46.66
38.69
73.78
5.31
74.76
17.78
21.82
95.86
6.81
27.80
9.97
81.32
62.18
60.100
5.95
31.94
76.29
29.14
44.85
30.70
10.88
37.53
62.21
73.100
77.25
77.59
19.62
58.55
44.64
5.70
71.59
61.28
68.33
69.50
79.62
24.15
38.84
14.82
51.93
81.68
33.10
3.14
66.89
29.58
76.55
55.50
51.84
62.48
62.34
7.61
33.63
27.45
27.14
24.93
91.98
40.57
88.76
92.90
21.29
94.74
25.31
14.61
68.60
48.63
2.34
54.10
19.12
100.66
47.25
43.30
46.98
22.32
58.88
74.37
95.86
29.31
44.56
3.51
66.88
78.45
47.70
53.25
100.91
50.44
47.100
50.17
54.17
88.42
99.84
54.12
4.75
73.41
95.14
44.28
98.49
52.78
66.56
68.29
2.87
85.95
42.95
39.77
95.23
7.39
52.39
40.43
35.53
8.45
77.65
8.25
9.89
43.22
47.53
88.83
96.21
23.47
53.58
78.20
26.62
78.89
46.75
76.15
90.80
90.13
23.13
67.81
78.31
47.44
71.72
87.40
75.60
53.44
86.71
6.71
8.40
54.37
33.18
83.26
80.51
78.65
9.19
8.99
51.39
74.66
48.48
19.88
46.65
20.42
90.92
58.87
99.71
51.87
16.49
58.69
28.77
14.65
5.14
86.66
87.13
6.90
2.45
90.91
47.26
45.49
41.11
48.58
55.71
45.13
16.61
75.30
30.17
77.34
93.22
99.38
83.34
46.20
28.38
68.60
37.92
71.91
100.43
57.93
34.20
1.69
59.39
14.91
53.65
42.43
41.57
45.81
49.78
73.43
29.16
24.13
25.62
29.73
100.25
39.27
78.47
100.26
14.64
25.53
85.70
30.22
68.79
94.74
66.74
32.12
61.78
62.21
67.83
57.86
61.76
36.16
35.82
63.67
27.86
66.61
2.22
82.47
82.19
58.84
99.52
71.29
77.97
37.78
22.80
24.25
89.93
14.18
91.97
31.24
35.24
37.90
80.91
11.89
40.67
95.99
70.23
96.38
72.78
94.27
42.21
96.17
21.79
95.33
92.29
95.82
52.48
94.56
8.91
90.24
13.92
97.11
62.73
81.30
34.32
96.85
12.39
79.74
73.30
94.90
23.38
65.94
18.76
15.58
33.77
22.16
14.37
16.96
5.77
77.59
80.23
87.89
54.74
74.19
61.18
43.99
43.58
57.27
32.56
49.85
3.43
72.84
10.100
59.29
38.62
90.92
54.71
67.72
51.89
45.13
58.19
64.17
30.58
6.19
18.14
48.94
6.61
45.38
53.52
47.37
98.20
17.12
28.21
96.49
86.18
96.18
76.21
21.43
70.61
23.68
15.12
