467 7415
74.55
48.37
67.48
76.89
13.12
64.46
99.55
75.69
35.45
35.88
67.41
84.87
21.16
76.74
7.71
61.98
84.70
84.33
39.39
25.57
39.46
73.81
76.89
13.98
5.86
41.33
51.56
7.98
44.28
40.27
65.96
91.88
30.79
92.69
66.67
37.56
58.88
8.85
64.10
43.92
90.11
61.39
46.88
98.13
7.50
71.32
2.44
15.61
76.78
75.67
83.98
90.75
37.29
2.32
15.55
8.67
63.58
71.63
24.35
74.87
60.28
35.72
2.88
85.32
86.17
80.35
92.41
7.54
20.40
41.16
43.69
69.82
70.77
98.50
35.57
37.47
86.53
81.46
93.49
66.73
35.44
60.31
98.16
47.13
72.34
53.74
78.100
21.79
85.31
51.31
49.31
68.25
23.89
2.26
8.57
69.18
97.48
95.55
33.24
45.74
39.45
17.90
56.81
36.18
82.85
59.87
83.71
52.80
45.47
46.52
93.64
10.55
10.43
93.84
50.49
20.92
88.74
6.13
25.35
83.94
21.70
11.96
73.85
6.88
31.60
9.15
29.32
67.15
37.76
85.79
89.12
28.55
6.90
46.10
5.39
73.82
2.72
7.24
30.11
54.86
100.23
3.32
61.23
83.35
75.97
96.22
6.19
3.39
80.90
21.32
5.50
63.95
9.79
48.25
37.14
30.47
54.60
86.61
76.60
40.48
63.44
50.71
44.67
16.96
21.51
38.100
62.42
3.28
34.37
30.26
100.84
92.34
36.92
78.90
34.63
52.65
26.11
93.45
51.14
100.42
11.99
39.83
41.56
100.28
70.19
80.92
14.57
88.49
26.28
94.20
7.27
9.93
45.46
27.11
65.28
18.15
30.67
7.99
93.25
5.96
80.91
51.11
89.15
21.80
59.59
63.57
19.58
22.54
60.36
29.91
70.74
9.64
26.98
52.25
44.74
26.74
33.46
71.65
48.96
16.50
31.72
57.82
91.100
74.13
90.19
18.45
16.32
99.81
48.38
34.84
27.42
52.98
54.18
10.59
6.87
90.75
38.80
27.100
83.38
46.31
82.100
62.38
85.38
94.71
50.51
96.43
53.96
83.66
26.78
8.81
93.17
29.28
38.59
78.20
82.92
52.24
24.37
55.47
19.15
52.56
86.26
96.21
42.50
5.27
38.31
78.66
14.82
83.88
93.27
54.60
16.83
84.57
34.42
10.90
10.29
34.79
26.81
67.48
25.52
23.24
99.38
25.40
11.100
93.85
50.77
70.24
19.43
48.99
28.34
64.59
37.51
22.19
84.14
74.76
43.89
90.11
34.58
12.63
36.19
97.74
59.55
87.37
18.62
7.28
60.91
89.86
65.39
49.58
50.59
11.63
7.34
79.19
47.58
15.10
77.75
61.52
32.87
5.41
86.66
77.13
57.29
25.42
37.29
25.66
31.94
24.38
39.42
25.58
95.82
95.63
59.50
41.57
53.39
100.87
15.22
22.73
77.59
12.27
8.53
54.92
36.46
31.47
35.34
86.38
97.50
45.20
22.44
24.68
82.15
10.74
3.61
6.83
68.21
99.58
6.89
64.99
45.61
64.40
91.44
9.34
56.16
36.41
6.15
93.55
48.38
18.41
46.46
50.12
68.23
76.44
76.44
1.95
83.53
17.51
83.60
55.13
31.58
97.93
95.81
75.77
43.59
8.56
52.41
13.61
73.91
9.16
30.86
80.75
13.39
82.66
91.47
15.94
43.21
29.62
5.69
32.47
69.52
15.98
34.82
8.27
1.95
53.65
48.63
18.18
15.40
16.15
95.87
65.83
82.83
45.97
41.81
93.11
73.46
78.41
29.45
64.25
27.32
88.70
70.79
90.25
30.33
55.62
17.50
53.24
39.18
97.83
72.39
9.68
23.74
20.37
42.65
63.66
28.91
49.60
56.71
72.22
37.49
91.56
67.54
21.77
36.84
88.70
37.64
1.96
2.79
36.93
62.56
81.16
7.50
67.79
52.60
5.95
70.19
70.62
59.68
20.35
69.20
21.54
24.64
34.72
78.68
75.67
83.78
98.36
54.71
34.35
80.43
