6189 7285
99.52
83.39
97.13
66.40
12.91
33.13
22.88
86.43
20.100
13.78
52.90
51.81
81.61
75.18
20.52
82.63
4.74
84.29
96.83
79.38
52.93
43.26
72.56
6.62
7.80
54.82
15.90
92.71
85.10
45.67
3.12
58.93
91.47
79.11
81.27
49.25
71.67
69.38
47.35
26.36
95.73
90.20
31.69
22.77
96.70
1.97
38.65
2.58
34.75
69.17
8.97
77.59
45.55
61.32
16.32
56.86
14.67
84.16
53.47
25.38
51.88
89.73
44.45
52.100
49.45
94.68
94.65
49.37
9.51
72.11
33.81
72.33
24.16
84.18
16.58
1.98
98.78
8.65
50.89
17.27
27.69
64.99
33.92
59.66
17.94
19.53
91.96
46.76
67.71
77.73
96.69
5.91
47.41
64.46
73.52
80.97
7.22
89.15
77.71
33.96
20.45
6.53
17.82
27.47
33.50
10.66
77.85
93.25
29.72
63.23
7.54
97.88
89.48
27.46
9.94
41.32
64.87
76.82
55.68
42.37
67.88
100.15
31.16
72.17
33.66
15.42
79.58
98.51
12.97
82.21
33.81
25.15
27.70
80.31
88.97
58.43
78.48
84.60
58.51
49.96
49.45
35.79
69.10
18.49
59.39
50.81
95.66
89.75
47.96
63.30
47.33
75.55
34.35
53.58
13.44
83.11
77.52
19.33
26.88
85.74
44.41
75.98
42.86
15.100
16.24
86.10
3.66
89.31
19.70
43.94
96.10
93.50
74.92
86.44
50.82
98.90
25.84
10.72
61.83
84.24
83.85
8.15
70.50
23.84
38.52
51.63
28.13
6.11
27.89
68.85
54.24
64.43
77.69
32.72
27.37
73.53
58.33
40.51
32.59
50.52
46.56
60.35
100.33
88.14
84.18
61.35
61.27
17.26
23.36
44.29
1.58
57.37
35.100
26.36
61.25
43.79
44.29
96.31
41.39
54.55
61.26
9.38
70.43
82.18
63.84
73.10
45.49
70.53
63.87
52.99
12.99
5.92
84.81
37.57
60.17
73.46
92.14
90.31
18.70
69.58
28.51
55.76
32.10
38.15
76.31
22.70
51.79
68.21
51.82
59.74
25.54
40.53
74.40
28.27
16.59
65.96
67.15
31.59
99.99
5.65
1.18
41.99
93.45
7.92
59.33
77.79
37.35
73.48
21.15
12.80
18.41
13.44
86.61
71.40
7.90
42.94
1.53
82.58
8.19
74.51
21.79
50.96
95.42
87.19
51.61
23.46
54.55
61.26
37.92
15.14
75.39
48.19
6.57
42.73
20.60
85.69
72.43
90.47
33.93
66.39
21.76
3.60
61.92
17.95
67.54
58.59
17.10
93.83
27.11
41.29
81.13
67.73
52.73
81.88
77.50
86.16
35.27
6.45
19.46
56.48
74.86
58.48
49.41
97.31
85.51
46.26
39.80
47.26
38.69
10.31
2.81
63.13
47.17
54.37
41.77
71.68
16.73
7.63
95.33
86.83
85.52
29.64
54.92
35.22
35.20
75.86
56.97
6.85
59.30
29.96
49.54
79.98
41.59
13.51
13.97
57.26
4.13
42.94
89.91
65.13
23.59
30.55
59.46
66.22
67.23
80.13
47.27
50.16
48.14
54.48
79.79
40.98
59.75
92.55
46.42
3.74
2.51
82.70
81.77
32.32
92.68
37.24
94.84
90.16
27.23
78.55
75.51
92.16
6.19
77.61
65.23
95.93
92.44
18.55
89.74
54.17
93.14
42.91
74.38
25.31
43.49
86.54
90.60
69.31
75.35
71.85
35.74
93.68
16.81
88.85
76.23
68.28
94.42
10.15
82.16
60.91
99.37
91.37
78.55
74.11
25.98
21.65
81.22
28.37
99.55
87.64
85.43
45.54
4.66
81.70
72.22
42.79
16.93
45.91
7.48
4.75
44.27
11.33
24.51
12.48
68.47
96.12
64.74
2.36
20.68
78.79
22.94
47.52
18.85
48.38
89.15
44.45
53.23
8.21
70.50
88.56
5.46
38.85
45.52
37.98
53.71
63.39
31.23
1.58
52.76
68.50
37.17
75.82
56.70
86.42
37.37
98.40
4.21
54.47
67.16
43.59
37.29
29.82
15.67
59.92
19.19
94.21
47.36
51.10
88.20
2.77
78.14
56.91
39.62
74.97
26.31
81.33
64.54
22.56
21.17
100.19
19.36
31.17
46.70
86.74
42.42
96.61
29.53
70.92
82.89
14.88
20.71
46.75
45.99
39.71
98.50
72.44
68.10
28.30
32.47
74.40
23.66
86.73
69.66
92.51
5.58
70.83
12.41
46.55
31.77
97.23
40.51
73.23
82.47
22.100
84.28
63.25
71.80
56.66
34.74
25.40
8.52
81.100
64.90
57.33
61.72
64.10
42.37
86.43
3.95
55.69
34.47
87.25
82.18
24.66
7.57
4.76
88.65
16.58
86.94
10.60
64.76
66.60
30.13
4.34
84.60
74.89
75.81
76.89
16.10
47.33
78.15
98.90
55.56
77.55
10.35
61.49
70.37
91.67
48.47
5.28
37.99
2.65
62.84
83.82
83.10
31.31
25.65
28.68
48.24
39.36
29.100
62.37
33.32
81.95
73.80
4.88
10.20
89.51
100.14
7.75
9.70
97.24
52.10
60.20
78.59
18.14
54.67
21.36
4.26
2.23
42.40
74.66
9.54
60.46
43.26
45.88
97.60
35.72
59.36
93.91
90.57
77.97
52.82
20.92
37.90
68.46
53.37
75.23
30.89
66.57
47.31
32.34
30.30
90.98
89.93
2.58
82.45
36.47
53.44
26.13
46.81
3.61
87.30
35.44
39.38
64.80
59.96
47.22
89.15
9.17
59.52
79.30
4.72
21.82
95.17
9.83
74.35
66.21
66.75
73.51
68.72
30.23
75.11
100.94
26.77
23.53
4.39
79.18
18.17
36.100
69.60
18.89
4.45
92.60
62.60
49.10
31.47
15.39
52.77
45.71
80.53
60.94
32.98
14.10
95.67
76.16
54.39
91.89
18.54
98.32
42.16
13.10
91.51
99.53
40.83
34.98
91.59
48.27
23.85
55.54
10.97
11.70
19.51
52.89
73.70
24.12
5.21
87.91
12.96
39.15
86.61
62.57
96.60
8.11
88.65
66.84
79.40
36.58
77.91
96.12
54.63
72.36
69.79
93.46
55.11
95.65
41.41
68.96
51.83
39.26
36.62
90.11
80.62
23.58
59.73
66.19
52.55
86.57
60.10
63.52
9.16
8.36
5.23
74.52
90.78
68.48
22.32
69.36
11.55
53.86
39.42
13.46
2.67
41.16
53.59
31.13
19.78
10.65
100.99
89.64
23.64
92.97
95.60
9.96
57.76
64.58
14.60
8.55
49.41
18.80
93.24
15.87
58.86
14.39
24.54
30.89
77.82
64.83
69.60
83.16
30.28
66.54
61.64
28.63
15.32
62.98
7.83
87.66
57.49
60.66
92.91
57.65
36.41
67.96
19.61
96.86
78.65
56.60
92.10
28.92
87.20
50.96
26.69
62.10
19.54
7.32
56.46
49.97
4.100
21.36
79.46
69.34
56.14
98.13
40.92
45.77
83.30
57.63
34.27
57.11
28.68
44.24
42.52
85.56
45.71
99.76
84.12
61.46
66.13
34.18
75.23
11.75
87.53
73.16
26.75
62.93
32.88
4.41
43.27
73.38
69.64
49.63
40.50
29.55
63.76
74.67
43.23
36.12
34.42
46.78
29.57
81.92
15.14
60.49
100.81
61.37
83.56
34.33
45.49
4.62
65.74
14.90
38.58
7.50
55.82
41.23
22.24
17.22
88.95
41.42
86.67
59.52
75.80
17.18
88.39
75.34
78.69
35.25
81.88
55.28
39.13
80.22
95.78
48.77
86.98
92.42
5.55
67.70
10.60
54.95
38.54
44.65
4.89
32.55
38.57
81.34
37.83
47.95
77.11
35.10
39.40
93.98
28.19
20.39
6.41
9.99
59.27
36.44
49.63
29.93
50.69
19.47
12.58
71.95
54.95
3.84
51.20
76.98
73.51
82.87
37.58
33.59
39.92
72.47
22.11
82.90
89.20
25.62
15.39
61.40
86.18
14.75
46.62
99.68
57.14
34.27
73.10
87.47
55.94
5.89
16.88
84.70
10.91
52.24
88.74
85.13
39.82
52.96
77.76
89.13
97.55
30.10
11.79
23.26
15.35
20.17
83.48
62.72
13.27
17.97
38.30
100.62
82.51
28.23
2.21
36.77
35.30
23.34
3.43
64.32
74.34
97.46
43.54
17.62
11.33
27.95
35.54
2.32
19.94
54.27
16.63
62.24
98.82
22.55
49.82
100.81
21.71
84.84
12.89
15.26
94.72
12.93
75.88
40.29
89.56
48.23
92.54
65.37
58.67
17.68
8.46
17.27
32.43
65.51
63.91
100.27
20.72
79.53
25.39
83.84
23.18
74.60
73.38
77.50
62.69
35.13
76.76
29.69
89.94
37.43
57.71
79.41
46.13
69.22
86.19
34.56
80.45
18.12
57.76
36.90
4.97
97.27
42.65
80.49
73.34
66.72
70.14
19.58
68.99
4.88
100.93
43.62
87.86
50.20
67.53
20.44
34.47
57.38
63.57
54.52
46.79
25.54
94.74
28.78
60.19
27.86
80.67
49.11
89.49
29.77
86.44
15.79
98.55
21.24
88.42
45.48
11.30
93.72
57.53
18.50
86.15
98.63
68.96
62.46
3.36
37.52
88.11
97.86
81.71
12.69
2.20
39.48
7.17
84.15
80.98
84.11
68.62
14.10
1.55
4.34
70.37
89.68
94.50
78.35
56.17
51.77
21.22
94.11
69.12
36.96
75.98
56.10
17.11
9.61
36.97
97.25
86.13
18.55
93.46
22.81
5.26
65.85
41.49
7.95
18.15
19.46
6.27
99.32
28.93
100.84
95.68
34.99
10.51
54.13
48.51
21.62
21.71
41.32
48.15
57.33
85.10
70.97
46.46
87.49
58.97
66.26
21.36
63.64
90.93
35.49
31.60
1.78
98.94
16.24
26.57
81.84
96.94
73.55
94.39
76.58
95.57
42.50
69.32
39.38
64.43
87.82
70.73
14.20
15.71
24.63
30.96
65.94
90.40
81.82
92.67
74.95
98.92
66.72
71.90
16.74
45.100
9.90
85.72
49.15
6.83
97.14
66.39
96.27
54.63
38.65
1.74
9.60
60.77
51.69
67.10
58.66
75.77
56.48
3.28
86.74
40.22
77.18
80.85
72.75
6.65
68.43
11.50
2.59
100.24
15.82
61.24
85.24
98.44
71.33
42.57
100.90
88.23
38.22
29.29
25.14
17.36
60.99
36.63
48.74
82.82
94.44
23.18
64.53
51.84
11.28
86.46
58.79
40.64
28.23
72.14
20.63
24.81
7.21
91.65
12.13
22.13
8.22
88.19
58.24
75.83
85.12
16.55
35.57
21.88
81.54
87.47
49.89
11.76
37.27
3.95
80.18
13.99
36.80
14.41
23.47
18.56
91.48
79.80
7.44
5.64
30.35
16.29
67.13
13.11
74.14
43.94
89.21
1.53
73.58
10.74
21.14
94.40
58.53
27.40
76.38
64.56
53.91
97.45
29.56
20.11
48.62
64.90
29.68
67.71
68.97
3.64
45.74
95.20
80.90
89.83
34.82
5.29
39.66
69.99
52.48
65.64
94.76
81.40
50.41
29.70
10.66
94.35
93.50
83.39
9.37
6.15
80.37
6.21
69.10
26.15
73.35
94.50
65.19
51.52
14.86
94.47
71.63
73.54
13.16
42.22
25.71
41.77
45.69
79.63
82.72
96.52
58.81
87.66
40.98
63.98
82.44
84.90
32.87
32.54
67.41
39.46
12.19
9.15
77.83
1.75
17.51
12.100
68.61
62.80
66.23
24.52
56.81
37.47
99.82
64.70
41.28
32.36
16.75
36.31
42.44
30.87
79.35
64.50
67.41
27.25
13.56
99.15
66.13
92.78
86.58
63.91
15.43
54.95
62.43
36.21
44.68
67.27
13.65
3.95
96.13
95.99
66.28
10.14
11.42
15.69
8.62
22.95
63.69
35.99
70.41
92.20
52.85
91.36
89.15
14.26
39.71
2.93
2.52
50.78
21.100
25.87
16.69
92.56
92.51
91.73
85.55
59.56
42.17
99.64
56.85
72.72
56.49
97.21
21.24
32.98
3.40
15.39
21.78
6.89
51.72
63.92
77.76
38.84
2.65
98.21
8.17
92.35
86.20
40.24
41.70
55.95
14.51
67.94
45.79
2.64
80.89
44.41
70.15
2.14
87.20
42.10
22.55
20.88
50.26
64.56
33.19
9.17
6.77
53.31
67.48
54.26
38.13
35.62
28.40
64.32
34.38
87.33
6.95
92.36
15.30
24.26
28.92
27.70
28.92
86.56
55.62
20.86
53.62
58.86
51.11
30.45
7.29
21.31
95.64
56.12
35.75
54.87
20.35
87.15
27.19
53.10
67.74
28.51
65.94
92.31
8.52
5.65
85.63
25.60
46.40
2.33
35.74
34.67
34.81
85.73
74.19
11.74
86.32
91.17
100.71
21.52
33.39
46.25
57.40
9.93
45.51
6.38
38.39
93.53
24.79
6.43
42.28
46.28
96.18
30.81
28.80
95.50
56.48
57.22
3.54
49.73
84.81
76.17
3.50
30.12
34.19
14.47
13.98
91.47
65.60
90.82
66.65
97.61
30.78
52.75
27.83
90.21
52.74
74.40
8.15
5.96
51.47
59.56
97.80
31.70
50.19
31.10
59.99
36.69
78.99
24.70
45.31
31.45
23.49
26.28
61.51
13.27
27.87
6.10
69.27
74.87
83.22
7.72
55.100
28.55
87.43
95.61
14.99
14.31
47.12
60.89
28.24
81.65
17.39
17.28
92.49
37.76
75.55
7.47
11.18
28.61
54.85
68.100
12.20
52.56
32.15
19.59
5.33
4.65
16.88
7.50
9.80
83.59
9.86
40.95
13.17
74.31
89.67
89.65
71.47
80.28
96.78
62.13
96.46
31.40
17.15
9.73
3.33
44.92
64.75
27.85
1.93
54.66
16.46
44.15
18.67
78.53
84.45
46.73
24.89
72.99
50.35
46.57
70.71
100.96
65.83
97.44
21.17
14.60
28.33
69.35
37.26
42.60
59.33
62.75
67.87
15.40
29.49
16.98
70.43
8.42
87.72
81.37
59.87
93.13
90.99
47.39
100.15
37.90
16.20
72.60
36.39
92.38
67.12
52.27
82.38
15.57
86.86
27.96
14.86
56.96
20.16
88.37
43.77
20.14
87.80
92.33
77.98
43.86
45.49
36.45
67.94
94.73
63.89
74.60
14.88
80.27
46.20
81.65
80.87
71.14
2.10
55.60
17.27
48.67
40.28
77.12
76.14
77.74
9.12
75.62
46.31
55.86
91.94
28.20
52.52
60.28
64.39
94.10
62.65
79.75
69.44
95.82
63.47
57.62
69.89
12.10
28.46
2.88
47.39
49.85
75.53
50.31
38.56
77.44
94.38
55.74
32.24
36.93
55.60
21.27
7.14
19.55
82.79
71.10
15.74
23.72
10.84
90.64
58.26
18.35
92.100
53.61
63.79
81.23
28.27
97.73
95.47
22.72
71.24
26.41
41.100
61.62
49.46
45.51
38.20
85.56
4.16
13.61
33.23
6.90
27.21
100.50
11.100
42.23
27.70
53.97
71.54
49.96
9.23
96.56
99.77
99.23
13.41
39.91
15.17
11.25
47.49
35.63
76.55
22.48
68.44
32.29
63.54
90.86
55.40
6.24
51.16
71.97
39.34
11.66
37.18
9.21
69.46
60.87
84.48
31.54
52.53
24.48
71.58
9.94
38.86
86.76
41.52
26.81
13.100
66.87
34.64
45.74
7.83
83.98
53.99
34.67
86.76
95.17
70.97
45.45
14.52
4.90
60.42
89.20
41.44
18.42
64.90
43.38
85.39
45.54
88.79
6.24
19.56
36.45
28.55
66.48
53.86
71.23
70.100
76.62
27.80
89.23
73.74
8.92
88.96
25.91
14.75
69.41
46.89
19.19
70.99
60.38
6.71
57.37
56.72
54.65
9.28
50.58
94.80
18.68
40.80
19.59
97.58
29.89
19.34
79.18
56.70
40.66
16.70
28.83
5.71
24.73
32.36
10.42
71.48
24.52
56.11
90.93
31.81
61.17
53.73
25.80
60.21
99.39
50.19
36.53
100.60
52.50
13.72
21.17
16.90
95.73
99.38
80.45
33.37
10.33
93.15
27.49
91.27
98.65
17.92
6.26
88.52
51.69
76.11
100.41
56.49
78.31
18.72
53.34
42.33
62.90
30.81
2.25
32.25
51.54
5.91
22.44
16.18
62.69
37.34
4.96
78.80
16.32
71.50
74.13
70.100
78.99
13.24
59.87
29.21
20.12
21.96
53.35
36.48
91.62
39.64
1.14
77.48
27.77
26.55
41.71
91.63
93.46
77.22
59.52
47.27
92.29
99.17
6.99
56.36
58.37
34.41
50.71
68.11
10.93
40.15
17.98
58.32
12.87
29.92
7.54
84.75
33.44
4.15
21.98
84.53
88.33
74.29
71.50
47.21
78.96
81.44
87.38
7.86
82.68
28.20
6.78
17.91
2.60
14.42
29.86
60.33
53.55
35.63
21.29
45.44
15.80
12.19
30.87
13.93
95.42
71.94
21.95
87.73
71.88
43.96
94.87
8.42
6.77
85.27
27.62
99.24
48.21
48.65
87.99
68.49
95.45
30.95
78.49
46.21
23.89
5.50
61.48
46.95
20.57
14.85
7.70
33.47
80.99
17.67
26.83
97.54
78.13
29.92
24.36
32.84
65.43
49.25
14.39
93.91
21.88
62.99
14.31
69.88
91.47
6.71
34.19
50.70
20.73
41.48
43.98
54.30
15.60
33.99
77.64
97.88
50.31
87.23
18.88
20.12
32.100
7.14
45.19
6.26
14.77
73.59
72.35
13.67
3.94
74.25
31.48
79.59
42.62
92.98
45.12
47.83
17.45
17.51
95.24
16.68
58.51
41.99
81.95
52.63
66.18
67.45
55.40
38.45
65.47
5.41
92.16
78.67
37.96
71.43
26.53
87.22
70.43
72.72
99.47
97.60
55.86
62.97
62.78
7.74
67.45
84.26
71.37
1.100
6.40
65.98
6.92
15.90
81.16
89.51
17.60
74.28
27.60
67.39
29.65
86.40
65.30
42.93
98.89
35.96
76.94
24.87
92.46
51.35
83.48
87.24
50.43
48.18
27.85
52.17
42.33
38.18
93.51
42.69
59.93
11.99
19.62
93.70
74.46
22.20
1.30
99.69
55.20
73.97
8.19
75.47
15.73
5.21
7.47
18.51
39.57
95.96
58.92
72.10
68.84
25.100
32.34
14.44
96.41
22.93
88.35
49.88
85.40
33.12
82.13
97.74
86.39
71.73
56.20
6.76
59.21
27.91
64.87
15.47
62.89
65.20
26.71
33.37
82.46
93.28
46.39
47.53
21.78
25.70
47.37
19.61
80.31
68.57
86.91
10.91
12.54
33.65
6.58
97.10
51.86
15.17
84.34
1.34
57.60
66.65
70.91
21.71
52.18
39.57
65.46
93.13
96.84
90.44
99.83
83.14
45.53
40.22
72.50
43.18
94.47
70.38
23.55
7.26
100.10
26.17
36.93
53.92
74.18
5.59
31.15
30.47
28.82
88.38
24.71
41.48
19.74
22.22
46.72
83.57
60.80
65.41
38.91
10.61
3.32
2.49
99.91
88.43
75.85
77.61
18.87
36.90
51.84
5.60
32.62
62.100
85.32
58.31
80.64
16.24
47.44
33.58
16.59
98.97
56.30
13.88
30.87
5.18
25.87
84.19
52.10
96.75
81.59
42.17
10.87
44.66
30.63
19.83
38.89
90.91
76.82
57.43
18.100
38.65
12.98
23.68
74.46
50.85
23.38
1.31
23.28
29.99
32.70
16.99
40.46
22.15
78.99
1.10
45.61
5.80
67.90
27.62
81.54
3.54
17.11
29.34
85.92
12.44
27.47
20.25
100.53
87.90
12.56
15.57
9.33
92.92
68.99
35.42
60.66
77.58
75.13
65.23
31.32
29.88
17.60
86.21
52.27
19.25
40.23
69.32
24.27
70.14
94.85
20.21
9.90
80.69
31.15
53.22
47.61
63.87
94.13
42.87
14.43
97.63
6.60
54.82
56.87
24.14
78.60
84.21
5.38
95.23
25.22
46.83
61.94
91.98
2.71
55.63
31.86
78.29
71.42
14.29
24.22
47.81
13.33
11.81
49.21
70.65
67.16
86.59
51.30
78.48
73.23
88.44
35.82
86.37
89.95
71.42
50.68
75.79
17.93
83.77
66.62
38.69
26.23
45.32
58.37
33.49
63.92
43.97
84.24
38.26
5.53
59.64
66.57
66.99
16.88
85.74
47.15
8.39
4.57
46.59
35.18
63.56
11.57
90.60
17.93
59.72
61.28
88.63
15.76
48.32
51.10
92.38
9.60
79.52
46.87
55.93
15.90
55.76
78.36
27.46
98.29
98.39
21.63
75.94
48.16
56.54
75.73
62.30
54.75
22.65
98.31
20.100
34.80
61.50
42.52
70.35
99.33
98.64
73.88
30.77
96.18
62.37
59.72
6.74
22.55
87.55
30.54
85.38
13.81
39.99
33.65
17.88
34.40
44.36
68.20
25.76
30.86
43.19
10.94
96.50
9.32
93.97
51.68
38.11
36.44
42.33
48.45
24.88
69.59
36.28
90.45
99.96
71.69
46.99
2.29
72.49
49.16
50.31
70.90
96.82
54.59
46.80
68.95
52.18
58.80
70.58
10.49
84.24
59.91
66.37
45.15
43.49
38.64
52.54
38.23
62.46
86.20
52.55
84.87
24.57
94.48
9.22
24.40
97.17
72.35
53.32
46.59
38.92
56.67
66.51
30.61
27.44
43.85
55.84
15.79
80.67
26.50
70.19
56.70
57.93
47.78
100.79
64.94
36.19
36.47
68.55
50.23
100.20
50.56
76.25
70.62
71.53
71.77
7.52
28.52
69.48
73.21
90.47
33.91
61.26
68.83
4.28
44.45
66.16
88.67
12.35
61.74
100.10
19.87
17.58
29.21
42.34
23.11
11.52
86.22
97.98
91.98
12.16
24.63
70.25
48.88
34.82
5.72
89.52
92.61
100.17
14.46
74.70
87.34
18.38
32.35
89.95
59.36
40.95
97.41
55.23
81.74
100.25
93.75
91.37
54.85
39.48
53.56
100.52
61.23
55.71
7.14
7.81
39.85
6.73
54.12
17.28
65.62
67.94
6.17
96.85
14.70
59.95
63.92
53.56
36.66
43.18
10.57
93.80
50.68
5.42
4.99
18.30
18.71
70.30
20.81
16.95
4.95
6.32
5.93
62.45
9.59
81.25
23.40
61.27
34.55
90.69
13.95
96.57
75.17
57.38
78.89
90.82
18.13
64.73
26.78
64.13
1.33
99.62
90.31
46.11
67.93
8.67
57.42
65.99
39.74
8.24
54.92
91.63
1.88
62.16
13.33
37.99
10.99
100.32
2.80
22.76
83.32
40.54
87.33
12.97
36.37
92.34
14.69
73.51
13.18
83.42
96.36
89.36
43.21
96.100
66.81
94.63
7.82
76.16
64.52
89.33
17.26
68.40
95.12
42.93
52.40
86.11
37.86
90.95
33.26
71.41
60.22
18.51
51.91
88.46
53.61
95.94
71.41
91.11
87.47
26.62
95.84
35.61
50.11
100.51
65.70
95.12
92.71
34.60
81.11
20.94
75.70
34.12
25.94
86.41
65.51
22.27
78.84
56.47
34.54
86.70
14.50
100.81
25.56
5.38
25.13
66.100
48.50
71.91
30.84
64.94
54.98
35.25
27.33
98.45
43.80
11.30
85.28
38.39
4.44
53.81
96.44
69.63
45.76
20.29
99.87
23.90
64.22
33.14
39.28
39.20
19.67
35.74
12.75
84.89
31.54
35.27
99.18
71.37
77.17
98.48
74.60
71.61
11.70
53.10
94.91
67.11
85.90
30.49
52.50
95.15
50.98
89.38
47.21
47.92
54.91
46.17
44.91
11.81
87.32
29.26
83.10
91.97
87.49
5.50
28.92
92.67
84.80
14.27
50.17
57.39
35.98
41.75
92.23
100.81
51.57
99.13
27.17
78.48
71.42
80.36
84.10
10.88
1.24
29.21
48.74
60.34
100.67
94.75
74.62
34.95
10.31
71.77
17.32
36.10
70.78
75.85
88.34
18.95
4.28
26.63
76.51
40.45
86.37
74.20
8.68
85.89
95.67
70.93
16.36
98.44
49.36
18.19
74.17
50.54
43.71
45.43
3.62
74.53
20.99
96.24
84.30
24.81
40.89
50.21
94.62
26.49
8.87
46.82
84.74
85.25
16.34
55.13
10.91
64.43
57.100
55.25
59.82
67.13
33.46
89.11
11.31
17.78
86.13
71.64
26.40
35.52
27.100
56.16
73.43
91.19
99.37
1.33
10.44
85.24
82.11
48.55
96.18
10.78
57.88
5.43
50.48
69.60
54.30
61.40
52.93
86.94
82.64
78.96
77.75
9.51
65.57
22.80
90.47
70.70
19.22
42.39
70.11
85.38
60.93
59.64
39.25
62.37
43.69
53.79
71.58
58.39
61.37
35.34
84.76
87.29
95.13
6.15
48.45
25.87
96.94
48.64
59.30
85.24
95.75
43.47
1.41
40.58
68.26
68.99
73.74
60.38
81.38
7.21
87.91
42.18
15.20
18.78
84.58
96.72
18.82
90.77
93.60
35.44
22.74
46.65
4.58
82.19
18.90
64.61
72.98
58.20
63.67
24.41
73.27
99.41
53.70
89.54
65.12
91.49
87.36
40.99
11.14
76.44
4.57
90.16
2.17
49.81
79.86
56.83
57.99
89.76
34.97
37.19
95.90
42.29
77.25
28.14
48.12
90.90
31.69
28.17
83.11
38.82
25.44
71.86
84.20
21.57
61.13
13.81
83.61
21.100
42.66
67.62
74.96
11.36
90.97
88.18
35.25
17.48
21.34
30.16
8.78
5.33
26.53
75.97
62.89
91.23
14.94
7.76
83.65
41.47
41.65
1.26
15.15
12.29
88.15
4.26
29.77
48.98
12.79
76.11
16.16
52.36
1.70
69.94
63.39
62.38
44.25
65.30
27.87
37.42
31.35
33.53
23.25
23.96
83.99
55.41
52.28
41.54
85.39
22.99
4.53
32.40
75.97
49.58
17.48
9.56
11.11
49.88
26.96
24.13
33.89
89.68
81.30
13.34
66.19
72.19
9.73
35.41
21.57
17.19
24.47
23.36
9.73
96.10
88.36
71.93
38.16
85.64
42.99
88.83
12.71
47.49
81.91
72.55
9.64
11.78
96.21
2.11
83.89
82.13
77.45
38.54
38.98
55.73
2.35
79.78
95.63
14.60
19.18
22.28
17.87
11.28
92.74
86.12
6.35
1.88
58.75
60.93
28.95
47.24
87.27
83.34
2.72
90.55
19.70
9.33
77.71
75.74
39.24
3.37
78.25
22.69
45.85
37.66
81.53
14.25
21.28
54.64
88.63
86.79
67.24
7.14
39.55
32.10
14.49
42.86
91.89
67.84
9.34
84.10
30.83
58.32
45.93
2.32
96.26
61.11
18.25
43.10
15.16
11.67
23.63
43.13
67.49
99.42
48.93
24.75
41.71
33.82
96.72
63.46
98.72
70.64
76.91
95.29
40.85
71.72
52.65
27.65
37.32
50.80
61.50
32.78
53.39
76.34
51.82
34.86
57.45
86.59
34.46
72.81
1.75
45.11
5.12
99.26
41.63
53.97
90.99
40.66
18.26
97.42
57.62
45.35
12.83
67.93
28.48
85.49
8.50
16.28
27.76
26.50
1.99
50.47
99.96
58.44
94.74
6.45
52.35
54.22
25.80
30.71
45.66
21.38
71.20
94.39
51.64
86.94
85.89
45.24
20.88
94.62
11.10
52.91
95.68
59.94
13.18
48.92
16.65
65.74
59.24
99.82
50.72
93.49
35.57
1.70
87.33
65.52
13.65
60.97
71.69
74.11
97.70
66.47
53.14
28.19
99.29
58.40
35.34
36.94
34.42
69.91
62.90
60.58
47.23
3.59
69.35
49.42
33.87
88.43
55.90
62.59
50.75
65.28
19.87
13.59
8.54
88.36
97.43
51.77
35.27
8.50
19.53
13.64
80.49
87.54
2.44
28.21
68.40
34.81
55.25
70.52
13.13
14.21
37.43
20.10
2.26
79.19
45.11
88.64
88.14
58.98
16.63
58.36
99.29
21.30
4.36
99.65
49.56
67.49
81.31
13.17
19.24
18.35
69.79
75.55
59.98
25.88
22.94
26.40
100.92
98.10
6.28
8.53
17.88
24.39
72.33
6.88
92.24
16.69
34.100
92.47
87.87
21.47
39.29
44.54
81.90
6.20
88.43
42.97
7.81
78.31
42.64
4.84
39.70
43.35
8.22
4.11
48.11
73.18
39.86
95.16
44.18
16.74
15.58
5.86
46.55
42.52
34.71
68.68
32.78
61.71
93.51
49.63
30.63
65.31
70.64
55.90
90.39
21.32
70.34
23.33
30.17
54.83
30.66
78.77
46.55
42.100
99.84
61.61
27.75
27.97
58.66
4.94
87.72
75.66
71.96
48.100
52.47
15.58
15.14
56.80
61.14
85.14
39.61
40.66
16.41
29.65
12.91
63.74
54.92
93.95
85.65
39.23
1.13
93.72
61.16
98.37
39.22
44.44
76.51
93.51
21.38
93.36
5.88
56.66
7.59
72.31
90.86
99.89
2.59
78.46
100.64
1.95
14.27
86.84
7.29
64.88
39.90
44.17
64.79
84.51
23.89
73.56
14.89
72.83
45.77
66.68
49.17
92.94
33.68
6.75
92.67
6.45
4.73
17.36
100.76
5.12
82.73
28.51
2.84
72.82
56.10
89.49
48.98
87.79
60.75
48.45
11.20
25.57
7.96
2.55
8.17
56.61
59.42
48.25
40.19
50.59
3.81
15.82
60.10
3.35
83.32
4.70
49.41
46.24
43.86
92.12
47.74
9.28
29.31
94.94
68.67
74.99
99.48
63.66
92.90
3.43
91.77
16.21
90.88
52.40
53.95
23.97
40.13
9.94
7.29
50.23
14.13
39.89
42.91
76.94
89.55
7.40
27.87
59.78
66.45
14.30
7.59
7.42
24.37
58.90
80.11
56.20
11.99
73.83
22.22
94.18
91.97
94.41
39.87
16.62
65.29
84.77
84.77
61.100
77.72
17.18
100.51
47.18
37.76
39.24
5.67
3.57
96.77
55.24
10.86
12.57
87.17
61.72
35.68
44.73
22.47
78.21
92.22
38.33
35.89
40.39
9.23
44.75
47.72
77.54
50.15
7.91
2.13
57.11
44.36
85.62
40.12
5.84
100.81
20.72
71.76
53.44
47.96
64.63
29.60
10.36
10.94
91.46
2.77
57.79
75.41
70.62
8.96
98.78
52.90
27.93
36.60
80.20
99.99
68.46
35.27
35.11
31.89
4.48
68.82
9.11
48.98
50.31
85.20
62.99
98.72
68.93
76.54
80.60
33.20
74.83
37.25
24.76
9.32
7.92
69.65
17.81
17.34
11.44
26.25
18.23
42.16
22.24
85.17
43.43
31.63
83.30
32.68
83.10
56.96
37.71
38.83
8.12
30.82
78.52
40.47
94.76
81.23
71.74
70.95
60.51
44.71
97.10
75.31
7.15
90.45
77.67
90.92
6.80
38.51
91.88
48.23
62.29
5.22
68.30
67.91
65.44
90.19
23.20
74.58
79.96
12.20
72.58
87.63
57.47
15.63
17.32
27.28
88.64
20.27
92.100
46.90
17.14
17.73
72.27
79.49
100.32
84.87
8.40
65.56
48.18
94.21
86.66
52.46
92.73
55.72
45.33
69.22
3.51
7.43
99.33
59.66
24.63
40.30
68.60
61.99
47.55
35.14
8.85
1.99
10.97
53.46
80.59
22.29
9.62
18.28
17.96
8.60
58.55
85.57
62.69
7.14
87.71
89.61
11.69
52.34
81.18
15.64
72.62
43.60
57.50
50.100
100.54
72.84
73.91
85.24
63.84
34.47
81.20
59.55
17.35
50.55
47.55
92.57
97.94
31.49
33.89
80.40
80.97
4.39
65.35
89.81
14.79
83.79
71.57
54.47
86.20
3.33
2.66
34.21
8.96
29.37
42.30
71.37
25.94
33.74
97.16
62.44
81.74
47.28
56.34
38.13
75.92
77.57
24.51
2.95
80.26
80.70
63.37
40.23
90.13
22.26
58.71
59.83
43.90
63.98
52.63
56.50
65.14
12.72
20.28
40.44
45.32
15.85
19.52
41.44
63.97
49.32
42.31
68.72
68.41
25.91
96.90
91.19
58.37
88.21
19.94
36.17
77.55
38.84
84.18
27.98
70.50
45.27
69.29
69.70
50.53
43.16
24.54
40.17
37.27
38.63
37.46
5.95
10.14
47.98
16.29
26.87
22.57
44.31
98.59
96.83
52.94
53.46
17.22
62.83
89.22
86.38
15.17
16.78
78.44
4.82
83.76
13.25
10.21
72.26
36.96
28.17
97.40
51.38
53.98
6.93
66.17
23.94
48.31
67.95
27.22
28.23
76.90
82.54
28.35
16.20
1.46
100.52
33.57
53.75
34.64
78.61
84.54
53.25
29.17
98.44
41.62
38.25
48.86
14.79
34.87
89.31
35.47
15.78
58.30
46.55
65.26
10.33
13.47
17.21
84.38
67.53
76.48
34.48
37.18
7.95
17.86
2.71
21.15
99.56
37.56
49.61
87.99
91.63
8.44
54.48
53.21
55.74
1.89
35.19
83.89
95.74
78.100
80.49
75.12
7.27
72.23
68.16
47.16
93.34
45.67
91.96
77.17
67.82
60.71
8.72
15.10
16.19
85.98
19.11
23.80
32.97
54.65
15.33
46.39
40.84
55.86
4.47
24.90
18.74
55.20
50.94
20.61
65.57
39.88
45.46
57.71
76.54
59.72
57.58
16.18
31.88
25.58
66.83
49.81
84.35
63.87
70.97
98.43
51.47
34.36
73.24
91.79
97.68
51.49
15.100
67.60
93.90
52.83
61.32
95.58
21.74
18.58
87.84
88.50
48.87
15.81
74.59
12.63
24.16
26.98
91.85
37.15
100.65
12.55
85.41
77.97
52.34
95.32
42.71
29.30
58.37
72.61
56.29
86.93
94.41
43.80
74.78
20.48
27.76
44.72
48.12
60.83
18.39
90.71
55.44
63.42
83.96
72.27
35.70
68.84
48.48
17.61
38.79
45.79
62.79
84.71
74.73
42.22
91.95
5.100
33.49
13.69
97.61
75.93
38.92
98.86
29.31
44.21
52.88
47.39
98.37
56.28
9.51
29.42
7.24
26.71
13.80
35.15
68.33
45.22
19.97
6.82
43.56
77.12
49.61
17.74
43.58
60.72
96.30
42.41
96.85
20.50
78.32
4.17
56.47
77.99
65.84
45.65
78.14
34.66
14.90
96.10
98.68
67.85
25.51
63.59
63.42
59.85
12.16
12.26
76.52
8.31
55.31
93.46
100.64
18.66
86.97
59.30
78.95
56.20
26.33
29.48
71.57
60.74
66.72
53.55
91.83
64.84
54.39
97.53
36.54
45.44
85.67
64.13
17.98
39.71
74.24
99.44
93.67
88.88
17.87
17.64
97.75
42.51
64.92
72.20
21.75
62.40
89.83
98.13
47.20
26.35
44.38
72.16
32.13
64.30
61.59
60.76
66.88
93.91
25.58
96.49
52.24
17.97
97.92
86.40
67.96
85.13
36.68
100.89
78.42
45.60
76.22
31.76
41.66
16.65
79.27
80.42
32.12
7.76
74.52
9.60
31.41
28.74
49.99
82.63
39.35
90.69
42.66
99.72
16.61
34.71
59.40
24.86
65.50
88.10
5.45
77.72
4.66
38.47
61.72
21.81
80.18
65.55
18.94
54.66
48.87
83.83
29.55
1.66
47.33
78.44
68.51
46.11
9.69
46.82
12.78
100.49
70.99
70.100
3.75
9.49
84.55
1.46
99.21
51.69
35.42
87.79
52.34
34.30
12.77
55.81
18.40
34.14
40.99
56.80
80.69
62.17
73.35
81.70
57.18
77.94
58.13
49.51
65.42
61.60
16.31
42.53
85.44
44.77
53.84
46.46
89.15
52.29
57.58
51.67
56.11
8.88
15.89
42.27
26.17
71.63
24.92
39.34
14.79
100.30
25.21
26.67
61.94
62.40
60.63
47.98
89.47
8.33
16.77
3.53
78.23
38.62
93.38
40.97
37.13
95.81
16.18
58.91
10.55
88.90
6.90
88.44
3.70
86.41
38.29
24.40
10.31
29.61
79.18
22.90
1.30
3.83
14.28
69.10
34.65
38.47
88.24
22.24
53.94
40.91
17.42
42.64
25.95
12.61
94.33
67.57
26.47
88.30
40.37
98.98
47.84
12.84
87.72
57.29
56.97
14.84
52.10
62.40
15.28
47.77
23.73
11.66
97.85
4.84
99.62
83.91
22.13
2.37
2.69
19.72
24.70
59.55
10.95
95.48
44.94
41.14
90.12
72.48
11.70
55.40
60.55
32.100
3.82
62.70
23.59
10.89
16.96
68.65
35.95
15.87
54.28
13.84
82.41
22.91
91.34
47.98
87.79
96.14
75.42
26.82
24.26
30.69
14.87
73.27
84.69
41.79
35.86
19.92
61.93
80.79
38.92
95.65
99.91
19.49
10.60
19.49
34.72
72.51
22.93
9.32
2.22
39.39
76.94
28.54
5.35
98.39
94.32
49.86
55.94
62.33
1.81
39.16
56.51
87.47
64.38
25.88
28.82
57.62
4.66
40.63
5.92
54.81
99.68
96.97
1.33
84.15
82.48
66.36
6.72
52.85
34.11
32.15
20.59
19.70
77.53
66.84
68.46
20.31
58.10
58.87
92.99
4.22
94.93
64.100
34.85
36.99
54.55
12.48
53.40
15.95
28.37
97.55
34.50
90.76
37.14
58.15
100.82
9.91
64.77
74.18
85.11
56.47
78.91
19.83
83.91
64.93
31.69
34.28
1.55
83.44
60.58
58.100
6.32
3.36
91.71
65.67
32.29
95.50
68.32
67.16
14.87
63.55
85.85
47.32
43.24
38.87
94.100
69.66
82.98
22.29
91.93
61.23
21.17
59.58
88.98
19.51
2.77
95.23
94.18
54.75
58.58
25.12
4.24
94.98
70.30
42.60
2.85
64.85
83.97
65.57
64.69
35.22
45.89
82.80
34.59
28.87
66.80
87.69
8.55
71.10
63.47
26.56
6.19
25.93
61.41
46.93
16.59
27.49
40.79
49.27
19.36
70.81
87.44
4.81
57.33
76.30
37.13
47.20
82.44
3.89
40.46
8.79
15.92
95.15
2.64
73.49
10.31
19.88
33.18
49.33
82.55
8.99
61.67
16.70
98.66
72.46
98.57
18.85
33.98
4.31
56.85
11.82
87.21
46.68
81.100
66.22
51.12
61.40
66.79
85.63
23.77
36.47
8.56
28.77
47.26
66.44
76.74
5.74
16.97
46.99
69.97
92.21
98.23
90.10
19.17
2.43
85.39
34.26
59.10
10.93
75.21
5.16
23.94
29.87
16.52
5.19
61.66
65.80
82.17
39.35
42.34
13.19
23.11
64.27
7.67
40.55
100.20
43.42
1.98
33.63
94.51
81.82
46.60
3.86
32.81
88.83
1.49
31.93
45.42
96.37
8.100
94.43
16.55
7.98
23.35
49.96
23.44
39.79
100.15
72.28
51.28
32.12
37.52
39.23
47.66
86.90
89.88
23.40
43.91
91.75
26.80
33.15
67.28
26.30
38.84
70.52
85.96
8.72
63.96
76.91
45.49
46.47
27.54
18.100
5.99
74.78
7.39
86.20
5.53
10.25
8.25
8.39
34.93
69.19
41.44
66.94
47.11
5.30
13.46
77.73
36.71
68.60
62.79
29.42
5.26
89.30
20.42
2.43
45.74
14.46
18.54
3.94
48.22
6.78
13.44
51.60
95.34
56.12
1.81
31.41
16.23
64.38
78.74
91.90
76.86
5.55
21.90
46.20
42.14
40.30
44.65
66.19
38.31
67.86
32.28
56.63
65.71
62.99
89.58
91.61
71.68
25.79
73.35
41.49
31.85
26.57
73.29
30.28
36.14
57.76
33.34
37.76
40.24
48.18
58.33
59.38
7.11
77.96
63.56
92.64
35.22
40.14
19.93
50.46
33.79
16.59
39.62
11.68
88.92
45.28
89.65
36.64
55.15
83.16
46.13
56.81
41.30
7.20
76.36
38.93
18.42
8.29
98.49
72.98
2.21
82.31
71.29
80.76
3.53
22.88
40.81
64.89
58.72
71.70
26.83
66.74
92.74
59.95
81.12
65.92
12.85
92.35
74.67
31.94
81.45
73.36
62.86
1.37
99.84
1.83
59.87
52.62
90.81
100.74
70.39
68.95
74.92
88.20
91.73
56.38
26.13
77.18
93.16
57.25
47.49
36.30
30.23
25.33
39.37
64.92
40.100
98.67
7.61
35.94
50.85
37.22
58.80
42.25
33.99
17.25
35.78
26.56
20.73
8.53
96.30
51.95
4.77
60.75
62.43
15.42
13.47
50.48
1.48
48.45
99.27
54.37
77.95
73.24
92.92
85.96
79.18
16.94
53.89
90.89
45.87
90.84
46.53
47.33
21.90
78.18
92.64
64.94
91.79
80.30
94.10
93.23
34.26
15.25
45.92
74.13
5.14
95.39
60.13
36.44
91.36
100.28
71.13
49.73
52.17
82.49
94.46
82.58
58.17
47.56
29.25
45.66
30.58
22.51
50.65
74.74
73.47
98.18
6.66
18.25
80.91
61.27
99.74
34.78
74.16
17.100
98.93
55.29
19.77
95.13
44.22
49.72
34.79
85.45
21.17
47.61
31.18
24.90
34.90
63.10
8.97
44.33
50.79
94.94
38.21
52.98
67.74
99.22
92.11
25.71
100.58
91.32
93.53
16.12
7.90
43.30
90.98
57.11
59.69
44.54
82.47
2.15
66.100
42.31
7.72
28.36
17.97
43.87
20.87
36.10
77.36
13.89
63.13
64.22
12.30
92.39
51.54
90.38
53.66
12.100
64.65
31.91
76.47
34.71
68.86
49.27
90.81
70.68
57.77
41.91
26.97
55.22
88.86
88.95
96.82
91.55
82.43
48.37
19.18
69.13
75.51
10.76
93.17
69.66
32.46
48.17
95.64
53.42
79.70
56.67
62.83
83.26
15.36
33.66
73.50
41.45
19.40
22.52
75.18
80.49
25.94
88.92
71.25
13.87
57.34
29.16
7.75
92.83
87.92
27.99
53.54
92.22
16.77
19.91
5.42
75.45
66.42
34.40
17.41
69.12
17.16
27.84
28.34
12.68
14.29
75.34
98.18
44.70
82.71
15.58
21.13
32.93
60.52
42.17
61.59
10.92
54.24
68.65
35.77
29.92
2.97
67.73
32.42
1.54
5.47
26.26
77.13
93.35
93.91
90.34
39.26
15.62
74.57
68.24
63.64
86.25
79.44
18.56
81.61
8.39
6.83
90.45
13.83
16.11
80.25
89.22
21.73
90.74
43.93
83.71
26.58
91.90
3.78
68.14
63.39
73.77
20.76
3.89
41.25
42.47
67.43
76.13
68.20
51.64
64.35
72.95
39.49
79.94
86.69
73.90
51.44
85.41
59.55
10.67
69.48
80.63
36.35
81.12
84.39
3.40
69.10
96.42
59.67
11.79
30.89
33.73
15.80
65.67
53.39
42.81
48.35
43.15
31.70
3.27
35.96
40.73
44.27
95.78
87.77
2.59
64.79
62.51
19.97
54.86
47.35
52.50
72.11
28.100
74.20
43.53
22.19
84.66
99.94
88.80
67.63
34.30
71.98
5.50
60.90
62.78
85.30
50.71
17.69
49.37
58.96
57.51
26.50
36.19
52.31
68.75
39.37
41.41
81.46
38.57
16.76
76.26
63.12
62.57
34.12
55.18
10.24
36.54
79.65
7.91
92.17
67.26
2.68
69.57
61.77
41.69
94.75
83.46
3.37
85.70
15.30
26.51
95.95
29.51
71.53
63.38
85.47
78.39
10.43
38.40
84.55
5.61
80.98
29.27
60.12
8.52
14.97
47.81
70.13
75.44
63.32
6.92
14.91
49.78
49.68
15.40
75.34
76.100
79.63
43.40
15.21
57.73
75.36
31.50
62.96
36.42
78.21
75.71
82.27
44.47
57.96
91.19
28.24
44.25
82.50
28.33
27.95
1.83
83.86
1.40
3.44
78.25
12.24
46.77
37.59
78.86
79.26
68.33
48.47
64.30
99.27
37.15
25.14
84.84
27.98
30.73
88.53
89.65
83.92
91.14
34.54
90.93
99.59
12.71
36.64
43.28
31.43
61.78
69.20
95.35
72.21
65.93
58.67
63.33
73.35
40.18
72.89
66.84
76.68
52.28
10.69
42.65
89.97
82.50
21.95
28.32
74.41
27.96
88.93
13.31
67.63
35.64
9.11
99.36
3.57
5.35
30.27
83.98
70.73
19.12
15.95
52.56
85.63
74.80
10.11
34.47
99.74
22.80
9.48
64.87
12.10
39.35
38.22
98.25
79.88
44.16
94.44
58.18
57.11
3.33
33.21
49.100
21.23
72.24
58.33
2.59
30.89
27.90
66.55
95.76
64.77
59.61
21.46
52.87
98.95
70.85
52.79
30.94
78.79
28.68
28.34
12.80
77.19
62.81
5.42
49.25
43.18
80.85
47.93
64.54
1.34
44.79
87.94
39.59
24.20
94.100
92.41
50.27
72.77
2.25
33.29
76.72
58.72
94.64
4.18
74.17
59.53
53.81
51.98
75.76
78.16
50.97
16.22
28.23
82.22
57.77
60.95
51.78
84.12
45.35
49.34
69.61
8.26
3.75
3.13
13.26
23.63
80.27
32.68
37.26
13.86
45.90
47.39
9.90
64.100
4.39
31.49
24.81
8.10
99.80
10.55
5.76
90.66
76.28
57.20
78.75
60.27
12.68
59.22
17.52
17.80
76.43
64.71
25.40
90.36
54.29
75.98
11.55
5.30
78.25
2.21
84.51
87.23
12.93
24.31
24.74
19.23
10.76
40.91
68.49
71.81
69.16
10.67
26.33
3.92
63.40
22.18
98.100
94.97
41.87
19.62
69.75
84.81
18.67
12.43
49.70
7.26
17.23
85.12
73.57
93.57
94.14
9.37
60.34
66.24
65.37
14.91
15.70
21.64
3.96
7.56
55.96
22.31
48.53
3.21
43.83
58.40
56.24
27.65
25.47
86.28
30.91
19.97
69.41
37.74
83.48
58.84
90.32
53.29
87.14
14.86
92.69
81.87
37.22
11.33
46.17
32.93
41.28
9.30
48.74
18.79
40.19
20.58
2.61
64.47
53.17
74.96
2.71
9.22
15.57
34.29
73.28
39.69
91.94
89.97
77.92
68.47
25.68
47.37
33.88
2.35
19.94
73.82
94.60
46.38
82.51
49.100
65.43
25.87
17.81
87.35
23.65
84.94
71.15
78.59
40.56
96.55
84.91
11.37
48.94
19.30
91.76
15.87
94.15
77.64
39.25
75.94
93.66
79.98
14.49
35.33
79.64
2.94
69.25
95.64
55.67
85.85
38.26
53.52
55.69
33.79
4.21
26.91
25.37
44.69
79.72
14.49
94.89
95.19
80.88
26.90
54.42
89.78
61.49
23.36
93.12
22.13
3.17
58.67
47.28
95.78
63.61
91.20
80.57
67.80
1.47
14.65
38.67
96.36
37.57
58.80
3.98
48.22
5.30
86.71
4.92
25.86
68.99
9.67
84.95
68.34
51.80
21.29
60.79
91.30
36.56
19.10
7.90
74.76
66.26
14.87
3.89
80.99
75.94
68.35
39.68
46.21
72.26
25.76
31.94
56.86
87.74
36.71
73.55
78.64
95.81
75.43
48.63
36.94
65.20
76.53
73.42
27.47
3.18
19.74
63.36
1.20
38.26
58.30
11.95
17.62
74.12
63.58
99.92
22.61
32.61
4.11
85.70
62.61
94.74
67.94
88.74
7.92
59.13
35.38
5.92
47.58
93.65
51.99
8.61
38.86
78.26
25.31
64.15
15.54
14.83
17.45
48.66
25.50
59.16
61.54
74.69
40.63
66.12
65.17
45.62
49.99
33.99
39.90
11.35
59.66
75.46
47.78
52.76
96.88
14.13
62.78
7.87
18.12
11.36
47.89
80.75
47.90
63.32
55.25
55.15
9.93
70.49
59.55
47.30
33.80
20.28
95.43
39.30
76.26
83.35
26.95
55.38
84.79
98.92
3.73
45.74
49.59
59.53
22.30
59.72
94.21
7.46
45.60
34.73
68.68
50.60
100.44
2.31
46.71
34.47
93.25
83.22
29.20
58.84
57.12
24.74
58.46
6.74
62.69
68.26
52.11
38.38
77.93
7.97
74.73
72.29
56.84
78.61
80.30
98.38
25.23
16.12
27.68
73.74
9.86
82.34
83.20
23.75
95.15
1.18
70.86
45.95
33.11
52.46
5.70
97.62
19.17
47.27
66.46
30.23
21.73
3.95
34.43
70.51
98.74
32.17
46.86
27.46
84.86
16.58
100.32
61.21
28.37
88.73
96.86
14.24
71.44
22.40
20.53
40.85
35.34
11.48
11.76
67.48
41.36
34.38
98.18
47.32
57.66
10.58
55.44
6.63
21.91
40.12
46.43
77.18
84.37
56.20
79.61
100.77
58.46
94.72
81.32
97.86
35.31
12.24
68.16
67.60
3.98
51.61
67.94
15.19
64.47
64.57
83.22
5.79
11.61
52.40
65.89
80.95
77.14
21.41
29.79
30.100
18.13
14.89
2.48
6.48
58.46
78.30
55.80
45.54
71.12
37.27
29.62
8.79
21.43
94.42
11.50
12.83
75.18
45.49
38.26
89.10
47.17
77.92
30.54
12.14
60.95
82.68
30.98
58.30
28.87
69.85
89.37
33.83
1.96
96.13
68.45
77.69
72.98
56.95
76.12
51.34
8.97
72.89
34.96
79.73
88.12
26.69
39.16
6.96
29.43
17.35
59.48
14.58
56.64
23.81
26.73
36.65
34.52
79.26
62.17
18.87
17.56
94.53
54.13
43.29
100.94
90.17
7.96
13.86
63.27
89.70
72.42
2.34
66.46
60.37
15.83
46.79
36.12
98.40
12.13
95.70
47.65
27.91
48.66
5.76
30.40
85.38
46.77
91.99
82.14
38.54
100.100
76.15
40.57
7.31
60.82
16.95
89.83
70.93
76.36
46.13
17.70
76.40
8.31
4.34
13.73
22.76
76.78
61.99
6.32
16.36
50.51
41.85
51.43
34.93
60.17
31.96
39.52
55.47
35.100
96.47
74.84
62.99
17.43
4.20
77.31
79.48
97.56
41.41
43.54
55.14
61.11
52.74
39.99
34.61
78.17
73.64
96.47
7.36
62.76
38.90
2.50
3.75
63.56
55.23
13.44
28.53
30.23
40.13
11.22
47.51
9.23
51.71
11.19
76.22
17.94
84.55
100.95
41.16
60.49
97.72
59.89
77.25
20.22
78.91
93.42
75.64
6.72
43.62
7.24
26.56
19.14
33.64
83.90
99.23
63.18
57.70
38.59
52.24
25.85
2.88
14.46
38.61
24.57
66.41
59.98
6.15
100.94
87.65
75.86
95.87
33.13
69.69
63.10
71.65
69.91
31.90
59.84
25.47
89.66
93.71
37.50
84.60
82.22
19.73
59.22
83.98
19.71
24.79
74.63
55.72
20.26
55.94
26.90
95.60
14.40
6.95
18.35
31.92
48.59
81.36
63.49
60.63
8.62
63.96
99.40
19.80
89.61
47.30
55.82
68.53
44.91
53.12
59.85
79.78
30.12
22.88
49.74
64.51
27.17
88.39
10.67
66.85
72.81
7.55
63.28
45.94
81.39
23.11
59.35
30.44
75.10
50.96
66.39
64.95
69.84
93.91
23.21
100.91
66.11
33.27
83.77
82.78
98.29
77.78
5.20
48.75
63.55
59.77
26.11
70.26
11.87
87.66
83.100
65.58
77.34
65.54
66.46
6.46
47.22
52.66
4.24
92.81
34.78
88.77
46.88
47.10
6.32
99.75
70.46
99.46
12.27
15.88
39.30
36.94
80.46
98.77
60.21
82.99
80.97
79.24
32.32
15.26
70.35
71.89
31.72
17.21
72.43
67.18
20.79
60.42
75.71
10.35
64.59
17.35
39.51
2.81
51.63
80.14
37.65
7.62
22.15
9.72
6.99
65.31
99.33
90.77
66.39
9.38
57.46
61.36
91.20
48.13
88.19
33.76
100.25
15.68
59.74
77.98
22.94
53.66
83.25
90.96
12.62
75.87
5.23
57.28
67.40
34.40
78.76
80.43
77.93
85.27
48.28
32.94
48.34
78.13
20.100
91.52
9.43
9.33
79.67
98.27
89.38
87.26
42.40
19.42
39.14
49.61
68.87
93.49
13.32
33.14
76.78
72.61
76.36
26.10
91.60
83.13
65.47
16.42
74.43
78.18
39.27
40.20
60.23
77.41
90.56
12.43
58.91
76.59
91.73
64.13
68.22
39.78
71.58
99.58
100.54
95.49
32.77
41.23
29.87
78.34
5.92
56.85
57.46
8.54
30.87
97.17
75.78
81.97
71.63
75.39
60.86
85.55
10.10
11.32
46.32
11.89
48.90
51.99
17.83
62.67
25.92
4.33
67.82
63.64
79.80
35.38
54.37
31.87
33.31
34.78
84.82
48.90
48.84
82.75
72.56
33.99
11.29
70.54
49.11
7.50
65.63
34.54
24.80
14.46
15.55
62.83
44.10
9.35
12.81
22.35
71.20
98.13
12.45
45.38
95.78
71.49
4.57
95.39
82.58
46.33
83.90
93.22
56.11
65.26
4.48
56.40
52.58
30.97
84.85
39.85
83.63
57.97
78.70
31.22
42.98
47.62
57.32
26.56
67.71
94.18
62.99
38.43
81.60
8.100
75.12
42.94
17.70
35.46
74.16
14.29
59.22
37.98
84.15
34.100
99.54
74.64
21.61
89.68
43.33
35.83
82.14
34.33
10.73
15.13
82.21
32.68
45.75
91.24
3.36
57.49
59.14
93.89
32.24
70.100
61.85
55.86
82.33
56.62
51.22
61.71
60.33
99.52
70.69
19.31
3.23
88.47
61.43
21.26
75.79
41.20
20.31
69.21
26.40
16.24
14.19
16.66
14.89
30.67
58.29
76.93
96.89
60.56
7.34
77.18
30.81
81.91
29.57
68.32
95.69
100.55
40.60
68.77
49.78
3.53
90.79
33.50
70.72
91.49
26.82
