6056 306
2.38
22.25
24.81
65.46
44.93
47.50
21.78
40.39
51.69
82.76
54.13
21.62
42.64
93.77
28.13
11.53
3.49
48.67
14.13
87.67
62.22
48.65
89.83
16.69
16.19
19.53
25.81
59.16
34.90
9.48
64.80
62.25
86.87
44.34
77.47
66.95
15.90
78.43
76.71
75.45
40.72
76.35
77.58
37.34
24.46
36.28
42.20
66.17
15.33
29.16
87.40
85.43
18.47
12.36
70.18
64.43
88.38
77.90
57.58
75.42
50.62
84.74
60.64
55.17
89.99
100.50
48.51
22.81
9.13
84.89
43.59
9.76
40.99
60.82
79.90
41.18
92.68
92.18
30.54
80.69
44.40
24.61
10.64
54.46
34.41
58.82
48.26
100.43
19.25
57.97
1.94
64.22
63.49
90.72
9.39
17.94
69.72
63.56
19.26
59.25
30.79
75.86
41.57
26.52
37.67
32.71
42.41
6.83
67.72
41.23
8.16
9.87
25.64
83.29
71.100
38.23
86.37
89.93
70.79
19.68
90.66
43.51
41.22
61.23
88.86
83.19
39.29
41.41
45.78
30.87
49.43
45.69
52.59
49.96
46.92
70.64
26.14
3.44
19.57
59.65
4.79
1.69
33.50
44.98
53.48
1.87
3.68
73.77
99.82
2.57
56.61
73.20
72.49
67.69
97.67
43.18
67.93
94.24
48.60
27.27
69.20
85.66
27.25
80.29
30.14
30.11
29.29
85.60
65.47
14.85
18.36
64.59
81.38
99.23
28.66
4.59
66.36
27.93
57.15
82.66
100.78
39.27
11.92
83.39
79.87
79.62
43.86
36.27
39.11
73.33
14.82
10.11
85.25
73.82
30.56
61.49
34.30
95.100
16.21
65.36
70.61
31.49
32.98
2.21
32.44
26.95
46.90
36.14
39.63
37.71
26.97
89.62
42.19
35.32
72.69
37.72
86.64
87.81
78.12
13.23
28.27
12.75
1.48
97.38
50.33
34.24
69.25
28.54
95.98
37.87
68.42
86.79
80.71
61.16
59.79
78.41
43.65
97.89
6.86
80.100
80.65
12.53
19.80
63.62
15.27
33.40
3.53
65.85
28.60
10.73
37.66
78.56
48.98
81.96
4.17
20.21
34.47
83.38
52.79
4.81
88.28
63.42
81.99
35.21
48.56
27.66
78.55
15.39
11.30
85.66
97.38
87.87
77.19
96.92
74.93
71.41
65.94
76.56
66.64
3.83
63.13
41.97
54.50
4.54
96.18
75.23
92.76
68.10
91.91
89.69
50.71
95.26
37.40
74.58
96.95
40.84
35.72
78.14
67.95
5.100
80.36
50.93
100.16
65.84
8.97
76.57
50.69
43.52
14.50
47.53
68.37
62.88
31.64
59.47
4.49
93.80
18.67
84.93
2.49
9.65
40.89
66.55
28.89
57.41
57.68
62.15
48.100
20.12
20.69
97.55
60.29
45.38
59.61
11.19
21.57
47.60
65.90
29.32
38.34
68.28
49.54
77.21
25.86
80.33
82.19
44.67
3.43
51.66
63.21
73.12
75.85
86.79
9.24
1.52
22.83
11.15
78.100
13.66
46.37
80.73
74.77
81.89
73.29
72.65
76.80
59.59
95.14
21.67
13.28
89.94
51.34
69.11
91.76
48.98
32.21
15.56
6.77
43.90
83.60
27.56
11.24
46.97
24.40
86.85
28.85
83.20
80.27
30.83
5.27
38.97
44.44
37.22
58.44
23.64
41.39
66.81
33.59
58.94
98.59
95.64
93.59
95.39
3.56
83.25
51.56
42.85
50.81
93.53
40.57
98.19
53.85
65.24
57.55
15.29
80.79
45.61
66.29
59.29
4.55
10.97
10.83
35.37
65.48
66.78
61.59
89.24
54.26
50.81
81.18
21.56
42.42
56.77
41.60
5.59
80.68
20.40
5.92
63.58
75.50
42.84
77.61
56.53
63.81
66.51
36.13
92.29
6.35
28.66
74.67
29.28
52.87
16.52
74.29
74.55
19.86
38.63
78.58
38.95
92.36
23.14
25.20
82.34
7.16
35.62
66.43
14.26
23.74
9.25
76.95
57.34
48.57
90.86
28.81
12.32
74.32
53.64
44.85
67.90
42.55
15.40
62.11
79.95
83.50
84.11
87.56
2.73
48.51
95.97
94.84
26.77
34.64
37.34
15.14
77.56
49.84
6.89
49.47
14.23
24.76
5.79
27.10
2.16
35.25
10.95
12.16
87.100
41.97
26.55
16.14
63.66
29.23
81.53
56.96
50.43
85.19
20.50
59.65
14.96
69.44
86.59
89.60
17.45
61.11
90.99
37.71
7.21
53.82
48.44
2.12
7.22
20.80
33.66
8.86
88.31
1.65
21.14
100.30
5.16
58.63
43.30
94.78
83.65
41.75
5.84
19.85
69.25
61.55
73.41
67.77
29.84
14.59
95.36
55.59
76.21
70.32
68.76
15.84
31.81
24.86
50.92
54.92
1.48
55.51
50.16
75.20
50.75
79.94
73.60
20.100
51.99
21.91
32.38
19.67
43.38
86.55
33.86
91.58
38.55
83.80
55.39
27.69
65.99
85.83
10.89
18.22
100.16
96.79
55.76
94.48
81.42
52.73
69.37
97.74
97.80
94.48
18.56
75.64
15.64
40.24
85.11
37.73
38.73
85.97
63.83
59.90
43.36
39.73
46.15
17.17
19.44
57.36
11.10
43.94
13.75
15.13
27.49
6.43
55.80
39.44
34.27
74.10
35.16
62.28
15.14
60.42
24.15
28.18
28.47
55.32
43.38
65.56
35.89
22.49
49.54
8.31
35.19
35.84
52.64
3.79
10.44
12.66
20.48
78.12
1.93
93.81
6.67
98.57
68.93
97.14
32.58
14.91
58.92
75.55
8.16
5.48
96.28
4.72
92.16
6.25
72.60
26.46
41.64
69.89
37.28
72.100
84.55
39.82
69.84
76.52
83.71
13.51
21.53
52.73
37.19
100.87
84.20
22.22
58.22
14.50
3.44
41.97
7.79
58.95
57.98
67.19
32.16
100.85
68.13
43.100
9.70
11.41
33.74
59.75
89.10
30.60
36.91
45.46
7.47
78.85
4.87
62.15
68.76
49.48
41.48
42.66
20.20
3.72
50.10
96.14
28.93
45.57
73.94
58.43
49.100
79.83
69.14
4.57
47.73
18.50
68.94
69.39
43.80
79.77
30.72
85.66
81.48
92.96
89.35
70.19
1.13
86.38
91.17
68.66
8.92
72.26
64.90
80.57
2.97
67.47
48.72
87.12
86.72
82.98
89.65
57.100
58.10
40.26
88.96
87.65
50.100
90.31
35.10
89.22
31.53
14.88
7.36
56.83
33.21
93.91
1.35
10.63
54.59
60.93
50.56
15.26
6.51
30.50
43.27
79.47
91.78
67.79
59.60
80.72
98.84
70.34
65.99
49.51
12.84
19.66
3.67
7.23
88.32
57.31
62.83
4.83
38.84
7.62
16.41
22.13
98.14
80.25
42.17
51.72
87.71
30.99
52.22
65.16
81.62
94.35
86.42
30.49
53.15
45.72
91.43
13.62
31.50
90.30
61.60
20.100
7.61
41.45
80.20
59.48
4.80
69.78
75.32
73.70
34.90
86.16
6.57
80.17
3.38
100.82
48.43
76.11
94.92
62.64
65.79
42.56
41.10
58.62
37.95
30.40
42.53
8.22
39.38
11.92
32.82
17.71
54.32
49.80
98.57
62.12
20.51
12.15
59.52
94.14
53.32
34.25
38.42
2.50
66.96
26.54
47.41
58.48
61.84
4.63
15.65
85.65
75.38
46.22
13.59
53.40
40.84
34.89
50.25
38.22
75.56
32.57
7.24
33.54
82.58
24.28
21.49
53.14
75.85
16.75
75.30
13.17
22.36
39.35
13.43
2.38
14.79
33.13
18.78
66.24
83.82
16.16
50.90
71.59
11.81
59.39
98.32
70.73
33.41
82.44
40.89
87.21
84.44
88.31
24.19
32.46
45.63
24.26
94.96
90.82
17.45
40.13
13.39
99.100
64.33
65.59
79.17
69.70
88.67
77.39
73.58
14.19
11.22
62.82
80.30
22.90
14.52
3.78
25.93
26.21
10.55
32.12
59.64
2.44
31.57
71.17
63.31
34.22
87.94
85.38
66.16
60.17
18.81
42.35
67.26
11.24
15.93
76.99
6.93
53.28
68.17
65.85
85.61
11.48
96.24
11.61
16.46
98.61
51.72
53.87
87.63
29.86
92.31
18.42
80.83
17.91
82.92
48.51
31.10
35.47
28.90
64.49
57.50
19.47
66.27
9.51
28.73
20.82
56.86
64.35
54.42
85.78
48.95
73.65
38.72
96.25
16.66
92.41
57.57
66.94
55.64
43.72
6.88
16.34
47.78
35.11
73.95
6.27
100.96
38.57
36.87
22.16
36.29
83.72
29.97
27.19
7.55
77.86
18.87
97.47
54.75
91.19
59.60
17.15
48.52
53.58
12.30
21.88
32.39
38.18
17.98
88.61
61.35
89.68
64.24
17.73
44.100
52.77
57.38
33.27
63.87
6.48
69.62
49.34
30.15
57.14
47.61
33.99
28.58
93.59
61.71
96.57
92.44
62.10
13.85
65.62
15.91
93.82
59.76
7.47
27.90
66.45
7.55
23.73
5.78
25.12
38.21
55.99
14.39
69.84
90.63
81.61
84.39
49.97
37.18
79.81
34.46
97.10
48.55
46.47
88.36
99.80
64.60
5.27
92.97
53.16
92.45
86.36
65.61
18.12
40.48
5.89
3.25
13.21
43.62
99.76
41.90
58.91
53.80
65.89
32.89
27.24
55.50
33.40
32.48
39.83
57.45
4.29
18.10
12.16
16.76
78.32
15.36
17.46
10.14
100.15
93.79
27.26
54.65
89.35
74.76
14.77
61.36
45.16
13.60
80.66
96.24
42.24
28.22
64.53
13.60
38.61
89.82
4.53
2.18
48.53
93.84
83.16
50.87
45.96
71.17
26.17
72.71
6.97
42.100
46.28
52.27
44.64
1.68
24.32
37.62
69.81
47.16
66.50
1.73
29.79
85.10
37.70
27.19
50.42
28.85
18.65
78.62
49.60
65.27
94.36
98.49
94.55
91.33
62.79
99.75
27.27
89.92
69.23
26.50
50.66
44.73
53.99
55.39
58.63
92.71
93.15
47.85
15.51
85.77
11.26
14.98
25.12
2.67
82.92
76.28
85.53
14.78
61.74
8.45
79.60
34.16
28.22
50.13
4.55
48.39
65.83
80.95
78.81
44.15
14.65
54.77
28.99
65.14
98.44
30.62
54.31
37.84
47.51
3.81
14.76
23.51
86.21
62.33
70.94
18.29
46.21
47.98
14.60
66.21
52.73
95.62
19.100
31.73
17.12
29.14
22.100
48.17
16.49
15.55
36.35
66.72
24.83
16.10
99.35
59.82
98.93
13.40
88.25
53.14
85.43
63.88
88.36
12.52
65.92
87.45
75.63
80.10
6.83
85.17
5.93
80.40
12.56
16.53
28.26
60.53
44.43
68.37
68.81
74.91
7.18
92.17
30.26
52.66
57.86
35.93
19.27
56.82
36.15
74.96
80.95
92.71
27.26
76.51
48.60
31.42
46.41
40.77
62.71
35.99
17.73
56.43
29.46
62.96
39.12
61.31
92.42
49.61
6.68
10.30
29.49
70.78
90.26
51.43
28.38
48.33
1.63
29.50
75.54
92.39
53.56
39.21
42.77
16.27
78.21
46.94
62.28
48.82
55.96
44.92
17.51
24.76
67.81
3.52
16.64
89.68
22.10
39.78
14.93
57.65
71.39
72.79
38.39
49.77
90.45
94.85
86.50
4.40
29.91
15.50
51.23
89.78
40.48
36.43
75.28
96.88
11.16
84.41
59.86
76.27
94.49
22.53
48.92
26.65
64.94
62.22
82.18
56.72
34.98
55.13
25.18
20.82
77.44
25.85
43.51
38.82
64.13
14.38
74.59
33.92
13.39
47.87
72.61
13.56
60.90
71.21
24.100
15.16
60.70
100.79
91.13
99.96
80.33
2.66
3.57
64.72
78.36
79.27
2.87
89.50
22.65
21.30
37.94
24.45
18.20
77.93
44.91
21.85
26.20
30.45
94.32
79.80
75.21
84.94
60.81
84.73
7.73
65.95
30.98
70.40
65.13
74.39
34.63
41.45
50.33
49.52
87.62
88.81
20.45
28.47
25.57
90.10
33.79
8.45
25.74
27.58
9.100
65.87
83.97
47.73
98.71
15.92
29.23
41.87
98.15
15.91
15.56
66.35
42.82
17.59
22.91
6.73
7.40
100.83
36.10
57.43
33.100
87.25
99.75
5.86
53.85
75.67
55.67
90.65
45.77
78.89
32.92
88.94
40.23
82.81
73.30
16.96
18.34
47.86
41.58
20.87
54.43
13.79
59.36
25.81
26.91
58.71
45.71
3.94
35.32
39.49
84.30
86.90
83.55
77.52
71.59
45.86
58.78
82.93
74.21
83.21
93.50
23.61
74.43
35.40
66.58
21.48
4.96
100.95
81.58
45.97
55.75
68.37
48.85
28.89
61.93
34.30
83.15
4.25
30.27
76.54
76.64
98.22
50.91
38.89
79.22
100.83
59.100
51.43
37.33
19.15
42.29
25.74
27.53
42.96
98.47
53.48
83.84
82.16
96.43
10.16
2.63
12.73
44.47
93.55
98.81
24.74
73.25
87.91
47.40
23.89
28.29
93.35
37.98
94.83
68.83
71.20
73.17
62.57
86.23
33.76
10.45
46.64
90.15
2.87
91.87
22.53
26.16
51.69
32.78
72.93
11.43
44.51
71.47
55.66
29.90
89.83
99.26
87.31
93.53
98.69
83.61
91.34
14.78
6.11
87.94
95.29
67.72
75.27
76.28
78.76
13.99
82.33
75.81
94.83
51.29
74.13
56.65
45.42
14.54
13.30
97.75
3.72
47.32
36.68
74.65
47.69
10.22
46.16
31.74
88.48
4.91
23.38
16.55
69.19
74.64
11.24
90.23
45.68
1.19
98.83
48.32
76.92
31.55
75.32
13.43
21.73
74.73
19.83
100.19
23.11
70.76
54.21
58.96
3.37
22.90
97.74
31.94
11.46
60.37
87.70
58.52
86.72
8.55
61.82
1.63
19.52
93.43
61.76
56.62
10.88
45.49
58.49
28.97
99.46
85.65
87.40
72.62
84.42
20.74
28.55
19.92
87.99
70.93
48.15
61.68
57.83
69.60
67.42
43.74
1.80
91.26
20.37
52.29
28.68
74.71
66.99
18.64
53.93
99.27
44.68
68.74
44.30
10.24
41.24
9.75
28.78
16.50
57.46
48.35
21.30
7.82
60.99
25.81
33.12
70.16
65.27
40.45
22.45
9.92
20.37
44.91
98.86
78.36
14.69
76.21
5.68
67.96
36.39
97.14
29.98
1.58
97.26
88.25
47.91
68.45
98.94
18.62
87.80
80.81
94.58
52.95
75.92
63.97
76.57
98.47
41.26
44.68
67.50
29.86
19.79
53.90
22.79
84.55
8.82
42.54
3.35
63.61
39.49
13.15
38.98
24.78
75.74
33.42
39.66
53.37
52.33
72.81
43.99
40.86
41.83
3.36
80.57
70.100
68.70
16.62
13.67
92.85
96.26
11.86
71.55
46.21
94.22
98.71
74.10
5.60
36.37
28.90
19.57
7.100
84.49
64.21
2.45
58.22
21.72
24.92
70.73
4.41
44.55
71.65
50.92
52.12
55.86
39.21
26.90
5.42
48.81
100.57
92.53
47.20
26.80
42.51
25.100
44.47
99.95
16.89
11.84
41.59
76.54
44.34
75.63
83.35
86.36
83.26
61.83
82.41
55.72
14.20
81.43
89.10
88.94
78.44
81.43
39.91
17.86
83.24
29.78
77.92
74.60
72.84
51.38
52.71
74.55
60.17
72.53
90.85
96.88
95.48
84.14
90.98
37.22
89.48
78.31
31.36
96.29
93.47
100.88
95.24
48.32
40.90
27.59
49.26
9.62
99.58
30.49
38.26
10.18
41.18
9.78
62.63
78.85
11.20
39.34
86.60
60.36
59.38
39.52
29.63
1.49
89.28
71.79
59.13
36.67
61.55
7.30
72.79
79.70
31.57
16.20
50.55
60.37
39.48
59.71
52.69
93.89
45.76
71.29
87.91
71.87
49.72
72.34
26.53
45.83
63.29
14.97
65.28
65.88
99.48
41.29
29.50
90.71
66.64
76.85
60.11
23.85
86.49
7.25
96.60
46.55
87.57
62.82
14.94
19.46
90.75
13.96
77.43
47.11
14.10
47.87
87.65
10.95
52.59
89.11
85.18
29.78
19.74
28.15
18.50
31.86
20.25
22.27
9.38
73.52
14.78
79.30
61.80
95.53
84.92
1.96
61.58
83.49
49.62
95.34
13.43
14.90
75.22
65.30
29.93
78.81
10.55
54.58
96.56
55.75
35.11
35.75
51.60
59.84
10.62
35.16
92.60
58.83
80.92
84.82
68.16
84.29
57.24
80.51
83.83
94.39
94.34
53.100
72.26
37.26
55.41
23.11
41.35
9.37
65.25
30.32
89.24
69.88
90.49
68.71
39.10
90.100
86.34
65.54
62.38
15.36
43.49
83.70
34.26
90.24
77.26
46.84
76.77
47.99
94.88
67.85
90.82
60.50
50.24
47.44
63.82
56.67
35.95
8.61
46.96
57.15
39.28
86.15
45.34
15.32
21.89
28.59
32.24
31.42
97.94
14.86
73.73
32.31
21.81
18.26
62.25
89.53
20.65
69.20
9.96
49.55
75.41
92.43
23.30
8.67
44.84
91.38
97.79
21.31
71.63
17.27
48.95
23.38
52.44
77.95
97.88
31.60
71.51
38.98
16.95
100.10
58.60
41.19
52.65
69.60
86.82
2.99
48.76
87.69
72.55
1.55
94.20
32.49
1.35
42.72
4.95
1.77
64.26
99.14
92.55
63.49
48.24
64.11
69.31
83.11
100.87
69.58
18.37
84.49
11.29
44.47
97.56
72.14
6.61
19.62
47.61
48.57
56.51
68.16
68.87
21.25
42.96
98.26
33.60
16.35
68.39
16.16
76.55
50.86
66.10
63.91
64.43
61.29
86.21
70.60
70.68
69.85
63.75
66.43
79.60
84.25
18.43
16.24
18.77
12.86
27.77
8.34
30.32
36.47
48.39
32.97
65.28
30.12
90.83
25.20
82.18
76.83
49.83
9.55
86.82
74.23
96.33
35.32
62.74
4.23
34.78
65.83
2.86
99.43
95.96
48.40
30.29
92.75
28.26
38.91
100.80
30.40
80.73
90.65
15.100
55.14
11.36
19.20
34.33
95.33
19.82
6.87
29.23
97.50
44.50
49.98
39.64
62.43
11.75
27.57
94.96
37.28
48.54
79.28
7.30
51.38
19.21
73.20
82.83
84.34
43.36
37.54
95.30
29.40
22.13
93.75
49.39
18.83
63.44
25.94
43.61
98.85
57.24
38.47
23.58
5.31
32.69
65.70
87.30
27.75
62.79
77.55
93.38
53.48
86.94
88.68
80.66
41.29
35.33
83.62
67.44
18.17
59.47
48.37
94.13
82.97
45.26
79.45
58.51
51.78
72.92
9.12
15.77
3.69
68.33
62.13
49.14
100.42
54.75
51.35
32.68
7.84
5.47
39.53
48.88
82.70
68.85
92.97
89.42
12.16
69.56
7.90
52.30
62.43
31.36
79.28
28.61
17.95
1.22
67.62
73.46
16.34
92.77
13.47
56.60
2.93
37.98
76.29
48.53
75.53
66.72
81.75
85.81
98.100
87.40
64.71
86.45
37.80
7.61
85.24
41.28
69.20
41.92
74.100
63.82
25.59
16.31
33.13
65.61
17.13
42.81
30.68
71.26
32.66
89.91
75.78
37.23
20.11
32.90
9.27
23.76
30.50
94.32
39.98
78.73
67.50
84.53
21.64
66.64
99.57
15.21
41.51
76.22
34.65
62.34
56.88
84.76
50.29
23.15
56.58
90.88
93.76
79.34
4.24
76.93
95.65
80.29
77.76
2.44
90.58
70.42
41.38
77.75
75.97
25.97
93.63
20.95
66.75
46.12
74.53
70.53
80.76
89.66
2.77
40.43
94.68
52.27
18.34
12.52
23.15
92.97
20.91
22.48
28.80
95.36
39.91
8.24
88.13
79.61
99.11
85.58
15.34
32.20
42.100
52.43
95.80
38.41
24.28
12.31
31.28
12.30
83.33
79.73
85.48
43.43
72.100
50.77
41.86
56.84
53.88
8.49
11.88
53.53
46.60
4.90
19.24
29.73
73.89
72.58
53.40
66.31
69.20
27.54
50.15
7.82
71.82
41.53
13.72
22.39
14.92
18.97
25.30
39.19
39.57
96.32
16.48
24.99
77.45
5.56
23.33
69.88
39.18
8.66
73.13
4.87
82.91
85.18
28.59
93.59
76.24
41.47
1.50
60.33
72.59
84.19
73.28
70.36
85.75
60.50
89.77
60.68
34.84
30.39
59.54
35.38
62.71
72.61
100.100
80.45
83.33
84.14
29.32
42.68
52.19
21.73
34.76
46.78
39.68
53.32
25.32
92.95
26.96
73.20
45.17
69.45
79.46
23.15
18.89
64.48
53.88
63.62
6.32
99.100
21.70
61.38
52.46
86.69
63.93
16.42
25.74
35.21
88.100
54.50
50.38
8.39
41.37
71.49
58.99
18.16
40.32
40.90
36.52
32.67
21.64
60.15
74.40
84.18
97.55
27.28
13.28
68.33
32.81
52.70
27.33
73.54
50.60
45.63
2.83
74.95
100.52
15.40
15.13
17.16
52.29
92.51
37.77
79.77
48.55
20.77
26.11
31.52
42.13
61.49
3.28
29.96
74.10
28.52
19.55
61.37
71.97
99.57
79.37
9.77
6.83
62.29
6.25
18.97
54.15
31.10
82.34
92.29
31.66
98.51
81.75
54.53
37.81
59.89
65.91
51.57
93.81
48.97
75.67
80.69
71.14
58.55
47.19
93.89
67.76
94.60
17.66
89.31
96.43
69.68
51.68
2.41
20.22
76.54
81.49
97.55
65.14
35.78
27.66
56.37
21.65
46.82
89.86
16.41
90.19
34.87
66.97
57.42
25.51
63.55
59.51
97.75
87.53
64.44
43.90
67.42
31.83
36.49
52.32
100.70
43.79
7.94
43.12
71.50
92.91
48.34
29.81
43.16
39.48
91.22
88.56
17.36
69.55
50.34
32.91
67.85
29.89
54.62
19.55
62.21
64.95
35.10
30.53
39.33
19.41
50.62
65.22
20.80
86.76
52.35
23.42
39.21
17.93
13.73
17.10
3.34
24.82
48.50
97.82
67.86
79.15
79.74
49.68
78.85
84.71
28.92
81.93
96.26
71.20
6.44
64.36
14.63
14.81
38.58
15.88
98.12
73.40
11.30
88.81
26.54
53.22
14.95
81.34
79.71
32.58
25.90
88.76
72.84
24.86
31.20
32.76
13.27
79.12
12.63
14.55
56.47
60.96
65.47
17.76
98.57
46.85
12.92
66.90
47.89
22.87
84.38
6.11
20.94
79.24
88.91
74.95
28.66
69.88
97.36
69.48
2.14
20.97
73.26
80.80
54.39
76.26
29.55
93.25
11.90
30.97
63.65
20.11
72.47
95.31
57.97
20.30
88.37
60.41
90.94
28.33
92.22
4.18
37.95
63.59
27.21
8.38
70.76
37.16
27.53
89.25
77.74
26.94
87.40
78.69
81.91
25.80
30.57
84.34
54.55
66.85
85.44
97.91
17.63
4.15
23.37
84.35
98.94
61.39
54.46
88.79
82.12
9.94
100.99
43.55
36.75
47.62
4.64
81.18
31.98
86.55
61.90
34.68
76.19
59.42
72.92
41.78
59.33
16.40
52.78
89.95
87.24
1.40
77.32
15.51
97.100
51.32
75.79
78.77
21.12
98.32
21.96
92.38
76.75
82.27
48.91
36.62
78.11
56.10
32.49
27.73
71.26
6.93
56.48
45.24
27.43
55.25
78.57
76.100
95.61
66.93
17.76
32.63
99.84
29.46
69.29
97.80
67.50
85.100
7.15
26.24
72.83
13.91
1.71
59.91
19.97
22.63
4.52
75.85
66.77
13.16
63.21
46.40
55.87
24.68
58.34
28.97
48.13
22.61
93.24
4.69
5.44
87.54
26.37
96.99
20.30
3.33
4.27
82.18
66.30
79.44
80.19
25.25
15.73
75.54
34.67
24.75
25.44
85.95
58.42
85.81
65.56
52.88
46.91
26.100
53.17
57.93
95.74
2.19
21.49
30.10
5.50
53.80
50.84
20.95
33.49
69.11
34.75
4.46
4.97
22.20
30.97
89.36
23.81
52.67
98.55
89.57
70.47
59.70
39.74
23.97
10.93
26.78
16.10
16.98
23.95
33.57
18.22
75.38
62.70
55.30
94.35
61.54
66.16
32.94
28.74
75.86
20.59
64.47
49.31
6.41
53.15
77.48
83.87
22.76
86.53
28.24
6.99
12.26
21.74
100.59
50.30
28.26
83.82
61.37
90.71
1.87
98.36
86.29
82.30
96.98
17.98
15.77
7.32
26.66
35.43
12.30
84.47
97.13
59.55
18.55
20.95
71.47
60.41
36.33
31.96
76.40
1.100
26.36
67.68
55.60
72.99
84.35
43.45
25.61
37.40
29.98
66.30
51.83
43.11
31.98
47.21
43.30
73.42
65.67
82.63
2.11
41.86
89.63
68.49
77.13
24.100
56.40
5.71
97.15
79.99
69.47
91.27
70.12
53.29
86.17
37.22
70.57
99.68
26.44
16.17
69.69
63.73
65.58
57.49
60.29
23.46
20.74
3.97
5.69
49.81
38.31
20.48
89.85
34.79
45.91
72.97
43.43
9.72
17.43
75.86
22.96
57.31
61.60
97.27
70.88
21.58
95.38
70.53
94.63
14.21
91.37
6.21
45.52
30.44
90.95
69.64
62.71
46.34
74.50
77.100
79.94
87.38
78.76
23.34
73.99
2.16
53.82
83.49
72.79
37.10
61.41
65.86
64.78
19.39
84.69
84.18
68.91
70.80
31.53
54.84
16.67
12.75
72.51
69.36
11.26
35.88
9.58
25.46
95.60
91.10
42.61
49.22
98.32
39.40
46.71
84.51
48.25
40.14
59.93
88.46
23.96
78.62
76.41
95.28
29.48
8.57
97.54
70.97
62.70
61.96
33.26
41.64
30.39
81.87
58.25
10.53
46.51
88.71
88.50
22.10
69.48
45.49
60.33
29.29
64.10
67.20
60.73
74.10
20.96
89.51
22.98
25.34
12.43
17.53
96.39
13.89
39.65
50.52
77.100
58.57
93.18
56.75
52.36
38.96
87.42
94.75
53.58
10.17
97.54
8.69
75.34
70.42
76.100
98.14
83.26
42.59
44.91
48.58
39.23
95.44
76.61
8.44
98.79
22.82
87.92
7.22
80.96
78.66
77.52
6.96
10.92
37.78
64.15
46.54
19.36
87.98
48.20
26.43
24.27
72.68
40.68
97.24
67.83
24.30
57.42
3.63
40.30
51.25
36.78
47.67
24.14
76.26
7.18
95.77
45.87
99.11
63.67
79.47
36.18
67.83
66.31
53.88
51.100
4.87
34.18
50.69
16.52
34.52
11.22
98.37
39.22
95.51
2.56
1.92
83.33
72.51
89.78
61.30
4.38
72.79
28.12
99.96
19.22
6.58
8.57
31.52
81.32
96.29
30.85
61.41
11.56
39.90
92.67
6.22
14.21
93.60
85.29
90.94
10.17
3.79
26.21
31.80
22.83
8.94
18.20
64.41
17.27
80.28
31.50
52.20
64.76
35.92
95.18
17.40
60.68
12.59
71.60
71.37
92.81
7.49
96.21
89.75
56.16
84.76
51.30
91.77
25.63
49.95
17.52
21.38
57.64
74.80
18.74
58.71
18.93
69.100
71.89
39.34
65.49
10.73
93.38
22.16
22.89
52.59
99.17
70.31
94.50
27.51
73.87
6.63
91.25
79.38
77.69
26.44
69.76
18.22
91.12
60.34
32.43
29.14
48.20
73.96
56.53
43.89
63.77
99.74
15.81
34.14
28.81
11.68
34.59
71.51
91.94
77.30
28.90
64.42
23.63
45.99
48.11
99.40
46.35
49.99
29.42
17.39
11.52
17.16
60.70
42.47
89.67
68.45
2.80
99.74
17.35
6.16
65.20
39.12
78.44
10.45
14.81
53.66
61.76
48.10
11.37
50.97
14.35
74.60
57.84
62.40
74.73
4.76
91.79
57.97
74.52
98.89
80.67
37.36
15.85
37.17
4.75
74.28
35.50
54.42
38.12
69.66
64.22
61.48
33.25
8.78
8.39
83.12
45.26
23.39
62.17
54.31
63.96
39.73
74.96
76.30
29.51
64.40
81.34
54.70
51.10
33.40
43.66
39.57
16.87
33.60
36.80
62.84
99.90
99.56
14.90
64.90
10.96
89.33
48.63
81.80
70.99
18.33
41.28
2.36
16.100
12.78
92.37
47.24
43.48
88.20
57.34
1.41
61.73
76.66
24.16
5.79
70.30
38.53
26.73
1.100
52.36
51.87
4.37
97.45
99.97
77.95
96.67
91.59
36.95
7.76
54.70
97.64
87.69
92.58
7.74
24.96
53.47
25.63
97.18
21.72
89.47
49.19
22.14
54.90
24.56
8.91
26.43
66.82
36.70
84.36
84.44
45.14
82.33
60.40
39.62
75.62
72.87
11.46
1.39
48.72
89.76
31.26
41.60
72.81
66.15
31.87
40.23
5.55
36.17
73.11
11.30
60.11
38.42
27.35
43.72
43.89
98.47
27.66
100.91
82.100
33.74
92.84
79.32
95.62
77.29
88.68
97.77
23.87
91.66
17.30
48.29
25.64
83.81
30.94
57.80
53.46
4.32
45.35
31.12
81.64
12.86
54.21
36.15
28.84
32.14
66.31
95.19
47.74
2.95
9.38
9.20
21.81
56.86
83.88
31.95
13.13
71.84
95.76
78.70
61.54
37.82
59.61
18.80
75.44
10.95
70.57
89.43
35.96
70.39
79.83
15.72
69.96
39.78
97.51
42.40
68.65
35.87
49.59
40.96
41.71
12.88
34.62
79.30
7.89
98.84
57.70
69.98
20.40
100.75
72.19
11.87
9.88
6.52
68.49
84.71
59.56
82.39
66.41
8.48
34.21
96.62
94.88
68.58
20.63
93.61
75.73
12.15
75.21
80.35
40.85
51.29
100.56
84.66
79.11
29.33
16.25
33.27
78.61
26.78
90.29
13.11
46.60
71.96
89.83
33.57
13.35
55.90
63.40
50.20
12.48
24.45
32.21
77.37
50.59
73.61
31.78
44.76
86.88
56.56
28.93
17.47
1.15
87.71
61.58
80.66
10.85
44.42
95.74
34.84
77.83
74.70
26.53
80.72
56.68
53.65
49.47
98.31
91.76
42.60
48.29
56.10
15.65
47.12
90.54
87.45
95.52
59.28
72.69
76.98
92.84
89.62
24.20
10.92
50.57
46.37
44.46
8.47
89.39
11.72
99.75
81.74
82.23
48.13
61.58
64.62
91.39
55.45
45.77
66.56
67.39
59.71
95.51
86.85
61.68
47.22
16.97
96.71
39.81
51.43
51.90
76.80
70.73
34.32
56.51
80.19
57.29
38.49
75.49
29.99
23.45
62.57
55.54
48.72
65.62
15.13
7.17
64.68
20.32
3.80
100.41
22.38
66.32
27.22
41.61
82.89
38.22
89.61
35.79
83.80
27.74
25.23
9.52
81.26
61.42
60.25
54.50
45.35
88.25
8.19
4.15
89.97
77.89
31.76
34.74
68.31
94.40
31.96
53.32
12.16
56.83
63.65
2.88
38.67
87.29
19.77
70.58
23.35
71.44
38.55
26.71
29.16
9.23
20.25
2.37
49.65
90.20
12.48
97.40
38.78
21.42
35.72
60.94
9.78
92.50
41.91
97.61
94.22
67.55
58.22
91.77
10.98
71.68
11.97
29.64
77.27
57.99
55.74
88.80
94.82
49.91
71.12
67.80
38.85
83.88
84.57
80.67
18.57
36.10
95.31
60.83
6.95
75.43
40.50
27.80
68.97
40.53
88.32
43.33
86.68
41.19
96.51
3.81
75.81
37.65
61.60
10.51
70.18
96.51
4.58
5.88
15.41
96.68
2.88
20.31
100.21
89.78
99.13
23.72
80.87
90.31
84.41
4.11
9.49
74.37
33.12
25.88
19.36
26.81
78.53
5.28
51.84
70.20
82.47
12.95
55.83
20.24
81.39
75.50
39.40
70.84
40.85
22.96
97.39
75.11
31.33
19.65
89.90
80.98
26.30
4.24
77.65
49.99
56.81
75.47
53.77
82.40
99.35
37.69
64.94
8.77
68.29
49.80
93.65
12.56
67.80
54.15
75.72
73.72
68.34
5.97
20.57
38.34
38.18
41.73
54.73
72.92
62.59
48.65
82.29
49.98
73.18
85.17
56.75
93.19
17.90
85.21
99.50
73.35
10.27
78.21
77.43
93.29
1.54
62.98
17.36
31.27
78.41
54.20
23.47
28.67
38.74
98.100
86.57
44.62
85.99
16.52
91.18
65.44
21.28
3.58
42.85
70.34
54.89
20.85
73.36
69.100
94.16
28.40
46.43
95.76
82.39
89.66
20.85
72.64
53.96
64.57
46.32
62.21
30.54
44.67
38.43
48.19
5.64
63.19
83.10
22.88
26.39
7.30
99.20
58.53
29.46
23.93
42.58
68.80
1.50
46.43
7.32
100.41
41.33
100.24
67.66
29.90
89.46
95.45
53.26
70.11
22.92
5.38
37.20
8.62
24.51
94.98
8.56
82.60
49.21
20.88
75.83
92.87
59.65
64.92
44.95
98.55
10.82
75.65
16.81
4.98
41.19
82.43
6.39
73.38
76.18
16.63
49.67
43.17
77.21
44.44
33.71
82.43
23.39
79.94
66.50
57.92
84.59
51.31
32.58
38.85
12.29
99.32
55.87
83.32
29.40
67.11
36.52
1.56
60.79
56.39
56.10
55.14
92.95
5.24
23.11
27.43
79.12
37.22
50.63
59.87
92.78
46.25
27.16
34.97
53.70
54.44
69.56
42.84
65.40
47.89
82.33
36.64
62.47
28.59
1.29
39.56
79.56
46.43
99.32
73.43
49.21
18.80
78.91
96.85
72.86
42.28
5.83
76.52
5.28
72.79
91.12
90.67
98.18
53.70
15.80
45.98
25.25
97.71
19.32
58.23
82.91
37.47
21.36
97.12
37.79
35.98
66.88
25.62
84.39
44.47
74.89
51.20
65.68
29.34
17.29
34.33
25.26
12.48
54.55
62.39
19.44
61.55
70.77
8.60
12.18
82.80
28.39
68.64
79.81
66.78
58.15
52.48
30.16
2.15
13.50
42.27
59.60
6.96
91.43
78.61
24.98
5.92
89.74
55.31
52.42
63.79
27.76
34.61
56.82
9.58
57.41
73.59
53.65
48.31
11.23
94.95
80.51
58.29
93.74
68.83
28.62
46.83
51.66
79.62
90.63
23.26
58.48
97.64
63.40
64.97
35.23
76.32
5.63
12.37
60.70
28.90
68.32
88.50
75.41
93.96
21.69
100.38
3.44
39.87
94.99
48.93
43.20
90.50
7.85
55.89
96.100
100.17
64.43
75.51
7.89
3.58
29.21
60.33
26.43
57.33
20.23
94.87
95.84
86.38
86.29
70.71
28.41
29.96
11.85
74.30
55.66
26.30
19.41
86.80
54.33
10.78
15.27
76.43
61.99
48.74
3.42
15.71
29.37
64.95
10.87
75.43
48.67
75.25
79.78
3.82
37.15
15.75
44.20
24.18
18.34
50.61
39.43
32.73
16.76
64.55
15.85
21.98
31.95
16.96
76.13
55.89
53.42
72.87
80.38
10.39
87.48
41.94
93.53
23.45
89.14
85.18
19.67
39.61
85.41
100.51
96.20
26.59
9.92
94.68
62.56
64.44
69.48
3.60
80.97
93.97
54.15
94.50
75.88
51.39
75.47
24.66
94.58
24.74
56.63
66.70
68.77
4.16
83.64
66.84
68.68
93.48
12.80
40.40
27.79
93.36
34.74
29.88
66.98
57.26
27.31
38.61
25.68
54.17
99.21
74.17
77.71
27.89
70.33
52.90
49.37
24.17
36.33
92.87
1.35
31.60
43.72
72.19
47.62
73.88
30.40
46.36
21.45
32.90
1.84
13.93
99.16
25.17
65.52
89.27
68.10
18.81
28.30
8.66
11.92
74.40
36.85
14.83
23.70
89.19
50.39
14.49
44.83
72.62
7.88
82.64
84.35
33.16
26.79
77.96
10.56
8.100
12.62
99.34
45.82
2.91
73.47
21.30
9.37
50.31
29.49
74.34
36.37
76.62
88.35
64.49
64.86
78.17
47.58
35.21
58.93
9.71
45.63
78.32
95.95
62.13
85.71
89.31
44.87
59.75
49.72
58.72
7.33
5.35
32.29
3.20
51.30
99.67
12.35
52.80
95.50
42.43
97.60
18.84
65.87
28.21
28.34
99.74
57.73
50.94
8.73
29.24
51.32
4.80
62.95
57.55
4.18
88.47
12.21
81.82
36.34
89.93
60.69
14.81
65.96
26.86
12.93
12.85
25.76
82.97
50.96
42.94
42.83
51.29
57.49
59.64
94.70
31.66
47.14
93.95
80.68
5.66
73.28
48.40
86.17
41.15
89.96
86.74
16.54
59.19
79.31
21.70
82.82
93.42
2.93
48.91
34.18
43.83
97.69
82.82
25.32
99.69
39.60
75.82
68.47
100.46
39.10
15.26
31.80
40.43
38.38
53.54
36.61
26.21
50.72
14.85
27.19
20.43
68.72
34.51
44.26
36.67
71.52
30.26
85.79
15.12
42.11
46.37
87.34
50.89
29.36
20.40
66.87
41.47
89.10
25.84
40.21
61.97
77.79
71.55
98.52
67.23
39.20
25.72
31.22
3.99
14.74
43.70
16.55
59.86
43.92
31.16
32.46
35.59
33.39
49.57
97.71
26.88
77.46
57.16
20.50
63.84
69.33
19.32
95.99
59.46
91.84
39.82
91.15
94.69
42.15
36.53
80.74
50.94
92.99
43.27
93.75
24.16
41.27
9.71
62.84
72.64
92.73
60.60
76.62
8.66
56.24
62.73
27.32
23.88
94.87
17.48
86.39
47.23
83.44
65.19
61.92
29.59
6.50
32.42
79.79
39.25
64.37
36.31
25.46
84.90
30.15
73.30
38.74
72.64
68.69
83.98
42.51
65.55
24.85
1.42
45.14
39.30
72.80
4.95
76.85
75.43
96.84
97.62
71.58
63.95
55.25
62.83
98.53
68.23
6.57
30.35
96.43
82.48
48.28
95.66
52.60
15.10
6.55
83.45
41.64
22.10
71.34
19.17
13.48
94.93
14.98
79.90
94.44
41.70
2.48
98.93
44.83
79.97
54.26
38.80
24.13
59.23
76.73
43.79
84.43
82.31
29.100
89.72
26.84
83.14
69.47
93.15
58.62
68.81
47.34
12.47
31.10
29.85
39.21
86.18
9.96
31.25
24.83
77.55
92.18
82.46
28.95
35.51
22.11
60.99
48.59
85.81
93.67
67.24
79.95
62.100
3.60
82.40
44.72
77.10
80.78
82.39
4.99
59.66
43.44
64.41
15.59
25.83
64.51
37.11
26.26
57.22
37.89
87.46
36.64
32.49
80.66
37.24
2.75
32.17
64.51
51.59
79.61
15.25
3.79
21.30
74.76
11.78
96.68
25.24
11.32
64.34
19.28
99.64
13.92
97.56
30.90
11.56
61.69
85.97
64.82
95.96
99.57
11.17
17.12
95.70
73.99
6.75
81.56
27.31
46.67
85.92
21.84
28.98
1.43
26.72
52.85
56.11
24.85
81.32
73.51
45.61
11.50
14.12
34.59
2.62
71.56
82.52
13.72
14.74
58.87
6.57
54.21
15.52
47.33
61.57
75.96
68.69
16.21
65.17
88.23
31.69
90.84
21.100
100.13
59.19
75.51
49.12
42.42
45.32
34.26
50.17
7.36
29.91
3.47
22.91
70.22
70.59
5.87
70.33
72.49
30.24
92.32
8.80
41.28
91.78
61.93
86.45
30.65
82.50
32.77
16.18
22.62
90.58
60.29
19.70
10.90
8.26
26.14
98.84
43.16
75.91
73.63
25.63
48.16
100.66
21.39
68.40
39.73
78.61
2.96
22.74
36.34
7.91
41.62
87.20
38.75
8.42
34.47
34.17
64.10
12.89
61.23
5.80
96.84
29.50
69.61
96.59
39.39
45.94
60.33
57.98
90.46
12.70
99.79
78.71
28.26
21.85
38.94
15.38
76.49
19.74
60.84
47.31
2.85
16.46
79.19
92.76
100.16
31.26
73.25
9.25
88.16
93.60
73.53
50.48
67.76
12.66
86.81
81.70
73.75
83.73
49.86
53.54
1.89
17.84
30.17
33.45
65.43
34.27
9.76
89.18
83.14
61.96
53.18
47.70
42.91
32.81
41.20
46.97
99.53
44.88
15.80
97.20
8.44
49.17
11.89
30.93
12.55
72.21
32.71
32.86
35.65
9.54
45.45
83.71
15.43
55.51
37.81
43.96
9.48
52.55
91.17
11.62
60.38
91.37
49.37
53.71
9.10
76.90
76.67
64.84
59.25
28.59
30.57
90.99
76.42
71.39
1.73
36.66
41.36
71.42
24.52
74.13
99.66
6.41
22.17
1.51
29.64
39.59
97.15
8.15
25.83
96.75
64.54
100.99
30.10
86.53
63.33
33.97
91.93
58.40
57.81
28.14
44.45
93.26
69.85
57.89
93.28
51.24
57.39
26.61
53.44
42.55
68.18
74.96
30.97
62.42
92.89
98.24
55.55
53.67
61.43
98.63
12.81
91.38
17.71
95.82
68.56
51.73
1.97
29.83
82.49
52.32
74.100
81.74
38.69
23.96
57.25
75.87
84.31
33.58
25.60
67.31
69.77
35.54
9.21
20.64
15.72
27.68
24.29
42.88
1.45
29.92
90.27
55.45
12.28
36.64
46.29
43.87
71.99
4.86
57.38
43.76
88.97
82.80
91.68
36.94
93.82
42.71
33.12
37.99
82.17
48.48
18.32
80.52
13.17
54.80
5.11
53.76
11.53
91.44
66.99
75.59
14.29
55.63
81.78
94.19
38.41
4.10
32.31
74.81
54.21
33.14
35.69
65.89
67.81
74.22
56.81
15.26
93.92
88.10
61.72
4.72
79.69
26.73
74.95
85.88
8.58
5.31
20.51
100.75
63.57
98.15
74.12
26.26
2.70
82.12
62.24
68.10
41.98
90.30
30.22
21.35
30.22
35.47
36.92
63.66
53.69
84.67
14.27
74.31
8.48
65.54
9.65
65.50
87.62
90.40
52.29
64.91
41.45
90.22
74.27
79.47
10.77
21.20
48.11
78.15
41.82
25.95
25.52
63.58
44.90
91.42
69.26
62.73
48.92
36.77
37.49
49.39
10.82
10.94
6.34
3.54
97.22
47.56
32.75
21.59
20.50
81.16
53.77
6.76
3.71
75.58
95.48
19.96
3.36
41.56
84.88
37.24
69.40
57.53
35.44
24.72
44.79
15.62
86.49
39.45
90.10
90.26
15.57
99.12
91.56
27.76
44.54
58.35
68.84
29.17
25.24
19.36
55.78
47.13
37.25
18.31
43.42
48.27
29.87
77.60
69.93
26.54
1.20
31.93
72.52
10.99
87.100
67.14
100.13
61.49
2.61
45.78
91.15
69.18
3.35
85.36
29.47
69.10
62.25
52.14
84.50
15.33
88.42
55.14
96.89
93.55
20.43
17.62
76.99
14.87
52.67
64.41
35.27
51.55
72.96
69.63
50.79
100.54
48.11
31.78
85.42
72.24
28.74
94.92
63.66
25.57
41.47
75.52
37.83
65.54
73.82
75.76
61.14
66.36
61.74
96.72
41.99
58.72
21.94
77.47
44.88
47.94
70.36
30.37
100.15
66.85
36.78
57.13
85.98
81.96
57.58
37.23
14.83
57.19
53.61
59.45
9.95
91.53
83.22
58.53
66.76
78.90
70.73
50.78
56.93
33.66
60.62
40.91
78.65
45.69
13.17
81.59
14.30
34.23
58.51
7.77
64.85
19.37
14.58
32.37
55.59
42.60
71.98
39.74
86.12
88.40
5.60
17.66
16.27
85.96
70.85
74.29
39.73
73.46
90.79
61.77
13.65
82.94
2.94
7.26
1.19
59.37
84.16
95.64
19.76
3.41
21.32
71.71
2.25
65.14
84.80
75.55
88.44
16.62
69.37
82.26
80.64
49.96
32.98
79.70
65.61
38.26
10.83
93.11
58.49
84.57
80.66
12.41
16.64
20.56
59.15
86.45
59.12
36.56
38.27
19.46
22.44
51.100
60.50
86.33
82.31
18.93
99.62
34.29
71.26
65.95
78.100
97.75
77.91
60.80
87.56
34.84
67.87
88.79
85.36
46.75
86.32
55.74
54.19
37.72
69.62
41.44
23.73
20.10
100.27
13.51
96.11
91.79
43.67
87.76
73.25
40.20
37.33
34.19
88.19
29.37
91.63
85.37
82.30
52.46
72.54
91.46
30.66
2.10
65.35
33.30
76.93
53.59
72.33
89.29
42.68
25.76
6.32
50.56
83.69
62.13
55.71
89.46
58.39
70.81
29.56
47.85
85.62
74.11
49.54
58.11
60.52
18.88
19.36
72.47
96.83
86.87
8.81
60.64
75.73
87.13
86.94
40.59
62.22
18.60
57.66
99.100
25.50
34.73
14.100
39.50
9.44
31.30
95.73
53.26
62.43
64.23
36.70
86.80
52.62
71.61
33.87
5.53
51.80
68.77
86.19
67.30
42.91
10.24
17.38
99.23
48.17
97.99
37.80
67.68
63.97
87.58
11.87
49.79
76.44
57.60
51.35
72.47
65.41
26.58
89.74
97.69
93.93
21.93
92.40
85.86
37.32
44.34
4.100
9.47
23.43
13.75
92.36
91.96
60.61
29.56
35.86
5.85
62.84
35.96
61.87
41.11
37.93
17.73
92.49
48.42
9.33
89.89
67.60
66.67
67.54
57.80
93.31
82.90
46.18
65.78
91.91
41.13
50.41
44.12
4.94
81.75
86.91
15.57
50.70
91.39
45.68
46.75
82.22
79.86
62.91
3.77
7.10
59.73
46.54
79.12
17.31
20.79
2.78
48.55
51.88
9.57
94.31
29.74
85.79
71.86
81.69
84.64
15.74
66.36
10.74
50.68
91.64
92.63
95.46
78.59
49.40
94.78
25.37
69.64
74.49
13.94
2.14
83.96
68.68
29.37
15.17
69.49
65.22
21.46
20.41
44.17
60.15
41.58
91.64
34.62
53.59
86.47
41.73
18.56
25.38
7.50
78.96
96.54
23.87
29.87
83.83
27.77
28.30
55.58
56.33
100.40
21.69
73.82
13.99
77.19
45.18
21.36
61.69
90.29
36.93
57.34
78.15
59.82
34.12
98.35
22.82
29.79
7.99
75.21
4.75
29.92
48.71
39.81
43.23
63.97
53.37
96.42
36.66
65.97
43.99
77.42
87.17
21.61
100.69
15.51
16.98
52.14
64.92
65.49
27.20
26.70
85.35
83.42
42.20
50.34
45.12
87.22
64.94
8.55
42.65
15.85
18.66
47.100
90.73
63.97
62.74
97.87
81.37
100.21
88.75
17.92
34.75
70.12
5.11
34.32
9.21
65.57
8.68
17.93
12.71
96.61
26.16
62.31
54.22
74.54
15.41
15.15
83.70
20.36
79.32
91.88
50.19
59.55
74.14
43.48
21.61
2.96
100.73
33.39
9.13
8.59
94.55
63.44
97.59
9.16
29.94
10.84
78.37
87.34
44.36
33.21
97.12
15.26
100.93
97.11
27.27
11.29
5.78
11.89
66.59
93.25
41.36
41.97
36.58
16.100
49.36
60.54
26.98
1.26
49.27
6.77
87.20
78.56
98.85
80.61
78.19
16.11
20.15
55.67
89.60
100.17
55.96
70.28
36.84
61.81
59.74
14.35
65.67
12.24
69.68
6.55
92.30
85.73
93.10
13.13
62.40
99.11
83.57
13.90
91.60
17.82
100.92
27.30
86.97
38.89
91.37
40.31
50.55
59.34
56.43
79.79
39.11
95.52
29.49
37.14
3.89
43.61
50.36
15.47
47.89
8.15
67.14
64.51
15.88
32.60
93.77
63.64
95.45
49.69
11.90
29.55
62.47
93.86
30.36
68.54
24.54
99.91
26.83
18.69
47.72
56.68
34.28
79.73
29.75
71.59
52.11
33.44
1.55
46.89
76.73
78.88
46.59
53.99
26.81
7.54
11.52
96.83
17.95
9.34
61.37
61.14
55.27
30.90
37.30
31.33
46.72
14.14
16.20
89.37
97.30
62.63
5.33
66.23
70.51
77.53
62.35
92.86
15.50
40.29
53.38
36.91
72.11
66.30
41.38
67.38
4.33
20.24
3.77
97.15
62.66
98.72
3.51
87.35
15.27
71.88
45.22
47.93
68.61
64.41
20.26
34.100
20.26
70.69
28.40
44.25
11.11
12.94
5.64
63.79
89.92
35.24
55.71
15.48
75.32
100.60
97.69
73.17
78.39
20.51
47.89
87.87
64.85
71.91
30.68
22.19
83.64
74.44
67.29
79.64
17.72
40.44
6.76
51.58
43.46
27.32
56.18
18.42
95.89
31.69
11.70
89.26
30.50
80.81
68.49
10.47
33.99
74.67
13.66
1.18
93.14
83.81
43.72
77.65
50.99
88.92
51.24
90.99
8.50
89.27
1.82
78.60
29.77
43.94
24.59
3.18
38.55
29.59
15.84
52.45
55.47
33.91
4.68
92.94
28.94
39.25
54.45
46.91
40.24
19.51
15.82
24.96
18.66
32.39
53.15
15.46
41.75
76.59
36.84
8.73
9.50
6.18
58.54
82.30
54.99
45.99
63.57
46.96
59.37
27.79
94.99
39.31
7.87
36.43
16.83
28.49
1.83
99.28
64.35
74.91
70.34
40.60
66.25
24.54
16.41
60.65
100.84
33.31
87.84
84.66
44.12
95.15
71.27
67.45
94.80
79.43
2.77
26.92
54.24
15.34
22.46
59.21
49.100
2.72
33.90
18.64
94.29
52.37
34.19
73.98
81.48
100.76
53.36
49.56
18.44
32.75
85.54
83.32
63.69
80.98
82.84
72.63
42.89
43.52
89.97
65.92
72.57
67.14
95.91
44.59
9.72
24.73
14.94
80.29
66.83
24.30
50.15
2.66
90.29
71.73
94.59
13.54
99.81
11.69
58.43
84.76
95.56
68.37
45.11
100.73
67.50
56.78
11.98
8.34
75.63
6.13
73.42
37.48
14.16
25.90
9.91
77.29
34.71
93.76
23.21
12.47
16.32
81.55
87.63
81.92
61.57
69.91
61.27
56.55
41.65
97.64
33.30
46.83
14.75
72.20
10.14
93.64
53.10
7.64
7.30
100.78
52.80
81.47
47.37
21.35
11.37
52.99
20.31
68.12
83.74
71.63
20.46
1.41
100.33
17.26
90.59
73.34
37.33
94.93
97.97
3.14
13.80
81.45
44.79
76.96
89.53
13.44
85.59
12.15
20.40
54.17
58.21
23.93
32.52
25.86
27.19
97.57
53.71
82.40
4.76
73.50
92.44
26.81
100.30
55.84
31.39
48.15
86.71
64.68
29.58
74.84
81.100
23.46
100.88
4.95
13.61
90.99
77.47
19.35
55.65
28.53
91.19
39.58
82.56
5.34
83.42
88.91
53.33
33.34
37.48
97.84
79.70
22.95
55.63
84.84
44.50
1.62
65.92
68.18
45.16
12.85
39.76
88.46
96.46
54.54
85.41
42.40
60.70
50.34
11.74
8.70
76.18
48.57
22.94
17.49
17.18
80.84
55.74
40.45
29.22
51.87
12.49
15.74
56.18
33.89
7.86
44.32
83.74
84.78
32.23
99.74
42.91
46.98
82.30
100.36
91.91
56.94
37.14
35.78
88.25
45.72
59.22
30.89
86.64
21.58
84.77
44.84
87.22
91.44
3.25
73.81
18.51
43.43
33.80
96.48
24.92
90.50
90.57
72.67
95.10
67.84
57.74
16.69
14.18
88.43
43.31
39.18
41.22
8.85
37.60
46.84
59.82
23.57
84.28
65.70
72.26
99.86
93.21
61.94
14.91
92.40
92.10
55.12
42.28
25.38
39.17
84.11
95.28
16.100
55.75
24.71
4.22
12.14
64.94
70.25
95.100
29.97
7.42
4.73
10.21
6.15
4.100
33.87
42.14
11.55
84.18
93.10
59.46
76.71
42.56
27.43
29.92
68.30
79.39
95.20
54.64
24.70
40.66
93.24
11.22
64.72
25.89
57.85
27.64
67.92
41.97
79.98
26.100
71.12
5.13
57.53
9.31
86.47
34.25
3.67
10.49
29.56
92.76
37.25
72.66
68.17
7.34
19.60
22.65
28.99
76.80
4.49
28.94
47.86
68.46
91.51
7.78
31.26
36.18
91.25
79.40
8.44
25.77
25.43
62.18
39.95
61.35
22.32
16.19
76.95
78.78
46.53
28.48
99.48
34.68
60.71
58.98
100.22
33.94
82.21
90.33
42.82
43.93
45.68
92.18
18.74
30.56
22.80
51.76
75.56
18.15
62.58
3.16
73.58
63.30
21.43
29.27
58.61
14.90
25.75
71.56
8.95
49.81
11.69
85.39
75.27
84.34
63.29
88.52
73.82
32.91
95.46
83.99
32.74
55.60
82.84
46.40
26.89
49.19
70.92
91.94
