2943 7207
76.33
72.10
17.20
87.69
83.95
30.47
54.96
27.12
71.86
19.47
68.20
67.53
16.37
47.23
93.85
58.41
10.86
79.90
86.28
46.64
14.36
44.37
6.90
73.100
95.92
29.51
18.46
77.72
78.83
92.51
3.77
45.24
13.80
85.26
100.27
24.39
65.96
18.10
34.93
57.42
80.12
93.26
62.75
85.63
15.50
96.38
88.20
25.70
9.42
69.54
43.95
100.35
40.22
20.38
39.71
34.99
65.29
1.46
59.85
39.80
40.83
92.92
20.29
52.93
85.54
57.27
9.93
75.40
13.64
72.75
51.11
53.68
55.30
66.35
54.92
64.48
68.22
32.73
64.72
77.49
29.74
15.15
1.73
70.16
42.38
80.93
7.70
21.34
62.97
62.35
80.24
45.63
26.91
77.35
22.21
59.14
15.25
23.38
9.79
75.37
11.30
69.50
95.45
15.100
82.12
73.24
13.38
33.97
24.19
91.55
91.96
74.28
59.39
89.80
42.70
97.56
55.45
53.83
13.39
81.48
55.21
84.76
61.22
24.66
17.25
78.14
58.16
73.18
24.10
24.61
31.47
1.76
80.75
94.87
97.98
34.49
95.82
75.68
8.90
98.43
96.28
4.94
54.64
5.34
26.45
56.26
16.73
9.63
37.74
72.100
76.57
15.100
81.62
88.29
38.32
98.94
20.36
77.97
17.25
72.41
63.14
66.13
64.19
42.56
45.73
59.32
30.10
99.80
17.22
97.19
32.79
36.100
33.13
36.52
43.78
34.96
62.61
46.83
11.90
64.52
39.40
99.33
61.63
3.59
81.22
86.20
96.90
93.55
66.48
41.96
51.52
83.86
90.56
99.60
74.96
87.44
56.19
93.71
8.19
82.78
100.73
49.100
14.31
25.95
9.32
99.33
46.69
34.24
78.73
30.47
46.30
15.42
18.92
47.68
59.89
12.39
95.90
79.80
6.95
25.98
36.17
55.92
60.93
38.39
93.67
76.84
44.26
63.34
68.31
67.19
44.67
84.79
62.68
16.59
1.66
95.51
14.90
47.42
62.33
61.46
60.61
13.62
49.66
52.92
84.72
68.60
95.47
59.53
8.62
72.94
5.41
42.81
59.85
13.34
57.66
82.91
88.39
77.97
60.20
17.67
6.56
31.11
74.96
91.28
73.95
25.62
65.17
14.24
47.90
39.81
79.11
63.35
60.38
63.46
85.40
79.62
21.98
53.50
33.76
48.25
65.20
32.84
23.28
96.73
54.85
21.25
88.67
94.14
30.73
82.91
79.69
88.58
67.19
13.62
24.13
28.76
91.89
63.29
34.79
53.14
56.85
74.17
78.99
5.10
24.73
2.13
53.74
21.16
46.32
77.49
17.18
41.95
15.87
86.97
65.23
100.73
47.78
38.88
54.90
66.24
94.49
51.59
61.92
1.96
8.27
34.25
38.57
49.93
100.90
9.25
100.32
40.84
8.27
1.62
85.13
58.27
56.62
46.26
35.54
94.96
98.33
74.35
86.68
3.75
63.98
81.20
95.99
93.12
76.70
84.81
84.30
72.93
78.67
76.62
21.26
22.61
28.13
60.47
14.86
10.28
99.75
12.61
27.88
29.65
19.32
34.49
82.94
43.20
24.75
50.21
17.96
22.85
31.57
30.22
98.75
17.62
83.70
63.67
62.93
9.36
74.92
62.18
13.82
19.89
39.77
24.40
41.80
60.77
56.20
25.63
8.87
81.28
33.69
15.46
66.34
9.13
7.81
63.23
49.41
85.94
68.12
32.81
47.22
49.23
77.55
31.76
71.73
17.90
97.41
17.12
72.42
54.56
8.67
95.100
65.19
86.85
40.81
60.95
7.51
22.26
24.36
62.89
50.77
92.80
13.80
19.19
8.52
9.74
11.32
19.52
62.39
32.86
95.66
25.91
100.53
75.22
69.47
22.63
19.56
76.25
9.71
70.24
63.83
63.28
8.72
66.41
56.16
33.76
98.23
99.13
95.25
17.87
51.47
87.32
29.12
98.64
85.75
51.26
24.74
15.68
25.100
14.80
73.75
44.64
92.11
79.31
10.63
57.19
99.74
37.50
21.18
12.74
76.69
24.62
13.36
97.41
38.37
53.80
100.64
53.67
80.83
12.35
27.63
36.24
29.76
99.93
87.43
87.55
36.23
75.28
74.100
66.81
89.40
2.49
1.40
73.29
38.19
59.74
5.53
61.72
44.74
67.80
90.94
78.95
90.87
7.56
46.13
68.84
46.27
55.65
32.41
83.69
30.90
26.51
74.64
29.69
99.21
38.89
96.74
11.22
38.81
59.13
64.97
48.47
94.67
2.14
24.30
52.73
86.69
35.73
100.28
19.41
87.12
30.38
14.76
16.79
3.25
59.99
17.20
42.67
9.12
6.100
65.30
39.85
51.76
65.42
3.68
45.66
64.52
74.79
39.62
6.44
78.18
89.26
5.62
78.77
9.96
98.81
1.91
21.90
56.63
54.14
24.48
91.24
17.41
86.51
19.60
62.95
1.91
91.51
30.97
98.74
7.89
76.90
15.55
84.76
58.42
8.61
89.36
42.63
53.98
77.84
42.42
35.37
72.25
62.65
1.10
59.57
57.18
93.67
96.78
42.84
99.23
4.52
38.72
84.35
20.84
69.20
8.75
88.82
93.31
66.88
36.82
18.62
56.84
43.68
52.78
37.61
61.57
9.88
63.46
83.12
17.90
56.15
20.56
97.56
24.34
38.57
18.73
58.22
16.32
3.81
33.20
86.83
39.35
95.97
46.61
2.29
25.80
1.31
74.76
19.12
54.68
14.85
79.75
32.85
52.25
75.66
51.20
15.37
42.12
17.46
12.95
91.55
40.64
4.25
31.70
41.57
12.88
67.80
87.56
36.95
5.82
94.71
88.55
38.57
15.86
90.93
77.84
19.90
39.99
88.96
86.29
10.77
83.63
7.68
48.56
38.97
43.39
79.47
64.100
15.53
50.80
8.26
97.87
89.82
52.89
72.28
38.83
84.57
56.83
77.96
72.76
14.18
4.35
22.99
23.17
58.10
46.87
46.28
3.93
52.86
35.46
24.58
49.90
75.56
42.81
41.36
25.19
63.98
75.31
69.93
87.47
48.10
100.93
88.83
54.71
54.84
27.65
78.76
1.86
62.71
32.19
25.52
23.52
56.21
51.92
63.59
3.84
99.33
16.44
93.100
55.35
33.47
87.55
19.21
66.59
50.87
36.38
34.48
59.97
4.51
91.50
89.68
3.67
36.93
97.96
52.84
95.21
12.97
63.10
41.76
88.24
60.79
81.43
68.93
54.32
44.79
88.10
77.47
10.78
61.38
9.82
3.45
62.71
52.54
100.54
96.51
60.100
48.36
65.60
19.41
94.57
94.87
22.18
75.10
92.98
21.60
31.54
63.21
38.31
5.21
81.29
94.98
9.70
40.76
24.44
76.67
33.96
68.52
68.72
50.48
76.94
77.13
52.32
31.22
46.36
15.92
12.63
56.100
39.65
61.64
50.13
4.87
47.28
87.90
69.47
16.57
74.12
70.58
10.44
34.64
13.78
81.68
88.69
40.39
19.67
33.44
54.16
28.43
70.79
73.68
42.15
11.70
58.51
92.64
57.34
59.20
58.58
69.75
7.37
56.24
61.58
76.46
65.33
45.21
47.76
16.62
97.53
26.29
82.56
89.74
89.49
1.88
49.34
11.60
55.56
20.36
61.24
77.67
34.100
75.33
43.29
11.11
97.99
20.98
60.76
23.29
8.32
78.80
37.98
91.41
55.93
88.24
67.51
99.23
83.80
35.30
25.93
35.49
57.99
30.44
60.82
38.10
25.39
90.39
32.47
44.93
65.14
28.76
7.90
73.55
45.87
67.62
39.12
42.51
69.50
70.17
69.13
59.85
72.48
89.58
29.62
71.24
73.24
1.17
62.75
74.29
44.97
49.77
90.23
3.61
3.99
84.72
48.54
78.87
88.67
15.22
46.23
87.24
77.79
85.49
93.47
54.38
52.94
78.43
44.51
78.80
5.54
91.94
82.21
81.28
20.86
12.85
30.56
86.18
30.79
19.85
21.43
76.96
97.16
16.45
34.18
30.16
10.100
14.26
3.76
15.66
59.85
10.19
86.66
6.100
6.67
31.65
2.11
56.63
30.70
46.48
86.51
12.45
17.95
76.77
26.38
20.25
94.66
13.94
99.55
37.57
98.84
95.64
19.10
76.59
90.97
26.22
44.24
10.35
78.54
43.50
47.99
81.78
14.51
46.72
42.78
93.59
55.65
19.99
99.56
67.56
81.94
54.84
85.82
30.51
51.30
72.54
41.62
41.44
57.37
66.12
91.86
13.99
88.84
26.71
94.23
19.41
84.51
57.40
18.33
85.45
79.44
39.73
31.31
22.31
33.16
76.20
36.11
53.16
73.69
12.29
89.91
63.49
70.55
5.94
46.26
44.62
2.92
40.20
19.76
30.67
44.22
16.23
74.27
37.41
52.59
10.64
18.22
65.23
13.56
38.86
36.72
16.34
51.20
99.20
81.40
62.68
36.51
23.35
24.43
73.22
50.71
8.56
71.60
59.25
88.85
60.35
25.98
99.98
24.95
86.73
33.35
40.18
56.78
64.84
30.24
39.52
49.60
52.55
69.35
20.87
22.40
12.10
73.59
43.19
64.85
88.56
89.52
57.82
54.79
81.25
95.16
72.51
92.89
81.62
79.65
39.55
25.85
83.25
44.33
48.86
35.62
63.79
53.77
24.68
7.13
10.90
65.97
83.26
82.28
79.33
81.57
51.11
85.16
9.100
22.81
19.47
75.43
15.93
95.10
66.25
11.60
30.75
99.34
81.30
20.82
69.22
92.63
18.23
37.92
30.31
94.27
72.94
7.81
51.55
60.17
67.37
79.89
21.91
60.30
91.19
89.44
10.42
47.95
27.35
49.45
23.81
3.64
24.88
61.39
39.26
54.65
80.84
33.32
75.82
52.58
93.59
57.45
87.18
14.92
13.91
11.21
6.25
67.23
14.53
78.83
25.60
13.88
52.48
3.77
25.42
69.43
14.28
14.93
18.57
77.67
94.27
92.75
94.97
70.69
91.48
3.12
99.80
34.65
20.40
25.21
54.71
51.50
50.61
29.55
95.22
73.42
22.27
4.67
58.87
61.62
28.93
82.45
29.28
44.44
30.26
69.80
80.79
70.71
68.70
6.36
64.17
72.30
51.96
98.75
83.67
2.14
70.45
31.25
15.83
34.13
64.63
43.80
99.18
35.31
74.68
85.38
6.23
9.44
71.14
98.96
78.32
49.99
44.34
65.60
37.21
88.52
26.68
76.85
8.11
70.86
80.69
30.61
90.28
54.87
37.38
63.76
77.60
71.26
66.93
79.13
85.76
14.77
65.27
24.19
5.84
3.98
69.24
19.59
13.33
45.30
89.100
19.60
43.32
44.77
67.39
87.45
23.82
34.56
55.36
19.26
90.96
85.100
67.18
59.54
7.80
68.65
86.95
27.39
7.90
14.36
19.58
69.63
66.53
54.58
43.74
72.55
84.100
50.43
32.75
58.29
87.10
93.77
88.53
47.12
8.16
16.60
79.10
51.30
33.58
81.10
66.80
88.37
32.78
90.89
90.51
6.87
40.35
73.97
52.64
6.78
89.29
4.43
42.81
55.95
60.71
55.61
25.93
43.96
10.21
62.54
59.79
77.47
11.32
50.45
80.16
16.34
60.80
56.82
47.72
14.11
24.49
24.63
68.14
15.26
20.97
99.29
40.96
14.35
61.12
81.22
14.81
10.72
91.69
3.42
17.76
55.86
82.85
89.30
1.95
59.45
27.41
80.37
2.41
85.66
46.75
42.72
80.23
55.44
78.25
40.90
49.44
79.46
64.16
77.50
97.86
95.10
100.92
63.75
30.53
61.48
38.79
95.18
33.30
53.94
76.14
77.72
52.89
10.83
30.67
86.32
94.38
70.91
34.71
27.34
21.48
7.64
26.98
76.24
88.30
82.77
53.26
89.80
51.36
6.69
12.100
83.79
57.41
54.48
90.80
1.55
29.32
33.94
4.13
89.12
38.73
72.67
36.81
50.10
21.11
95.88
52.82
12.68
66.84
83.91
17.18
50.34
93.46
6.80
13.96
52.87
5.30
72.71
72.21
3.49
29.26
1.55
26.28
29.77
100.71
97.87
90.56
98.49
29.84
13.22
12.35
59.94
32.82
94.22
18.71
68.27
55.65
38.80
53.44
96.50
62.55
26.61
92.51
27.54
15.60
77.46
39.49
84.82
83.98
13.21
39.82
33.10
40.50
3.22
52.38
36.67
38.20
60.97
42.11
97.50
22.81
91.30
76.78
82.25
22.28
63.73
35.11
24.12
94.78
66.56
49.38
68.66
39.66
71.81
32.84
1.96
5.47
12.23
79.79
90.70
43.28
17.73
51.27
8.39
46.39
25.19
47.70
8.83
89.16
96.17
27.38
68.55
26.41
59.18
78.90
57.21
49.83
54.22
33.59
12.64
23.82
85.92
63.93
35.23
53.68
10.25
96.25
94.77
75.40
58.53
44.11
23.81
52.87
29.72
89.65
28.44
53.13
5.95
47.74
40.42
36.56
47.43
65.43
28.32
3.10
17.69
45.84
18.46
64.51
33.35
51.85
66.41
93.92
12.25
84.12
39.27
44.62
52.80
31.93
6.33
68.12
62.45
50.78
78.31
9.59
88.57
65.21
69.24
79.25
20.40
5.24
9.97
85.89
58.36
9.21
62.35
46.54
39.17
82.87
64.39
71.100
23.75
19.47
82.72
75.75
96.64
81.51
92.23
88.55
94.49
79.87
72.35
20.90
69.91
70.68
61.65
83.73
36.83
43.50
55.69
29.82
8.95
8.13
5.32
32.79
71.31
98.53
15.66
50.15
94.15
81.83
76.54
35.57
47.66
45.22
92.90
94.11
84.56
14.77
61.96
38.87
68.36
28.86
95.76
68.26
24.55
91.72
41.47
96.83
93.27
7.100
31.31
58.33
8.99
45.34
57.79
14.86
76.36
67.87
96.52
21.22
95.23
92.76
14.54
92.67
70.86
10.18
48.37
38.44
90.94
59.56
93.29
88.79
37.84
87.50
49.44
53.41
35.57
53.26
52.10
83.53
64.71
61.77
90.31
14.76
36.77
52.89
7.64
65.72
54.72
20.49
92.67
49.62
82.52
9.54
25.67
37.42
45.34
95.81
52.20
14.85
41.43
35.62
43.49
17.84
4.99
25.22
48.68
67.45
60.52
93.75
81.32
70.93
67.14
13.89
55.61
20.79
27.14
98.83
61.97
47.16
26.88
91.93
30.31
70.21
50.11
43.31
74.68
87.34
53.74
71.47
39.60
69.83
17.71
88.72
5.45
3.29
91.62
46.10
88.25
52.84
98.80
15.89
45.79
5.89
90.19
53.98
6.94
8.26
38.91
45.67
65.98
99.97
80.30
95.75
51.42
9.55
92.82
83.31
80.98
28.68
23.44
3.57
84.69
13.96
93.32
70.78
85.13
16.89
98.16
62.88
61.26
81.74
45.49
97.49
5.61
19.24
14.17
35.65
46.90
14.10
15.66
66.10
98.69
19.43
42.66
39.50
33.46
35.94
27.15
95.42
20.18
77.67
94.10
13.98
79.92
70.45
33.74
38.85
5.74
7.10
13.14
75.18
66.65
32.55
84.84
95.36
37.12
30.90
58.35
5.60
82.45
54.16
44.59
25.37
4.89
66.84
42.27
60.77
100.21
51.56
27.61
80.99
37.89
42.71
79.68
45.59
50.60
86.98
16.63
100.66
84.64
86.44
44.37
8.71
37.43
98.100
82.74
77.87
28.10
10.42
48.27
49.73
41.36
99.88
42.41
95.25
18.88
45.34
70.35
61.14
53.27
22.19
2.58
41.98
68.69
20.62
45.15
1.54
10.32
26.46
71.30
61.97
77.70
65.24
35.35
41.48
84.10
82.12
3.85
93.68
87.24
54.46
13.36
57.59
29.98
68.59
66.99
31.99
20.90
87.24
31.31
19.78
4.88
12.47
36.12
78.69
32.65
62.24
83.94
33.82
34.56
76.32
15.47
49.28
98.11
61.76
100.45
71.69
6.92
21.95
86.79
1.65
26.11
34.44
71.11
100.64
80.32
24.83
14.68
26.75
18.38
34.68
73.70
37.20
23.89
70.86
12.66
91.73
90.100
98.59
48.28
69.85
7.48
77.45
67.57
1.25
80.11
24.30
14.50
13.73
29.59
31.83
25.83
56.41
11.37
13.98
65.83
6.42
79.13
68.75
58.68
70.71
82.50
42.73
52.54
58.79
82.89
83.20
95.43
39.68
64.97
20.88
2.79
53.81
84.32
57.93
66.29
22.79
46.13
16.56
84.31
72.82
86.95
97.84
28.64
6.75
85.38
25.45
25.63
37.38
31.30
17.89
19.58
44.12
84.42
89.15
26.56
100.27
26.24
26.91
90.34
78.34
44.70
85.31
89.93
33.52
30.73
31.80
74.24
75.65
20.30
95.44
8.99
78.81
27.25
28.91
7.60
50.11
33.65
47.50
21.14
30.23
23.51
78.79
89.23
75.26
82.82
88.51
4.91
21.21
40.30
81.16
78.38
22.43
4.63
65.96
20.38
14.52
74.23
31.19
13.82
26.13
45.99
62.31
49.97
33.88
4.61
35.78
29.42
94.87
76.25
51.27
51.14
65.12
82.77
98.33
45.17
9.86
57.21
79.85
33.74
73.21
88.96
93.35
25.48
56.31
81.86
2.14
66.30
9.86
83.11
18.55
50.31
13.58
54.81
32.61
2.91
76.99
67.63
6.44
73.77
84.33
13.43
87.33
11.22
93.26
26.75
79.71
7.65
24.17
51.44
81.32
93.21
81.23
36.23
15.53
66.18
13.17
93.88
5.75
20.57
46.62
98.48
26.37
37.64
50.95
5.44
61.54
6.50
92.65
85.37
85.16
4.65
99.68
67.18
40.63
28.64
52.42
51.98
71.83
47.58
35.69
4.78
64.27
16.27
46.84
1.27
29.71
19.92
98.74
72.13
47.25
52.46
25.49
6.65
4.81
3.33
84.45
3.39
37.62
58.76
23.65
77.41
90.44
55.87
51.89
9.100
27.26
11.55
96.44
92.35
69.56
44.53
48.43
32.13
37.81
6.60
55.100
51.42
54.48
8.21
24.51
84.25
78.72
91.71
91.28
59.10
88.64
79.70
65.94
83.84
2.79
29.57
91.79
68.66
43.32
59.37
12.38
96.60
25.66
55.42
9.42
46.79
86.47
90.25
1.58
49.46
4.22
62.57
36.30
80.56
61.40
24.29
51.53
62.46
85.70
56.41
82.75
67.71
7.54
39.74
86.14
43.48
75.60
36.24
7.64
87.19
95.70
75.64
16.88
34.88
80.60
85.12
85.28
52.76
96.31
23.26
1.57
71.27
66.100
23.10
63.64
71.85
10.48
16.85
13.21
10.16
44.25
47.30
28.33
39.62
63.55
82.69
12.16
32.61
57.68
11.73
31.65
35.61
65.37
85.100
14.37
11.52
30.62
42.85
52.20
58.46
25.91
5.67
77.64
76.83
90.94
45.53
31.42
34.40
11.66
22.87
91.21
88.16
48.72
37.45
39.28
72.60
77.62
35.45
35.21
83.54
45.79
18.92
81.54
15.42
61.15
38.55
86.15
52.76
8.21
39.78
14.81
93.83
23.64
95.26
2.75
48.29
41.35
85.94
6.72
79.41
11.71
15.63
8.90
14.28
39.84
35.56
1.46
100.75
14.17
17.33
82.82
45.15
66.53
41.81
23.33
16.73
85.32
94.13
100.80
43.66
15.40
85.21
59.37
66.46
51.19
41.56
82.13
44.14
5.26
78.47
67.17
41.26
92.19
19.86
91.45
65.13
77.49
77.46
67.97
67.47
87.15
42.33
2.71
41.46
27.37
23.12
28.73
58.58
50.92
2.11
100.57
43.96
13.10
14.10
26.11
99.35
88.38
52.37
61.86
7.69
97.18
8.100
31.21
67.23
89.71
76.97
89.75
39.43
65.14
72.94
99.92
60.75
86.74
8.23
27.87
82.85
69.71
67.87
90.16
91.33
13.45
79.87
89.76
60.90
3.66
29.43
9.49
28.30
60.74
41.59
15.39
37.65
63.70
15.36
1.41
92.34
33.69
85.19
90.61
55.93
73.56
97.47
15.36
16.14
22.35
69.76
1.65
25.86
32.75
75.92
22.72
14.44
50.42
35.27
75.68
93.30
8.16
20.44
64.74
77.82
3.50
62.96
24.35
94.11
2.100
6.67
82.62
52.43
81.33
14.64
85.27
4.35
54.64
25.43
44.43
59.34
98.39
65.74
72.10
75.34
16.63
65.65
5.58
18.34
76.47
18.49
45.49
29.30
8.16
49.20
34.13
8.43
36.38
92.11
62.79
69.67
74.19
30.14
75.69
56.17
16.99
16.50
60.50
56.26
5.67
29.86
46.92
26.14
87.97
97.19
97.12
17.32
23.10
66.63
14.49
82.78
59.69
68.38
27.19
12.17
73.81
95.40
53.69
52.98
59.18
3.19
46.74
36.45
24.59
86.28
81.24
51.56
57.42
72.91
95.79
25.37
58.65
86.76
1.16
48.52
51.97
44.93
18.88
38.37
78.88
46.31
44.59
74.76
17.18
10.32
90.39
22.85
10.61
23.53
53.92
7.22
14.53
86.93
34.14
81.35
71.78
90.66
14.48
98.69
59.12
81.66
81.64
79.68
76.69
91.41
97.10
38.49
47.71
10.16
16.87
9.69
68.33
1.78
25.95
98.96
16.16
8.26
48.17
45.34
28.45
45.87
28.32
58.23
71.83
25.64
86.47
50.28
77.65
1.63
47.92
14.20
35.51
24.50
18.56
4.12
90.18
62.99
66.56
41.91
91.93
55.86
68.28
46.12
37.19
58.27
4.23
4.59
5.60
91.55
91.75
58.12
9.22
94.79
67.84
13.45
94.52
51.85
54.66
8.76
71.72
100.78
58.62
77.37
60.76
27.94
47.59
36.24
20.100
74.75
38.37
33.26
85.64
47.59
11.27
77.88
37.93
36.73
63.80
2.57
31.57
1.92
54.33
40.61
15.16
31.64
25.68
70.39
15.80
40.74
98.34
12.10
23.60
12.82
42.86
33.90
18.71
24.63
4.88
40.62
57.20
65.12
42.72
88.18
7.28
79.10
88.24
57.42
10.24
76.58
69.97
92.12
54.23
41.33
98.85
76.37
81.23
94.20
9.67
72.64
39.20
88.30
88.27
59.32
56.72
66.22
77.18
47.22
19.12
69.66
7.83
47.49
41.29
62.42
34.89
36.68
33.54
11.35
58.61
59.49
84.82
18.95
1.76
27.89
86.80
64.22
41.36
50.86
90.93
62.31
22.94
93.63
3.75
14.16
81.68
79.70
55.95
82.48
44.10
82.87
76.44
12.22
17.55
14.47
22.87
22.81
13.19
6.65
2.63
18.89
38.22
71.21
50.12
37.36
93.16
21.63
23.98
8.60
83.53
20.89
56.20
72.14
67.35
86.18
4.62
90.25
16.22
53.63
13.31
33.31
31.87
68.76
57.94
56.47
93.36
69.91
21.100
91.22
32.85
52.15
88.82
93.55
63.68
9.24
37.92
33.36
25.92
80.35
5.43
95.22
97.87
29.93
18.74
44.10
22.94
56.72
4.37
89.89
19.70
74.51
75.61
55.10
83.40
21.99
86.19
51.55
91.91
87.25
60.61
54.43
95.99
2.76
1.45
6.60
9.22
11.12
39.39
39.86
29.74
56.57
19.58
47.32
49.56
32.84
16.14
91.15
16.93
8.79
73.22
79.100
9.92
24.74
5.57
14.65
12.78
93.93
75.23
1.44
22.43
100.42
6.22
12.43
2.51
45.53
94.19
27.66
46.16
93.56
24.19
25.38
97.81
57.65
53.81
48.81
37.82
41.37
92.24
48.62
20.46
34.97
5.27
46.52
53.27
45.77
1.45
95.31
50.69
5.37
18.15
53.32
36.55
10.31
59.26
7.20
93.82
2.65
48.25
29.46
47.78
83.32
91.67
50.96
6.34
60.76
7.91
11.99
12.59
40.83
40.46
32.66
24.98
99.81
24.95
14.11
59.99
37.55
19.95
23.74
47.40
82.34
68.33
65.95
29.39
54.88
30.21
1.57
50.86
74.66
67.24
3.96
10.21
26.91
59.43
61.46
56.90
80.49
52.46
7.10
84.56
89.67
22.98
7.58
65.30
44.21
95.39
75.91
60.78
72.12
91.44
4.97
68.62
53.97
43.27
76.94
6.85
56.12
41.49
71.19
37.69
79.49
58.18
7.70
8.47
38.50
73.10
86.56
76.26
42.16
91.10
20.61
94.64
67.16
40.51
49.45
66.93
36.12
13.91
16.10
29.47
61.39
50.63
27.49
95.77
9.56
49.28
79.39
23.13
60.35
34.54
16.35
97.11
32.85
88.70
42.83
21.43
10.61
48.47
7.42
8.22
48.25
67.42
61.11
42.71
37.15
21.63
13.79
71.19
79.98
63.61
40.33
46.97
95.87
7.53
89.39
7.23
96.18
3.18
12.97
88.77
35.85
26.36
80.77
67.88
17.69
37.98
18.49
33.78
26.21
36.75
70.23
8.44
97.20
51.22
68.87
12.59
53.85
37.60
74.59
27.15
7.87
55.83
94.43
62.60
10.95
75.29
74.11
78.43
49.60
17.98
14.76
75.26
73.85
9.39
3.10
34.80
6.30
19.25
86.15
45.52
71.31
64.43
99.31
62.76
68.77
82.50
21.98
55.54
47.14
74.65
31.51
2.73
69.38
94.94
29.90
70.35
10.81
15.52
86.99
46.82
23.65
19.23
39.42
87.46
90.55
30.12
2.20
91.48
18.30
14.96
67.66
81.55
52.87
28.42
23.17
45.42
100.21
22.46
62.26
41.100
53.49
68.86
25.34
30.100
79.83
28.93
5.26
9.32
17.62
6.39
29.41
28.17
76.59
68.57
29.10
97.30
86.87
54.13
51.88
61.43
43.10
43.87
41.51
95.76
98.99
