10000 1 10000
4529 80
1402 66
4170 11
2050 52
2836 22
3537 69
1007 17
2269 80
4334 92
4101 75
2011 40
4433 12
1663 78
371 66
4384 51
2382 35
608 3
723 34
2446 38
517 40
3166 68
3936 26
2833 45
498 93
4128 4
229 27
3387 9
1566 98
2838 16
3355 51
2069 22
708 99
2193 59
4020 59
4802 58
2581 83
1474 21
3843 42
1903 19
2844 10
2679 13
151 10
309 47
319 34
3398 85
4617 82
1320 54
3334 76
781 48
166 85
196 94
4851 99
1711 27
4070 50
3224 37
684 63
2998 95
1657 19
1679 42
1764 65
4297 54
1778 91
4062 7
3212 1
4925 72
3608 50
2116 5
1020 88
3500 39
543 72
3776 7
2892 19
570 19
3695 60
2166 98
300 69
938 0
4613 96
2685 47
3404 36
1492 20
1313 13
3388 61
3012 18
626 37
1838 22
3011 53
2208 71
4165 89
882 77
2984 11
2019 13
1903 41
2287 74
4213 81
1184 36
3971 84
3779 69
2090 92
1784 33
916 34
1371 44
4358 81
4445 67
2653 90
3551 1
482 4
3965 36
777 1
1051 34
1892 67
532 88
511 54
3381 5
2469 5
1849 33
4154 98
3618 30
2715 94
1320 84
755 26
3102 66
4748 87
4460 82
4652 94
2227 89
4141 36
2090 55
1363 89
1131 76
2793 97
4988 53
4963 38
1364 73
4129 97
1405 59
2293 25
352 86
1020 68
1520 37
1090 30
1975 79
3381 46
392 31
4126 95
2147 68
47 70
4840 27
2269 42
1432 6
2286 51
3706 88
2125 62
2223 52
1902 15
2973 29
1932 70
762 16
3287 32
3348 93
4496 9
4573 47
661 54
2646 25
2927 20
3018 34
2902 13
4269 52
4535 96
2203 14
283 80
4841 80
2795 85
4349 17
2753 3
4009 56
2200 58
2553 68
3488 63
522 55
2038 66
2100 73
2124 69
572 25
503 16
4856 14
4337 73
2317 60
2190 47
2330 12
1236 74
232 78
2177 12
4796 12
1334 62
1274 74
2061 70
4225 61
4339 33
1432 17
2675 97
3097 39
597 15
3794 25
4239 71
2486 87
719 30
4467 38
4039 52
2900 25
3181 47
3548 21
822 33
1086 4
1629 42
567 43
2716 18
2459 37
1983 77
1147 75
3172 69
1530 39
3299 58
1700 54
422 59
3761 76
319 19
3808 23
2395 64
3305 60
4335 3
1963 36
2909 9
2525 35
1453 49
1689 16
4271 67
694 59
1888 70
932 72
2226 26
4458 46
263 80
2289 83
195 73
4568 36
1771 77
1794 76
914 72
2380 64
4197 98
4628 69
1554 76
754 86
3799 92
2437 30
2006 80
3699 30
3901 16
1261 19
3685 20
4920 91
4563 17
3208 18
370 70
29 78
741 78
1276 64
951 67
1087 32
838 90
3587 34
2797 75
4688 52
1156 48
2608 46
4232 9
1433 32
363 20
3894 84
1961 76
3303 17
1930 9
4066 82
340 97
1976 32
1808 85
1981 61
517 6
4152 71
679 66
3744 58
4898 89
1580 53
3668 26
436 64
2192 26
3710 11
1123 1
1505 59
2463 27
148 51
4306 20
3098 1
1180 91
2435 50
4457 21
3180 27
3241 32
1110 86
894 68
343 56
4729 60
734 61
3945 53
1262 38
3279 67
3143 83
2700 48
439 86
2947 39
2233 25
1946 14
2770 95
3118 64
2525 4
4957 13
4217 80
3617 25
957 37
1156 45
302 19
677 7
963 23
367 39
3562 31
4527 17
3183 67
380 89
3681 74
3860 88
3226 92
4811 80
485 54
148 0
2775 52
3136 28
694 8
277 3
3597 87
758 16
1642 16
1871 81
2696 92
943 62
3284 51
2662 18
4387 43
561 9
1775 35
432 70
919 21
2819 2
4223 79
3248 62
2819 37
2689 45
3954 65
4846 17
2117 88
216 48
550 62
3407 49
15 73
277 6
1703 75
4898 19
2583 83
516 36
2197 41
993 19
2742 35
3071 28
1696 15
3893 57
3644 42
385 39
2263 61
1351 70
4160 56
737 69
37 49
3999 46
2948 73
1877 90
3955 11
4862 59
3105 68
3510 55
883 4
4842 65
3431 59
3380 75
201 73
1558 34
690 63
2318 1
3574 71
772 4
2182 7
4566 52
3497 17
4322 21
857 46
3955 84
4830 91
4019 94
1892 78
3365 48
4303 8
4662 8
2104 31
1320 78
4381 73
4429 67
4539 2
3387 93
1502 65
2079 10
1380 76
1116 55
3697 74
2161 61
40 46
271 7
1773 77
1767 76
2770 41
674 57
1701 66
1018 87
1344 18
3677 24
3804 87
2878 83
2910 78
1701 44
949 25
3464 5
1080 58
3469 94
3650 92
761 93
1873 48
1825 53
2069 97
4436 19
2846 52
4230 33
3140 59
3014 66
1424 34
371 15
3913 17
4010 14
2853 26
3969 83
2106 87
2303 25
594 24
1189 45
912 1
4864 51
2560 55
3046 66
4706 8
3416 9
1080 53
1450 24
4831 67
1028 95
3878 71
2953 32
3722 73
3197 41
1435 19
1302 16
2818 82
556 85
543 52
4187 16
4233 83
978 26
4084 53
2399 4
1232 69
3081 16
1466 53
414 59
2002 77
2629 95
1100 15
2995 25
4639 81
722 16
2138 79
3196 63
3623 97
37 64
842 70
2672 7
2741 52
4391 84
2833 18
2430 98
3745 52
1317 48
3831 66
1728 48
1881 67
2796 78
2839 60
2136 63
4628 62
3773 12
2366 13
1302 57
13 16
575 90
4147 74
4182 81
4961 40
1464 68
2539 54
4602 63
256 36
2421 38
2974 75
2685 32
1202 8
3314 44
4517 92
2849 34
284 97
1689 15
2669 87
1521 53
4365 42
191 3
2477 70
1662 10
244 36
3502 17
1843 98
156 57
523 2
3531 24
1523 77
2736 31
3999 57
3580 70
4769 26
3734 36
3022 93
3944 9
3171 16
2261 54
4886 88
1009 60
3270 91
946 11
3292 7
260 62
4887 37
3760 49
4300 75
4068 0
1968 18
3316 24
3742 75
2962 25
3210 13
3064 25
180 57
1868 69
2337 79
920 83
336 3
2096 12
2577 24
797 69
3102 79
2407 93
1348 13
3939 39
4242 5
4201 25
4339 74
3214 29
3274 24
2166 0
2637 38
4355 66
3323 69
806 5
461 14
3445 11
2340 95
1996 75
1339 17
3791 75
4227 75
3846 27
4402 85
1497 76
518 76
2469 96
399 41
3619 62
3301 7
1073 87
3960 10
420 90
2451 95
1830 91
3875 23
3578 17
4348 18
1187 59
3981 42
1827 60
4680 95
226 77
826 24
4351 63
345 25
517 64
3469 20
4559 99
2067 46
3964 74
219 77
2301 42
2367 66
2100 81
2278 46
740 9
2093 27
4956 99
2102 85
3590 52
2991 70
2869 93
248 90
3474 5
493 9
3422 78
3349 2
1066 45
2555 93
4728 50
969 84
3005 55
3248 39
1439 85
4099 5
1608 34
3686 53
2007 83
2066 18
2602 27
1828 60
3033 59
1617 25
950 33
4477 14
4360 23
79 63
2505 60
900 4
3085 30
4519 20
1360 38
1635 65
775 31
4489 69
2850 44
4619 93
913 96
300 63
4776 54
662 5
4251 22
3616 65
2649 45
1986 38
1198 43
3838 60
2998 33
2534 16
3388 18
2756 41
1828 12
613 63
2272 22
2716 43
3833 10
1246 68
2924 57
1416 62
4089 27
2976 63
4578 58
1932 86
2624 7
193 10
2318 45
264 45
2312 42
2781 14
357 1
4208 74
4348 65
4528 6
3306 5
2513 51
2826 85
4521 8
2989 82
4325 66
2853 43
4126 77
508 59
4968 70
4560 77
573 51
3024 96
3422 32
3901 76
1366 30
867 61
3014 27
1229 55
4126 24
1830 51
4552 59
2905 67
1581 38
3255 41
4098 82
3154 91
2110 9
4747 91
3148 68
1570 47
2853 88
2302 42
740 31
52 74
2478 93
2134 28
2571 11
1479 62
4015 89
518 27
4798 65
1169 82
2503 10
4122 53
4625 20
4716 53
2222 92
1476 84
771 90
4415 37
869 43
593 50
10 48
310 53
231 31
1650 26
2220 76
3973 56
1987 34
2521 83
4288 98
3585 24
4882 22
3596 37
2149 66
18 59
1945 27
1249 93
4236 15
2875 93
1969 65
3219 37
544 57
1737 40
4462 37
2860 41
647 81
608 87
376 72
1290 78
4534 57
2458 64
3597 73
1876 63
956 59
1274 91
142 30
1570 3
2116 3
2950 67
2914 71
3201 22
2033 36
1847 96
1855 18
4198 32
1224 71
4283 51
1142 89
4967 66
2887 66
4211 80
1232 70
2415 45
4340 66
896 86
44 19
3902 86
4253 69
955 46
4039 17
2369 32
4052 73
27 8
738 60
1169 50
2259 72
4645 15
2506 76
3241 96
2655 47
943 18
2274 26
3655 75
2922 91
389 25
1174 21
406 37
2705 78
4690 38
1944 53
2899 72
3690 18
2766 30
3620 12
771 59
415 60
2895 82
732 42
2972 84
1882 51
421 10
4627 82
3288 10
4694 14
1934 64
2120 50
4508 90
1325 75
4975 5
4306 40
4072 19
1247 44
1109 30
2896 31
1421 3
2944 95
4524 78
2196 12
4878 19
4067 27
3360 76
4461 62
1680 75
1517 42
3980 23
101 26
4066 3
245 7
1647 73
2915 44
4458 26
782 26
208 52
3407 4
3195 54
3754 65
1970 48
424 74
4487 77
3313 39
164 6
2661 63
928 3
1849 86
493 85
1945 38
759 82
3557 31
3927 88
4869 52
3873 10
1163 74
4715 82
2820 57
4742 60
593 83
346 51
1097 8
4322 69
2058 94
3055 86
4144 67
2302 21
1250 65
4576 99
518 32
3077 97
1017 77
3609 40
3550 22
4462 75
1503 46
2481 82
3192 79
642 23
2754 28
2621 10
3005 11
1688 80
4963 79
4053 12
3242 48
975 69
4400 12
2353 72
2853 1
464 43
3855 86
3927 64
653 61
1270 36
4693 98
859 26
558 6
3501 45
2673 0
4094 76
489 54
936 44
1073 39
4255 66
1832 2
2062 81
1399 98
1525 79
1212 68
2749 34
1981 44
1848 33
3597 64
4688 30
4580 29
4167 59
1951 96
3051 97
3952 36
1016 76
3964 37
135 17
1988 20
3328 66
382 83
2182 52
2722 56
1917 39
2044 91
2828 60
49 54
59 47
2493 53
4500 51
2405 11
3619 95
3542 60
688 88
528 28
3954 77
940 8
683 42
1211 39
3429 79
197 21
587 49
960 44
2094 2
3816 16
4724 2
3646 43
1571 45
2953 14
4402 23
3419 95
3628 44
800 5
948 23
729 36
2462 82
3063 33
2721 3
603 22
4399 76
1331 77
4417 55
2355 4
3129 33
3584 2
2455 25
2261 34
3778 97
3979 44
2903 66
4163 17
537 79
1432 61
1038 42
2983 66
3677 56
1037 18
4154 3
4358 57
1098 34
2059 53
3546 21
2978 26
3502 41
2242 18
2122 29
2705 45
2845 56
624 61
2227 43
2953 24
821 70
299 57
1908 28
3696 27
4371 29
2872 14
3368 98
574 13
4703 24
2188 89
1285 56
3043 16
1572 46
4273 62
3515 80
3815 52
4380 12
2214 13
2433 61
448 89
3663 13
735 64
3111 8
3323 40
1961 69
1440 11
1825 37
4846 50
3951 63
888 78
556 57
1249 10
338 38
1231 71
1389 12
1857 32
3100 74
4284 55
773 47
3663 78
2539 91
3018 87
1745 0
4723 10
1931 66
4641 49
4817 38
1126 99
2728 55
2665 99
2430 93
2938 81
1319 73
2235 50
2169 21
3663 36
2968 54
4956 85
4450 18
3416 87
3699 98
1756 92
1410 75
2389 94
694 3
3717 76
30 12
1482 46
1858 43
4635 49
854 54
1087 78
3953 13
3661 2
555 64
2787 97
1800 70
3919 46
158 99
3146 61
3062 57
1790 74
2662 25
3316 20
2961 39
2008 71
2888 82
3297 57
3100 86
4453 74
4436 8
4023 74
154 44
3018 95
3522 83
667 72
4056 70
1074 70
4682 99
4459 83
2595 26
3327 97
4287 32
4595 71
1568 15
1106 98
3024 5
1145 31
3805 93
4288 72
323 51
441 26
3076 54
2027 48
3058 71
866 79
179 72
2246 80
61 19
895 7
1484 98
450 69
211 33
2029 68
4975 27
405 17
3305 93
4584 75
4246 65
2432 88
4162 81
2880 83
2476 44
3265 93
851 42
41 19
3930 38
2416 68
4166 80
3361 91
1594 49
1041 77
2319 44
4313 88
691 67
2550 76
4889 71
3591 29
806 35
4559 81
2370 4
548 30
1505 70
3130 36
1893 30
4078 9
3069 55
2158 95
4373 69
288 35
3388 8
1801 8
167 88
4619 71
2425 5
4636 71
1905 46
1509 20
464 68
3611 91
1413 94
4592 19
3687 23
397 61
476 98
4483 95
1364 18
4268 81
2478 75
4951 17
3147 43
4450 18
3617 34
1144 75
519 80
2414 88
3695 3
3989 10
845 91
873 81
2730 94
4343 4
3355 59
3349 13
740 13
1881 57
2317 53
3830 72
239 20
3185 89
1304 68
4891 50
1725 5
4029 59
3255 77
894 73
1503 46
2689 62
615 29
4075 28
4170 35
2509 98
185 83
2297 25
1191 89
202 22
4954 53
37 12
2998 77
4126 99
1723 7
3109 1
4994 23
3698 41
129 42
3389 56
2339 98
4836 37
3229 54
4520 91
4582 52
3651 53
2556 50
1199 90
3889 88
3592 6
3694 96
3997 31
996 96
387 66
505 79
1274 35
3195 72
1756 76
1588 79
2959 16
699 91
4598 37
2857 22
1337 93
857 65
4522 89
2822 59
3091 92
2185 80
3670 31
4307 71
4487 70
2798 68
2493 15
2694 84
3098 62
2610 28
1428 89
1417 5
2691 9
4768 32
346 31
3230 92
3732 6
876 8
2757 32
2525 42
3517 17
767 82
1892 96
4119 3
4658 55
8 1
1533 55
2685 88
4580 12
1292 42
533 43
2637 95
2401 29
3559 36
4467 38
762 11
3441 45
4945 22
4511 46
2465 44
1467 63
3502 94
3536 81
2643 33
1319 99
499 84
4644 96
3577 71
3481 78
4870 64
215 56
4734 53
4698 36
3528 75
4523 26
1596 40
2202 85
2653 4
4484 90
2203 49
2335 15
2733 95
297 65
1081 27
1497 24
3898 41
2144 69
4094 83
3215 72
1634 90
4160 29
3391 42
4328 19
4951 44
1882 57
737 50
4796 30
3960 76
889 40
3420 71
273 39
3326 46
3155 92
4892 59
26 19
4719 8
4371 67
4137 48
351 57
1068 69
3487 86
3517 29
4330 39
4759 48
4570 96
115 45
1784 53
107 35
2110 26
1158 61
23 37
731 56
2406 71
2018 21
1170 52
419 43
2439 30
4056 18
3596 97
1595 97
4307 82
1276 83
1221 86
550 61
1720 79
258 98
1796 76
1073 89
4188 93
4906 57
576 81
3400 75
1688 93
824 47
4976 85
997 31
4773 22
238 47
1966 64
4362 37
4268 68
3200 89
2060 93
3663 73
1542 21
78 45
1602 3
370 12
2012 40
2873 8
1141 85
108 17
1240 54
933 53
3257 28
1356 46
2000 22
3483 42
1136 88
3023 28
3767 2
4420 79
3482 24
4652 20
4934 9
435 62
596 54
2336 19
4464 68
3314 27
1331 84
1868 72
4206 65
1583 99
247 97
3754 9
806 30
3842 85
2471 28
3366 47
1987 19
2987 69
4657 1
4784 86
4931 81
4068 21
2935 92
920 62
4262 34
3783 13
222 58
665 90
4345 98
1458 82
4774 67
1294 19
4040 21
1626 43
1245 77
4522 2
4656 59
613 70
3539 94
3901 80
3269 13
258 88
1380 27
4810 80
3370 4
4997 13
1372 77
3584 18
4125 37
1925 17
3960 81
4858 53
718 0
2188 64
829 73
4061 21
3320 13
4431 94
1622 80
1266 97
3584 90
3823 94
2640 81
4018 39
2096 4
162 38
3095 60
4674 8
3107 81
851 38
2719 44
2573 15
888 36
61 28
3446 96
4505 75
4159 16
388 12
3257 88
4438 94
2029 45
2336 96
1983 33
4700 35
5 16
3416 8
4716 0
4609 9
1976 1
85 71
923 66
3138 91
3525 54
2110 30
2987 48
2950 66
4553 94
3031 80
2461 29
4820 9
3425 13
1777 63
3271 4
3676 90
1075 45
4268 90
448 52
3903 8
920 53
869 93
3818 93
283 2
4699 95
2811 13
2768 26
4748 47
3179 19
840 11
2516 89
1408 35
1364 76
2164 0
2819 72
1549 35
1030 30
743 62
1920 31
2016 25
204 65
303 73
1927 64
2440 75
4183 92
4644 99
4754 7
3719 29
1266 78
3269 61
3891 96
2444 84
554 0
1360 76
1317 36
4238 73
1036 16
3201 48
3860 3
2227 76
2143 65
1382 54
4040 74
1988 61
2067 23
245 86
3921 88
4154 95
2871 29
4136 74
1881 95
1045 69
4108 46
1111 97
4724 25
1261 27
2722 29
3894 63
4012 78
774 28
1285 6
2445 70
150 60
1661 17
3748 12
2153 52
3591 94
176 32
1456 24
135 43
2179 90
4455 89
1550 11
1050 6
3171 1
2582 36
2017 97
714 58
4302 17
3011 89
4218 78
2695 91
954 87
3317 60
3692 1
2058 98
2960 85
741 14
848 87
2612 59
3033 14
2472 18
3487 73
4195 13
2701 75
1952 79
3766 30
301 11
4747 75
4421 77
4299 37
1275 37
2895 83
2259 86
1432 7
2847 24
4426 81
1635 8
1967 34
1864 65
3060 8
3448 54
2530 44
3467 29
1098 26
3016 74
1252 4
3723 25
2637 58
1081 90
1812 55
3992 13
1976 58
4297 7
680 39
2096 37
4346 12
460 62
2217 19
2191 56
2422 91
4483 20
1683 5
4546 22
4554 24
237 64
2164 90
1096 69
380 0
244 99
3989 9
3065 52
4103 42
1125 65
4998 82
3839 62
3014 27
1425 17
1086 48
687 54
3285 94
2162 67
2025 38
545 43
3479 18
2915 98
3189 60
1004 32
4840 17
4589 38
3362 16
4630 20
4965 30
4165 19
4847 82
1180 67
384 96
1323 91
843 48
1674 83
3713 16
4595 35
2079 3
1432 33
1808 57
1519 92
1694 21
784 6
4812 69
4760 75
1769 86
779 8
1610 85
2381 50
4547 8
47 52
3382 88
4907 56
4680 75
3132 26
4807 45
658 49
2984 27
1711 23
419 47
2512 12
4436 72
3824 24
1633 95
779 74
148 80
844 75
4501 51
1610 17
4827 37
657 81
570 30
3195 45
2 51
1097 82
4096 52
2042 0
2854 8
1186 64
2406 81
2822 7
2499 73
1673 75
3958 11
125 27
368 10
3360 12
573 63
3963 44
374 54
2564 98
1568 94
676 59
3147 82
4776 99
913 44
2111 80
30 23
4206 29
271 86
1609 64
3313 81
905 48
4632 64
2096 1
2117 79
1807 2
618 19
3915 70
3994 65
4724 78
2742 59
4413 47
2111 59
4259 15
4035 92
438 19
3950 55
1821 36
2880 82
3686 14
2211 54
4040 31
2333 40
3749 46
1948 62
3394 54
3764 69
1882 54
223 43
3401 13
4397 77
2013 63
3179 12
4518 47
657 88
1352 86
1457 39
3787 91
3433 72
1503 93
4424 25
4328 77
2084 89
4457 85
987 55
1532 97
2659 9
3516 86
3052 10
2572 58
4680 3
1827 78
1295 20
3201 17
216 29
2264 56
4033 14
1303 55
3694 6
2752 20
503 71
2725 53
119 94
451 10
1107 77
3997 27
4485 55
4609 37
1306 93
3255 97
1347 65
4522 42
488 43
4991 83
1982 72
3273 92
366 29
485 82
2495 70
819 0
1875 3
706 60
302 33
3086 43
4938 7
2169 36
1422 17
1166 45
4401 43
1104 21
2742 10
2996 90
351 76
2503 2
2304 34
2015 9
120 11
3007 90
2871 85
1993 52
1347 64
3585 11
2120 2
4458 6
4269 61
4150 37
3046 34
3643 95
3597 86
2408 14
2563 81
136 82
4186 7
4096 1
2467 29
3965 8
2891 20
4920 10
194 87
4164 37
4247 49
74 16
576 54
1434 75
3384 67
3513 64
2023 69
523 43
4636 87
4404 34
3148 85
3433 75
352 1
3069 14
1030 21
3241 62
4872 35
4443 42
3089 57
3463 74
4625 64
4210 11
2237 8
1099 97
4705 83
2363 43
319 49
769 65
115 24
2265 35
3021 90
1499 91
1725 28
3947 18
4185 44
420 76
2729 94
1861 99
4806 13
939 98
2302 46
440 78
4042 15
4345 52
4951 60
3595 0
3518 49
2813 11
2630 3
4871 90
3952 14
2348 30
1335 93
170 4
4524 61
206 44
4928 87
510 3
4474 62
3857 60
536 61
4512 29
4260 44
846 62
132 74
3423 50
712 2
3368 63
3023 9
3727 84
1965 31
3071 47
52 42
4561 27
1984 89
3124 80
2642 55
1357 97
126 94
3098 69
2158 76
2876 38
686 42
42 0
536 46
4121 78
4377 11
4343 9
1328 85
4696 69
3026 41
2685 32
3056 78
889 40
2574 22
3419 90
575 83
3635 10
4159 38
2610 28
2211 7
2643 41
795 70
3887 92
4216 56
423 15
2509 64
1914 78
26 52
2068 22
4972 32
3099 49
956 95
1427 4
659 7
4715 74
817 65
1532 32
2613 78
4853 30
1392 51
452 88
3057 91
3547 51
4817 90
3775 67
3126 37
2697 9
2293 82
650 10
2380 40
4696 95
1722 81
2523 61
843 21
2330 30
1062 11
1797 58
2925 6
1850 22
1157 75
815 37
1862 57
4165 74
1121 4
4980 61
804 18
94 63
3544 76
4731 59
963 59
2698 60
2282 93
2647 22
2808 42
140 59
4842 82
1337 57
2742 48
3702 41
2350 81
3693 71
3128 68
1673 41
1160 68
218 61
3360 79
441 23
3933 21
3787 14
3354 50
2363 55
2752 56
2166 14
291 75
4148 28
2814 44
4531 41
2169 99
3688 28
1674 60
2733 93
1325 6
4214 18
1559 6
1273 77
2478 64
3224 41
191 31
1910 14
4523 91
3005 62
504 35
1036 36
2597 98
865 81
2041 23
4110 36
3675 11
4680 51
1783 3
1177 84
2479 39
3422 22
3907 9
1222 60
1049 87
4151 61
3212 67
3031 33
443 83
3571 67
610 42
3155 38
3490 58
707 59
1955 73
962 49
963 72
2900 69
3996 94
1114 40
168 76
2223 83
3685 81
4557 70
1328 36
1131 20
1554 56
1344 36
659 63
3729 89
3937 7
1639 55
1650 64
3438 32
1003 69
4927 46
1814 83
166 25
4204 21
1490 85
1260 85
2242 39
2769 5
2124 40
4699 33
481 84
4912 2
2171 72
1656 24
2255 39
3366 8
1642 23
4814 22
4220 96
4330 71
854 36
2888 4
3730 69
4856 38
4159 73
4983 46
1682 62
2922 25
150 98
4646 28
2102 15
2128 5
3013 48
375 47
619 8
671 48
1997 82
566 69
1605 26
4321 84
2041 24
1325 72
3003 4
1176 68
371 22
4610 39
2636 68
3530 69
2436 1
2939 31
3348 91
1543 61
4555 87
667 22
2183 79
4709 11
2478 56
1255 28
3314 50
1031 89
197 15
2686 95
2123 26
221 52
2279 79
76 79
1884 64
3815 84
2874 78
2763 82
4923 93
2507 81
3051 27
2901 22
2993 96
92 97
4449 43
2215 47
4252 59
3691 67
4309 13
4075 45
4868 41
2985 1
1657 26
1163 47
835 74
2143 58
2641 89
1158 12
4236 33
3656 75
1362 81
2980 64
1174 21
3899 72
2326 3
1156 54
4248 89
4149 47
476 60
43 78
4750 38
1170 97
3500 61
1994 14
3684 2
1147 18
2166 22
2935 79
2338 7
939 72
2328 17
3705 55
1179 27
4135 38
992 71
1658 36
3427 0
68 79
4117 53
1544 18
2008 50
1438 71
4146 33
387 36
1604 3
31 82
2958 7
4235 5
2636 90
771 37
3048 3
1524 30
4588 84
2538 65
3088 99
1455 75
4603 12
166 26
3844 86
1725 76
1666 93
3969 44
4897 60
2864 76
196 45
4651 19
1523 9
3076 62
2512 45
3953 53
102 3
39 41
3446 12
761 87
4596 41
3129 60
3501 95
4360 8
191 68
324 91
166 26
2084 63
606 27
655 44
2000 10
4210 48
3521 31
102 72
3958 14
4955 63
1256 87
2461 76
3561 74
4173 30
4361 34
3263 55
1118 69
3543 61
4550 77
2181 85
109 54
2525 12
198 29
277 14
2246 75
1315 63
4416 12
3718 77
815 95
310 33
3873 93
104 65
3647 14
2001 35
4822 22
1581 58
668 84
628 75
1427 50
2347 61
1052 28
1782 71
772 89
2392 9
811 76
1856 35
790 46
1266 87
264 77
574 97
1472 3
4734 0
697 34
2009 5
3258 19
1924 47
3853 30
4977 43
3803 69
3328 39
3419 25
3294 4
1122 11
2776 42
2380 4
728 72
2718 31
422 14
2668 77
634 3
3672 48
3573 9
4249 38
1532 29
778 8
2284 97
2683 79
1409 31
2113 61
1480 17
2101 72
3979 75
1292 49
1468 94
3926 28
3517 23
749 80
1558 37
2843 25
2937 97
3706 85
4519 97
1188 56
869 46
611 60
1508 39
3573 10
4045 10
413 98
2105 92
3496 5
2939 21
3624 78
810 63
2197 74
1653 91
3062 68
821 99
1236 20
2966 99
657 92
1533 39
776 56
1513 78
2443 30
4969 96
1919 46
682 73
3211 5
242 79
4379 75
2085 50
2740 91
4444 24
1977 21
920 69
4626 35
1772 77
533 32
3992 86
3432 30
3711 31
2175 4
3872 13
3329 29
864 0
2647 1
1531 92
1686 55
1312 26
2709 54
3261 76
4547 51
376 24
4116 66
911 55
2686 25
565 12
3703 16
4089 27
4727 54
1895 88
2306 97
1322 8
3569 86
4308 33
1242 96
1073 5
2793 39
442 43
1065 71
437 8
1187 53
146 58
1590 74
186 55
3893 20
2005 57
3840 64
2920 49
2440 21
4470 89
3768 25
3464 22
3249 0
1985 39
4474 73
2339 51
107 81
959 14
2729 7
1678 88
3076 75
1480 49
3450 7
691 18
4351 89
1177 20
3666 33
665 67
4440 86
2060 92
4557 53
3584 39
228 92
4718 57
3646 17
3971 9
4556 10
2975 84
4779 44
1120 90
2407 38
578 20
2800 70
2549 70
916 41
4716 94
4892 42
3217 20
730 26
3325 36
566 54
4953 52
2911 99
3055 96
1333 70
3644 36
1445 30
958 70
3030 46
2022 52
1772 92
3850 93
4036 64
2791 24
1866 59
1056 58
773 15
1763 48
3841 47
2616 13
4845 8
2333 37
4055 26
4763 4
57 28
3384 23
4084 11
3925 88
3862 68
4312 2
2001 35
3361 40
1041 5
1107 43
4814 15
4726 89
4684 33
3755 7
4274 57
2454 43
2270 87
3759 69
824 81
1700 55
1674 28
382 5
2702 11
2498 87
2237 43
142 20
916 74
4052 75
1721 63
3350 11
612 87
435 18
1321 20
4794 39
1003 92
3024 44
4663 3
1667 84
4973 93
2559 20
178 42
466 95
264 58
2199 4
4952 91
1816 56
138 76
2719 27
4596 74
3376 86
4573 50
1564 37
997 53
4946 94
3016 66
1182 63
2646 45
3254 8
2408 55
2135 4
720 66
1298 17
231 98
4807 46
2539 44
3363 89
1284 37
4231 21
1187 21
1618 40
1649 16
2423 14
4179 63
3955 31
3568 81
377 47
4934 95
2262 62
1698 82
4376 27
2044 30
2399 93
2849 21
3866 23
2842 30
2968 88
2295 72
530 77
809 59
2347 33
477 27
2283 22
4201 33
3879 34
1390 5
337 25
243 29
1346 98
1086 43
2093 37
4198 67
4760 64
216 48
835 78
3211 63
569 21
3654 16
3803 71
1948 37
619 62
3473 86
2805 36
3666 60
2434 5
1060 22
1532 93
980 40
4660 0
3833 41
3665 33
604 18
4068 75
4472 41
4650 15
2538 65
2879 69
2154 44
1748 16
2617 95
1584 6
1055 91
4837 81
794 99
1739 50
4953 74
1788 81
4627 88
4393 46
2821 99
612 82
4270 57
3452 28
4615 83
1952 12
364 31
1532 88
2839 5
1666 48
814 41
1320 20
2215 8
4746 4
1220 23
973 98
575 10
2833 34
2542 94
1685 66
1958 94
978 27
3206 14
4826 8
2642 85
3500 90
4361 81
323 17
1099 84
2522 23
2135 44
2049 53
3752 1
697 52
2187 32
3851 22
3965 17
2161 86
3168 94
3495 73
1970 68
434 14
2072 46
3238 54
1283 14
4425 89
3366 47
1279 94
3961 94
3950 38
3394 25
1502 94
3584 10
3841 75
1477 29
3951 75
4948 88
1496 37
1673 67
1142 3
533 97
4406 29
3129 59
1245 14
1823 5
2053 46
2762 77
1190 92
3919 71
385 6
3907 48
1151 68
501 57
652 5
3562 34
3946 0
3915 19
867 86
1880 94
3775 42
1871 76
260 70
1332 56
4384 23
1532 92
1578 48
4750 86
131 30
2716 18
3145 86
1886 44
671 43
710 1
2609 20
3600 43
2716 80
457 19
1858 15
2387 0
1435 38
2970 3
3263 28
3004 16
1934 9
3595 32
1406 81
154 82
4795 89
2569 26
4351 27
2632 15
4203 13
2839 19
3916 57
703 57
3681 24
433 1
2561 44
3316 19
285 14
3986 73
35 25
1223 15
1652 79
1235 10
4968 93
62 71
724 84
71 24
150 45
4913 53
3243 43
3002 93
4169 66
4640 64
3048 76
2734 12
508 42
3319 79
2539 49
785 93
3216 3
3292 60
629 8
711 3
2385 42
4 18
1376 62
2341 39
1363 39
880 1
162 29
3828 78
2097 92
1043 43
614 88
3881 84
4373 6
4129 65
3803 87
924 56
1653 43
2705 62
1362 89
2682 0
4934 23
2396 27
1477 97
3163 43
4549 96
3949 6
3426 53
3043 42
676 52
28 37
189 0
31 2
1520 77
4038 23
3449 59
949 72
2110 9
2040 61
219 79
2552 76
3350 71
3332 81
1128 46
693 4
3752 6
4688 68
164 89
2711 27
3494 26
621 2
3794 95
1651 27
3698 6
4304 51
3026 64
867 18
2498 63
934 15
4885 15
1790 3
1328 40
1015 7
2037 41
849 39
3761 93
3361 47
2437 69
4992 63
2858 69
2847 27
2895 61
259 91
2677 69
2628 12
4598 10
1599 94
2072 74
2855 21
1067 44
3508 85
2548 15
2785 28
1455 74
3044 55
1090 94
3324 0
2211 94
1379 94
4158 89
1295 47
1279 60
4450 80
4925 18
3455 41
1106 96
368 16
3961 82
1081 47
4423 80
3582 1
4008 96
2196 91
1542 62
4292 14
3027 10
4086 58
4965 9
3887 19
2094 34
440 19
3930 79
2741 45
2166 63
2489 35
225 79
3373 46
609 61
3069 86
1430 75
2869 64
952 67
2886 42
4720 29
3861 22
4706 23
4240 89
937 80
1468 45
4121 47
979 92
2272 20
4766 57
460 78
4484 97
1604 48
3474 36
3907 65
2283 47
4262 64
4783 74
3831 36
184 14
3804 13
1489 91
1207 88
3069 81
1472 72
3520 86
1537 89
1289 61
1020 74
3579 65
3077 16
2552 81
3051 76
353 80
389 18
1684 57
2904 7
4184 64
4519 47
2013 87
30 1
656 0
3962 83
394 91
4604 25
688 67
3465 19
618 30
633 0
910 95
4110 15
423 30
1196 2
2000 54
1653 75
1121 96
922 24
647 80
3115 33
3942 65
5000 98
493 78
935 38
1352 18
4608 29
2625 70
4559 62
184 49
1963 12
141 0
233 68
1463 25
832 20
735 12
3049 73
992 72
3785 59
1987 3
2489 33
928 29
1333 36
1196 36
1346 25
1472 93
1474 22
42 87
4732 77
1415 35
3621 22
3487 3
2616 37
2904 45
4637 43
2328 95
3040 40
2294 22
3 1
1144 66
3317 68
2950 99
4028 70
4542 40
3638 41
1953 82
1829 60
3496 67
4746 46
3784 27
1312 57
2850 99
1399 35
4726 5
2663 96
4485 63
3020 3
2674 98
4637 95
4490 4
4214 94
2451 12
4387 22
1124 18
4295 95
3325 53
4937 68
2269 79
2564 31
3605 5
1206 87
1445 12
4696 93
1104 55
3495 38
646 0
1982 51
2142 52
2990 13
4700 55
4572 17
3453 92
3912 96
951 20
2490 44
1738 29
4706 84
952 57
2602 40
3623 97
1948 53
3997 8
2163 45
324 84
4900 28
3248 81
2150 64
1951 63
3097 83
3554 1
492 85
3948 60
4938 36
4674 73
2710 42
549 8
3557 25
2187 29
2073 28
2724 87
4244 57
2576 94
1075 67
1678 95
1873 41
1459 0
112 44
2164 58
4522 19
3030 29
637 35
4156 52
1714 25
1879 55
2972 81
2755 14
441 67
867 20
3147 71
3204 1
3988 45
4400 27
3883 63
444 44
1442 77
3024 88
2676 97
1816 59
2560 93
3764 72
2924 26
3617 62
209 18
1965 65
1326 50
1453 50
1093 31
260 12
2821 6
3823 66
2129 49
2941 24
2380 72
3119 73
1704 48
1947 82
1176 69
1423 20
2863 92
755 85
2920 96
3487 50
1897 46
4705 24
2340 8
89 55
525 80
2399 28
3495 61
4008 49
3554 0
868 51
1850 99
119 73
963 67
2385 70
290 42
552 14
1617 31
3846 22
4581 67
2694 23
840 73
3425 54
2839 76
3829 72
3675 50
3443 11
4805 37
3738 48
4840 91
4598 13
1712 92
3254 90
489 58
1151 76
428 33
2585 8
1636 13
3803 81
3299 59
2791 35
4196 32
247 75
306 38
4609 84
286 71
1426 69
4773 2
1512 50
4517 62
1096 69
2627 33
86 28
2668 36
3954 76
2518 6
1836 95
1944 28
4025 95
4419 59
484 67
3107 45
2133 85
3223 78
3093 10
3719 41
4454 91
4231 77
2149 6
1794 63
999 28
1537 15
2386 34
4833 22
2585 7
1998 80
3560 16
1483 97
3451 43
3682 29
3513 11
899 99
2177 28
4990 21
4241 1
4511 72
1296 60
2870 15
4269 2
1103 26
4208 52
435 88
2987 84
3810 60
163 3
4783 92
2832 36
1797 73
536 60
1607 80
1689 53
1329 64
1745 46
3745 4
1594 34
2230 51
2981 82
2991 50
3866 68
4023 70
1108 69
276 11
3733 67
4202 94
3927 41
313 41
751 60
4671 83
232 51
650 2
2245 39
1900 25
1742 42
861 64
989 52
3379 74
4567 19
50 73
2264 34
326 28
2137 77
4138 33
1608 67
32 63
3983 52
3650 22
3659 28
3861 58
1434 38
3304 55
1028 55
3660 46
1131 4
3414 49
809 56
186 72
3552 76
4030 52
4285 88
4222 37
883 15
3975 85
3985 45
1023 85
1779 83
2683 84
1449 43
3872 65
4167 98
4996 24
681 33
2309 72
318 6
1143 14
1645 31
1296 21
59 46
768 31
3790 76
2293 36
1527 73
4825 87
123 75
204 42
1537 9
1271 69
771 86
2648 94
3393 37
4807 18
3283 31
400 92
3378 11
2508 72
690 93
598 34
1561 43
2859 50
4835 57
1549 87
4986 46
1561 85
11 38
4911 73
214 3
4725 1
2215 15
2329 20
164 75
2485 12
3732 23
537 10
3637 94
205 77
1755 37
3624 83
2764 74
4856 29
2087 77
4091 95
648 31
1245 76
3562 56
4328 38
3040 59
2145 2
510 45
3122 44
4745 61
1874 59
753 61
3962 28
698 22
2088 10
2074 78
4351 14
4563 96
1163 98
3378 81
3551 54
2647 91
2660 35
178 68
471 66
1509 27
3423 51
2123 60
4841 38
3033 92
3359 89
392 67
4524 72
3509 0
141 15
2568 67
1279 54
3537 55
955 34
785 47
3713 73
3976 36
4434 55
2897 90
826 49
708 91
2863 94
2349 13
3190 50
891 89
2855 63
1959 90
463 48
1444 88
1505 78
1006 39
2007 99
1807 15
3588 56
3057 66
3690 17
2462 82
1384 95
3637 52
4511 3
146 14
3156 98
3574 55
597 11
2245 85
2386 41
4569 19
3849 3
3993 27
729 57
4403 73
298 76
3455 76
3510 4
211 69
3778 34
3369 10
2091 15
3663 58
2492 94
1964 18
4176 88
1622 97
3548 23
921 12
1547 34
4311 51
3157 92
1031 48
2799 79
1914 61
851 89
2971 43
794 70
2739 8
2604 8
4020 49
658 85
1031 61
823 95
1743 40
3332 94
870 60
1640 82
3835 16
559 49
4035 24
1407 6
2228 18
1445 1
2121 17
2947 79
131 96
651 44
3567 75
415 14
2278 54
4030 96
303 45
1974 55
3606 81
2833 35
1349 16
3852 57
1176 17
1524 92
2859 85
1407 29
81 94
3462 41
3033 95
2856 50
2208 79
4678 22
160 37
3306 82
1805 17
738 40
2261 40
806 6
1900 19
3249 6
3494 12
3433 46
1002 40
1076 1
2581 5
1726 31
2075 3
2972 2
1983 62
128 11
1504 79
1116 29
4560 92
2368 84
1237 32
1712 49
29 43
851 87
4887 87
1416 8
2223 29
2319 38
456 90
300 0
3521 80
71 63
4742 0
2095 8
2554 90
4529 82
2305 27
2541 67
3963 91
226 94
3707 52
3814 61
4302 16
374 20
3800 26
3973 93
4501 69
2574 11
4111 52
1532 29
216 97
4416 44
2834 98
3611 72
3154 63
4831 72
3047 9
651 38
913 49
1627 24
155 81
75 99
1094 16
2705 10
2861 77
659 61
3075 49
4732 6
3390 13
3090 6
1879 9
3854 61
4030 32
3003 19
3307 47
2716 67
1500 75
205 43
1027 9
4275 70
804 8
2197 13
1673 20
2590 88
1628 93
865 73
884 6
1969 69
2325 6
533 14
1695 55
2918 59
2755 41
3762 92
2502 95
4630 81
922 43
4051 43
3720 86
1030 22
4697 47
2049 85
4504 42
3023 47
504 3
4207 84
167 87
4852 60
291 88
1042 64
163 47
4065 60
1037 29
751 31
3251 50
2290 85
2750 90
127 57
3089 37
386 10
703 81
884 18
4014 41
4737 33
2809 8
1224 90
1001 68
414 84
3648 17
3515 93
1616 16
1440 77
554 30
4407 42
1284 83
1325 84
3293 89
428 38
310 56
1502 85
4559 40
3764 83
2962 0
3296 64
4544 49
4347 25
1898 52
2087 50
3872 43
3429 39
4933 45
780 30
844 84
3142 85
4790 39
3097 86
1565 88
1211 98
3189 50
2685 47
4886 25
3494 51
1492 77
4364 11
3557 64
2952 4
2129 76
137 92
3791 56
4950 80
2166 58
3481 43
567 79
2797 35
1909 53
4995 14
420 18
4630 22
606 34
3938 25
1522 65
2225 47
1140 79
3476 6
1733 92
4197 9
2634 22
3011 16
4620 76
3586 65
4577 75
752 25
1379 27
1622 82
197 12
2611 62
2954 72
4765 95
1029 23
1751 48
2764 82
2717 29
534 30
2410 46
3767 31
171 90
3458 39
3277 69
175 99
2374 31
4184 48
2039 98
3810 2
3764 82
351 88
4055 19
66 71
4404 27
3570 61
1967 27
1396 1
2612 83
4385 78
2650 77
4667 87
849 63
2928 24
1463 61
3455 53
1824 76
2191 60
4134 0
2161 70
4767 63
4010 48
2286 72
67 33
193 15
1846 98
1449 95
3554 61
2498 79
2961 54
334 93
1834 41
905 90
2961 16
3542 59
4515 67
4286 12
3526 30
4375 7
1833 37
2083 10
924 29
44 89
935 94
2228 76
1807 73
3743 49
624 23
2343 82
2798 87
4848 74
958 97
2592 2
2018 43
1918 29
1063 20
3088 26
4148 60
785 52
279 82
1729 86
2665 90
4037 17
3511 65
427 66
1597 7
1062 78
437 17
2801 59
1069 47
3639 53
781 44
2914 75
4935 43
1733 80
2679 68
1592 91
3015 72
3410 85
3583 15
480 42
1025 58
4287 98
34 83
2382 47
3449 30
2551 99
2692 72
3763 75
4 22
505 72
2598 25
4046 30
21 77
1529 14
681 0
401 23
2059 95
228 49
2724 65
2115 1
3972 48
4442 83
4860 38
465 6
1653 5
3597 92
2363 86
996 6
329 94
116 29
808 45
92 81
707 0
1341 53
1745 16
1151 73
2184 98
3393 27
1779 45
2536 62
3828 53
2182 26
3647 35
366 90
116 63
4254 62
2575 73
2859 5
1080 96
92 11
2026 80
3083 43
3656 47
2566 20
983 79
3620 3
2671 96
3105 45
3283 97
3807 74
1244 16
1593 8
370 46
4816 1
1109 29
3116 91
2408 78
3988 63
4815 57
1535 8
2712 18
4718 28
3513 56
1647 85
3468 91
901 79
663 57
2464 88
3528 89
1977 86
3056 40
1175 95
3456 95
4201 18
3065 34
4794 80
671 18
1732 37
3792 47
118 28
173 74
3106 6
3878 33
2470 4
4060 98
843 95
1777 6
4428 47
1107 50
1407 75
4248 77
4463 6
4946 44
4198 5
3138 91
1733 45
262 99
2322 85
4231 95
1198 44
2927 3
3014 11
2863 23
4782 91
3755 15
2698 24
159 25
57 3
4389 97
1763 16
4605 2
883 90
4997 20
780 51
454 73
2591 26
3675 31
1117 41
876 60
2206 87
708 99
3924 28
2366 4
844 40
2371 38
4761 79
2429 31
2270 6
3048 42
2431 53
4300 34
3165 29
1755 46
68 71
912 6
4078 73
1565 57
2414 77
1252 60
2231 54
4903 75
438 67
3038 43
1269 51
4310 43
958 60
132 85
1993 68
3576 16
3417 72
1946 67
922 52
66 7
4118 24
2000 33
4433 0
1868 39
4518 84
2430 56
1704 61
4959 62
3473 17
2089 24
2414 39
4944 95
4201 72
3817 5
2316 94
2474 18
2299 92
606 7
4904 9
2035 10
3482 85
1724 8
2683 99
2448 45
3559 78
2541 43
3746 58
846 77
378 91
3415 73
159 10
271 53
4240 27
1559 23
4013 23
3998 16
228 75
2355 14
4520 15
4686 16
2558 46
4710 45
1440 48
681 71
1642 31
3806 41
4870 62
2314 3
4749 86
3130 9
97 73
2075 69
4717 36
2682 46
1918 58
258 37
4694 3
933 10
918 35
999 79
1548 56
2411 97
2777 79
1648 43
999 70
3096 91
3654 63
2407 42
2169 29
1194 29
1000 97
2368 32
1892 70
2295 61
1066 97
3566 42
917 26
3574 62
3102 90
33 73
2691 20
2960 84
4552 80
4269 10
3609 46
2186 53
3163 69
679 67
4030 0
1182 97
2309 27
4066 83
2849 46
2194 60
3993 4
1563 86
3042 85
1544 35
2696 92
3483 2
4650 18
2984 29
2971 58
634 16
4186 23
1678 43
1219 29
4437 36
4591 81
3736 97
4644 31
4782 69
558 80
1249 69
1477 4
3818 81
4911 44
4123 31
1837 85
2218 65
855 48
3274 49
4057 41
2945 4
4829 26
965 44
4067 20
3136 32
4230 12
2789 96
565 57
1814 88
2317 98
1116 68
4799 26
1671 33
1412 68
1208 46
1609 56
82 2
671 97
901 12
699 66
3419 50
3029 36
787 89
688 39
2566 47
3970 62
4901 75
2311 59
2716 58
287 77
1866 61
4155 41
2304 32
1285 26
1946 17
2398 94
1238 17
4924 69
149 65
1556 55
2336 95
30 51
2584 68
1435 87
2050 84
1769 45
3413 74
3306 81
3934 90
2489 51
1827 71
1966 40
312 18
1007 66
1343 50
1075 29
4879 21
802 34
1007 90
3125 53
1547 34
4442 83
2598 83
499 8
438 12
1660 38
480 59
1091 6
48 84
4681 58
4407 7
1774 11
3276 54
2096 74
4863 56
4047 66
210 78
3439 77
2045 97
2941 16
2527 26
1082 38
2892 52
2643 54
3903 26
2327 67
2816 87
1822 23
4543 16
1416 69
487 87
4255 89
2857 25
4537 23
419 37
4158 1
44 26
2472 66
1011 52
150 47
3608 72
2063 73
2028 49
4572 77
1352 82
4227 8
263 9
4468 49
4023 24
2253 75
2626 63
3188 45
1002 6
671 70
1661 16
1282 3
2089 96
792 18
3038 65
2947 45
3496 69
1293 24
3859 45
2129 48
3700 25
505 69
4936 11
4134 86
3683 92
554 1
2717 76
265 79
2975 75
4588 69
505 90
540 19
4478 5
4996 65
2320 78
4607 92
4189 45
909 66
523 90
1201 17
425 65
972 59
2671 71
2809 46
4503 39
2093 34
4711 95
1921 76
1697 19
2086 66
4371 26
2823 49
1348 11
24 10
253 26
301 71
3285 29
4937 79
2292 63
2850 68
2996 73
1527 51
4412 38
811 12
363 31
540 44
1966 98
357 44
4345 30
4648 68
4490 23
1199 90
1900 20
2720 75
4584 22
3763 71
4925 55
3901 30
2364 5
1365 56
380 48
2791 2
4113 49
3807 56
3229 60
4847 80
4362 16
2702 62
3216 9
3333 92
1102 46
1939 43
3165 72
4431 17
1796 9
4263 89
427 8
3900 13
1980 34
1468 1
768 88
772 2
313 70
981 85
4857 86
1825 9
4519 58
314 38
552 17
2741 12
3664 17
3491 85
4322 7
1538 8
2626 95
1120 13
4147 19
1688 66
1589 5
3037 21
1518 68
3642 90
2685 1
3109 77
2880 42
94 78
1202 50
1680 93
4911 54
3463 4
2852 84
4507 48
2049 14
746 47
3450 24
409 1
646 58
2216 94
722 87
2590 51
1594 84
1728 8
1627 82
1102 8
4350 98
4831 37
1249 73
3614 81
207 64
952 20
2634 64
4032 67
3947 22
2509 35
1984 59
1849 72
875 26
1901 1
2217 91
426 50
756 12
3750 21
360 56
4478 50
3954 12
4129 40
1969 25
1066 16
4271 5
2062 99
3733 28
3582 26
1513 74
4601 35
1124 55
2693 32
3298 27
2118 90
1123 69
2165 75
3623 22
3713 68
4728 37
578 95
3576 55
4216 69
3770 78
1728 22
892 12
3477 93
3100 36
3673 94
1150 99
4696 76
1803 27
4613 82
4373 25
3339 55
3522 96
1569 54
268 23
171 50
1134 10
3126 57
1795 50
1316 14
1369 24
2704 23
740 32
2978 10
1724 64
3027 86
1299 91
1003 87
1166 70
4638 71
819 21
643 61
2136 3
3368 73
3698 38
1894 28
4928 75
2040 83
2945 9
1476 11
989 38
3612 15
1950 31
1017 16
261 4
3541 44
486 64
2719 32
3582 64
3795 38
4478 17
4964 57
3415 65
1259 89
4075 17
316 30
4422 6
4162 99
326 40
1592 97
3081 8
2309 4
974 29
1294 85
690 65
2226 6
1293 64
4789 43
502 31
1391 50
3120 31
2376 7
2991 20
2629 56
1039 46
99 86
3042 26
455 53
1580 55
4236 62
2289 49
2903 51
4269 21
24 12
214 14
1935 7
3320 43
4600 52
4971 65
755 95
2514 95
1992 70
1018 50
1643 78
2249 23
1719 74
1696 79
1470 68
4440 22
424 68
1464 25
2582 5
2232 32
1986 88
2087 3
588 24
2444 43
217 22
3075 59
1974 10
843 42
3771 69
2560 0
1431 90
384 30
370 45
820 46
1941 95
4147 16
483 61
2682 93
2552 68
3669 5
562 88
3676 71
3607 14
2043 45
1880 74
352 49
438 45
3744 82
373 59
2580 23
2133 55
3922 49
4029 96
1819 46
3254 53
1630 93
4013 57
2884 34
4425 33
178 3
665 90
3061 10
4516 29
1294 73
2777 93
3440 53
4579 74
4333 62
1405 74
4195 91
897 86
3137 30
4867 3
1085 6
3441 37
186 60
3860 68
2897 10
4813 3
1010 59
1080 24
2888 76
2569 19
4122 54
76 37
191 2
2973 59
3889 80
4975 40
4481 64
2015 45
3762 1
1369 34
2207 99
4485 11
2292 1
4653 64
2334 87
4064 84
2296 66
3127 4
3990 39
4659 22
2694 60
4338 41
3701 33
4222 57
1604 4
2867 93
880 11
1248 3
4017 4
4144 24
823 81
4783 1
3042 54
2752 85
751 70
1266 78
887 9
55 23
3495 3
4663 38
4037 98
309 70
996 94
4869 52
565 61
1047 14
1076 31
3320 54
2025 28
3005 88
743 20
4695 14
849 76
4611 14
3898 35
867 19
4135 76
2524 46
1099 98
2429 11
1947 82
3943 36
1960 77
4161 8
3450 92
1249 1
841 83
666 7
1047 12
3305 75
3406 60
3375 9
3243 14
2622 72
2683 78
3646 50
4558 8
2491 84
2296 88
1766 70
4119 70
2556 71
1096 98
4228 1
4341 41
4812 46
3246 91
3532 66
3380 51
2393 34
4294 43
3056 14
3099 94
2055 85
4598 69
3563 79
1418 73
4165 23
4536 57
3551 53
3814 20
2647 16
4447 38
3844 0
3362 86
1269 83
2232 55
834 94
4031 5
4112 10
2649 15
2369 10
2838 73
4220 55
389 78
3437 31
2032 20
4316 50
148 51
4538 59
4767 72
3208 95
1988 27
4655 70
3070 26
3585 79
1056 59
3615 72
4418 41
93 86
2515 94
1305 48
2839 53
4929 71
1883 71
3476 73
2220 0
4254 76
1814 30
425 24
4792 7
4663 78
3673 4
273 40
1839 23
788 43
1385 28
1015 79
4371 52
2311 99
2798 79
3871 94
3526 93
4922 72
3167 29
3957 87
3787 66
3108 17
893 22
3803 48
261 66
4602 92
938 12
3624 32
1111 84
2169 65
4073 56
2933 28
2042 55
1418 58
539 65
355 15
797 79
192 8
4444 22
4586 38
4448 47
1663 61
4607 11
1387 45
4648 13
1806 48
4908 61
1994 71
4188 58
3165 67
4752 82
3859 18
713 9
3883 89
1952 6
3356 8
4361 52
141 33
1981 13
2741 88
4844 58
4732 50
252 79
3341 19
4989 42
3995 48
4052 75
4515 76
1845 44
4907 7
593 41
2220 49
2963 28
4482 74
3572 46
2511 12
2041 72
1743 44
2242 36
2455 12
3234 63
2405 3
1556 6
549 25
3970 75
3124 91
829 73
1734 80
2356 30
2282 96
573 29
1797 51
4975 16
103 95
4180 42
4140 82
2124 74
3960 33
3757 29
672 60
1437 5
3780 57
659 98
3853 13
662 84
3049 34
2928 16
3529 6
1351 59
2780 81
885 23
3300 18
2665 54
421 47
3975 31
1595 35
235 39
4882 13
4424 2
2407 60
2195 80
463 54
1775 5
1140 47
517 16
3294 70
3923 24
2290 89
1060 72
1786 76
4866 4
2383 89
453 20
4201 94
1713 29
461 47
3302 32
3285 29
1355 52
2184 75
1227 63
3371 99
4360 28
2573 6
1884 79
2339 5
2435 62
2154 71
2491 76
772 65
3359 14
68 13
52 19
2093 75
3132 22
4427 26
3805 38
217 47
3174 12
2591 47
2186 46
2717 97
3961 7
1591 1
4257 6
754 69
841 50
2765 24
4120 36
1089 41
3335 8
1316 41
3750 26
2919 40
2355 59
1101 47
1556 62
3871 59
413 0
4846 2
3540 25
2467 91
4478 12
3616 49
910 25
2748 40
281 31
4317 13
4039 72
4648 2
3355 28
2556 25
933 1
718 22
1773 75
2100 96
3146 89
1456 89
2160 78
4861 40
3450 38
826 57
2977 18
4890 65
2921 87
1542 18
245 34
1615 89
4917 86
4697 46
2329 36
2952 23
2210 82
374 43
4573 84
1309 63
1378 71
2250 25
3429 28
4078 33
2404 98
927 26
3506 71
2792 3
4618 52
393 94
1660 32
3653 60
4899 54
4710 59
4993 1
3867 65
321 33
298 96
3311 58
673 9
3181 29
3960 59
3957 56
753 82
3233 79
1116 2
1519 55
3406 47
2703 34
2496 96
2551 19
937 0
249 86
1698 49
218 40
2848 32
3873 57
2589 23
393 60
76 32
3098 86
195 0
4914 73
2050 77
4008 25
4096 94
4715 24
3408 40
4305 55
324 4
4863 84
3853 73
2058 34
1631 30
2015 0
2312 88
742 89
2248 46
1246 90
3834 28
3025 97
542 99
1259 12
3685 81
4716 56
428 95
816 3
1471 92
300 63
1482 73
4919 73
3281 5
837 88
4605 35
154 52
2025 14
2134 99
1065 93
2946 79
237 60
678 46
4570 26
1043 93
2339 46
1294 24
4270 62
2699 51
3417 41
4618 4
3355 33
4499 83
1797 52
1146 83
3832 30
932 33
4758 73
4961 3
3228 80
2495 79
3217 40
2619 84
1476 17
4833 96
199 76
1824 42
1472 84
4281 93
2299 73
290 57
408 11
3519 79
2253 8
201 51
2770 8
3626 77
4072 65
4237 33
3333 46
3820 49
2178 14
3682 37
3943 66
750 83
2142 96
111 74
1785 89
4614 11
3226 51
1880 83
4984 34
3846 93
2822 8
4674 89
3321 42
4727 17
762 96
4865 55
4804 75
673 23
152 72
2714 40
4114 75
1396 37
4472 87
4085 47
2427 82
2843 91
2587 52
615 47
3048 19
1720 62
4317 5
1989 16
1239 17
1241 4
1512 67
3679 84
3715 45
2027 7
4960 16
2897 48
969 98
3179 50
1617 60
4570 72
4615 9
3444 20
173 53
3945 68
3131 49
2657 15
3114 65
1213 18
2646 75
615 51
2451 77
1851 82
2814 81
1407 71
4523 38
4185 75
3219 40
4719 68
2003 56
4666 95
867 6
3320 26
2998 61
4478 21
1985 2
1762 81
601 89
2463 17
1705 35
2093 43
165 57
2354 42
1904 31
4196 0
2279 6
1581 50
2535 43
1277 59
200 61
1394 64
2742 54
2183 56
2945 73
3723 94
2254 92
62 56
1051 8
2613 39
2261 39
4318 1
489 87
4089 77
339 62
4981 73
3278 57
4727 35
1090 16
1792 68
3440 3
3436 60
95 60
2587 50
2942 37
352 38
2084 75
695 99
3905 19
3664 49
4562 35
2132 99
2875 59
4356 74
3656 52
3665 3
3197 70
3633 89
548 8
4038 93
3785 21
2715 88
584 20
1920 10
3479 98
2406 49
3224 41
3174 57
1893 91
2575 85
4276 33
2723 40
1440 23
540 64
4075 60
3576 39
2797 12
4700 75
4631 28
3009 91
1191 38
2889 78
2864 5
1226 25
3247 51
2017 38
1712 73
2667 45
2010 83
4205 93
4369 95
2836 64
31 74
4905 48
3930 80
4751 21
523 69
1392 77
1628 71
481 93
3258 76
1604 69
3231 50
685 13
2968 80
2477 89
268 47
1700 44
4364 48
4641 12
3296 97
3440 71
1900 11
1679 40
4224 52
2071 69
4154 36
1264 41
3758 57
501 4
1342 92
1639 72
3916 46
3391 41
3849 84
4355 69
1816 99
2746 44
934 73
2637 29
471 32
1377 49
1653 74
64 81
4674 36
4029 60
2228 31
4494 5
3228 25
982 96
2941 77
4222 32
3277 4
268 86
4994 34
4734 46
3993 30
571 79
407 10
1370 46
176 35
4372 7
3166 53
3160 77
388 88
1533 64
695 39
4997 93
1332 22
615 71
2177 19
4269 6
3504 2
715 20
953 68
1038 45
177 9
3405 43
2818 3
4646 15
224 11
2191 85
3222 56
1450 13
1751 37
1069 56
3502 72
3057 34
3065 39
289 69
1178 23
1938 29
2779 60
3525 73
1351 62
3198 13
2776 37
2677 91
988 98
1183 48
3229 67
4876 53
1596 7
1448 90
1910 12
1470 2
3858 84
100 49
309 75
3168 60
2471 11
4376 8
4114 13
700 69
2595 48
2300 8
2597 3
1369 71
4441 25
1162 66
2621 27
2578 11
228 98
4519 69
1480 18
775 32
224 75
3397 81
2582 66
1945 59
2568 69
1762 46
3246 23
1507 95
1174 30
3197 90
4117 81
1428 62
3547 38
2711 68
4414 48
793 23
2018 91
4183 16
4562 86
4426 18
1317 98
3299 2
402 48
2664 28
592 15
4703 58
4509 19
4154 93
2139 43
47 36
532 9
3256 44
3400 8
654 89
3680 51
3247 95
1000 39
643 41
4129 65
2693 7
3577 33
787 86
1621 10
1754 48
3435 12
1165 5
2384 2
1239 65
1523 46
3754 32
110 59
1857 10
1398 84
224 62
195 4
1681 44
302 55
1083 22
2283 41
2286 10
1672 35
3946 43
3687 54
3402 11
2069 25
2552 27
3961 1
3543 53
4542 37
1523 84
4368 53
3931 52
395 29
3439 28
1654 53
935 86
3363 70
558 8
2832 74
1532 82
451 65
3633 54
4725 63
4103 14
1804 63
3055 45
2266 5
1017 51
305 70
187 72
3556 20
497 30
4222 28
219 60
3142 11
4969 10
932 68
4537 37
2145 9
1668 80
3456 6
3587 84
3550 24
1604 4
3278 99
950 81
4864 66
950 27
3370 82
3818 0
4760 95
1045 66
753 27
193 90
2543 63
241 46
3498 72
3433 91
1391 55
249 31
3527 45
1609 22
2331 29
3972 36
3020 73
3757 51
604 99
4888 32
419 85
3878 71
4869 31
1575 19
2291 83
1038 45
2766 74
4257 43
575 48
2529 95
580 46
3441 58
4543 93
679 13
4391 50
4019 30
4451 90
4998 49
630 83
2962 5
2544 82
3207 86
4666 1
4065 15
6 27
2360 18
3281 13
4666 66
1607 8
293 30
470 73
1498 3
1685 66
681 97
615 20
3592 47
138 83
3358 30
3577 54
694 46
1621 58
3780 1
4503 37
3751 6
4126 65
1510 49
2907 8
4688 9
2244 81
4203 39
3190 53
2282 29
2414 56
4420 8
4552 65
372 43
3684 69
2000 66
363 73
565 95
4283 86
2218 97
4284 13
1144 1
4679 45
2190 79
470 23
4006 21
3442 4
2984 99
3027 92
2419 90
3275 59
1211 36
430 28
2778 78
4641 67
3126 82
2370 83
351 25
2141 47
2901 94
3756 33
4746 93
4899 28
3774 9
3544 57
1723 48
3020 37
3838 57
86 20
3230 21
1709 52
4791 29
4587 93
3703 18
2947 3
2469 32
1854 29
3047 65
4823 81
2462 7
4959 67
1845 57
875 69
2686 42
214 29
4736 71
1985 95
2328 10
3852 78
1906 28
4005 38
2479 36
2239 33
115 56
785 50
511 6
246 66
3026 97
3840 34
2985 45
4329 30
571 5
2112 14
4909 72
3311 20
1248 6
2392 92
2468 61
4643 77
335 21
4741 88
1102 18
2118 11
2839 87
1396 72
1649 1
4065 0
1285 85
899 66
1638 34
2276 85
3404 77
3730 20
565 92
1051 73
3981 76
3651 86
955 29
4881 33
580 40
854 31
3571 2
409 16
2247 2
1072 65
230 66
4842 91
2850 77
4691 25
4742 6
193 71
2032 90
2327 50
4151 59
917 38
4080 48
4015 68
1791 75
466 88
1396 84
3084 48
4773 33
4983 89
4787 85
3489 72
727 93
4149 4
2885 66
1578 57
3854 96
1164 51
391 0
1142 37
1947 25
3636 91
183 15
2288 17
3988 39
4283 21
3570 88
3928 93
1681 29
3005 0
738 29
3460 90
4918 8
1154 50
2412 98
4228 30
1228 12
1970 17
973 88
1394 6
2785 86
3935 88
2963 80
4070 41
3159 58
2509 57
1258 82
1418 1
2566 50
2805 76
4457 79
2093 21
1634 93
2447 19
2389 43
2730 10
339 28
2578 30
3904 88
951 5
4045 26
277 12
335 50
1311 67
4207 26
4135 23
4015 39
3620 66
3137 1
3787 38
2991 43
278 1
4859 95
3941 16
1005 10
2005 67
3492 35
2290 18
2934 55
1230 8
3956 17
1567 10
472 15
1488 40
1352 77
1526 3
1465 15
1516 78
656 62
2680 11
2741 21
1051 56
411 43
1447 88
2013 80
2790 70
2083 51
3485 70
1645 66
3995 93
1511 19
2185 60
4402 86
251 98
1745 49
2073 52
658 35
3867 83
3022 89
3006 37
4215 6
2441 26
146 57
3390 59
4685 19
3897 92
1378 66
2486 15
2223 42
3265 92
3831 11
3562 51
2979 32
3721 14
2134 90
1847 47
3053 58
2502 1
4699 14
1647 93
2510 22
590 43
995 16
2381 45
2803 82
755 61
1560 54
3522 36
4066 1
3997 0
1022 33
3661 73
3373 94
1635 95
4550 0
378 40
4609 88
2970 78
2658 93
3003 72
2687 12
1684 45
3854 22
4731 21
1918 4
4690 83
2421 90
1634 88
4637 72
609 0
3008 79
1830 0
1551 26
3372 20
2400 35
2826 63
2999 85
523 40
651 85
1383 20
537 87
802 98
1030 95
1060 64
1294 58
48 61
2670 63
1028 23
1412 96
2831 43
468 17
3150 83
4800 25
2312 54
1275 78
658 27
3921 46
2545 61
2348 92
2364 29
503 15
277 75
3813 72
965 98
520 68
1982 87
1568 48
3275 19
2403 94
1272 5
2989 28
3096 68
4626 30
246 31
2692 23
1168 92
2297 68
1502 56
1275 50
4756 18
1747 35
621 13
3873 40
3137 25
3533 77
578 2
1834 82
218 49
4992 11
2420 2
1611 46
4787 51
4020 52
4987 95
492 25
2615 17
274 71
534 91
1439 52
2474 85
3604 47
3240 71
1133 85
2480 46
591 4
4972 65
1354 23
4063 93
9 28
2020 57
2398 40
4725 58
3171 13
3930 23
394 27
769 99
643 88
3347 37
1351 35
4120 51
2883 83
574 14
2451 76
4882 24
3561 75
343 49
1805 73
4928 17
3865 67
3868 55
1830 66
4376 29
2443 82
1426 0
4327 6
920 51
99 14
4256 23
4764 39
4447 9
91 46
384 98
655 65
3136 45
4884 22
4443 63
3147 46
4164 92
3358 95
2059 22
3376 17
677 0
2383 83
2218 98
2161 36
3640 8
996 15
1739 62
4289 78
2150 22
2461 21
716 58
1993 43
4686 33
2878 33
756 66
3177 54
3679 37
3138 33
3650 58
1477 61
3457 68
1601 58
1609 96
2316 48
722 68
1344 82
2177 94
1566 14
979 56
1719 44
511 62
4263 93
1624 95
1225 84
2334 57
3159 35
1651 31
3640 86
2195 68
3055 7
953 4
2133 39
2166 9
1455 99
377 26
1444 95
3604 21
3126 60
930 50
1434 50
3450 43
496 61
241 58
3190 46
316 83
1727 73
3359 20
2246 6
104 59
1252 74
3197 70
3456 43
1620 7
4287 35
1680 19
1052 72
833 64
2144 31
380 47
4872 71
3595 9
553 52
767 47
3745 83
516 71
3001 88
4139 21
4241 9
2919 35
4163 64
280 42
1711 60
393 53
4646 6
4797 65
992 78
1156 58
2164 95
1618 30
2662 22
4023 59
1740 94
3940 26
3478 86
823 10
4303 8
3357 10
1372 98
3896 7
2377 39
2801 74
1369 6
4840 51
692 81
3114 57
3452 17
107 49
4851 27
650 77
1398 25
2235 5
1989 9
3923 88
1493 30
4573 47
3088 29
273 2
4238 12
3799 73
1139 74
4074 53
781 5
244 52
314 35
2350 82
2135 23
1256 2
4167 48
4662 4
4514 29
2393 23
3424 57
2606 20
4878 87
1777 65
1369 13
107 55
3104 83
4780 92
778 34
4632 88
1321 6
59 77
1236 45
849 99
74 58
3459 60
2739 35
2574 7
4300 21
3683 56
448 60
3372 72
3343 88
4187 41
1435 84
717 12
881 84
254 18
4223 18
3992 63
2965 19
3286 69
3581 31
4795 60
3079 51
4943 94
3318 34
1132 62
1152 78
3865 75
2760 70
4296 55
2078 36
1912 54
4960 37
617 35
1806 40
1692 50
12 22
839 84
533 70
4126 6
906 10
4434 66
2679 66
4573 35
3568 77
2713 70
2954 81
3285 86
578 23
891 38
1584 14
4460 82
2174 46
1517 48
4420 32
1134 78
3416 48
770 58
3156 50
755 49
896 61
4999 53
1646 94
681 0
3410 61
497 88
3807 49
2410 62
4132 59
3448 23
1009 28
318 56
3163 60
3947 2
4959 6
2505 3
553 52
425 28
900 98
4933 93
378 34
2928 39
4330 55
102 47
2295 47
1193 59
457 65
1528 4
3252 38
681 28
255 20
3544 83
976 57
4587 59
3913 3
2791 58
3716 63
1721 63
3966 63
3712 35
1730 62
3578 8
2290 48
943 52
1640 4
1858 86
2173 44
909 21
1283 26
3448 33
3698 38
2288 79
3071 58
1272 83
4840 81
2383 24
4787 2
2661 82
293 7
713 15
4773 31
3948 11
2472 26
2948 70
3047 62
3586 92
4370 7
3806 99
451 1
2933 76
2944 59
3495 69
4593 40
3742 38
3136 91
4517 57
810 4
2895 66
1035 89
4889 98
4849 82
2843 30
317 47
4358 66
4587 33
3203 66
3529 94
2006 98
1567 40
1808 90
842 53
168 36
967 58
1258 59
1081 5
2829 13
713 71
67 88
2873 66
1669 64
2619 11
1889 89
4291 85
3087 19
1297 16
2371 10
1889 40
1229 65
953 86
1167 50
967 1
157 44
3964 77
1592 91
4222 89
1747 0
3729 54
2408 93
1974 28
3462 74
1739 10
4214 55
629 46
2889 87
2115 79
1493 66
1506 17
4974 85
2037 32
685 3
2631 5
1375 29
2904 70
3723 91
1404 78
2060 79
101 34
2695 98
4343 3
2461 11
2317 58
2843 70
3319 38
2193 71
2347 28
3782 87
3042 13
3465 29
1202 46
280 35
1011 83
548 90
792 42
2542 81
4283 4
2696 35
1131 42
4964 91
4832 51
1179 8
4638 77
4511 82
1555 92
617 82
3861 72
1620 6
880 55
2818 79
2272 90
4837 51
2613 47
1310 89
4334 18
600 48
986 24
1473 63
2232 97
3298 43
695 22
700 46
4223 28
2638 82
4769 39
24 13
3328 91
2320 37
2904 26
139 54
964 12
1288 2
150 91
3495 65
1582 16
1650 38
201 97
4225 55
3118 43
306 91
419 90
785 30
4321 68
4468 6
4935 54
3653 25
676 82
2680 96
2335 92
4842 99
3983 17
917 27
1724 32
2445 85
1144 63
2945 86
2218 18
4454 80
3304 31
1239 57
2313 7
1318 81
3673 33
283 52
1769 16
2525 29
1957 40
925 65
990 1
339 7
2450 77
2580 15
5000 55
121 77
4345 29
4744 48
4196 2
2255 81
1248 42
3747 82
3300 25
841 18
1380 86
2662 68
4374 23
1299 85
3489 77
3623 73
2790 60
4979 79
3303 2
4427 13
1780 92
870 86
2561 10
1637 84
3793 14
4938 28
3703 84
1535 16
371 37
613 85
1823 96
2499 70
261 13
2907 73
859 49
2755 73
924 14
4544 20
4338 80
4681 49
2143 43
4563 1
3215 89
2366 46
3942 55
538 82
2839 86
341 63
3375 15
2544 58
1853 32
3807 89
47 83
3272 26
1133 5
4547 64
1311 91
4070 35
1807 71
4729 13
273 63
4290 48
4342 2
3469 48
1204 1
1907 77
4836 75
2572 11
4598 69
3103 32
3548 71
2194 97
3165 66
3949 51
3602 89
59 71
2527 77
4795 1
4680 73
2682 22
2432 7
4664 9
3836 16
2326 6
965 32
3444 14
4093 15
3273 18
3654 39
908 55
4757 22
1200 5
4285 21
462 81
2839 85
714 24
4494 58
3991 19
2872 89
4898 28
2891 89
3743 74
3559 33
1782 44
883 30
3182 78
2324 37
4340 29
2520 25
4879 90
4593 82
3960 67
4497 10
3057 77
3742 82
4531 69
4160 84
2394 46
4319 29
2291 8
3731 47
1454 38
4520 98
2993 60
475 21
2341 8
3677 36
4519 63
3779 72
593 94
1965 72
899 93
4667 13
3413 68
1073 19
1516 12
1191 52
3984 16
199 27
1128 83
3880 27
3692 4
3420 38
3844 48
3955 10
3284 43
110 46
2089 26
1986 98
4710 74
4965 2
27 47
2430 76
4284 62
4550 66
3630 45
1271 82
4280 24
1542 33
1576 67
4096 81
65 14
2601 63
2475 49
3649 39
4589 71
4646 1
1577 34
2368 25
2169 0
3064 8
1538 13
422 47
446 90
27 1
3530 0
2746 78
3641 7
4879 42
591 74
134 43
4502 92
279 67
4625 45
3310 23
4849 49
2420 63
3629 17
4280 36
4595 61
3556 22
3766 27
2967 96
2474 50
3708 48
165 72
2789 77
579 93
3679 21
2865 52
1159 53
3049 63
1021 15
4319 84
4830 92
4376 48
765 16
4142 52
2215 83
1586 97
1752 8
2373 46
2772 90
4016 37
4393 36
3435 2
3869 78
4380 10
3530 27
2002 38
1933 66
1312 59
1726 74
364 12
1753 12
1088 37
1240 15
669 84
265 69
2984 29
1329 97
1779 73
1922 33
3216 85
2185 70
4259 26
2548 47
3891 51
588 81
2078 4
94 28
3403 51
3790 83
3214 71
1420 64
1465 3
993 55
3836 44
4911 91
3105 64
3193 54
3376 72
3685 72
4278 44
471 73
2712 12
4473 77
3071 54
109 55
4834 62
2186 47
463 39
3047 21
4998 86
3519 87
3268 94
4830 87
2011 26
2828 95
3678 90
3378 50
2732 81
3131 48
3044 85
4079 14
4064 98
4246 84
1412 40
351 42
3354 54
232 55
3972 86
3394 12
901 81
3238 17
4992 9
30 58
3573 2
731 59
488 93
1091 76
1576 79
2573 86
1435 78
4565 81
168 7
1550 32
4091 84
3346 10
4270 51
4245 85
4001 6
4409 8
4849 77
2341 11
722 27
3481 35
4836 89
1938 30
4431 74
1917 1
4929 46
3106 73
1055 88
258 28
482 18
333 42
4980 46
2142 91
2656 60
2790 15
3738 76
2729 76
3218 55
408 47
3753 91
2920 48
12 18
2801 60
3038 22
2839 97
341 40
3775 5
1947 26
4242 94
4225 81
862 50
1406 18
2919 86
2362 94
1865 37
1734 53
4024 70
1270 67
3140 14
3815 88
2774 68
914 75
3953 42
1749 89
3359 93
2447 97
739 33
3166 37
4983 68
400 51
376 88
4551 95
2729 92
3578 6
793 50
110 85
1131 97
4918 55
2179 48
1274 5
4582 9
1879 9
4267 70
4982 72
4161 2
1790 13
4444 14
1953 15
3987 30
2327 0
2420 93
3460 39
3681 91
3961 56
3135 60
3908 0
3978 26
125 23
1829 89
2825 50
1845 21
1235 45
1727 27
1496 10
172 71
3286 16
2002 10
3722 56
1070 79
556 71
106 81
611 86
844 25
4177 93
1918 87
1364 14
1602 53
4712 3
2595 36
3133 38
4890 39
1703 47
4129 13
637 94
4075 78
34 0
4837 90
3872 2
1849 64
2394 52
3583 52
1257 3
3864 84
1403 66
764 29
2387 43
3507 32
3373 44
1340 18
3099 39
1735 62
1664 8
3841 84
1046 6
4837 9
2757 24
3872 34
3183 78
3881 62
3663 81
1500 68
3174 52
1762 83
145 98
877 20
2325 91
1849 41
785 59
2518 66
2740 51
479 24
3231 79
1119 19
1067 57
4025 85
2875 98
4119 90
3867 48
4857 54
4228 28
2471 56
4447 51
4846 23
166 68
535 2
1804 80
1030 19
935 11
1553 10
4433 73
2647 77
485 17
4608 62
3412 58
1181 91
1269 55
3860 31
2362 5
659 37
17 23
3874 76
4891 93
4804 70
4629 25
1609 49
3825 20
4609 85
2921 57
4098 73
4667 42
3913 74
1784 6
3550 44
4756 81
1656 81
4603 78
1713 72
1415 44
336 9
850 72
1040 96
3526 80
2442 54
2802 33
3176 90
2262 91
3412 49
2029 7
2875 54
3913 9
1230 37
3022 81
1502 36
126 76
235 76
2297 87
836 29
1946 59
1019 83
2076 60
3895 66
28 53
1937 38
4899 79
1683 77
4722 30
700 56
2269 82
1521 4
1653 96
479 78
672 59
12 13
63 65
2329 40
638 76
3009 13
4356 66
565 47
534 17
743 87
209 39
1619 3
3012 47
196 38
4599 13
2951 54
3777 95
3239 19
4146 49
2864 50
1364 46
118 99
1857 91
3986 95
2347 13
2996 13
1469 76
2257 35
528 29
2226 49
514 92
590 27
2677 27
4629 45
4260 47
4358 24
1227 31
3257 22
2083 10
4463 75
4354 15
1347 39
2593 61
233 54
348 18
2758 63
4924 26
10 92
2182 12
879 75
17 50
4248 67
136 75
3135 9
151 50
2207 82
139 76
4573 62
4014 89
4014 34
3694 58
49 4
603 14
186 67
1983 37
1003 66
4723 91
2870 81
2154 71
948 92
94 27
2223 62
1661 45
2098 45
3207 54
781 33
1945 22
429 35
3002 27
4700 51
823 12
1647 58
333 31
791 19
1184 74
4432 42
4903 40
1306 30
3519 32
3720 11
918 55
1970 20
1322 8
4232 77
2366 66
380 6
981 11
1851 74
1361 38
2425 52
3237 71
728 59
4340 75
1579 5
3265 39
3935 23
1890 62
634 63
1079 55
4844 15
4445 10
1048 42
1704 42
143 96
1752 98
1463 78
261 46
3580 87
4979 23
2862 30
3872 0
4998 77
3213 31
344 16
4777 25
2617 45
3239 1
2355 15
2429 70
2526 72
4394 49
2473 23
4045 63
89 66
3049 22
3305 29
4837 66
4316 17
2748 28
2426 60
2016 85
4424 59
1827 26
4703 0
4162 24
3988 92
4436 46
1454 83
3119 35
778 64
1688 13
1164 17
1217 74
2305 59
4487 25
4274 85
1596 59
3751 40
4191 89
3099 75
2248 57
3188 47
3167 83
4270 7
599 50
214 7
4783 19
4713 94
2045 80
1127 20
3046 96
3224 39
630 72
4039 23
1163 27
3309 66
2540 39
2704 85
3953 86
228 29
2063 40
1262 88
1149 68
4736 73
2663 92
2348 62
2509 72
4357 39
4248 92
870 2
1703 64
1254 2
574 31
1837 74
863 30
1975 83
3176 94
4736 83
458 24
1419 82
3047 44
413 20
2907 3
3653 12
3285 54
559 57
3321 26
1140 83
4879 61
835 45
1733 89
1780 99
1047 31
2280 42
3289 59
811 50
2450 43
2156 65
942 6
1375 17
4709 33
3349 19
2154 40
2718 27
2276 90
4775 59
3461 77
2195 30
2058 7
3405 61
1228 53
4069 16
1861 87
3176 63
4697 60
920 15
1813 21
2254 65
2381 36
352 59
3594 28
4499 97
3021 68
4740 12
3225 93
4834 93
2523 67
4842 11
2725 66
4750 76
3252 0
4739 4
2011 78
1428 12
1366 60
311 85
3811 8
3072 19
4063 96
690 34
3452 42
2982 20
3486 27
4772 23
1531 83
3 39
4423 21
2379 75
670 66
3504 84
618 90
206 10
1016 65
4300 15
3240 64
3837 72
3647 39
3681 90
1801 12
1803 1
3020 11
4178 13
1373 87
3982 52
1783 6
3705 87
3256 42
2269 71
3125 18
1325 81
4451 85
4269 14
4975 61
4781 88
2507 20
317 20
3499 72
2122 51
164 33
3240 29
2440 77
4763 67
3003 10
694 24
4800 29
4799 25
902 29
2909 7
3023 5
1196 63
2331 0
1705 84
484 35
1531 85
943 24
2298 54
1200 79
1293 57
4482 46
4457 62
4879 18
2858 31
890 74
4660 88
587 4
677 81
2731 41
1154 34
3334 37
3362 37
1587 69
934 40
1175 26
820 85
847 22
175 50
2438 74
3753 11
1167 89
1193 4
791 65
3701 2
2372 75
3613 48
3993 7
3797 43
356 15
4892 3
533 81
272 88
3496 17
1298 27
835 89
3970 27
1187 73
131 7
3634 53
2822 92
1337 67
1370 27
1358 63
3038 16
1299 37
4998 73
338 39
3548 88
4021 81
3321 64
2056 21
4330 99
2507 38
2341 2
2157 98
3488 29
4468 40
2170 92
57 64
1186 45
3945 35
1981 47
2674 67
4253 88
2031 5
2312 5
698 99
869 84
4290 4
1885 21
39 39
2299 96
2977 33
1173 25
1379 49
570 51
3257 28
690 19
2362 8
2940 52
3831 8
3730 23
3338 9
1828 12
4890 30
1626 83
1484 13
2587 4
1157 12
2125 93
915 71
4308 17
4054 34
865 97
3997 78
226 85
4154 44
219 84
3486 70
1869 33
3812 95
1256 4
3636 70
4879 39
4483 47
1298 18
1900 49
1150 98
168 98
3866 62
3474 85
2997 16
1354 63
541 57
3390 75
2074 79
3311 89
1188 19
3621 6
2008 44
2645 9
4209 84
2301 22
2803 98
2575 41
2252 7
4602 47
437 83
729 61
4072 2
407 48
2665 1
4379 79
2013 8
422 21
3420 41
4313 3
4608 55
3442 97
4309 61
4679 15
1795 30
1129 71
2660 8
4975 12
1512 17
706 86
1569 0
191 52
2614 5
1873 88
166 69
1295 56
1934 5
1740 7
1798 60
2620 30
1246 88
3059 2
2622 59
4661 34
834 24
864 70
2060 80
2042 93
4730 89
1473 16
4555 57
2500 30
379 42
3441 76
2741 41
4615 77
80 47
1372 22
833 10
3480 27
3227 77
4813 44
4051 69
4497 42
4837 14
3524 62
2326 47
1447 24
522 50
1693 8
4812 32
2123 6
2337 12
2968 89
4078 73
1317 21
3371 79
2085 72
1028 59
1635 75
9 57
4026 64
469 87
91 14
3800 94
4396 11
1617 17
2345 28
4203 21
3298 92
480 6
4045 48
3678 68
524 69
3105 70
3474 64
3275 85
4724 44
1351 33
595 78
4312 23
1389 26
3686 95
720 44
4904 18
4008 80
176 78
1348 2
2936 46
470 29
798 59
4997 45
1995 46
1199 99
3143 60
3455 0
139 58
4615 51
757 70
1917 37
502 26
3908 91
4434 37
1263 61
4624 22
3662 41
3702 70
2151 75
2035 70
4590 57
3530 33
856 9
3648 57
2249 41
869 13
1832 1
1820 29
2028 53
54 23
1995 22
971 18
1192 63
526 66
266 22
2485 27
2582 0
3721 20
2512 35
4462 16
4326 74
679 21
4414 20
3556 43
301 78
1696 40
1970 67
2248 20
4620 73
1949 82
2375 9
4067 64
784 71
925 60
2942 69
3569 56
51 96
1228 3
1525 87
4599 60
3799 56
806 59
86 70
2336 17
2641 41
303 98
2212 15
2471 43
261 87
1607 80
111 28
2951 82
3756 36
3359 48
478 96
4835 68
3210 96
2556 17
4733 21
4510 53
711 12
3166 69
2295 80
3891 44
4347 21
3007 45
3801 65
2446 38
2415 13
3199 0
595 35
1626 26
2559 21
3551 51
4608 15
4285 26
1007 32
4108 88
1519 46
1950 48
3848 89
4598 93
820 8
1300 88
447 23
2819 47
4130 56
3147 79
1590 43
3983 43
3286 58
4763 85
3200 53
3626 67
4269 69
1783 88
3602 58
4775 70
1749 39
394 88
3883 26
3243 36
3095 82
1044 42
3790 83
4211 71
872 20
324 69
3701 80
4469 16
427 86
240 59
4597 83
3261 74
4431 82
3233 16
1692 5
1503 75
3599 57
4750 80
2417 91
4170 31
2416 46
532 59
876 20
1315 35
1946 3
4931 14
4952 36
4523 98
4582 7
833 84
4196 91
2854 58
4662 57
568 37
3673 10
2108 28
4587 49
1197 36
4678 55
2420 84
2427 57
4865 91
1973 71
1586 90
4856 6
1841 86
3801 87
747 9
1109 82
4784 30
1268 4
4838 21
249 71
2763 82
2130 16
4196 16
3193 1
3326 9
2333 60
1694 18
3148 1
4639 39
1419 45
4341 7
3269 21
3114 40
709 63
4520 51
194 50
1099 21
1455 46
367 43
593 15
4610 39
704 43
1817 38
1150 48
3904 60
1853 53
2231 31
3221 14
4857 7
3943 33
1858 30
1631 39
4316 58
864 92
3786 57
3219 75
3104 77
3752 69
1192 53
2995 2
978 51
4793 22
3868 44
3930 86
1356 87
1837 91
4320 43
813 99
2826 89
4934 38
4639 90
4002 57
2352 7
2692 59
2712 49
2703 21
4908 78
4583 42
3520 99
1059 73
888 91
860 25
4604 3
1662 37
4542 25
288 5
4107 63
3470 12
3458 63
656 17
3397 96
4888 71
1432 81
719 95
4271 62
3266 74
1282 25
2569 72
2116 27
1276 65
1025 85
4833 10
3385 14
1516 95
2326 22
4261 47
4450 13
3024 88
1837 89
317 11
2138 33
1286 5
3369 13
2318 27
2604 9
4365 21
4431 45
117 44
2724 82
1770 38
4929 78
3795 10
3748 37
4271 46
3637 16
1906 63
510 57
3553 28
4743 19
2713 99
612 43
3872 41
2012 56
1701 20
689 53
4857 29
2912 16
1561 82
2381 99
4940 84
921 12
2806 2
4517 51
2235 85
3329 75
4564 26
2066 58
1880 93
4765 93
229 23
2103 90
2563 28
3979 56
370 80
4720 15
3253 32
4635 35
2772 89
4508 28
3802 42
1335 67
4107 44
889 46
3772 26
3231 21
919 65
771 87
2910 23
2246 52
2842 91
2746 7
2071 71
4049 16
4715 25
964 43
470 82
3611 99
289 90
1981 36
4733 77
1987 74
2270 38
1033 92
1303 73
4354 40
1454 12
675 58
606 6
445 22
4480 65
3728 72
156 54
4964 43
4731 5
1884 67
350 32
2637 83
2214 84
3082 21
351 41
1641 22
1340 92
3554 39
3161 25
3899 70
928 63
521 36
4561 78
2693 26
1041 79
2776 76
1309 4
3871 80
1587 92
1071 94
1587 16
2098 71
3849 2
429 84
875 82
1872 10
383 48
4389 66
3978 50
2400 20
4668 7
3152 3
3989 40
116 2
4168 68
789 85
2215 99
3021 80
647 86
335 57
863 36
2895 55
3384 31
1578 34
4869 7
4284 87
4053 7
697 28
4526 90
2664 24
428 73
871 26
4559 70
1131 86
1628 64
4453 69
584 74
3664 85
3331 12
854 69
3947 5
866 40
4985 28
4055 10
877 89
4310 4
2813 71
4306 47
1238 71
2397 16
619 22
1180 80
3128 37
3868 82
3614 24
2734 22
4729 17
150 3
2612 49
1594 86
3447 42
982 19
4379 71
2392 10
856 22
4637 59
3763 11
731 30
1628 40
523 89
1341 31
1542 77
2862 39
4429 38
2922 10
1255 71
2933 40
1319 89
8 80
837 19
4054 12
3459 2
1601 35
1645 45
4338 74
3092 58
242 38
2210 19
3357 94
4545 34
4871 86
38 0
3062 6
4619 93
2898 41
1387 22
481 47
135 70
29 81
4161 72
1852 68
3944 37
2238 37
725 34
1994 29
1042 68
1562 2
2226 26
2339 45
1961 6
2050 11
4632 38
3282 66
3851 46
2067 1
4213 91
4630 45
3090 64
3594 89
410 91
593 31
907 46
4729 69
2465 41
3970 57
1134 32
1154 97
1623 30
3707 53
941 81
734 20
410 3
2500 56
3934 94
4532 49
4320 29
171 56
4596 19
791 22
2047 82
2942 85
1729 27
4772 86
4609 64
2205 48
3163 59
3835 87
277 73
3590 22
2749 11
3271 43
859 91
2075 74
363 69
71 16
4756 27
115 26
2556 23
782 63
1495 17
1217 59
159 18
567 13
4692 13
371 25
1895 29
1150 96
3559 86
4194 66
3410 82
1322 65
1092 54
2506 94
635 77
1957 66
10 26
3011 13
3648 42
3653 91
1665 9
210 53
565 93
219 81
244 2
1402 84
3393 87
228 20
4518 70
3118 70
3288 66
3719 34
4859 30
2509 34
2553 77
582 76
2957 5
2494 18
3364 96
406 61
2983 27
3108 14
1580 12
3104 27
2620 60
96 19
4668 74
5 31
2096 55
1972 51
2333 80
4784 7
306 29
1176 1
2364 91
542 45
2816 32
435 84
1199 37
265 45
1661 4
301 98
3321 48
1924 11
218 42
1816 54
352 37
859 4
4658 52
4404 88
88 38
1558 74
856 19
2882 93
2272 70
1525 97
2975 80
1219 76
283 98
284 41
1750 97
3700 82
4627 29
2457 92
3429 88
829 13
2721 85
2701 9
1469 29
1240 6
2713 56
1706 62
2859 68
197 91
4557 93
3624 59
1061 42
4168 46
4378 66
3381 92
4156 56
1586 65
1165 87
911 10
1825 7
1302 15
4240 59
2110 29
2788 17
2672 51
3882 43
4477 45
591 28
1240 62
4052 93
272 84
1508 29
1428 71
259 90
4357 7
2854 78
968 29
1758 5
1240 1
2643 49
1175 29
3890 15
1159 73
383 47
3633 13
188 72
2602 1
4034 20
4375 95
3176 12
13 62
1176 20
733 32
3460 44
1415 29
302 11
2987 21
4592 78
3393 25
3706 71
4440 36
1863 16
1616 15
3715 8
2880 9
1270 63
2637 72
2458 63
3738 25
2780 23
4711 13
2138 88
4087 31
1233 46
1413 61
2782 86
3845 54
1553 44
3310 28
2333 83
2139 58
544 9
2849 47
17 1
4379 71
1600 91
4583 52
4524 5
3500 3
3630 69
4776 9
420 58
2015 22
4494 11
356 21
614 16
4591 18
3415 71
1213 3
4797 13
4833 73
1694 89
3735 96
964 92
2607 92
2151 45
3230 29
440 82
2180 93
1095 33
3230 84
2914 14
3693 53
587 82
912 7
777 58
1927 88
1056 36
754 35
1297 33
2948 25
2509 74
4673 2
1942 57
1281 35
325 44
2782 93
3588 96
3566 13
4441 64
1303 90
4830 24
3615 60
4335 30
1549 35
4993 48
3928 20
2883 70
2981 26
1561 16
4937 67
1332 20
4469 5
1309 35
1534 51
1250 32
4962 12
3432 8
665 75
2799 20
1625 23
4334 84
4363 98
2414 24
4370 15
447 43
2657 22
327 26
445 11
2190 38
4833 86
2171 34
3082 45
1258 13
3717 52
4935 43
1537 37
3932 48
2933 1
4946 63
991 46
4769 42
425 67
3608 64
668 95
398 45
3060 11
142 43
1991 79
97 0
866 26
4346 95
633 97
2120 50
71 23
4854 59
2773 61
3739 32
242 64
465 72
1939 93
3804 94
2319 46
4646 39
991 77
4964 9
3769 70
253 50
1217 39
3758 15
4484 26
1874 27
2130 27
105 3
1913 39
4853 59
4387 40
2912 72
931 18
4880 33
180 29
1816 89
3318 28
585 30
2010 92
1630 25
656 72
4976 11
4077 58
3089 75
786 88
2944 46
731 5
4770 47
3798 94
2361 51
3094 74
2522 96
2651 35
4473 93
3645 11
1335 59
4068 20
1969 15
2056 60
4820 12
1726 68
2785 49
663 26
401 72
94 60
3857 86
831 79
31 5
2556 2
1059 60
109 64
3312 95
3334 7
3119 72
3115 75
305 97
4492 50
603 38
199 30
4017 84
2375 94
2882 67
4497 46
4325 61
2562 98
3035 7
3022 22
4976 72
4150 88
3104 33
4249 56
921 1
1468 21
988 0
4393 91
920 11
2235 12
1265 29
2080 80
3347 11
801 28
423 15
4340 88
4894 82
2166 57
3917 29
4146 84
2706 65
117 72
1998 96
523 8
50 33
826 66
4478 18
2517 12
3223 28
763 10
1450 49
3495 65
522 54
1337 26
2740 95
2987 27
2036 1
1066 41
3197 2
1681 14
4556 28
2415 51
1079 39
2396 71
4288 64
1922 7
4158 12
4527 47
3385 31
1965 23
2499 73
682 72
1445 72
2785 54
1566 47
2040 49
3623 33
1280 83
2254 26
828 6
1651 95
695 67
3812 91
3970 6
879 30
4585 71
3644 52
544 19
2604 15
4935 30
945 27
1191 83
3961 51
4737 71
1048 18
3150 63
3007 34
2311 58
2748 70
4264 23
3889 73
2340 80
1484 35
3226 17
1552 81
27 34
4401 63
2868 78
1611 86
1755 80
4878 21
3370 36
574 69
2935 85
4739 82
1687 19
1551 64
3249 37
5000 39
3647 18
3696 4
596 68
842 93
4530 25
4938 97
980 51
4714 2
2983 75
908 94
622 18
3655 52
1954 35
4009 86
464 33
76 77
3498 31
2020 99
1570 39
3177 58
4443 68
3340 70
3377 92
2707 75
1824 16
1242 10
3671 36
406 26
2109 6
1262 54
4761 60
4931 86
2478 73
1943 23
3194 62
4280 7
2850 9
1400 6
2601 19
2133 7
4533 47
2555 1
4765 47
4343 0
3654 88
4757 92
2934 10
3247 72
2342 19
1944 1
1028 99
1502 81
770 40
2179 39
4864 26
1969 77
1989 40
624 24
3559 0
3972 35
3778 17
77 60
2115 4
2275 84
152 41
672 66
4922 7
2991 71
4951 16
3465 20
527 29
3636 35
3360 60
2204 97
2168 50
4606 36
2860 92
3402 20
1850 79
1960 8
2108 82
4440 2
1710 84
3455 45
2234 10
1647 56
1851 33
765 77
3959 4
4390 19
4999 34
3695 15
2994 86
3903 40
2654 11
2471 51
906 1
3040 71
3323 29
1707 54
3590 91
4518 96
2662 66
1954 37
287 32
3026 84
3054 52
305 42
2988 83
2140 1
1044 48
1014 69
839 96
1385 68
2457 24
2115 65
2442 5
1156 1
2128 85
4048 9
1635 0
4210 49
981 81
2132 13
314 71
3051 69
1446 2
1663 91
945 61
4694 46
427 34
3360 54
1067 71
2501 61
4596 91
4567 61
1400 80
2451 27
2107 70
1828 6
2002 86
4113 18
3899 73
3033 8
4744 32
4710 4
1952 32
4576 59
1689 7
62 86
2788 62
2666 73
324 43
1253 3
3648 42
1546 3
2843 53
467 8
1728 20
3119 28
2930 7
1567 74
3873 65
1719 55
1562 67
1794 44
908 35
4044 2
1825 65
1011 77
4010 91
1717 75
1598 96
4974 77
3856 86
304 58
3132 68
628 49
3424 1
2476 30
2391 24
4577 76
3765 7
3854 84
1221 68
1732 62
540 61
4006 88
3251 11
2222 19
322 0
4712 19
4449 97
3925 87
4592 60
3722 11
93 33
1311 75
3975 84
1515 46
1724 28
4635 14
1449 33
3235 52
4674 14
1332 0
1826 14
1256 5
2618 8
140 16
3217 57
4760 94
3332 21
3352 26
1079 97
291 41
3577 72
895 98
1541 97
2864 72
796 69
3856 76
43 77
781 33
752 12
876 65
1203 59
1484 43
2925 4
2370 43
2660 76
4012 51
3315 68
1221 47
3860 68
4622 57
4196 87
1863 64
3273 33
3119 9
4837 56
3600 9
186 50
205 56
3457 9
4925 37
3812 99
4315 6
1796 36
1148 28
2435 27
3113 32
506 33
3941 48
1445 69
4158 58
3285 70
3732 19
345 63
3166 53
3388 27
141 0
304 23
2613 46
4828 77
4219 33
1253 86
95 96
3618 44
4847 9
2245 37
2700 42
393 81
2976 69
3657 60
1521 24
4752 3
4283 21
3724 32
596 1
4104 24
4724 72
3471 53
2707 64
4814 42
4401 59
1157 0
4257 9
4973 39
6 66
1730 62
3397 35
2887 53
3960 10
3875 31
175 86
4406 15
1142 68
4338 3
3411 11
300 24
2079 58
3248 38
58 66
942 62
4150 96
691 18
3422 82
1257 34
4183 41
1177 98
2684 79
2745 4
145 70
3260 7
4467 91
1230 40
1570 49
4738 41
104 30
3359 87
4222 32
3723 0
4176 46
2804 99
1333 1
94 10
3580 32
2392 6
736 97
106 90
3116 34
2783 87
1202 24
2394 37
3435 40
2487 23
719 0
3032 18
138 38
4715 76
4673 56
1523 55
3534 30
2258 93
1968 17
3839 32
3768 42
3203 28
2346 1
2611 43
297 35
4121 87
222 78
823 48
2901 27
1140 13
1800 94
1739 74
2943 41
3489 65
3514 62
1539 81
4540 51
3026 92
3972 78
3490 74
663 60
631 56
4733 23
4809 37
4037 8
1985 73
2548 21
2423 41
1191 64
273 9
788 69
4087 40
2743 82
1079 37
1316 8
1137 47
560 58
1391 6
2141 56
2822 2
3995 71
4551 66
3639 89
4168 33
1674 97
501 2
769 14
2251 35
4160 19
2117 92
2437 47
1407 46
3613 26
1751 89
1437 73
1940 56
1081 94
215 91
3555 1
4857 4
2953 53
1984 67
2879 66
2590 43
3177 55
2549 12
4840 79
3687 58
3786 89
191 15
2369 8
4698 86
1829 10
3179 13
2466 75
3236 44
1982 71
4763 96
3432 46
2639 31
1951 42
1914 84
2985 19
3285 12
2831 74
3024 11
2417 38
1915 20
3855 51
2166 11
3152 82
2303 32
3494 13
4573 94
4260 69
1732 89
2455 40
1095 80
1511 19
2422 78
4546 3
529 71
2146 59
2736 35
4754 97
303 46
1179 52
3819 81
599 41
3194 27
4582 37
1470 19
599 23
833 66
2060 84
62 49
3617 75
1679 99
4924 15
1891 95
3478 39
984 80
2663 76
3129 49
4079 19
4500 98
4109 46
3137 53
4026 84
3560 47
2877 62
4318 3
3286 77
247 7
444 43
3202 26
3140 26
2861 23
2403 64
3918 41
4683 78
4560 79
3448 38
4077 33
890 21
766 77
2384 95
363 36
4419 2
2216 39
957 73
4673 43
4953 99
3994 25
3561 25
41 78
799 22
3537 69
2116 25
4384 36
2586 25
3224 40
4072 55
4412 18
3975 43
2071 16
3860 77
4721 19
4439 65
1703 36
3480 70
2861 70
3266 27
1590 48
4790 81
1816 62
792 38
4100 62
2129 50
3859 28
3955 62
4848 81
756 52
241 0
1592 99
486 52
2964 49
179 96
886 37
2189 11
4736 80
3789 87
2382 18
3755 87
3763 69
3937 32
4019 25
2757 78
3339 92
1076 98
2897 64
459 60
209 27
2905 60
4245 98
4062 87
1110 58
970 55
101 16
4485 94
3369 22
3773 46
1922 80
2748 11
2443 29
1940 81
4807 85
2789 11
2440 56
3959 92
1549 8
4184 0
740 2
2670 88
687 89
617 8
1544 81
493 58
1528 48
1726 3
1152 31
2812 46
3303 43
2840 96
4454 97
877 98
4165 52
1194 22
202 54
2680 65
4156 92
3917 76
3912 43
3084 72
4538 43
2821 46
2539 61
2656 85
1269 82
4091 85
2536 62
4611 8
1324 11
1341 51
3761 75
1294 26
1970 62
2713 70
474 67
3267 11
3620 26
2885 3
1613 41
1947 35
2522 17
2257 2
2767 21
3010 38
3912 82
2449 15
1223 32
3969 98
3433 2
3312 58
3602 94
1201 15
2745 32
3694 78
3523 73
4737 45
1468 4
4396 24
283 14
917 54
493 5
2072 75
1364 66
4870 26
1344 14
3431 89
628 84
3650 75
3836 95
3823 68
3043 24
2118 0
1365 77
3844 81
4317 95
1829 34
2595 97
1411 95
97 43
1267 80
3046 89
1268 22
2768 71
4183 84
1428 44
1862 63
1584 66
176 25
1163 69
4634 20
2765 33
2193 87
284 67
3478 10
300 7
4822 19
3806 40
3624 98
1454 62
3997 75
1930 61
3579 41
4252 20
2387 72
2650 17
4829 25
4226 58
1148 40
4935 58
3084 37
605 20
3600 22
1063 12
954 51
3077 3
1206 5
3908 55
3827 8
3011 14
2463 3
3367 32
1119 8
4058 43
4500 51
1751 14
2132 41
4205 86
4193 96
38 19
1806 70
1171 59
442 69
4946 39
3810 12
4615 55
2463 69
3881 68
268 13
1477 33
4148 40
2051 58
179 20
1794 46
1406 20
3700 71
3099 29
4278 17
4421 46
3628 42
463 63
1766 36
998 11
4862 89
1906 7
699 18
1217 99
2800 27
3793 47
4501 48
2854 78
1919 79
3386 47
3699 7
1668 1
4529 39
3862 37
1939 82
4255 71
3728 72
434 99
1829 48
4132 56
4776 85
31 76
1751 80
1886 1
3730 61
395 69
3666 7
2144 95
1977 67
2893 57
581 11
4719 30
4621 61
3821 77
4357 69
4414 86
161 78
3290 27
2663 93
1304 97
1066 73
4024 18
996 96
4148 48
1007 63
524 62
2451 2
1896 8
541 95
3189 43
2381 72
1538 76
4058 1
678 10
2874 4
3650 61
1550 47
983 37
4837 80
4837 4
4743 73
2908 34
1353 62
3652 14
1640 0
2899 94
4965 61
3574 77
3666 39
554 34
2615 18
1364 22
3669 15
426 29
1121 55
4381 53
4322 30
247 3
2164 91
4634 60
1399 52
4615 17
1931 9
4144 81
2734 95
3950 93
2836 25
4237 31
3358 13
561 28
4427 18
3465 68
2291 0
2095 0
4222 96
1881 15
4125 30
1360 9
3256 54
1165 3
2094 45
4767 12
869 17
974 81
3500 83
3752 56
261 22
688 73
1592 68
3180 65
4069 46
2329 29
1758 60
4559 89
2890 54
3724 98
1483 19
113 25
18 32
1577 89
3422 14
4925 41
2312 34
4010 87
3654 80
4005 36
4918 49
393 34
4997 28
4505 26
4456 93
4335 28
3537 98
76 18
2881 83
693 94
4934 42
4676 88
4179 25
133 25
3661 96
4130 14
1166 94
617 82
761 11
2702 69
418 87
723 13
2182 16
4320 85
3736 48
4369 24
4548 96
1374 33
1592 67
4203 26
4947 28
1127 20
3965 62
167 91
1387 6
4204 64
893 89
689 69
298 50
4153 11
3062 86
4173 98
4114 79
1223 76
2725 40
4623 7
703 71
2142 63
4842 98
2466 12
4508 0
2745 23
1488 11
1714 36
555 4
4692 54
4246 86
1643 76
1774 92
115 98
1363 69
3592 36
643 21
408 86
4788 86
3145 64
4498 45
3474 90
4266 41
4915 67
2001 15
4007 61
1804 53
4322 29
4617 21
53 58
58 0
1359 47
3429 66
4451 71
4905 48
3190 53
3027 10
2945 55
4868 13
883 82
1536 61
1874 14
3929 18
2381 84
226 42
2353 57
682 90
1697 84
2474 86
2079 19
4274 59
2173 52
1990 68
1924 98
2051 38
2611 66
3682 34
4603 11
4670 82
2041 54
4548 19
3345 32
3416 89
1431 50
2996 25
143 19
1819 71
839 88
389 28
3576 77
69 26
351 38
2386 73
1922 41
564 28
4860 14
3029 85
4290 63
3945 17
2698 90
880 70
1913 20
2308 53
2714 35
3960 23
4493 41
2012 79
41 67
4634 6
1143 18
1761 70
998 63
3685 24
1346 39
1727 30
3452 54
523 37
4747 4
1118 33
1420 52
3653 3
3342 64
1531 21
2093 46
436 36
347 6
1649 99
4625 20
1184 37
1736 36
1371 65
2998 98
375 26
4005 87
4632 9
1153 7
1106 46
406 6
1937 90
2186 79
766 34
1367 57
4885 3
4101 85
523 89
1715 21
144 39
2307 89
1191 49
4998 69
137 55
4296 90
704 76
2764 28
1218 49
4211 0
3635 61
3876 68
1656 11
3920 49
3858 68
3501 91
326 37
2797 60
630 32
4935 29
4528 35
4784 98
3157 66
1245 53
4352 30
2927 97
4619 96
1015 76
4877 11
1107 66
3019 83
4255 17
2911 47
1536 70
2589 75
4793 40
815 50
4899 25
953 15
3462 84
3194 59
3912 47
1283 46
12 99
363 0
815 46
724 52
3921 65
4696 65
1512 97
4653 5
4486 36
4526 91
2961 21
4163 64
4691 22
3261 61
2540 65
1328 44
249 9
4521 38
611 2
1073 40
4248 86
52 23
3997 64
335 73
2150 61
2113 0
721 54
4938 73
287 63
1618 75
2557 83
4711 12
1980 43
2688 61
3747 18
1186 70
3899 40
1183 62
1780 54
2232 72
2634 6
457 20
4931 92
160 33
1651 40
4219 36
541 6
4073 65
1774 49
105 26
2507 12
3970 60
932 6
449 24
3539 63
2578 33
2660 15
214 27
581 73
4124 50
3804 4
4917 1
4568 29
2845 40
57 64
4726 47
4487 70
4009 82
2775 75
884 39
1309 0
2843 30
4968 55
100 59
332 71
1884 12
4264 5
2350 73
3281 97
3998 83
2238 66
2765 73
2159 83
4572 71
354 37
1254 45
3762 27
1526 1
1750 78
319 67
934 10
3281 76
4877 29
1183 21
2308 0
1814 0
929 69
1416 8
1536 55
1051 14
1907 59
310 54
1177 44
1868 38
4681 17
2500 37
936 43
2094 6
2669 42
18 77
3024 7
4764 96
2366 1
776 53
2794 81
3061 60
1581 59
1363 84
1946 80
2949 35
1234 0
2820 73
331 50
4410 45
1968 40
681 48
1322 2
4184 35
3431 77
4407 20
3212 80
2687 69
3182 81
1912 25
3804 43
619 55
2232 81
3627 72
239 24
3081 53
3775 22
35 45
541 49
262 17
3597 20
3739 82
3391 95
689 45
3697 92
4182 32
2449 36
1085 63
3959 27
3457 51
1491 4
2778 64
1967 41
1857 21
2078 21
4811 63
765 88
810 99
2669 3
1002 77
3400 97
363 50
1677 28
4777 66
4449 27
2117 63
2736 83
2191 76
3090 98
4026 46
2696 96
2471 21
400 52
4848 18
2345 13
3886 22
141 80
1135 37
2253 74
589 16
1787 93
1748 92
1555 77
1921 46
4674 70
4361 0
52 86
1396 54
4391 89
218 18
338 57
4238 25
1722 22
948 61
4255 99
4898 57
2911 17
1228 93
2774 63
4677 22
2093 18
1863 79
2890 50
1796 31
3348 52
3678 0
1644 67
3874 23
3194 43
4467 39
3802 41
414 71
3911 10
643 40
2207 15
3352 89
3743 15
2337 26
4267 29
1703 12
1884 8
675 4
2542 52
3563 19
3237 97
2809 17
1686 50
1664 42
1194 82
1756 50
4176 14
755 90
4919 61
3185 71
3141 27
3758 28
4972 73
3971 18
2475 33
2317 95
1436 87
3863 43
1509 79
1052 60
3867 47
3298 64
4052 30
714 76
1625 75
2622 8
4729 91
1223 82
4971 17
648 54
2873 93
4448 13
1185 5
1576 81
4825 91
2687 30
188 78
547 37
737 16
2496 5
3579 62
3710 91
3618 21
2484 77
27 41
4965 60
3651 65
1074 79
1914 70
2878 42
2101 69
1470 18
4143 50
4780 11
1925 54
2314 6
3538 30
907 18
3205 28
24 35
1882 34
4789 45
4608 81
1398 49
3047 16
2999 29
1539 4
3823 16
961 82
4364 99
947 72
4811 83
4466 24
1677 95
1602 90
290 94
1699 22
2845 82
195 7
1996 1
4776 64
2732 2
2911 48
2199 76
4389 5
2405 48
4686 49
1903 22
3225 5
1964 32
3724 91
1281 98
2847 29
3856 18
2856 91
4889 56
2963 24
716 89
2842 39
3606 52
1396 94
1682 96
596 37
1647 18
4195 85
972 34
4354 22
2166 6
4806 44
1225 83
3006 49
4623 71
2575 82
825 65
4850 62
3265 87
3710 22
1988 65
2305 11
255 83
2051 55
2304 70
1420 58
1546 27
1377 25
3488 52
4764 77
3493 70
2659 23
260 40
3858 53
3192 66
4317 14
1683 34
390 39
321 88
309 99
4346 90
1051 70
187 27
1841 41
862 44
1856 22
3087 96
4750 38
4902 6
262 83
1378 31
2564 26
1990 0
1895 18
107 91
3900 62
2126 29
4273 76
2125 95
1189 1
1003 66
2280 13
4078 57
3802 37
2158 62
3478 74
3674 53
4673 91
2458 59
3842 16
757 65
3367 34
4339 68
4745 6
3832 63
2151 13
2664 49
759 30
465 96
2429 50
2743 65
698 18
4639 5
752 57
2714 76
1930 22
2229 29
3164 43
4457 53
2124 97
3513 7
3870 2
332 76
721 48
4031 49
369 97
1501 7
4037 91
3168 3
2484 58
4530 77
1059 90
131 14
1258 20
2669 65
2286 56
3690 28
2079 82
4847 10
4918 98
632 2
601 67
4415 46
2111 19
2148 79
3041 76
2250 30
2737 47
1976 97
3162 86
2594 74
528 39
324 33
396 21
2300 65
91 9
4269 57
3086 49
3550 86
2970 53
4343 32
162 11
823 7
3926 30
3352 49
2076 89
458 67
1837 61
4975 15
4231 90
1739 66
421 37
4455 40
3011 12
1539 13
519 2
782 26
3984 10
112 32
1924 48
571 98
4813 31
513 50
642 32
4833 59
2915 43
3715 61
604 29
2433 10
2533 53
1690 5
1991 73
3381 95
3715 27
1152 19
4480 73
3120 7
4933 83
53 23
1459 13
1677 41
373 18
2302 60
568 43
2138 16
1952 73
4387 31
435 21
3777 50
3961 1
4210 47
1780 33
2758 97
2775 23
4195 55
1457 11
2935 7
3856 54
3790 0
3323 69
1192 60
3231 3
2599 79
1800 80
1425 56
548 75
1672 64
2539 6
984 96
1611 38
3267 74
518 30
1929 20
2556 38
368 84
4423 79
2997 59
281 80
3475 90
1793 36
4998 33
1514 55
571 70
2002 2
3844 70
3152 69
4766 37
2596 33
2255 6
3260 52
849 89
2126 67
1364 20
331 47
2985 71
1882 45
3652 52
4950 57
568 72
95 88
382 3
954 36
1 2
