10000 1000 10000
723 4
4202 23
3712 89
96 47
118 23
1001 38
2252 5
1711 97
4353 66
3975 96
3275 85
2943 13
1624 75
114 0
4692 8
2239 19
1610 7
4356 89
4731 25
1958 18
3741 52
575 25
287 73
3516 75
966 31
1642 93
4673 23
3752 93
4954 34
1528 37
921 85
4462 61
3336 11
1987 2
668 11
3468 60
2526 17
1090 82
2453 0
3783 44
4289 84
1198 27
1085 85
4780 63
4091 70
48 69
1334 27
2330 34
3065 15
2670 49
2417 87
3565 11
1418 76
702 63
3264 57
4634 97
4025 19
3962 40
1766 27
2021 96
2076 76
1254 57
4998 23
4040 77
4720 14
206 39
2289 73
1418 75
2216 11
81 76
849 97
1336 94
4164 58
3054 86
3996 85
1295 64
3812 61
629 93
687 58
330 53
3642 48
684 77
341 53
2753 69
4286 47
4293 91
4692 14
284 91
1372 96
3999 17
3402 21
4823 34
27 5
776 10
1699 31
2820 53
1256 96
3333 0
3523 4
639 34
3821 24
3400 39
256 25
105 62
182 5
1310 23
3657 97
1651 90
2273 46
1940 82
1945 10
114 64
2764 85
2158 83
1025 17
4380 52
1116 47
1247 73
2063 47
3441 16
3135 33
1060 40
4479 96
2266 82
1001 76
3434 80
4967 74
413 40
3275 5
2198 56
3605 40
1718 11
815 78
2568 78
1384 28
3003 36
1065 35
198 71
4728 30
1420 50
442 48
1916 23
2682 97
852 99
1085 49
4629 23
2321 7
2319 34
535 88
3573 93
4755 40
2071 3
3173 99
1409 92
3951 37
4910 33
3367 50
2856 99
3469 34
1810 11
935 89
3398 21
1811 68
3925 43
732 34
2641 67
2720 2
259 95
2142 96
645 96
85 92
2472 3
613 15
864 75
274 66
306 4
2990 14
2026 30
3281 69
1957 79
1923 36
2247 63
870 67
2679 15
2602 60
272 58
4617 33
3983 97
1703 18
784 44
4586 57
131 57
503 58
3668 93
344 91
4115 5
1729 74
2403 52
2246 10
4981 28
3910 47
346 39
969 82
3307 52
1201 8
2297 34
2340 46
4593 72
588 58
4516 9
2563 5
949 61
66 73
2573 7
1593 99
887 25
3464 69
3992 37
780 88
3497 60
556 79
990 58
3135 53
722 56
4974 94
545 91
165 30
4458 85
4831 18
1215 72
1838 55
1144 99
4977 14
3013 12
948 30
1093 80
2146 78
2498 8
550 5
3375 36
3045 72
2320 34
2874 93
250 76
1308 25
3187 6
2040 96
2246 41
4237 30
880 4
349 14
1867 89
4413 43
2924 4
1114 20
3206 81
1661 90
3602 62
469 96
3691 66
4222 19
3090 66
897 89
513 0
2256 44
2971 22
384 2
616 56
566 3
3668 14
1812 9
3341 68
4229 13
4138 60
3158 1
2060 67
248 78
674 77
227 41
3115 6
3091 62
2514 99
910 73
4771 62
2127 16
1126 30
2260 38
4651 95
1732 11
78 40
1052 92
2359 26
3983 21
1391 58
1270 17
4822 17
4023 96
3827 93
3132 77
2821 9
2938 24
4359 49
1496 33
3187 54
484 62
478 48
1642 59
505 58
2016 72
2543 40
2297 64
4989 0
3601 0
4080 53
2642 12
2328 67
1967 31
3366 61
295 91
3211 68
4536 42
4761 52
184 29
4862 50
1517 36
2103 70
4324 77
3112 45
3486 54
349 35
3492 59
613 14
4215 74
4015 92
1794 23
873 89
2232 95
1169 88
3524 0
4082 63
4463 56
1899 29
342 2
7 6
1078 35
4332 80
55 65
2101 91
4257 39
4094 25
4252 78
2819 48
4948 73
1798 7
1616 31
522 84
4078 38
4138 87
883 1
1740 46
1587 28
4950 43
4497 12
1702 29
3093 29
759 83
2239 19
2281 9
1102 12
150 4
207 96
3885 69
410 80
3339 5
3780 24
3389 29
4034 81
2139 14
513 95
2762 96
859 76
4962 7
2865 48
1042 24
4197 84
4900 97
1270 2
2127 28
347 44
4596 6
1825 8
1344 50
4117 84
4239 29
750 90
2124 10
4108 83
451 86
2251 26
4676 73
732 31
788 87
2753 57
2752 7
4497 39
2818 47
563 81
1016 54
3012 94
2321 22
204 78
2255 71
2043 88
2359 22
2335 53
3896 25
336 25
4544 11
1620 90
1412 24
591 48
3912 75
2414 81
1129 94
4947 26
4928 72
4823 54
88 57
278 79
1525 57
748 29
200 61
4955 35
3311 37
3613 20
2501 94
1403 49
3109 30
1068 81
2702 60
2544 93
129 79
4361 49
563 0
4751 9
4847 81
4761 76
1831 21
4461 9
4469 90
2940 70
961 70
4510 9
2540 62
4939 72
3011 24
866 31
4396 66
4506 21
2092 88
67 91
4263 29
3814 85
3922 49
4308 93
973 60
708 67
2793 56
4531 80
1550 65
241 2
217 86
1846 84
1385 6
1193 1
4020 45
3836 61
3641 95
4075 83
4898 22
1471 99
3564 50
100 96
3499 53
3581 56
3704 61
23 19
2417 14
4414 16
4824 32
492 15
2477 8
1808 27
2048 86
4017 43
4840 53
1492 30
1244 88
176 11
3447 85
4374 10
1132 30
4353 84
1906 3
2924 13
682 17
4599 95
3050 89
4998 49
1351 50
1077 0
81 27
2657 17
2853 95
2679 86
2777 85
1443 67
1025 6
3707 65
812 87
348 33
420 27
1361 38
2122 99
2772 77
3873 73
4345 14
945 60
4960 75
1456 25
3338 71
2817 93
4033 80
1 93
2290 28
1282 12
4911 88
3136 31
195 78
4361 15
4025 43
3095 3
3411 14
1187 33
2709 33
5000 60
4355 43
679 31
4105 9
4343 61
3215 56
4757 65
626 36
3872 7
4636 12
577 48
1308 69
3553 12
3157 60
2187 35
2099 69
606 43
528 76
2607 32
4482 16
1292 26
408 46
4233 38
4368 49
1768 51
4280 4
2069 35
2747 42
368 97
1225 62
468 59
188 27
1358 88
1637 98
1975 83
4069 39
1015 2
1107 19
2143 32
2194 12
3705 85
4932 85
2438 1
4340 35
1422 94
2067 32
3140 67
2421 46
3640 69
471 36
4908 34
3505 0
1090 73
1201 26
838 64
4520 85
2501 39
2063 36
374 96
3083 10
4426 97
2365 53
1852 94
4479 38
363 88
4498 97
2331 14
2226 10
1822 68
5 32
2608 0
2752 39
140 0
4520 49
335 49
3262 52
4811 57
2548 9
2674 59
1652 43
884 32
332 80
4213 16
3247 58
4194 24
3713 9
2668 84
414 12
4592 44
1037 0
2083 44
883 25
115 12
1359 78
3551 42
4678 28
1714 90
2697 4
85 21
2590 65
855 6
1619 45
3961 87
1055 25
2125 23
4746 50
2955 72
681 63
1050 88
380 26
3218 73
1351 96
723 62
2108 3
1977 53
1014 31
2502 97
559 42
494 45
820 35
1702 47
4147 45
1030 75
1675 31
347 82
2163 46
747 17
3343 45
2967 63
4622 59
3516 60
4962 1
1770 34
2398 89
3504 75
2696 30
4795 42
54 3
1603 99
2782 72
4149 27
1715 62
3336 88
3454 33
3785 84
1690 74
674 44
1790 86
2938 26
468 52
1193 7
574 80
4271 75
564 74
4241 14
2719 30
2982 77
1273 50
3844 86
1961 68
2637 99
4262 64
3523 19
2147 28
368 60
841 81
132 52
4146 64
4738 33
2118 63
117 30
1012 65
4129 72
4025 87
1009 81
2334 49
3989 13
4802 70
2272 49
4069 21
111 99
945 38
2830 78
4512 63
85 21
3478 45
522 73
1963 35
2649 96
3137 81
1349 91
2620 5
2124 74
2723 83
4772 51
2131 9
575 71
4689 2
2968 60
1935 89
4846 0
4468 23
4894 5
4888 99
2851 25
3352 79
4529 39
962 43
1176 66
1520 97
2222 34
3428 95
4847 80
2850 58
335 44
114 11
2715 73
2737 91
267 86
633 5
3945 38
1499 38
4270 17
72 51
543 39
926 37
2845 95
3195 39
262 63
4343 73
4807 50
3110 22
2760 45
1714 52
2651 4
4477 46
4734 36
395 72
1403 50
3504 90
301 91
3799 53
408 15
3209 64
4911 84
4192 36
340 90
3725 1
4559 20
1943 28
595 58
2883 45
4496 38
478 25
1330 71
1492 90
2928 38
4247 80
662 63
2178 91
51 20
1217 5
3485 4
2853 46
2267 50
3214 85
3970 27
2439 12
2514 75
2275 14
3101 70
1080 79
4116 43
2754 16
4591 11
361 8
1363 51
1410 91
234 11
3376 9
4087 5
2233 49
2206 95
578 16
3589 73
2785 93
617 15
2753 41
3042 66
2436 84
4335 93
1803 24
3723 91
1779 9
2552 38
4111 21
3517 36
112 85
2753 62
2834 41
1517 6
2983 41
492 71
870 0
3083 86
1491 2
280 73
1714 14
214 77
432 97
3546 58
2205 29
4145 97
1063 51
4549 34
3746 59
4845 64
804 97
560 69
1999 51
4096 72
3852 41
669 47
2275 62
4160 8
3350 0
3934 79
4937 43
3127 47
2192 2
1230 0
1394 43
3544 97
1825 5
3460 45
3665 7
4026 34
3957 40
3413 56
2932 67
2386 1
4234 82
2894 79
4555 8
704 68
4476 58
4445 40
3305 5
528 47
4198 54
3935 56
4090 76
2560 48
4376 42
2794 14
2274 27
657 28
2397 88
144 22
3035 32
1416 29
4552 65
3993 45
4434 32
3251 26
2554 85
3121 67
2853 85
4469 19
1930 38
2358 99
2213 19
4829 89
3206 64
612 8
3839 86
4703 8
2741 66
4193 83
2809 53
38 57
3882 97
2060 3
3830 85
3293 68
905 36
1985 61
4867 13
2583 44
1826 45
131 69
2873 58
4945 18
719 93
1928 78
734 68
732 31
3122 80
1032 33
646 75
1079 71
2063 60
1177 40
4672 51
1657 22
4163 7
1318 80
210 35
2018 31
4511 30
3960 10
469 64
1259 21
490 97
1358 83
891 27
1034 84
4733 1
3108 41
526 94
2125 54
1058 13
4296 74
3086 32
574 16
50 82
2291 41
4002 69
1967 54
2627 22
1534 53
1611 47
2104 64
193 58
4457 42
2410 23
4386 33
1751 3
1215 11
714 85
1906 4
135 18
4028 70
4146 84
738 15
1707 25
234 39
3993 84
36 53
1388 69
3473 65
4543 60
2192 14
2487 39
3759 18
3075 50
3608 45
1689 2
3980 85
4696 17
301 72
3946 53
1009 61
1063 46
3869 75
3547 24
2256 50
4433 19
2119 71
1146 6
1258 23
2470 29
2441 94
1881 62
690 31
4507 5
1828 48
3673 86
1623 40
2935 52
3290 20
2472 2
3714 56
973 28
2295 79
2497 37
2971 67
3199 19
4412 77
1754 3
2528 20
4625 49
1480 65
1450 46
616 8
899 18
4598 99
4221 66
4545 53
3484 10
772 54
3391 82
832 12
4120 98
903 8
787 2
342 18
4118 45
2087 56
1487 47
367 2
3802 67
2555 79
4141 12
2420 22
1983 0
2568 29
2129 1
2789 13
4341 96
4971 63
3293 55
60 56
2627 93
3094 42
1288 87
3069 50
4742 24
37 13
539 59
2381 44
1103 49
2639 42
3536 96
3350 95
2860 10
3192 66
1441 75
1035 80
2268 61
2729 64
66 93
4426 67
1285 29
4920 12
1511 79
4444 95
2551 52
4089 73
4177 89
4144 4
2054 78
2945 13
1753 46
2959 39
2660 31
3090 32
3082 77
3373 20
80 6
733 27
1280 38
1173 99
4925 51
4570 93
3690 53
3720 72
3838 86
359 70
3842 24
865 66
2032 78
3911 74
1395 60
3277 84
1048 12
1251 51
3165 87
1144 44
556 54
3534 41
79 95
3868 8
4167 76
674 60
1599 74
4936 37
4969 8
445 68
3498 10
1772 26
3663 79
1765 2
4479 5
3413 81
2090 84
4952 6
4349 77
1846 92
1451 52
360 22
4766 2
4493 90
4488 87
4962 44
1587 25
4568 99
1428 4
1275 4
174 35
4411 96
2331 11
4065 89
851 94
4086 61
3977 65
1563 98
1586 49
1288 46
52 71
4916 60
67 64
1051 91
4540 74
3647 10
4838 83
356 23
432 8
2081 0
1101 52
3291 31
4531 57
2779 86
2849 60
1167 88
1834 68
2087 17
35 41
196 91
4306 36
2847 29
3886 61
2076 64
1489 51
1767 14
3584 49
2677 7
4746 49
4058 12
191 81
4704 66
1726 65
489 87
678 26
4389 46
2574 19
213 73
811 59
1587 82
2794 57
2824 87
1733 84
4393 87
3230 17
3239 44
4427 16
4830 67
3152 25
4997 32
2649 79
953 10
3114 60
1681 88
677 43
2246 49
4554 77
4690 29
4714 97
3693 17
1193 91
1468 79
2699 55
27 20
356 11
3763 89
2773 10
3179 48
4957 47
3132 10
4043 97
3154 3
1397 73
2745 30
4239 73
1593 0
3958 26
89 90
3386 6
4894 0
1311 68
2215 40
4798 20
1134 70
4480 13
1326 60
1536 9
1 30
2714 63
1542 80
31 10
1270 86
77 21
231 58
574 59
4555 23
4891 1
2260 64
1519 81
1361 7
4961 36
566 93
4682 90
3054 36
4786 14
4078 95
2883 54
1543 33
1007 12
1609 77
2376 87
855 92
1219 57
1162 80
201 75
3399 86
2308 20
1247 22
546 46
1830 69
3301 78
486 27
1216 97
698 18
691 8
1157 92
129 46
626 99
4718 59
3981 18
1087 13
2325 10
3675 47
1274 55
3181 36
243 69
3885 83
2246 18
4603 63
1027 22
4808 25
3785 33
1595 38
2033 59
753 50
1308 62
1315 93
2904 40
108 88
1277 58
3914 82
3560 44
4079 31
2185 91
4519 2
4642 7
4943 28
3865 64
3406 11
73 39
3884 11
2668 57
2285 78
4118 29
2657 55
108 55
1455 41
4078 62
2430 78
2172 36
1037 3
1020 33
614 41
2614 56
3689 77
3438 34
3176 87
2537 54
1836 36
1247 17
2264 87
966 64
3324 66
3775 30
375 91
3986 87
3426 94
2002 26
1366 18
2777 14
16 53
2930 92
4006 35
94 97
928 3
1872 86
2154 55
1490 32
3451 72
2857 56
813 21
773 19
4759 81
4763 53
257 1
1445 51
3949 54
3532 61
259 89
4655 17
4377 20
153 23
1157 48
3302 29
1897 70
4787 55
2952 43
2701 44
3085 54
118 36
4244 70
2966 1
2734 46
1547 18
2640 97
3657 20
1996 18
3833 4
4566 33
1198 73
648 81
487 92
1684 13
2778 73
4635 97
2009 2
1346 63
4348 98
4572 72
3539 48
197 91
3737 95
3253 39
1305 26
3143 77
1289 76
4661 93
2443 94
286 7
1858 34
1549 59
1662 51
352 40
3273 5
4109 47
895 76
3927 99
738 72
2482 23
1855 45
2054 82
683 80
1794 58
549 64
46 67
151 18
291 27
1207 65
1620 10
606 25
232 34
409 47
2351 23
4935 57
992 8
3537 21
3982 6
4935 33
3944 64
4879 12
3716 52
39 53
4478 28
1667 30
4825 66
2853 74
1588 86
2356 72
522 40
2169 72
854 50
97 56
4842 32
566 55
358 81
3857 16
2386 36
399 28
2999 74
4446 81
4341 43
772 66
4580 2
2272 4
3075 4
4033 35
3462 0
1251 5
1198 85
1759 30
1866 3
1508 50
897 37
1646 88
917 36
4142 64
2878 99
2392 89
4612 43
3127 26
1553 28
4639 44
199 63
326 30
974 81
4533 88
1286 28
3761 90
1236 35
1786 66
2880 38
1362 98
2782 60
3587 37
3234 40
2193 83
694 7
4725 32
813 20
4398 39
4391 11
364 54
4335 57
1235 63
1665 18
1035 54
4151 66
2811 21
2716 37
199 61
3170 12
516 93
3412 35
1540 70
1051 21
1845 67
1335 44
3276 73
2758 49
2640 18
2713 53
741 46
879 60
3745 73
2009 74
3972 40
4772 47
137 43
767 20
2271 77
4023 83
2565 59
3071 90
4809 84
841 71
2760 76
1560 91
979 45
3725 77
2518 75
4006 13
269 29
2210 45
4786 26
103 94
4324 72
603 76
4465 22
1747 89
4139 12
334 25
358 86
2726 1
1669 99
4531 29
4727 25
4779 16
687 38
573 66
4638 72
2418 78
3379 0
3457 71
4124 83
3251 12
1015 64
1296 74
4778 54
440 20
65 24
4688 40
4621 42
3616 71
516 5
3947 98
518 34
4323 6
2889 82
863 40
2871 0
2452 57
1489 79
4853 30
4124 18
3386 12
2880 28
4905 89
4176 15
3759 92
2230 10
1447 6
4661 43
519 13
2863 25
16 43
4103 92
440 59
3461 10
2819 25
2127 91
4543 96
2554 74
336 57
1564 78
119 29
782 54
2265 22
3840 35
3935 33
1003 3
1461 26
2981 52
852 18
4484 85
4953 72
3444 74
147 19
2770 79
3021 43
4988 78
3801 83
2940 1
2674 16
2090 72
1535 71
2570 51
4389 94
955 9
3821 96
3867 38
1961 89
678 6
1101 47
789 45
2460 60
1930 74
1331 35
3606 46
4110 73
1202 32
2863 65
2633 72
703 32
1638 85
290 28
4327 29
4383 56
2542 41
2223 67
1063 57
3323 77
3192 84
2771 10
2653 96
4325 77
2258 67
2061 66
457 23
2249 64
439 98
455 53
4440 8
4778 33
494 27
915 84
1675 85
2051 89
3344 43
2688 77
862 61
3017 70
528 58
151 1
3308 76
3105 31
2448 72
4450 85
4456 26
2376 85
3350 79
935 39
1356 47
4357 66
116 6
3307 41
1413 46
612 61
128 47
3867 52
2906 3
274 66
3848 39
903 21
1354 1
940 0
2507 71
4258 23
284 38
4721 65
3818 40
4562 57
2619 39
1257 93
330 22
1414 84
1115 28
4294 78
1332 32
4070 18
2801 33
1955 54
2972 85
3055 90
3314 45
1751 16
3491 44
870 82
3296 63
3562 66
1966 16
3678 4
127 28
327 13
4297 15
4987 22
743 86
4618 4
1869 94
2579 78
1537 1
2219 52
646 88
1283 49
2616 12
2085 34
3192 78
3565 40
2557 71
2430 3
4854 58
3079 45
1439 40
1299 19
4509 1
3687 52
3216 33
4898 8
4210 7
897 24
4020 90
771 53
1841 82
3708 89
3789 59
3569 81
586 35
622 55
1059 5
2797 37
3709 44
1327 71
3907 82
245 90
4760 8
2876 36
2747 10
4427 6
2665 70
1787 36
3720 46
1835 86
3452 32
2574 47
4324 73
2828 34
2097 45
2247 3
773 25
3143 5
3028 23
3246 33
276 76
272 78
3851 81
911 4
2855 60
1946 24
4490 16
649 93
2681 50
4986 32
4461 76
4441 24
310 78
1337 71
1001 87
2005 25
581 47
16 26
1778 21
4165 47
4349 71
176 43
1577 15
3834 34
1086 58
3022 79
340 47
3430 16
228 83
2147 14
2513 19
1717 50
951 9
3909 63
1017 80
486 32
909 9
4858 82
3644 52
1967 31
3949 40
3250 42
2320 72
2138 10
4569 62
3086 15
1306 44
2911 41
3837 48
2350 63
4465 43
3484 17
4360 53
2337 66
1344 26
1969 76
1799 64
3836 66
4308 43
1532 5
740 84
2672 13
152 38
3712 9
156 71
3832 65
1562 77
3341 3
1660 90
3445 1
1921 28
4864 58
3705 45
4553 61
526 84
3472 35
2987 12
910 68
140 19
473 23
508 34
125 49
1316 8
3137 91
691 32
3114 85
838 21
1681 88
2118 30
4804 64
1267 78
3207 45
1100 1
407 33
4463 75
3502 13
3643 57
190 39
2339 9
4748 74
3255 79
3794 49
4685 17
3443 99
11 67
1420 18
1001 2
1206 14
2005 91
2556 99
2980 33
23 98
964 44
2484 38
3825 7
2460 89
3546 61
4575 31
1322 37
2612 72
4156 53
197 49
2973 2
1919 27
4189 73
1017 58
349 28
2465 31
3065 76
2359 35
2269 55
3423 4
2872 61
1697 32
3873 16
3963 39
3429 90
4827 80
4672 59
1540 93
3389 57
1307 19
2948 49
429 11
4931 49
731 71
2838 67
840 71
2098 46
2949 80
1076 48
274 97
3728 89
1050 75
4247 58
1964 75
3972 87
4119 37
1584 96
1759 90
2502 82
3461 87
1304 43
55 51
4858 98
80 32
2074 21
3377 76
292 95
4118 65
2717 13
2588 46
2492 18
1409 18
2424 82
3447 77
3645 53
30 92
1785 92
2997 48
1108 41
3594 34
3391 47
3109 7
1757 66
2834 38
4526 20
1619 8
866 31
4341 7
1396 51
1865 92
2596 99
3253 53
2851 36
4829 96
4493 39
483 38
3326 1
1707 54
91 11
3105 91
3476 43
620 61
4600 63
3871 77
1908 16
2482 83
4391 50
4877 93
4463 50
4687 10
4924 90
2764 4
3854 11
1083 51
3384 5
2828 95
4619 83
3842 29
3000 56
3374 90
2708 30
1988 71
2816 10
984 63
4435 51
2250 46
658 65
3793 99
2279 99
2529 13
3248 71
4393 98
1225 51
481 28
3260 41
1573 51
1066 90
4004 87
2331 78
881 99
4286 88
676 33
2884 13
3836 86
2271 95
1352 86
4325 9
2078 34
4754 52
4119 65
4665 14
1899 85
4071 2
1968 75
2864 99
2468 79
995 33
1907 77
3514 79
2983 37
841 49
2259 7
3370 0
3004 53
3334 12
2785 46
584 10
1804 44
3973 17
2375 4
357 87
806 32
2922 18
2003 13
4825 78
4732 15
115 80
779 52
58 10
3053 67
2558 92
840 35
3277 17
1878 80
2446 78
2519 16
907 19
335 33
2809 50
4752 63
4898 51
3247 94
4336 45
2553 62
3285 11
4952 27
3688 23
2662 30
389 10
3539 16
4153 71
3423 70
2972 57
1055 9
2242 62
1772 49
712 90
1293 74
1196 82
2689 37
2423 94
4483 1
2624 1
650 23
1632 89
2883 67
1727 27
3498 89
1822 30
278 68
798 85
604 12
1909 76
4824 84
1295 66
4886 79
2637 47
205 43
660 65
4950 12
2815 55
1219 49
74 48
4973 82
2373 35
2542 85
2709 30
1351 47
3498 19
4614 0
1164 89
713 8
695 64
3114 5
475 97
664 93
2493 1
2895 90
2159 39
4244 20
2026 11
2408 77
1298 69
4196 13
2371 65
3185 35
2572 12
1570 49
2205 67
1726 22
2465 82
4336 18
4213 99
4372 79
4540 22
113 37
2711 79
493 99
3460 43
278 12
1624 56
4215 72
4950 57
2320 72
2274 64
1115 74
3152 45
400 90
3669 43
2419 27
1383 42
4573 85
2723 88
4501 92
1642 21
1510 60
3591 37
166 32
4373 41
3298 51
1546 80
812 87
1168 41
2847 43
1437 14
4719 24
1989 19
297 42
2034 50
3673 51
4798 44
4705 64
601 43
4815 82
323 48
1529 44
2491 57
1960 21
885 22
167 42
549 16
3836 72
4877 13
3400 14
3084 88
1709 9
3 16
4258 57
3201 11
3554 76
2901 90
3253 93
3688 49
4496 37
3773 6
3580 88
4880 21
2055 7
3133 94
4497 53
2557 72
270 22
3904 0
3191 69
4527 37
3821 43
2359 81
4833 27
2149 99
3563 12
1100 57
2038 29
195 56
305 72
1216 70
1074 89
1112 47
3854 63
3972 95
2401 31
1786 18
4818 92
4784 42
430 17
762 56
994 46
2113 72
4101 89
4134 74
1782 10
3974 69
2142 27
356 38
4222 9
808 57
635 33
3317 76
612 86
4751 18
4319 69
2076 2
354 66
4365 84
854 18
4761 46
363 82
3859 3
738 2
3262 93
4382 65
293 95
2890 80
1257 55
4726 90
3673 27
611 93
4938 89
1818 73
3736 0
2433 86
2814 54
72 53
3673 94
3817 29
3168 62
4443 43
1123 23
4992 74
3180 52
3520 17
3406 87
2379 5
2764 29
2228 41
3686 46
4601 79
4937 70
4016 76
2722 39
3455 93
1958 95
3610 28
989 24
3377 54
3908 25
2323 34
2234 81
1770 21
3342 74
1439 97
3807 53
4310 26
4817 10
2749 46
3045 82
209 34
2358 98
4694 87
1065 8
1504 34
4005 12
742 63
539 68
3136 84
1053 29
1752 21
2699 45
1452 75
4694 56
843 7
820 3
3497 82
152 12
2982 81
1937 48
1117 83
429 52
4244 3
2062 17
3264 84
1595 6
4019 63
2713 23
1668 98
1015 75
4430 4
431 71
1241 50
4865 15
1652 84
3537 2
4469 41
838 56
2411 74
664 19
2713 94
502 64
4331 79
4703 71
4558 81
3709 46
883 79
2760 6
599 60
1345 36
2356 48
2196 85
4538 88
1543 96
4209 14
2125 36
4853 10
580 97
3715 5
4265 22
1230 20
1864 52
40 80
2707 42
4506 49
3982 53
2231 35
3077 50
4310 20
2447 36
4222 9
4554 66
4952 51
4604 50
1482 80
1012 38
4011 35
3748 28
2444 46
59 71
4434 63
2908 0
4506 41
4900 54
3632 41
482 77
788 26
3196 10
694 85
3873 19
1006 8
1972 57
4614 38
2819 13
4417 28
4850 18
4361 34
3142 12
4098 12
1349 54
2543 47
1240 97
917 33
7 68
4463 14
769 51
1628 95
4856 44
224 92
2069 80
4391 53
2819 49
3596 30
4085 61
4701 56
2762 54
2475 4
3306 77
3735 64
1445 36
4154 99
134 63
1068 51
2898 94
3882 4
1695 41
1823 53
1973 56
1158 43
1117 70
4451 81
1921 5
2278 35
953 16
1723 64
4372 67
3838 35
28 53
2423 51
4134 69
1222 75
3157 67
4003 52
1378 24
3812 36
2782 14
2005 65
1571 61
1042 95
3937 54
1915 6
1760 97
776 36
4659 32
1228 70
2411 51
4720 25
2876 35
894 16
3978 41
2868 6
678 3
3991 47
2478 0
1682 87
142 20
1303 72
4747 64
1947 38
13 35
3554 82
2491 50
1525 18
421 74
2956 54
3372 7
3595 88
3162 51
3991 46
2404 29
2824 60
2667 26
2 5
3930 69
453 85
3630 13
1417 50
1217 21
4248 64
1320 4
3333 36
3850 91
3833 42
3986 99
2206 18
3729 79
3343 90
338 24
4317 7
3227 88
2101 67
4121 86
2285 71
3627 75
1364 72
2158 70
1245 17
2359 59
3205 7
4514 6
1715 62
4713 83
3880 17
828 8
455 88
116 52
1868 49
1535 31
4054 2
1375 5
3007 56
1927 80
3500 98
2814 46
4724 80
2222 4
4969 36
369 46
1770 57
2829 59
4892 98
3221 32
2414 79
4990 92
1415 72
3125 71
3966 55
3963 14
3230 90
4419 26
3465 18
4999 10
1342 28
644 53
4093 36
4349 42
2145 68
4215 87
3828 49
4862 76
1955 82
3524 61
2704 88
1231 58
387 95
1508 21
1258 61
4119 18
1995 23
1231 40
2290 31
3998 3
3519 13
1871 49
2749 11
4930 75
4603 15
882 15
1588 94
110 96
1486 20
1916 98
1719 11
362 85
2024 48
1488 74
333 31
4399 35
4451 2
1431 70
2816 37
1277 68
1251 11
2978 62
3719 61
3731 96
3948 19
2283 54
3818 72
2347 61
88 34
2531 68
258 72
284 59
4101 75
419 95
4754 68
4731 65
377 55
1846 0
2787 9
2254 65
3341 96
4559 9
1866 42
4495 7
3369 70
143 23
2784 75
1373 86
2180 10
3074 36
4420 87
3461 10
2981 90
801 91
765 62
4158 73
52 37
4101 10
4139 27
4335 4
1963 6
1147 8
3253 20
4321 54
2711 77
3662 19
4660 94
2274 73
3380 71
3875 86
3763 41
4578 25
391 60
3132 30
4629 60
4040 42
3190 74
904 2
996 4
2769 54
814 33
3125 74
526 31
297 12
1520 24
2259 35
4703 74
1547 58
1742 22
500 88
1431 48
1684 90
1648 68
1129 40
672 77
1074 16
3243 92
1315 40
1052 55
3790 33
1042 3
2486 51
2316 15
3845 72
3575 37
4496 41
4390 97
1440 37
3647 86
2322 22
1927 99
675 28
1463 5
3824 85
3583 71
1369 27
1196 21
1889 77
4389 81
3242 75
1055 79
3628 54
2727 11
4994 58
4230 36
1975 75
1298 17
1899 77
3650 91
3944 79
4072 41
4329 98
1003 98
4887 36
1638 99
2824 15
4158 46
1560 86
2877 72
1156 86
2017 96
1060 86
4818 32
162 63
2325 84
2109 44
3577 52
1295 51
1773 49
1561 11
3475 71
1736 23
4358 44
1716 1
127 85
2921 7
3463 43
761 75
2914 60
1597 31
806 22
556 59
679 13
469 6
1801 35
4884 40
1857 16
2766 40
3810 19
2721 71
3799 32
4818 61
3774 21
1313 24
2182 41
3161 19
3242 1
3058 39
433 49
3707 31
2038 62
2043 91
676 9
4364 76
3981 28
3328 55
1938 18
2605 24
505 24
3536 76
384 16
4961 61
1705 95
4597 70
3037 8
717 46
3319 81
426 43
2712 25
3265 52
152 50
4280 62
3561 51
297 93
2270 43
599 62
1782 63
3495 55
3371 51
907 6
993 29
2456 34
490 30
3376 95
2112 78
2364 95
3897 64
3587 76
2090 6
1045 98
1233 83
818 13
198 8
2713 20
653 28
2208 88
2969 38
2505 6
1120 55
2404 3
3215 51
1805 15
1736 43
3609 89
1148 82
2586 69
4181 37
2480 82
188 87
3487 16
4756 89
142 65
4513 76
3088 62
3973 63
4238 84
2967 74
1388 54
3184 87
1860 61
4655 55
2403 35
4481 40
1705 81
3032 16
611 20
387 60
4420 38
1863 86
4077 37
2418 45
1610 89
4481 59
1072 81
2282 33
1618 28
3456 73
1205 65
4382 83
3175 69
3339 86
2061 12
3459 66
2616 47
2702 62
4382 0
2688 50
4138 8
3116 55
2325 26
956 0
4998 46
3995 1
2786 13
3021 4
3602 89
4498 39
351 19
3121 20
3635 6
10 84
789 28
358 27
2186 90
498 42
1692 66
1599 77
3322 63
4852 75
2015 75
4828 7
3484 85
869 7
3484 50
3754 14
4666 79
267 5
4819 89
515 97
3977 23
731 33
3908 76
3749 12
3985 32
3125 5
2680 44
2810 26
123 15
1380 68
2633 34
2228 48
2823 79
330 6
866 31
4650 47
1674 74
1099 83
4727 23
2407 15
3272 0
729 46
2219 3
1399 12
1621 99
2089 12
3044 31
2313 92
2155 62
1208 16
3094 77
3378 90
3211 95
2534 41
305 30
3234 71
1753 47
4549 24
2627 11
4015 19
3509 35
4354 61
1939 71
3662 98
2044 83
2206 67
493 19
3921 62
575 31
492 82
3329 79
3585 80
263 81
2675 94
4372 18
4446 70
918 93
260 71
2136 95
470 78
4657 16
33 97
2767 1
4251 19
2841 37
4276 27
3802 90
640 81
3276 49
4960 33
1830 87
326 89
4331 58
697 69
879 33
4556 96
862 60
2682 9
4395 41
780 38
4020 69
4118 34
3270 3
2806 66
4776 94
3479 28
1605 14
2655 53
3267 65
1215 23
1685 15
2646 46
668 27
2956 30
98 91
1054 99
4937 93
4353 46
2176 25
2181 85
4834 33
4014 59
3191 41
4104 37
709 61
4697 89
2615 76
4334 70
2997 30
547 2
2456 23
3338 41
250 47
3377 79
1210 11
4476 69
1222 47
4207 94
222 36
4300 59
1516 43
3524 89
1465 17
285 69
1835 79
3282 27
4372 88
2658 16
4363 15
827 55
589 68
4927 94
2042 47
3248 46
1602 57
847 36
1168 55
1623 78
3898 29
4371 17
4087 22
1565 3
2416 63
4288 66
4365 27
162 18
924 69
1842 94
4435 30
3845 86
3856 9
1224 50
4354 16
4679 93
4845 22
4735 86
1093 79
3731 87
1862 41
4227 55
3266 75
2989 55
1441 54
2597 80
313 48
3301 25
4588 84
510 65
3822 19
46 72
4666 22
2110 84
4031 69
256 88
4595 20
4062 21
3084 36
3639 77
4514 16
1364 54
3085 73
389 5
2672 72
1500 65
4839 7
4447 57
4705 56
4826 94
877 48
3565 77
2811 95
595 81
3386 81
2242 87
4709 3
4416 40
658 55
4035 74
3145 61
2457 69
4064 41
1219 63
1750 91
1948 27
4256 92
1493 28
2886 97
4144 52
2315 48
2795 4
4868 18
2449 23
4166 25
4804 73
2021 48
2953 26
4034 56
4359 8
128 80
1455 19
1887 83
951 81
1817 29
4553 63
4148 40
2521 87
958 56
769 54
1777 89
2875 36
2006 35
3802 9
275 55
3459 60
2011 27
672 33
2932 2
3513 76
4425 88
3000 57
4419 70
1871 16
4159 95
648 29
920 70
3174 49
390 52
1062 6
1790 50
745 28
4746 0
534 5
1986 93
1442 31
1904 73
2456 94
523 18
3228 23
1125 4
2087 97
3793 42
3252 49
896 8
1810 98
2387 92
4341 99
2231 4
1585 53
126 59
4243 38
4150 16
567 82
3580 62
4306 75
4011 95
521 99
3844 9
1022 70
4145 26
2576 89
4928 33
473 20
3570 53
1505 58
1916 17
2306 36
4870 75
562 4
1700 71
3581 79
2300 46
3217 4
4867 70
3622 99
2429 24
1738 49
3829 45
4470 12
1232 81
2559 97
1850 92
3436 91
4297 66
1604 22
4940 77
3765 79
4053 54
4122 55
270 41
3304 16
2028 57
4175 30
2090 44
4427 95
3079 92
2543 69
1675 30
4728 34
2143 69
4700 89
1545 98
1562 0
2739 11
1375 51
4677 58
445 17
429 58
3287 15
2669 62
780 5
4415 51
4457 91
2326 17
2036 31
4704 4
2726 86
4908 10
2585 63
1945 91
403 86
358 48
4175 76
1181 55
3251 77
4735 86
4577 30
2701 43
760 1
2531 51
2282 14
3381 99
2302 27
1844 30
3772 92
126 3
4789 93
3554 7
4414 2
3052 9
2815 20
126 19
2694 36
154 94
189 83
3381 19
704 28
1522 47
1259 49
1757 41
1272 68
1217 41
3974 60
747 27
3203 87
4522 85
4861 25
4808 50
4510 79
1874 86
2497 67
331 34
1799 17
1048 66
4584 34
2103 26
973 0
2554 93
2509 24
677 14
221 7
1309 5
2544 89
2610 17
2060 18
2808 42
4297 13
3380 5
3378 34
4269 13
1079 61
2677 44
2188 61
3258 75
372 50
614 28
802 42
2096 17
2168 9
1115 90
79 24
4754 92
942 91
1634 88
4601 41
1789 79
3664 84
530 26
4686 82
3094 92
1095 68
4782 0
3625 43
2717 23
1040 95
2804 54
4995 23
1569 89
159 49
903 83
352 0
4767 65
4861 54
3217 19
3195 19
547 57
4615 76
3233 22
225 77
1365 95
1071 71
751 58
3561 12
3036 20
3798 15
1562 45
682 41
642 17
2988 59
656 90
3239 4
2658 29
4724 15
2198 29
3494 83
500 35
668 0
1503 32
331 92
730 95
2881 33
536 49
87 64
2751 69
2100 41
2220 38
4951 19
4157 31
1964 39
1331 56
4778 47
2355 4
242 22
3060 58
4785 4
2254 12
4118 60
4125 22
4074 57
1894 37
4097 3
816 34
4025 79
1400 46
2919 75
3056 56
4041 84
3240 45
3413 2
1928 0
2997 28
2327 79
3928 15
2363 46
1957 76
574 32
825 5
4526 19
1162 47
1869 92
299 43
621 48
3703 95
960 64
2297 50
2085 85
3578 3
1198 96
257 19
1457 51
4374 5
9 93
3153 45
1154 56
2710 72
2866 90
4412 96
4951 24
248 24
2470 21
4407 97
88 65
2932 40
1531 73
3799 40
795 88
3096 90
1540 48
4065 72
1927 48
242 68
2924 23
263 7
3677 78
2966 85
4450 93
4979 65
2326 50
682 6
496 98
1119 91
4958 57
332 46
3631 52
1179 47
4684 78
2352 94
1847 59
2250 70
1862 28
188 58
346 16
1502 32
4341 0
2012 80
200 72
4165 30
3228 89
743 40
227 50
861 29
1802 71
3105 30
4846 41
2098 56
2742 92
1360 58
541 86
3025 31
1617 5
4135 47
504 22
2285 77
4827 85
2418 83
73 64
4225 55
1873 73
644 26
3500 78
2476 91
767 24
537 15
4061 84
3716 70
1920 42
1919 99
1564 10
84 85
2743 97
4043 39
652 47
479 95
2301 25
2584 66
157 84
16 49
4180 5
2295 57
501 11
3008 3
1447 38
3559 68
2468 30
3704 8
4047 7
911 83
3832 58
2367 28
4614 44
4478 53
1249 76
1164 68
2699 92
4939 51
1017 28
2952 92
2001 55
368 3
4271 46
1300 5
4273 62
3078 55
62 36
3412 58
1765 70
807 35
1680 4
4788 36
2563 8
3012 91
4990 44
3643 47
2704 86
4854 63
4826 46
2174 96
1804 93
2079 26
2459 13
2534 28
2296 53
1007 54
1431 36
2879 17
3536 93
4597 88
1885 84
2345 56
90 51
2691 97
3536 27
3166 32
1841 2
4788 24
1949 56
1377 97
2394 27
2696 59
1643 14
2058 62
4946 56
2195 42
4519 69
485 75
259 67
2018 36
946 71
2042 36
3422 12
1219 91
2430 48
463 30
4772 15
2532 61
1084 48
2219 40
1040 31
505 48
2943 93
1689 10
2249 95
3133 45
4560 72
207 97
3743 7
4969 96
1478 59
103 49
2821 53
1988 26
3144 70
2350 54
1246 45
2418 39
1258 49
770 26
214 32
4241 19
702 25
2923 36
2627 26
931 8
2191 37
225 81
546 44
2243 56
2919 1
2473 9
4735 70
2808 77
188 42
1286 82
1317 46
4153 36
2015 67
4537 29
3348 32
3699 22
204 31
4431 41
4478 38
1267 42
4175 23
3585 69
1745 26
2567 21
2886 96
2226 18
3617 11
797 15
4502 25
822 80
4915 89
1605 33
795 71
2121 18
1481 51
3353 17
2413 68
845 99
3280 15
4057 45
4880 19
232 99
574 30
3765 14
1974 2
4870 54
1741 34
3515 60
1169 96
1698 56
1323 46
2948 23
3398 38
4057 41
4305 71
4511 45
2282 82
288 24
1139 15
4807 29
4756 90
4327 4
203 90
3993 41
3137 2
798 91
2150 85
4147 53
1543 30
1295 8
3186 59
2172 82
179 24
4004 29
384 32
2047 3
3637 11
4808 29
4612 33
3086 98
2973 86
143 47
2048 94
4236 36
352 36
3096 33
4218 82
3673 12
4031 9
1034 3
2777 13
602 14
2032 39
4936 2
16 23
4324 45
1522 56
4896 4
550 58
3275 39
4887 82
130 22
1795 22
2906 23
3837 97
4010 38
3525 54
1346 16
2222 94
2716 24
1581 51
4489 14
2353 22
143 10
3782 71
3071 69
1008 16
1331 87
387 24
608 93
2659 16
4423 20
1804 15
4142 52
1338 76
4076 87
335 96
19 49
3299 73
3610 25
2004 20
3298 60
18 29
4618 47
1802 4
79 0
886 18
4003 52
2833 48
72 2
2303 92
3295 45
3913 91
2522 35
1389 60
611 99
3662 79
1544 20
4388 54
1696 78
4234 92
3752 11
4475 34
2528 51
160 60
2435 7
4174 15
1277 59
175 89
1702 26
4433 2
858 36
3149 38
214 51
1951 39
4925 0
942 42
4828 64
647 83
903 32
270 64
2126 28
1202 63
3749 25
2603 28
4950 62
819 73
2081 4
4661 4
1290 74
1683 29
2151 56
4731 49
4215 20
3413 73
3692 76
106 18
123 72
2099 68
1010 67
4210 59
1971 43
2172 93
2909 32
1242 72
2551 38
1604 41
1620 93
560 97
3922 31
1895 42
2008 74
1576 37
1049 86
1797 28
4195 25
3379 67
4717 9
1856 60
4801 67
1593 78
1911 58
86 81
2237 62
1376 94
323 55
4222 59
504 2
4527 51
2568 96
3030 59
1644 51
4753 43
3947 67
3197 76
491 66
1362 31
525 67
3006 63
2280 82
4821 23
2843 80
3233 47
121 61
1321 5
3593 50
1554 26
91 76
2303 73
4241 91
987 54
499 56
4258 47
1404 79
1052 6
1556 85
4045 46
609 32
872 85
2598 33
3210 91
4799 59
2620 12
3861 82
2327 7
2160 65
1989 64
1415 23
2974 89
3763 60
2570 84
2354 20
2665 87
4873 77
4864 34
3680 20
4565 0
2596 68
439 6
2945 3
2691 84
4955 82
600 83
3260 61
3205 21
925 66
4354 34
4933 79
1337 32
842 8
851 60
4455 62
3372 70
3242 95
2199 39
2447 66
159 56
3415 27
4227 12
1026 97
4897 31
4805 76
3573 13
2208 68
2204 56
3713 94
1934 27
1366 30
2397 58
1621 67
1880 93
2458 15
1774 1
3087 44
4549 85
4235 33
2088 40
3043 99
2220 54
4582 17
1499 81
3605 23
3561 10
657 40
1632 63
3569 28
2786 70
4813 28
501 72
2546 18
3464 98
87 18
2692 0
4208 69
2068 92
4922 51
4613 59
1242 51
243 28
869 21
2262 52
4001 58
2650 80
335 69
21 55
2300 92
3283 72
4922 36
3011 47
1482 19
3986 1
4069 78
2016 43
800 71
1888 46
3110 74
1496 67
3594 43
2331 15
3366 87
4146 31
4813 17
181 39
3028 28
3310 1
2822 50
1206 56
3952 98
1740 68
2351 61
2135 8
4872 40
1749 56
4309 46
1333 97
562 64
4600 29
852 52
4027 31
3748 58
3010 0
1812 95
4615 79
1488 88
838 5
161 49
3741 58
749 43
3388 38
4708 35
2615 34
1990 7
4153 2
3494 89
1059 58
3855 28
4857 40
4792 79
471 8
4565 95
1652 12
109 93
1274 95
3647 12
4300 98
4888 37
329 29
4836 80
3473 49
605 78
1170 70
3676 39
759 62
1750 12
1532 22
1130 79
1777 66
2288 9
2968 60
3196 95
1354 43
1789 74
892 70
611 76
4775 9
4686 11
2245 59
3387 52
4325 37
1198 70
2111 51
189 35
1698 47
2493 98
3273 37
3303 79
3623 60
2194 84
932 78
198 82
4209 88
3694 0
2505 11
3356 26
2250 66
1521 38
1674 61
260 35
1141 96
270 46
3124 56
252 39
4584 94
3892 57
2326 89
4094 60
819 55
4038 92
3444 74
1475 46
3030 34
2678 87
4038 61
4228 80
4240 91
194 47
602 72
75 94
4904 15
195 75
2562 89
3179 30
2048 87
2223 94
3410 94
4559 81
220 28
3598 72
2577 95
4329 64
3985 62
1572 3
2212 56
2982 73
823 34
2553 80
4953 57
43 27
4479 72
3155 30
1112 27
4541 86
3231 2
3215 6
3105 89
1347 96
4523 10
2375 48
1351 8
2657 10
2313 5
3168 76
4208 67
318 34
1697 62
13 52
2948 54
324 54
2892 54
296 0
3095 9
2499 15
3886 49
3296 94
2534 72
2038 12
1655 17
3759 78
3848 23
4337 11
3075 63
526 91
4597 52
4611 88
4564 9
987 5
4956 25
2578 66
2513 97
328 50
3974 43
1621 33
1455 77
1368 65
2549 5
3947 39
2463 42
514 74
709 10
1942 50
133 60
4059 27
4200 76
2098 36
4784 98
2081 95
1249 43
3964 4
499 33
4706 90
160 34
4830 67
78 90
3990 55
4347 65
1397 85
4120 61
2019 50
1692 66
2231 25
4201 89
3668 16
4845 20
1613 4
4428 18
2469 8
3299 65
3725 65
1502 6
4342 58
54 48
3332 7
1814 6
1243 2
3514 0
4878 37
3397 47
20 79
2426 14
2005 70
4959 85
494 85
619 80
3011 88
2105 48
2397 81
2985 59
3560 10
2713 25
2467 11
3233 47
1010 96
2213 24
3402 36
3960 22
3063 14
1459 44
2058 33
154 5
3597 12
1129 91
1913 70
1356 89
2520 35
2648 35
712 55
1301 47
3314 53
274 18
2587 72
2825 98
4114 85
1254 81
402 61
1188 31
1175 27
4950 3
1668 68
112 32
2708 19
403 1
2202 18
735 56
4887 50
4390 83
2272 18
506 74
1718 63
4572 89
2828 77
1544 31
4439 95
557 41
661 67
4741 31
1090 97
4928 32
716 66
2666 83
3878 62
410 45
737 37
631 12
1152 32
3939 11
1937 67
4657 72
1510 37
2929 77
1674 19
832 52
2170 82
3564 55
1566 99
881 31
1542 16
3789 60
1880 98
2858 84
1021 37
2713 13
2685 58
2772 89
61 28
3834 16
2503 91
1226 73
2667 57
1675 77
2298 52
2705 0
3923 93
2276 30
4856 35
88 51
1738 70
1064 37
1705 11
229 65
3310 27
4858 85
4157 65
1319 97
14 98
3073 68
683 45
3841 64
367 18
3583 24
1047 65
2153 2
4726 17
3841 76
1386 38
751 89
2990 18
1956 90
2537 13
3208 80
3785 96
4304 72
303 16
3775 89
2907 58
4178 26
2542 10
232 13
4864 48
2433 49
532 37
3190 94
4380 35
851 56
3160 24
3485 46
3286 74
2860 38
4128 78
3541 71
353 7
1128 17
2875 17
4194 39
2222 56
4215 37
130 69
460 2
163 57
1412 15
3914 37
4706 35
2551 35
2089 39
4630 41
2765 6
629 65
2619 16
1487 8
958 66
2371 52
777 49
283 24
799 86
788 19
4605 0
992 75
3124 90
3496 20
2377 86
1816 97
3380 17
735 54
3591 63
1553 8
2938 54
4232 46
3170 79
707 56
1692 3
1511 22
3357 64
382 15
2512 55
459 11
3991 72
2757 4
4209 41
301 54
243 68
2069 83
3227 97
3529 41
240 59
4401 4
1553 53
447 36
1888 92
415 85
363 47
2012 89
3163 42
145 81
4264 99
450 96
4213 0
4941 95
4201 33
714 95
1044 2
1270 11
3257 23
1447 43
4556 31
2784 35
3898 3
748 61
3440 20
369 84
2518 84
4128 46
1966 26
3324 32
1355 54
1840 7
1307 9
3136 27
3127 24
4918 8
4311 50
3083 30
2299 29
524 38
2727 28
1573 30
3676 85
3634 81
4860 4
4778 92
3205 41
1889 41
1432 53
551 47
1314 61
3225 83
4923 91
1316 98
2550 27
697 11
1620 92
1033 55
2740 66
4805 21
4291 58
263 11
1925 7
3259 83
3834 89
2728 73
3762 67
1205 39
3850 35
3792 39
4082 12
4278 98
1970 99
1316 48
3820 24
4931 87
3159 11
234 11
3468 56
2905 15
3074 56
2361 49
1369 57
3640 4
2640 30
4041 6
1820 59
543 86
540 84
2656 41
1929 47
2707 44
3793 59
888 9
3982 75
2393 3
2368 28
1088 33
2848 87
377 17
2292 51
4682 51
3116 49
3212 55
666 38
351 93
4258 25
112 51
610 78
1694 49
2028 83
4614 62
4845 20
1076 7
1407 0
268 53
4755 78
2553 69
427 26
1685 71
4411 56
870 26
731 13
4056 59
1783 45
797 91
2372 62
2261 94
254 21
3678 27
4356 99
2753 61
4325 11
2028 42
2769 19
3050 78
2675 3
3007 8
1393 0
1055 21
4061 84
747 19
2347 38
3155 94
2810 43
3343 3
1038 47
3350 71
3482 98
2152 29
2328 75
354 61
2104 22
2813 43
828 71
672 2
4379 97
1302 85
1678 25
3446 93
1188 39
1985 10
4173 11
258 61
2606 28
2132 9
4783 46
2053 44
771 93
1439 32
2644 43
1373 15
4748 40
2016 45
4006 85
1603 1
767 67
3775 36
4450 63
186 4
4074 80
3712 49
530 20
4782 35
1398 82
4087 37
980 38
1970 84
1844 24
4673 23
993 16
1386 48
457 51
2338 88
533 73
3959 81
3715 78
3351 58
571 91
316 96
2678 38
4330 80
3070 26
2051 22
1324 59
2513 53
4697 51
1376 35
289 64
548 70
1 47
426 85
3885 31
1551 93
4197 69
3922 49
28 13
2671 52
4044 37
3057 37
3252 76
4636 4
2992 55
4533 16
3720 83
3624 82
4280 24
2616 72
4571 84
2400 50
2414 3
3986 69
3045 1
4212 54
1930 16
774 41
4980 54
1106 5
4219 19
212 93
3250 42
649 68
2832 67
1335 48
4941 57
4990 54
4827 31
4871 73
4532 4
4000 12
2590 76
2115 98
467 65
4053 23
2843 51
1229 15
1349 45
3860 65
4179 64
3120 76
2355 81
3328 60
4381 13
870 36
3598 76
3781 35
3256 96
4058 62
2850 46
3022 93
813 54
4283 86
2374 32
4240 93
847 8
2155 97
744 76
1170 46
4194 22
2437 52
1167 97
2445 45
3162 51
4730 50
2901 7
2967 34
2132 89
4197 53
3567 4
792 61
2049 15
4498 4
3313 78
1453 79
230 66
3376 77
1144 88
1574 46
3678 50
677 87
24 28
82 14
1973 57
14 67
832 77
3414 35
4689 90
376 17
4863 25
1775 97
295 54
702 2
3379 21
1365 16
4997 80
4894 50
4345 32
1648 98
3644 52
1131 70
3489 0
4808 49
98 53
4925 59
3316 99
4729 28
723 96
4353 15
3722 17
2893 29
677 39
1241 13
4266 89
3467 75
2765 73
2830 62
1028 33
2107 76
220 84
1475 84
277 65
1470 70
4487 36
2557 36
4623 0
2403 32
629 75
2665 99
2857 28
390 21
2668 0
1000 4
3443 82
2052 79
1725 56
946 87
518 29
3284 92
4967 24
4043 63
2173 14
4631 43
1591 53
2277 9
3113 42
3386 79
4136 11
4761 37
2546 61
1255 52
155 31
3463 7
2822 62
4684 79
671 96
2541 19
1566 36
1457 61
449 0
1671 55
510 75
2884 84
121 41
677 1
864 25
4325 11
4023 9
2696 45
1183 9
2215 93
2437 29
716 26
4327 42
163 90
201 12
1161 61
4363 3
4164 19
1623 29
3951 11
2613 7
3523 35
3602 35
2536 65
782 81
1027 78
402 36
4337 8
3318 74
2669 70
1378 70
3805 80
934 26
3433 1
1226 30
1643 32
3261 96
3342 16
772 34
3397 73
3834 31
4167 66
4825 92
2371 59
86 39
2064 66
818 99
4608 83
4051 23
2351 90
2684 27
1399 25
789 55
3722 38
2084 86
2717 22
4915 71
935 55
2113 22
3011 20
4444 27
4278 21
2124 83
979 65
444 37
2642 87
1966 94
1729 17
2896 24
3193 82
4300 17
1799 66
886 78
1817 25
1654 46
4347 87
4773 49
4687 14
4692 58
1224 18
2496 32
2429 6
3538 3
46 84
1022 89
707 47
4514 99
1273 33
3311 91
1646 37
793 22
1845 30
1264 79
3571 99
970 45
2589 32
3170 66
502 25
2987 99
4707 60
629 38
2611 70
673 71
1856 78
886 54
1021 26
2009 92
2925 85
1538 8
4607 94
2716 14
3672 98
1117 83
2369 58
3990 13
4735 64
3758 76
742 1
1761 43
1348 11
4343 51
1404 22
1837 17
1742 7
4490 81
1633 73
2824 87
1988 17
4234 62
358 38
1396 26
2389 41
4080 72
788 19
2846 42
4249 11
2498 0
1885 64
542 14
3499 94
3571 95
3333 73
4520 88
1509 2
23 78
1924 47
2943 31
652 47
3456 53
572 19
3626 4
4832 21
4522 76
652 88
2646 18
1826 1
1711 23
3890 36
1443 17
4079 38
1058 14
4597 53
817 7
2157 75
4986 90
4821 76
1567 93
3626 51
2097 85
2598 57
4175 32
3373 57
1259 96
1564 35
1038 44
1308 31
2542 70
1337 5
2516 9
2023 6
740 89
1133 8
1814 45
4821 60
110 44
2150 71
4626 78
1830 8
983 28
4206 75
48 55
1263 70
4189 67
2259 72
2622 53
2105 30
3694 85
2108 81
1789 2
70 93
4957 77
823 47
2640 52
3141 13
514 42
795 0
3687 89
3027 58
3388 41
2745 13
4868 59
3887 5
2233 58
1583 71
1920 38
128 89
539 76
1517 41
4203 50
2289 95
1425 24
1906 64
3691 73
2659 78
4118 80
236 97
1521 88
799 9
1094 82
4869 48
905 47
2970 70
3965 65
503 68
875 14
4347 96
2737 50
2324 59
935 42
1854 62
2213 41
539 73
3344 58
4926 92
2192 48
394 69
1900 78
3786 13
4725 27
98 22
3345 12
1898 4
541 24
3291 21
2344 19
2897 26
3230 55
50 13
3840 28
479 22
1992 52
1356 56
2708 26
3784 86
1862 17
1445 19
2149 86
2947 99
2391 73
3543 15
442 21
3757 4
356 66
4216 1
3855 65
2381 20
3562 26
574 73
4321 57
3408 82
1138 10
4677 74
2553 1
951 55
2773 14
4324 56
3081 5
1788 25
3320 63
2017 43
1913 91
4059 97
3558 14
4885 70
2656 4
663 64
4896 16
1352 41
4047 39
2166 73
4606 91
3797 89
3384 3
750 90
4683 76
2100 31
433 66
499 1
3293 34
143 43
3392 9
3754 90
4800 70
3971 41
4245 31
3432 81
2381 90
1459 46
1889 0
2303 54
2409 48
494 60
794 92
3590 93
3473 94
3173 6
4282 29
822 70
2936 99
2641 7
2891 98
82 78
4615 39
2640 89
4693 25
2904 68
3206 96
3356 87
3436 39
4842 25
3389 89
4172 68
3001 52
264 69
3770 18
1372 89
852 41
1094 83
410 75
4655 74
4405 47
764 27
2753 92
4452 75
756 50
2467 84
1778 75
4325 14
3975 34
2034 27
1943 20
179 7
4300 67
4073 66
2886 49
768 46
4420 6
3217 48
6 96
157 42
890 16
1339 97
1688 36
1512 69
3630 69
4162 81
946 42
3698 78
2013 50
1052 6
3043 30
4019 89
1129 30
4072 46
309 61
878 66
3037 5
651 26
3247 5
964 0
3035 44
2358 44
1770 79
3960 62
3369 17
2876 61
947 81
3614 59
4821 2
4806 60
870 82
2607 13
2951 59
1411 79
2634 94
467 31
4451 72
1914 97
4991 22
2138 69
3609 3
3418 71
4264 85
337 80
3461 50
2856 48
417 71
2254 73
1571 96
884 52
4181 61
744 66
3485 33
1740 68
675 88
2659 41
259 24
1220 52
2732 66
2753 78
805 12
915 20
2284 15
3674 46
4612 8
1772 58
1419 48
4132 85
3811 79
3975 92
3576 8
1796 17
4513 64
1149 35
2109 85
1899 30
2597 91
560 35
6 6
1608 50
2016 5
4101 59
192 69
1 69
1060 44
4996 27
3409 43
1695 12
1011 0
3801 59
4302 91
2352 93
1547 65
975 20
925 37
227 72
2918 75
867 66
3724 0
968 86
590 27
2380 11
284 13
49 49
1236 68
4475 27
627 24
2679 51
1006 75
1462 61
1746 61
2578 54
3608 45
4159 71
3290 36
2857 42
255 29
3979 65
405 5
2843 38
2934 15
4768 15
3535 49
704 89
1041 73
2259 2
2201 5
1594 97
515 7
3977 82
998 79
2612 43
1749 5
2175 84
4593 73
1522 23
48 86
4385 55
568 98
388 5
4588 40
4368 64
436 37
2251 58
3909 62
738 21
788 10
1980 44
1723 46
2056 4
3865 17
1627 1
2287 2
1159 44
2063 25
1945 28
558 63
2326 38
491 37
3462 64
3208 63
3448 81
1098 61
594 57
195 81
4436 42
4962 87
3612 28
1839 80
1759 85
4167 49
3104 89
1716 3
4406 0
16 15
1739 1
1085 51
3811 53
1116 41
285 15
3925 89
405 97
3196 30
2353 68
4429 82
2556 5
530 38
1185 21
2747 80
1697 65
4282 82
1254 3
4561 48
3795 49
992 24
3612 40
4707 18
2307 81
1954 6
457 46
3067 8
4577 33
2957 60
1943 49
1494 95
720 57
488 78
4340 50
4284 96
4277 15
3082 31
156 15
518 66
1074 37
2052 80
3209 5
961 58
1312 16
1946 13
4885 78
4066 97
3626 81
4234 90
2033 63
162 56
2792 6
3709 9
657 81
4652 51
1738 76
885 92
2379 95
2272 84
977 88
3812 12
2548 80
3974 36
582 12
2773 48
4859 6
313 22
3939 27
2496 34
4120 92
856 96
2987 58
2048 11
4431 16
808 11
2054 16
2092 29
4391 41
2195 62
912 80
3299 66
1290 4
3392 30
3129 15
3228 49
187 17
3750 53
3443 87
4079 5
3440 10
4568 19
914 81
2836 97
1158 53
4519 26
3239 96
2587 42
398 96
4605 72
1556 80
3726 5
1751 46
4161 50
2811 12
2827 68
2946 24
1423 96
1868 71
5000 80
3707 91
3058 96
1880 99
2835 76
2420 31
3167 84
3647 85
2767 95
2903 87
30 38
2080 8
2416 10
4748 30
2682 59
2649 47
46 69
2551 63
15 69
1182 35
869 99
4564 10
977 37
208 62
3176 64
2860 15
3178 50
2476 40
1257 42
4567 68
4988 28
187 72
69 88
3224 77
4873 26
692 64
1348 62
4743 17
3493 60
1991 4
1038 3
4006 25
59 28
2661 56
629 63
655 37
1728 98
148 42
182 52
1662 84
4541 18
1332 54
4833 58
1230 16
269 96
4956 30
4655 39
888 36
1773 82
4503 76
2709 40
780 77
4910 98
2374 79
19 3
959 18
4999 66
254 3
2206 59
227 37
3085 18
1418 83
1127 23
994 47
2771 89
3618 80
3733 62
1467 96
2001 70
375 67
4810 34
4960 82
4699 49
147 17
3125 91
1585 26
4087 81
4754 35
2846 71
4977 80
3516 19
3547 22
366 95
1519 7
734 4
4973 43
1967 56
4366 55
356 65
175 88
3357 49
4234 74
1603 1
645 40
2036 41
3476 32
4374 94
883 97
2879 96
572 98
1046 28
2971 43
2170 60
2503 51
2832 9
575 16
4683 84
4969 29
539 82
2423 42
1583 23
3683 11
3751 15
349 94
4755 75
4518 69
1420 31
2966 80
3404 72
1242 34
4620 11
3034 35
4381 29
4447 35
3778 44
139 40
282 13
612 80
1298 50
1185 63
890 97
462 53
1268 78
3456 11
639 56
4586 96
4278 29
1107 89
1992 73
2453 26
3534 26
1800 39
3561 48
2937 52
3440 48
4443 36
4420 13
2700 68
572 84
1715 36
3122 22
3362 0
4840 36
2532 20
92 92
2092 32
3942 37
660 39
4099 62
725 28
899 36
1884 59
4835 43
2809 53
974 50
1291 96
4312 46
3193 2
905 7
4037 63
76 17
2581 39
4305 9
202 39
4702 91
3591 73
688 37
201 95
1271 70
1357 70
1639 44
3170 82
1206 17
15 89
1977 83
1223 74
1083 14
2571 91
3478 53
2765 68
1306 95
931 11
1571 70
1983 36
2875 51
1965 97
1370 67
4301 36
1995 43
4892 43
4394 67
530 91
2549 8
94 6
3863 1
21 73
679 10
423 40
4478 33
666 1
1529 57
1010 82
4985 18
4716 66
1945 59
905 36
3009 39
1973 37
2462 58
3400 79
2084 11
1311 5
3648 17
3038 56
572 40
1667 44
2691 64
845 61
3512 25
344 62
4433 27
557 35
877 50
56 51
2733 89
4877 25
2656 74
3533 6
4874 23
4950 36
3111 68
3501 58
1800 37
3348 33
4099 50
289 21
1743 99
4329 16
3185 34
1304 47
1948 85
2625 18
2793 10
2078 69
3622 53
283 39
349 7
1729 49
1583 18
2733 13
1275 14
2597 24
1443 33
2610 54
632 75
4559 90
1643 6
639 60
1881 42
4470 43
3107 66
4020 32
3187 6
4593 55
4223 21
2638 35
2503 3
1542 90
1787 32
2568 8
855 62
397 31
3193 34
4238 55
1573 85
4564 37
3924 92
2419 24
1169 47
139 68
95 82
183 92
3817 67
78 7
3008 71
3492 29
721 35
1871 67
496 52
82 96
4633 1
528 22
3200 87
3498 32
222 9
1078 86
1456 95
946 54
3735 39
690 28
1054 32
4213 77
3852 71
1988 42
3534 88
3286 11
4199 19
667 66
1227 40
1486 87
617 3
4741 92
662 43
3215 49
2030 29
775 25
3901 79
3421 58
1436 80
1681 61
522 17
3992 0
1138 2
2156 81
4190 36
747 10
2263 37
640 75
2980 20
875 28
1271 70
3277 97
3982 44
904 52
2991 60
423 39
1588 47
1207 42
471 63
4082 51
4440 27
3803 14
3815 68
2929 25
1788 33
869 76
2316 76
1506 43
3317 49
4945 24
3762 86
1053 84
2487 96
3516 56
4697 90
2883 7
2439 12
609 98
2022 78
4028 33
4095 13
11 9
4799 8
906 97
1717 35
1896 40
4198 26
1758 60
3007 98
2459 26
1241 15
3535 74
3932 43
4158 83
111 95
3754 42
487 12
4329 35
776 12
3393 85
4138 5
3936 85
1635 40
472 5
1531 18
4929 99
2754 70
3882 6
2830 42
2999 40
2662 97
4742 30
3779 65
2252 96
2196 48
4249 60
4191 97
4580 25
253 92
1452 25
4675 36
1234 20
2554 71
1496 28
1970 36
2184 27
610 81
2838 97
3522 35
805 83
2046 8
3096 13
278 74
1632 57
1829 28
1854 66
2064 77
4252 5
4350 45
3970 45
1062 2
1983 83
230 89
3814 24
2737 94
4013 89
3307 82
2652 41
516 10
1246 83
553 7
2651 10
4722 86
4585 11
2558 65
2424 31
2328 45
4349 42
902 96
3896 98
4544 67
2586 49
3960 50
1119 21
707 71
1849 80
2270 33
513 89
239 62
793 58
1948 56
3005 79
2268 0
1417 47
4314 16
2818 73
1596 27
4563 98
4651 41
2585 53
2667 21
4124 78
4867 80
4973 10
517 15
3040 19
4636 15
4181 81
77 1
1375 53
3233 25
3964 45
719 68
4880 57
4409 98
1094 49
2286 8
839 34
3521 3
981 59
1840 98
4330 28
4614 44
1041 82
4717 80
2437 42
3168 1
3826 48
2349 32
3536 82
1301 17
3820 20
1405 40
4458 51
4648 6
3173 9
2341 5
2331 64
1952 75
2058 11
4728 1
1188 9
1597 11
1728 53
1141 46
2858 43
1872 54
1313 23
1997 96
334 35
2251 90
402 65
4827 86
4632 0
4232 66
2065 85
4804 93
3130 86
2075 38
787 77
3936 82
4440 99
2209 78
2973 66
4364 38
4518 88
1232 48
3569 54
2140 61
2243 69
3489 87
2353 42
1795 91
684 71
69 91
775 2
3787 56
1706 35
1284 29
133 33
4338 75
3986 50
297 33
645 52
2912 46
1880 2
30 55
20 9
4450 99
3942 38
4545 65
4198 21
2705 74
2800 7
1548 24
869 48
2585 19
672 62
3032 83
3461 66
4727 2
2520 98
3352 83
3188 39
4005 78
4299 7
4369 98
4513 77
1458 71
4660 88
2859 81
525 30
1320 36
1090 61
1070 36
1144 79
1599 18
3325 87
563 79
4386 53
17 11
636 1
4500 80
2124 92
3960 59
3592 64
4737 6
763 73
1512 0
2770 43
3719 32
3357 13
365 13
3045 12
2092 50
743 4
4696 5
1614 47
3528 17
1371 89
3758 42
3118 87
431 26
1772 58
498 80
4466 70
1970 73
3421 27
558 47
1107 95
3529 8
222 83
3231 35
668 39
1243 26
323 36
4694 28
2992 46
1364 24
1491 3
872 96
2968 35
4073 64
3149 68
1597 88
979 79
1959 60
600 81
873 99
1127 14
115 31
4986 60
4942 83
2760 80
3771 14
3265 19
3367 62
1050 67
1365 4
2848 94
582 10
3124 98
808 72
4939 64
349 11
2750 19
3273 90
2998 0
1232 56
3826 24
1236 84
3561 16
4624 50
4021 59
4493 46
4035 76
1627 45
1496 12
80 45
138 33
3924 44
2546 13
2517 63
3026 68
2015 44
486 66
4748 77
3802 37
4551 19
1132 41
4035 43
4750 0
224 84
3040 45
535 94
1706 99
1445 43
4622 84
684 50
2476 70
3881 17
495 0
1297 81
2439 53
4288 9
858 96
4067 92
2295 76
1189 85
570 34
2969 62
3842 19
2224 55
2486 65
3855 79
4223 92
2483 0
3079 96
1096 34
2619 74
1563 33
4036 36
3376 56
2823 52
3610 83
4442 24
1469 33
3927 55
4606 49
2073 5
577 64
4136 10
3657 2
2517 60
3169 32
821 96
3188 46
4387 61
3061 64
3863 72
1381 3
4891 61
4482 31
422 15
2901 80
208 90
2201 79
3174 55
8 40
1079 58
2208 66
4169 90
4493 97
3372 9
967 18
426 65
1973 98
3736 78
4895 86
3072 52
4495 63
226 94
4567 57
4868 12
4192 98
4115 31
3728 10
2322 27
3235 97
309 26
396 30
3277 75
1772 58
3560 60
2711 11
4534 27
3904 62
4328 83
846 59
1849 88
2764 79
341 87
4226 91
2043 22
3083 33
2470 9
1230 12
91 36
2449 34
3700 71
1717 20
1784 10
3613 34
4855 24
4477 26
2397 65
4563 4
1927 92
941 39
2127 32
2244 12
4175 45
3047 92
3874 44
3052 59
2538 5
2178 28
1496 20
4183 77
2669 42
3828 51
1781 99
1628 78
1139 34
1195 53
3221 26
814 38
4815 80
1906 46
911 17
465 81
4410 83
2232 53
4746 43
2979 39
3700 93
3045 17
4085 87
2595 12
4001 76
2809 2
2108 40
660 72
4773 58
3200 97
3650 33
3632 37
2292 4
292 65
4409 75
4123 47
1515 69
1963 20
2146 28
3055 94
1361 17
4915 94
2525 5
1539 1
1467 80
629 56
4458 25
3634 71
4287 41
4392 29
3126 35
3809 65
2073 24
2548 59
1104 99
643 88
2255 64
4415 36
1795 35
97 92
4180 27
1768 20
2965 81
934 70
4718 8
4091 43
1731 97
3131 25
3603 25
3274 3
4069 38
273 87
2675 50
4945 83
4873 79
1725 17
4452 75
3366 7
3754 89
2172 14
3958 4
4809 41
4268 15
2224 87
1065 77
4396 45
1001 36
2292 32
2803 17
375 62
4185 69
349 69
1002 4
1158 9
876 53
916 42
1028 84
4638 16
983 47
3169 32
1769 14
88 40
2859 69
895 4
4903 37
43 26
3379 66
768 63
2249 53
400 93
3188 4
1217 97
2163 50
4556 43
1498 9
4276 76
4537 73
3390 65
1703 49
3511 6
1151 95
3270 34
1647 10
1247 37
2288 33
4795 79
3547 66
1547 85
377 67
800 23
4620 43
2746 84
1084 71
3857 28
2634 76
1111 54
2405 17
487 38
1369 99
2943 41
4561 26
2538 78
2229 81
1260 14
364 13
1495 10
4437 45
2319 39
3777 71
2771 1
2003 45
3806 16
3716 85
265 19
2681 38
4501 58
4426 62
3058 2
2545 73
4412 2
1145 70
4370 0
4030 83
457 55
1080 6
4447 4
1334 25
56 49
2516 62
4212 82
2800 25
1423 95
310 41
3350 53
1521 40
1394 62
519 58
3498 50
1962 32
3787 65
1637 78
2740 11
2321 54
4213 40
572 60
3573 41
944 84
585 87
1993 82
1808 78
1661 54
1214 54
1171 48
2570 11
2896 81
415 26
360 5
3582 43
3924 35
2740 59
3388 94
2475 97
4416 41
3112 70
1733 18
4659 31
2667 89
4249 26
3932 25
575 33
4611 2
2190 89
234 31
1810 66
3440 99
4347 88
1316 65
4729 64
4110 7
2212 23
3660 53
4043 17
4593 96
2786 23
4534 55
2472 26
2436 3
1543 50
4311 38
4130 3
2261 71
1701 72
1045 10
2973 42
4096 4
4689 9
4864 13
2857 70
3924 54
4030 95
3262 22
1620 76
4788 56
1872 75
974 40
4453 18
2342 44
138 79
3100 67
4554 68
4495 73
765 0
2171 34
3658 8
4211 93
4904 40
1245 28
2580 59
3844 68
4030 29
2860 72
4999 13
3678 41
3385 38
1799 69
3022 18
2842 11
1800 81
2463 70
4319 36
2063 75
2541 71
2794 57
3689 69
1181 79
2417 95
3587 56
3428 87
584 9
60 33
3519 40
61 9
236 98
3739 34
3163 0
3692 12
720 25
4149 0
3768 50
2338 83
537 95
4694 51
581 38
1676 81
3608 26
2472 44
4290 38
940 97
481 48
1812 42
4533 35
3276 4
4630 11
2349 19
942 32
3157 3
3777 26
331 74
2111 2
870 15
2609 90
3891 9
117 18
3753 39
2286 67
511 69
4234 95
4316 19
1246 28
69 99
1181 15
2379 69
468 37
682 63
3851 11
3885 88
1293 80
30 85
3547 94
1331 24
876 26
2829 87
3976 8
4232 88
147 88
3060 4
3029 78
534 4
1122 76
4725 74
1800 34
1166 10
153 15
2219 49
4417 16
1148 61
2563 89
3378 15
783 97
1429 98
3789 17
2269 19
2010 79
1598 6
4893 47
2871 64
1809 25
217 71
4846 67
2887 25
2618 11
2743 35
2319 6
4046 89
3214 89
264 72
529 47
3439 45
194 47
2746 20
1004 54
2862 95
1642 20
2610 20
1006 60
4918 23
3296 88
1772 64
4399 22
1873 44
436 86
795 68
173 68
2299 21
102 84
1313 32
2831 17
4861 25
1579 99
3051 90
263 75
2470 2
3773 81
3068 19
2282 54
3082 32
3645 37
2430 29
3760 81
1620 47
526 49
4916 30
1274 60
174 19
1177 34
4027 31
4482 55
477 58
905 71
148 26
3202 17
2303 58
3324 74
651 54
914 35
2115 11
4157 18
204 10
2080 78
3713 81
917 97
20 63
3589 49
3140 56
315 72
2139 13
190 89
2889 98
368 91
2003 95
4398 52
4737 66
2432 1
629 32
1031 9
3953 37
3750 91
1737 74
3184 66
4651 41
450 59
4568 18
1491 46
4188 72
1078 83
2425 96
3119 41
2440 85
4219 42
1127 11
4451 94
186 58
4946 25
821 11
4571 54
305 35
1997 10
1944 98
2986 82
4530 88
1042 1
3258 58
850 71
4883 78
3831 84
4929 91
4579 32
3212 15
3386 60
3236 86
617 8
4824 93
2347 6
3056 23
587 10
3897 96
4279 26
2361 39
2269 56
2046 92
215 80
2793 58
3530 24
3615 93
2163 47
372 14
2687 51
1111 95
370 7
4914 83
2537 82
202 64
1606 26
2913 72
3309 95
4518 68
3713 73
510 22
4109 63
4692 95
2183 43
1976 34
2664 33
1606 11
3235 56
1152 14
2541 56
4075 13
4286 91
4873 48
2022 1
1087 87
112 7
3240 7
1307 0
2752 22
3961 94
4753 20
1293 8
4107 92
527 90
4349 27
4189 24
4302 83
379 18
69 60
970 75
2516 79
204 94
2138 4
3463 44
4680 71
3018 8
1389 46
2643 98
3874 29
3622 38
3233 53
2764 50
1203 2
2888 36
4953 56
2659 39
1177 28
1373 48
4346 18
464 87
4564 48
4104 57
682 44
723 13
3970 91
3504 64
4738 72
3321 37
1128 72
4384 64
1594 80
3928 73
3348 50
55 60
4645 49
1641 52
358 30
2595 89
1098 50
4182 49
4666 18
4055 54
4730 6
3173 99
2136 24
3390 71
4050 36
101 60
2310 52
1586 29
165 18
2878 92
3544 3
4816 19
3918 57
4603 99
2483 93
2817 73
806 12
2387 81
4929 85
3366 93
4232 93
761 54
2007 14
2250 63
3040 39
1830 78
1343 33
677 26
94 18
2704 88
562 28
2591 38
317 43
3765 64
2463 29
2101 4
1892 69
467 67
2140 69
875 56
4178 78
2879 43
1966 1
1857 41
804 37
4615 69
2245 12
2794 35
2086 3
65 59
2793 68
2664 51
475 1
2428 48
1218 48
498 85
3978 20
2182 85
3769 78
2726 2
1629 79
555 13
2157 22
724 93
1318 37
3683 0
4806 8
2598 78
2549 82
1213 8
1640 70
2303 36
4377 18
3612 58
4995 65
858 6
249 18
4590 60
986 78
3293 40
3710 79
1950 59
217 93
1357 62
3731 45
456 75
1988 99
3439 0
4891 67
2802 44
1952 60
4067 51
1746 95
4077 58
2294 33
25 98
1542 99
3025 72
3826 97
2074 71
2862 96
265 61
436 53
2067 92
4440 98
1057 59
951 56
1320 68
474 53
136 24
2687 89
75 62
4906 92
3940 18
3462 27
1563 92
2512 71
649 97
795 23
214 30
2332 20
2239 70
2171 26
4852 91
2066 12
4510 46
1584 48
3858 36
4483 55
3277 38
138 56
4159 52
4669 21
1528 42
3699 54
4159 75
4796 77
1489 52
4562 4
2569 99
2705 49
2449 95
3278 79
3933 38
1990 69
4991 5
1861 25
1430 14
984 45
1988 14
2892 73
3074 26
4386 32
3333 37
79 21
3303 3
1791 78
4921 77
1877 79
2892 15
121 65
1198 33
4671 57
3735 87
3638 23
4241 4
2533 1
4136 29
2260 15
1594 47
2712 52
4815 32
870 29
3239 50
1111 8
3244 33
4400 14
923 16
3395 51
3826 7
2046 40
1985 86
2773 81
2599 86
3565 88
2973 98
3156 76
2578 56
2177 62
199 85
138 1
1544 91
3688 11
1555 76
1782 32
546 64
4277 64
526 46
2164 9
2833 62
2689 64
15 73
347 64
1655 15
1654 70
2147 81
3460 66
2349 56
2942 2
2954 62
4715 63
1247 82
1679 49
1933 1
4870 17
2639 66
372 16
3284 30
1540 16
3125 68
3952 1
1477 67
2961 12
4659 57
408 55
917 12
1678 37
3222 43
4471 55
1443 62
4955 18
74 88
1651 39
3918 3
2158 80
3656 20
3522 22
2902 2
2785 15
3875 93
3645 19
4851 80
4718 17
1872 58
144 41
3819 79
3468 81
2432 78
4150 40
1739 56
4484 32
2852 24
2294 18
334 23
3103 84
2172 47
3806 26
4090 89
2066 12
4883 78
2944 57
3491 83
1004 38
2406 22
4558 70
3109 12
2819 37
4979 7
4457 62
1753 45
1786 49
4240 12
4458 16
125 96
1675 22
2130 25
4183 40
2974 1
3251 43
1356 15
4372 98
1741 98
667 3
3206 68
1064 23
1607 19
988 67
2238 32
3934 46
1901 29
1899 33
950 8
3854 24
4752 19
2380 40
2908 53
2086 15
4244 53
2996 37
4458 68
4026 57
758 8
4733 23
98 76
3598 27
2426 19
4105 6
3065 26
1390 6
3886 19
2802 69
1762 53
3574 63
4641 34
3418 23
1695 56
795 80
2150 24
1507 76
2327 24
2630 92
69 44
137 20
974 35
3217 39
1755 38
1485 45
602 58
4058 22
3377 7
868 54
2716 99
218 95
2540 41
2320 42
2778 27
3990 79
867 9
2707 24
2238 73
1038 68
4957 88
2363 64
2790 12
3322 66
229 50
1930 34
898 13
2011 49
711 39
1442 2
4420 65
4130 80
1492 97
2034 56
2225 50
2765 47
1624 93
971 99
2501 59
3837 20
3789 67
3515 28
1640 94
2854 10
182 58
3200 6
1831 5
2676 25
3689 73
4985 73
3146 18
4489 15
1612 48
879 89
3428 61
3013 75
2908 43
3075 64
3626 20
2649 45
4803 7
406 81
760 92
624 95
1239 93
3408 80
2044 97
335 43
1472 25
4446 81
4439 71
2056 87
4283 28
3850 31
3918 58
1628 92
3924 93
584 88
2278 17
3 18
4225 5
2547 90
806 82
1895 78
1499 51
2241 29
3207 16
855 1
1146 60
3608 52
2972 34
3368 96
1519 7
4579 70
2705 16
2338 0
968 38
4774 31
3313 19
1293 91
3925 7
198 66
594 54
2262 20
1386 38
1642 50
1597 58
4189 84
511 24
2674 89
714 41
4624 22
3052 89
3037 97
891 5
4322 15
2833 58
1013 66
1431 11
4179 21
4829 81
1684 87
3846 48
2430 73
2127 22
2695 48
3914 34
3862 37
3095 35
1865 69
4944 92
1726 76
932 82
1129 80
534 87
2144 86
767 32
3854 29
3141 40
2669 4
1242 86
3754 33
3322 29
4477 72
155 96
1485 7
2605 35
4964 2
4473 91
694 12
1134 84
2247 67
363 61
2294 15
376 67
217 6
422 58
3836 85
835 24
757 5
2756 12
3217 32
2579 46
2608 5
1258 88
2210 85
4894 38
4551 8
3106 85
1253 5
3514 38
3790 51
1041 71
2615 78
575 67
2041 59
1999 38
1871 99
2190 48
2411 70
1559 66
4067 34
1337 35
1696 37
1083 91
1018 99
782 70
1911 51
3815 9
3857 89
3411 37
3680 73
2459 70
473 77
2690 42
3595 27
1414 82
3565 79
4194 98
1054 82
4957 15
886 60
2757 19
2514 76
3694 53
2010 25
3475 11
428 77
2982 71
4970 68
3207 55
914 1
4437 47
969 12
336 24
3977 28
650 13
3028 8
243 26
1889 20
2774 29
3606 4
142 86
3705 15
4874 17
4528 5
4634 76
238 11
668 86
544 73
749 30
1945 83
613 90
4157 49
1737 24
1422 95
2625 55
3349 25
3539 34
1152 99
2564 22
689 19
3875 10
1410 80
1665 38
3849 40
1211 2
2467 75
4689 43
1533 52
3093 7
1958 55
927 51
3413 80
1578 86
120 79
1016 73
4101 83
2378 75
4323 45
3585 35
2038 96
280 11
3883 94
394 16
4764 73
4757 50
1996 31
395 35
1863 77
1995 80
1306 49
2376 52
3337 52
4349 6
4408 82
1692 86
20 63
4197 81
1117 33
3833 53
716 25
102 58
561 57
1360 2
4789 11
3217 90
3043 22
4405 49
2185 29
4463 82
2605 33
2957 74
1235 54
2039 13
2597 97
4956 22
622 38
3480 21
4347 30
3478 75
1718 78
3223 65
2240 72
3514 90
1773 29
3539 6
4996 23
3657 56
3505 35
3794 7
2206 22
1927 43
3915 49
3110 31
4886 25
2493 5
2741 88
2458 42
412 41
666 90
4278 78
4358 50
873 40
1035 97
4898 72
3941 20
1369 36
387 36
860 66
1440 66
1665 52
1331 16
2021 21
4920 24
1630 40
2656 13
3482 58
3499 37
4582 59
61 86
2174 28
1253 64
2757 59
4995 15
3734 96
535 32
2810 3
928 62
2973 4
2240 53
3962 73
2211 50
2214 17
1279 61
9 51
2397 60
1486 51
1974 94
1847 56
1084 62
2450 43
4321 32
1599 6
2317 91
4356 88
2285 59
686 41
4141 98
1126 40
1590 79
2037 23
526 97
1198 48
3425 29
421 51
4624 11
2155 19
2796 6
2463 94
2440 31
2260 65
4358 54
4922 55
1830 7
4401 32
2897 87
1900 70
2368 24
4827 71
3232 22
108 66
1159 64
4300 10
3246 58
3752 83
1358 38
161 80
3693 45
2943 41
4169 29
2318 75
2407 81
3867 69
4392 91
4714 96
3529 17
4341 12
3088 11
243 44
2824 13
3084 35
3133 93
984 62
859 28
4302 98
942 26
679 45
4075 5
2264 95
154 24
86 30
1900 1
983 21
3341 31
2712 38
972 77
2233 60
4937 85
3280 16
4628 44
3708 51
176 46
2463 88
3714 91
2845 87
2439 16
2090 80
1363 64
4192 34
99 43
3570 83
1140 90
3684 48
4759 45
3001 88
3223 96
2788 57
1757 43
4173 84
2031 72
4189 72
640 47
3787 0
3795 94
2850 15
2355 21
1414 65
1968 52
311 15
1192 1
4245 9
2609 90
1130 32
4850 34
1217 12
4998 76
4731 83
1622 93
119 62
435 60
2482 26
3238 59
3429 35
1516 62
1567 65
4387 82
2012 22
4001 74
458 41
3971 75
849 50
2354 43
2185 68
1393 45
567 42
2887 61
3625 97
252 64
2657 15
919 13
1188 15
4260 42
2167 55
2233 41
1623 71
2235 33
3435 99
2209 62
523 74
275 96
679 54
4680 16
160 5
3855 82
991 71
2770 42
1504 11
591 8
4504 43
2070 69
4434 53
1273 42
3319 17
433 83
487 27
2069 4
3237 71
2543 24
3908 44
4858 15
3308 5
3689 89
3620 21
3187 88
3383 59
1479 3
4475 76
4638 67
4438 49
3560 84
2456 60
1260 80
4019 44
1706 65
4510 56
1774 19
2990 95
796 47
1743 58
4064 66
3051 11
4744 5
1214 92
1770 76
1233 67
105 54
1947 57
4408 23
4615 80
1217 96
1727 98
1174 77
137 31
2133 14
4200 38
621 69
3077 86
4170 56
1162 75
4169 33
4106 64
3518 28
4508 75
4572 67
4151 2
1997 55
131 87
4187 10
1860 44
3730 34
1077 65
2120 96
3608 7
3309 39
3975 44
318 96
2060 92
391 46
4250 24
4496 34
3299 2
1468 47
629 40
4165 0
1289 63
1430 75
2794 70
4403 42
3358 9
3525 3
3163 79
1023 3
932 0
1080 65
1843 45
513 51
3707 34
3982 20
3567 6
2170 92
516 10
4418 22
3116 22
4886 25
2255 67
3137 79
244 39
1403 18
1284 95
3029 4
2785 62
1603 27
3667 58
1202 8
241 46
621 68
4567 29
556 27
718 51
3654 65
2396 40
3651 58
4734 97
3940 36
2834 84
4557 24
4410 5
3131 12
116 34
1289 30
2223 88
379 33
2497 18
4329 81
2891 73
2373 19
858 3
2191 5
1000 67
1759 46
2011 97
2649 99
2448 38
4109 41
4555 33
2566 27
3066 50
809 95
2413 57
2272 89
1985 40
2616 24
2619 44
4638 76
416 68
2608 0
50 34
4645 72
544 84
3879 5
3443 72
4504 88
1271 40
806 35
2041 15
3451 43
3863 48
189 5
4323 11
2630 77
4232 1
4360 18
956 9
570 76
4573 39
1909 7
747 18
283 83
4741 87
2345 66
1072 86
1244 28
3663 3
3162 33
2469 26
3759 38
3461 14
276 64
1910 50
4606 21
2607 43
1755 7
3559 78
32 23
244 55
937 19
4831 42
2211 77
2265 58
3251 55
4988 5
4012 50
1070 29
754 85
3422 49
3168 87
464 5
1158 30
3992 96
4479 73
29 16
4918 8
1671 1
3646 83
1318 45
3248 4
1549 12
2873 14
1439 48
4472 91
76 42
4751 27
4399 81
963 65
2167 86
2803 99
1465 96
3348 43
3537 8
4027 82
7 43
228 48
712 31
1737 44
1535 59
3654 94
184 33
2556 67
2006 46
1470 98
4972 6
3939 66
446 85
4042 5
1347 62
250 13
4765 44
1448 33
2924 34
4255 66
3446 83
3990 13
2700 97
4352 84
347 74
480 54
2968 37
551 78
4953 59
3691 53
4912 12
2041 25
4345 24
2781 56
3270 39
2765 17
506 19
4265 3
2607 82
1791 92
3832 31
917 30
4395 93
3681 10
1566 67
4156 43
1970 48
3464 0
1441 88
4168 31
2487 12
3760 96
3721 27
2041 62
664 36
3014 80
3283 45
3333 39
1801 92
804 57
1718 1
4745 92
3832 0
2215 2
1935 65
3798 8
561 99
307 57
76 49
471 84
2843 81
2600 15
721 87
4749 30
1459 4
70 43
3969 22
4063 42
3964 42
4528 98
4138 19
4256 86
2042 59
3272 50
2657 91
1449 52
2632 66
3959 3
3917 62
2917 29
4507 53
1071 99
852 46
615 79
457 24
3422 16
2448 97
3972 75
722 96
2379 90
2755 68
4923 99
1605 28
2253 85
1269 39
3303 50
2220 11
4843 23
1067 56
1952 31
2539 55
4730 7
4308 42
1774 30
1781 15
937 80
1919 48
773 18
4481 7
1011 20
567 56
2829 74
1397 56
4947 36
340 79
1308 63
3663 90
1898 9
4875 99
769 31
44 85
2662 77
4418 96
140 59
1409 57
3669 17
2634 75
541 10
32 70
1680 36
3263 40
3935 78
814 15
3263 65
3507 81
4752 9
4691 22
1479 94
4497 1
3314 21
2753 75
661 79
891 83
3363 34
4790 33
4660 19
1589 67
4675 47
2483 26
1323 47
2084 57
4710 59
4587 20
3568 31
3350 91
4347 66
1784 65
1082 94
3439 91
1042 9
4342 63
809 97
4039 69
886 50
1824 7
1082 20
3297 53
326 39
810 64
2465 95
3871 44
4680 94
2271 58
2235 37
4622 10
3016 53
4933 86
1867 13
1544 62
4636 39
4678 38
1329 92
4316 32
1048 35
252 62
3823 77
3766 2
563 85
1157 49
4164 40
3616 15
4488 47
2227 25
4015 28
3342 42
132 7
235 38
2919 98
1961 57
4779 9
4840 96
3095 89
1030 75
981 46
3338 22
4021 82
4971 92
4743 3
3692 72
21 94
2653 39
3787 50
676 98
2897 27
1584 59
627 70
1286 9
1047 31
1117 32
2970 68
2598 43
1972 72
2074 35
2400 70
3565 80
625 8
5 80
726 39
2280 50
2333 64
4757 21
3319 66
1449 42
2776 94
1517 66
3080 91
2235 27
2386 75
1688 57
3938 25
4590 52
1786 26
2866 32
627 97
3557 86
3052 9
108 86
1846 37
4354 23
2769 0
2547 66
1702 67
792 88
288 57
1303 61
3381 53
225 91
3091 62
2024 13
2209 83
1384 13
1363 72
4556 35
3576 2
1100 26
1894 28
3170 21
4877 31
211 11
1484 8
1572 23
3120 43
754 57
3275 4
2627 23
4607 40
462 81
778 99
3100 92
3902 88
1662 71
1741 89
3730 18
4707 14
2564 38
3933 17
4561 34
2042 51
3576 49
2156 57
3942 7
4651 22
3428 57
3087 73
1667 92
3571 87
2377 12
2210 57
1330 59
2778 97
1674 85
542 74
301 79
3897 98
2107 3
3222 43
112 64
4707 53
1972 49
3041 36
2886 27
4036 80
3608 78
2640 37
3785 33
2083 34
3483 6
1845 66
1724 93
3622 86
2510 10
1488 76
1585 79
2263 69
1623 7
2676 44
543 38
3114 3
2746 41
2680 2
2667 48
1377 91
1025 19
160 76
1613 69
2168 12
1255 45
2605 58
2732 49
234 50
474 36
3676 72
836 99
2675 10
4045 56
1669 27
178 48
574 43
1159 57
489 47
456 46
4258 49
2376 96
3851 87
1502 84
3663 93
526 25
2318 60
1387 16
4648 98
1016 0
1435 57
2455 40
4965 5
400 18
4358 97
4240 49
3051 56
2426 76
2687 86
2898 10
3641 29
986 63
2438 84
886 46
213 18
4205 61
1961 25
1084 86
3300 69
2648 33
4481 28
1018 91
1766 51
4335 44
4651 26
1525 57
2621 84
1149 52
4613 41
1865 20
2386 65
4714 41
2142 40
2879 53
4426 5
1951 51
2529 92
3848 17
2320 3
2965 7
2825 87
2884 95
937 83
2354 28
1336 8
2147 63
3232 2
1959 55
2095 14
243 86
4761 94
2626 76
297 75
4855 37
1888 55
3437 28
4497 99
4411 97
3900 42
1653 27
4445 54
1751 51
4969 12
2615 52
4677 30
1876 10
807 94
3995 69
3244 16
627 64
1636 62
2733 12
4450 7
226 78
3089 5
834 78
4622 15
2117 1
1917 52
4802 44
3853 34
594 18
4203 4
3854 5
4265 45
1804 40
3401 97
1692 30
955 89
4919 35
262 69
503 1
1194 87
189 18
1964 49
776 34
4043 51
511 17
1342 26
3002 67
3429 62
679 18
856 34
723 99
827 20
4026 39
4390 54
654 51
1141 43
2648 23
2456 60
1357 91
4878 15
1980 55
2582 92
1230 65
1541 64
191 31
3786 43
21 72
4197 62
2526 86
1451 54
2023 72
4474 37
3471 45
4149 62
3231 18
3431 81
2545 37
4497 58
139 93
4624 57
4677 27
817 50
3082 94
2129 95
2838 99
2191 26
667 29
2089 8
4826 88
4084 26
1990 1
4845 46
1251 7
4699 46
1335 25
4257 57
3666 55
4176 66
4998 14
706 1
4596 11
1054 17
3136 92
2787 69
3297 29
529 36
990 93
3979 78
1917 78
82 6
4392 76
373 60
3516 28
4061 68
3502 15
388 39
4447 23
1439 6
1301 14
4712 57
4392 24
2835 49
4975 35
2154 28
2951 35
1324 48
4162 96
3240 90
3427 26
3498 43
4294 11
1569 64
2151 98
1477 93
3908 44
1325 60
541 21
503 98
2405 74
3749 42
3622 21
473 10
3778 88
1063 14
4847 23
88 64
2122 86
3460 66
720 84
4309 85
1400 49
4350 42
926 43
2331 63
3740 39
2286 95
1049 82
4027 5
2759 36
4997 30
2439 68
141 56
2000 16
3601 62
4334 68
1522 33
3321 20
4780 23
3197 86
3071 63
2284 62
2804 78
929 54
4765 45
1059 24
2790 44
3426 76
4745 18
2309 80
4357 22
1811 22
4302 32
4282 40
2074 26
3962 89
4163 64
3148 48
411 77
1322 27
1950 79
757 76
2359 85
1248 6
4602 23
938 60
1086 21
973 20
2500 12
997 2
1068 42
2306 78
148 84
2069 98
2228 91
688 86
1971 73
3463 85
3186 22
282 13
1378 44
1176 93
3644 27
2270 81
1356 70
618 21
4771 39
2308 28
3930 71
4115 75
3671 58
80 35
4964 6
140 93
4350 11
2469 79
2941 22
1015 84
923 31
3208 22
4879 54
1741 5
2395 69
4462 48
2315 33
270 34
3884 50
4874 51
2052 78
514 11
4066 93
3893 56
1056 65
989 95
982 3
159 46
4151 0
2445 69
374 74
4104 91
2909 44
2897 60
3942 24
846 70
2579 85
2768 4
1590 2
3658 77
4057 57
12 19
3040 97
661 18
4209 97
3758 53
1030 67
2021 43
737 58
2686 66
1904 60
4222 53
207 57
3024 48
4425 86
721 38
3090 41
1678 27
3606 70
3327 83
217 58
3611 26
4573 88
1414 53
1755 8
1646 22
2113 47
1176 72
351 18
918 23
900 46
1657 75
2772 64
3865 77
3379 12
1484 95
2525 89
3253 34
4779 18
2213 27
1234 10
1796 78
2095 1
2804 45
2900 19
1405 16
1843 67
4180 64
4527 22
1277 70
4284 68
4283 98
706 34
3802 63
1012 65
259 71
3131 12
3399 50
3514 13
3764 77
1414 14
2278 99
980 54
1132 14
2416 22
4075 91
4498 27
4083 33
1498 44
1985 1
4161 27
862 75
4536 85
3857 77
838 14
4500 66
3760 47
4235 37
4372 72
1669 76
1724 76
2288 93
4557 33
3906 98
3673 27
1303 85
1345 99
1303 32
3849 20
1171 11
4238 50
3058 94
4701 75
1 46
4762 73
522 10
1484 43
585 21
3027 76
1702 20
1001 6
1034 22
479 35
46 59
3602 7
1505 16
2250 73
3334 27
4166 56
3829 44
2238 94
3947 81
246 61
3947 77
852 33
4557 71
134 32
949 57
3793 48
3987 71
3283 91
3209 13
4072 75
3367 58
1148 1
1987 3
722 49
4047 30
870 33
3245 57
3448 86
724 45
3080 65
373 55
473 33
3190 9
4487 98
3976 27
551 26
722 65
2181 40
2345 46
16 87
3665 14
4052 61
269 16
4092 1
1849 79
2435 19
385 38
2371 13
3789 12
1547 65
1296 19
1139 53
4518 76
2272 23
3773 17
2327 77
1999 87
136 15
3962 7
2281 25
4637 1
2527 28
3675 60
74 98
509 87
3399 14
4174 31
2285 47
3916 23
611 29
459 85
1326 17
71 18
2176 15
607 0
1286 11
1483 4
581 46
1818 33
3484 35
983 68
625 35
1512 2
3713 3
3359 19
4930 86
4738 84
4775 10
1490 13
806 12
3181 71
1817 0
4507 44
4407 6
4696 2
3734 72
3661 3
2039 46
1822 76
1325 1
3648 21
3927 56
3904 18
3171 41
3654 2
4952 75
2751 86
3346 61
4419 23
1594 24
2618 73
3686 63
1601 2
1041 46
3605 74
1651 66
1099 86
4853 8
3855 27
1893 30
4917 54
2401 87
1058 31
26 80
3815 54
3334 98
3302 9
3183 74
2919 31
4606 3
3697 66
377 99
1782 23
1733 34
4133 4
4173 61
2105 75
3538 21
2127 31
345 17
1762 72
2985 28
1455 8
4805 25
2677 53
1042 23
238 41
3955 75
1213 62
4289 39
3823 33
4309 47
2204 55
839 99
917 20
4944 50
2230 60
365 74
3483 20
3699 68
1552 42
383 73
3069 35
3738 2
3883 22
3263 3
2061 53
2273 63
3879 37
2691 90
1937 65
1278 61
260 27
3416 97
59 76
1854 96
402 39
3839 25
505 39
2838 4
5000 94
4619 71
911 97
3357 27
282 61
3958 19
2805 64
2722 91
3191 8
4480 37
4075 84
4901 33
2256 98
4175 56
2826 8
2724 7
4114 25
4915 68
1096 63
2319 72
4137 76
3897 27
498 0
1796 23
3345 41
1648 2
3071 38
3554 94
2426 12
4620 71
4199 45
1877 97
1617 24
551 56
3275 4
362 13
1981 0
2561 18
471 93
2949 72
139 21
2397 27
4957 28
727 48
3056 63
2442 74
658 37
417 0
1632 25
634 84
4042 4
4286 28
549 55
1048 9
1775 67
3562 10
2487 26
1169 14
1035 92
3436 16
3270 24
4464 7
1453 31
3576 10
394 49
3949 71
1887 35
3377 88
4503 39
4070 21
1579 53
3557 5
4551 42
2430 79
985 75
3232 63
218 25
1713 24
3768 32
4198 86
4815 70
2560 36
1504 85
236 60
2269 90
3950 6
167 75
2212 66
3439 46
4992 27
3354 80
2864 86
2838 48
4037 86
2025 36
3613 73
1162 80
1387 24
2707 57
2231 0
873 62
4638 52
1615 39
3119 71
1364 65
1680 76
2010 62
4051 99
4260 46
3955 37
3331 42
1955 26
2447 76
1458 33
4686 85
4939 87
2363 22
2474 30
1555 0
358 35
2123 95
4421 95
2535 17
1561 87
81 98
3772 9
1528 30
900 4
808 53
362 18
4829 49
4112 58
765 95
3076 25
1509 46
1675 0
1675 97
1910 51
3935 67
3149 34
3106 24
1971 38
3969 22
1915 31
849 80
4317 15
1082 75
4396 65
3329 87
4768 39
4032 70
360 83
4480 65
3029 56
256 15
2431 46
939 61
2379 99
4656 73
1944 1
3872 96
1010 42
1692 86
3160 33
1979 29
2028 88
3937 54
1518 66
2604 21
3110 94
1753 98
1827 46
236 12
4961 91
1613 84
154 12
2465 34
1854 28
1405 52
4555 54
129 42
1659 4
4637 49
3464 64
323 13
1877 64
1075 68
4340 11
4110 9
1081 92
2576 43
3177 27
1730 30
3846 89
1559 87
561 33
569 27
3529 68
928 38
1184 33
4478 61
203 74
3261 25
1975 16
2536 90
2969 56
2859 99
77 56
4242 95
1790 87
972 64
1926 35
3637 31
3640 12
4412 29
1031 54
4638 91
4132 72
1533 58
2544 71
2679 98
3013 52
2170 85
1792 95
4931 41
3657 30
2004 51
1465 93
4198 66
3107 33
3472 26
2902 56
1022 80
370 27
3821 95
4302 23
752 58
1879 80
3824 81
2725 30
3078 15
2543 9
1188 14
774 64
4162 90
4010 71
3763 99
4295 61
1794 67
3342 40
484 13
3077 65
4349 46
3336 41
260 73
2105 85
2560 67
709 34
154 20
4791 49
147 72
2027 52
1706 67
1201 46
3434 29
23 76
4091 15
742 21
3561 74
1578 3
1506 58
1135 52
2379 3
177 87
2445 16
1154 72
4749 45
2564 9
927 86
2007 84
2411 33
4348 46
4446 8
1537 4
1144 3
3880 6
1135 87
2216 43
2610 4
3017 21
3276 7
365 84
924 13
2904 86
1786 17
282 43
1665 14
3364 98
3725 53
4711 24
3901 36
114 91
2956 84
1742 68
2046 43
3977 56
4348 73
623 25
3472 90
3794 43
690 39
3966 87
3073 20
3343 99
1644 74
3956 14
583 41
1041 73
772 0
2353 9
1839 50
2424 52
246 3
941 61
1547 46
430 60
276 20
4648 10
1785 91
225 43
1284 62
1584 9
1591 80
3620 86
2851 6
236 67
1971 77
639 6
2398 53
2479 41
1015 87
177 88
217 84
3424 92
4957 15
1287 51
483 5
2495 79
2446 60
1694 26
1683 13
527 1
2762 77
1932 75
4937 30
1513 88
1596 15
3787 36
1189 70
137 1
2742 60
3786 40
2033 32
3343 11
4582 45
1093 59
1135 57
655 45
126 40
1436 3
3065 63
4433 49
4431 58
2262 70
2587 87
909 4
1912 47
3391 34
2103 18
3243 62
516 26
2879 32
3366 39
1720 9
1717 23
3777 80
1673 69
841 33
899 36
3818 99
104 52
4611 25
893 53
4170 10
1054 55
1833 63
2660 57
3034 40
2885 36
4700 4
535 38
478 44
1560 4
596 55
4978 44
334 97
3044 90
4675 71
483 43
936 66
516 43
912 83
3576 92
3665 98
2397 76
255 83
117 71
4310 14
4670 55
2789 44
2279 63
427 85
684 7
4490 76
3348 19
423 52
2521 9
2135 8
4055 56
159 70
920 71
3623 2
2395 72
4049 57
1887 7
1292 97
3268 89
2728 31
1818 22
533 2
1144 73
3718 71
3544 37
4486 15
3892 89
798 47
2658 40
2784 73
1270 13
950 5
2752 58
4083 80
2361 1
4547 7
3630 79
369 31
2794 36
2638 25
1867 33
2281 23
4390 50
2197 10
2953 26
9 28
4131 24
430 91
4902 86
4445 17
785 56
3201 90
1457 22
4108 54
1958 78
4329 11
360 73
629 13
2899 4
1892 39
3574 67
4083 72
2429 58
1693 67
4369 77
4003 61
4306 64
612 3
3396 5
4358 96
3759 69
211 58
3819 37
4594 42
796 43
3401 27
972 16
1297 75
1611 40
3813 87
3618 99
2803 84
3150 91
2812 99
1104 98
722 56
417 19
3019 80
3311 16
2920 92
1408 32
3330 75
3428 30
1915 30
578 73
928 56
3094 46
1418 2
3256 20
4700 58
2427 67
241 93
4129 97
4877 12
3372 78
547 41
1952 8
4340 68
770 37
4120 15
3692 38
462 5
3647 75
978 58
3870 6
4345 27
1697 87
1280 88
791 45
656 18
2325 29
3556 88
2575 92
4004 66
250 76
4024 87
2022 75
2372 4
4910 52
4019 62
4903 66
3512 81
472 28
1669 23
2019 41
2283 7
4283 8
1651 78
2623 99
3885 63
1739 7
3558 93
35 44
4632 87
2005 71
3213 97
840 76
4381 99
3776 29
1198 93
3541 35
3284 37
4291 45
2647 0
4682 87
4751 38
559 64
2325 72
622 34
1225 34
2718 45
3492 38
1463 92
3198 10
885 37
4841 89
2239 21
465 6
4757 36
4679 57
2594 34
2402 41
2827 81
1112 74
2776 5
2373 50
981 70
4099 27
808 69
2470 30
125 98
3123 33
4178 30
1494 48
4208 66
1706 65
1973 58
3540 32
2539 10
14 60
4492 11
4666 16
2753 37
672 77
3701 31
4978 91
2969 9
1321 72
2237 8
975 45
4099 67
3742 82
890 29
4532 43
2506 70
3509 94
2490 69
4036 14
2476 40
4561 41
644 81
3214 41
498 76
572 25
843 81
4868 89
1987 45
3450 31
1673 92
2354 31
3869 45
49 31
2917 62
3997 77
534 87
1303 74
4347 27
333 78
1997 66
2789 30
4716 90
2906 61
3421 21
4089 14
4495 43
3492 62
38 15
1118 40
1972 12
595 87
1529 9
3256 51
2387 74
1549 31
676 54
2161 40
2368 5
3008 45
3839 38
4306 91
666 36
1697 64
1883 96
3746 70
533 4
2044 76
2897 83
2783 76
3070 4
4251 36
1191 10
3196 92
2608 23
461 52
2318 75
4011 4
669 1
891 23
4194 32
4591 67
1429 19
792 27
3912 15
1654 60
366 8
4404 92
4088 17
3551 37
2212 94
3770 26
2492 1
1252 29
3672 88
3378 9
2152 64
4925 90
4059 87
213 43
4248 95
2557 73
340 36
4308 45
4287 12
4022 82
1942 26
1301 56
3596 98
3187 60
677 4
3925 92
1056 92
4733 68
1457 89
3451 85
3560 72
1542 82
108 62
4375 13
2786 47
1112 1
4258 96
3906 16
1432 2
4258 89
1270 2
3771 76
1903 43
106 13
1514 63
1862 34
1936 23
3544 70
3610 38
3327 46
136 11
2645 62
4221 91
830 47
1815 22
1176 38
1498 31
1943 8
851 35
2714 78
3548 14
740 17
2555 17
2879 44
846 32
476 84
2397 73
4030 24
3868 45
4724 12
1616 90
2510 56
1685 59
3897 25
3740 52
119 98
1256 94
1120 39
3647 55
2278 72
2323 41
4291 30
3144 97
2739 69
3089 9
3314 84
3317 26
1688 13
3986 21
921 98
4482 64
4408 0
1612 33
2216 22
2834 61
1338 19
820 46
3086 79
3784 19
2548 75
4783 49
4862 33
3801 37
2094 97
1875 75
1254 77
524 55
3081 19
4403 67
4034 34
1866 40
4340 62
2619 45
1322 76
3781 91
2549 43
2780 1
1148 7
1646 62
2830 4
587 4
1557 45
4436 67
4343 25
191 97
2786 22
1050 19
4732 38
447 29
851 60
390 53
3533 0
3435 45
3131 70
66 67
3233 82
4278 36
717 38
856 35
2919 99
3641 6
1080 19
1700 79
465 38
681 19
3026 33
3583 21
2804 45
1047 51
4056 18
4225 43
2880 66
1017 10
3503 52
173 38
1118 44
2038 56
2748 67
2984 90
241 17
3453 46
1381 44
1562 15
4297 59
795 87
1088 43
3542 58
2567 76
71 91
4953 95
3218 97
569 24
3877 29
977 47
2010 17
1657 2
1645 62
4073 12
2888 51
1518 72
3562 37
1515 86
1195 28
4165 62
1246 15
107 96
4751 28
4620 56
2769 31
3623 68
3464 60
4474 50
1261 85
3786 14
1521 24
3463 90
3843 59
2806 69
3077 72
4487 64
3662 64
2528 29
2901 20
2580 99
1839 20
4283 97
3718 67
4179 94
922 92
1451 89
2398 65
4784 45
873 86
695 15
334 27
3218 76
3680 7
3462 64
1439 71
2200 17
3265 59
4731 98
761 23
3893 7
2854 48
110 52
2338 93
4095 89
3328 84
1887 86
182 79
3867 41
3363 40
623 32
301 7
3719 53
2188 44
335 58
24 10
1640 76
1404 53
3443 70
994 83
493 60
2884 59
1499 98
1292 87
4224 2
4477 13
799 91
3511 27
4952 67
1275 99
2792 13
483 23
1019 7
4968 22
2857 36
1047 26
4036 35
1964 29
140 42
4889 75
1864 9
4949 61
1772 18
2459 52
323 80
533 48
2777 75
2626 43
4687 42
4281 97
3542 29
96 12
1661 1
4996 13
230 9
4007 49
2360 0
4464 6
2071 34
9 44
2321 4
1682 69
318 77
1856 8
649 39
3240 85
1313 82
2159 88
4097 45
1608 30
637 42
2434 47
4237 26
391 1
1804 96
2118 55
3563 19
3873 23
517 14
2901 86
3410 31
3162 92
3380 54
2378 51
4374 72
2987 96
208 94
39 86
1245 89
1193 8
4533 21
1545 40
934 27
2482 19
821 31
809 95
1622 94
2145 27
630 77
201 24
1889 0
155 53
3745 10
2091 98
280 22
2298 58
1294 61
3705 89
1029 91
3743 38
3914 10
1152 69
1580 58
818 22
2326 69
4463 20
350 26
3122 64
3206 2
3868 15
1015 24
2689 1
2062 9
2106 10
535 78
176 89
4292 17
2919 48
2427 57
1054 60
2921 44
3137 22
2171 65
378 74
4127 55
3216 99
394 94
1388 69
1811 31
4042 99
4896 58
1789 95
4781 35
1695 39
1218 40
4134 19
1997 6
4953 49
4081 53
1848 84
2217 85
2696 73
706 32
498 8
1645 59
1703 91
2389 32
4018 43
2542 34
2972 89
4630 14
3354 57
4392 60
476 65
4517 48
3741 43
4843 25
4581 2
4773 3
2568 52
3019 49
4715 93
329 38
2742 94
2065 70
1421 31
2545 34
2950 28
789 79
4484 70
2000 21
3868 89
2494 94
2101 59
2625 45
3854 49
2 59
4686 79
2222 75
2903 5
1546 60
4460 69
3029 26
1442 50
3321 63
3175 23
2685 80
689 75
2060 16
3872 83
1860 38
607 77
4685 17
4030 27
3950 69
4721 77
1759 48
857 96
77 57
814 21
2786 96
3818 46
595 78
2128 26
4921 82
4870 28
4537 40
2662 53
2138 18
2094 56
1889 25
1812 39
405 65
1600 0
3808 59
711 17
961 83
2843 43
1200 47
1822 30
4692 45
1338 37
647 85
4202 56
2552 73
1946 77
279 44
1861 21
4161 76
3827 91
25 10
3309 93
388 97
1843 52
3394 50
928 33
1479 22
486 67
773 40
4937 93
3801 60
4934 6
4594 17
3295 17
1390 55
583 14
551 48
3705 2
927 13
4125 4
1852 91
354 34
2554 29
3628 88
2242 22
4400 85
756 28
145 85
663 47
2051 62
3159 55
1011 89
3470 48
1588 45
2617 47
2471 26
1566 52
3937 61
3517 36
2737 75
2420 54
4386 67
4727 13
363 8
1578 27
4460 76
4846 29
3537 77
4297 32
2100 64
2945 11
1399 41
396 72
2482 28
3639 2
4595 81
2873 37
3328 99
1502 68
3119 15
3345 57
2111 65
2478 10
3578 69
3842 45
687 90
978 62
2074 91
844 77
742 77
1348 82
4702 63
1459 86
4228 6
4656 75
40 32
9764 6188
4290 8931
7875 9343
9810 6722
3265 6211
2918 8401
5186 6186
4872 9934
8491 2659
1916 4357
1122 9309
2953 4894
4555 9472
7720 7764
757 1696
8271 4689
3730 4169
5320 607
2516 445
3989 3602
897 7017
6704 9940
2791 9617
257 698
519 3
3607 9343
4059 8230
2656 3825
3626 8928
7455 5480
3066 9833
8541 7223
37 8183
7320 6969
9584 3217
1115 4043
2624 8081
4426 4295
2220 4713
5255 7412
2531 5873
438 9928
9075 368
9988 5353
8743 7064
3135 1897
1000 3270
8138 1907
8363 5861
6939 4506
3989 3012
3447 8067
5731 4626
114 5146
179 2570
7520 9172
7178 2820
2002 2463
9675 547
975 5635
1986 7167
4742 4405
7684 2961
8492 4539
2088 6681
1404 7660
4010 6718
6698 2567
7129 3539
5681 5883
3144 4836
2846 7666
2008 7889
4982 3847
8732 8376
2235 8657
6166 8362
5940 153
9447 7265
2470 8897
2351 6621
5337 8836
4838 3522
2409 9335
3885 4112
8848 59
9711 8195
9992 2239
5575 9032
6335 401
2140 1150
8191 9597
4432 902
7586 4615
931 5895
4607 7763
7541 8680
9617 440
4338 1684
6137 4585
7483 296
2032 9964
8488 8084
4642 1136
4703 399
2265 4007
8625 1114
6185 9785
6672 5581
8477 9179
4759 1892
7457 2544
163 1425
8084 6818
777 2050
1954 3464
2464 6894
4977 6669
9184 3073
1424 5252
13 5730
2034 9378
1570 8773
651 2236
9639 2229
6709 536
8723 2550
1445 8566
9895 722
4824 8844
1489 3792
1182 8151
6076 9998
1910 2915
8255 9471
1227 6739
2927 1610
4710 4313
1388 7470
6044 7874
2668 8727
5429 501
4881 6188
3683 3262
4974 5037
4118 667
4506 6038
8976 1990
6609 7943
5728 8195
3703 1999
409 2966
1842 9800
6379 1143
2866 7113
7058 6666
381 7458
5541 6745
6378 3940
7407 5292
3355 499
4710 3265
908 9054
4024 4822
9319 4058
9154 1991
4701 7561
4101 3220
1124 1249
5161 4206
8930 8488
4747 5480
2161 3357
6732 1661
4089 6090
2330 1161
3981 169
4208 8958
757 4497
3284 9770
4564 9777
9783 2250
2448 4330
1093 6793
9004 2186
5202 5411
1811 9025
2883 7292
7613 6558
7550 8277
1591 6428
4244 8641
5746 269
7181 2291
4685 7511
5217 5615
4921 598
246 7542
1025 1722
7655 6425
3454 6213
8320 6096
7410 7695
7372 4909
7051 1935
4835 7214
4827 9965
5670 8022
5674 483
3151 4549
983 4290
5809 8551
7679 7047
7356 6300
8909 7283
2471 5473
4304 722
9758 7714
7792 1862
9906 2779
6023 7070
6199 7301
4256 5305
3913 8822
3115 7461
2216 2030
4078 8747
6180 8936
3192 6930
5620 7567
1765 539
7198 2926
4319 9530
2812 4546
9964 9567
9204 71
3365 5289
6952 8192
531 3096
2673 2586
1713 7037
3797 1866
2187 1549
6496 3650
3367 5905
3308 7499
8738 1297
3856 8973
4776 8358
9008 7417
6329 1503
3969 1035
577 4400
7636 117
8975 7819
5673 7777
1673 4663
8760 1341
6732 1496
8271 9753
2929 4549
3964 4861
796 9394
5995 1227
9786 3540
3064 2331
5684 5138
7377 4695
8542 5985
8162 9712
2853 1715
2119 1564
931 3442
9177 4141
3745 7455
5079 2909
4639 9023
1139 7573
1334 5138
4504 8897
6670 6173
1047 2238
1124 4164
159 9799
5375 2185
7886 5552
2934 1949
3217 7726
3723 6024
1584 4066
4203 4019
9577 4543
64 2454
6679 3203
2960 9872
7794 6314
9362 1475
6566 3003
600 4476
3616 2579
5016 2261
8061 8940
4431 481
2154 873
4465 5990
1545 721
141 1523
2161 2885
1256 6737
8529 2351
3490 8566
4080 9188
3120 1125
5383 8080
9856 2723
1225 8696
6158 9
3057 5795
8525 3834
3558 9575
1463 1832
2936 6394
1466 2350
6860 8287
537 2162
7809 9038
8043 1381
1119 6284
4216 5952
2695 8680
5804 717
6996 1978
3261 2292
6094 7476
5411 7309
9853 5315
3956 6094
2135 9962
6563 9813
401 8586
9586 8766
5013 8074
5373 63
866 9221
6287 876
5138 7318
5371 9928
5102 4726
3735 2859
8005 9256
5205 3491
5480 7767
1815 2349
3723 8603
2878 1807
2726 7004
3170 5204
5085 9470
7285 988
6342 6684
5435 2767
8005 3349
6971 3884
3874 8176
7638 1760
8863 3785
9538 57
1532 4324
2082 4192
1398 5948
5697 5631
2792 8465
7392 8591
6212 3273
8837 1952
1308 4689
5720 5822
7579 7778
8521 1457
8247 7734
885 9092
4066 4685
3551 6469
3437 7678
8849 4999
5075 400
4911 8464
2833 775
4579 2870
5327 1897
5821 5200
5383 3973
370 9401
9218 9
3824 6703
8176 2661
1936 5249
7206 2643
4129 9824
7106 2551
7218 8046
8141 6977
8500 7331
8165 5067
505 4254
6638 4146
4985 7238
4553 1284
1744 9493
1324 9085
9683 5469
4993 4155
1953 5199
4369 3873
1835 660
6552 5265
3818 1781
619 4334
2151 152
3609 3866
5085 8981
2808 34
4147 9782
4222 9134
1392 4846
6323 3091
6407 6099
5729 3567
8444 2730
5685 3018
8029 8436
9909 2222
5703 1758
3377 7045
7643 3777
9408 5459
9153 4759
4168 2541
5217 8110
5346 6062
1405 6502
1171 2511
411 9787
9063 7775
4846 5055
903 3439
8017 221
5276 1736
6976 285
4333 7499
7964 5359
9371 1570
3948 1103
5945 6386
4482 2834
3135 2925
5803 2903
8706 2400
2904 671
7227 4181
5733 8929
7691 1419
6345 407
4054 5111
2360 9253
2624 1383
9514 2006
2432 2916
5660 8850
705 5336
9194 1758
7955 6159
1165 8053
1911 3707
2556 6637
2664 7443
3645 3589
6210 478
5013 1324
4227 2518
7996 7876
6847 6166
2650 3823
8631 5141
9817 1579
918 2681
1251 2255
2380 6941
9996 2323
5784 8013
9157 6997
7253 4536
5281 2707
628 8976
5747 8860
2417 2207
7112 4707
8479 9412
3321 9267
1198 5865
2974 2769
2178 4541
4713 8231
9572 9404
4460 3548
5543 593
5531 8058
4295 5478
4851 5475
6738 2650
4465 1591
361 2519
4763 7250
7546 7187
1606 4767
8848 5347
2678 5936
5798 240
1413 7788
6715 7062
1628 712
1055 3394
4278 4545
8003 2068
3696 5336
5108 439
9601 4881
5253 4634
3943 4484
704 8322
8654 9078
9917 3109
3931 7756
2102 3221
7665 9754
2056 6958
6634 7558
4093 401
6589 1857
1740 5833
4037 7560
5780 361
9409 8391
2660 2993
3420 4805
7283 115
7076 2713
218 9225
6468 6454
404 1921
2043 6592
238 2720
5757 2098
8413 1374
3882 2609
2315 7187
9518 3843
1124 1125
2742 852
778 7541
1789 6662
8665 1035
7935 9945
518 4867
8345 500
3660 6551
4923 5859
5686 6740
7354 1982
5378 5088
6609 6806
47 9624
8517 8485
5684 2356
8769 7531
6518 9865
4882 4638
1698 4396
193 7512
3851 2643
6160 9346
8285 6163
4598 2747
2323 5588
4020 4568
9264 3955
5608 1251
9645 3713
4974 9154
3863 811
9776 5443
3136 4676
7028 7737
7808 9333
3055 8143
7101 819
8098 5635
9889 8317
8173 2933
4639 3884
9349 5759
3632 1952
1407 8276
1251 9651
6164 2112
6222 4918
6415 325
2399 1650
20 3089
8362 800
3235 8453
3225 6085
9643 1130
2703 41
540 784
1585 7776
8658 9712
3417 1187
5280 3844
6088 9120
2432 1362
8158 1571
6501 1322
1809 6780
3092 5126
6765 9056
5791 3546
1910 9582
3132 3704
9989 5514
6922 1408
1169 4807
8337 7386
2230 4354
3441 3578
6859 796
981 1187
9424 7172
5697 6785
4993 951
5896 5245
3682 6020
1921 5724
3746 5357
9720 2854
307 7891
2021 228
1157 8140
7971 5896
4232 3497
8243 3091
8829 8929
9049 5304
6208 5243
3831 1223
5247 3717
1637 4208
4002 1764
908 933
7273 7261
3490 7870
1450 9726
418 7792
8130 7077
3221 7177
2748 2019
3459 5440
3518 3621
6305 8851
9269 737
5548 8364
4585 95
187 4432
4492 1782
1456 5479
1154 1996
2926 5675
7800 3716
3945 1364
3866 357
8642 8908
8530 3521
7893 2367
8231 4528
927 8888
9301 322
5022 5620
5591 724
5028 9489
3353 1530
6721 933
645 2092
8466 5667
1467 108
4507 704
9807 5831
9825 897
8155 4532
4731 7093
4113 96
5467 8722
9013 7053
7138 4040
6905 3851
9251 2554
3508 3306
3668 1069
4790 7224
4887 2464
7054 9090
4859 7244
5693 4092
8263 7102
470 8736
6358 6212
5749 2756
8204 9869
6585 2095
4829 1323
5003 4355
6324 395
4697 7267
1311 8222
3111 7415
5527 4602
5924 9016
4050 6950
6393 6670
8487 2318
3813 3527
714 1782
6779 2381
8437 7376
7336 7160
3202 6291
7659 113
4513 8544
8593 6106
5913 5009
8377 5562
5396 6607
9710 629
4002 706
2039 8275
4250 1411
4251 9823
4244 7572
4671 2745
3450 5222
9028 3911
3634 4374
8722 133
2779 6685
2143 9516
1924 5588
6272 1793
4234 7521
5230 9985
5420 6343
6100 3073
1653 322
4937 8411
3769 4491
453 4860
9127 2275
7227 1370
1499 4004
202 7535
4242 6137
3963 7432
9055 9251
5059 9931
8844 2786
8730 2607
1558 6736
8924 1526
6947 1304
9970 601
680 3805
8585 6601
523 3856
7013 6514
2007 7458
813 2696
5060 7355
4076 3192
3764 9719
6348 2474
4090 9471
5447 7130
7380 1810
7838 9637
4913 5385
2540 5068
4357 4438
5987 122
2146 1728
6984 1359
498 8010
5535 8210
8347 1822
3944 922
6247 9493
2838 9877
2258 1158
4408 5387
8851 5277
910 6881
4236 175
1540 1331
4268 976
2933 1701
318 4097
2653 3217
9778 1328
1949 1053
5567 1817
3039 7683
3056 5509
8728 8472
1537 1769
8420 1773
7202 6276
4032 851
6499 8691
9981 6975
5008 2035
742 6154
6844 3426
9303 5555
8136 2898
8228 4319
6666 6502
9221 5607
5654 6482
9796 4149
4694 3414
5809 2024
6924 1222
2910 4298
211 9887
3152 5509
5254 7062
4343 5164
3134 2770
7336 4257
8348 5267
8336 4016
2225 9103
2670 6595
6642 5311
1121 9204
558 3906
8892 6007
2923 1728
3398 3466
8947 4741
3854 5135
4044 859
2343 9149
5583 8085
6225 4660
2391 3543
7581 7182
4310 17
7664 9922
395 1855
1463 336
1344 9758
5496 8444
6743 2450
6240 4933
6325 6628
7977 453
3960 8278
2317 3281
6195 5485
2497 4503
7919 6314
4786 5815
6999 5300
8576 4045
8527 4071
7544 5117
5939 1621
6957 6082
3727 9141
8669 1800
3653 949
1105 8808
6432 1468
1017 2557
6298 9166
8467 1063
6859 445
2066 6264
7417 2816
5239 7604
933 4956
1808 2462
6642 2236
8294 1445
7275 1601
3056 4300
6747 491
6410 5357
1390 6499
9651 5107
8952 7162
9919 4569
2133 4697
9578 9679
6642 1463
9073 7728
8407 3316
9462 2696
6680 803
9752 1476
9990 268
4802 352
5757 9717
4102 2412
9185 823
7912 7464
2845 9718
1043 2650
5532 3316
4757 4147
8361 2034
7572 2429
6652 6425
5442 5400
9768 6511
3630 4145
6754 9060
6817 2982
1805 9132
2968 8424
613 2919
4204 5056
8687 9076
9148 6526
2251 7793
1307 6437
1126 3065
2820 7723
9871 3337
5022 7065
6698 7855
3399 9454
2438 539
2040 5763
1954 5054
6846 9306
427 9727
2106 8149
9249 5856
5768 9771
9760 2839
7181 5616
3845 4811
47 5455
3728 5261
6187 3309
2692 6533
3611 1832
5356 6856
5866 8456
3412 1014
5472 1150
5404 3002
8359 9732
8606 6656
1982 8964
6290 5026
7561 3009
6908 1884
4963 5634
2424 8940
2216 5432
159 739
5336 469
7127 2191
7325 5332
8407 8234
7282 521
5972 9361
1827 3315
5258 8049
4307 210
8717 3869
4857 558
5668 311
7946 7514
9721 5710
1204 109
1399 9475
1386 560
3157 3556
3347 6486
