15
7
0 784 989 644 -44 413 - 823 774 195 898 28 192 884 603 
151 0 204 58 557 963 525 270 190 664 172 467 282 183 674 
468 573 0 168 703 570 951 828 991 552 680 65 634 648 435 
537 150 267 0 98 615 - 516 573 364 707 829 86 - 859 
228 719 502 725 0 41 152 223 728 98 850 817 453 722 190 
759 18 41 237 204 0 82 445 185 107 80 210 673 743 553 
593 472 -52 690 961 273 0 675 424 720 564 960 709 123 829 
194 817 231 544 404 795 583 0 729 37 405 373 10 236 186 
180 443 907 480 538 592 1 540 0 915 565 689 72 874 30 
342 836 475 418 493 136 218 808 201 0 347 63 230 498 800 
334 361 820 666 547 863 619 676 465 832 0 561 799 919 107 
981 232 200 405 537 316 64 540 203 228 649 0 188 56 572 
848 946 500 214 938 667 874 - 511 298 595 92 0 - 720 
268 374 378 304 442 735 722 191 913 372 878 510 767 0 677 
319 -31 575 884 883 977 412 860 124 998 621 620 348 509 0 