790
21215
224948
254617
923445
799979
800460
519681
89442
948477
481287
111671
272409
550930
992804
417335
99837
199536
992370
499422
307111
839381
157238
83285
332697
72662
459864
633123
642313
572533
920769
320933
8356
237148
443819
669325
556540
443540
889196
385126
866058
252954
597716
193631
996654
223652
810805
554841
578935
141927
710363
233244
708507
547007
421619
90702
746164
295798
811814
859496
4878
407571
341914
941484
161402
95925
661349
270357
795661
237711
579536
479933
867619
362502
146313
597841
391424
934635
181979
170530
898598
188449
895361
356225
547357
582834
768317
458477
764428
700510
930856
311420
194744
335323
314197
478922
277890
717751
31196
373490
910835
333052
370944
950483
952512
493769
860804
424422
648593
398157
468281
991671
287127
547968
655929
854538
40079
384209
879596
99246
834949
955245
402653
401819
174608
471906
267936
351641
465241
722415
205389
764018
825128
91463
648593
833322
49116
29961
736171
986051
759069
91227
815899
344897
24308
176178
64536
762414
346095
545845
900630
972038
764684
224120
520654
258049
665517
87392
855691
782670
391691
208130
561718
857241
211702
706363
207891
808314
254972
113876
563408
783087
656396
58276
957545
111378
234490
469843
603756
894412
20634
164893
197245
485583
783720
102900
249861
866387
74858
82420
782739
497563
746602
764433
593164
35310
421828
829348
203899
822544
234198
897123
406248
96856
514039
228456
122129
218140
405556
830423
683684
115368
501107
789084
822916
949050
897214
253346
491147
264264
969055
500049
487587
499008
754202
149286
563603
118933
480769
742661
615266
512488
732498
489166
427083
596437
938765
70213
33821
23932
908336
548541
783521
223942
426749
713084
633608
76423
441164
699147
930567
156103
384531
741356
373611
545529
921830
881714
444708
776502
937481
776534
592570
309107
649403
125402
536399
697280
432236
815335
2754
690202
482465
453573
626054
768201
285340
50928
960088
811430
709424
901277
477661
736612
19212
638234
537975
353055
660082
574760
87433
116336
841370
271960
156577
418120
385549
317457
543947
568926
981681
634458
934980
372640
272287
391988
679040
207618
566746
816893
542116
489352
44743
411344
192463
980323
594191
234076
802670
607384
438047
744095
565726
793056
252934
478134
877292
252050
917930
945290
559823
493086
625504
86340
403488
753279
93609
976939
8430
981174
506068
172640
117270
464259
320154
111640
13138
43222
389839
148456
610766
576158
956901
803501
621311
720537
318416
581861
107179
587740
913520
854556
892969
900854
619447
976289
593875
873755
144635
808333
605703
78770
388604
598342
173850
55983
885307
202224
569020
977221
617842
898582
818986
335602
452522
978578
91108
176064
255332
863878
583370
25303
530868
690945
228153
306383
625745
77009
226781
775190
613195
59636
875254
786395
283242
307765
836040
574441
305430
524914
780896
68414
495541
96771
391655
65438
722314
916440
395038
456972
478176
634641
663234
932242
151722
379421
973499
783142
108675
109438
998040
890185
807355
534466
636654
874373
968725
528431
375334
25561
352230
236919
50410
958051
561988
91343
17373
495584
697113
361760
968680
461781
457032
72325
456747
926587
324626
63944
125333
774022
89397
313262
622246
238760
227947
930720
597162
254587
429480
447170
795521
39004
194547
248691
842123
350617
880378
824041
629887
423778
378865
586958
335963
278489
278959
110636
888070
755911
41477
341470
97513
235222
64360
502677
364720
11222
698541
830062
138158
972934
938021
204907
673118
765082
224537
675393
155608
276599
864694
343666
173336
743070
386439
647155
80792
189019
325925
998828
310543
655727
784768
751648
776686
223243
772274
852407
892579
499210
252716
492576
876030
21486
576179
608854
531421
162117
217492
279794
893481
344001
882244
705112
238129
550889
80224
458556
589450
106499
828321
658702
912519
55270
738722
459013
784963
75348
465503
836241
458162
555433
58366
749866
633658
530315
740246
235738
404582
803705
838601
551462
754229
97687
827616
39797
472438
806685
477698
476789
596808
777490
629601
42880
361564
613497
600975
357496
243706
543200
356797
581576
570382
104892
609717
520076
870729
157899
456078
832123
482155
996718
58171
375594
264414
659276
328700
929235
847169
248307
882396
265106
874607
972347
554036
849336
58556
657415
225897
641027
431498
45974
564756
543301
886390
185652
485293
604301
640637
854298
382575
423136
321651
63250
936343
638468
373457
43485
29440
494570
306978
692806
578014
343271
132607
162322
468004
104933
832441
54505
64732
502810
178399
851536
284558
522482
650589
486584
694251
496735
812442
509950
167978
306124
849784
407796
1692
531117
887431
349178
962627
37441
258790
887014
696642
65838
260425
446919
124090
203385
146047
87485
362812
848502
194554
692041
522874
570678
330844
488061
934449
210385
465018
347049
355681
591487
796837
963838
592311
544026
674937
430125
220196
989225
90779
489204
506991
357221
203963
947352
249325
273262
261889
348708
770956
767146
928101
857385
216108
893020
953445
719336
293802
258231
22278
667721
67529
592048
246056
419386
863279
215378
132677
766389
754277
209632
161006
351823
640679
715382
357053
539532
226529
465006
311747
586736
652126
478618
201241
554834
72099
394875
70931
375838
931515
526997
764541
45672
520015
964038
16854
375053
725979
931472
105946
631158
862874
179714
914013
122689
965785
691978
553125
933118
309586
654759
407012
622703
406683
453379
427404
691041
495870
92261
14900
907129
74583
628713
688719
682777
728839
496815
739217
