673
933308
732950
443543
665048
452908
140156
55310
104205
794283
284376
660418
947317
864662
977753
800571
516345
194898
528075
313866
608814
952124
537170
730153
453244
998431
118411
51526
379643
518438
432057
333568
324173
921137
346177
648580
771369
687046
901913
489767
313040
172638
553142
669386
478626
918888
624037
984128
604588
747569
546178
874561
233591
611721
353664
638190
254039
140390
386855
397819
700672
676433
296439
740012
202322
987094
439563
32611
844172
282363
172571
588801
24004
902098
912263
735980
222227
368703
752950
931148
652704
802939
183674
819654
306667
460777
772902
829628
437376
52733
357902
544180
247183
413084
353401
114579
815035
835532
665481
254047
940830
207271
650341
643488
560196
302322
963290
394915
785658
889832
505599
38142
769046
597401
634934
34855
144061
433804
86781
594569
224256
529481
383069
831973
67688
682782
567709
308892
606962
835376
316390
17535
679710
985955
999666
664310
986072
227379
450807
699131
950324
987476
978146
893932
550630
346493
159231
998781
172555
341897
445615
630584
755838
882099
853659
141233
885997
620706
328905
646628
890464
350003
775523
278502
792421
998653
744585
317776
919824
898151
432673
325630
211285
376039
793589
294346
345046
409226
416986
733504
392449
179521
594670
885453
896653
918114
3501
900604
814125
80206
18636
517762
269244
922034
486059
406267
625172
671087
50028
576941
120260
681710
611102
264095
545081
308590
60807
814076
592821
455452
818025
458180
703445
211056
511234
532315
773934
986517
972875
730542
980737
65215
501745
389164
675769
694099
637576
542250
302732
534316
254461
276663
355276
978559
474843
644675
916958
795856
327110
694158
343166
413824
3519
137588
689188
757942
530733
650078
240388
964459
929690
714869
271795
533664
696676
800796
7326
136294
108484
482238
255723
517179
703121
434324
738021
834534
843251
425794
538461
31600
449637
413144
542228
417260
339318
121020
952455
342309
19669
812395
636503
624527
751787
28273
79363
145733
190804
854977
533998
22931
814007
490096
514077
312783
886694
155025
35504
693895
868521
171347
273560
900175
367426
288067
163402
315483
374005
678176
24164
976178
893069
885095
789494
852986
190483
81757
861153
384333
604751
469826
494478
497491
164037
939705
148711
27544
29433
342618
234867
370013
389930
420878
889951
582450
156999
697810
749106
213772
247470
986362
726585
302735
184668
43773
62255
270827
252112
126676
985553
836398
484474
458306
228458
964992
15530
31496
378177
162754
360635
51377
367104
209532
366957
788181
268838
378905
707801
462417
844685
955392
294681
604601
667381
920029
421418
92503
188597
99849
163887
101830
463614
812224
463409
65271
506093
816835
878637
378624
201224
513486
367461
848758
171275
955524
287197
478069
765667
391165
9811
79317
600900
316977
499950
673062
847798
134607
391983
488118
255145
726067
526093
697126
311372
629430
275822
141925
77155
270277
390319
506203
52808
714705
54143
408340
864390
676899
567110
321528
63390
585038
171869
277600
199521
236946
256718
270489
583174
603377
151701
322318
811203
811776
756712
250643
203003
568298
193582
467840
120523
468739
786790
30988
658459
950632
195380
847554
145489
65758
191967
138172
573320
695603
372090
115454
789957
723323
998999
818446
412655
2288
479494
77616
600480
795255
832837
280822
993759
744681
773915
828943
328414
44912
757305
797594
447882
671908
420752
847469
680044
231340
296356
43675
140835
741390
884976
351153
981173
627513
399139
525878
447005
117524
328292
425969
678101
140934
588401
15316
577289
448437
907888
376744
630510
700727
673553
42276
905630
230516
116504
516370
641999
97093
90971
144153
288219
823988
711344
443652
995241
71025
117330
551491
303907
122373
952929
434685
564546
189951
892953
324159
92865
780941
955148
160396
382604
961167
148530
255322
253634
716140
692431
508294
478812
438387
928214
702516
363379
535367
296106
24978
36057
104020
934250
986247
735580
33566
540026
599246
46126
133218
482993
878523
151874
570306
874497
38592
329341
164235
35438
530155
128267
750768
496675
674472
436423
174323
561074
166027
611834
402027
428277
899511
909656
938677
382857
487824
714271
39213
655275
989409
777211
667262
866907
121549
425499
325199
624479
76434
373656
73069
331070
594994
224704
580344
741689
271905
762003
195845
529838
162235
20138
339147
572031
894674
296258
888431
413658
438111
771793
450230
271161
257851
698269
562489
788898
960686
840298
858104
120017
114552
258623
257166
813209
244917
822516
338165
100527
641469
844360
436235
352339
367647
141546
702014
235517
237681
860934
95604
986038
255629
753182
802734
892087
992973
2346
549194
532147
137423
864249
538141
904332
145007
668677
65717
