475
240930
104558
421137
512770
458201
724816
214679
353219
718654
278935
142499
345166
428184
704792
383705
135333
787698
673699
353850
734229
933224
738806
174850
788675
2185
637644
719941
792058
52580
452653
985674
150943
321458
999111
529479
445767
336187
959398
270517
556065
767311
202491
817621
919878
410032
616866
205369
231429
368004
256445
533504
910091
715909
92751
681638
8049
102111
631091
158298
769880
304123
41036
763082
407254
769935
379134
622892
598579
341534
800677
931815
661250
964653
291275
136937
226309
285550
97857
285672
88592
976743
177047
665496
481131
338364
765467
737452
911779
559763
801320
557697
921248
524732
297175
344733
391179
802465
622639
456815
825372
749227
48226
5227
848102
840849
718776
355399
190316
157667
287120
687839
417851
173667
346909
952398
379083
949403
933634
396021
207662
368568
722448
642543
930172
397522
637943
960105
289405
174144
204164
49116
961296
605873
983478
821937
12891
354973
413141
254249
177301
372836
273694
190369
548027
498334
79661
582949
857977
549834
255617
447856
774262
392281
841643
517382
349644
605868
718261
305288
876438
163701
617924
882648
195491
289328
50228
360298
404594
947857
464256
332203
680059
954048
158437
142727
995344
354394
731112
379667
94429
700336
41066
49745
839071
861441
220345
877251
346569
167743
958672
415416
310966
849711
255874
927273
306779
550682
912228
531556
31503
324842
529841
731794
916782
982
11512
466772
419684
496861
505950
884234
120632
464054
421758
646310
378942
134445
225683
739267
682803
342113
351308
829983
344205
530427
620489
706549
189701
361301
593998
56366
567665
827362
998426
87393
924495
815881
621853
963375
871454
772469
998817
871674
428924
513893
165051
844481
501731
385746
846799
476226
635736
286834
925061
754873
779151
350879
872018
163932
886937
590888
183936
805620
937541
603979
644028
571027
180299
962951
497378
451852
686565
720848
663636
804400
872871
102647
514166
703339
310264
871880
765116
399428
659240
892172
652117
540829
575058
866304
653414
636617
589612
442765
390399
816484
155286
839231
17522
744174
932783
583297
519063
710696
895573
352536
561700
115597
245890
204170
926127
766842
911479
458825
721353
348318
897980
370031
970606
473289
352942
21721
39883
394421
280508
257060
96036
267961
455825
693276
305790
170974
726726
852165
976613
134561
956174
754531
323490
877885
878060
248773
311159
667560
873019
624334
11667
157055
824048
464530
906168
184309
837541
562254
483240
549775
6577
716479
107276
702018
442980
513734
139347
315734
890389
379497
69615
224536
310047
768307
560126
547370
407023
143740
994132
247349
242433
260059
525723
959842
719536
592517
24234
429011
920159
306812
324427
543534
915529
535531
6631
841136
576516
679525
314714
360908
398406
179931
302286
229619
763281
994829
470439
962517
444403
942924
416783
997451
358322
886213
22344
221992
157367
437293
487016
192191
422373
641596
7129
870688
609108
242180
669376
886434
121546
408621
94944
636051
624062
897892
21084
947383
705372
454517
339919
105209
918517
371827
808531
499668
596937
596502
172343
937508
863896
25544
22929
112543
259263
249834
883073
18878
203736
310414
494681
32736
141256
221076
468220
548040
790979
586863
492727
639446
410063
601035
703253
17277
746235
664339
346661
123803
194113
279030
911580
591589
