356
901779
816920
593159
306611
555807
721796
366792
875652
478985
978387
626701
480265
716636
938057
130837
158262
433006
793521
406445
47630
793215
889079
116771
988339
434110
873651
350758
64732
991516
196522
290858
974980
671674
563489
145216
179535
132990
258323
755034
277502
681933
507939
563165
99008
133191
717379
10824
305443
610775
649953
65887
314755
908877
290305
148276
133808
875061
708019
952924
961621
772720
487716
315624
422093
177103
378983
483024
776293
468861
515542
319313
946418
997169
862644
647709
687626
504796
255887
633707
926989
325822
730858
290466
756351
510349
316018
533330
850458
759101
791873
647042
395552
678189
145920
398441
929411
180279
732658
768891
114201
562994
606852
584142
92565
381108
343767
371683
124034
190523
367144
667628
591476
838764
486948
910812
702478
348499
96459
590458
853875
535317
571310
419879
89658
439605
783473
261921
579097
640899
104084
697623
594814
502853
118939
270272
996130
61306
990557
525916
221271
877074
577917
157310
479933
979451
970715
763857
874013
45770
177497
620430
630645
334009
392122
590232
610873
837083
420560
562628
601240
340678
87800
141348
450197
77946
306634
587989
198746
508366
191156
627400
638014
708874
619124
774977
280084
556276
289238
902397
874457
739598
569741
262316
131407
791164
454507
892400
366410
596074
99619
102565
218246
334938
572446
659190
213431
223691
899624
329962
31810
60443
84850
696239
168962
739842
618332
318406
18903
933901
437823
760867
47639
683788
891173
951427
297537
603143
710208
929217
177196
813509
417790
241666
561476
950393
587829
736526
458721
729746
820438
224674
494941
216739
719238
359099
817589
185311
403541
66120
134543
911741
212408
627226
969368
753563
612367
377615
35504
573212
601683
751767
325300
790261
512223
572034
74817
117594
555507
841456
979016
983724
592770
556032
951038
651358
523638
985823
891402
222136
488919
583808
828547
878934
479123
376111
421278
31772
132891
117790
337896
736203
569631
684446
415057
869005
248316
162442
310085
873529
333040
589997
34232
983827
953416
888480
255386
665126
203965
452940
567308
413242
750595
33475
276712
771910
96528
215864
10854
965565
539446
805247
168421
133092
617160
950995
972
642295
379442
7292
438927
103435
883811
456195
955980
250351
96168
114911
373333
33222
751767
397353
73081
400918
306839
245632
540968
164498
616332
985881
539088
363984
943758
447111
458012
607502
953242
305717
810487
931087
169441
671808
232198
400003
376864
198808
735628
