296
415932
781304
34679
642339
596328
290896
675206
280125
905966
507870
64561
747832
852722
475687
696151
524458
293036
242740
575117
968659
832493
301910
898883
351604
30701
748561
101162
488761
436309
715892
16962
280623
146772
147869
145
508023
341483
466073
712968
551910
930638
113957
768345
691409
305217
17723
912354
413988
421313
410841
199981
980174
861724
557529
605077
765549
470256
934477
227836
264116
532850
302033
610030
293662
957080
925991
763279
544228
902255
874793
166351
286829
789498
576876
491399
337729
367932
152456
789290
829873
10533
695776
806533
253520
191808
368854
509025
55149
397429
401006
237033
698705
401277
456177
457941
245352
653840
605938
649098
147680
946611
53525
254079
835869
985722
244437
890115
8469
677084
342076
117426
427524
846552
366036
57507
680103
446327
273119
1485
7347
439786
70594
474949
470261
537087
250794
730695
505084
738299
335082
942525
640067
616454
332642
707738
623012
914722
746889
232985
870819
57861
135664
383770
898832
373173
387703
118452
463125
296370
578243
536025
364539
370683
471514
817774
410714
647335
558034
152437
274335
944280
105698
913372
54719
862123
849306
491549
243351
336170
375844
73467
898961
184076
16925
113132
361790
953280
233589
728617
925247
450655
482707
873464
399193
522678
363135
859957
997160
218136
325061
567290
371865
626902
419255
50530
20364
769965
476254
82662
895077
166004
37025
65017
427920
914562
123842
449892
982557
875862
893740
209544
719879
589271
948612
973291
495722
796691
818026
687472
606644
11400
236433
556693
568305
604931
867268
673986
995643
642817
972763
386982
806062
512233
725803
290150
128475
362152
467479
146996
99780
488403
352131
20951
537460
4360
816014
20527
372816
463150
957047
194703
74884
999771
663670
722214
120601
479426
690021
309059
677125
238360
931072
341913
806988
27941
310796
430506
477526
853060
139091
509935
701595
333462
188890
144219
720331
946877
467000
709400
29362
271439
209759
791708
402112
573247
43573
364459
375103
354163
776576
500592
465519
886802
262845
930987
613961
