250 108
9319 76
6822 22
7027 52
9331 63
3246 75
7136 83
3966 72
8490 35
5504 58
6837 72
5763 38
2338 14
1272 62
4835 11
9104 24
9149 50
2353 75
5535 85
3448 38
7809 56
8133 16
9700 35
4644 23
6197 93
7129 84
2838 43
7751 33
8610 24
9965 32
3958 79
8022 53
9983 96
9454 16
2872 79
2211 88
6149 23
3150 16
6788 26
9666 15
9917 54
1524 16
9904 73
7234 24
4120 48
8104 13
6634 20
7721 29
9039 15
7844 97
7576 23
4641 58
2865 41
9322 62
1356 23
6095 25
7031 16
6342 89
5430 60
2053 52
1944 50
6891 76
8355 82
4354 56
3640 88
3867 46
3847 45
5199 64
8826 67
9459 31
5639 21
9196 47
1961 71
5766 18
3868 91
6839 73
7171 55
7314 50
7799 15
1732 59
8678 74
4057 36
1847 16
8515 26
2932 23
4064 12
4935 41
3898 57
7197 91
2461 14
1570 78
4833 62
8185 27
9720 42
3051 30
3899 82
7382 81
9580 29
4128 39
4112 87
5303 84
5474 16
5521 49
6658 38
1340 10
4996 99
6160 54
4230 95
5136 30
6445 59
9943 49
8296 76
4625 95
7392 42
4991 86
8024 12
7501 46
1563 41
1646 95
9288 24
9767 53
5739 14
9335 86
3843 55
7551 80
5485 47
1568 74
8043 55
5597 54
2644 95
9433 77
6294 89
2134 72
3037 33
3234 26
2967 53
4074 55
8523 67
8129 10
8840 35
4416 42
2058 19
4812 18
1290 45
1281 40
8100 44
5014 47
1975 19
5710 67
7742 73
3993 72
5503 66
4450 66
6640 90
9020 34
6752 35
1178 14
2111 99
5830 15
7976 42
8921 19
3157 22
4371 95
5119 22
5779 59
2280 52
6215 11
5709 44
6652 71
4268 89
9678 32
9620 90
7785 10
7758 28
5573 66
1435 40
5282 93
3348 100
2347 46
7389 55
6983 13
4367 68
2692 30
9305 43
8681 29
8649 45
5691 68
8835 80
5641 85
8659 88
8883 84
7566 69
8257 24
1892 30
8016 12
5438 50
7613 22
1001 95
8333 31
5922 36
1148 56
4597 93
7497 85
5818 87
3493 78
8815 77
7954 48
6600 91
4995 66
6530 62
6209 93
2350 70
2854 49
8405 81
3158 72
1480 45
6053 71
9185 88
9969 12
3795 38
3424 87
7408 49
1668 98
2531 93
9116 85
8796 97
7266 25
3229 36
5231 91
2481 22
3401 26
1907 20
7295 68
2471 97
1186 45
9835 13
6815 64
7817 88
7119 29
9899 10
3126 49
9291 56
2764 10
5372 60
8446 92
3267 57
8453 92
7913 84
8095 18
1276 52
7102 89
