4880 1724
1595 31
9606 34
5303 70
7055 66
7047 98
9656 24
8882 45
3856 98
7462 70
1092 82
9776 59
1836 14
1548 52
5933 55
2587 86
9810 65
5617 49
8744 73
5287 49
8026 93
6240 11
7240 75
3307 95
7941 43
5066 43
1568 63
4518 26
9342 55
3742 48
8872 40
1429 48
1631 23
2348 87
4789 76
5291 50
5347 34
5459 85
3276 96
8152 37
1503 57
7438 77
4478 33
5120 21
9377 34
8189 79
3003 79
5196 17
4410 52
9124 97
3460 36
8373 64
4691 31
6127 23
2389 21
6498 49
1536 65
1292 39
1177 97
6217 75
8150 14
4626 15
4330 18
1278 88
3823 64
2600 79
2401 65
7361 45
3301 90
5866 99
4367 21
2798 44
1332 55
3398 91
8037 66
4535 45
2857 34
3981 82
5201 89
3389 21
7526 45
3677 70
4864 36
8536 58
9047 36
3605 95
5939 99
6121 49
8216 58
5499 64
9014 78
9818 90
1416 81
9892 13
4845 92
1004 85
7124 42
2881 80
6844 16
5125 45
9000 29
4934 24
7576 34
7466 59
6065 16
3774 64
8429 61
5818 75
4586 43
4457 27
5462 19
4725 64
4741 58
1422 54
1183 90
7037 24
8672 18
8023 31
3830 46
3467 87
9637 44
5834 10
4434 37
6483 18
9292 92
3052 38
2769 92
8511 98
5862 39
6759 43
9886 36
5539 39
4122 93
3112 92
6043 93
6419 56
7647 97
1814 77
3036 85
8393 85
5868 36
5046 14
7062 67
6256 88
1202 95
9655 10
2870 80
7543 33
7940 83
2014 47
3164 92
6704 12
7848 33
6903 17
5979 48
6192 53
3031 52
2181 18
8085 36
5554 73
6074 24
5628 48
1458 86
7956 48
2248 78
4002 67
9491 51
3904 71
6873 19
8482 52
1948 38
1216 72
8571 98
6226 96
7038 34
8444 66
7982 46
7306 13
2622 31
9643 10
5833 69
2520 76
4392 29
4883 10
8613 97
6437 21
7743 23
7705 68
4914 67
2471 89
2062 53
1201 52
8740 63
2123 49
8771 93
9981 39
5872 73
7878 97
9317 85
1652 52
6427 81
4146 80
3217 49
9641 33
6597 41
5637 99
6956 99
5205 51
3715 26
6185 34
7105 20
1986 29
8612 26
4361 69
5938 58
8940 50
8535 75
4489 79
9086 60
1732 34
2704 50
9424 17
9872 99
4659 75
4127 48
4533 64
8873 88
1868 78
5822 74
5502 40
5203 41
5638 70
7286 26
8580 51
6526 29
5349 37
3604 96
9089 28
7716 20
5192 12
7345 71
4358 68
8876 28
5242 91
5469 36
4056 63
5398 92
4393 29
2226 92
4242 29
6510 22
4982 28
8165 97
3498 61
6260 60
9592 39
6646 88
5517 73
9786 85
9529 38
7903 65
1760 20
2874 30
1558 35
3431 85
5735 35
6667 10
2006 94
9734 42
2412 52
5884 18
3372 73
1293 52
8787 34
6635 81
7938 17
4738 17
8166 66
7594 69
7749 31
6991 13
1362 20
5955 78
5132 56
8300 57
2862 34
5360 89
4578 100
2829 31
1116 39
6749 50
1830 59
2293 67
8254 31
8512 54
7391 85
6609 20
7721 40
1490 27
8877 38
8007 79
4284 32
4189 47
7493 17
7445 92
2347 66
4785 19
4595 49
5835 52
9794 85
1857 48
2368 63
6621 69
5036 34
9329 84
7563 83
1157 52
5167 21
3348 24
8392 76
4649 15
4010 79
6369 28
3447 74
1331 49
3163 62
6849 84
5185 77
1944 22
8741 42
9041 82
1151 23
3004 78
9448 42
9940 22
6477 17
8990 33
6879 71
1302 15
7474 66
3166 47
2819 79
8570 30
4731 14
4425 20
7558 39
7665 15
2363 73
3366 33
3063 96
6468 44
6928 16
2468 17
5460 41
5269 24
7018 49
2712 68
3639 47
3378 74
8948 53
6503 54
9494 89
5643 11
7487 62
1041 46
3567 46
6670 98
3253 49
7048 99
1019 38
5576 42
3368 59
3524 69
9189 80
8295 89
6577 74
2810 70
1657 12
2670 69
2246 56
2152 44
6155 25
1496 79
1291 14
2579 68
7554 97
5220 44
3556 82
8516 64
1103 50
7847 59
2601 80
6069 44
1831 80
9920 78
1337 90
5535 88
9290 81
2696 35
8186 17
1762 80
6265 52
4639 75
7798 58
7682 82
1617 76
1539 95
1772 23
8902 20
1079 53
5259 63
9488 43
8878 11
2091 63
4320 87
7185 96
6290 81
3319 27
6690 62
8922 13
8514 35
7338 63
7376 78
6415 37
6272 59
5207 63
2803 63
9110 54
5129 73
3162 95
5376 11
5521 97
2486 93
5690 72
7894 22
4274 75
2213 74
2113 94
3952 86
9779 38
2885 59
9331 26
1484 72
3236 47
2390 98
9466 10
9998 45
5941 96
9962 74
5152 31
2778 51
1469 59
9593 30
4946 25
7083 47
2618 71
5273 91
9232 47
6046 100
5153 61
7394 34
2838 21
3512 40
7271 14
6063 78
5148 96
4876 72
1610 30
2748 99
2966 86
2891 56
4509 34
9697 36
5768 71
3077 83
3859 65
4487 52
2797 79
3496 47
4892 14
9873 79
2957 75
1788 65
2343 64
6258 93
4263 49
9305 76
4972 65
3109 48
8572 85
3833 21
6236 57
9030 79
2462 45
6540 86
7534 94
9800 52
3422 53
6791 78
9425 61
1118 32
8997 27
1609 19
9445 28
8565 27
2273 73
2269 54
4011 25
9644 30
4801 86
4865 81
6895 12
1472 54
6558 100
5034 77
2100 51
4577 62
7400 39
6012 47
4129 32
7427 47
6135 32
2424 68
1987 90
9527 93
6897 91
4995 59
6380 82
5963 91
3424 21
7627 89
6741 54
5813 14
7499 47
6349 58
2024 97
9150 91
5383 11
6190 48
9676 65
4371 17
3749 21
7949 15
5831 79
1347 63
9739 21
2224 36
6457 53
8311 52
3317 81
3470 56
6902 83
7807 64
3787 28
5756 70
1608 53
7350 76
3660 58
9071 57
1524 71
7739 97
1877 31
8523 42
1690 85
9994 53
1953 57
1341 25
3804 76
2429 49
1694 49
9077 14
2205 46
8031 97
3337 51
6202 59
5957 67
4488 73
6527 17
8109 25
8958 19
5876 77
5596 17
8261 69
4881 49
1551 97
6027 27
8945 79
4545 37
5116 46
2138 92
4167 39
7181 17
7677 98
1219 51
7846 93
4769 56
1185 91
2051 21
4521 61
4748 78
4684 71
1900 69
6093 88
7907 37
6929 76
8722 45
3829 10
1272 28
7853 63
3733 88
9839 87
5301 70
7670 39
7007 13
4766 25
8425 73
9473 10
7962 40
3074 70
7311 55
4714 97
3857 70
2196 44
3894 40
7760 76
9102 64
4596 64
5472 50
6764 32
4799 15
6634 16
9852 72
3801 13
4682 31
2349 90
4953 71
9352 89
5388 25
7413 39
1648 99
7952 29
6687 60
3453 81
2594 64
6430 80
4872 64
6797 23
3038 37
6840 41
1519 96
1391 49
6728 81
9955 30
8417 47
4452 18
5565 98
5151 85
4850 66
6730 35
9646 55
9437 57
5926 79
3589 54
8170 11
4672 43
9467 87
2193 67
1310 61
3872 15
3110 48
5339 46
5408 29
7628 64
7373 47
9624 66
2875 69
7697 99
9831 83
1036 54
6763 13
6779 38
3702 58
4561 89
3602 10
3792 61
6475 66
6628 81
9999 89
4746 36
1046 84
9735 14
6465 76
6591 83
1675 51
6267 12
1714 69
9576 97
6003 31
5792 54
9953 31
9590 48
5419 38
6346 99
2680 12
1363 35
3539 82
3015 56
2077 78
3886 41
5832 59
7686 58
4327 99
5107 16
6787 10
1951 43
3107 56
7522 30
7209 63
4554 70
9409 18
9548 99
5379 58
2243 89
1328 92
7519 58
1681 90
3646 34
9885 28
2017 86
3737 95
8346 28
3286 71
6207 40
4049 78
7167 36
7825 25
7914 36
2788 52
5006 54
4685 93
4413 31
8472 27
1629 75
5134 32
2866 18
2562 21
3950 26
4950 75
1139 94
9346 76
7449 93
4257 60
9596 74
4326 26
8752 76
3231 60
1871 46
6603 45
7615 34
3720 50
6181 23
2504 17
8843 39
5840 38
3909 33
8466 23
2244 57
9815 51
8775 73
5079 65
4090 74
2085 45
3134 69
1285 59
1493 27
2031 20
6748 64
6053 42
2973 56
3561 82
9229 51
8892 91
3684 26
6315 12
1066 73
3900 89
9202 59
2949 89
8093 48
2913 13
3541 16
9121 93
7455 17
3149 82
5890 23
8234 20
8463 67
2121 18
1111 27
6398 97
5585 83
3612 52
6245 63
9913 29
8132 70
9318 81
3884 55
6119 78
2342 80
3102 46
8478 15
9012 87
8532 96
7869 10
7379 67
6965 11
3812 21
9505 14
9702 14
3906 33
8791 88
3788 90
7651 31
2833 52
2691 48
2057 78
2083 99
3526 100
2556 33
8693 36
5516 50
3979 84
6326 66
4470 24
5529 96
5065 18
2361 69
3741 27
3942 70
2677 67
9052 38
2851 73
2493 64
9538 98
4540 93
5067 63
8279 92
1896 33
3300 35
9364 25
8764 73
6752 58
8688 12
6198 87
9483 31
9405 71
4593 93
5466 40
6662 35
3607 26
9194 97
2521 45
1634 92
5611 84
6169 18
4161 99
9333 19
2442 21
2672 29
4838 10
5915 92
1001 50
4917 61
5282 63
2761 33
8412 77
5847 81
6131 31
1134 32
3136 95
1739 76
6210 41
8928 62
2461 76
7011 50
3252 72
9789 16
4636 47
2682 30
9084 40
6357 81
5523 53
8299 98
4959 100
7701 17
8065 40
8469 23
7243 41
3442 17
9740 52
2210 53
6421 10
6757 91
6976 55
5825 70
1414 20
4031 46
1680 73
9384 90
7539 100
8869 22
8351 38
4071 88
1038 10
9099 34
1720 57
9523 40
5208 64
7750 84
5035 18
3755 92
1747 72
6877 45
1355 91
5793 23
4026 86
5382 18
8937 55
9943 64
9648 68
5808 66
7265 28
1674 56
2219 98
2257 24
3175 61
5634 48
1109 25
6988 64
2852 73
3635 28
2977 83
9470 28
8964 20
6978 94
7837 36
2689 69
2572 74
7600 79
3661 89
9323 35
9551 70
1271 26
5564 30
3304 72
1957 33
4459 45
6106 72
8772 54
4924 96
4621 14
1236 95
9278 97
4336 44
1442 20
5726 50
9420 95
9223 18
6295 14
7900 68
3269 33
7227 54
5661 49
8699 42
4486 25
3480 15
7862 12
3158 49
9881 100
4624 58
8462 38
8107 18
8621 14
8168 12
1825 85
8091 16
7294 14
4680 24
9414 19
6222 50
4642 27
7542 21
3223 10
4753 87
3008 38
5908 62
8278 75
4149 37
6418 18
7098 13
2306 35
5650 33
4955 78
1700 18
4542 48
5506 27
2240 45
6566 11
1299 76
4903 93
3860 94
2153 13
2563 65
3153 68
4059 38
3840 75
3614 60
7404 79
9855 22
1902 59
7467 12
9600 30
5013 59
4070 36
7745 56
8899 20
3146 94
4936 87
4020 59
4446 28
8689 17
3516 65
6103 61
2754 91
8868 36
9614 57
3810 36
2164 82
1233 69
9727 35
7596 56
4114 39
1855 94
7609 27
6706 88
1024 96
4398 78
1022 58
2746 39
3532 90
8493 56
9718 38
7959 33
5122 38
1245 86
4091 66
6641 93
8694 97
8251 27
9514 26
3503 26
2944 72
2629 91
9433 35
8020 39
7242 22
3138 57
2454 97
6339 25
1646 13
5951 77
1984 99
8842 96
8360 37
6523 49
1280 65
9274 76
3881 86
8692 80
2001 56
2289 93
9672 21
7300 69
8653 62
5094 98
2926 23
8129 67
4397 11
4730 92
6622 67
5605 85
2818 77
7454 69
5844 100
6219 59
6699 96
9116 100
4171 78
7832 75
6541 38
9754 59
9521 69
6594 10
5063 44
2998 68
5519 84
4974 85
3967 97
3945 78
3387 58
3474 43
9675 95
6800 73
4646 21
6495 18
8611 33
9018 24
4294 71
6515 64
6856 48
7935 17
2477 95
5597 62
5765 49
1500 76
1123 31
1639 39
3766 56
2529 33
8819 50
3275 10
8374 44
8082 44
7699 26
8652 90
1060 17
9874 56
6044 88
3935 79
1330 27
4030 28
1559 42
4841 10
4484 31
8800 34
5559 47
5586 20
1369 11
2943 33
9382 18
6734 18
4808 49
2725 41
2126 76
4262 61
9615 16
3068 27
9416 83
9602 15
9180 71
4138 24
1587 54
1316 53
3637 25
1983 57
6126 59
2092 16
4163 67
8454 24
2053 45
6496 18
3623 49
1308 42
5811 83
6178 37
1759 72
4988 64
1440 74
9617 92
8051 73
3341 31
1108 49
7801 11
8884 78
5924 42
3569 58
2860 60
9900 68
3821 42
3192 86
5527 23
9642 27
5476 16
6144 89
8439 59
9890 20
9177 56
1750 14
1637 58
3998 28
1956 24
7978 56
2402 19
8179 38
7330 10
8859 56
2064 90
9184 20
9154 82
5691 21
8184 53
9272 80
6377 17
6924 66
6514 82
6243 52
5602 66
9983 46
6438 94
3586 32
4589 66
4068 52
2448 40
8598 11
6994 100
9399 35
9410 51
2967 66
2831 39
9878 86
3694 30
3782 72
7777 68
3456 28
3237 71
7765 55
9372 80
1178 49
8377 79
3194 89
8566 70
4648 63
6401 19
5076 96
5722 46
6461 82
5993 82
4726 78
3157 97
9144 79
8594 74
3070 62
3675 47
7417 62
1467 79
3505 35
5626 80
3946 27
2112 55
8002 71
3325 18
5278 18
7517 15
7469 97
5280 45
3403 74
6047 64
6645 56
9782 45
8343 11
1523 24
9067 35
8666 16
6374 35
9226 71
2400 55
5902 85
7023 46
8479 99
6822 77
4710 34
1706 95
1071 99
3426 91
1679 62
6572 49
2320 49
1205 77
6382 59
6350 30
3238 50
4234 97
2118 13
5216 32
8622 96
9411 50
3834 77
7584 21
7616 44
5812 79
9571 81
6735 19
2645 92
7061 89
4986 21
4422 14
6248 69
4819 77
4823 97
7385 100
3059 13
2916 81
3839 85
4244 27
8284 81
8188 46
8262 30
9311 55
6671 12
8291 42
1666 85
8148 74
6985 37
2969 38
6696 37
1276 70
9239 66
7683 45
6018 74
1982 17
1176 64
6199 32
6172 69
4102 71
3845 88
8038 82
6771 83
9243 95
3624 55
7966 44
6125 23
6286 78
1065 41
9659 100
6946 83
4878 40
8103 100
7619 86
2820 61
5582 36
6466 98
7116 15
2068 81
7207 84
2445 12
4944 48
7595 42
1766 46
5550 39
1549 99
4125 39
8651 35
6715 74
1321 78
8961 92
6553 99
9062 34
9140 94
3678 13
4228 36
8568 75
3199 89
2666 92
7197 95
9234 30
1195 22
3521 34
6025 90
1209 78
9679 20
4016 30
5027 32
9479 33
2399 10
3513 63
5241 80
7307 12
3728 16
2428 84
6700 69
8016 73
6060 58
7690 21
3429 52
4019 77
3913 82
6845 42
8156 41
6149 37
2482 16
4279 51
2374 19
4904 41
9522 92
9684 26
7547 42
6532 93
4931 67
3731 90
9899 50
2406 90
2203 62
8954 77
2135 37
9472 19
4273 33
1471 84
6314 93
7692 35
5270 57
7829 80
5609 19
1839 87
9863 42
3793 62
8718 85
7803 70
3500 16
5558 90
6211 56
6338 70
4971 45
4583 10
2809 21
7452 78
2878 10
5839 100
9760 68
7149 98
8221 42
1577 18
7876 15
7535 35
4145 75
1297 61
8826 29
4426 48
3030 55
8171 81
4271 87
7490 59
6807 46
8712 39
5052 87
1603 96
1137 76
3321 63
1396 36
4225 97
4268 91
9942 81
1374 10
5675 11
3203 64
3160 67
4927 44
9090 14
8604 11
5445 38
3195 25
6753 56
7723 93
3826 39
5930 86
1063 23
9450 15
5803 78
7926 44
1903 54
1287 71
9506 16
2855 16
5978 40
6056 99
3964 90
1891 33
9218 32
6364 79
5621 41
2989 20
1172 14
4408 19
5487 87
2693 94
7073 95
2464 98
3843 67
8698 90
8866 91
5962 84
8682 91
3089 27
4021 20
4760 74
1846 83
8545 47
7980 56
4411 59
4137 99
4046 46
4806 40
4109 21
9707 66
8331 85
8987 29
3211 66
3165 35
2211 45
6777 74
3435 44
3711 44
8633 18
5772 28
1980 80
8914 98
5627 40
4954 82
8288 93
1975 61
8900 91
9493 63
8228 68
6332 17
7480 21
9844 46
1916 88
9432 53
6038 79
3044 50
3927 77
1164 64
4780 60
9686 40
9714 20
3988 56
5698 14
3057 10
1400 28
3012 41
2523 93
9619 13
1443 36
1173 66
5421 98
6145 85
5180 82
9055 33
1591 88
7066 67
4341 85
2888 64
1154 71
3960 11
2858 78
2811 75
2435 64
8306 32
6585 74
1535 76
1040 55
8332 60
2417 97
6511 26
2310 22
6725 35
1884 77
2381 31
8155 27
4811 37
8924 65
2373 44
8770 33
5509 17
2059 69
1131 13
8617 40
2380 94
9544 17
2144 13
3615 34
2430 17
6808 76
9336 90
7607 72
9632 79
4379 70
4240 94
4809 95
5374 28
6601 87
7866 40
5130 44
2492 95
5071 26
4461 41
1025 52
3488 54
5724 13
1925 100
2122 93
2496 64
1439 15
3261 38
6758 15
1661 44
2745 52
6057 72
4969 29
5004 48
3535 18
2537 81
7510 53
5654 41
4526 46
8142 79
6979 32
1779 28
2285 65
3029 55
6984 19
1554 25
5461 84
4631 57
5174 33
5471 78
7780 32
8828 91
6142 21
1737 79
7134 44
2011 71
1988 74
1309 57
9341 33
6013 31
2568 20
7494 25
9790 90
5238 77
2565 61
4572 61
1062 63
2411 59
1911 37
9083 86
6871 54
7888 10
9345 21
5318 39
7744 79
1773 84
2426 21
4123 46
4644 23
4455 71
9980 50
3365 97
9701 97
3520 59
3818 60
8529 17
5893 43
3901 15
8433 67
9728 73
5912 59
6661 36
4783 77
1100 87
7556 48
9381 30
6793 63
9952 96
5507 46
9330 96
2484 67
5171 69
1926 25
3898 45
8534 60
8885 85
3562 85
2301 81
2299 14
3570 66
7398 81
5294 25
7401 13
6423 49
4328 51
7170 70
3308 11
2063 53
4989 74
5239 34
2538 39
7410 38
3425 89
9435 95
7948 81
9128 81
4956 99
1663 59
6233 41
9260 47
3246 73
6479 70
1053 65
3564 30
4116 95
8760 63
4538 80
2900 17
6521 39
8953 36
2497 98
8064 13
6908 73
1856 38
2250 62
2050 78
8531 84
4712 64
6669 45
7717 97
3279 39
4602 72
8840 39
2896 49
7500 83
2018 97
9715 45
4073 72
3652 36
3518 71
5616 59
3179 60
8835 38
2581 25
3514 16
2660 49
1312 22
7218 97
9228 52
3132 76
4141 13
2101 29
4743 73
2359 29
2214 17
4787 99
6485 73
8563 57
9882 25
5653 26
4061 74
1235 16
1208 58
6102 26
1098 78
2397 96
2628 87
5418 85
2621 63
9191 39
6936 26
6938 100
2758 51
1756 75
5809 99
1317 22
9511 88
9061 81
9917 91
6482 32
1444 23
2404 69
7148 76
1627 28
3984 34
2816 61
1101 64
2527 35
6250 17
8637 13
7680 89
4471 76
6941 22
8356 100
3889 17
7217 48
5411 57
5607 10
9298 73
3911 26
1934 93
5018 31
4349 24
7193 33
8917 29
9909 65
9979 81
9269 16
5231 25
2403 58
4902 11
9926 72
3285 72
8628 78
8297 23
6693 10
9209 44
2724 29
7381 84
6467 37
1955 82
2033 42
8426 64
6174 83
1632 34
9456 48
2879 19
4441 96
4786 33
8223 20
5372 76
1253 10
9912 85
7282 90
2757 15
8049 78
6999 30
4155 61
5996 73
1533 94
9854 84
7257 89
2859 52
7367 11
9413 16
8850 45
2505 23
4103 78
3324 39
4325 88
2767 25
3418 30
4774 97
6472 66
4842 73
9991 13
1412 98
1946 35
6397 39
2286 80
8298 15
7836 94
3600 17
6460 54
6768 72
5045 81
6923 84
1815 93
4476 36
5245 78
3184 18
8686 28
8350 23
6964 44
5903 89
4963 15
8419 77
5604 26
5767 74
4553 66
1785 54
2487 55
4609 15
1733 53
1844 68
2084 60
4317 73
3018 28
7621 68
1791 52
4764 33
8641 92
1540 56
5190 29
9458 72
5947 52
1822 69
2266 49
3590 19
3190 26
3005 58
8401 62
6524 85
9101 37
3142 67
4623 93
6201 98
6516 73
2110 98
3358 62
7036 58
5614 68
2707 84
5797 19
7995 53
4952 65
8403 39
6792 66
4820 63
2354 27
5959 63
5533 24
5992 50
9443 66
6605 98
8308 48
9932 45
4925 89
3625 36
9327 53
4901 59
9889 20
3865 58
2327 69
9263 57
8551 89
3028 13
1277 86
2197 75
6422 40
7159 63
7795 96
7468 35
9662 51
6811 79
7713 48
9840 60
1210 70
1904 50
7085 11
5440 35
1787 57
6804 96
4044 38
8921 29
5854 72
4558 97
8567 18
8927 59
1604 70
3763 48
5641 76
5556 63
6394 95
6623 34
4980 91
7560 57
6631 18
6967 61
5762 38
2726 40
1672 26
4592 23
9861 11
5473 62
5566 67
8391 84
9933 60
7042 33
9096 23
7872 25
2787 32
8011 13
6327 36
1182 71
2570 60
6676 17
1707 46
9134 27
9277 83
4277 26
8915 60
5384 22
6444 92
9452 17
3709 49
3156 39
6322 54
2611 48
5914 65
6157 91
9807 13
8200 58
9482 53
9732 10
9792 89
1879 44
7555 56
9148 79
2773 62
3428 49
3105 59
3519 74
1290 62
4797 68
6910 55
5878 85
3475 89
8528 26
2526 53
1510 77
7527 94
5581 49
2302 33
7365 79
4390 59
9393 29
5146 83
8614 77
5451 20
8677 94
8658 26
7324 37
9877 65
5161 11
4514 40
5263 47
6337 93
1175 25
4973 70
1326 31
1633 34
3415 11
1050 15
6834 56
8951 93
9618 19
5481 62
1144 65
9927 82
5750 44
4625 73
8856 73
3966 26
7520 80
4113 56
1543 90
5485 83
1668 56
1289 94
3744 42
8716 75
3172 92
5416 28
1585 69
1586 53
8862 97
7577 87
9853 96
6689 37
9670 42
7189 17
5547 75
1149 60
5037 69
8509 79
9937 59
9565 43
1968 45
4524 19
6546 34
4966 26
6901 71
3968 81
1405 82
8758 22
4094 52
4405 65
8897 18
3937 34
2729 60
3177 86
8273 56
7212 74
5741 21
6458 63
1274 32
7204 15
3091 25
8318 14
1838 75
1498 44
8247 90
1148 74
1601 47
5816 84
1386 34
8644 41
3885 95
1403 58
1578 54
3530 67
5824 23
6320 26
8578 11
7027 24
8595 68
2279 56
5210 60
7281 36
2781 24
3838 12
7741 60
8172 80
3572 27
7156 10
4643 76
5631 43
7194 26
4227 36
4601 52
9531 56
1303 73
3791 59
8962 22
5781 22
6362 59
2958 47
5432 89
1999 100
5260 54
1124 51
9200 96
1356 33
4179 31
9535 36
8013 15
8427 64
2979 11
3975 60
2991 85
1082 63
7856 32
5587 24
9398 46
9486 19
5966 56
1034 53
5364 35
7464 67
8968 76
7689 20
6373 11
6719 41
8149 84
6271 90
3887 86
6681 24
4296 68
2681 39
3536 35
6885 75
8250 88
1076 27
9408 62
3700 96
8605 31
7397 95
6425 49
4266 10
7157 59
2070 49
2305 97
8327 63
5688 83
2887 16
3849 74
5160 74
4190 43
7552 57
7625 29
9355 38
4824 21
5187 74
2542 62
9078 73
5268 72
6736 81
5889 46
1304 10
4215 18
3701 83
8620 74
2026 42
2444 37
2742 40
6649 89
2673 82
2345 77
4245 91
4356 98
7942 45
9374 27
9166 28
4891 85
9022 28
6067 71
4598 19
6876 21
9139 84
8802 64
1027 86
7252 60
5971 87
5584 75
6650 23
1023 91
1858 23
5598 62
5685 60
3743 39
7687 53
3982 15
1803 11
9650 59
4402 53
1482 51
2096 66
8673 32
2830 77
5513 78
9610 62
7049 80
9181 59
5433 21
3761 97
2120 24
4724 22
5642 27
6878 66
3616 68
6300 52
9259 11
2270 11
2722 74
3822 21
7255 44
9525 37
2616 46
2148 26
7761 93
8751 20
7987 100
3058 36
5589 42
1870 22
5579 92
6247 64
4937 72
5846 20
9820 99
8015 64
3740 48
8655 41
8992 23
6556 21
7316 99
9902 86
3258 34
3863 85
3814 38
7659 44
6922 77
6567 75
2573 25
9841 19
8125 70
1897 59
7899 32
5402 59
4028 62
2396 93
4928 88
3394 24
2422 83
4360 81
8547 53
3120 55
5737 25
1135 16
1811 51
6935 93
4359 41
4629 95
8816 44
2954 95
4717 64
3144 15
5934 25
4515 70
6148 15
5373 77
2982 49
1901 50
7056 96
7337 38
2743 41
2332 75
5937 33
7593 73
8895 36
9169 38
8916 95
8521 85
7099 59
1127 71
7704 58
5081 40
1777 66
7946 81
2661 84
2191 79
7485 50
8553 79
9188 98
7030 51
2759 57
2545 45
2877 27
6358 59
7120 32
4104 31
8045 31
8959 78
3323 52
7486 11
5761 18
8241 54
8956 30
7137 94
3334 36
6859 34
7511 49
6499 54
9654 78
4304 44
6196 34
7113 26
6433 58
7958 40
7839 80
4575 29
8390 49
9421 64
9970 80
2929 71
7187 60
5038 70
2061 15
1188 53
5258 35
1406 42
4922 60
6761 75
5348 27
4750 75
3086 84
2259 19
8067 50
7828 75
7436 66
9131 95
8442 88
1908 72
5541 38
2739 12
8124 62
7684 33
8574 32
4075 28
4351 18
3056 50
5175 95
8176 15
9744 54
5490 63
6574 65
3322 12
4520 20
4918 77
7364 66
8133 65
6302 45
9064 57
4087 89
2540 34
1812 25
4261 19
9984 20
1247 21
4970 78
4429 61
6907 88
6533 13
3220 41
6549 53
6089 18
6960 90
9137 92
2304 88
8301 13
2928 29
8969 68
5346 39
7925 33
2076 61
8243 70
5243 97
6633 67
6600 40
1107 79
9908 87
3559 98
4761 54
7568 47
5851 75
3962 82
7877 87
4791 68
8510 47
6848 91
1381 77
7833 86
8362 70
5005 48
8906 11
7422 21
4029 48
5932 12
2206 77
7026 34
5830 66
5110 35
7465 32
3591 43
7078 38
4620 23
4919 94
5703 21
5299 49
1892 76
1055 16
4728 72
3552 81
4776 44
4715 42
7029 96
8817 37
5082 47
2284 42
6176 55
9793 95
8208 29
3756 53
5246 96
7653 30
2813 17
2824 38
1064 50
5709 28
8803 39
8467 89
1883 84
7578 88
7613 80
9447 40
9304 81
7405 89
2671 58
9002 72
7702 83
4115 73
2395 72
9475 52
9334 62
8790 30
6961 23
7546 64
3598 89
4697 78
3611 78
2078 80
6947 89
8244 100
6128 45
1301 38
3577 82
3152 52
9193 95
3375 38
3342 86
9825 48
4192 16
6974 63
6729 30
4522 32
2892 19
2194 71
6101 75
3064 17
7158 83
2908 96
8665 76
8044 87
8654 91
5710 44
2272 27
4372 10
3921 27
8324 35
2834 64
1334 75
5747 66
7864 19
5734 63
1437 49
1764 67
8711 42
3373 27
8669 92
5738 88
4873 32
6957 43
3705 28
4536 83
8930 51
6188 66
6246 51
9846 55
6611 71
7421 18
8322 50
9725 15
4722 44
1508 99
2533 82
9663 94
8314 61
2987 68
4412 56
2308 43
6925 29
3971 71
5911 97
5458 71
7746 52
3306 87
3633 42
3483 19
9770 88
2356 40
3037 40
9254 76
6867 16
6352 16
1455 40
4826 77
2283 29
6234 19
2774 39
8544 45
3045 17
2128 35
9573 24
5114 76
7051 83
6002 32
7093 94
2008 83
4385 18
9769 73
5464 64
2377 66
9695 63
7515 62
6799 37
5170 100
3292 11
1567 39
8215 80
8410 59
3504 55
4516 65
7897 13
4121 78
3143 37
6206 44
1932 65
5335 92
3343 89
1687 34
2785 29
4616 10
9783 20
4369 37
9929 33
9689 25
4475 41
3216 37
8731 71
8325 78
3871 88
4751 65
7955 26
5311 39
7710 77
4232 71
6832 32
9162 67
2457 28
4920 93
9313 96
3689 54
1156 49
3922 66
3388 15
7144 47
3174 40
1843 71
6203 11
4194 60
2755 10
6854 67
7425 27
1723 38
6393 39
4013 75
4893 58
8005 81
2993 11
5447 20
3049 25
9928 82
1778 14
2234 59
2237 26
7095 40
4297 20
6166 36
7722 20
2133 94
6518 15
6784 45
1698 33
2200 100
8119 87
2575 59
1105 38
1300 45
6497 30
2756 14
4916 52
9961 49
9236 36
7990 39
4708 54
4673 66
3242 31
1199 12
5048 32
9524 73
9253 87
4469 46
5015 77
8533 31
7565 82
1163 76
8991 98
3361 41
9362 81
9098 54
2690 66
3380 92
1226 96
9026 42
9093 39
5991 57
7972 54
8461 36
5194 23
8382 28
8030 78
4353 61
7296 53
9081 16
6655 74
7996 50
1547 43
1784 19
3117 54
3798 99
8268 31
5644 16
5437 23
4899 84
8164 76
7439 23
7771 41
7044 62
1345 73
6268 41
6017 78
8639 85
2736 46
9125 51
7666 46
2790 28
8174 100
3198 44
6672 85
7663 21
2339 84
1688 75
8072 47
5007 45
4807 23
8762 65
1624 55
1685 84
5783 41
5794 23
7617 72
2340 46
5985 87
3329 94
9457 56
3920 49
3315 77
9950 38
2823 47
9685 81
2983 66
3874 48
7082 51
2365 87
8019 64
2116 11
3934 12
3011 94
6723 10
9904 36
4994 90
9024 83
1097 75
6891 47
9572 82
5787 71
9914 57
9436 79
5491 89
4689 43
6459 49
8465 52
7050 25
3815 97
8071 56
7152 85
3072 64
8818 58
6216 34
9957 72
8602 60
4884 46
7779 18
6937 11
8326 88
2882 69
6836 19
8765 74
6388 83
2715 29
3205 95
8404 57
9901 86
3083 37
9008 25
1078 18
3955 63
6825 96
8009 49
9939 44
1643 89
7730 36
6971 88
1659 73
5662 48
6488 78
1574 37
9192 88
1940 69
9241 17
2204 51
6919 26
6536 62
7310 67
1628 32
4650 42
5672 75
5858 84
4207 68
1083 73
8114 23
1460 35
1918 40
9049 33
4548 68
8198 31
7305 34
9079 29
7715 49
2072 38
2667 69
4503 12
6765 72
7145 29
1644 39
1542 44
8821 95
1006 68
2125 40
6677 34
4885 82
9879 46
3923 68
5184 35
4202 36
1495 68
3351 23
6478 55
5143 96
6040 27
8108 73
8458 82
3255 21
6253 38
6986 51
7984 33
3490 61
6732 38
1339 49
5463 60
4634 86
8341 52
4072 89
4074 35
2776 14
1928 98
9109 26
4220 33
5906 26
5551 75
7254 53
5118 86
1464 50
1651 48
2701 76
8432 35
7053 67
9785 68
2326 25
8486 43
8369 70
8470 23
3918 10
8316 100
6842 44
3280 80
3631 51
6336 20
7290 28
5986 24
2591 61
2804 46
5333 73
3293 58
6888 55
5219 42
5324 29
7774 74
2658 58
1086 96
2216 26
7725 93
4037 85
9584 55
5064 57
5001 48
9182 50
5591 22
2683 85
1402 38
6099 49
1924 37
4630 20
4000 40
4867 99
7551 85
7813 15
2094 90
9517 16
8909 96
5186 56
3006 40
4300 63
6365 93
3949 23
7473 43
1642 65
2662 25
4307 87
4154 17
6054 24
5540 25
3458 78
4448 17
2630 80
9819 88
5733 41
5109 35
2738 96
7408 25
3811 74
3545 24
6319 87
9170 56
1399 44
7075 91
5780 12
2837 63
4255 56
4143 17
9197 12
2189 83
1807 86
8623 43
8282 82
4482 76
9720 82
7928 17
8615 48
5838 77
6080 72
3099 18
4430 27
5441 29
5050 49
1476 62
3951 99
3232 93
2653 79
4054 47
6289 39
5629 76
1697 22
4495 38
8643 73
3557 16
8996 29
7352 51
5178 97
5251 65
5684 24
1719 15
3148 30
8626 72
5927 76
8175 10
5852 38
7998 95
5306 96
1298 43
5748 53
7146 95
7922 91
3668 17
6375 16
1969 57
5145 28
4686 67
7077 95
2228 94
1090 69
9087 25
3469 37
9673 33
7012 11
8222 25
1742 73
4591 81
1357 41
3347 39
3716 58
1367 45
2022 30
2192 99
1350 93
6029 72
1091 77
8380 49
3752 48
3972 43
4134 73
4497 30
6116 15
7658 85
6512 57
2449 49
1801 28
1561 22
1797 61
4768 87
6578 76
2640 35
9681 46
2489 12
3181 81
4365 26
9427 49
6445 78
5610 55
2709 60
9813 94
1906 92
3747 58
9210 19
1528 96
7661 89
6850 62
8421 90
4605 81
9856 70
6826 34
1736 44
7060 21
3775 87
5158 28
9589 43
7291 19
7409 68
9391 17
3476 35
7635 70
7182 13
3016 46
1938 70
4829 93
5613 83
6489 38
6718 31
1818 100
4204 78
9563 86
6147 44
9622 86
9464 24
4907 21
9907 27
8683 28
4490 94
7503 89
5275 33
6627 21
1099 54
8209 34
2853 10
4964 68
7215 80
7000 15
8438 26
9552 94
4913 93
7778 42
7406 76
9319 20
5261 27
8334 63
5195 65
3651 27
4419 14
9761 28
2355 74
7123 14
5296 98
2506 11
7435 38
8600 69
6052 23
5664 84
3683 62
6182 50
7071 16
1454 57
8806 94
5387 83
6909 87
5436 11
8080 96
5488 50
6817 74
7110 76
4658 71
6934 39
9836 29
3002 18
4699 32
6191 37
6084 31
1939 54
6853 17
1775 78
6809 15
8542 72
9555 62
1527 16
4775 51
2045 33
8112 44
2146 74
4318 10
2190 48
2865 84
7297 66
4735 25
7664 47
5057 72
9273 89
4093 95
3332 59
3400 49
7103 96
8275 24
7652 46
1232 70
5667 75
6820 28
7326 79
5736 34
4098 83
4740 77
8459 15
8890 38
3813 86
4707 80
8520 60
8811 42
1428 74
3295 66
1929 86
6061 19
1713 46
3996 39
7800 82
9968 73
7805 78
8113 81
5378 63
7273 28
3262 79
7151 93
7188 46
5221 86
8603 93
5123 83
2186 62
2132 52
8671 85
9297 93
8335 24
6223 54
3558 21
8748 89
4346 25
1776 95
9923 68
9729 83
9757 83
7857 17
6680 69
4805 29
1867 54
4078 91
9339 57
5983 91
6846 81
9858 41
1907 51
7460 61
2648 65
3095 74
1711 84
7531 96
2253 13
9513 69
9671 46
8217 80
5956 96
1125 25
6405 64
2970 16
4348 86
4574 11
6197 36
9857 63
9044 47
4822 16
1695 100
8935 79
2703 49
9007 56
9911 59
8801 58
9611 11
5049 64
1390 54
7328 81
3665 73
9896 53
2808 81
7323 97
5599 20
8526 61
5936 28
4788 96
6548 65
6684 22
4566 34
6494 10
3141 10
9238 74
6955 11
6899 82
4308 69
9085 69
7484 75
9017 30
3780 14
5117 94
2559 50
3440 38
6505 63
5183 63
4310 67
7537 29
7904 63
2921 40
8028 38
9422 92
6015 68
2137 49
3171 69
2440 88
5770 34
9442 21
8714 97
8640 60
4295 26
7886 86
1147 14
5457 68
4428 34
2801 40
7101 81
8069 25
9460 15
6208 54
2103 64
1418 39
7299 97
3548 51
3432 53
1581 67
8880 56
2115 84
1789 20
4921 51
1761 98
2782 93
9974 45
9503 62
2771 26
5040 11
8162 87
4719 69
9947 62
1673 60
2212 87
4932 33
1284 88
7821 99
7423 45
8089 83
2795 54
7548 67
6653 75
6713 44
4897 73
4655 29
1088 10
8220 69
4754 89
8158 59
5003 65
9640 80
1426 72
1228 62
5755 50
2623 60
3540 68
4269 36
4005 87
1037 54
3800 16
2642 75
6968 71
2300 17
8838 81
8538 34
5162 30
7983 77
7997 52
4022 76
6926 86
6037 10
6911 41
8779 71
3078 50
1487 36
5752 79
7706 93
3915 41
6173 73
3007 25
9717 67
6751 57
2832 64
3816 64
1959 65
3808 32
1166 31
1013 49
7979 46
4235 69
6194 54
4042 40
7266 33
1039 89
2337 20
7901 88
5080 94
5315 84
6417 98
2168 14
9212 94
3773 73
3101 82
4182 82
3588 45
5721 75
5622 52
6674 20
9567 32
7063 68
5660 75
6291 53
5695 99
5474 39
1730 31
4755 61
7880 46
9634 56
8736 26
1966 79
2547 15
3831 56
3613 37
9208 40
8891 48
2000 45
9335 66
6767 93
4374 80
5453 55
6376 10
1056 18
5025 73
4912 62
5266 65
7069 15
1095 89
7799 45
6582 71
1424 35
2075 27
1997 79
5113 67
4315 24
3854 28
8095 89
3213 40
2362 44
5958 52
8680 88
6108 63
9037 19
5480 20
5573 36
2467 47
1552 78
4813 59
2519 34
2763 21
9635 90
8271 63
1826 53
7783 31
5717 93
2019 30
8735 97
2883 33
7892 45
2530 70
1003 89
9004 61
8337 32
8457 50
8048 80
3284 79
3212 58
8147 93
3170 84
2780 23
9835 62
7211 45
2687 92
4309 98
7019 91
4665 94
7611 38
4211 16
4815 77
2150 98
8939 62
2229 34
9249 63
2933 36
9975 40
2451 97
8365 64
9153 73
5325 47
2980 71
1266 55
4987 38
7186 84
2719 94
8399 94
7871 65
1379 31
8263 69
7854 24
6179 43
9129 30
1970 38
4733 61
5769 83
2388 77
5083 63
6055 85
9924 30
4456 36
7298 98
6318 56
4050 13
5479 100
9891 82
9108 18
6778 43
7016 81
9661 68
2055 37
6739 99
4729 60
3666 87
2975 89
1658 28
3419 41
7104 23
7840 82
6189 36
7039 53
1306 52
5689 31
7975 44
1218 99
9478 40
4449 45
6396 73
5248 19
1456 31
2321 13
2747 99
5646 12
7588 84
7654 16
1573 48
2034 23
2236 17
5072 88
1093 63
2247 45
6441 62
8769 19
3227 72
5745 29
2620 22
4417 62
8056 22
6310 69
1622 89
5493 15
3356 36
2898 98
3687 49
2546 82
9598 50
2262 18
3642 87
4066 95
8294 66
8980 70
4997 59
3169 63
2351 58
8562 21
8415 55
1919 23
9658 90
1171 51
8548 50
2010 19
8348 88
9767 44
6026 62
7885 81
9303 14
1119 52
6860 89
1425 77
9320 100
7154 36
9348 68
7106 43
5896 45
6301 69
1382 53
4560 93
6407 44
4772 15
4415 86
4407 25
9504 10
9219 71
9225 79
8266 84
1005 50
1667 79
7456 79
4550 74
5288 20
1619 43
8349 51
9495 14
1104 98
2955 95
8136 80
9123 90
3245 12
2561 91
1964 47
4852 72
6821 23
7865 10
3926 38
6685 86
6998 18
6794 49
4386 56
4462 33
3891 64
7859 10
4831 31
8642 39
8484 24
8092 63
3753 80
6837 16
8270 77
9315 94
9183 33
5715 32
4638 96
7553 83
8582 77
8181 19
6625 48
4288 60
3553 94
2951 50
8678 50
4832 87
3908 83
3850 23
2291 35
8676 53
1842 63
7442 56
1196 58
8908 46
1239 36
2060 69
8323 68
3627 51
5099 11
9147 64
7129 84
9235 43
7358 46
3924 28
7732 14
8814 14
9444 43
3662 68
4877 45
6688 74
4573 22
9283 54
9379 57
2659 13
5140 78
6486 12
2432 63
9256 96
1862 47
7835 24
2907 91
3928 42
8281 24
2863 10
6136 24
6944 51
3176 72
9286 49
7976 54
8967 56
8608 20
2531 29
2502 24
7549 90
7251 26
8274 73
3969 45
7308 17
9370 68
9759 79
3118 74
5328 39
7947 66
8413 89
9502 79
4254 77
4622 13
6868 50
6694 19
1563 10
8338 80
5401 15
8849 63
4669 32
2721 13
6284 84
9918 45
7929 51
9196 80
4948 68
8123 44
2952 12
3790 15
3416 97
2835 70
9073 35
4698 40
9905 98
7076 28
5367 21
3643 73
6863 86
9112 29
9492 87
8397 91
5512 93
9242 11
1541 36
5131 25
6330 16
8852 79
7028 95
9915 73
2157 78
9868 45
3799 36
3896 26
3200 59
4890 53
4894 97
2685 32
8844 31
9211 65
2344 28
5583 48
3641 47
3185 42
4099 42
7875 56
3207 14
4546 13
4949 51
4888 61
2945 17
7119 52
2414 47
3917 32
5484 46
1463 99
7366 91
1377 46
3735 36
9990 87
9751 50
4544 29
6953 25
9958 75
6813 93
6113 30
3411 85
7174 41
5764 44
6303 28
3721 25
1579 12
3656 21
6750 34
6819 85
8407 15
5560 32
9547 12
4886 88
9512 88
1081 56
7176 29
2765 77
2038 30
7598 74
2314 52
2288 97
9724 89
6782 13
1722 24
1960 49
4480 12
2111 53
1057 58
9174 90
8747 51
6703 66
3765 87
9006 93
1307 35
5455 52
4817 12
3619 56
5357 11
8506 68
7355 91
2517 49
1008 17
4418 54
6927 42
4756 46
6324 63
5355 24
4839 72
2741 60
9373 98
1243 76
6755 78
2827 11
7540 89
1671 76
9404 51
3257 67
1138 56
1905 31
2589 53
9032 87
7318 99
9173 36
8780 74
9633 48
3584 12
3846 33
5899 43
3944 80
5935 96
7420 94
9951 73
8489 62
2541 44
4654 79
4191 22
2635 84
3759 66
5014 86
4663 34
9267 46
3771 16
7059 28
9403 100
5514 49
6081 12
4763 81
1263 59
4981 39
3202 70
1863 80
5449 63
4862 99
4053 95
7698 69
8066 83
5886 26
6942 39
5874 55
1096 64
1110 34
3159 22
8471 21
3115 98
3451 95
6962 55
2539 85
5105 98
4603 14
2258 43
9005 65
5385 63
6838 42
7233 71
7166 11
3593 27
7321 82
7412 13
2850 46
9862 12
1365 10
9569 11
1641 45
8894 73
3125 58
3696 72
6386 100
1475 69
8701 94
9261 13
7284 96
9668 59
7497 97
2436 98
7639 84
6257 41
2124 66
9451 31
8619 83
2383 92
2420 71
7068 93
8745 41
6212 16
6977 96
9138 44
7492 67
2109 37
6448 18
2005 60
2508 34
6606 49
2595 59
7566 22
3592 72
8981 30
8920 13
1314 78
4581 51
6035 58
8388 67
9533 28
2665 69
3654 50
6638 37
2180 49
4671 25
7610 38
5994 18
6481 41
8151 59
7883 71
8053 31
6593 55
2407 84
2372 49
8896 26
8473 73
3762 100
1677 93
7873 92
9135 31
4287 45
8001 82
7293 20
7814 23
3601 42
7855 28
2421 34
9549 12
7035 51
6648 77
4323 58
2447 61
9499 91
1917 54
7087 39
1474 27
1824 11
8500 44
4742 100
4076 25
9799 84
8096 79
5788 23
8782 88
4467 73
6281 82
5086 50
1354 76
2796 71
3478 55
2012 51
8118 36
6341 81
3573 11
9811 36
3259 17
6361 63
3571 91
3861 81
5021 82
1213 90
9069 74
6989 74
3076 77
7890 76
4176 88
7014 52
1566 33
8530 97
4333 76
3289 88
1143 46
8918 59
4185 85
7329 83
9185 83
3463 35
9723 100
8180 59
1438 76
1823 13
3681 19
7100 76
5798 67
6709 23
5319 84
7429 26
3055 55
4757 41
9750 59
6824 34
8560 39
7505 16
9068 48
6368 70
9833 20
9359 60
8475 48
1150 56
3930 46
7910 96
3033 48
9850 52
1342 31
1748 100
5802 16
5181 88
6306 82
4332 90
6278 22
2793 54
8929 41
8259 63
8837 15
5448 62
6780 78
6294 55
3729 67
5359 91
9400 58
6122 71
7118 95
6575 32
9745 22
6786 82
1854 26
2002 28
3427 58
2375 100
6249 76
3054 94
3104 64
3092 66
7479 21
7377 35
4466 20
1259 42
5860 75
7993 84
9895 63
5217 62
5786 26
9710 28
4744 30
7333 32
1436 31
7203 99
5511 55
4587 30
1792 47
5199 72
5578 44
3916 40
5543 55
9976 65
8687 22
1851 86
9021 74
5016 46
2731 65
6711 88
7418 39
8062 31
9956 86
8853 66
3098 34
6288 39
3050 92
7834 97
3582 32
9206 87
6583 86
5942 50
3679 76
2352 32
7375 57
8725 53
7523 99
1840 92
9397 88
4993 33
1102 12
5150 93
8913 61
7649 71
6242 90
8416 66
7626 26
9827 82
1974 13
8864 78
1225 64
9321 63
7882 85
3986 13
2695 56
2160 99
3777 28
8681 36
9971 85
5635 71
9824 61
7860 10
2220 53
2292 10
8041 90
5799 15
5292 23
8260 81
6958 81
2282 59
6152 59
2311 77
3489 42
4767 40
5790 36
3486 53
7340 98
4096 19
4278 15
1998 48
3551 98
4999 71
2335 80
5438 20
9060 39
2512 79
3956 50
3644 29
2367 50
5853 99
1234 18
5033 35
7908 65
5002 92
4100 76
9897 52
1686 15
9696 72
5163 39
3359 74
4111 90
6299 51
7241 32
9143 77
8437 54
3297 33
9276 33
4816 36
6443 36
4500 54
4498 40
3853 11
9777 94
9104 29
3515 24
2080 58
3219 88
4105 62
4834 64
9282 64
4057 17
8441 33
8021 10
5250 80
5869 69
2984 39
3832 82
1580 38
8219 71
1848 76
5508 88
7264 13
8707 47
1847 22
8353 80
8786 67
2718 52
3167 76
9042 59
2826 68
5829 83
7419 34
6785 32
9986 40
7121 74
2086 72
6082 45
8606 54
2215 58
7816 86
4762 47
6604 97
5623 79
2087 20
1353 26
6331 48
5371 65
9781 94
9817 38
6390 28
4377 24
3088 56
6742 55
5256 76
4027 68
6547 75
6508 69
5496 21
5344 66
8507 43
5976 17
2268 24
3374 74
9265 35
2067 88
4512 77
1972 38
4252 88
7509 41
2235 51
8941 80
6502 58
3784 48
3129 34
8131 100
9916 83
9788 30
7247 65
3547 25
3712 12
8540 50
8008 17
9376 33
7614 54
1230 61
2948 63
4283 26
1878 14
9136 30
8087 60
8396 13
1556 15
4375 89
1319 33
3382 75
6951 85
4687 88
6304 34
4303 34
5369 19
7432 21
6006 25
3487 30
8246 83
3809 18
8285 92
5456 47
6679 33
7570 25
8942 44
7550 71
8333 71
7538 14
9103 73
7969 90
6882 40
9860 66
4338 30
8354 95
4537 11
3349 29
4139 20
5967 57
7646 24
8709 31
5944 47
3288 86
8218 32
8515 14
9449 34
5801 62
3226 42
1922 15
2624 43
3087 37
3997 88
3703 77
2864 74
4661 51
6673 19
5235 44
4771 31
1220 23
5940 97
6823 27
7459 70
9019 69
8057 67
2217 60
1077 24
2108 25
5984 31
2330 14
7504 52
3113 91
5095 62
1507 37
3034 95
2029 17
1007 22
3690 91
7843 48
6474 41
4590 22
3249 47
7225 54
3309 24
2143 44
9870 22
6238 88
7327 79
7147 20
2924 74
1569 78
6275 23
1947 76
1703 25
1952 85
1804 61
5887 64
9025 25
2453 11
7258 66
1329 23
1794 65
1207 87
1724 45
4293 47
7802 52
2817 55
9722 37
2582 51
6392 37
6353 84
9172 13
6456 31
2676 11
1470 88
4265 90
8230 95
5000 48
5321 19
1197 54
6273 94
7003 67
3879 30
7111 51
5103 60
6230 21
1258 90
6442 57
2499 94
8797 56
9419 14
8134 81
4675 12
9268 29
5386 30
3362 100
7433 45
5563 95
9105 36
3817 85
2897 59
9906 91
8211 59
1059 75
8588 41
1446 68
2443 62
7249 22
9631 23
5101 64
2698 48
7139 65
4212 53
4214 31
6370 84
5548 92
4985 47
7868 29
1459 25
3296 48
6695 41
5856 90
9325 87
4151 90
7270 85
9250 84
9708 86
4564 27
9402 72
9127 95
9560 39
8169 12
3215 60
8012 50
4690 57
6620 58
1660 19
4350 40
7002 72
2378 17
7112 40
6264 89
6484 78
4438 11
1705 64
3183 79
9537 75
3294 73
6123 83
1795 93
3335 76
3313 13
5855 53
7936 49
7230 30
8449 92
8160 48
2239 87
9653 68
3316 56
9227 62
6462 13
4979 94
8773 39
8101 63
6746 29
8040 73
4464 46
7192 100
8161 13
2649 93
6564 18
7109 35
4267 68
1042 21
9561 69
4637 38
6195 29
1655 43
1708 67
6164 22
2405 21
3963 26
9031 63
1880 15
5233 94
1796 98
6617 13
7623 67
4180 76
7724 45
5332 87
3727 38
3758 44
2901 96
3339 39
8601 18
2986 13
2387 96
3001 36
3330 46
6282 68
4880 46
4794 13
6642 48
6555 72
4703 42
2571 64
7502 80
4233 22
3079 98
7020 55
8946 22
5998 39
1121 82
4209 98
3443 32
3310 92
9343 98
6446 20
9680 45
8094 49
6492 61
9558 34
3354 76
3983 79
6568 25
7518 26
4784 32
1829 93
7850 47
9252 69
4196 39
1770 41
6429 60
9944 74
3864 25
4627 79
8265 34
9216 88
2364 23
9730 13
8239 30
8798 47
2369 87
9230 99
9291 93
5510 93
7811 70
8305 31
3958 47
6092 74
8283 92
1520 87
8952 86
4652 61
5173 38
8163 64
4479 97
3314 99
5341 14
1352 59
8141 61
5823 32
2307 85
3778 42
5900 100
8833 40
2606 97
5704 44
7336 30
9982 27
2382 66
8496 79
4183 22
3888 38
9480 71
7902 10
8035 69
1935 73
1977 17
4882 62
3544 51
7967 48
8078 25
9910 21
2134 32
7824 84
5713 52
9880 10
1692 83
5191 74
3943 21
5945 12
8229 45
3638 47
6133 10
4463 21
7532 97
3103 31
6698 68
7117 61
5877 42
6034 64
9015 70
4836 84
6652 37
3628 74
4063 92
6562 85
4399 90
4656 31
5577 47
7767 82
6440 73
5276 94
8865 40
3214 27
9935 34
3042 40
4613 57
9471 94
6858 20
2249 61
3271 48
2716 98
8252 29
5917 14
6559 49
1186 50
7915 99
9428 36
3471 75
8518 13
3363 27
7024 69
8995 68
3903 80
1397 86
3247 64
6948 84
5913 59
3754 81
5990 89
6738 78
6612 35
7797 90
3575 48
3041 13
3529 78
2598 57
8550 24
6815 26
4678 61
6945 55
9693 15
4416 20
3021 82
5340 43
9146 79
2035 42
8910 14
5209 56
1991 80
6139 20
5431 95
3228 21
9198 97
1718 47
8105 76
6287 72
7643 45
9498 14
3522 51
7084 70
2842 80
5253 37
6744 32
3206 65
3555 91
8592 36
6602 10
1215 53
8330 40
3081 30
5329 98
3663 42
5096 80
3377 65
8724 87
2098 95
5864 55
1420 14
6525 79
6692 87
3124 32
2762 35
9540 24
8634 30
7190 17
7013 95
3409 60
7870 98
5534 64
6371 70
6608 41
2280 14
1589 39
8679 30
8076 100
1841 55
2141 16
2256 99
5020 64
5946 10
9674 89
2207 72
8106 81
3197 29
4635 27
7612 80
6963 55
3495 25
2744 13
2633 18
6816 10
5995 81
1231 83
8193 96
2604 100
1914 36
5121 76
4983 92
6309 79
9395 46
3626 94
8539 78
9176 92
4848 75
2861 12
9309 52
6453 91
2956 78
7415 58
1032 67
2233 87
2779 27
9541 81
7764 78
4319 75
6154 69
7985 87
6111 32
8120 72
1002 91
7092 55
1254 49
2638 43
8063 49
6193 92
9363 46
5782 68
2511 30
4499 23
2155 83
7559 15
9386 64
5665 59
4391 63
1106 45
2553 39
2518 47
4984 100
1325 46
9965 55
9930 58
7283 50
6452 93
7818 98
7097 16
1413 96
5674 90
1943 77
1866 16
2599 42
2175 48
8860 23
3877 71
1544 60
9296 58
6640 82
4362 11
4898 32
7389 70
8075 48
2552 57
3260 100
5532 84
4118 11
7930 72
5997 14
9594 74
7115 95
6930 59
4120 10
3454 90
2254 41
7086 15
4597 98
6279 52
1158 27
9690 13
5264 51
7720 96
1664 29
3676 43
3067 60
2558 17
1821 40
1517 87
7592 55
3732 50
3899 48
3806 41
6277 72
3131 31
7301 87
1874 51
7605 99
2074 90
3563 99
6231 48
3071 20
9287 80
7138 100
7269 92
8577 62
4453 48
6140 90
1909 92
6366 82
3421 74
7450 63
5492 49
3406 26
5639 60
5826 42
7582 15
3691 84
6428 78
3235 77
9528 45
4910 74
6426 72
1920 66
4821 71
4157 80
9074 98
9748 93
3805 78
9588 36
1371 84
8874 10
9993 94
3414 86
7567 67
4247 23
2201 83
8648 82
8395 51
1749 42
2560 19
7142 79
1240 40
4840 39
7133 41
7932 20
