4334 3040
2429 30
7572 99
3025 92
2676 64
8642 28
7253 67
2126 21
4331 51
4269 61
6996 88
1526 41
2738 63
7244 58
7990 96
4154 59
4464 64
8008 22
2665 20
2837 30
9804 82
4504 15
6720 21
3032 22
1226 57
3148 38
1801 83
8777 14
2580 66
1577 87
6749 95
8142 87
2682 59
3751 56
9908 20
9855 45
2380 98
2248 75
5137 82
6190 56
9316 68
2377 73
9413 84
9611 36
8033 56
3210 32
3154 14
7868 32
7760 10
6626 55
8238 61
3717 12
1602 72
3391 76
8722 58
2361 45
9994 59
6000 67
5736 79
1705 88
4053 27
2897 12
8867 84
7640 22
1299 39
3401 65
8884 21
6925 47
2383 54
8159 91
1222 98
9250 20
1676 50
1629 46
2382 58
9618 62
3021 17
7618 45
1413 45
9645 85
2235 64
6481 22
9236 27
4322 18
6419 33
4335 92
4847 45
3770 26
2188 48
9032 54
2405 42
6748 84
1738 25
6930 84
2197 71
4635 78
5821 58
7748 98
4996 96
7108 97
2769 100
5560 73
1402 87
8743 18
9425 82
7308 54
5023 11
5277 86
6024 56
1049 69
6698 69
6263 100
4468 32
3860 32
4585 64
2274 72
9560 42
9104 75
9185 47
4643 34
9930 71
1495 77
4806 71
3881 12
1185 70
8770 27
6087 14
1207 51
1826 86
9718 91
6280 76
3712 22
3117 83
4499 45
4199 90
3909 94
5495 61
3890 47
6466 71
2670 77
1539 55
5201 30
4040 83
6137 10
2811 65
9924 16
9821 62
3147 33
8373 23
8696 91
9906 75
2225 47
9749 73
7485 24
1489 32
2076 11
7918 26
4513 54
2649 33
8543 28
4935 36
2991 14
5708 65
1154 75
5397 13
3293 88
5148 43
6507 21
6897 73
2815 93
7403 16
4362 67
1669 58
5827 79
4948 41
2478 30
5351 44
1614 47
6065 89
3218 58
9996 99
9352 80
8523 90
9679 27
9044 89
2295 67
6696 55
8870 44
3636 88
7298 100
7081 37
5178 20
3726 25
3307 67
1354 28
1986 70
2637 17
4119 49
8596 58
7770 63
7626 77
2363 66
4201 95
6611 47
4976 25
6317 27
1953 78
4106 90
6893 54
6243 30
4908 63
2739 93
6443 31
9278 90
4428 74
5545 37
4287 35
8500 66
5649 16
8113 62
1578 45
9499 50
1331 28
3989 25
7068 22
9973 30
4425 92
8030 97
5044 62
2454 37
6534 86
5449 12
8485 54
6131 16
5209 40
7001 23
7706 12
2111 29
6594 91
6360 64
6494 19
2720 15
4592 96
8017 42
5766 54
4131 99
4666 53
3330 41
1455 31
9793 56
4268 34
6819 85
9296 69
9271 36
7644 53
4705 84
6631 33
4894 73
3673 97
5691 60
5037 57
9264 68
4860 22
6161 17
3604 97
1047 90
8282 49
4409 42
7146 87
6273 90
5971 80
2483 12
8841 84
5595 27
4028 32
5579 30
7437 21
6873 42
2371 51
4442 70
5055 41
4391 65
1314 76
8298 55
1708 34
3923 86
5199 84
4165 96
6569 62
5429 13
8799 91
6500 17
5893 25
8013 34
5874 61
3472 29
3048 40
5765 47
3045 21
9845 21
2496 34
5388 17
2890 81
5675 24
2632 11
4983 95
2241 67
8501 97
3457 61
4569 98
8547 28
7569 14
7323 57
7685 71
5311 89
9567 96
1426 77
6055 67
8885 99
5891 84
3476 77
7070 39
5126 20
4841 56
6630 23
4846 51
1970 25
3807 59
3026 86
8835 42
1342 92
8551 24
4754 69
8839 93
9399 86
8537 75
4031 33
3348 55
2219 96
5657 73
6199 64
7444 15
3534 61
3680 50
9493 71
6116 98
2797 13
8628 43
8444 57
3362 63
3786 72
5723 64
6075 95
8726 36
6250 42
6143 40
8969 80
5486 21
5949 57
5720 50
1467 69
9147 83
4370 72
9863 36
6588 69
2551 58
1285 60
5801 47
6881 95
1882 35
6066 29
4134 29
1698 67
7824 40
9461 65
4087 88
3310 91
2609 29
2474 90
6531 19
4766 82
7521 70
5524 69
6516 26
8138 48
6176 43
9547 32
5943 45
6756 62
9579 37
9064 15
8600 18
6432 47
8754 39
9854 58
3803 62
7014 25
7324 71
9143 30
1557 33
1262 52
7764 87
8089 11
3625 32
5881 25
1770 31
1878 75
6284 24
2820 97
8506 98
7931 10
5391 38
5846 64
9247 99
8422 27
5366 44
6326 10
7473 76
3969 98
7133 63
7998 85
7938 30
2974 78
5228 100
9364 14
3530 18
6212 30
9469 10
2579 12
1250 61
3303 26
4025 10
8044 86
9279 67
2214 91
4670 87
6461 60
8126 84
6242 62
3950 23
1131 76
1194 96
2232 18
9444 67
8233 95
2585 85
9389 83
6159 71
8384 85
4987 48
3687 34
1494 68
4323 64
7571 26
9836 27
9542 72
6202 44
7367 94
9168 85
7812 97
6125 19
8652 37
9075 16
7013 85
9260 43
2978 70
2081 26
8546 65
8304 40
5225 52
3939 52
6699 28
2072 75
5468 32
1997 96
5102 48
8868 54
7067 23
8426 96
6149 69
9485 22
8637 54
6806 95
2620 60
1811 28
4245 52
8905 94
5979 68
5953 11
8688 61
7249 89
7834 57
8396 57
4611 27
3605 89
9830 17
7325 32
2179 21
6524 48
8862 82
7501 35
7011 35
2626 57
3610 51
2231 81
9660 90
2928 17
8724 62
7079 48
2201 82
2582 77
4693 27
9349 42
3086 68
8389 70
2381 59
4188 41
9783 46
6162 13
7220 46
5093 67
8991 16
5673 83
7530 20
3986 53
5385 22
8242 98
4699 20
4066 96
4753 50
8838 43
9531 87
3674 93
5970 65
4266 12
2527 58
3224 29
3595 69
7060 46
1713 16
3955 14
2881 19
4575 85
1734 30
9007 35
9967 36
1579 98
6258 98
2270 45
2558 12
5984 90
8589 52
8882 64
4556 44
7357 19
5250 36
1609 33
5924 29
6761 51
2086 82
3182 67
8823 76
1415 53
4435 18
7721 99
1146 25
4251 13
3131 60
3584 20
4609 58
4207 49
3558 40
1572 15
6764 77
1272 95
1425 80
1419 72
9649 24
4208 57
7577 24
6296 72
8414 18
8394 24
6828 13
1328 13
9131 45
5059 34
9294 60
8514 88
9078 96
4321 81
6081 81
4333 60
9373 60
1820 99
1411 71
2495 63
6372 27
9841 11
6670 88
8924 98
1156 91
3589 26
1320 24
2914 71
2026 80
8363 12
2748 39
2002 32
3796 93
3164 24
6597 88
3661 80
2288 50
5254 75
8956 55
5566 21
4364 34
6956 64
5694 96
1765 53
2673 10
9651 67
5851 48
2937 33
3179 41
3931 31
6229 97
9038 71
2597 72
9866 63
3341 21
2027 73
3493 41
5322 11
2359 44
3440 93
9721 11
9241 14
2299 29
3339 31
5130 81
1914 68
9768 52
5053 13
6518 69
9693 24
8241 33
2272 10
6203 52
8949 70
6020 65
8070 29
2589 31
7269 75
3035 49
4492 68
9436 64
6922 72
3239 34
1498 19
5768 10
3540 80
4941 82
4915 98
7625 65
3519 13
3446 69
1254 77
3936 40
2062 65
5798 48
2464 50
7017 73
9963 61
8469 23
6627 88
3220 67
3638 49
3966 26
2600 79
7202 18
6231 51
4270 19
6073 27
3379 100
6886 10
3466 12
6171 66
1678 23
7520 77
5799 41
4047 75
2901 74
6606 18
3819 48
4684 15
8190 36
5780 63
9911 80
2453 92
4198 29
9755 56
3659 88
6110 47
5120 19
3797 86
1033 94
5452 73
2006 71
5690 64
9440 36
3134 83
6486 20
1157 78
8000 46
1317 60
9216 49
8753 52
7925 71
6704 32
6359 11
6436 41
3282 97
6118 83
4891 36
2292 98
6539 19
1634 29
3498 82
1469 21
3679 91
6345 18
3219 50
2508 73
2039 54
8337 29
1162 70
3585 84
8311 33
9151 76
5246 75
4171 93
2489 71
3358 28
4422 61
5879 72
8571 81
3535 16
4185 84
9478 100
9117 40
2868 19
2152 95
5980 20
4656 29
2786 53
3436 56
1110 51
3368 61
8271 69
9614 48
3175 16
8177 54
9812 65
2561 54
3162 70
8976 22
8128 48
2656 96
2342 76
6039 96
5762 27
6722 80
9716 41
5614 75
7632 71
1007 92
2922 49
3943 91
8757 17
9114 81
3999 51
7731 25
6320 67
2070 23
2347 88
8209 48
4662 92
4397 57
8108 31
4197 30
4505 74
3506 74
2593 97
1072 95
4626 50
9005 69
7026 80
6903 18
4827 52
5540 34
8685 62
5872 77
4645 48
7479 89
1169 88
3784 18
3444 88
8954 30
6945 41
4712 65
5914 26
2757 82
9105 39
5729 79
9464 23
5101 42
2392 56
5833 85
3227 46
6448 87
2215 11
5912 60
3036 24
1439 10
7659 49
8614 14
3265 81
4704 11
8557 86
3230 65
8587 57
7159 39
8039 54
1959 95
3866 34
8735 11
4005 50
8797 81
9084 75
7461 79
3790 75
3314 62
1024 38
2574 49
2552 74
2727 65
4502 19
8942 27
1771 14
5572 93
6598 80
5737 74
3197 89
3705 91
5915 92
9988 22
6330 85
8042 11
5699 76
8160 15
3209 49
1553 70
9394 49
9647 92
1926 40
4214 53
9203 73
9435 71
4398 15
6221 86
1473 80
7951 47
4622 25
3484 53
8185 58
7189 27
9728 32
8943 35
7562 60
4905 27
3719 50
9744 73
8398 53
3774 16
1573 31
5867 13
4436 60
2774 21
1369 74
9420 41
4916 81
5402 100
5325 76
3277 34
4252 79
2267 56
4495 46
8327 15
4395 13
4501 84
4396 69
4853 58
8144 30
1433 34
8758 46
3830 14
9862 37
1165 69
4424 74
3172 92
4013 50
6469 38
1475 55
1833 10
7555 11
6397 89
3235 51
5828 63
6300 50
5749 57
8974 22
9591 63
3487 67
4282 56
7384 77
3241 27
1135 30
2223 26
3360 34
2365 43
1862 69
2338 71
5525 40
1990 24
3964 67
3301 96
9132 16
1809 74
3878 50
1529 73
2713 39
9562 41
6827 53
1772 65
5099 34
9815 23
6732 76
3467 60
2069 20
8027 81
7171 58
4410 88
2067 19
5861 41
7470 21
8392 98
5012 24
7908 10
6367 91
4966 21
5451 63
8601 77
5021 38
4620 43
6792 51
2142 47
9017 33
3981 59
4623 82
9909 95
4914 99
1371 95
8279 60
9652 48
2415 65
8604 58
7112 54
8267 95
8663 42
5190 48
4937 40
5269 17
7852 25
3000 62
6447 78
3739 66
6508 13
5195 57
1378 99
4621 31
9290 13
8964 36
9704 46
2024 18
9041 63
6967 22
7682 74
7650 23
1837 84
8740 34
4101 14
5611 92
2066 97
8148 62
3191 48
1533 44
7440 35
8006 29
7447 77
7726 68
7961 13
7371 72
5016 32
5523 39
4696 18
9405 10
9751 40
5198 86
9054 17
2696 25
1060 96
4995 58
5372 23
6541 71
5122 29
9014 34
8475 80
4209 61
1116 80
6334 61
6506 27
2809 41
1776 43
4168 45
9198 39
8845 26
9322 35
6691 84
9035 23
8901 23
6324 32
2648 80
3843 80
1540 29
4477 20
2280 81
2050 27
2855 47
9791 20
4500 56
8781 80
8667 78
7975 63
8370 26
1995 50
5568 40
1213 14
8988 39
7195 74
8705 22
7992 87
6067 88
7300 99
9365 78
5364 69
4423 92
7648 41
5008 77
9298 17
1323 15
8654 22
8246 31
5732 39
4189 58
2228 61
3173 65
4483 43
2698 10
6633 76
7528 78
6246 44
1093 12
7714 13
6787 22
2043 34
6620 76
8756 94
7091 24
4055 61
4107 42
2484 13
4274 10
5863 44
7912 25
7701 77
8201 79
9403 66
9844 71
8930 64
1266 32
1073 49
4350 40
2294 70
1040 49
2452 59
7927 30
5464 99
6697 19
1918 59
2258 20
9311 90
4153 36
1404 38
2555 23
9878 70
4708 70
4326 84
6592 11
4732 48
9030 69
3765 79
9487 21
9361 78
7289 17
3901 48
6130 57
4960 59
8196 26
5854 21
5617 49
9186 12
2605 29
4752 43
8499 66
6983 86
6158 22
7066 84
1511 33
8934 13
4478 84
1346 11
7450 89
7634 56
1750 23
3496 83
6820 12
2164 65
9723 48
6378 64
3900 19
1257 69
4521 54
3237 83
7045 75
2539 74
5354 70
4186 83
9476 66
4604 80
6475 50
2775 100
7392 60
9657 24
7621 65
7395 100
8522 36
3934 36
3580 78
8649 23
3204 99
7593 46
3211 55
6921 80
8165 62
9496 34
2290 43
1824 85
5977 14
6083 31
9940 33
9483 30
2284 83
6276 83
8977 59
6482 43
1661 12
6177 50
9304 57
2064 86
6154 82
6187 14
6105 48
2510 54
3029 66
7264 42
6251 35
8200 89
1492 70
1759 24
2250 12
5620 59
7007 48
3671 55
5807 23
9584 69
9856 94
3888 39
7276 56
2015 65
8804 54
8263 61
1066 79
8704 81
4507 10
1100 50
1471 72
7616 58
9873 10
8462 57
1062 65
9631 58
7583 27
5483 93
3109 86
4718 33
6498 63
8778 64
6477 50
2634 28
2339 14
6885 24
3468 32
4285 54
9346 74
4876 45
8287 47
8892 48
8409 57
1101 41
9990 37
6769 56
9805 65
4264 31
9558 38
7543 76
8789 35
6941 58
7118 31
5927 48
1627 20
5514 30
6292 96
5115 100
4138 34
3422 43
5877 49
4940 15
1443 90
5146 43
1679 63
3097 74
1121 34
4371 51
1503 83
1205 21
2842 52
6495 88
3649 88
6435 31
7821 54
2402 43
3270 85
4249 99
2141 15
2293 26
3080 72
2455 78
7917 31
9094 28
3996 99
2298 25
8647 67
3750 45
1219 65
7510 39
6357 69
3961 83
3669 34
3831 78
6894 46
7033 54
9062 17
6088 88
4715 67
1757 62
4659 63
2629 41
6754 71
3622 52
8736 34
3682 55
4728 35
5310 25
1595 82
7741 25
7361 19
4094 59
5157 47
4707 35
1117 66
8275 11
9229 99
3028 41
2892 75
1628 93
4784 10
3639 22
5407 88
6444 91
9592 100
2431 72
6946 54
4930 20
6920 92
4298 87
7263 40
1680 90
2285 69
4115 71
1183 10
2641 44
5338 21
2180 67
1670 88
2526 15
6906 86
2456 40
6186 56
7792 88
7746 79
8353 90
2151 40
7365 24
1191 36
5781 60
1046 74
5628 76
6971 45
9983 65
7297 26
2918 33
6342 94
5229 58
7448 13
6170 12
4228 35
3087 25
4342 37
3787 91
4952 69
4470 71
4077 56
6895 52
3723 32
9545 77
1381 68
4890 42
5439 55
2296 70
8575 78
1777 38
8586 91
2614 76
1937 30
3568 85
4062 77
1405 49
3141 10
4993 92
7999 47
2694 68
9057 91
9920 75
8809 36
3400 99
9502 87
1625 19
9979 47
8698 68
7808 15
3976 89
6989 20
5371 34
3686 98
6934 54
4332 62
5790 30
9256 38
6845 73
7049 65
8457 85
7911 58
3646 62
9978 30
6138 50
8584 16
9568 52
6298 43
8339 34
2590 48
4781 98
9129 46
2984 94
4799 25
2764 65
6744 60
8453 63
4800 57
4172 32
6232 68
7153 96
4296 48
9685 21
5441 40
5471 29
5403 59
5676 59
5972 51
3683 61
6975 69
4045 51
9734 74
2653 74
7305 55
7254 50
7415 19
4383 24
8517 37
8661 48
6269 42
8936 44
3114 14
2394 63
4360 35
1711 76
6107 54
3213 96
2736 18
7874 58
1037 25
5155 78
2031 23
6291 78
5693 91
5844 30
2972 76
2824 81
5513 52
7417 47
9451 63
9308 32
3922 18
3129 12
8606 24
1098 56
9350 83
9382 87
8050 41
9128 28
7729 80
1006 95
4534 68
8274 55
1139 63
4080 78
7327 76
7673 56
3107 51
8074 90
8183 38
8348 42
9103 77
2643 76
9784 71
3075 99
8883 19
1536 81
5270 81
3737 63
2025 53
8404 47
5702 45
6189 74
4682 28
5306 20
6245 62
5836 88
6642 79
3932 52
8665 65
7491 82
3071 27
1544 35
7734 51
3078 17
9228 41
6398 53
9774 78
8272 81
7642 57
7889 44
1143 95
4070 57
8056 98
1300 41
5361 20
8380 69
2422 34
6618 94
1523 18
6970 71
7850 49
2360 90
1751 91
5035 91
3756 98
5061 15
8825 76
5731 29
1325 97
7875 64
6237 15
1247 73
2710 34
8312 75
5931 86
1863 87
8533 96
6677 23
3971 24
3394 59
1890 70
2083 18
9272 44
8907 46
2733 17
9823 17
2898 68
8487 49
9245 72
7129 30
4868 25
9490 60
4564 55
3279 15
6968 33
5623 13
4587 48
9932 11
8260 76
4460 60
1684 76
9036 83
9689 53
2473 20
9702 17
2175 64
7041 42
9002 86
4376 93
9416 86
5517 75
6888 100
2249 32
3161 47
3621 77
2068 49
1946 69
9409 97
4852 64
2190 82
4531 77
4482 14
7315 88
8987 55
8068 49
9232 87
7343 11
7138 97
4372 82
4017 64
7840 61
8254 45
1339 40
5493 21
3298 95
6923 65
5792 74
3012 42
1389 89
3267 42
6079 65
2599 56
8002 46
3206 18
8579 47
2242 96
5704 67
1337 25
6210 22
1922 47
3628 83
8510 69
8135 77
8768 49
3894 79
3245 84
2023 43
9406 19
7487 57
9380 94
8149 68
4032 97
3942 60
3027 13
1454 54
7988 61
1225 89
9989 76
6335 39
1977 66
7836 13
1192 16
2084 76
5116 33
7537 53
9984 19
1606 21
8325 39
4051 68
3387 44
3108 47
2324 25
5381 24
6426 30
3988 88
7997 44
5160 20
6949 22
8479 78
9282 25
8286 17
4639 52
3606 10
1278 48
9976 71
9975 63
6564 90
8105 78
5705 14
6361 92
5067 77
2063 58
3578 96
5717 99
8984 53
3635 52
6665 10
7500 41
7691 33
1010 74
2644 97
2779 66
6440 40
1659 13
6285 48
1321 23
2022 11
6473 49
4401 37
8152 21
7481 23
6014 17
2171 80
6689 77
1293 96
8629 82
7561 54
2036 51
4246 83
7124 73
4421 36
2437 24
5312 48
3479 27
3859 88
4102 52
1267 68
8406 45
7292 27
2785 45
4875 65
3317 80
6340 86
5852 20
9285 46
9659 72
2578 34
4818 26
4429 95
3448 37
8593 53
7872 32
1372 43
8910 93
4515 90
3814 20
7949 28
2808 25
3508 19
7646 21
6714 34
5510 87
1885 93
3462 12
6674 48
2876 81
3292 88
7995 16
1912 26
1743 22
7087 61
3877 42
7027 17
3166 44
7009 67
5997 96
4854 45
7029 65
9559 98
8368 19
3601 85
8850 25
3718 37
2965 84
2040 51
3652 28
2307 33
8734 56
6209 76
6072 41
6740 30
8852 21
7109 74
1180 41
3949 91
9694 23
6180 84
1991 77
3577 41
1805 15
9691 10
4301 63
8538 27
3352 34
5761 59
5812 33
1220 24
6001 29
7771 91
7819 94
6205 97
4574 24
6702 79
1137 95
9712 21
1263 58
2160 10
4874 22
1091 94
2048 76
6464 79
6411 41
6094 18
3624 72
2427 56
2488 98
3242 65
3039 30
5758 83
3694 84
2487 86
8324 47
3608 71
2564 42
5936 70
7131 15
1103 26
9172 47
9331 32
4083 78
2316 65
4377 11
9221 56
1014 99
7053 83
2460 81
7099 28
4191 26
3789 14
4751 45
8381 10
4923 37
6567 43
9334 86
5299 14
4856 79
4780 33
6826 90
9018 10
8903 83
4314 65
4347 94
9384 45
6385 46
2000 15
9189 49
5353 87
4146 43
2721 98
7907 13
6244 20
3518 17
7716 93
7268 22
5666 65
6784 44
8058 73
5335 42
5685 40
7879 49
1588 32
3677 60
1246 66
1383 35
1105 10
4968 41
4957 26
9974 15
7307 53
1541 96
2924 65
9526 52
3773 57
1992 31
7443 58
6458 60
7522 21
3174 36
7730 27
4747 67
6672 17
2955 47
6420 100
5590 82
7787 26
3560 38
3520 12
5878 55
7719 17
1840 63
5259 94
2796 84
6323 97
3500 17
2283 47
3473 78
5384 86
1231 16
2804 54
6091 98
1829 35
1671 79
3429 100
9443 97
8061 54
4798 31
6816 47
9033 99
9482 32
2588 84
7442 60
1025 30
6395 55
7042 49
3623 49
9273 62
7028 51
1264 53
7866 12
6027 61
2884 54
2226 66
9977 17
1814 37
1631 81
7619 29
6257 11
4508 11
5447 69
5341 53
9376 100
8668 19
4701 81
2323 41
6465 72
5123 98
2628 94
9883 92
3556 13
8656 39
9801 16
5066 15
8926 79
9521 46
4689 50
3060 62
3124 59
4590 76
4132 52
2136 21
4725 16
1642 74
6308 30
2794 99
4309 25
4767 20
8900 83
8684 57
4608 49
9735 19
7170 34
6527 14
1423 99
4760 18
8184 52
8590 93
2515 14
1368 85
3829 61
3782 58
5039 72
6617 35
5046 10
4810 12
4512 79
1549 73
5028 29
5117 86
5304 88
1112 78
4202 39
5260 29
5688 79
2379 27
9543 94
6226 96
7003 21
2942 66
3136 17
8800 94
5170 51
1012 31
4644 88
5239 63
9767 10
4426 57
7861 37
9046 20
9759 13
6041 12
7137 48
6833 43
3741 29
7556 61
5710 52
2675 70
8975 10
6197 17
6480 41
6325 10
5718 53
5904 100
8760 27
3845 70
1313 34
8224 49
5482 12
5473 56
8014 92
6739 95
1242 72
5989 53
9088 38
1830 49
8738 39
9220 39
7898 73
4002 12
2367 40
4533 10
7061 64
6636 94
3987 24
7704 24
5730 51
7166 78
3069 17
9668 48
7655 32
7421 26
2423 63
8278 88
6543 70
2033 18
7184 39
4503 86
3034 19
7712 84
4415 97
2584 60
7645 29
9938 64
4433 17
5461 28
1361 79
1235 26
3820 51
1005 88
8310 95
1351 97
1310 91
4831 15
8921 55
6336 94
6259 28
1281 10
2856 15
3232 36
9548 82
8923 42
4920 10
5978 71
1193 29
4001 75
4934 87
8555 71
2663 26
8038 59
2788 24
2847 50
8568 61
5058 60
5686 84
3792 70
4686 96
8895 85
8811 64
9266 32
4193 41
5074 80
4944 66
6268 75
7387 89
4726 12
1693 65
9907 22
1217 14
5941 78
5501 36
4320 55
6431 55
4273 19
2123 31
7883 76
7185 13
9059 29
1888 71
5431 88
2945 100
2683 57
8795 76
3911 100
3688 89
6798 54
2795 44
4984 63
3575 55
3251 80
2366 27
6148 16
6998 31
7495 37
8492 10
9438 76
8818 85
1729 46
2940 20
8229 42
2202 78
4466 95
6964 98
7653 44
4931 20
6966 71
5626 62
3475 35
9532 57
9077 19
6512 52
1115 48
2128 51
6142 73
5946 79
5463 54
9522 99
1872 47
4363 67
6987 65
8120 37
5048 55
2095 20
9497 74
8213 87
6260 20
8087 96
8211 69
8261 61
8356 68
6279 35
8402 14
1065 38
5095 96
2385 34
2436 35
3367 46
2768 21
1499 15
6692 17
7150 86
1996 59
7429 12
6575 71
7954 69
8156 27
1212 34
8166 35
9750 88
5722 41
2370 47
5352 76
6794 54
7504 77
1149 48
7272 44
2886 18
3011 71
3404 37
7010 35
5917 65
7707 24
7451 63
8176 43
2104 13
1806 86
7046 41
6235 98
8103 56
6509 30
2191 60
1197 14
7568 48
2077 56
6734 25
3208 90
8182 33
6173 42
3403 53
2093 77
6401 77
8660 78
8059 86
9786 66
8269 64
3272 38
3280 84
7374 94
7963 78
6450 61
2143 65
8570 72
3666 54
1296 44
4550 75
1537 55
3289 61
4632 95
7034 21
8636 77
2356 99
1784 26
1178 98
3062 88
4680 42
9792 66
3876 21
7503 50
3903 11
6861 90
1305 99
4076 42
2016 24
3897 95
2802 50
5820 69
1058 45
6319 64
5832 22
7409 14
4857 75
1944 16
7862 39
2205 78
8322 17
9192 82
2091 84
1941 79
7679 66
1884 45
6220 42
7030 28
9455 18
4850 44
4547 79
9953 21
9556 89
8497 34
5050 26
8821 92
7474 41
8018 56
9127 100
5569 38
1598 45
2985 10
7198 46
7037 33
7058 80
1954 87
7919 82
6037 56
9060 90
4012 23
3571 10
9140 93
5548 83
3748 65
9725 16
1527 21
3619 73
3715 29
9991 34
8669 15
7563 59
6807 75
4903 50
1791 18
9024 29
1196 48
3304 20
8266 100
4344 84
8730 38
3222 57
8306 32
2891 49
7252 67
9831 10
9083 81
5409 95
5435 31
9688 65
2982 21
1733 86
4100 67
4229 21
9194 17
6831 80
5207 93
5112 93
4843 54
4511 36
2992 87
3833 95
3504 51
9442 31
5791 74
2826 19
9635 57
1828 22
4173 31
1080 12
6364 10
5118 43
9251 56
9118 59
1392 25
6349 61
1214 18
7107 97
5845 77
3503 19
3335 11
9280 88
6700 33
7257 68
4842 89
4065 88
2514 95
2606 69
5078 53
3120 66
6980 43
3023 81
7620 27
7757 98
5772 12
4225 62
6550 16
5853 75
2163 82
8681 15
1228 36
7948 28
6871 25
9955 99
2247 45
5674 21
9465 76
2803 38
3672 48
4324 60
8720 74
6719 31
2358 29
4629 32
9167 10
1036 67
8342 61
1889 78
8376 80
2693 89
6673 33
1163 73
9626 64
7273 80
8354 33
3740 43
9840 68
4431 14
4730 24
5594 23
9736 81
2983 20
5782 15
2813 81
1221 72
1240 75
5982 76
6602 65
4303 100
2119 88
3494 85
5415 42
6643 38
4834 72
8640 10
3872 47
6776 50
2200 83
3264 40
5184 88
7025 18
4832 31
1907 52
4879 52
7043 59
4491 44
4088 33
6104 72
2799 99
7259 49
7078 33
8358 31
7581 62
9949 83
7957 12
5068 89
1984 88
5125 17
6369 33
3223 93
7120 23
8535 28
1350 75
5865 47
7355 50
4341 99
5928 63
7155 97
5804 13
9488 40
2378 87
9980 31
6782 38
8597 31
2416 28
4617 66
6474 32
6491 20
3665 15
4723 40
2870 33
7550 86
1038 26
4284 27
5512 23
6997 18
7830 66
1724 19
7518 76
5966 20
5992 50
4200 24
1152 16
4573 17
4022 65
6455 24
6375 69
6353 94
9881 46
3895 47
6306 15
4926 67
5897 73
3937 61
9477 86
1349 32
2348 62
1348 30
5187 97
4543 45
1289 36
4444 88
4456 34
6054 87
1564 85
4537 54
5599 19
3884 43
2935 31
3118 82
7857 69
4702 99
7224 35
2616 84
3927 52
6488 84
5212 73
7454 24
4813 59
4016 52
7979 34
6433 87
1308 82
8938 21
2951 96
2364 63
2055 33
7303 18
7855 43
7207 37
8131 78
8045 64
3642 81
7490 79
6634 67
7570 78
7302 91
2145 71
6127 55
7418 43
5379 18
5521 70
5497 50
6438 91
4046 52
1562 87
5880 52
3701 61
1739 25
2374 56
3828 19
2758 44
3361 36
5985 41
9200 61
4939 97
3997 84
8415 41
5298 16
7647 44
2413 98
9004 25
9832 85
3572 34
4380 35
7288 47
6078 87
9281 24
8399 53
3433 99
5680 18
4740 36
7427 63
7695 71
7814 58
4519 74
3898 22
4964 86
4601 88
1923 78
3643 10
2745 58
4904 20
9880 73
1327 85
1802 69
9061 65
4589 32
4129 28
8986 16
5200 68
2864 25
2155 74
7346 100
7176 95
5408 64
6837 51
4135 17
2963 56
3527 72
6974 15
3753 53
1929 77
6928 36
4729 36
2129 100
5703 72
8100 79
6870 13
8332 39
9414 81
5109 71
7551 72
4641 19
2101 83
6981 81
3043 81
6028 45
6889 87
4750 39
7271 63
6164 94
6090 63
3054 91
6937 99
7225 38
3063 37
5217 87
8516 52
3163 26
4443 64
3632 43
3982 97
1900 92
8067 65
5753 79
7651 49
3554 81
8115 91
2549 27
8473 46
9981 83
2352 64
3920 42
3192 81
3896 50
4731 89
5179 95
1159 44
5948 67
5576 93
7144 57
2767 25
2038 63
4195 48
6593 51
1089 67
2414 33
3176 54
6071 44
8041 39
5132 26
9818 63
7319 69
7278 34
6337 57
3507 49
4313 19
8625 12
1655 47
9982 92
1476 84
6522 23
5520 56
3824 66
8680 20
5040 79
5025 33
6918 49
3929 74
3959 63
7260 38
5428 59
4472 10
8434 33
9789 20
1176 25
5822 71
8610 87
9658 38
6139 81
1307 56
3273 100
8172 16
1783 42
4299 11
2266 88
7251 100
3865 57
4405 60
8941 56
5841 32
9016 54
4571 75
8981 48
3887 44
2029 14
8717 37
2158 36
8163 66
1666 75
6328 63
3415 59
6374 54
8891 63
9411 88
5987 66
5829 36
4075 82
2744 41
9177 73
5392 12
4884 79
9925 27
1386 59
5516 19
1618 14
7688 76
5849 30
9052 89
8219 40
8490 44
1876 91
1311 11
7697 36
7511 61
9581 92
9912 83
6283 96
1880 13
7047 40
7472 10
5457 76
2322 77
6396 46
4888 92
9554 14
7348 15
8764 50
8227 79
3343 54
6381 89
5316 20
1913 70
6656 68
2522 43
1619 31
6584 47
8022 67
8025 60
5963 38
1886 46
9629 96
7122 100
7725 90
5580 65
3407 75
8854 79
1717 80
5469 50
6380 93
6705 64
1042 86
4117 64
1129 59
5677 78
7982 79
6558 20
5267 26
1898 81
7680 28
2254 59
9051 40
5144 47
5038 69
7790 61
6566 30
5637 72
4688 60
4453 41
5252 17
7119 40
6219 78
9772 89
9700 77
9370 43
4248 18
8786 55
3725 33
3565 27
4026 73
5380 68
2082 28
3196 56
8792 81
7752 11
3226 23
2734 52
1319 26
4034 99
3340 52
2715 44
3067 10
1446 84
8136 53
2103 77
5358 40
2540 32
6023 100
9945 99
7115 12
4215 35
9510 39
2998 74
6682 43
1167 96
4616 23
3135 71
3359 72
2944 20
7291 14
7863 40
3018 15
5454 92
8643 36
2647 44
2408 26
1701 82
6310 57
9822 23
2630 52
8413 25
9692 97
4465 92
8289 58
6156 17
6891 31
2867 78
3145 67
7428 78
4776 64
7379 38
6376 21
3323 80
8122 58
1792 16
1683 86
3998 29
9551 55
4319 31
7606 40
2548 69
9430 88
4779 74
7703 53
1714 30
4451 80
5824 98
6799 46
2217 74
2466 52
5334 86
8915 95
4392 81
8395 92
1741 76
2608 42
9711 33
5368 64
6767 73
1779 99
8945 91
1816 20
8851 72
9796 26
4927 92
1251 13
5900 41
4973 70
3502 64
7102 25
8619 41
7732 84
4889 40
2997 60
3382 77
6640 96
8641 10
2728 65
4797 53
5635 39
3044 88
6467 85
8798 43
8707 56
7968 44
7372 28
9180 94
4393 82
4277 92
2772 10
7993 26
7370 35
9627 41
3731 53
1543 87
9846 57
4305 94
5581 52
3570 48
9396 40
9857 89
1585 29
8463 73
9309 61
7016 13
4226 96
4925 62
6519 35
6311 32
2513 48
3722 61
3428 93
2860 78
5056 99
5759 66
6810 44
6299 38
8016 60
3066 65
7277 23
3249 98
8858 64
5795 33
2433 91
6439 67
1691 48
1905 18
4685 63
1653 26
8024 35
3321 12
2567 28
4437 30
8682 79
3810 44
8531 13
3742 87
1303 93
6502 87
5842 20
3037 60
2051 98
7974 98
7806 19
2463 10
7328 10
9916 98
5085 76
4479 84
3892 90
9067 31
2852 79
9460 38
9681 42
7994 61
2838 67
9318 57
6664 49
6278 96
9003 12
8107 70
3093 76
4949 95
9644 98
9539 38
8690 67
8708 84
9714 57
1155 11
2958 64
1070 87
5147 28
6579 94
3569 98
7333 78
3779 23
5536 37
2244 20
4089 25
1964 100
5460 23
7822 65
1088 87
3616 52
9244 16
9939 43
5500 84
5141 98
9971 87
7567 51
6599 78
2178 52
5811 47
1513 38
5866 79
7660 75
7641 25
9684 13
2447 74
9819 58
5263 60
3587 52
3537 46
7601 98
7818 91
3645 72
3190 88
2257 65
5076 56
1654 99
3689 98
6274 72
3081 63
3313 23
5939 48
3373 95
2085 73
4122 75
2885 92
4136 38
2525 12
1347 18
4630 40
5490 26
6424 11
6240 52
8397 26
2468 34
6933 68
8208 44
8121 27
6086 31
1706 45
4873 39
2755 23
3247 15
6390 24
7597 34
8140 18
7605 32
7705 97
6070 69
8019 36
7915 57
5636 16
7005 49
8973 56
8321 83
3365 35
2170 81
4687 86
8425 28
7816 25
3184 33
5958 73
4999 41
4072 31
5315 81
7492 15
3146 58
7823 45
1965 60
9378 42
1148 41
3734 85
3904 84
3552 52
2499 10
9008 43
2481 92
1206 87
6405 55
4721 34
4494 76
7399 39
5509 50
4059 85
7946 14
4182 24
4627 24
5986 14
7512 99
2941 16
5848 89
6984 74
2134 49
5004 60
1567 80
7310 18
8258 22
1453 16
9407 25
5546 78
3100 59
7578 94
7508 33
7364 29
9080 72
1617 88
3178 97
8950 30
6236 29
3200 85
4524 41
5678 71
4330 39
9489 27
1823 79
2353 15
1804 69
3781 100
1916 18
1335 76
4877 27
8408 41
6119 42
3736 42
2327 21
6084 40
7996 48
3305 13
9865 11
9428 90
9161 38
7541 66
1209 41
7670 31
1387 30
6759 64
1931 38
8983 80
2709 65
7610 85
5083 47
2617 23
8314 60
8428 89
9661 78
8713 95
3150 37
8511 92
2259 85
1123 94
8999 58
3953 52
1382 21
5596 64
6266 61
1020 89
3745 39
5233 56
8365 55
1744 89
6454 26
8317 68
1153 74
8101 33
6693 46
4825 89
8161 48
7743 51
7505 25
1497 77
4823 17
2904 57
4368 72
3350 59
3255 55
2807 52
9636 49
1248 35
7582 52
8742 85
6736 73
3088 29
9218 70
9262 65
8509 92
2645 83
3186 71
8843 43
2679 53
8622 100
7554 30
8323 35
5478 64
2127 30
4306 66
7779 68
9541 14
8438 11
1505 76
7469 81
9313 71
5018 13
5499 87
6135 53
3675 68
1836 69
8215 40
4212 32
1621 53
6417 45
1860 30
6049 100
8427 42
3752 31
8928 15
4211 54
4184 53
4048 67
9809 39
6954 49
7242 54
2639 24
5153 81
2851 28
7204 43
6582 37
6609 43
3813 28
4010 51
1028 89
8400 45
5911 27
5133 98
1407 49
3733 28
8834 98
3089 50
9549 26
7831 72
2583 24
8827 34
6505 72
8318 13
9641 11
8529 97
8719 20
3274 28
1142 43
6668 91
5363 87
1195 57
6302 46
3576 75
1616 62
5240 52
2699 87
8808 50
2607 56
7074 83
4149 94
9359 14
7575 16
1831 60
6421 78
6911 70
6208 83
7023 75
3271 41
1271 24
7313 35
5386 43
9653 70
6275 18
1877 59
6048 83
6253 79
2502 88
5128 74
3338 59
4602 68
6174 68
3169 69
9175 76
5551 97
8301 98
9746 60
9538 10
6192 59
1638 40
7631 80
2560 23
7347 86
1302 46
4302 36
3633 10
7117 11
4103 15
2528 86
1265 19
7318 15
5507 69
1842 33
7165 74
9267 90
4945 51
5738 55
5808 44
2282 39
4697 23
8445 84
1344 79
6742 22
3002 46
9379 22
1712 35
8944 13
6559 82
6804 81
1208 47
2269 93
7829 17
2449 60
7228 91
7386 50
7163 63
3337 56
8249 64
6809 63
2156 66
1474 58
8549 86
5131 21
1904 84
3497 54
8515 88
9106 10
9471 55
9210 84
9474 77
6200 94
2362 21
5242 47
3424 50
4480 95
6165 43
4261 36
3629 77
4074 80
2218 20
9738 88
4452 82
7241 15
4382 45
3295 66
6686 32
8319 53
7211 72
1260 27
9289 18
1134 72
3151 71
4863 27
5583 68
8234 38
4654 49
3557 93
4820 93
5577 18
5032 54
5180 51
5042 93
9896 15
1730 15
6247 89
5684 74
2501 26
9900 38
6136 31
4538 100
9466 91
9134 20
1774 42
9301 59
8664 25
7246 75
9948 83
3553 81
7842 95
2442 86
1284 52
6511 47
2239 77
9211 16
1173 93
2187 79
1559 17
6547 35
1334 21
3142 17
9683 38
5734 69
1288 98
8481 93
1935 26
3331 28
3730 94
9445 58
2386 64
4671 91
4542 97
9284 69
4345 35
9972 34
7897 51
3919 78
4692 93
3861 91
2889 74
9713 35
4839 74
3266 81
5558 99
3364 50
7576 72
1677 81
1843 85
9354 39
2746 76
3082 45
9027 97
4938 87
5465 12
1436 63
7864 80
5502 77
1053 93
4509 80
6120 96
8692 67
6763 58
8494 64
5964 73
8703 98
7580 50
9797 34
7627 22
3550 10
9091 61
3434 49
3014 31
1338 14
6019 20
6858 18
3563 37
7221 95
4490 61
6423 46
8106 66
4932 51
1353 61
4020 35
7939 27
4606 60
5968 64
9252 60
4584 55
9184 62
6586 62
9110 74
9367 84
1026 11
2533 43
4069 68
9625 53
8167 98
3052 19
3690 64
5993 37
7727 74
8828 21
7258 63
6667 24
5869 26
1563 43
7793 89
7906 93
9588 39
5793 48
8034 37
9788 76
5862 77
3325 98
3198 27
1483 29
3871 87
1971 28
8458 18
6875 72
8383 60
7784 72
6128 92
1003 93
3592 62
8460 100
8725 52
5625 47
9418 53
7275 30
2960 55
4384 95
9603 94
7532 74
7789 100
3390 98
7507 24
6332 100
6407 76
2594 13
7344 16
4353 16
7113 100
5598 17
6207 22
4152 49
7397 95
5735 67
5211 75
2271 47
3333 11
8833 18
1600 81
2313 91
9326 31
3657 48
4237 34
7411 79
1927 49
5278 22
5750 35
6878 54
4727 86
4642 50
1133 76
6017 32
1204 22
7802 55
5858 16
5786 86
8315 51
9902 67
6604 66
6818 50
2419 31
6842 84
8548 29
5047 86
6607 86
1599 98
8946 87
5488 13
4386 42
3215 95
6815 19
6637 90
2346 26
2845 92
3454 31
9237 100
1118 76
7187 89
3799 88
5725 82
1682 29
8495 45
6915 85
6471 38
9802 58
8864 65
6377 80
1491 14
2601 54
5398 73
3123 27
4091 30
6315 78
5630 18
7438 86
2291 97
9757 89
2098 70
5091 44
7151 83
1861 44
2934 49
2933 80
7579 23
5600 91
8869 33
1993 82
9182 80
5757 33
7063 68
8632 50
2388 72
5287 45
5227 71
3128 92
9171 68
7796 88
3207 26
9773 17
4582 75
5683 63
4082 24
4830 53
2357 15
9582 27
1059 88
9737 30
8947 48
9640 31
9837 49
5570 81
2848 83
8875 74
7956 71
9894 41
3480 60
1587 48
7311 26
7804 68
6938 82
3880 17
4872 37
2660 95
5995 89
3670 51
5905 85
4496 56
1943 87
9026 36
4551 66
8243 27
9799 32
2229 14
5961 53
7876 39
6032 25
5319 78
8776 80
9233 59
1726 32
8609 28
2882 40
3375 97
4121 66
9253 10
8996 94
3573 68
7635 21
9968 18
8816 31
2621 44
1273 93
1275 22
2135 44
9332 29
9385 92
4318 59
8608 48
7585 66
7316 71
1136 88
4997 66
8931 18
9475 47
4848 64
5235 84
3523 94
1989 31
6768 36
7700 67
5908 30
3837 67
2704 18
1500 38
4293 77
9049 45
4374 10
5875 92
6929 50
8831 91
2646 47
9960 78
7188 21
6077 92
7762 67
3228 39
9473 65
8112 68
2562 25
5208 43
3524 49
1041 83
9729 57
5998 78
5976 80
8407 42
7104 68
8077 34
6074 64
9697 67
1864 66
1728 44
6523 81
7854 46
5767 53
9876 95
5806 12
6099 14
6730 97
7905 43
6836 29
4403 92
3426 35
3318 87
6093 89
5022 62
8334 77
1356 59
3157 15
8955 85
7158 45
8528 89
8616 24
2612 15
5107 20
6563 17
6526 77
6846 55
3954 76
9481 50
1412 48
1524 31
4892 78
3697 85
2328 50
8794 41
6676 48
5771 50
9337 71
9305 88
9580 93
8195 52
8840 48
7255 80
7832 90
8036 71
8060 52
1270 46
5739 19
5543 46
8259 86
4139 19
4004 87
7266 65
5378 23
7488 60
2917 67
7287 15
8093 37
3381 99
3253 61
4975 33
8300 63
4085 33
1241 56
4120 81
5592 26
8141 98
4612 58
4862 31
1145 30
2658 36
9446 59
7817 60
5571 79
2544 53
8326 38
3398 14
3968 40
6877 91
1810 53
8583 29
3691 22
4402 100
7519 34
3234 15
6085 62
4063 38
8081 50
8574 78
8951 39
3008 98
9597 25
9259 27
8410 38
4155 51
6680 27
2863 82
9674 57
1444 24
2297 29
9040 96
6581 10
3978 75
8971 29
2344 84
5387 93
1687 14
5831 71
6126 73
1410 55
7052 25
4060 23
5585 32
9020 89
5156 80
7987 60
6773 45
6007 46
2742 100
6412 88
9667 35
9144 33
2154 28
9433 96
3780 16
4947 94
8807 46
8171 16
1821 25
3420 36
5390 25
3257 95
6904 17
5505 16
2461 72
1233 92
8615 43
2930 32
5669 36
1901 53
7141 18
7613 86
4486 71
5910 38
9850 54
4746 70
8214 48
4762 38
7497 12
8346 86
7106 22
5918 89
5662 78
9706 24
6123 30
2435 40
2303 22
9412 73
9330 45
4638 67
7903 56
7239 86
6552 57
8202 96
7445 82
5420 70
6801 37
6649 22
4936 39
9555 57
9479 41
9869 27
2173 53
7859 84
6327 72
2973 13
2287 55
9401 58
2512 91
2553 44
1449 91
5241 88
8203 11
2846 79
2776 17
9698 53
9927 15
6347 85
8091 34
1958 46
5638 17
1095 27
5602 33
9663 59
5901 64
8958 81
2333 36
9922 83
9740 19
9550 33
8174 15
4773 74
3815 82
3316 79
7534 70
9116 43
4565 93
2716 78
5283 83
2640 99
4170 10
7689 90
3759 65
3101 28
7456 18
3046 11
7082 85
9941 33
7678 87
7219 60
4994 32
6953 74
8916 32
1367 11
1979 52
2059 55
3618 77
9145 40
4922 19
8678 25
2477 50
8390 57
7293 89
9217 18
8057 49
8887 88
8371 83
2094 28
9903 88
5075 60
3952 12
8265 89
1583 32
3024 25
1032 82
7200 55
5727 57
3495 78
8486 36
2538 28
6840 98
8613 94
1936 79
4529 39
6743 69
4970 17
5430 69
4105 95
8085 89
9255 75
5713 22
7662 16
4140 16
3423 83
1458 20
4782 100
7584 75
3489 14
4514 71
9369 73
5955 48
8244 91
2401 91
7161 18
3309 22
4711 82
8699 92
8873 21
5721 12
1575 65
4023 15
4142 39
1719 58
8355 50
5819 96
8714 38
9656 25
6339 87
2920 16
9583 98
6152 85
9121 21
5445 34
9327 67
7744 67
2140 25
3205 88
9458 80
1928 83
2448 56
9154 31
8894 40
4242 36
3583 42
2080 56
9158 23
6639 66
7127 14
2472 39
4348 81
2426 29
4744 34
6261 56
7337 33
8350 75
7684 67
8153 84
6710 94
7506 31
7785 46
3574 45
5564 60
6445 48
6641 68
7828 53
3194 74
3732 21
8645 20
4965 77
7782 38
2009 89
4448 99
4234 81
8076 57
6132 61
8822 14
1379 87
2157 70
3231 64
3517 70
7452 67
5633 14
4361 98
8124 27
9300 89
7194 24
2631 24
1269 25
3453 49
3899 50
8212 24
8193 60
9386 82
4789 92
4787 30
9577 97
5041 84
4487 78
6050 52
8564 27
4455 81
8456 13
6848 42
1942 37
9323 68
7791 63
7983 30
6011 93
1892 91
3853 24
9719 17
1974 35
3617 71
4554 80
6517 53
7658 95
8133 10
7934 80
7737 26
9666 27
2373 66
6737 33
1664 42
4250 76
1787 28
6316 99
5652 18
4581 29
6546 65
5667 89
8805 94
1274 94
2701 77
9914 19
5223 44
1790 65
6605 16
7174 72
4907 69
6031 41
2255 34
1484 80
1090 94
8957 82
9643 96
7548 39
6483 20
9193 80
8562 45
7985 59
5504 39
1466 40
7093 26
7538 78
5950 61
6570 76
7720 87
1113 70
8028 91
7054 73
1203 61
9523 65
4844 10
3533 41
3631 55
7097 44
2916 28
6573 67
2042 84
6695 77
2276 77
7947 71
5895 13
9910 79
6551 71
8147 29
7856 20
4962 60
1428 15
5715 59
9576 99
5789 70
5838 94
4177 63
8343 76
7526 98
8633 38
9415 28
2680 84
4619 54
9073 63
3858 65
9183 23
6948 60
1244 38
5593 43
5360 83
5802 80
2894 40
9752 31
6267 38
8919 14
3656 61
2351 47
7394 49
2818 88
2504 13
6155 70
2692 93
2570 41
2034 33
2623 34
8750 11
8158 50
8521 53
2281 60
2309 49
3938 53
7502 70
9135 43
7114 69
2265 95
1865 34
6437 39
7546 44
4713 14
3015 33
2213 66
7654 26
4163 48
2304 12
8005 30
3127 58
2162 23
8064 34
1509 80
8026 30
7345 10
9695 15
8222 45
9009 68
3788 60
2438 36
9655 70
2318 78
5606 22
9398 98
7977 80
2075 35
6612 37
8477 67
7838 95
7558 38
7381 99
3816 12
3413 26
4130 95
2915 96
1472 97
8336 20
1465 47
5787 83
2686 97
4204 37
5114 39
4562 81
5318 85
2534 30
8449 20
2907 51
1556 40
7590 49
7976 69
7693 57
6703 86
1322 44
9166 54
3991 11
9612 39
2491 83
4015 31
1535 77
9109 79
6775 89
1601 25
9578 39
3441 94
2615 42
8032 25
3138 59
5555 61
3842 17
9827 13
5295 48
8909 43
8217 79
4050 78
4716 44
5556 98
5896 72
8283 55
1827 56
5243 85
6758 58
7164 51
7483 13
6241 48
7853 81
5706 84
2966 35
7157 75
5783 18
4594 55
2032 49
5496 72
5221 64
5458 55
5886 45
1009 82
6587 57
6108 69
2900 95
4006 69
5777 49
4765 92
4709 35
6415 75
6248 36
7865 38
8484 87
3514 13
7536 55
1124 97
7603 28
6867 38
6851 83
3302 55
3058 47
4042 67
9537 29
9624 66
5660 79
6800 78
1703 24
9937 91
6995 34
2251 90
8173 39
7916 55
6322 55
4390 40
8192 34
1445 17
9302 64
4216 93
4866 50
8702 84
7657 50
3915 82
2999 52
1635 88
4971 10
9012 54
8558 31
1547 59
2384 30
9884 39
6393 14
4714 78
7059 79
4929 75
1107 71
9353 16
9835 37
3615 41
2575 84
4887 95
8418 28
8474 38
8774 55
5889 82
4636 41
7486 28
8767 40
