483 97
8100 68
3149 37
6066 53
3962 25
9821 54
1402 97
4468 15
1062 98
6190 46
7583 85
4384 80
2766 94
8143 15
1422 46
6222 87
4673 19
2898 23
5122 10
2459 91
5950 25
5742 79
4899 49
9612 39
4950 50
6682 72
1566 38
2083 94
6397 96
3158 96
4515 95
4446 49
3264 77
5224 21
5311 25
2827 29
8243 63
3972 40
5382 81
3072 33
1132 81
2458 13
1494 86
2706 78
9537 90
9300 54
5181 37
1985 65
2715 41
8334 42
2858 13
1163 67
7614 26
6130 56
7108 67
3986 70
1651 10
7331 71
9912 50
8965 18
6489 33
1553 70
6814 51
8561 91
5386 96
9669 98
5418 93
4158 42
6195 71
9615 90
3261 70
7434 47
7871 69
8633 13
7716 82
6983 81
2054 61
7021 31
1880 83
5136 90
6641 48
9329 71
4647 55
3594 11
5525 69
6415 69
4604 27
7509 68
4601 29
5957 27
2724 39
4834 65
8029 96
9279 74
8550 83
8088 25
1070 90
9896 38
9708 44
1728 89
2414 24
6958 44
2768 100
6792 93
9377 40
4847 70
8265 16
9996 81
9266 69
4304 92
2020 36
5796 16
9817 85
5559 38
6706 66
5990 61
4389 34
4815 17
4932 48
3714 15
9362 11
1314 88
3875 96
5744 70
1483 88
2169 88
9456 87
3365 61
4399 63
7857 76
4745 63
5634 46
3114 47
1873 47
4130 92
4221 17
5971 39
1111 13
4672 93
4922 21
3902 99
6029 48
4350 55
9989 42
6734 96
2120 60
7959 16
3292 80
7525 30
4253 42
8867 74
2011 26
7089 66
4698 45
9699 63
8009 80
9934 39
1629 10
2873 67
8431 63
2934 65
4586 69
8199 28
5648 37
4023 13
5292 64
5494 22
7415 70
9245 17
8778 33
7290 94
6119 63
3378 90
9278 73
4200 12
5823 10
4844 73
3302 35
7823 27
1254 97
5855 67
7873 11
8929 67
1961 16
2040 100
4326 89
8068 91
7771 67
9041 47
9700 100
3928 53
7271 60
3355 93
2747 12
4036 93
5719 29
3183 60
8856 65
3522 42
9171 97
3075 45
7339 51
4657 31
4739 16
3199 71
2957 50
3260 61
7929 15
6719 61
9632 46
6278 100
5677 87
6566 71
5822 60
1024 83
1526 16
5829 83
6867 64
1297 97
8648 83
8920 87
8020 51
3209 54
9624 16
6354 53
9709 87
8476 57
5703 86
5133 38
9122 95
1126 97
5777 91
1037 34
5026 54
3394 54
2723 98
6611 60
6408 68
9069 53
2943 82
2634 62
1115 87
4508 27
4460 69
9879 20
5699 87
4181 67
5291 14
9705 19
2645 28
4985 58
1906 29
2744 35
1801 15
2784 52
2524 15
7179 12
1660 24
8631 67
6976 82
1550 15
1251 13
6570 38
8354 57
7470 90
2340 21
4328 65
3306 16
3684 30
6612 35
7510 45
3483 89
9149 51
7071 64
9993 93
6858 88
5495 73
9064 99
5227 12
4818 51
7383 97
6038 63
3985 42
3405 88
3256 18
3888 74
5991 42
5146 17
6277 32
7289 38
4789 86
6560 43
7598 47
7816 41
1371 46
1257 89
1159 62
8726 31
9106 25
7888 69
3725 98
5351 74
2091 83
7239 91
2201 84
6746 14
3296 92
4637 77
3873 20
3508 15
5220 97
6931 59
8462 100
8703 49
7131 58
3813 94
8637 65
1295 89
9342 70
1390 70
1702 65
7613 78
8627 87
9022 23
3130 42
5562 15
6961 53
5670 58
5111 74
1927 14
3900 66
3132 16
6105 91
9671 37
3829 95
9679 79
9689 38
9858 25
5138 49
3817 98
2814 69
8669 34
4163 87
6070 72
1244 49
5299 33
8847 26
9422 39
7705 86
5683 97
5847 62
9891 78
6388 28
4026 38
5261 80
3366 56
4619 29
3127 77
2225 49
3816 58
9826 61
7002 48
9798 74
9199 96
2301 59
9170 63
8519 14
1430 36
1759 88
2679 88
6471 83
5709 26
6043 38
3142 79
7757 44
2025 94
9628 31
3202 24
1546 88
3903 94
2479 69
9979 78
9755 71
5960 43
4404 11
2620 55
2728 43
4961 99
6088 37
5368 34
9462 100
1816 26
7920 82
7186 21
6350 16
2965 82
7319 58
9654 87
3189 52
3856 59
9003 98
9489 23
1664 91
8618 100
5376 27
4188 53
3399 58
9919 82
4299 70
3058 13
4956 64
3456 17
6990 84
2776 77
9577 64
9486 22
5577 28
2463 21
9568 81
4656 98
9574 53
3057 57
2251 14
5096 12
1264 59
9981 35
7503 14
4883 24
4924 52
7221 62
1084 78
6908 29
3990 61
3540 11
3188 78
2294 63
9790 46
3919 41
8932 51
9927 24
7984 83
5624 32
2749 27
9894 73
4579 82
9825 52
6215 63
1425 47
3830 16
7373 89
2959 89
6131 54
1771 54
9529 30
9044 50
6086 76
9018 92
9053 42
6670 41
7461 20
9906 10
6102 28
1820 29
1834 68
8735 87
7900 31
3867 28
3240 10
5264 42
4361 84
8420 45
4482 38
9766 32
9346 84
7362 87
2425 92
5605 45
7940 16
6516 68
3776 30
3059 69
8289 95
2932 51
4136 25
