2320 1466
2354 76
1835 29
1137 47
1496 10
4163 64
9823 60
8265 88
9464 90
1495 46
1909 93
6907 36
9015 51
8852 98
9300 19
9110 22
9654 91
8205 28
8254 100
1180 57
7263 10
5218 82
3513 81
5509 93
8409 77
5839 38
7395 76
6239 82
7164 73
1740 14
2563 77
7776 39
4398 61
6901 44
6267 31
7815 31
7047 100
3968 43
1330 78
1878 21
2690 12
4483 19
2979 35
4377 74
6902 24
9045 36
7485 28
4232 75
1635 39
3315 40
8720 57
5626 92
1757 81
8343 100
4815 38
8369 80
3459 99
2425 63
7994 45
2268 20
6794 61
5720 60
8099 33
6921 43
9083 84
4805 97
9237 86
5823 34
6660 35
2456 28
7336 38
2073 34
5302 41
6320 98
4418 14
4696 28
2712 40
4519 49
9558 19
2580 87
6170 65
7867 73
4879 34
3604 78
4791 51
2779 89
4118 53
8846 97
1717 63
8059 89
4929 84
9030 70
3799 50
9697 55
4255 51
8448 23
8794 100
5271 48
8421 34
4835 10
4969 35
2587 71
3798 95
7217 44
2209 64
9594 19
8771 52
2783 63
7914 54
9837 17
6473 31
1800 53
8263 63
1028 90
6144 15
7439 91
3703 50
5725 33
8386 20
8970 18
1002 22
7337 88
1358 96
5534 29
2771 29
2990 59
4684 34
2252 42
2871 14
4184 39
3271 81
5184 88
6109 45
8978 44
7175 19
2397 38
5658 47
1425 69
3917 83
1120 72
5410 46
4126 68
6479 73
8921 78
3418 76
4006 86
7442 84
8157 64
1027 28
4374 71
7027 48
5580 47
3457 55
6686 70
2132 97
2561 11
3483 74
1252 33
8049 22
7521 47
7558 67
6452 42
9955 88
6790 54
7146 62
2673 88
4203 58
6905 67
5406 96
4069 30
8618 99
5155 20
5340 68
5832 18
9891 73
2551 37
9368 62
9953 23
9468 12
7786 77
2764 26
5598 65
9748 11
1856 51
3569 40
9201 77
2713 91
2459 51
5469 44
7852 13
7279 11
5232 47
4208 41
3449 88
4192 48
7701 69
3391 62
1927 73
7323 74
7917 11
2708 21
7627 38
4032 50
2158 17
1915 86
9653 67
5370 54
4692 22
5743 65
4095 100
4643 37
8839 30
1250 59
4825 99
2341 73
5570 26
9388 48
2290 39
9579 89
8601 94
7658 36
1752 11
2697 69
9876 33
5336 12
4562 92
1294 30
4290 57
4961 85
9178 88
6943 77
9867 63
1919 45
1685 70
5177 65
5807 100
4740 55
8042 29
1178 28
6534 59
4768 94
3179 78
8984 35
6350 19
6633 28
8708 57
3340 31
9122 27
6164 82
4430 33
9714 69
3651 17
1682 61
8875 85
1985 72
7434 31
1207 59
3536 24
6186 93
4014 44
1075 99
2437 67
4607 48
9808 67
1793 30
6216 15
1364 78
8177 55
6453 29
4299 72
5078 76
1860 99
9450 30
9108 11
8140 34
9343 74
9344 37
5735 21
2278 43
7274 36
9684 95
3868 77
4109 22
9606 78
5467 37
1696 24
2330 87
7695 91
6440 40
8310 90
3753 45
9645 73
9818 68
6076 25
1970 56
9151 62
7107 100
6834 91
9898 65
5053 97
2399 97
6497 44
6572 78
9313 39
4923 64
7596 21
2202 29
2686 17
1700 59
6115 73
6800 78
4799 86
5679 16
3810 59
4306 31
5171 63
6880 14
4812 23
9599 65
4758 79
9002 90
2807 27
1504 21
4447 97
7733 66
6247 31
3283 64
5771 45
3524 97
4362 42
2541 61
8331 56
9636 58
4724 17
8519 69
8906 86
6152 29
9913 50
9548 48
6438 72
7574 73
4535 76
8291 89
6681 17
3087 97
3898 89
5897 45
8110 68
6720 88
4000 81
2466 77
5969 44
2811 73
6520 12
8179 54
6120 55
2177 35
8393 75
3852 100
2057 51
7653 69
6955 36
7257 21
6960 23
6406 21
3472 33
8515 26
5867 37
2936 80
7172 100
3224 81
4706 61
6299 23
4592 55
4937 12
1267 39
2089 84
8486 14
8816 93
5633 21
9909 89
1963 35
9402 20
6127 85
3577 86
5206 46
3461 96
4437 40
5077 100
3405 62
2389 25
6690 37
5283 24
9652 69
7425 78
7445 99
8239 24
9138 17
5972 67
6766 25
5017 27
5093 95
3191 53
6315 77
4278 29
3155 30
4688 81
4679 22
7772 10
3980 40
1897 27
7308 32
1124 79
6079 49
8137 41
1331 76
5478 64
3369 97
7470 39
7488 59
4761 47
1821 55
7011 12
5425 58
6963 72
3642 61
4540 41
7382 71
1283 50
1933 21
2131 24
8467 28
8307 82
1458 31
9629 89
3299 48
3937 63
4622 82
6972 79
6735 87
5225 12
1436 53
5013 62
4954 15
4237 65
6268 24
9451 30
4956 23
4444 70
5252 64
8259 72
8736 26
5086 75
3329 63
1780 77
7586 30
8258 86
3585 44
4755 98
7460 57
2070 100
5852 30
4771 65
9448 60
9186 89
1011 60
7462 91
9519 17
3988 85
1419 23
3142 82
7150 49
8320 38
9118 43
5929 76
8316 33
9990 57
5514 36
6652 88
6843 43
2032 48
4405 25
8956 95
5270 14
3174 83
7999 34
5531 76
8949 12
3909 86
4114 79
8741 89
7912 59
7369 42
8300 86
2078 46
8338 48
5315 44
1100 26
8565 39
9713 67
7346 84
4247 99
9535 61
7726 73
5515 54
2896 38
9407 28
7619 89
7459 34
6678 97
8739 76
6225 97
3763 27
3860 64
4966 84
2337 49
7440 43
9153 14
2419 79
1173 48
3625 100
2492 24
6400 85
6664 71
4864 63
4857 62
4513 62
2049 77
8466 31
9907 28
6831 79
5135 21
5997 80
6655 16
9504 52
8103 16
1534 14
5585 18
1959 45
7411 16
9295 70
5043 78
3869 67
9389 62
9895 74
7072 40
6927 30
9251 64
2472 41
2546 43
4465 39
8835 66
2155 95
6995 77
3462 50
4231 69
7195 22
1400 76
9844 62
9751 42
4434 94
9624 53
6379 45
5594 19
4484 63
2861 49
5979 76
1366 75
1237 39
8404 68
2430 18
3456 65
6208 83
8686 69
4060 59
9737 29
3722 38
6808 20
3933 65
7446 52
5415 71
3552 98
6797 87
2691 11
6444 94
1001 38
1572 11
1994 37
5960 73
2944 40
4721 76
7531 79
1953 29
6754 18
9592 70
3938 73
2543 58
9047 80
3997 86
3478 88
2794 74
9736 21
3535 93
7423 14
4568 73
2291 26
1464 27
2105 60
4609 51
4342 65
2180 94
5389 68
8551 26
6859 98
8246 80
8112 89
9861 30
2392 18
5211 28
7074 48
1485 65
1607 74
1880 14
5482 77
5833 82
1282 48
7612 96
8396 24
6877 11
2980 42
8848 40
9710 85
2805 12
8202 51
7602 19
9991 34
5004 11
1409 76
9013 94
5103 49
8929 95
9770 94
4734 88
1978 17
1895 59
6352 56
5909 34
9956 64
4186 86
7592 36
1296 44
8710 58
8717 31
3648 79
7505 18
9417 63
9434 51
2298 91
8151 40
7787 100
3082 98
2870 36
8114 29
3710 86
8392 88
8590 36
7941 45
9647 49
3950 10
3083 43
9147 55
2053 67
8009 41
5398 27
1542 55
6252 64
5744 22
8603 92
2126 83
3656 24
8420 56
9513 90
2767 47
1823 24
2555 60
7512 54
7771 47
2696 81
2211 17
5762 76
3139 74
2114 80
8111 36
6728 25
3612 19
3658 38
4199 84
3764 50
6679 67
4166 92
3277 51
8545 22
5124 74
9001 56
2028 55
8759 18
1935 66
5391 14
6260 94
2387 50
1738 81
3602 84
1096 75
4556 46
7821 76
2719 89
4892 85
3094 19
1586 44
4912 32
1080 90
1954 13
9561 72
4240 11
8172 34
5019 12
2379 93
8856 31
3241 80
4713 49
6270 60
8216 11
5621 48
4224 24
4979 56
3899 29
7714 25
2365 93
5348 57
7240 17
6124 32
8286 46
5384 53
5996 70
6300 39
5157 14
1739 12
3267 22
9712 11
3013 40
4986 91
3597 77
6211 61
4652 74
3754 30
5533 67
5652 52
8866 53
5055 86
8077 76
9685 65
5311 32
7846 33
4737 43
2806 14
6714 39
6131 62
9658 38
3859 52
9288 50
3981 68
5132 16
1527 24
4246 36
4266 68
4699 26
8197 31
9860 38
6064 81
2754 12
9133 45
5449 54
8414 83
8152 77
8718 72
7576 51
1626 36
7581 51
7412 48
4537 78
3526 93
2127 15
3512 40
5327 63
3025 57
3209 42
2154 85
6557 33
3475 76
7112 84
7628 15
2637 48
1530 74
6148 28
2226 44
5521 54
2556 94
3111 47
6589 30
2091 14
8555 49
8526 58
3497 78
3618 70
9453 79
8758 89
3335 59
1765 56
7683 28
8905 52
6446 52
6757 53
5215 73
8520 59
7326 75
3759 18
5991 67
2001 13
5896 83
5759 44
2243 16
2349 47
8321 19
2197 46
5642 91
2675 13
3977 35
1116 68
7560 33
4167 52
9208 56
4380 64
8672 77
2962 88
1337 48
8093 16
1788 36
6841 53
9932 22
5647 45
6896 81
6213 25
5109 99
8925 91
1731 14
3559 75
4786 18
4965 90
9119 11
4516 12
2363 90
2862 71
3398 33
8773 37
4352 24
2951 92
2172 43
9220 40
8910 15
8899 55
4282 51
2367 74
1561 66
8055 17
9930 52
8699 22
6287 31
6511 46
1843 57
2992 53
6253 74
8812 84
2660 85
1907 43
1737 57
1203 15
1662 12
3919 54
4830 37
4853 91
5566 29
7235 70
7689 43
7723 42
7992 61
3873 77
8871 77
8365 41
8538 16
2591 41
2855 71
8772 83
1629 31
3377 88
1678 62
1238 31
3152 80
2325 77
6373 59
4863 77
7720 45
6173 22
4388 34
4753 39
9842 22
6674 20
1514 42
2679 49
8089 54
1912 81
1131 86
2159 30
8128 97
1941 14
3138 80
3441 92
5587 39
7022 20
8012 38
7748 74
8775 79
5307 19
7956 43
5154 17
4253 35
9981 54
1320 89
4007 21
2186 50
4025 92
4924 39
3046 54
4332 20
1232 17
7666 58
7891 38
2151 88
4934 88
6059 42
6941 29
4725 22
2323 54
4526 67
7858 19
6762 62
7511 52
7498 59
8765 25
4967 89
6915 76
6351 95
7345 55
7156 67
9583 54
1142 24
5687 85
4477 85
5326 99
6861 100
6455 78
9729 85
8892 82
1943 72
4357 68
7151 25
8784 66
9376 77
6428 74
3154 71
1183 78
5775 24
2682 10
9492 62
9979 63
1150 21
6787 44
4780 31
9445 56
5104 72
4181 74
7426 45
2519 90
2457 18
6931 38
4842 29
6274 99
6097 88
6904 44
3192 74
5551 16
9635 71
6548 10
2582 83
4401 66
2042 27
7296 67
2982 31
1691 22
1413 49
4275 87
3935 58
9581 47
4670 14
4279 69
1839 65
5784 42
9170 86
9734 97
8211 69
9161 62
3784 32
8786 79
9821 73
1668 50
5625 71
1087 24
3821 52
4339 96
6474 50
9025 31
6191 83
5395 10
6206 86
2326 55
9550 73
8493 36
8405 83
4650 99
9006 75
5510 48
5920 78
9950 78
5015 47
1125 23
9139 43
1155 27
2269 36
1389 63
6956 76
1416 57
4372 82
9824 52
7860 50
9809 83
1354 41
7292 58
3907 62
4741 91
8778 67
8745 62
3144 78
9732 31
3668 37
4471 35
3238 49
1051 72
6777 75
1254 59
4044 44
3849 86
2699 92
2613 32
1510 17
3622 60
3432 87
8482 89
3302 11
2537 28
1455 78
4910 86
7885 79
8143 20
9230 96
3729 33
5563 49
9787 55
3943 78
2630 29
5748 58
1828 13
3214 62
9342 95
1616 70
5146 72
4249 69
1663 68
3067 48
2542 59
3832 45
7971 61
4301 23
2832 67
4497 24
3631 72
2263 29
8986 84
6618 68
3598 93
5378 87
2574 94
2565 57
2069 44
3667 85
8367 66
3392 49
2730 18
7163 69
9694 42
6153 91
1418 82
2328 70
5505 81
1004 35
1569 72
1580 42
3123 44
9181 100
6638 10
7836 71
1628 42
1072 93
5468 19
6279 21
2924 66
3132 33
6166 52
4090 47
3570 99
4455 22
8612 52
5160 28
4252 34
6230 24
4756 67
6399 28
6265 79
3204 10
6119 96
2797 79
4267 80
1244 22
6769 55
9631 25
7497 40
4179 32
6682 88
8329 74
1219 42
8883 17
7199 67
7709 67
4935 70
8550 99
6696 50
4117 80
9914 72
9848 14
3803 93
2851 98
8132 44
8867 44
1675 35
9303 54
9370 78
1763 31
7265 69
2288 28
5878 18
7118 44
5512 24
6595 84
7456 34
6564 58
4549 57
9733 52
2808 62
9532 10
7893 100
6056 33
2446 86
8558 51
8352 93
9508 89
6624 24
4757 86
3727 57
2280 88
7153 36
9774 100
9252 53
6094 82
2094 93
5596 37
6884 76
9054 63
5803 11
8087 13
5256 100
3485 50
3384 36
6026 12
3279 96
7929 69
7680 81
9067 20
9022 91
1163 67
2762 43
5487 38
6020 24
5634 22
6192 23
1900 61
5792 20
2775 24
3744 83
9998 12
1363 24
5197 62
5516 17
1977 53
5891 81
2257 23
8946 85
6565 89
6327 86
8086 89
5870 88
1287 65
6415 86
8439 18
5251 66
4887 97
7489 54
1483 54
7089 78
5079 85
5932 48
9971 49
3823 31
1771 44
8194 88
4426 91
2628 50
1773 94
3211 82
5198 49
6278 82
4250 19
4271 78
8485 80
4834 40
6502 73
2511 89
3952 90
6461 16
3181 77
7269 99
8182 19
5999 84
6670 75
5797 60
4507 92
6016 41
7773 30
8245 60
7740 83
9066 62
3356 80
5286 96
2745 88
6676 31
1801 35
1475 11
8890 19
7334 32
7246 82
9517 59
3641 35
3594 90
9873 47
9731 36
8031 15
3266 97
4682 73
7940 55
7189 35
3359 22
6974 25
4164 84
8116 80
7448 33
4601 64
7241 55
7915 76
6978 35
1308 33
7806 58
2759 42
3715 63
4662 82
6662 13
8196 96
1769 24
5059 49
7927 19
3621 53
8576 96
1319 56
1734 89
5037 27
4378 50
1533 96
8547 39
7458 16
3603 89
1032 77
9669 75
2152 49
5432 63
8635 89
6441 35
1518 18
5537 88
8451 28
5250 40
5009 94
3004 26
4411 46
2872 24
6549 99
2023 93
1133 66
2844 47
3316 14
8975 80
9755 61
3790 76
5000 13
2215 66
8807 51
6988 38
4506 66
9168 26
6865 22
2193 41
1750 29
5239 56
7679 36
8061 64
3134 26
2324 98
7919 48
7248 49
1639 62
2881 25
4063 34
1944 70
3009 32
4770 82
7388 33
6275 36
5549 48
6977 32
5308 48
6582 11
8436 48
2977 34
4315 14
9265 44
6928 81
2635 32
9690 40
9603 53
8696 19
2969 31
1500 72
4527 22
4206 40
4649 62
4241 85
4454 71
5770 42
3307 95
6240 98
1012 89
2436 65
5480 10
9782 76
8232 85
8752 17
7967 86
5851 39
2945 37
5700 46
5068 82
8410 39
5038 37
4604 82
2834 91
6370 76
8134 51
8525 95
9304 89
1499 42
5319 71
3669 87
5181 31
2845 29
7237 11
6285 64
6075 52
7809 97
3157 91
3806 71
7059 13
8713 21
6829 28
7986 81
7926 20
9676 79
9100 63
3649 37
9152 35
5203 66
4196 84
3048 11
7373 78
1829 36
1057 15
1172 83
7329 33
1277 44
3537 50
6727 61
4636 52
8504 63
6895 23
5728 37
5424 76
9587 73
9752 45
6034 98
7313 29
6294 44
6653 86
1884 95
6510 10
6964 97
3086 30
2096 31
9213 29
2899 25
8506 81
7322 66
3840 91
5023 95
2937 64
6981 25
1904 75
9604 75
3223 80
6731 43
3320 47
4693 87
2535 58
6217 88
4678 49
1127 14
4546 17
5558 67
3231 11
2963 56
3906 89
9628 79
4613 45
1197 25
4024 69
7922 51
2822 39
8793 32
6384 24
8632 39
8280 43
2598 29
8879 35
7226 87
2572 93
5815 56
8193 45
9894 99
1386 76
5120 67
1794 94
7081 65
1650 44
4003 85
3312 24
3103 100
8416 20
3261 20
9698 60
4124 12
5709 33
6631 58
4067 53
7020 23
2037 89
7000 81
9087 91
2573 26
5693 12
5273 61
7708 70
6888 61
9923 72
8943 59
4536 29
7286 75
4408 37
2983 60
7647 82
2112 56
1853 35
5586 83
4022 25
8287 48
9814 89
2022 88
7972 11
1473 27
4324 87
3503 99
5750 75
7654 84
6699 67
6456 28
2502 100
8362 41
1397 92
5931 78
1481 70
6840 76
2377 34
7936 94
9182 45
1121 72
1987 72
1031 95
8039 67
8006 53
4303 19
3908 18
3866 82
8399 91
7114 92
3850 80
3250 35
2769 30
9120 40
3843 12
6798 60
5106 56
6950 80
4474 34
8130 11
5089 48
6121 51
2068 99
8640 23
4823 14
7134 78
6019 31
4211 34
9320 96
9957 41
5399 97
9795 10
5716 19
2483 90
9939 15
4744 15
4651 35
7184 73
4293 54
3460 37
9058 72
7832 22
4752 76
1274 47
5663 77
3982 87
1593 88
2674 30
8252 40
8513 90
1729 72
8014 64
9919 98
2571 97
7761 23
3830 93
3416 66
2264 76
6717 46
4287 67
9099 96
7939 28
2383 29
5416 30
2758 90
5090 28
4410 62
3697 64
4811 21
8527 11
7480 91
7076 44
7934 16
7639 96
2329 34
5844 66
5358 72
6313 50
1888 96
5924 94
3915 57
3879 76
8095 49
1154 69
8962 68
1702 99
5351 41
9757 61
5036 54
3771 93
2302 82
8990 24
4029 39
4970 55
9410 55
6513 72
8456 40
7715 11
5938 40
7799 83
1975 17
2906 88
6450 52
6825 50
6854 36
2639 32
8622 81
6839 29
9126 42
3872 64
3108 66
9107 91
9567 56
8394 98
8441 54
5364 32
7539 19
6025 29
5281 18
6009 72
3150 59
2227 90
5026 64
2137 29
2997 42
5258 37
7053 29
4300 58
1118 50
4081 16
2894 56
7960 72
6603 32
2047 14
2710 37
4356 46
9944 24
7185 68
2309 73
4548 67
3051 55
5253 70
4817 65
3673 75
7931 90
4765 20
7101 43
4792 53
5824 94
7692 47
5806 63
7374 32
4928 30
7394 88
9275 14
2524 14
3147 44
4394 71
7231 79
5329 64
4641 25
9467 91
7006 81
5875 20
7557 32
1209 20
1891 17
9965 98
5439 74
6468 34
6183 41
5397 67
9987 66
5698 38
8505 48
5544 42
9747 21
2164 56
2680 63
1647 26
3276 97
3482 24
7819 11
6108 62
3691 58
5368 12
2941 57
6763 29
3871 80
2370 69
1538 49
4383 42
7421 17
7970 79
7943 76
9075 19
8714 25
8912 57
5158 80
2932 21
9374 40
1161 38
4674 33
7834 51
9222 25
7312 17
2413 70
1576 45
8631 57
5908 99
5547 70
7678 26
9211 40
8337 98
5915 76
7892 82
5883 77
7997 58
7830 40
7968 24
7580 13
2864 71
5244 34
2515 11
8281 48
5131 86
9010 23
8546 93
4904 60
8811 32
4720 39
9077 43
8652 33
7158 40
4638 88
9660 81
8913 21
6509 76
6571 28
1403 43
7250 67
2642 20
3301 23
2347 90
3646 69
4916 80
7551 73
4608 19
9663 29
7617 42
3675 63
3652 38
8023 24
9887 62
1808 46
2496 48
4499 24
9620 19
7490 82
8088 30
5779 91
1818 70
9484 79
7932 32
5520 46
1210 32
7759 90
9843 51
1565 20
2414 10
4070 95
3334 58
8145 97
9470 68
6132 77
8378 61
6487 20
2056 35
8297 51
9331 19
7092 75
9947 30
1459 61
3514 83
6084 16
8930 39
3294 98
6180 80
1540 49
3182 63
3124 10
4358 23
6866 66
7457 31
7851 96
6348 19
5259 74
7481 46
1196 44
1893 22
1918 88
7850 30
9385 69
6464 14
8067 67
9225 58
8530 22
4427 66
8625 53
8034 84
4143 67
1537 10
6626 73
1273 88
8593 23
2358 94
4043 93
5205 100
8888 50
6411 67
7298 34
1202 59
8432 11
2709 40
2528 84
8471 61
6282 38
7808 100
3044 27
6559 55
5296 94
5365 23
5954 51
2934 43
8810 88
6338 26
3897 60
2423 91
1789 54
4955 75
6210 73
2905 36
6903 12
4049 19
6386 33
9915 49
3837 52
7465 78
5561 17
9563 80
2113 84
4933 46
9763 29
4784 49
4723 39
8761 88
7121 39
6889 58
9544 80
8181 93
4576 35
9038 69
9772 99
2667 23
2393 42
1597 88
8360 53
9068 88
7844 96
3222 16
7665 42
3468 28
3575 41
8241 15
7010 52
6875 75
3590 56
4509 49
7316 68
4703 21
6753 86
2890 74
4574 70
6517 97
1830 22
1056 88
2190 33
2111 87
6007 38
7575 47
4571 91
4146 81
8487 17
7201 16
3904 33
7254 68
7484 90
7605 35
6354 59
9183 73
2818 98
7751 75
4767 93
5444 16
8353 96
4803 45
2469 52
6729 12
7524 45
8830 54
6333 62
8305 96
7887 97
2221 63
3034 66
9949 31
7508 80
2317 13
5780 90
4547 66
3747 46
3322 34
1654 57
3275 79
6178 24
1805 92
1552 14
7282 29
9124 75
1615 87
9839 35
4153 80
5952 51
9911 51
1851 60
3429 43
2077 64
5062 12
3101 73
7519 36
5320 70
1042 89
1174 95
9212 63
5918 38
9292 61
6328 74
2400 91
9319 43
1512 35
7777 30
1284 48
7889 73
3314 97
6556 88
8627 36
1084 56
2516 68
9722 46
5021 52
4297 69
3100 48
2612 11
9318 83
7685 85
4940 62
5502 47
1557 56
6067 37
3298 74
7200 77
6658 37
3588 48
1545 97
2584 26
1015 66
2590 98
1911 45
5876 46
3521 54
5711 96
8200 78
9773 40
2865 86
4413 24
2405 13
4489 64
2931 81
7686 86
1648 25
8434 25
7406 42
4621 97
1564 82
4899 27
8315 58
4566 21
3187 31
4875 46
5754 32
2799 92
8183 37
4064 54
7086 33
2596 58
3177 64
4194 27
5235 13
5745 90
7798 10
9278 70
9995 49
1434 47
5334 24
5671 47
8225 99
7607 46
2253 58
9530 61
3939 65
1228 80
2998 64
9613 85
5501 78
3288 72
9584 12
4335 31
9552 61
8845 62
8203 77
4115 35
1262 13
1584 94
4529 44
4901 72
1520 71
1840 38
3455 71
1261 27
1420 28
1679 33
5765 70
1339 51
7277 70
5039 95
9105 67
4816 96
6182 51
7523 84
3232 51
5321 29
7362 49
6326 11
4900 51
2985 36
8608 30
7840 57
9779 80
1235 50
6437 27
5189 87
7360 37
3451 77
8749 16
5655 33
2817 27
3931 60
8366 79
2380 23
8969 27
9372 75
3887 50
5975 41
7756 42
3632 98
1439 60
5676 42
8076 17
4165 23
1107 10
1770 50
9742 45
1595 96
2657 64
4150 99
3029 53
4710 89
7116 46
5347 94
2026 100
5097 24
2038 79
3148 83
7737 31
8702 31
5890 81
6697 36
5278 37
8324 75
2532 15
3549 14
8340 62
9793 91
5276 61
4351 42
5455 43
8996 14
3366 71
1199 84
3431 44
5611 13
2577 61
4348 57
6969 45
2444 40
2947 86
6149 92
9338 60
5195 11
6114 83
2192 13
8419 68
5300 55
3842 36
1304 52
2522 77
1591 72
4245 13
9551 66
3184 90
2030 38
7705 65
9785 69
8995 55
7948 33
9233 88
6792 88
8725 31
4130 47
2651 52
3256 99
9784 92
8660 46
9813 64
7031 93
1411 81
2718 19
6953 92
5864 60
7642 27
3576 92
9411 44
8895 57
9673 87
4295 82
1484 80
6760 38
2649 23
8390 39
2060 40
7946 66
5156 93
4050 56
7049 82
2756 92
6143 80
2260 61
6838 15
6505 79
4508 23
2275 79
5178 28
5114 35
5536 53
7023 72
6215 18
5129 30
5182 40
4106 15
1707 33
6171 46
5607 88
3985 35
1525 46
1482 65
6193 27
2285 59
6539 82
3326 89
9404 34
6601 66
5381 74
4198 62
6390 60
2655 89
2090 63
3867 28
2558 72
8229 80
3889 48
8332 93
3364 19
4620 54
7258 17
1855 28
7996 84
1836 42
7985 29
1309 62
3992 25
2647 45
8326 74
7454 57
7988 99
3290 85
7879 14
8676 88
6606 53
9048 38
1033 83
9070 20
4847 40
2809 75
2319 16
6177 20
1861 69
4373 19
6828 78
9505 74
5257 77
1406 41
8573 18
5945 16
1741 17
2821 76
6160 99
4579 22
3817 56
1378 12
8764 89
7210 36
8350 36
7079 28
8705 20
8156 27
8633 29
1784 29
3440 36
9427 61
3120 78
3768 80
9908 50
1503 14
6130 74
7552 79
1102 29
1018 46
5127 81
1567 93
9899 14
5466 36
9805 72
4533 66
6102 85
7935 100
