141 49
1449 38
1104 55
7444 62
3145 81
9955 57
1318 18
5285 53
3305 55
7774 85
3867 25
9664 62
9412 63
1393 66
5101 73
3052 63
3003 17
9146 97
3665 26
8339 72
6456 44
5060 31
4508 37
2326 85
9622 48
2302 20
8000 74
4646 22
9562 54
4364 69
1227 66
1731 33
8447 55
8160 49
2287 18
2196 69
1162 76
4224 88
9728 89
8644 72
4374 58
2227 35
4289 81
7037 89
9577 93
4598 15
9267 96
1521 14
2692 43
9759 43
4435 28
1885 39
1702 36
1791 24
8408 61
2632 45
5109 93
1267 83
1734 94
3073 44
3031 44
9893 36
7752 85
3342 35
2057 72
1187 40
8822 10
9914 21
3172 55
7980 35
8823 61
9194 69
8357 54
9284 27
9489 40
9392 71
2318 43
7200 12
5954 39
4097 34
1203 19
9506 30
8774 71
7214 96
3636 67
6544 80
9473 11
6075 73
8067 45
3039 90
9535 24
2678 43
3839 64
5518 34
2891 64
8758 50
3841 56
8272 10
7082 46
3509 22
6936 70
7670 24
2263 72
6537 74
1876 15
1483 35
2007 70
3652 78
3040 54
4846 16
4530 21
1361 86
2760 70
8821 19
9798 96
6969 78
8735 39
9288 45
7049 28
6522 66
3732 36
9261 34
1725 62
3036 23
1201 91
4345 97
2595 89
1513 85
9434 50
6018 33
1456 15
6648 72
8975 99
3380 68
8954 53
8259 90
6497 43
1378 11
2565 57
1009 60
2879 83
3115 43
