44
1345
66
1201 7060 2164 352 2633 3483 1530 8324 8350 9449 6434 7080 7822 7987 4721 6445 2683 1985 5678 6069 3017 4780 5633 1229 9653 2648 8084 571 5960 8431 1289 649 9670 8593 6627 2623 5084 3681 3237 4886 2974 5648 2822 4240 6227 9717 9408 9922 1837 87 9337 9522 9281 7114 8227 5033 4958 7216 7476 7436 4308 3632 9758 2773 2772 2700 9797 8930 5592 5257 4632 8238 7968 3876 7838 1158 7687 5997 6685 4170 3727 501 7811 857 2960 2320 1139 5235 65 5909 5553 2657 9058 3168 3646 6161 482 3315 6198 4615 2710 1067 9777 7346 3824 40 9033 6968 9183 2848 4654 5221 8292 1513 599 6240 6170 2010 8986 4562 2050 3910 8399 5912 5185 9794 7039 2898 850 3916 7433 434
1475
29
4492 9718 8806 7493 8550 7719 7704 3348 5633 6037 599 6928 7428 8544 1391 2184 4581 5123 5680 5057 9169 9306 3001 5712 9668 5679 8376 7246 2752 2851 2429 2619 4522 8978 1900 3303 3206 5261 3100 9258 6223 9817 5172 5794 7350 6926 185 5546 7640 862 907 3678 9799 1381 8785 2229 3533 1968
7127
67
3882 3845 4836 3487 3653 8163 6064 8017 915 9178 6581 4947 8048 2574 7301 5310 9542 245 99 9213 7224 9059 1534 8755 3661 124 3681 4814 8881 6983 721 6098 2731 519 174 7178 9604 1104 3795 1325 7456 9775 2226 4572 6518 3422 7282 2529 5640 9979 5303 8756 5383 6976 7928 1455 9318 5 6116 8259 6819 909 5212 8765 4365 5805 7763 6299 9854 3473 5542 3085 5651 9048 2667 1014 9881 3182 9858 4738 6951 859 4490 7737 6625 8055 5654 1065 213 3080 8843 3426 9729 1615 739 4226 7267 3778 4303 3763 6744 3571 5617 868 9129 585 2086 8980 3269 5892 7172 2547 9005 4635 9132 5022 3725 9338 1147 3819 5465 8057 1928 4265 1637 5907 1110 8079 9003 3871 9008 4364 8327 3923
7431
96
1910 5467 5290 2046 4090 8832 8957 9584 6823 677 9389 4245 4422 4933 8726 3621 2940 8659 7349 6091 9089 4428 9312 7544 2019 3902 1367 2811 8711 944 4901 9151 6328 675 7223 1533 83 5317 2799 5903 4462 2954 8885 5178 4132 9910 1765 6622 1738 8623 909 7066 617 8306 1935 49 4872 6133 5576 634 4109 1407 1163 3928 5044 2651 9251 4910 568 5799 3617 1232 1731 5175 335 8808 4717 3741 2683 4113 402 8090 6105 1722 7187 1082 2219 8857 1109 7031 3287 2720 7854 3384 2624 5873 4914 9544 3259 3293 792 8214 26 514 7342 7658 5657 3206 5249 3564 9002 336 4267 1940 3034 9809 5177 1326 7418 4373 3088 1132 1500 6587 7831 5485 207 3816 5317 9318 9211 7751 5539 6211 8996 5754 5370 4909 6660 8826 3213 2185 8000 5235 6448 9277 9285 8735 3757 2310 4971 4726 4505 7292 755 2474 8095 1722 5927 5675 6832 6407 9037 1379 2979 2482 6934 8298 1711 6111 7751 8582 5537 9066 3948 8331 5866 8154 8112 443 3687 2936 1032 2724 6605 9851 7492 3294 7892 5986 1268 5689
9116
94
7086 8205 2071 7361 6649 1469 2650 5848 382 5270 2668 4754 3190 8653 6974 3074 9136 7245 7525 3572 8522 2811 5959 4306 9205 6237 5726 2250 1865 309 7227 9571 4695 2242 8333 9876 1477 7767 730 3476 3456 7583 5591 3006 5597 6740 5066 3891 6613 1505 9782 4684 4334 7200 9726 72 5753 8635 6410 1242 6049 1898 9589 9191 2591 9865 7074 4722 714 8445 7613 9703 4135 9027 9279 9848 5450 958 63 7442 9823 2934 9910 9141 8521 9909 4893 4438 7797 4489 76 9599 5286 9972 7704 1158 287 6744 7357 2751 2366 58 3348 174 2165 477 8142 3439 5912 8866 2780 285 5612 7585 4820 700 1588 5018 7174 1412 8053 2741 4087 9430 1049 8475 7705 152 487 655 5719 2652 4010 2898 1713 9618 5838 3040 19 7670 3996 9107 7089 9133 5367 3571 2338 74 3968 5842 2761 3002 5353 4809 2694 5910 7349 9770 9312 8515 3843 9644 1516 4074 3682 5646 229 5768 9862 3445 5822 4103 1463 9294 8371 1982 6062 7272 4135 503 2610 7876 1805 2895 9872 133 9941 2822
9238
82
3157 5724 3566 7968 779 9558 55 2668 480 7998 5689 9518 8146 7069 5860 8406 281 3747 8819 5834 1952 3828 6251 4376 1156 868 5269 1633 7274 80 7769 4492 3465 1037 6983 4244 2810 6783 1154 3740 6661 4495 5409 4189 2318 8262 3438 211 2751 6558 1682 211 7536 1267 6432 6235 7488 1114 3843 4000 9190 4907 6510 2412 2561 8063 222 4103 742 503 1682 183 791 5941 1621 2872 8828 9224 6989 4776 5448 1205 2104 6702 639 6843 4068 9935 193 4354 6461 8356 2338 6874 7557 2221 6379 3097 2864 1788 1927 5574 7055 6920 5049 3023 9139 9677 1619 9862 2204 6938 3137 4950 9170 1352 2847 4159 585 2629 5508 933 6760 3924 3417 501 5079 8378 1686 9455 144 7516 9921 9120 3033 9687 6247 1248 5323 566 3004 9476 4030 27 3602 245 441 1162 7338 4819 3973 1828 1853 8679 832 4531 3688 9597 366 6709 6051 5980 8754 9553
2515
65
5477 9368 9324 3357 1421 1523 433 3583 9790 4046 9353 2971 2587 8962 4786 265 2218 5838 3001 4715 6849 3325 2572 7926 3842 4373 5791 6774 7927 4995 1036 22 235 6543 7323 7824 6317 6424 1520 1022 5094 6458 9670 8964 1534 7845 7934 1773 3819 5410 2315 9315 7748 3570 9630 6471 7814 2420 7975 7972 5255 8885 3585 3022 6873 3055 1645 2698 7158 5396 9801 4874 5161 7150 7255 6484 2207 1888 2438 9290 4824 3157 3645 9169 5150 637 6804 4868 4198 7241 3117 5401 680 9056 4196 9017 1845 9746 4659 1708 4332 1059 2177 4435 8709 4945 222 3802 1691 2964 9518 2507 3143 4629 832 8270 546 3886 3792 2968 1269 4347 4362 3977 1227 2792 9741 3594 1332 643
5252
31
5664 6783 8014 4928 2289 6038 1082 5975 9324 9109 8484 1818 1795 1429 1394 8284 5531 5205 7270 2501 7911 6090 9371 1006 4530 347 8904 2519 1312 9615 9586 3315 6123 4132 6489 6928 9699 7631 3815 1358 1515 803 5732 9107 7377 4580 4135 3745 1784 4413 498 3201 9192 7675 4521 9628 1680 4013 190 7969 5707 776
2440
38
9260 5203 3831 5770 5179 4432 4994 4028 8236 2002 2752 9158 3895 8943 5098 5103 9548 4224 7673 5041 9243 2124 9377 2930 6745 1837 4406 5005 7719 872 1478 7030 8472 7444 7557 9138 3768 7369 2674 7966 7494 1987 578 8655 8966 8188 2446 6584 9847 4288 7345 5739 2311 5493 8116 8587 101 2072 6887 8054 405 1722 1207 4419 3517 2946 6242 3507 714 4953 5933 373 5585 6462 8452 2711
2227
90
3207 2633 5261 8372 6430 8630 1812 7455 1444 7944 1185 3748 7799 9297 8369 2941 3746 8668 1139 6651 176 7419 9601 9346 1253 5359 623 6452 4225 4407 3751 4810 335 1280 3117 7487 1944 1140 5905 8568 3749 4862 6548 9176 7441 9257 1367 6507 6942 7360 4740 4384 9446 362 4812 854 4903 5715 8452 621 4233 2421 8222 4205 6336 5261 4880 5874 7558 1391 2328 8113 6562 9068 3482 6869 1150 8630 3886 1263 1720 9069 6932 1263 902 5951 8366 6720 7662 6969 2124 5783 3298 2944 4586 382 1465 5200 8539 1807 5255 4837 9517 9110 1740 6586 9632 2348 1581 2192 1899 2155 5620 1785 9400 702 3769 9538 4816 6305 4881 2006 1093 3230 13 2950 859 697 9907 5317 5714 676 791 5321 8599 3893 2581 7386 5348 2450 3938 2628 1095 9626 8730 5908 5951 6365 5884 1025 4887 4531 7692 2852 5046 3494 6797 9183 4879 1048 6679 88 8010 1736 9607 2568 4430 6823 4278 2360 6910 3703 627 2189 4485 4531 1417 4756 1580 4999
5505
29
8387 571 8952 1128 3152 681 5317 5994 4519 6170 7821 2848 1153 1266 5739 7557 602 1106 460 3620 2392 9682 7990 4965 8456 9536 111 4593 8080 4641 8734 1433 6526 9138 7490 1012 2568 3939 6117 733 8186 266 8971 6967 3703 244 8362 7495 2449 7452 3891 4599 8140 5559 4733 7894 9795 2418
5434
41
1562 8423 695 2249 6320 8109 8154 5044 372 2893 800 174 8762 8633 9831 984 3513 4823 8388 8878 9784 4532 4683 8531 9813 1533 5829 5689 5221 1172 4681 4334 9203 7629 8803 8312 432 100 6171 4509 8952 7534 6514 3873 6178 9643 582 2090 5223 2447 9372 2459 233 4439 8814 9117 632 8046 9390 2715 4416 2175 2042 682 9747 2853 2560 5228 5433 9019 8761 9744 4186 7920 1886 1174 7527 1161 8782 3105 7853 7596
24
28
864 7426 7470 6115 1274 1431 4027 6653 7011 2487 1465 1548 5014 1647 566 2625 7148 7349 7730 1667 5476 8269 989 8330 4055 6083 4695 6078 3511 9423 7073 9100 5768 8724 7296 5675 3859 5523 5725 8296 7491 771 7394 1991 1543 180 375 5735 9087 3288 1487 9295 6805 4691 4522 259
7716
16
773 1343 7947 2291 5640 6275 4710 8429 4834 7063 1603 8138 4569 6553 1291 2549 9553 1467 961 643 8028 7907 2389 2077 6181 3071 7896 9423 7493 6654 5987 3067
8010
53
2270 7144 3593 9935 9347 2987 4093 6292 2644 7782 8253 4855 4303 5761 3173 8268 6460 9157 2552 3070 2819 5351 2781 8070 5186 7785 7746 2082 4914 6408 4907 1558 1728 8066 741 7738 338 8645 887 7590 3653 1663 9841 9728 3367 2982 5414 3986 1687 9481 892 2424 1777 6565 5880 4312 3959 4696 5278 2956 1616 4099 7331 5767 3135 5328 5486 3361 5376 8633 7544 7405 2036 7359 4940 323 5105 2719 1997 1448 8156 2173 3707 2362 9781 2271 6438 541 9441 3478 1664 9336 2183 6102 6291 4760 8267 4517 1735 393 1419 2111 7503 8758 1603 7469
3903
70
8041 7795 5488 5035 4432 3489 4237 5010 4342 4237 9475 3885 5770 8195 7869 9069 2983 7473 820 5738 9640 6914 942 5254 6732 3316 4043 5985 1982 6527 3569 9593 8740 5871 8169 5434 4932 6329 9308 1560 1835 4599 2351 7041 2668 584 4702 5528 468 4626 5638 6446 2550 2530 5481 4955 2416 8324 9275 969 3831 6786 5463 7190 7209 8463 3460 6072 6939 3016 1773 6897 6675 469 9599 9956 1860 4835 4073 640 2088 6520 648 3290 3106 2389 9086 8738 8227 7784 611 3536 176 9611 2012 9631 1320 833 9612 6897 3302 7182 586 6167 5151 32 8303 9549 4415 2344 5073 9433 2547 2991 4347 9528 7074 6360 1562 7785 5883 9299 4964 8098 704 8528 5524 1786 3379 6970 4647 1913 7309 4159 1479 9479 5053 5520 8977 8254
7456
47
1928 5306 6205 8096 7545 8490 7616 9271 2187 6530 6304 2691 2299 9328 7789 2765 7718 5610 3049 894 6061 7415 1182 8626 4076 1479 739 6088 3319 9564 3098 2810 3577 2865 9272 7060 1241 1281 1488 5730 7394 3876 268 9144 3194 3380 2743 5584 1876 3152 8085 4502 6301 4852 7096 3119 2309 4966 6510 8470 6515 8350 7245 7689 5331 4502 9995 6762 4522 5532 930 2296 6236 4526 453 2782 8154 8968 3975 4545 6730 7475 8984 6659 4251 5125 5080 5282 3492 1376 460 8047 8283 8985
5190
74
9193 6687 5004 1122 3427 9442 9097 3991 4912 1807 5859 7075 3688 1133 2689 4051 9731 8892 4799 1704 8425 878 5926 1655 601 3196 7457 495 2977 3104 5577 9636 8679 1839 1610 6955 3099 7920 85 5832 6765 4951 9908 8282 5155 9213 3529 4649 6134 7380 4865 1796 5560 6567 4399 6155 897 5495 8166 4662 2527 7185 5317 6777 5493 4327 7208 8940 59 924 3952 4077 6022 1004 843 6842 145 8878 7751 6248 7428 534 3328 320 1489 109 8774 1978 8539 2158 7943 2362 3477 9095 317 4342 4818 5797 3336 6256 3353 3510 4273 1776 6976 8265 2261 4891 8437 9275 1789 9171 6315 891 8102 1951 9351 338 9486 7908 7284 7143 4822 2337 1606 8432 9728 7451 1695 7333 4939 9011 6327 4723 2729 3222 3391 8069 8628 9391 2772 1814 9341 4961 2039 325 5717 4401
9563
70
6708 2958 3963 2824 9755 2264 5695 2058 3347 1879 2565 6459 4700 1479 4103 9648 6846 7666 4056 8959 7695 5939 2265 9627 7901 9528 2098 8506 6124 6179 765 4423 7030 1093 2067 3300 9959 6675 6925 4256 3627 4901 3012 896 6051 4013 5487 7800 1239 233 6886 8245 9955 1654 3984 3267 3344 5243 9079 9341 1023 6710 634 5730 9760 6062 269 5339 3379 1316 4263 1721 3193 7858 9983 8534 1006 7549 8684 3360 6211 2074 8634 1216 3333 8020 4454 1446 7691 4371 8801 5214 611 4860 8957 2518 1349 6210 4156 9650 6194 5009 6085 8641 3702 2781 8100 5993 2408 5840 5207 7920 61 8208 8334 7422 659 1949 1815 8426 4489 5950 7232 4617 622 6710 6143 6316 7023 7790 5832 4032 6113 6921 3257 5821 2771 3125 2329 4651
5568
93
4443 9968 9431 437 5841 3368 4544 4760 5243 4981 8816 1748 8382 1073 7827 6154 520 5792 9520 4489 7517 8061 3438 8933 951 5806 5838 9976 5773 4177 2132 6905 3979 2121 9526 2775 263 2930 7806 7889 7542 2118 4432 2674 3345 4258 2255 4578 3071 8402 7342 9076 2550 3362 7223 3539 1465 2536 1047 4521 7358 9879 6494 3913 8417 4643 4477 9923 7463 2330 5349 437 6789 6116 8721 9054 9874 7147 2897 9300 6422 8955 7383 4006 4654 8724 1535 5181 2743 3226 618 4209 8541 5524 3720 6713 3008 3011 4987 3833 884 3466 81 53 6225 1224 9429 8067 3325 3725 1239 4478 1438 1610 6808 3303 4684 9601 884 3019 4542 8919 5743 4602 4562 4594 7857 8443 8108 5798 8964 1066 2463 8431 1545 8321 6698 1731 963 4969 1165 9369 5169 5260 4539 9154 9015 5258 9449 4558 9474 3001 6191 444 384 122 1647 7573 3435 216 4311 5797 2044 1960 2205 6902 3916 8288 7115 4637 664 3368 3045 2062 4933 1777 52 1512 9596 9580 5395 3217 141 8958 8712 4687
5636
33
6938 2094 9916 2772 5582 6725 9537 849 4405 9156 5677 7366 2734 5023 9936 3470 2580 4283 2843 6326 7730 5319 5243 8479 6680 6378 8560 7338 6714 194 8133 6569 9125 4444 8984 2098 8474 354 8680 4523 9363 810 7528 6679 8965 4046 1874 1015 9175 1214 740 6514 4013 3103 9773 4999 794 8302 3940 7750 3563 791 8526 3987 1103 5726
9802
75
6740 5170 9761 7901 4469 4805 2141 3466 6609 4282 363 1352 5545 8197 2111 3632 9724 39 8273 4103 6724 3022 4886 8565 8936 1974 6786 3815 7999 8332 8682 2401 6245 7423 3173 9392 3038 3377 7092 832 7120 2554 1685 7011 923 2695 4904 6628 4375 5281 6332 6791 2539 8044 3419 6935 6646 3161 6013 7154 7355 3360 1903 3251 7943 4883 3284 242 3322 5443 732 4642 4260 5347 6306 3573 996 5731 9352 7912 6997 3031 1548 2566 4592 8095 2131 9943 1576 4707 2783 2047 545 8102 3576 3194 4471 1929 3341 1191 2736 7841 3186 9355 9663 4557 9880 7066 2684 4813 4574 5819 9406 4969 9529 8606 3307 890 7534 9447 8457 8330 3604 7442 2461 9953 8738 5898 207 1627 1951 4848 8286 6325 2106 9258 9812 9770 9529 1331 8368 422 9416 4562 5916 624 871 6442 7667 4093
6785
24
9975 2907 5659 8396 4086 3862 9807 1158 2792 2103 2916 7579 9988 8709 5176 7626 6520 6504 5752 6072 6551 9460 8294 6578 1071 9481 3326 8567 398 9417 836 6911 5792 6285 2831 4931 837 7914 8351 8455 8764 5922 9963 4392 3611 5365 1313 4418
9623
78
3045 9016 6711 9012 7895 5552 7192 2181 474 7148 1281 3951 3365 3347 4674 2501 9142 3193 6374 449 7835 7855 2018 4416 6822 7020 3578 8494 905 3821 5307 2582 8507 7265 7821 1321 5515 2025 681 488 533 2833 7144 9472 9866 5785 7754 3480 9705 6368 1096 927 1297 4 9301 4869 8687 28 8969 4840 5652 1316 4070 1392 7250 2935 710 7129 2732 9578 4872 182 9495 5660 2256 2023 5258 7449 5935 3262 4251 6092 6375 3260 8619 920 3019 6856 6377 7345 7107 7247 2829 2227 7908 4074 5528 5371 5802 3437 7056 8804 1553 8276 3195 2364 8090 6618 1989 490 213 1503 830 9833 986 9114 7531 386 2509 3038 3535 8295 9156 7056 2690 6766 3126 3921 448 6413 2806 9663 460 4656 6975 2423 2905 2512 8673 3674 6311 6917 486 8893 3936 9564 7274 7044 3550 2448 5093 9809 7726 7355 670 2676
4795
28
7678 5547 9385 9038 9828 177 6822 1083 999 5701 4721 161 4285 2554 197 1176 6032 4182 5776 9260 4997 8077 6217 40 7612 1383 6373 6779 4694 232 5592 5710 4249 918 2234 7890 9766 4701 6812 1647 4004 5697 4483 5790 8096 7246 4444 3000 6838 8220 8961 9895 2607 6477 9512 1609
9152
99
2712 5608 4842 2984 3605 9803 2624 5007 9919 5561 7877 5145 657 9801 4812 3478 4449 1989 3142 1052 1920 9929 5887 4453 3354 9064 2416 679 5180 7993 9162 1169 938 4695 9566 830 5814 77 4960 6393 4169 6716 349 3206 627 7240 9615 1414 6373 4513 8031 2483 1574 7446 4725 4011 1943 8061 369 3177 4757 8481 3791 9506 1602 1261 2009 7083 8982 6172 7077 9170 4096 307 7050 6161 2159 8979 4592 1897 3576 9509 252 8718 7448 291 9516 7049 5694 8914 3501 1041 9720 1620 9347 1131 8907 3574 9696 1461 9469 6022 6559 6283 8532 1536 3733 1229 988 1028 1794 9028 2846 3618 8961 2919 1972 9563 4704 4720 851 1544 4313 705 1234 7882 499 2797 1799 1108 965 3578 7363 5363 3875 9029 3774 8812 277 1791 4312 4003 7386 5574 6319 3599 9240 8180 6695 1456 828 485 5095 3761 3896 3995 9380 6321 1649 1836 6691 2533 7234 8349 878 2785 5485 9553 4010 7000 6480 6512 2340 8108 1212 2672 7352 5453 7833 1237 881 4854 9694 7850 1370 648 869 2519 9335 2887 2540 9896 8599 9152 4274 4190 8254 6873
1833
77
5732 8498 9730 4008 5955 6046 4463 632 2151 9232 6994 7308 1137 5224 9301 1797 4987 3411 9102 6239 2637 7463 5741 4672 6039 1201 5020 9161 3803 229 3181 5773 8992 4762 4031 9924 9491 6384 585 2464 4051 6567 5077 8788 2337 2478 4288 2855 3169 4197 6462 1567 6692 3417 9129 7979 6551 8280 7396 5276 461 5307 9791 4179 2161 8240 390 7491 9164 9030 6365 1063 7398 7121 1989 4127 2527 4043 8403 9621 1084 7863 3021 5229 2885 9802 2277 9936 2089 3488 7583 9608 2232 4009 7176 6049 6035 5405 7639 9413 5900 1498 3731 3666 6071 6642 9074 2002 7490 5494 9873 3606 6449 3093 4085 7404 7839 2440 5376 1438 8437 807 3033 2954 9353 8643 5175 3267 4769 8584 5771 7591 9106 72 1402 125 5658 9567 3337 3270 2541 4753 4751 5224 5981 3485 7615 7516 8031 8164 125 6691 5710 2270
6014
45
8157 894 8082 6032 2690 9353 5716 4577 2732 3501 9486 1920 8584 3966 7408 6866 3767 4736 7615 2136 8715 7603 6195 4056 5558 5526 4955 4044 7583 1715 9582 5880 5688 6797 338 6866 1378 692 3399 7871 2406 9806 6604 3492 6474 4759 7844 8116 4803 2918 3469 6577 4635 414 6111 7797 4886 6724 4248 6422 5111 2186 3085 9893 6044 2609 8286 8055 4750 8245 5929 2042 255 1718 8592 3733 4183 898 6977 7331 1028 8633 5216 3991 8803 7540 6110 719 2774 1726
2296
10
4169 4577 2199 7765 1759 6998 9178 5676 9744 9706 2866 7907 8720 4090 8136 5531 1255 6631 4979 5267
7793
97
3270 5691 6119 7617 2215 7343 8664 7845 4910 9054 6457 4609 8930 222 4576 2427 8184 6323 5407 5466 4421 9342 8752 2648 5605 1553 9931 3282 7317 4017 8526 4993 2109 8465 5787 7641 3942 4400 8943 2413 7845 4604 9019 5866 563 417 440 2917 2501 2713 4064 8915 4203 7729 4759 8995 825 9583 8781 6901 6185 960 6124 4040 3498 1730 3242 5165 5330 7169 2925 790 1080 2561 8032 7722 2033 7073 2888 3915 5085 9815 3124 2912 6659 1349 9163 5547 6588 2211 9666 798 4514 2818 5260 4851 946 5020 6358 1276 7095 8655 1709 4315 9493 3940 1639 8014 5193 3178 5984 4734 5817 8179 2818 9786 8406 1272 8204 7644 6240 6093 1315 1254 2636 8853 4442 1303 5565 4007 4667 196 9932 6290 4213 2112 6229 5505 9119 7021 3013 7980 7317 518 8424 8449 246 88 7345 1590 4739 9441 4613 7100 8531 1109 8037 7861 7101 5804 4026 3538 6295 296 4271 8304 6617 7108 546 2476 1418 5106 6067 7432 6922 2657 3929 9496 6479 6348 3629 4487 7092 1735 2248 9536 1309 1012 537 8348 7530 3479 8728 3977
8658
27
4812 4218 7029 5559 3386 8643 2319 5807 8733 5604 9466 8702 49 5185 105 9312 9226 5200 4121 8718 882 6261 7289 4621 6826 3119 3442 5964 2874 428 3516 7694 9725 6529 2513 9880 2409 3181 362 8056 6147 5940 4772 2 6705 6187 3808 6099 6040 3868 9210 9562 3548 9568
5307
44
8902 664 5660 2056 3980 5687 914 283 3440 4116 6732 426 8215 2895 3379 9999 9420 2622 1805 2922 4132 7357 4692 3821 1199 102 6339 5027 800 8527 7271 6192 6320 2903 5528 1858 2344 3510 5785 3731 2877 3755 7744 9408 1909 1201 9005 1955 7184 6664 759 5405 2173 4503 901 4791 5432 1946 2045 3360 3528 1066 1678 7793 4986 3980 3951 6709 9403 3121 9255 4728 4659 8656 9495 2844 2621 661 6642 8321 8329 8838 8791 117 9964 6214 5859 2526
2105
56
3295 1460 1499 7132 2976 4913 8928 9880 719 9105 6374 6452 2315 5956 8559 5468 1448 2120 1882 5314 4560 7129 3665 6251 9459 9373 9079 4349 8739 8930 3942 3545 8294 2193 5027 516 3565 6648 6999 4522 6390 2654 1821 463 3002 9099 2847 3097 9835 3005 3400 7893 2951 7198 1681 5859 7043 6667 534 5490 703 4001 6642 5217 6070 1788 5035 6976 534 4567 4277 6831 9128 2118 473 5615 1768 407 1593 3482 9475 9096 3774 2138 9587 845 6243 1134 3349 651 6333 7958 7602 674 9435 6896 521 5862 1897 6753 3784 3725 2824 9403 1171 7365 7871 3896 6141 4078 4544 9031
1666
85
8518 3095 3026 7066 5107 3050 8807 4533 7514 3186 5182 6140 2907 9867 8642 3486 5003 6612 9978 2100 2476 1740 8598 4816 6610 7290 5397 6858 130 8003 4594 1718 2613 8148 4199 5266 4587 318 623 2935 5709 9377 1917 8656 1284 9694 1642 9290 3033 4865 1440 298 1870 2818 56 4132 8161 4583 7023 7046 2153 3682 7808 1934 6282 2529 1644 8741 3821 2363 7222 4969 2926 87 6947 501 5276 9764 5476 9534 1747 172 816 2495 674 4356 3479 1015 929 8109 7343 7487 4119 1798 4705 630 8242 2625 1791 8490 2115 6654 7984 4598 684 224 7028 9416 4544 3053 8206 415 2334 9740 8405 5513 3156 566 2168 9347 5977 6987 4291 9463 5541 5137 3186 8926 8790 9151 1260 9514 8012 7668 5977 2449 4389 5921 7682 4130 5339 5601 6211 6683 41 5910 4169 3369 3754 3313 7045 7436 7901 4637 4424 3785 3356 9129 1073 618 5256 8118 7515 9010 5064 9137 4605 5133 2312 8452
899
87
1812 4655 7574 8826 2311 7641 2540 1055 9375 8323 5045 7543 6510 7596 2409 7037 9700 8694 4809 7704 55 7033 6853 7791 9826 2565 5458 8593 8662 1569 4910 6297 4099 1694 8895 365 9649 4758 4183 4355 6384 7642 1785 2971 3899 2494 8884 6130 7454 9788 9632 6013 6749 438 2793 5949 419 2000 6760 8735 3439 6586 3462 9990 1387 6982 1659 8911 6672 1036 6622 7878 3569 9258 7882 2419 6524 5228 9068 6776 6368 754 6036 1331 4453 208 4654 462 7527 3855 4107 7198 7790 1412 7710 3650 1189 2621 5503 6394 5958 4701 1303 9761 120 1637 3262 1046 3420 1486 7370 9259 3291 7415 1928 8262 2290 9090 4730 8798 7098 2869 8150 141 2412 567 8421 3307 9792 9312 4915 8747 4810 4654 3979 6292 2969 3286 1983 371 6569 8360 67 6289 5334 8876 997 7707 2446 2644 8220 5718 6063 8875 8502 8760 7182 4081 9885 5400 2381 3695 6056 5881 5648 758 4916 5222 4419 7555 2713 7391 2047 6245
6095
60
9116 2452 2284 1320 4664 7454 6700 3958 1566 2166 5719 9251 5397 7712 8473 9462 3913 8415 2345 7292 4345 235 1958 8465 6067 8380 5271 7840 9133 854 1597 7058 5104 7064 2039 3653 665 6255 447 2164 2331 5062 1793 4413 9286 1610 5773 3994 6429 308 1641 2457 6474 7680 7746 5303 2981 5829 6080 8212 5273 2236 9990 6699 4277 2963 3063 4890 9838 8872 3501 1612 7296 7841 3742 9032 8869 4504 6590 7229 1091 5425 644 7984 1342 1802 2002 9280 9008 1260 8904 5908 5709 4435 5073 6035 448 3747 7209 6517 130 4183 5484 238 4003 4897 4039 2239 8814 9166 4449 6405 2506 207 4589 3942 455 7993 6900 5095
5305
11
3545 2876 1080 8151 8192 184 8783 9291 9972 8496 6987 530 9035 3506 5921 626 9191 7227 9949 7026 5406 8695
1260
63
8635 874 8009 4194 5049 7523 9547 3045 9477 4854 1460 504 7645 4658 8539 2736 2007 4140 7225 5523 2176 571 8486 7461 5026 7898 22 2305 1316 3706 6311 8143 6259 2498 5304 535 516 3823 2433 2044 4970 6783 3291 624 378 8571 6295 8875 1136 528 888 2305 7818 3618 4599 8126 6068 3916 4776 6715 7583 6580 9395 1953 2486 6002 6532 225 4084 3736 9507 6665 1507 4820 5128 8049 8886 643 134 4577 4024 5822 9236 6386 7216 6238 9221 9064 9383 4066 1696 231 6132 7369 8976 2986 7792 8355 491 8805 1862 8638 6948 2921 2901 376 3238 6898 5592 5105 5697 2727 2612 3048 4252 9643 797 2116 757 1542 1151 6399 5030 8500 901 6150
7874
9
6134 9099 3953 6439 3306 8544 8913 9610 5897 9077 997 390 5255 1507 1100 6361 1609 7178
6310
15
4355 8290 3742 1601 9659 8993 3835 3009 735 2597 5227 7427 5655 7382 3633 3928 6007 3186 2880 557 3939 1924 9460 796 9318 6405 6867 741 6867 5727
7177
27
7896 6962 3664 8539 6135 3521 6293 7326 428 9198 5481 5711 1570 1220 9802 8822 6238 9338 4813 2030 8667 1649 7389 7513 436 7888 3771 524 6249 7782 5468 1689 2943 4365 5861 9930 7029 3639 4927 6449 5127 7825 460 6142 2346 951 7449 7096 5683 2646 6193 1871 2342 91
1157
42
1283 7092 9381 7351 522 4884 2075 1969 7477 2007 3495 8977 6090 6003 2717 6510 4672 6252 1676 4799 2832 6516 4413 2912 8218 4565 3857 9150 6822 139 5450 6128 2011 4888 4102 9018 4562 1735 8600 2320 2694 64 5885 3568 491 32 9615 3370 8497 5777 9701 5166 6471 5402 637 5147 8775 5379 2394 1066 3953 1186 405 9924 1125 7428 3033 4520 7700 9974 8215 5518 6041 9825 783 2384 6247 8566 534 4094 3944 1894 7938 4364
7517
81
4450 3308 2027 8662 6964 146 9516 6400 8997 6859 1867 9570 70 9830 3130 5389 3473 9373 1828 8227 1883 9790 8709 6974 6060 8709 8314 2063 6770 2396 3710 1027 2391 7870 4570 2003 8634 9893 4097 498 2783 4112 7636 1489 9222 3898 2465 1923 3 7530 7695 1268 4780 9436 2593 5941 9999 8434 882 1144 8882 3145 5202 3853 7600 2908 3288 6714 2320 7439 555 8730 5686 4588 9461 3504 1209 3457 6651 6893 6673 4395 8296 9427 9572 4452 4438 4080 2764 4671 4801 4053 6640 3437 3372 2489 1033 9444 6238 5569 2706 6919 9159 8918 3641 8953 5641 6481 6758 8432 2121 6502 5319 7835 5825 4675 553 6663 2807 8544 6898 1442 769 8525 1299 1997 1119 230 5200 156 8312 4385 189 8751 2732 841 9707 9995 3249 9214 4775 2792 8168 8626 8556 7551 1840 4312 2405 9321 6235 321 6789 8195 4332 8775 405 7505 2057 8204 4350 5068
3953
96
7119 4325 4516 133 5702 9219 6037 4343 1023 6609 6027 1712 6922 3722 4170 1813 6626 2713 4579 8233 5028 5188 4906 9982 4420 5917 1931 3524 9046 2559 4380 4393 8067 8772 573 7084 9504 3079 6012 7225 6624 7348 1402 740 1448 2176 3473 977 7417 8637 6516 2411 278 5297 1923 1271 3603 2734 2897 257 6908 5242 6804 5633 1320 7048 1660 4017 6704 8225 3034 7870 8436 416 6824 5155 4511 5257 3548 4478 1196 4059 1538 9243 5056 99 5349 1867 8515 9200 9961 1224 3339 8429 9963 5631 4528 7486 1069 6006 4877 8768 6254 4818 4381 2570 5145 4274 8640 7664 9638 7366 4380 814 8512 8376 2454 9041 6824 3570 9661 7786 6875 2094 5007 7044 9722 5177 1479 828 4671 6722 6226 4324 3286 9893 4975 7929 9187 1692 9320 2430 6206 1724 1344 1460 9581 5820 7029 9006 8534 4577 7605 7103 8914 7960 114 4927 6096 7664 998 7355 9887 1421 5716 9439 3678 7745 6356 42 8180 156 3873 5329 6419 5335 5645 1177 1159 8500 180 1855 5375 332 4750 9156 9665 7727 7143 3486 5848 1015
