33
3136
62
3681 9385 8579 5432 6252 5906 1787 7968 3884 9452 7355 8199 3899 1556 6096 1821 9356 2049 4848 4729 566 224 9863 9875 8492 3207 7343 9352 1219 3154 2046 6078 6270 2012 6030 3018 3094 1542 2193 5854 2328 9742 8020 4452 9523 9721 1217 5887 1257 8378 2306 6059 6035 3325 762 7972 8853 6857 2807 7297 4118 6838 9643 4797 801 5619 994 4518 9830 5349 9628 7895 2003 4508 7787 4781 8294 1777 3679 1796 2231 743 5046 7003 4921 6452 4845 8052 6786 373 127 8730 7320 7012 6894 9067 1062 2614 6287 7160 3597 623 2652 362 3730 2141 571 9936 2289 7364 1923 6692 4246 2820 4654 8219 6409 9228 1802 1448 3195 7572 2392 723
7247
47
5225 8583 7161 8340 236 4432 7485 2688 7952 9809 9194 4990 148 4631 3024 2542 259 8450 4547 8192 4443 4629 1714 7159 9408 6355 6133 4241 433 9816 6170 6552 5606 1310 1679 1469 9365 10000 1529 7620 719 7198 1045 6419 5865 5555 5481 1670 5925 5925 6328 7990 7138 6594 7463 942 4951 5310 9115 5346 8066 7044 9497 3293 832 4609 2455 6816 8031 1538 9136 3249 7314 5149 5162 9307 9300 1675 535 6947 2054 1433 7342 3726 7281 8369 1636 5767 2449 8084 1731 7525 3586 694
6126
48
842 2766 5502 2099 6068 6358 5200 8282 5102 9044 6798 6601 4838 3024 8386 9103 3394 7060 2214 6107 4522 7931 929 9447 6951 8011 3182 3451 6551 3096 9759 7801 3690 2959 8654 2732 2955 4030 9192 3116 7129 7917 9492 4944 5712 9575 8093 8354 4721 7438 1983 6836 1528 8369 5284 6118 23 9162 648 2191 4563 1859 9448 4717 861 1514 6605 1495 2441 1063 3899 1799 9483 926 7840 6367 8248 9966 4925 717 2340 2381 191 6117 7533 1365 3819 1049 2224 6577 3969 8482 8080 8375 559 3513
8824
20
2014 4814 7525 1806 629 1661 631 7353 3434 1983 185 8829 8350 9129 3359 3359 248 4764 8339 5144 9225 9999 4745 2194 4431 8069 1521 3565 7273 9225 3303 5868 9117 7593 8075 4552 103 2459 9310 9204
6800
76
2467 1601 1978 5377 4153 7704 7470 5335 7802 1370 6394 7547 308 4174 7766 2581 3109 8027 3943 1047 2344 4739 7527 7330 8335 8807 7292 6445 3222 3204 4977 7608 1319 4450 1648 8064 2287 7106 6389 7759 5399 6665 2211 1250 2273 5136 9504 5111 4566 1509 7984 880 3412 626 2133 6592 8457 1323 9966 6975 1224 8182 2341 9167 1113 9577 7341 5328 5640 8373 8697 4097 1032 3434 9410 486 7628 9728 9060 1490 4493 1210 7093 3192 7809 2497 7708 2834 6795 8724 6559 3891 1327 2520 5259 8358 5741 4807 4858 6462 7536 6249 9408 9801 3715 2081 6774 1197 235 9476 7008 1659 7087 5299 204 8786 5900 8505 5319 1600 1944 7296 8746 292 7387 1419 4554 1957 8026 2020 6577 894 887 9164 2639 8868 8194 3473 1623 5568 2554 1612 6938 3513 9413 683 7595 6974 2288 949 8011 85
5030
53
4092 9036 4722 4932 7982 9689 6181 1972 4822 81 252 6056 5357 5562 9460 5554 2484 637 8976 3693 9048 1679 4106 1078 8163 8833 7222 4173 5663 423 6648 8592 3942 6694 2966 930 744 8214 5355 8228 8807 3803 5561 5101 9444 2385 6995 4085 816 2128 3515 7971 8787 7209 8998 8732 2030 9373 7607 8727 4246 8012 8098 3704 2713 4595 8817 7287 3335 3890 5586 5286 7542 8437 2519 1948 9262 9227 7249 6064 3639 8298 7617 7470 2587 6114 1643 6631 9081 9867 4623 2915 2846 7497 5143 6503 6545 9829 8812 9548 7832 4445 9343 395 1050 8449
3830
70
9244 9961 5725 5635 4058 7231 2556 5252 5850 8537 1859 3656 5773 8628 5218 8735 157 4665 197 8581 7556 2910 956 4316 8522 6049 1613 1332 6349 2932 2748 6498 2506 5692 5983 578 112 3206 4913 7019 4114 1302 9093 7672 6841 9711 1062 7329 9813 7822 9742 2886 3165 6880 4696 2626 8471 6429 5343 9371 8106 5892 6342 209 2863 9641 8393 208 6466 2414 714 219 40 6807 313 9344 7198 6462 2530 2945 8744 2525 1300 2890 7890 9272 4466 4306 6269 3093 8707 2814 7652 3751 629 5931 8917 7644 67 4005 7827 574 6773 9548 6864 314 460 5361 147 882 4737 862 6832 7157 119 6459 8753 9905 185 7010 802 2437 5291 7701 9026 5166 1249 7368 2239 9404 1324 8655 5165 8601 1981 8181 2916 3778 4311 8701
2684
66
5977 4017 3666 9260 159 5857 8517 2847 5723 662 325 2628 2632 6375 9116 383 6429 3936 8945 6758 592 4699 2128 7425 5334 4397 515 3289 7676 6825 7625 6891 2818 7104 9285 8719 7563 2655 2952 4929 9081 7575 5627 1349 9269 7951 1637 1759 5655 7194 2168 5898 6750 2245 3701 5447 4226 2304 1087 1715 987 3095 1852 6907 1065 3441 708 7537 8511 1036 9335 7837 3620 7384 6900 7364 6293 681 5294 9382 8855 6810 9206 606 7556 9058 1208 6084 4612 3382 9603 8332 2003 9574 8707 5509 2690 2432 3569 6172 6757 3528 3991 4100 9140 7138 9655 9427 5608 6573 2974 6478 9206 2836 9978 5327 7076 72 3757 1404 8355 4823 6612 9403 5069 6074 3358 4935 9932 1378 3731 8625
3322
1
11 9340
6012
5
5891 3348 7603 6581 3456 4197 6499 444 4706 1505
8937
30
5943 1380 2428 6279 6314 9899 3663 7811 9429 7206 7888 2149 7957 1471 3776 3695 7115 7055 4874 4701 8261 3615 7612 8142 8126 9429 934 1465 3110 221 4864 7682 1725 1073 285 8555 3789 3061 3211 404 9344 8631 3696 9535 4741 6309 1519 9717 667 4233 6936 7730 7118 3702 7824 7197 3073 6225 2637 3304
354
27
3279 203 4551 6607 7416 3415 3098 6534 649 4621 7879 3181 8886 5228 6961 9093 8215 5549 1397 8426 525 4760 6064 2422 3659 5167 1608 785 425 8274 5978 8533 8033 2394 6959 5390 3061 8681 356 495 9999 6943 4363 2267 2906 4458 542 1786 2923 8608 5135 6759 1688 2097
9502
58
9479 4530 8357 5139 3295 6698 7625 1922 5079 3154 7060 3957 7348 7131 9824 593 522 778 8853 3157 353 4716 4713 4025 5619 9528 4553 1128 3313 8861 6035 4056 770 8176 4584 1946 1203 5671 9488 5005 8330 7853 8923 2778 5396 424 9049 3294 8663 8839 5007 3927 4184 9813 9643 5070 1777 7127 3781 9389 2592 7773 9928 49 510 3906 626 806 2344 4077 6411 7368 8138 5654 7915 926 4968 151 7186 9528 9524 9349 1208 2848 8204 9911 6258 3181 2946 9068 4985 8873 7095 7021 2875 2033 2599 8579 2088 483 6233 3052 3784 4845 2896 746 8418 4574 9410 7899 6904 3493 1956 7888 9361 2635
8281
62
5538 9379 2932 6227 79 7647 2201 4039 8186 9377 5496 6088 738 8678 9600 1322 277 9765 2473 2253 9905 9270 1521 9604 9032 2918 2345 8004 270 7938 8645 3842 1912 5870 6699 814 2069 468 4305 6323 7152 5325 6919 6599 4553 8252 2409 240 5672 7191 355 2785 607 1454 652 4099 2079 9076 8410 5762 4976 3549 3823 2830 6890 2666 7909 1252 8510 3264 919 295 3512 1202 1381 6675 5776 266 8197 5582 8528 9271 6529 3896 7953 4623 4909 1081 4636 9960 9341 7215 3587 1927 6283 9151 5584 9418 7318 3871 7427 9292 7336 1468 3279 4966 6167 4601 3175 5543 3542 4541 9012 3572 3858 8119 134 294 6594 4486 844 2967 9993 7526
5426
40
6570 3351 9949 769 992 9703 6546 4664 4964 868 5546 4454 7064 1794 1299 3209 787 9562 6856 5866 1987 2336 4417 1206 4331 3380 9855 8079 7188 4803 6530 1126 834 2681 579 828 4963 7817 8010 4895 3387 7324 8473 2304 4933 6447 9584 7149 9614 2982 7890 2974 2123 599 4817 2397 7465 6335 5958 3164 8495 8074 6436 7142 4663 5201 3268 4348 9810 737 797 6175 4931 1407 6537 5989 2831 9320 2739 9415
4036
79
8038 1500 5377 7221 1577 648 1206 3568 8490 6232 5669 4180 2386 2993 6936 6283 2250 5094 6672 2901 879 5544 674 9673 6041 8365 4515 7344 7125 9939 1144 365 8422 5884 291 9783 8700 4510 3409 3406 5061 4295 3827 1642 2224 6527 7610 1451 2831 9062 4408 737 4058 8685 4249 158 8350 1897 7063 7966 7201 5014 2970 7262 3150 4855 2821 9293 7309 4854 685 2094 3495 3338 4707 4836 871 4569 5434 1233 4835 8585 1665 5640 8254 5008 6444 8703 161 9796 6198 2560 7335 645 2918 8226 3526 3623 4664 6404 1659 3735 3013 5721 4096 3415 5955 4040 9861 520 8808 9253 3482 1662 1926 8824 941 4895 3082 3739 8308 286 1969 3930 2280 2054 1493 5509 7368 733 3616 8596 3727 6492 601 5541 2823 9111 4492 7309 1906 2567 2090 8014 549 7795 1207 5207 4393 2190 5392 3682 3915 327 4046 347 3315 5490
7956
93
2739 4964 695 3774 9310 4523 1492 6554 4738 2052 1020 9422 7575 8712 274 2155 139 9351 9909 2009 5908 6038 9151 1972 4747 1789 7843 8709 3940 9690 6950 5077 1084 8223 8166 155 8625 564 6144 2676 4127 6725 5682 7453 5442 3312 1463 6393 3517 2466 13 6981 9349 180 4805 8743 2712 2868 9367 5223 222 9878 557 5885 800 7907 5653 1809 5202 7610 5184 8282 3545 5574 8390 8030 4318 7979 1344 9279 2726 9073 8435 9639 1594 7597 667 2418 7449 3951 5849 4874 5444 6774 8895 6523 7473 6812 600 8706 7893 1813 7667 6606 4151 1545 997 7573 1760 4564 5218 9919 7884 5985 3067 6679 4179 9619 6799 2606 4219 3175 4382 1842 7636 9309 9608 4132 2306 8319 7894 1429 8893 2430 4506 3090 9912 922 1478 5558 4408 2031 5319 5120 6064 5888 2406 6137 8624 2201 6272 3913 343 7940 2443 8413 9725 3677 9352 6618 1712 1033 8559 2693 8954 3744 9706 1441 6686 2289 5841 3100 187 2747 4593 8716 3851 5030 8522 8289 5302 8139 8116 4274 266 8011
1409
79
3850 302 50 8611 6404 433 5491 4235 8110 1184 8564 4307 8492 6937 7067 1786 993 9354 1635 3249 7776 84 9935 174 2981 1571 6804 5351 820 2068 8324 1278 1001 8828 3559 5178 2607 2423 8911 6228 9920 1440 1536 8908 4434 7763 4556 9213 975 4663 3450 3164 5608 9137 2284 2593 2982 7662 2540 3458 6055 263 9169 339 6600 1987 7173 4231 2765 3372 8590 8089 7518 6546 5070 9355 9833 2480 8692 3614 2490 3378 1105 4615 2335 3309 1053 2075 5222 7669 1432 5576 4231 1331 4102 6526 6527 9956 3095 3185 9010 472 4542 4156 6541 2758 1117 4161 1848 8882 5273 8457 9108 4971 9769 7190 5749 3501 1130 8612 622 8109 7225 8131 2469 1452 2106 5654 9200 8088 6262 1815 8562 2216 3006 7616 3061 9043 108 9920 2899 9468 3576 7721 423 1832 8044 4116 6008 1042 5371 6868 8406 2812 7769 7141 4702 7217
9235
78
1074 3199 3312 2514 7021 8508 8845 3258 8928 4219 6220 9413 3007 7918 223 5352 3275 1235 4743 4186 5670 8744 302 5371 2472 6396 5512 5464 2366 7050 9000 9552 9974 3575 8017 2419 7366 8931 5721 2707 879 5575 6192 579 9698 612 3460 1214 706 1248 391 8744 3394 9109 3983 8511 7277 4719 3401 7673 906 4698 921 3472 7256 8848 9067 2214 1288 175 531 2430 2833 5168 1112 3190 65 9195 2478 6124 426 9621 2685 9966 9395 4721 5194 5513 5093 304 9068 6759 7760 5535 6417 6302 8283 2868 4800 8373 2759 4490 8558 1966 8961 8754 9460 4104 7611 7851 9992 2090 6032 8478 5082 4203 6055 1112 1669 5625 1540 4839 9569 7188 377 1355 5773 6560 7549 805 7830 9774 5797 4723 7819 1631 1207 1447 5163 7381 1853 8738 2654 9153 2475 9628 3921 3468 8976 237 6444 230 8513 6006 3348 178
5286
36
455 4675 2571 3745 8291 3252 5715 6089 1604 5221 6952 445 9276 4222 267 8714 4167 2516 556 2315 1361 1957 8300 9445 4771 6113 1227 62 79 809 1903 718 3557 6310 7472 8812 1781 2580 8078 5284 6316 974 7693 3465 2337 5774 4373 3455 2039 8628 9259 6049 5724 7671 6866 1339 62 3048 8780 1102 9189 3550 4105 6594 5157 9451 4003 9790 7425 7111 1946 5648
3205
25
2053 1789 7315 3111 3755 7469 3422 4958 9729 7232 784 532 2088 6713 9789 7564 3380 8307 2232 5194 1976 5357 5286 6531 3257 6030 5684 4164 9144 8757 2624 7234 2577 1822 2633 8196 3955 3302 5172 2554 3054 1947 7159 4757 9921 5135 1885 835 7425 6734
21
30
3231 1598 248 6072 1248 9908 180 4042 2527 1794 6645 1147 9030 4357 5569 1575 6272 5603 1261 221 2805 7688 2952 854 305 8297 1340 3401 6134 9179 6161 918 50 9109 9531 992 7122 4818 3271 5793 2079 1658 2018 4897 6937 3931 5611 6807 1453 2423 5884 6995 8064 9837 1223 5494 816 2131 3738 3056
4710
97
4324 6153 2566 8460 3702 1641 3986 653 8217 1700 8862 9469 7427 9968 8048 826 5573 5470 1127 1523 5820 1196 6067 7455 5750 2775 7238 9332 9128 4680 9083 9429 5800 1600 8730 2956 4792 5630 6786 4541 392 8351 6547 6033 8026 2722 5154 4476 1794 2336 3499 7062 5559 2124 234 137 385 1324 3429 7494 1719 2600 5397 6159 938 8106 3406 9310 3755 4457 3282 914 5502 1598 547 6253 9160 3534 9798 4628 922 263 9010 2636 8393 5390 3464 1187 9964 2927 913 1938 5183 4507 865 9328 6515 7624 582 6925 2707 9013 9603 468 3522 7587 4945 4295 3837 4094 7641 958 5004 3255 2205 887 2809 1011 1464 4932 783 3398 3731 1463 1736 1881 7279 8025 9321 1012 248 3320 5618 7432 874 5857 4220 3765 7573 8058 7004 1001 6994 8707 4334 394 5485 9425 7831 7766 5976 8254 5792 4530 940 5177 256 7934 1192 4746 9854 5974 9540 5380 3018 4684 109 5191 7635 9292 5678 4200 9550 3905 4481 3902 5195 7025 2482 9623 4603 3079 4583 5585 1697 563 1504 4215 1229 8389 2189 1182 1932 9494
2511
75
3952 5575 5154 6608 6434 1679 1320 4487 2075 5839 213 6377 7719 2277 6676 5424 5745 671 1372 2141 7550 7489 9999 8789 7480 3297 1658 1682 1049 7938 255 1224 8365 5797 1022 267 9893 6522 7385 4380 2716 6732 3162 7486 2058 9950 5439 7164 1872 2264 456 4347 3643 6753 9800 3641 9732 7763 1862 9687 4820 8075 3054 1877 9131 7152 7103 9257 495 5757 3611 687 978 8918 529 5253 9594 4818 1878 7733 2175 9808 596 3543 4583 1114 764 7421 4929 7380 3285 3214 8422 2200 4170 8509 2396 4186 9776 6768 2065 5050 9561 199 3263 8717 6675 3619 1588 2475 4195 4852 7200 9613 4782 6748 6353 4793 6869 7821 1398 8090 5674 5316 2437 7399 9598 3688 4580 1504 5400 8348 9921 7817 5519 6587 7590 8516 5912 3866 1161 9942 9699 9084 322 9258 4811 1125 7919 1414
4872
4
535 3012 8364 3440 4613 4156 9312 4665
7617
10
1783 4779 7182 4009 9192 9413 3698 2419 4008 8596 2812 5775 2505 41 8583 6572 3034 52 6913 3338
4422
92
7506 5643 8745 4620 4481 6132 1010 9388 6304 9825 4897 5022 3723 9218 835 3644 4294 7319 7950 8475 5616 1279 6949 8033 387 3382 6408 3095 6055 7642 3422 2278 9899 8159 5008 2999 6456 4998 735 7402 5653 774 4546 8580 4595 2959 5104 9602 1747 8484 6396 9621 238 3869 5293 3383 5158 8825 4001 7781 8629 1605 2726 1629 92 4444 4084 3240 6377 221 1743 7257 8892 675 5746 2598 1200 9849 8946 6823 7378 607 6403 3584 9983 5258 8829 6317 7530 6313 5419 8581 2455 3029 4752 679 9630 9515 7595 707 732 7801 4640 2091 9030 3125 6223 9777 8998 7018 759 8895 5796 6159 1354 5634 2991 3121 2814 8049 317 1582 8762 4383 7095 9157 7190 7766 2363 5378 1262 4848 1650 4895 3331 6351 5642 6002 1904 7059 1159 1888 2783 8228 5815 1928 7 9545 3943 8999 1636 6185 2324 5208 6793 923 9994 1470 3712 90 8690 7593 4060 9861 8685 9394 4958 2996 9832 2168 1840 4042 753 1963 8611 4005 8041 8269 1237 7356 5859 1679 3327 3588
2749
93
70 8439 7692 7592 2552 3206 113 6928 4982 3559 6252 655 9660 8037 4896 1535 8024 4826 9769 7469 6512 8919 5937 8042 6881 8421 6505 4962 8872 4172 7197 4645 1642 321 4772 3741 8222 1104 891 9262 7163 3219 7224 1327 6269 3329 6020 4670 53 2166 1474 5792 6903 2030 8143 6560 9910 3332 2919 1504 4575 3226 3377 9633 3517 1440 470 780 9356 3574 9272 4714 8446 8982 5250 8370 2309 7609 1697 1043 6441 2406 6332 1456 7219 1694 2886 9582 3817 2608 3109 6020 4593 427 7163 9187 3845 2685 5656 1005 7802 6967 6618 4227 5886 9247 6384 2951 2724 5879 5244 8243 45 8534 6612 6403 9621 5221 5529 8437 8818 4487 5049 4677 979 1076 843 2660 7315 2097 509 2172 7222 5989 5144 9984 5174 2402 882 3959 8251 2968 7553 6385 7658 616 9306 3601 2071 5015 3248 934 7268 5084 6394 5925 1293 790 8077 5984 8655 2782 8364 7828 5015 1141 1091 2053 8033 5069 1439 9203 1011 113 6905 567 6446 747 5009 508 3307 1513 5496 7243 5956 7386
5211
77
4849 2349 7988 39 9051 149 3044 5801 4238 9971 8223 7739 221 5882 1962 1750 4931 4664 477 4631 1055 4353 1461 3265 3388 6991 3727 5626 4789 7526 1502 4379 9816 7552 731 7127 6582 3521 9939 3613 4959 2464 6625 1777 9485 471 9968 410 3094 2877 3472 3785 4518 5803 3507 8150 4101 3619 2178 3276 1216 2228 1146 1276 1069 1037 1258 8149 9623 7546 8112 774 41 5996 6299 272 4216 3180 5991 7000 8568 6635 662 1833 4985 8454 1525 5004 3551 8418 9613 2123 198 4251 940 5614 4642 5819 699 1974 4975 2480 6278 7242 6296 1638 4968 1647 361 5081 3673 1477 5201 7236 346 5212 1553 291 4936 4372 3777 5630 9855 7380 2844 5577 4015 6078 7917 4501 6616 3048 9850 5972 7145 293 500 3594 8995 1209 2243 4517 5759 4374 7309 3412 3592 6833 7220 3850 8268 3984 6554 7408
8346
25
2060 183 575 2718 62 9424 4667 7681 3389 3892 5966 3756 4483 9170 1159 436 2586 7931 8643 6270 4994 9772 5548 688 8569 9000 1206 1300 2103 7791 5243 7275 6287 1878 4998 1699 5251 7356 4357 8493 1327 5102 2561 9252 1458 3203 3861 5024 4054 2649
1017
39
1751 2815 7249 1292 8832 8150 850 9209 2546 6694 6924 5026 5156 6187 9209 9500 1977 9454 3288 9108 5904 1245 4045 6194 2194 6097 5895 6071 9616 9302 6016 1667 7426 8642 9656 1255 3118 9276 2275 2740 8845 6719 6036 550 5996 9577 1622 2328 8485 2348 2814 2613 5970 2893 6854 6604 1408 6200 1392 3527 6322 3659 6489 1078 6125 159 4742 1074 2803 1162 1211 8058 1925 1199 1379 221 7252 6941
8785
86
2728 1350 7933 7504 4572 5814 6256 1883 5 2459 1475 3173 4880 8647 4560 6891 2907 8341 6613 1807 3310 3973 2128 8262 8696 2414 9357 3527 7046 185 8686 8601 1295 6378 9860 8455 6366 1096 5092 4772 4604 9801 9692 352 7187 9138 2533 3035 5077 7857 3815 5615 9610 7449 8072 9620 4494 5567 4328 8386 1637 5004 6198 1696 3613 2665 5655 4888 6725 8682 1424 7602 7687 9586 1606 3080 577 1374 6866 5783 4086 2549 2758 9683 4931 8142 3478 5499 7682 5909 1964 1751 6114 6846 7034 5261 7425 269 573 5092 9376 5898 6965 7884 4796 1235 4015 4290 8322 6401 3448 1171 3241 1162 543 8362 8539 7738 7129 4521 8341 859 158 7865 5259 3695 5810 5977 7023 3655 9558 2683 86 3894 7327 143 413 6782 2076 2499 1241 9431 5738 744 6236 3201 7188 2787 2034 1953 5778 9233 1238 338 4500 5918 4932 450 4431 6467 3424 3847 8462 9609 5645 3381 6459 7256 2434 4704 5290 2146
4882
2
3735 3854 878 8989
