5
4104
43
452 9571 2024 2390 557 1144 614 6043 1705 7958 2984 5916 5314 3627 4512 3112 2282 8242 4914 9853 8015 4958 4553 9208 8722 4950 1246 5976 5208 9362 4740 7939 4462 7401 215 7279 8989 5773 5655 9669 9815 9936 805 4693 8987 5912 7898 681 1749 9620 8093 7216 2419 971 4568 7853 3887 5492 8029 9838 1454 2592 9912 7148 5500 737 4528 6515 6150 6081 1556 8130 2574 3943 6986 2111 4857 1819 9400 7652 764 1830 1474 1258 9391 4086
4268
34
2909 8850 3345 9700 5099 4487 5594 3524 644 8828 2642 611 5566 792 4130 5434 1556 4127 4413 7651 3501 484 1859 2122 1239 7670 4356 572 6307 8937 552 5686 9109 5816 4034 9699 238 4258 9039 9169 7806 3681 8840 2928 8516 1829 1317 8409 2926 2299 5237 7467 5751 1926 8121 6925 9760 6832 2852 9338 4494 28 7002 9004 4864 5983 2389 9764
5596
24
7927 2063 8085 8111 639 8592 2794 5620 339 1150 4733 7268 886 4208 8836 2789 2473 4080 5823 4455 6353 7296 8833 9150 8647 3567 4678 1140 1436 8003 4415 2648 1687 6287 6621 4554 6016 9655 2463 5644 3148 1288 4800 493 4180 4713 2298 8896
5560
70
6830 9288 3306 2755 4326 1514 4121 7637 5128 923 5335 895 6668 3559 9588 6758 9859 3023 4362 3085 2313 8584 8708 6540 7225 4939 4738 4465 3303 1379 7211 4462 6731 3638 938 2083 4120 4321 5234 7402 5200 2146 5856 4192 6858 7748 2525 4463 157 1634 2624 1420 5131 3496 5066 8412 3977 3183 6791 9854 9028 2110 6463 7181 9818 4950 9329 1204 9728 4862 6524 5631 2100 1074 2647 345 8353 8459 2720 591 147 3328 1067 5795 7097 454 8287 1290 987 5033 5052 3447 1454 32 2115 5347 9574 6463 5537 5995 7360 448 7665 6032 2589 5912 6270 3680 875 5430 5914 2337 8866 3383 8482 3516 8058 6481 5445 94 7833 8152 8944 9574 9651 7772 6339 151 2200 1199 7794 5576 3393 7289 6242 3213 956 8100 7882 3218
4647
67
9014 4707 4759 5800 3870 9874 5615 2122 3347 1053 3302 3188 9204 8697 2716 7529 6279 6075 7734 1817 6083 2467 582 6950 7992 7978 9491 2646 6436 5410 3612 9985 9869 8156 2395 1244 1495 4490 3148 4240 3364 4769 532 858 3938 5278 1493 8081 9798 2494 8836 2062 924 6590 26 4100 9254 4134 8611 2108 9553 8370 5328 9035 6322 1020 6460 7402 9565 6833 7806 4952 5215 444 930 8677 4162 7745 3962 1577 3561 8030 7964 5400 3034 7569 8136 2970 1845 108 2639 2606 1718 8072 2265 838 4450 5710 7257 9124 2350 502 6008 3628 5050 2985 4237 2373 4054 8899 8616 8854 3640 3397 6712 8423 6317 4498 55 4783 3647 365 8470 7516 7257 1182 3166 9587 9486 7289 275 747 3401 5749
