24
5033
45
3761 6381 6089 7706 9507 8146 572 7960 5182 7404 4423 2009 3095 5286 5070 2778 1709 807 2555 4934 2666 2145 3697 7836 3596 910 6160 4552 3821 2325 8801 203 8092 9554 4522 9964 1196 8772 6476 3986 3447 7176 3638 1079 9534 7961 3253 481 8261 4452 1135 9513 2056 2 9906 480 6145 4078 773 8482 3794 4972 4884 3616 7066 698 6935 2086 3672 4374 5505 4777 9421 8390 153 9014 3269 9078 5718 1522 4192 3985 1488 8919 1788 5562 4682 1079 6632 2680
1965
39
2080 8437 9251 6573 8492 9425 6378 2618 5077 9415 5405 1044 7436 6416 1548 873 8630 734 4430 7661 2635 4313 6147 3201 7172 8320 5760 6469 8201 6714 9630 2511 5572 6055 6885 8606 2110 7337 8763 7355 1426 2921 500 7991 2651 1266 7134 9056 4015 282 8575 8098 5255 2336 3061 7346 3864 2432 9920 1321 5666 3388 5482 3397 4061 5296 6669 4564 4522 5496 1320 305 3397 7566 3470 3531 2433 4217
2560
30
7047 8152 3148 5575 4470 3396 6852 3275 9907 18 2738 7973 7241 7393 7115 6136 6009 350 400 8180 6019 7680 8792 2883 5872 3484 1001 7597 8828 5552 6695 4127 2457 2958 3202 9964 8284 4876 1338 3301 8013 7930 6104 2074 423 7009 3349 2653 8246 1709 4163 3998 7385 3845 3864 1524 8999 996 8511 9686
5379
97
1835 2439 74 7532 9867 9848 108 9534 9732 4298 395 1231 4558 229 5473 7551 5807 3466 2948 9388 3615 304 977 2326 8323 5329 7317 7061 3113 9130 1018 8124 8810 6540 5288 2038 3304 3187 7863 3814 1077 9931 3972 6175 3505 1210 3158 2288 7719 7271 3219 2913 6833 6203 3620 8017 774 1028 8605 6369 6259 7392 5555 6469 4279 4886 3906 9190 7439 316 4235 3721 1524 480 2345 1002 5808 1160 6858 1802 665 1285 1817 601 1252 4809 1873 589 2704 6368 6370 2517 301 3328 9567 7328 3997 7416 8424 2832 9145 5723 4349 3866 9461 1477 6926 9600 2528 8122 5062 5081 9175 3999 4213 3473 8838 7374 1998 815 4025 7048 397 3776 3211 311 2096 2537 5249 9103 3422 7527 5407 9692 156 3581 2214 8525 6866 7331 8837 2395 2437 5065 3282 2231 5452 5878 4560 454 2505 3602 753 5564 2616 5480 8984 7427 9253 2576 2898 1866 2141 3416 8898 4690 8356 3245 6381 4231 6852 9714 73 6907 4631 335 3959 2768 1352 5925 6603 879 4123 8796 3422 5516 8323 9382 4952 1271 4460 9153 4733 8896
4162
21
7413 423 3031 4877 5356 6800 8250 1355 669 9408 584 139 8387 299 4950 4061 7771 3948 7792 5790 3441 3652 9743 8207 5393 2057 7937 7211 3521 744 8196 4699 1572 8419 3640 4957 4506 9055 7308 9075 3665 855
2270
46
9005 9656 3869 1520 6097 3376 6803 5989 569 4396 7685 9276 1054 5459 4511 8712 6221 2203 1005 9948 1342 1962 8441 9769 5047 3457 2251 4027 7517 1474 6996 7341 4975 9547 1202 8457 8071 7691 5663 6489 9668 5408 7063 7216 9579 6647 1562 4427 6106 6283 2638 1519 4881 6513 7056 3165 422 3724 4979 8975 6765 6652 6377 1816 2948 5587 2717 2900 1547 4548 8706 642 5720 6086 8080 4534 9934 2244 1101 1108 4210 9274 8639 8855 5672 7359 1970 7025 6680 3957 6982 3911
6957
25
5564 6033 3583 3133 974 1384 7235 718 3565 2542 7751 8238 4518 8618 6747 5254 5569 7814 2188 4143 5050 9961 6172 2781 7392 9964 782 5779 3722 468 1641 2452 5756 3364 1286 4541 2452 9537 9604 3969 2113 2927 365 7551 9510 3032 5953 5036 6198 6980
3926
23
9425 1528 4109 6796 3681 7257 7973 4583 1029 3683 8236 6782 9903 8561 3357 2398 3135 840 24 6169 3662 7246 1069 5854 1104 4622 4504 8435 1839 3171 5104 1522 5298 2833 2451 3835 2368 7965 707 5644 4712 8338 4965 7348 8029 5548
3482
76
8271 1783 1528 5124 5302 1873 9585 8574 3554 2023 3660 6538 8718 9065 3055 1396 8696 4378 3360 2540 4037 7915 971 3437 4399 4978 4153 9954 6103 438 1455 9605 8626 5767 268 3728 5659 9090 5744 2335 2745 588 1233 1360 3666 4511 883 3376 986 7495 6078 3601 3794 2321 2744 8885 7074 4255 4970 6407 2713 5419 9654 3893 5787 8378 7691 2736 2411 3164 9781 961 6296 7177 8664 2311 2919 1123 6965 5572 4160 1182 291 9811 4472 5263 5189 6975 5989 4233 243 4119 5822 3250 3699 9553 1720 459 7963 4976 1001 2827 864 962 5152 3614 6918 7332 9884 857 5090 9872 7926 4516 8867 1974 5567 6761 5887 2921 1320 6754 5267 3823 8206 5908 5156 2861 7815 4963 1570 5544 8295 5816 1615 5703 1926 9991 6774 6797 2320 6031 3458 2556 464 139 7222 5206 8669 8421 9150 8472
3244
31
536 3683 8735 9062 7334 6600 1559 802 9269 5805 902 8890 8970 2061 981 8821 9963 7269 9270 4912 3132 3229 4109 5957 8317 8498 4725 4490 1154 311 5310 2931 5039 7507 6843 3179 5730 8667 9860 6560 6849 4131 9738 8499 6246 7491 1555 7146 3820 3844 9177 964 469 8069 2935 8014 2248 4126 5600 5227 6582 4572
6461
94
5506 5786 6010 614 2743 1550 2229 8468 2107 5727 7535 4950 3044 7571 4093 5832 893 2429 2234 3355 9420 826 1561 3401 3163 8344 2313 4262 1859 1444 1719 783 438 3928 8378 7511 4336 8967 1959 2253 3761 8045 3455 7129 4635 650 3445 948 8700 44 9006 6509 1673 7502 6212 4076 2816 8595 9347 7917 9804 2017 8624 747 7656 9654 3368 6455 5692 2556 1547 2053 2382 4112 2437 1855 5062 8589 5278 1025 7756 9249 1039 7343 2473 8599 4209 1716 7533 7078 5848 402 2412 7279 9081 503 6366 2358 1996 6504 2857 5035 7581 7968 6092 2353 2665 1718 6730 7890 2943 3584 2650 5489 3682 9897 9480 4710 4329 1329 5401 4021 9736 7672 8264 4362 8745 6213 6212 1515 5262 5019 7313 1161 9726 7582 1301 4764 7883 6746 7630 502 2873 5952 4301 638 8495 8940 3683 463 3013 6705 4505 7603 4379 6452 5096 2104 1534 1991 8585 5029 6312 8944 68 5530 1216 110 5237 2311 9446 2047 7507 9684 7760 82 1817 2589 784 9608 3644 873 2354 54 5245 1396 8077 1233
3559
77
8938 925 510 4378 2810 642 5778 3363 8122 1694 6886 1402 3906 6186 1327 6681 27 7317 6652 9195 9455 7683 7257 2399 4328 3761 2712 2541 4904 5469 7796 4104 2548 2592 2622 2697 1124 609 5984 2859 2158 2767 9423 9773 5459 4308 2836 5179 4694 8022 3400 4925 8443 6530 2032 6463 9269 9425 8849 8528 4137 5520 9970 3675 4794 8743 874 3136 7656 2950 6448 3788 5312 5116 7558 2565 8392 9070 1817 8357 5442 2879 1799 2979 2402 1818 3173 2164 27 1985 726 1695 4950 810 7911 2824 7632 4656 9001 9256 1556 2348 6737 6448 3048 1451 8340 7035 2254 1695 3703 4028 9419 8556 7971 3776 8466 3300 8218 7750 9396 437 8489 3215 9994 5149 9181 5458 5020 6417 345 5957 2614 3952 5838 4577 2376 1930 9337 4740 5954 5963 3200 5160 9346 2350 1674 8901 4015 9932 3279 3440 5708 9112
784
3
1475 6060 3114 2380 602 4580
9421
96
8918 5259 3859 6930 8938 1341 306 9339 7456 3080 9901 747 4226 1895 3654 6359 5443 3345 7277 1651 5696 2235 4448 1676 6752 1653 4394 7371 6402 6475 5636 6773 6432 6274 61 8218 9658 8059 2265 1092 9016 217 9290 4974 1371 7620 9135 1034 2023 1760 8288 9659 6262 2182 5875 4206 7321 2645 4149 2634 3559 7779 2558 9468 842 312 709 5817 1044 6775 4422 8784 5065 8824 9305 4335 4281 8516 2825 1322 2471 1707 404 7549 1476 4776 1482 7326 9848 474 4703 9813 4891 5780 5816 2507 5965 638 365 9894 8369 1138 3812 3951 8846 9765 3457 5290 8410 952 2753 2918 1562 951 9450 8663 6357 6414 6747 2434 6108 2739 9651 4102 9280 4442 3606 692 6444 3763 2157 9691 3183 1672 7133 4357 7957 512 4621 3669 6003 3701 3087 1533 7924 5132 5828 5532 6678 8941 928 7763 6181 1529 492 6526 6035 6173 4530 9109 3066 3661 2583 9022 5594 6287 5435 4365 5364 4833 5107 1046 7864 5018 7531 2655 176 8091 2322 5990 4162 9284 9124 7802 3138 6887 8468 8698 1012 542 8811 4832
4250
89
971 9403 8633 1418 7800 7346 6708 1922 8495 3562 6166 8915 3826 1082 5414 8749 4393 2372 4709 2901 6355 3872 8396 4878 4350 4956 9176 5815 6664 2525 4273 8245 3422 8170 1324 2553 2361 1229 116 6864 5638 5787 6575 5754 8175 1086 5028 3428 2061 1852 4704 9572 4055 2265 5611 355 6294 4765 3804 9233 6130 7088 1389 372 1770 9576 9880 9218 4861 2043 5201 7721 458 8505 1063 8050 4964 5292 1126 2417 1020 5698 9085 8477 7163 3828 3377 2844 7520 7641 4803 550 2938 1810 2132 6844 9152 1941 3848 7666 8102 567 8195 3800 9268 7695 9265 2576 6783 7116 6670 8719 5256 8230 5361 4175 1202 9898 4029 3010 7424 4079 2752 4193 7922 500 2029 8679 6255 9891 257 5277 1874 1431 4418 8728 7853 7601 4269 5434 5533 3664 3535 9371 3833 3579 7238 9863 6380 326 2765 3547 9744 5742 9842 1662 7769 2789 7215 5029 8496 9717 4577 2701 2368 1149 6361 6908 4901 7333 5269 7049 3207 9346 3647 646 9637 5107
9008
2
7318 2396 1278 4377
1296
48
9281 4525 7159 1166 5266 821 1745 6337 8070 2468 7497 7945 9805 5757 5752 4366 5142 1971 2103 6526 5619 1180 7209 6747 687 6797 7948 1048 5440 7297 809 9378 6681 1657 9528 2761 4590 246 6761 8569 7226 8243 4051 7869 8655 4159 7418 4682 7947 943 4618 8779 9448 4581 5481 1185 4303 4007 5749 4013 3994 7505 9802 6587 2442 561 737 1342 7514 8881 3510 7133 5105 3162 6407 8549 4314 2059 5292 6057 8741 4441 3380 444 1661 6869 1400 6434 2386 1444 5988 2503 2629 6017 988 8001
7947
88
1709 7430 7120 2145 3780 5052 6548 9048 5965 2447 6064 4874 3085 7970 7888 3854 2390 2560 2064 1308 1383 5850 4518 2057 6971 7225 2099 1233 1417 9645 2670 1165 6446 9087 3564 6283 7266 4784 1561 3836 6346 1834 2217 2436 2698 1563 9015 727 893 8513 1552 5327 4243 5539 2531 3024 2465 7912 6600 8208 2717 7153 5199 1642 7409 431 6254 6310 8543 404 1249 8153 6606 3587 7634 7122 1711 4029 1216 7368 8926 2828 2044 3842 356 5697 8519 4524 3895 9703 648 8033 7626 9931 8802 7033 414 384 6305 9404 4135 5829 1675 3154 4329 6862 4761 2369 9908 556 9088 7892 2691 7885 5244 2685 4587 6632 7210 2725 2991 8999 7229 7012 3953 884 6221 7347 9880 8362 6545 3760 5639 8494 7676 7350 7261 6596 9229 2783 7420 2134 2710 4253 8664 2282 6861 9094 5181 7170 3804 8244 4685 3009 6000 8059 5795 7462 9562 1038 6300 2312 1073 5873 1067 9312 8428 8741 8077 8374 2293 2589 1173 6629 7097 1403
4603
3
234 2221 8773 179 1060 9411
116
62
6523 4431 7072 5506 9987 1880 3546 8004 9156 7814 3071 2557 9308 1334 8749 3590 7564 6199 3095 5780 6189 8750 6678 1698 3872 769 5908 9692 1587 5783 812 5442 9184 9609 8590 3908 3029 2321 2222 3933 316 1129 4393 4453 1147 7098 5218 4959 3859 4185 8676 9723 271 9073 2582 6841 9478 5334 7221 5246 588 9235 5237 3644 5060 4713 7697 2675 4016 8948 2827 9596 2706 6083 5075 6305 3885 7589 9072 3676 6686 1583 5790 4999 1613 7555 6640 5477 1655 6617 1481 1911 3000 4976 1921 6238 2698 8507 6125 2834 7071 1252 7136 4233 4954 9195 9819 8938 7529 8251 1722 917 9342 1229 9674 2722 5953 1776 8007 9337 834 8247 8337 1257
3519
34
6872 8833 9428 6637 5381 1822 5114 6990 6793 9288 4564 959 6123 536 7061 9709 5739 9250 5141 2387 3642 5247 4204 2420 5715 9906 1574 3869 2425 271 9325 6320 1137 8648 3614 1016 8204 2608 5507 6514 6190 4339 3386 7863 6396 1692 9512 4959 6107 9234 4266 1678 8866 6546 3203 778 3952 5073 6483 2228 2074 9110 1206 1401 8098 2760 5524 8710
787
68
4528 8099 8274 9434 4295 6992 5251 7059 5596 2484 1051 4816 3940 2360 2030 2273 5757 2018 1046 5052 7982 4900 4894 8456 4596 2445 1249 707 9789 5248 7215 837 6729 5329 8495 4175 9180 2960 91 2613 7614 5222 3423 84 6018 3841 7385 5522 5932 7795 7090 136 1358 3972 266 3309 9103 8726 6525 395 3091 1620 7250 9433 8972 1344 9943 7975 4011 4563 7583 5508 8189 4977 26 2791 3443 5978 8748 5033 6844 5481 1250 8094 2079 738 3288 7666 9142 5778 3229 6181 5952 1335 135 3233 8410 4135 423 9523 6408 1936 1922 2684 5391 5698 4993 2044 5845 1222 7995 7753 6753 4247 329 2525 3926 5923 6433 4133 2414 6814 3507 1757 4377 5617 2498 4135 8692 1512 127 7999 4173 2437 3538 7583
5995
26
9425 2204 8706 8119 7149 5749 707 228 4990 2281 894 1794 2899 4486 8197 5816 9690 945 3212 4312 2354 2289 6438 158 3149 9062 7448 7000 390 3526 4673 602 3767 2199 3703 9187 9829 3463 6652 7352 590 489 6212 5 4608 7790 1726 9867 662 9255 9722 7298
5140
97
6670 1453 1089 582 5736 2892 8028 4655 3487 2398 5052 1691 1308 7191 6200 361 8270 5160 6291 478 7695 4522 6348 7241 3373 317 618 2876 9424 8563 822 347 8119 7206 7661 3954 6762 9037 7470 6196 1708 5744 792 4669 5946 143 7259 4445 6453 676 4068 4142 4565 2562 229 1400 7857 9155 1174 4473 1768 4058 18 1408 8986 7458 6859 4898 1670 1537 2337 8239 9650 3152 1501 9765 8500 7215 2568 7185 7234 9388 3595 3919 2168 9268 1788 8750 5628 7099 3771 6706 1369 3172 7425 6756 407 5115 9624 5317 6788 7296 5200 2785 8953 2280 4709 4998 500 324 1699 1458 6303 8858 5086 6428 6374 6573 5839 1131 7428 9035 2791 251 5767 7625 6725 6770 4196 6492 2473 798 2326 3551 3679 2504 2902 5550 9756 5540 8504 6230 508 3002 5883 2886 2625 2754 7360 7698 1718 7790 8873 1290 8859 6105 9719 6000 8053 2508 1487 1526 3688 9602 175 4683 205 4838 1743 3121 9650 653 6163 6012 7451 7757 7444 6323 2805 2504 1641 3153 4948 7498 7075 7716 3015 5762 3752 5832 1186 1475 6357 569
