42
7165
82
8804 3461 4814 976 7702 6026 2647 9148 7710 5290 7077 7684 2682 9022 613 9579 9512 7678 3343 568 3437 4668 3989 4563 2001 2952 4656 690 2916 7436 4752 3902 840 9341 4528 5164 3438 9192 788 2650 5128 8888 8316 9871 819 4779 250 158 836 2777 1908 9845 3432 4983 9767 592 8922 6854 3056 9688 4565 5366 781 3811 8600 8204 8919 1158 4891 95 3982 3736 8859 480 3253 1482 6136 2071 9234 7630 7698 2526 3841 5230 738 9418 1763 8800 5411 713 6960 5938 9884 5334 8712 1524 1287 4922 8201 5221 3416 3333 9370 6364 7091 5355 3686 1403 8458 6743 4001 7252 2146 8606 7746 312 447 5586 6066 2562 947 945 2875 9032 9132 596 2027 6851 2420 455 1215 3374 3857 3013 1795 3535 3993 5933 5021 1210 1294 3802 8226 2052 5436 4438 5413 9169 4127 2893 9945 9920 5223 5790 9978 6700 5187 5824 8298 4892 173 1890 9072 2708
5406
25
8158 9729 2158 5971 154 2108 2972 1633 4413 6398 3948 7989 4054 8001 3251 9271 9876 9773 3023 8637 184 9650 1431 6695 5090 1571 1713 279 3478 5254 5213 4985 8706 7594 5926 5553 9267 3374 7766 3882 3747 8679 7903 4023 1073 157 6425 5738 9885 6494
6734
70
7797 8721 5124 2074 3322 4326 6191 3020 9511 9130 665 7720 2548 7406 4402 7307 5121 4693 4052 5087 8392 4091 1601 2956 1556 69 3829 7253 1101 2870 7996 831 612 2854 9001 6494 3296 6298 887 2498 3594 8389 9507 2755 3449 6961 2423 6599 8471 8339 5161 5820 5920 8976 586 7380 8849 1478 965 320 7284 3521 9714 9700 3511 4823 7292 7512 3538 8968 8313 9012 456 5638 4699 242 9988 4467 6885 573 6386 9934 8787 616 519 8378 4181 2411 2779 1626 9356 1197 3217 6735 2574 5963 8585 4005 2343 7298 7783 9151 4228 1041 8294 3737 8535 2492 5275 1391 4930 3331 2787 4944 7721 1895 665 6049 6923 1537 8553 8573 4125 5334 6866 1937 4642 8589 9790 3092 8243 4024 1741 5361 9143 3931 8114 7641 9242 2447
2836
21
8630 394 4633 3060 2688 7362 7856 1567 5896 6962 4081 9672 1592 8520 3682 9102 1596 6561 7677 6621 5065 8813 3928 9964 228 7216 1706 3293 8497 9715 9953 8209 5326 7693 9843 6595 8696 5117 7979 2096 2605 4565
3856
6
2001 8815 8556 7862 4162 1352 7660 3999 2469 4192 3778 9748
3533
3
8033 3583 5869 9680 3793 9379
7033
65
8098 2621 6160 9093 7656 768 1559 3626 6194 1917 3413 7365 7309 8037 9073 5593 5370 7330 4419 3600 2232 3340 7755 6520 9554 1480 2958 9687 9609 9242 7340 6906 1443 770 7902 7647 6382 8949 9846 9260 918 1122 2143 5002 4915 9940 1223 6861 154 4933 5155 9930 5729 9884 8122 1033 3488 4450 9504 4636 5350 6046 1497 2391 9585 8268 331 8522 3870 4480 3912 3756 8031 2864 9111 9240 8751 3098 3234 9610 4839 2517 7154 6205 9314 4449 9836 2221 2355 2121 8308 1831 5287 4400 4234 8038 6549 4691 6832 4214 7034 880 8013 9974 9894 9207 7216 7377 4512 1350 4448 6241 6034 8320 6144 2914 6832 4230 9990 6586 4590 5001 3636 7428 6647 649 6861 9644 7398 3424
4632
14
2499 9979 105 7410 3507 6662 1291 9817 7856 7585 7067 6027 2820 1981 1209 597 1917 6731 6872 9884 9698 7175 7828 4270 6334 9699 8528 4127
6486
93
431 642 4685 468 8388 484 7513 7316 1942 5094 6984 2529 9238 8287 2839 5927 9337 9079 4769 5998 4016 5505 8384 9737 1801 7314 2811 6846 124 6382 1709 6804 2060 77 5212 4 6026 5280 9978 6122 5334 8632 7981 8792 48 1297 9000 13 5153 5179 5877 3854 7838 4002 9544 3134 1001 1586 1730 8375 5468 9906 3199 3346 7661 2118 3666 6429 9122 4424 3770 9510 6413 2743 2007 3748 8029 6848 4336 5335 354 8887 4588 3113 947 2380 1188 4947 8686 9526 8306 4409 7003 8284 7535 1740 8785 1239 3031 1942 456 1746 1156 9128 8555 345 4927 567 5057 9175 2299 9168 1109 4398 3319 1836 3905 571 3614 5388 642 17 4386 6777 4580 2691 4101 6303 8285 1445 9571 5770 1038 3222 3574 8349 1303 3568 7414 384 3302 2052 1517 2003 592 2724 2441 4879 3300 9473 8533 7270 2923 3243 8083 8549 7969 3508 7950 5342 7233 6648 2118 3825 493 7157 2807 6862 4021 6626 9183 1456 2453 9615 1771 5662 8846 4001 2127 7022 3197 8935 7733 1426 6675 8989
42
67
5670 6285 577 2925 6664 7417 1728 6267 6930 2019 4816 3571 4487 6670 1966 4825 1616 9512 657 7567 2581 8802 9013 3011 2860 6103 9661 2891 5704 2623 6921 265 418 4099 5479 5812 5346 3478 9085 300 3033 1801 859 5360 1836 5129 5592 5988 4799 7889 338 759 4054 2970 6034 9017 182 615 9923 1928 2358 630 948 3174 5469 7452 3833 1587 4173 1207 3819 8623 1552 7145 6834 1751 1135 5758 7092 6422 6468 5633 1592 8937 7612 8341 4010 3193 353 5166 2774 9773 9024 7157 9673 9657 1168 2044 1667 9565 4107 1664 6125 1822 6168 7348 4841 7209 4052 6060 7287 2431 5245 9792 7687 7700 9439 4390 2745 1432 3245 8304 7444 8450 3490 1114 8600 8411 5038 3505 261 5280 5381 4047
69
33
3300 4100 7935 8121 1165 5898 2164 8095 3583 9418 4241 277 7493 7408 5720 6034 514 1676 8509 4888 6524 8674 6657 3930 1245 8725 461 9734 9568 778 620 6407 2011 3103 3580 819 1780 2787 324 3079 385 4852 2990 9635 652 4463 4510 5658 2755 565 866 7186 420 2162 9477 9691 5845 9955 7746 8163 373 7705 3657 275 3071 42
3290
14
2871 9381 3734 9864 7889 8120 3501 807 9075 130 2846 1297 5021 9575 8643 9422 3215 8347 2211 5230 423 3803 8027 909 7266 6 3274 5254
8647
68
3828 3017 4550 9370 6452 8610 7263 7781 3495 2195 9147 8506 4484 3187 6482 4363 6497 7900 1036 8599 7 2437 6417 6970 1888 2425 9730 9484 5962 7758 6187 7009 1597 185 7651 373 6111 8576 6731 9680 2744 6197 604 5152 6528 2419 7554 4521 3775 2916 471 3398 5276 9040 1183 2612 3589 4982 821 1748 6831 564 2471 6847 7130 7181 2903 9944 6497 3069 1948 6714 3096 2690 9304 7333 1015 5679 1073 6692 6634 1680 3057 7378 1104 2598 1938 7577 2402 5002 7021 796 3061 6174 8070 9902 1685 7129 41 6325 3985 6083 6327 1576 1678 7614 7067 846 3270 4965 90 8873 419 9872 8151 8871 411 2934 8328 3331 8212 6229 6196 649 5804 6842 7486 687 494 8202 5393 4396 3403 7577 7011 9358
2319
7
3330 313 3376 7160 3053 8245 5310 8915 3284 4408 5600 8182 3111 1998
3235
19
6649 1930 1517 205 4065 5672 6398 3261 8983 3085 7847 2967 2198 9549 2177 6659 3852 6121 9230 9178 2236 4092 3525 6747 4389 3217 8933 8592 9839 8383 8203 2919 7398 5845 2858 9377 5822 598
2554
49
2114 3783 9179 6447 2913 7151 8910 7300 2566 7073 3586 2742 8148 1316 2387 5998 7015 1793 2738 2299 498 1024 779 7616 9817 2776 6005 119 2384 5169 7714 9077 2432 3461 8442 2499 1385 9750 9845 4234 7109 4753 1878 9061 3799 202 4355 3010 4697 9445 2682 8364 8418 2947 9840 7787 5427 4019 772 7113 9501 1407 1863 1404 1873 3703 4448 4503 3940 3889 7039 1126 5182 5453 9397 4572 5607 1324 941 7554 5737 8020 346 1579 4220 2615 2327 3232 278 7064 4516 6536 6753 9038 868 8417 7368 9866
9257
23
8002 8396 1939 406 8618 9220 2146 9746 3897 5332 9687 1675 7510 5731 4274 6569 9600 9626 939 8899 7828 9419 2833 9946 2111 8286 1830 871 9356 4156 8442 7541 1596 9336 9382 2194 3159 1949 9150 9856 6134 8509 7052 2473 1066 3864
4309
99
133 9868 7607 7154 8199 4720 3463 8263 9417 9239 1720 7078 7793 271 6028 9015 6142 2609 2053 1302 2042 4569 3662 6601 1910 535 6306 3533 1483 5188 6877 479 2976 8625 3795 9116 1180 7233 5326 369 4921 2255 6278 9617 7371 1061 863 4005 9003 7114 2829 5397 1068 5689 4264 4767 1000 6109 2089 8799 6452 1796 2895 4227 7971 6975 5384 6531 5066 8871 8533 3818 5628 2867 2588 2310 4485 851 5528 9158 291 1760 541 7338 9512 9541 4064 4442 6252 9905 9834 87 691 8199 5820 2782 8061 5610 66 6574 2536 3903 9800 5675 9434 401 8012 4794 1812 188 6304 6224 8260 1581 7105 6607 7074 9279 6966 9307 8962 6960 848 3089 4604 2678 8650 2419 8562 4601 876 7516 3217 8647 907 2291 2468 1663 4744 6294 6561 9121 4934 8634 5595 5512 2733 3443 2329 1231 5778 1711 4895 8234 3009 252 6112 2020 2998 8968 1159 1720 2610 6599 7820 2862 4514 7040 6554 3573 431 8232 2139 5128 2844 502 6591 6698 3220 5620 464 4499 6411 9047 6087 431 1292 8194 6658 5199 5178 8477 5663 3956 7039 2014 7081 2671
7537
29
611 454 2029 9757 9236 5170 8298 4302 9267 7751 5076 9135 4553 741 3491 2647 4711 3480 1683 548 2328 5260 3039 686 1697 8892 443 4651 9027 1665 738 4666 762 4441 5438 7102 5339 5184 5808 1867 9715 6374 8473 916 882 4944 7873 1377 2296 6757 6232 4462 7900 5226 8425 1786 1951 7365
3057
46
6354 5151 8707 1935 4847 6241 6408 638 3705 632 7235 7625 2239 7687 1713 465 9127 6772 5824 6907 3063 1508 9053 5114 484 558 1544 746 4640 2123 6725 2540 5627 2726 2011 4452 4403 3274 9510 328 3778 1375 4896 9229 2495 4932 5837 3256 6125 7083 9927 59 4604 5167 5512 2349 3413 793 9879 3557 5692 9588 3656 9868 8073 8448 6957 4044 4137 735 612 2127 7796 4073 1839 4439 2653 2082 1402 8073 6785 5394 3099 9288 1905 6013 5687 5888 1582 369 4662 9871
5965
58
358 5172 1959 3738 5948 2709 2734 126 5969 2271 4379 5910 5624 6434 6317 8752 6731 3765 9497 4067 8893 5700 1272 8920 4768 2616 2554 2394 6233 7584 5084 4698 3780 1824 6542 5255 9767 5177 8968 629 8057 973 4003 6906 5126 5356 8861 3829 2347 9257 506 4236 651 8894 8471 5820 1327 5086 4637 3566 299 2972 3123 5777 8324 2455 905 1952 5629 9585 1530 6058 4678 3836 4569 3807 8878 6439 1073 3836 7022 2490 1221 8918 3094 6141 8567 1557 3249 5299 4876 3330 6374 261 9112 858 1616 4803 6028 3320 4068 4630 2793 733 6585 9536 1756 6951 2512 393 9988 913 8986 8249 2623 5373
9802
97
3853 9802 6846 3422 9098 7983 8291 9386 973 3587 2651 3698 3760 3353 3817 227 4885 859 408 6911 5012 7814 8588 2354 7866 3550 4392 77 4747 4976 9400 8429 9452 589 650 867 5176 535 2390 2229 8550 5431 7249 5708 3414 3675 7323 9197 7612 5268 2359 6752 9924 1296 895 8036 1282 2544 6545 5174 8645 4275 6690 3983 3514 6158 8217 9610 3255 9046 6269 1794 7355 3659 4945 8334 6289 7994 5932 9976 2394 7799 7681 8551 1298 6886 3574 9214 433 8001 8293 7699 6029 6231 6643 1465 1331 5943 4567 2019 6361 8605 7401 2913 4758 9986 7451 168 3727 9255 9293 4535 2313 5731 9394 9364 6523 2535 8558 3201 6051 7832 3930 9489 4445 4488 1307 3350 3646 197 8557 9876 8163 8808 638 7107 8925 7975 8816 3018 9003 4855 2786 9394 3168 3629 9948 358 5543 10000 5435 9200 1263 4200 5809 3913 7204 2318 1573 7613 3464 1515 5240 1813 1882 7642 8140 6332 6056 8600 6987 7552 6330 1771 2731 1962 4373 1697 8565 1829 8700 9970 4723 1366 704 4439 4194 8965 5676 8328 950 6451 1678 9091
2940
16
8388 5955 3351 8579 9274 1251 8530 773 6561 8528 948 9999 5277 3021 1251 6924 4490 7272 6659 2631 2668 7152 1892 2922 2211 806 474 4824 3041 7894 5611 827
2694
6
924 8460 1163 29 4211 7144 77 704 292 633 882 2137
3335
99
6275 4109 2733 1250 9366 8754 3606 8594 4605 241 6411 6146 2369 2359 7621 2494 1781 383 7583 1824 683 3183 5095 88 1188 7963 4214 2093 715 6696 5581 8454 9971 4286 8595 4865 1343 438 2502 1964 1223 2944 1756 1389 107 2423 7539 6905 981 3362 1268 464 6621 640 1712 4925 7204 788 2194 4096 2810 9213 9116 9674 7090 7755 8198 1158 3710 4036 3367 5944 8067 7318 36 9814 4841 1836 2814 4019 2721 3009 7536 8613 9778 2233 5764 424 3863 5950 4255 1380 6752 5879 5794 3091 3726 7562 6105 2311 1112 7209 7659 5418 1891 3398 8898 1020 6403 1926 1267 4839 5942 9710 1809 9545 6540 5776 7850 970 9615 2238 5105 6602 8846 6415 1847 9143 7302 1285 8444 1369 3718 519 2954 2089 2388 1556 6132 4212 1802 6068 9634 1540 9669 782 953 3760 990 6546 2696 4132 6775 448 3672 7204 8014 491 3866 2593 1406 5396 2970 7403 7199 9168 4681 5838 4139 5146 4251 6437 4368 3310 7371 4381 6318 8310 730 5202 7707 1481 4361 6706 9530 2115 4338 1904 5011 1678 3544 6772 5469 1350 8346 4957 9711 4371
3453
60
1292 5220 650 8274 808 233 8530 2348 3271 701 6247 5529 4161 8952 6904 4908 2962 1111 8643 7570 1724 839 405 6550 2030 8737 2806 8382 3004 4286 5165 8371 5911 3955 739 7567 564 6401 3965 4204 2680 6397 4594 9564 3654 1968 9802 3791 3791 195 1488 430 88 9249 7671 2147 6944 5880 1629 7770 2244 4453 8703 4307 5909 8127 1098 9651 2114 8928 9875 5887 4463 6738 5419 1927 4101 9585 7822 1676 8033 7416 5629 444 9988 1307 3170 5545 8266 1171 946 559 7385 881 679 1621 8117 1283 9649 4926 4228 1005 2218 4935 613 3544 1588 2254 5379 1451 2507 138 3597 1588 896 8016 4514 2065 5037 7181
5048
33
6275 8704 7108 4996 7088 5383 5516 4040 7439 1351 2203 2988 8636 9290 736 183 8506 134 9473 4818 4828 6133 4783 3025 391 1698 4829 8889 3834 2586 7223 3145 6063 9444 8016 8073 909 9471 8596 2927 5302 643 2637 1797 4899 4622 4996 9863 497 8454 2807 707 2809 434 6672 8103 4445 2579 9407 5145 4668 4028 8861 5604 8844 6868
2270
50
5607 8200 490 7640 6551 2191 2785 5999 8567 4169 7909 807 744 4869 5578 1092 4849 3069 6680 8805 3886 4572 6928 364 9858 4345 1202 8807 1918 6486 4092 9772 8743 8774 8790 9232 2138 5956 3975 5906 7485 4133 4614 2355 6424 5401 6084 5058 7035 4359 9132 8479 941 2531 6847 5689 6898 5363 5666 1264 8278 7816 7871 9111 6876 2397 1579 906 7015 4880 9129 4292 958 2330 9640 9906 3306 7916 9774 2663 1237 1404 2176 5507 4001 5996 187 3329 6625 7219 1565 6211 7005 9644 2455 380 578 1897 6104 6185
5535
18
9871 2903 3161 1832 3086 5504 4021 9871 6358 9755 7556 6814 8231 4047 3502 1303 7708 5926 7618 6072 367 3129 601 1191 6647 1804 9376 6615 6355 3676 3713 8696 8958 5306 4012 807
1723
72
8902 4323 2086 1155 9684 6057 6583 5494 7883 121 8528 4575 3126 6340 6989 4128 1630 9414 8990 6979 1275 6088 5152 8662 7611 7488 8250 2211 8389 2465 7309 873 4284 9177 8696 4872 2922 4602 5199 4914 2813 1404 8318 2502 4602 4818 7351 6485 9420 4461 8066 4174 2719 2211 7379 970 8770 6501 6018 4962 8028 6322 6955 3717 9971 8067 3548 649 9598 139 8506 9140 4300 7072 9123 3378 9810 533 6520 8643 4907 70 2993 6929 6382 5482 1589 5897 443 729 2171 3697 6085 6670 8860 1249 4867 5489 3677 9247 9016 6903 6677 1771 5289 5390 5823 6709 4475 5098 6709 7876 6787 1572 891 9694 5286 6710 3075 8654 5196 5314 1428 5948 9393 7522 5619 6909 6683 9456 1365 609 9771 4900 9031 957 2306 3315 132 5719 6517 4014 3449 6179
5538
46
8926 3122 7556 1691 3118 4878 9 2014 465 3139 7958 8320 6109 220 7791 9761 1258 1122 1391 5813 4220 8858 9604 7174 824 4011 5719 4978 8375 4486 879 8033 7066 5706 4774 2717 5955 3902 4346 8405 1007 1761 9307 8839 5851 1842 660 419 5757 9197 6202 6908 5593 6548 4186 8404 3567 8814 5084 5455 1558 2495 6198 1304 9324 4965 9720 6184 6981 8469 9159 2044 853 923 551 1758 9784 1214 9793 3713 8496 6592 2364 8900 7179 4020 3044 9007 6079 8261 7510 4915
6003
80
7760 1541 284 9149 7756 7138 2473 7811 306 9319 2796 642 8898 7396 8691 4751 2599 4951 4895 973 2602 9993 9391 861 742 382 955 3763 519 1084 4209 118 8721 2612 9935 2882 2144 6124 6216 6907 3844 4671 4659 8904 6164 5292 7718 6933 2971 3765 2999 9053 1452 4757 5097 5945 9552 564 7520 3434 3642 2288 5670 2045 3007 3026 9812 47 9460 4615 1543 6520 2860 3254 3432 2065 7061 3519 6842 435 8909 7328 6435 4244 7660 9638 8322 3514 4847 8037 4453 5792 4956 3811 3250 3569 1475 8594 986 5790 1905 5088 1845 9869 3736 5406 3557 1374 3716 3479 8153 7243 9110 7348 4187 1473 155 6427 4162 5226 9797 4542 6544 152 5330 8269 8926 6548 1757 8075 3803 8727 2792 6882 2106 6525 5837 7805 9295 371 8166 3678 3521 701 2857 8428 5072 931 1800 6720 5889 7191 1011 5215 371 9561 8787 1243 9942 1689
7531
49
3394 8601 7158 3198 6739 587 1768 5534 8215 158 8625 1157 5567 4815 6973 2815 9307 7589 7923 5182 9159 1919 3981 8013 5162 3848 5637 2889 3569 85 9482 9821 9079 1893 6808 9924 287 2460 4843 8433 1447 6745 3315 7223 3651 661 1533 5353 7159 4256 7012 4891 8527 9753 475 8214 4425 3921 5330 7893 3274 4164 5915 1509 4224 4626 8450 3451 2776 9625 9003 856 8875 4319 15 2903 5023 3510 3004 8553 1794 8454 7387 6374 4544 8606 2796 9717 1347 4489 6777 2955 9342 69 1463 9068 8168 9213
3350
56
1509 3354 1611 1438 8331 7908 3928 8168 9636 6925 7244 3614 3013 5578 6035 2034 7502 736 8186 696 3890 3542 6022 1086 406 5630 9950 736 1189 3451 7141 3627 6416 6867 1538 6554 7569 1312 7301 6372 7005 7142 5298 744 6615 4666 9146 6160 4648 7705 7005 215 6295 1087 5877 8063 9925 8276 4790 1773 305 422 1590 6151 5217 4552 5877 3913 2662 558 905 3119 3438 3236 2123 7949 7832 2925 8774 2995 5037 9857 3402 5736 8175 8810 1639 9993 7024 5927 4294 3814 4347 742 7830 3698 4418 4552 4929 3739 5227 6798 4680 3728 3614 1767 785 8665 5745 111 6289 7194
1299
64
8452 8714 3240 4889 9542 7883 8704 2476 8952 4133 5509 7566 7563 825 4208 4126 1066 4106 1790 7837 3245 5211 1803 4595 2948 538 2293 6265 3751 5740 7990 6495 8046 8780 2286 9873 9888 4689 5672 1100 3244 1512 4479 3781 8576 4090 5614 4431 1746 1913 102 4433 3235 6769 429 4908 348 3325 8149 2081 3682 4950 1070 2154 9929 8256 7425 9640 8675 78 1328 723 3091 6002 5055 129 1082 9293 4948 4728 5684 9155 3543 9976 8480 4491 2330 6429 3546 1756 456 2375 2818 9809 3165 5205 360 97 210 1831 7522 8872 8613 747 606 3543 5399 4659 3812 1323 9953 3757 8713 8008 9832 2374 451 1911 1863 1567 2894 7275 4605 2668 2196 2246 6195 1000
7806
59
9170 1942 534 1058 3224 6140 9285 2478 692 6810 8064 817 7996 3852 332 9282 217 4763 9941 1988 3903 750 473 3610 7020 3898 616 1972 4881 488 9423 7086 3356 8088 707 7089 2759 9888 6390 7537 9472 330 8834 3299 1718 2499 3122 8735 9131 8251 345 9459 4787 5642 7265 6123 1814 1424 9723 3577 5163 6115 4766 8817 2301 180 8890 1289 9343 4594 6870 9915 1671 2259 6497 3906 4510 6802 2512 2605 7714 8318 8383 4524 2165 129 2300 8272 9472 1270 2683 6868 983 7677 8088 206 2997 8283 9514 9470 4880 6622 7994 8348 9317 9061 2530 6156 6397 853 2862 1950 3215 7353 1384 2313 5894 7777
1562
89
264 1851 2985 9092 3538 8644 7341 6997 1894 7372 2183 6842 7559 7602 1522 5063 1734 8844 8020 6657 9770 4520 1529 5202 6767 8847 6984 7560 4360 7020 9156 9140 9660 2459 9544 5143 9288 5446 1027 8312 1064 8163 911 2016 5148 3999 5558 8762 171 8796 6837 7115 25 3247 2938 5469 5597 6261 9863 1458 32 6791 5889 585 2580 1761 191 7619 632 4493 7167 1264 2774 6167 9096 5258 1310 884 7894 1864 4533 5977 364 4003 4287 8849 6423 9698 878 9202 2878 45 4002 8730 2270 6687 2692 6879 4200 5964 6146 4855 3105 2484 731 8157 352 4100 7288 445 5194 7600 4060 9168 9351 760 7619 2807 8181 7217 6118 9611 7797 1948 9001 1825 4523 465 7510 5804 2553 6839 5893 2058 1121 2861 1525 768 6982 6955 9335 8075 7669 5122 1629 1524 2096 1008 9229 774 8630 9879 7085 4891 6168 3490 3642 540 1194 7463 6401 5305 338 7638 7232 2820 7452 4815 2721 4975 8988 454 4384 4129 2842 600 8002 9510
5805
61
3289 534 4082 5715 6029 8612 4757 7156 1397 4382 1123 5793 8567 5351 6516 2613 310 9080 5332 8101 9420 8085 7589 1680 6544 4872 3894 9494 3379 4586 1086 4781 8734 7858 7160 8376 4560 290 8671 8892 6432 8286 1526 9891 2878 9682 5125 6936 1496 6625 3228 6018 5421 1020 4026 3274 9066 949 6188 9904 4260 5022 5566 2220 9532 5108 3816 4688 7567 6663 1233 5089 8072 4302 1899 694 6151 4951 9972 6369 7167 173 6088 2618 3014 6067 1819 8231 9317 4943 8133 9951 1774 3223 453 4354 3712 474 1793 9990 5712 3210 4479 1717 2237 8341 3552 6518 8753 6035 6142 2746 5658 5353 8479 5580 9815 7878 8374 2483 9757 2603
9568
35
9658 7510 9996 4532 7571 9930 4948 7254 4981 772 972 4485 4994 5527 4697 1715 8711 8088 3794 1229 7484 5761 8983 4602 2117 3340 35 7077 9408 8016 3954 1223 9324 9137 1417 2755 1846 1922 1186 2109 4491 5162 4321 5769 6892 7492 3103 3024 8395 9566 1503 6327 6285 9215 6775 5424 3750 8987 6439 6677 6814 6232 4501 3215 336 8770 6790 9126 1492 4925
3762
92
5069 5645 3650 9304 1995 5532 4174 7485 7040 9533 9556 3777 4951 5342 2993 7266 6804 7285 4218 9243 6773 259 6963 7892 589 1985 6603 8593 401 1265 374 7020 6374 5454 646 2442 3312 7726 6917 9597 8428 2926 8635 8691 1136 8099 4875 5927 2202 3882 3019 5591 5444 2846 1074 8626 8316 4897 8906 7345 6132 1953 2646 2854 2839 529 953 2281 3613 7924 3213 7772 7198 5583 8485 5224 6034 6336 522 4002 4906 617 7077 8032 6806 9304 4812 2695 1109 4007 5014 8704 5662 6129 3936 5061 8619 5252 22 5562 7853 4335 7266 2715 2870 1086 7769 1912 8763 743 348 2833 7473 9109 9007 7495 2497 1339 2551 4126 2720 388 1362 8142 9495 6832 2194 1030 6592 8532 7277 9643 4710 8479 1917 6510 2280 3188 7566 6132 8126 681 7112 2965 6111 4367 2503 7183 6482 5217 3294 1457 5562 6430 4817 8281 9796 9514 3368 2829 8110 4432 7434 1537 4384 1185 5138 7411 7781 1364 5428 3505 1521 5224 7797 8567 273 1147 1767 3163 7373 6889 5535 1116
5529
19
7872 3832 1634 6621 1443 8571 9138 7439 3619 963 3610 8856 6073 138 2991 4387 4454 4537 8004 6263 4131 7178 2037 3422 1784 1723 64 6378 6095 3660 6081 9058 6025 9756 32 4852 1521 2950
1562
74
6851 6967 5830 113 9839 4301 5890 102 734 690 8445 8946 3977 1504 1627 324 76 8376 5767 4001 3436 8104 958 3660 2062 8299 5373 756 4354 1259 8885 9873 6324 759 8322 2689 6965 1449 7264 5201 6365 4937 262 4615 6438 2063 3539 1007 384 6163 2977 841 5561 5824 7940 6047 7877 6714 462 9077 3024 6969 6568 3409 5288 4706 9736 3640 7012 3452 602 2984 8896 2062 6989 6919 5608 68 6948 6177 4898 1787 9526 8621 9762 173 5961 4487 2127 1310 4688 8165 6771 3235 787 9655 3219 7049 4635 6436 3539 8808 4365 4821 3199 8358 1797 687 8543 5058 5636 1967 9602 9518 679 1786 6725 9701 7536 5542 7470 9210 9384 7282 549 6510 8603 5051 1972 2758 1279 7434 7552 6659 4613 3329 8637 8913 5327 5800 4324 6897 8986 9382 8886 2678 2218 2558
