19
1205
65
1241 8786 6080 9590 8006 5580 1300 4665 6511 2964 6918 9796 1249 2346 1104 2633 4132 8012 890 1886 358 8042 5638 1711 4822 8137 813 1327 3646 5615 3793 8661 5350 8278 182 1084 6030 2583 472 4894 8715 3313 9055 7636 5869 8103 5435 5358 3455 2877 4555 2195 8916 5936 8630 9069 5226 8811 5363 7794 9025 6775 6629 5838 6753 7633 5597 6004 7000 1430 8788 8793 6802 8376 637 3775 5965 3999 2496 706 6046 762 3897 9635 155 496 8362 4351 6605 7797 7445 1194 132 7166 4744 1524 8232 6617 140 5891 6449 8290 8123 1151 7918 3240 8662 2818 5491 8105 7389 1745 570 6405 9828 6945 7844 1654 4408 1789 5052 9915 1034 4638 4322 9203 6678 5975 9366 8405
8625
67
6925 951 4325 4019 5252 27 5416 3036 9129 8951 9040 857 1912 2499 6058 8303 1348 2043 9856 3715 9957 2186 8896 4012 4351 8703 9757 9006 7948 1557 5891 6966 6613 3268 8645 9218 4943 533 6391 2750 4313 8830 8902 3536 5973 2317 2660 7639 1023 9377 5480 5185 5663 4247 793 6173 9013 3928 6222 124 5869 2523 4421 9204 4739 9436 8701 3425 9863 7778 1715 3596 5507 8812 31 8266 551 556 4491 4580 5536 3404 8136 4693 8884 3975 7205 9630 6804 2853 2964 5980 2748 1274 1402 9097 1784 5861 3221 6855 8973 6680 4373 2641 21 7821 1488 8999 7067 7724 5880 5393 6399 3828 4759 6998 7947 2076 7573 1381 1637 7391 4400 8743 8193 6486 8162 1543 6982 2298 7341 4506 4644 8500
8647
45
6692 3899 512 3842 3182 9735 2564 824 1998 886 1810 1100 6219 9175 1025 9637 8641 7555 7426 6234 1116 8803 1630 4258 1339 7169 4574 9165 3096 2348 9645 9007 314 7349 457 5609 5943 4888 9103 9584 2821 5423 9509 4653 4432 2354 2862 5113 63 6245 4858 2994 695 1931 2247 5657 6819 2123 1003 8747 3880 2427 1008 6027 9825 2965 101 4227 4046 3062 7514 1921 4012 2380 9675 3160 210 6645 9695 1271 1736 7690 2545 9417 7090 1484 9270 2923 308 3630
9911
44
2554 477 6177 2891 2693 5407 9802 5918 8533 3961 1701 6404 1800 7461 7801 5924 9833 8396 56 3189 2660 4062 3564 6374 1366 2508 5996 1111 7487 344 6176 9095 9758 337 4641 1072 3616 54 9255 1934 3994 9574 8791 8493 8337 104 6044 5459 4941 619 9949 3692 8534 2402 3522 1490 2743 1482 4239 7818 1185 7174 1027 7924 520 3983 3364 3927 361 4677 9244 7711 6150 1674 6751 9683 1210 9181 8952 2480 756 6836 5998 8576 2737 3660 6187 265
9062
67
8793 6692 5565 3954 3810 8385 843 5242 7404 9466 2536 2000 519 5568 1952 8990 311 2856 9735 9464 2423 8179 9296 5723 8437 7276 6648 7089 6868 1380 9474 3499 3401 1683 4427 3087 4782 386 8909 8851 7718 3586 7770 5160 8269 4592 186 2502 28 3763 3349 886 433 786 2120 8001 2262 2806 7625 2894 9117 9007 3854 9856 8266 1409 3843 5607 8827 5289 4799 5374 3536 164 232 1074 3050 585 3273 9627 1502 6442 1317 1320 9457 4730 1980 6146 4758 7123 1041 5751 6861 647 8859 6258 3130 1127 8340 8868 9719 8551 7696 7088 5307 7421 1763 1270 5468 1945 2955 3076 3817 2295 6639 3584 7924 2693 3987 8753 8160 8288 2992 4378 4756 4862 2790 6802 2482 9931 5688 8255 6594 736
5184
52
9626 1754 8197 6245 8604 6738 9477 5248 5548 8381 3778 9945 3183 3898 9792 3482 2895 6900 3087 8297 3662 8478 7354 2944 6689 1136 195 491 3407 361 3319 1132 5132 5988 7 9978 549 7421 9569 9702 8960 8390 9776 3650 4626 1373 8395 3277 2976 2411 24 7937 8479 75 6330 9706 6601 3411 5511 2852 5914 9702 9105 1633 6334 4128 20 564 5232 1092 7513 1427 8369 5657 2182 2232 993 8757 9609 2726 7753 7969 5719 2280 6817 9949 2673 9213 5837 1226 6531 6218 8157 1151 1316 916 2644 6393 8317 6558 927 8604 2366 9373
2018
80
7560 1411 2062 9029 3268 1087 174 9939 4351 5753 7697 2416 1884 4646 7128 1283 4606 4475 424 8988 1991 8918 2086 9184 5222 4834 3780 6892 9167 9577 8969 5623 5046 5983 4703 1293 1308 6685 18 6914 1110 3540 9971 4920 5478 4866 613 8485 8719 202 8020 7857 4715 7466 1382 1549 5272 9774 4242 2288 5751 2754 2372 521 6207 5528 8829 122 5978 6786 6681 2525 4267 3789 3916 8796 3535 1446 3808 9599 4 5435 2685 5558 4714 9041 6854 5220 9743 4562 7082 7942 9968 7542 9844 7824 2849 8729 3734 5059 1005 5861 4598 7553 9190 7705 9932 2608 340 576 596 959 5211 6441 3807 3150 8560 1238 261 599 315 6937 3749 1179 9710 6438 4286 8814 8587 9370 3304 727 7844 7871 3330 2512 233 8602 270 4481 7815 3136 4969 3421 9977 9974 56 1723 9797 7655 6726 6489 2326 8603 1325 2981 7886 92 5280 9058
1724
80
400 9761 5210 1400 2507 9180 296 4254 6402 8697 9281 3436 3096 2496 6314 9896 9238 4714 8939 2273 6219 9658 1018 9381 653 5211 9589 2225 498 2481 400 5450 8145 5592 1699 1489 6797 7944 3489 4824 2499 2968 3422 8142 6018 5622 356 6993 3525 6858 120 8488 2694 5826 2140 9641 5131 8777 8053 8693 8612 3565 4043 1373 7009 598 1803 529 4958 3298 5502 6915 650 5611 6168 1233 1941 8853 9026 1018 8308 4909 4093 2882 6689 7300 3698 1113 5992 3226 7959 9821 5766 4604 7531 1729 4100 5002 4606 2883 6722 3807 9886 2588 1054 7584 3722 3934 295 3147 5702 8260 2548 8954 1001 4410 3723 1787 9004 7775 4490 9826 730 8356 8260 8547 3618 5539 44 6978 6399 7580 8636 5546 4161 9842 1173 3692 2821 3048 3502 8806 2589 2121 3707 7150 3314 3728 7800 9869 846 440 9150 3522 2099 115 5664 981 1302 6672
588
48
9372 7401 4365 4149 1074 8917 4399 3936 1382 9725 8075 4033 2117 3828 8730 8883 9528 4613 8105 3657 9225 1033 662 7082 2884 2087 5319 6224 7919 7298 4388 9934 9096 4185 6797 5284 8189 2283 6088 8370 8966 6801 9617 6335 3054 6800 5718 5168 7057 4050 8844 4650 4322 5159 462 26 5770 2530 6893 68 3270 4104 9324 3018 3664 6206 4467 8955 4278 11 5344 1837 1698 3438 738 321 3008 687 6164 6760 6398 4729 9381 5918 9552 651 5684 9194 2865 6576 4724 3234 4010 1334 5147 9969
7203
29
718 2372 5860 6379 9065 3901 5967 1160 4585 2499 4530 7506 6352 8970 688 1855 5306 1618 1988 8186 1899 9516 7406 7785 5904 9536 9987 1421 2252 8859 5626 8948 3429 1110 7795 5927 6741 1554 8284 6912 4122 6915 4980 564 2703 991 1521 2741 5369 8840 5739 2152 562 3058 9779 4947 7630 3591
1157
98
6336 9686 205 2816 8109 5391 7011 3852 7832 3127 8763 8976 9097 5585 3632 8700 2901 4573 8236 1563 9294 8054 7646 4041 6950 2211 2175 1958 2844 2290 9795 685 2748 6203 2899 799 6588 1701 7630 8156 1843 5702 1005 786 9373 9273 1489 2381 2629 651 912 466 9084 123 684 5323 7483 9600 6801 4503 413 2512 9536 7287 9996 8927 9182 1532 8575 6251 7178 6381 6168 7357 4855 8351 3332 3918 6283 1501 6856 6696 8648 2807 9938 3401 4239 5221 4728 4114 8441 7344 8691 4114 2351 5419 8605 1706 5184 5598 8069 8179 2888 9567 8635 9698 1354 1201 2320 2446 4975 836 2699 8325 2171 7410 2241 7100 1549 8607 116 399 4494 2674 1315 9428 1114 8797 4247 4001 7458 9513 481 5556 4052 407 1935 5816 4282 3210 3390 1528 1487 3176 5380 327 8232 285 4664 2300 3835 4343 7358 5622 2686 7340 2910 9728 724 3984 3744 1397 4430 7466 7686 6400 7990 8996 1873 2219 6782 9829 3042 3632 3835 7096 3279 5874 7730 6792 3379 3945 6134 6059 3596 7936 9201 5802 3841 460 3597 97 2551 713 2516 1172
623
58
5218 5139 504 2037 1948 3487 3426 8168 298 8268 947 1888 4642 4890 6452 3490 5237 980 6608 7486 7530 3348 2304 7664 5360 286 2235 5450 3612 5996 7468 5906 992 8600 8903 5246 1134 4717 3809 2771 7187 5363 2685 5527 1787 5941 2434 9813 8783 1274 2959 7320 6582 956 8491 8797 3274 4109 2132 1646 6237 474 3488 7599 9973 3738 6243 3776 2584 696 7764 7752 8183 2170 9019 6787 3604 3161 4049 4144 8063 6254 9779 4760 3623 936 4038 4567 7373 4339 5208 6355 4851 8420 2589 462 3755 2797 8927 903 9085 8898 6538 1974 2187 6166 9276 9560 2485 9812 772 838 6982 9887 3902 4679
2589
55
1517 7514 1115 9852 5060 4339 6067 625 9900 2506 3944 1535 8471 3292 2112 2481 1581 8830 9590 3781 517 4494 1866 2684 8284 9705 6596 6668 8011 5730 2957 393 9965 5526 78 2499 9042 8074 6477 7972 9746 801 746 7543 7743 482 7593 3903 5142 7293 5972 234 781 8123 5051 1332 9184 9131 7586 1388 4902 4843 307 1892 9865 9546 7797 2743 4088 293 4732 4513 9147 5598 2194 7504 2350 7955 2067 191 3936 5686 5982 9736 196 1850 4265 3054 5456 7119 778 7660 5550 3490 3620 8752 6398 7293 2524 6951 7689 4521 2911 3427 436 6842 8561 6596 5232 2360
4775
56
8743 1912 1175 1659 2289 2107 744 3969 5505 2218 1986 3541 8957 6029 6920 5231 2461 4449 8979 2211 7572 4424 4008 1215 7371 3739 7168 9878 2643 6718 6686 4141 2930 4123 962 9459 5367 5896 9988 6044 357 7808 9266 6748 8540 953 7324 6053 5435 2433 7069 5719 4212 2079 8703 4301 996 3571 9958 2841 586 6144 5461 5024 3832 7971 8965 595 2400 1944 3695 316 2217 4035 8294 537 8680 6084 6114 9572 8931 9862 163 4245 6787 1362 6952 2161 6949 7638 4224 3870 2462 7508 2201 4263 6891 1595 5749 2432 5815 1424 4300 3534 6572 8684 6944 79 7601 1553 5815 4588
6240
71
3620 4785 238 3171 6826 4812 1139 5653 8615 7595 7872 5720 8085 5222 6714 7575 1939 5336 9741 2911 9842 5579 654 1517 4565 7591 3493 572 6820 5054 5604 3853 5272 380 1106 6120 9727 9308 3316 3930 6065 7546 9031 7872 5309 8990 3228 602 2745 1856 1056 3889 9552 5672 5224 3091 7047 667 2337 6520 7632 206 562 7250 9229 7817 7083 7862 9969 4114 9228 9637 315 8800 3677 3539 4909 356 419 9038 8767 3555 4550 8219 9586 405 2502 333 847 3847 5990 2068 6151 1780 6264 357 5179 9824 8594 9801 9424 4984 7008 2465 9704 5572 6488 6579 1648 1413 965 3439 2979 2851 4166 4132 5626 3091 948 1064 5839 8646 8941 3284 157 4025 4588 7964 9582 3028 8742 160 3729 5806 3161 2692 5439 6033 6091 1204 9556 3330
2299
6
8424 717 6368 614 357 120 4121 7026 7061 8671 4940 1841
3869
2
2904 8195 4190 5115
8875
54
7622 4536 4644 9675 3296 7560 3233 4166 4763 3460 2047 3108 5894 8920 1095 6864 5445 5392 6660 4628 8748 2754 124 7111 3502 1355 5908 1045 3251 4098 6473 280 6579 5557 2156 7067 9273 2066 5627 4300 722 3209 7030 9735 3080 8591 6027 5914 3565 5202 9979 8263 1292 5665 1558 3266 9155 4159 6654 3808 7027 583 6464 4862 193 1099 9091 3566 2633 7457 2869 6727 7496 4030 6663 6663 8151 7771 566 8622 5045 626 2582 7003 5898 1036 283 3985 2039 9152 840 8790 7757 7867 5384 6705 958 7415 3585 4748 1790 8969 1525 7167 3638 4862 8577 9851
3145
80
3039 7295 6019 282 5032 6069 9776 7682 3531 6224 1761 6516 2913 5216 7902 2547 5317 8638 637 9886 4564 3180 3621 2521 4765 4534 7894 9040 1703 7209 2084 2124 4426 4363 8954 5509 5258 8143 3088 6970 3036 8030 3031 9858 4953 5903 3060 5810 6442 8465 466 6557 9404 2004 1901 9723 4414 9678 9012 7266 3835 5930 435 8564 9295 2025 4105 3091 6009 2532 2404 1043 8879 3008 7073 2907 659 3560 9858 9770 7673 8927 4525 1362 4683 6119 9695 1041 9834 7298 7813 1205 3941 9503 245 7776 2771 8863 9066 1704 9824 2317 9252 9398 181 7338 2283 3977 86 838 2933 3623 2408 8070 6554 3120 2185 7661 5514 4642 5706 4019 7738 3459 3405 4579 5113 6034 3305 4399 6030 2803 3003 4032 6850 9832 4475 4350 9404 9876 7279 9494 9342 5608 623 8893 9476 7022 5902 9718 7797 6194 8181 5337 7548 1378 7823 2174 8001 6992
