10 50
10 9
7 9
5 8
8 5
5 8
3 10
6 10
4 10
3 9
7 9
9 10
6 10
7 10
7 10
1 8
8 5
1 5
1 5
7 10
1 8
4 10
3 10
6 7
8 1
3 10
4 10
6 9
10 3
5 8
3 10
3 10
9 10
10 9
10 9
8 5
4 10
8 5
6 10
3 10
7 10
10 9
7 10
7 10
7 9
6 7
8 5
3 10
1 8
1 8
6 10
80
6 10
6 2
7 10
2 8
9 10
9 7
10 7
10 3
2 10
1 8
4 10
3 10
10 9
7 10
3 6
3 10
9 3
10 9
2 10
1 4
8 4
2 4
2 10
7 10
10 5
1 4
5 8
4 9
9 10
3 4
2 3
10 6
7 3
10 7
3 10
1 8
3 6
2 5
2 10
10 9
6 7
7 1
10 9
5 8
2 8
1 9
8 5
9 10
10 7
1 8
8 5
2 9
8 5
8 5
1 5
9 7
6 10
7 2
5 8
7 4
7 10
2 7
7 9
2 10
1 8
3 10
2 6
7 8
1 7
3 10
9 10
4 10
10 5
5 9
6 10
10 4
3 2
5 8
6 1
7 5
