80
2 25 33 65 69 67 47 41 83 29 93 74 13 100 93 53 83 67 73 83 78 23 57 94 83 49 51 82 20 91 30 27 28 89 67 53 13 74 98 58 61 98 1 29 90 71 77 92 56 44 31 52 87 70 4 65 14 95 66 81 68 31 1 100 15 70 40 45 71 60 38 22 99 97 21 90 33 31 10 2
20 21 11 4 83 83 59 80 86 88 87 28 42 43 22 16 97 97 26 61 96 40 33 45 95 84 60 55 92 37 76 98 26 94 31 50 34 36 5 67 95 53 29 19 84 44 76 7 92 19 10 40 69 12 76 77 50 41 18 34 23 19 27 66 29 47 62 63 32 96 13 36 6 95 19 90 7 68 89 21
39 84 84 98 76 72 77 86 67 55 49 23 78 37 22 11 80 73 87 93 100 17 16 27 10 43 29 19 58 20 9 4 27 75 96 53 94 70 77 69 84 71 51 90 21 72 67 53 74 81 96 0 53 29 77 94 61 0 65 24 56 8 6 42 92 91 59 38 62 51 46 56 13 65 84 86 6 86 11 10
67 70 55 10 43 8 100 28 68 21 10 31 37 96 86 24 17 79 73 73 46 27 16 15 58 27 19 26 10 59 34 58 87 89 52 67 26 16 38 41 31 84 56 13 55 38 49 20 26 80 53 97 95 63 50 36 57 60 15 9 44 78 87 10 89 39 94 78 16 82 96 53 90 14 39 79 50 71 51 17
23 19 55 47 54 16 26 78 31 25 19 5 20 35 97 13 67 61 8 9 73 67 92 3 60 88 87 18 34 18 65 82 76 20 16 7 19 27 79 99 36 19 44 66 84 76 89 47 56 39 74 17 14 82 95 72 5 76 84 97 43 84 9 97 53 35 13 94 82 92 71 19 4 83 91 48 45 90 31 18
95 27 71 98 74 94 67 79 65 41 37 12 14 94 20 35 73 20 16 94 21 0 23 93 85 40 48 89 41 100 33 26 80 46 19 75 91 80 12 80 55 96 32 6 41 59 66 51 63 74 12 78 28 63 30 61 62 55 52 92 69 16 49 73 75 1 30 70 36 15 99 18 58 87 9 84 83 33 89 2
67 65 27 19 74 63 100 13 78 61 10 9 31 11 25 18 11 19 18 36 91 52 17 50 93 8 23 36 95 93 53 4 85 34 77 18 34 1 32 31 23 73 28 81 58 80 76 81 62 91 26 8 69 51 18 19 69 87 12 27 84 45 93 86 64 12 4 72 9 78 23 94 32 96 84 49 2 56 45 62
77 91 43 55 45 32 5 13 6 95 25 100 36 6 31 17 57 44 80 5 46 92 41 82 10 54 79 35 69 94 23 94 50 82 94 70 26 59 76 64 39 52 96 100 29 68 51 4 41 39 48 83 59 22 24 53 66 13 51 0 46 98 41 26 57 71 25 100 80 64 26 80 24 96 45 73 77 66 15 89
59 58 96 86 26 45 42 22 0 25 10 82 17 89 86 6 92 24 22 91 2 89 28 30 59 13 43 88 49 67 85 45 49 81 19 89 72 19 39 46 17 8 41 29 73 14 9 53 13 3 25 25 4 40 6 55 20 91 53 43 1 72 2 1 7 4 56 60 86 52 26 34 35 53 71 14 82 91 63 27
59 71 43 86 69 16 72 81 8 67 15 66 97 53 21 63 12 94 66 58 75 22 98 29 64 31 66 15 94 58 41 96 65 9 73 36 60 100 35 55 85 95 11 55 34 41 78 76 68 83 3 21 45 57 25 15 93 84 0 42 32 72 42 19 64 33 70 53 33 78 74 92 66 44 8 50 27 40 64 75
61 79 59 85 98 18 15 64 50 21 54 13 40 32 39 22 98 47 14 97 23 42 62 63 93 78 2 92 29 75 69 37 3 32 77 89 3 38 51 39 86 26 56 39 62 87 85 45 83 81 71 96 41 53 30 45 39 72 73 58 21 70 27 1 86 54 43 39 81 11 4 27 4 69 86 36 36 35 52 82
51 38 28 80 4 83 0 53 38 91 42 61 18 26 48 41 18 35 99 51 73 37 99 57 40 50 22 30 6 21 7 98 56 100 81 28 99 97 59 6 81 61 85 41 64 33 55 65 75 88 58 10 89 56 10 76 32 47 55 12 99 5 46 1 86 31 17 44 97 43 11 44 95 31 85 46 58 21 97 86
33 39 19 82 2 56 94 21 11 13 77 77 95 39 97 80 8 92 43 97 27 53 14 94 40 19 27 77 12 37 43 52 90 88 21 54 47 37 51 47 62 4 75 45 44 83 10 34 0 69 33 16 94 95 25 25 20 66 18 82 23 25 78 24 88 24 88 82 62 85 49 36 59 34 44 1 44 11 94 53
90 59 63 99 11 80 33 23 23 68 84 11 12 96 80 47 1 74 83 76 43 46 53 51 32 34 69 72 51 70 48 68 84 19 24 58 70 46 28 15 54 45 60 86 99 0 64 64 50 60 74 24 20 43 93 71 47 82 7 7 42 40 61 98 43 61 59 93 80 21 75 40 15 25 3 89 59 16 50 59
99 85 19 24 27 62 62 60 55 35 55 63 17 85 17 79 76 95 92 55 84 14 98 65 72 8 3 46 72 80 13 100 65 59 17 82 19 93 98 75 79 78 71 87 99 89 33 64 7 21 1 36 12 0 9 85 2 19 55 56 73 63 11 7 60 96 49 13 1 86 45 82 68 94 0 52 49 48 99 13
4 21 95 16 71 9 42 77 98 8 64 26 6 70 64 89 81 81 90 17 71 51 81 98 73 2 50 39 7 72 56 65 18 43 75 79 9 58 68 11 20 4 16 64 47 60 10 27 34 98 94 24 24 58 75 21 5 22 17 14 20 40 6 20 65 73 95 69 70 18 99 91 29 44 37 92 52 66 79 15
21 92 34 11 75 1 25 84 29 5 28 20 56 86 26 65 79 5 77 67 75 12 77 36 16 77 7 1 51 81 28 93 77 86 12 76 44 37 27 56 3 38 86 72 0 1 41 43 55 17 64 54 24 45 63 79 75 56 33 56 10 51 62 22 82 6 55 45 71 46 65 83 82 90 75 19 36 49 85 32
43 100 82 75 77 69 52 35 85 96 99 9 72 29 50 76 91 9 54 89 47 99 65 77 89 5 3 83 60 64 92 0 65 65 14 8 45 97 82 5 95 23 51 73 22 27 78 13 61 45 34 67 81 83 99 36 27 98 55 25 61 22 99 4 85 36 66 72 14 25 71 71 71 89 16 44 21 12 22 76
9 24 74 93 26 48 39 73 17 70 64 89 70 33 70 51 92 21 7 55 30 65 83 17 91 28 62 16 71 45 24 9 25 69 38 22 58 9 46 79 61 30 65 27 17 85 78 61 6 21 36 60 92 11 42 8 35 34 99 73 52 97 55 24 62 11 3 88 72 63 92 94 25 62 12 77 3 47 95 58
63 56 59 84 71 91 99 3 67 97 13 88 97 65 6 97 92 73 17 17 35 68 0 90 31 83 67 66 65 60 33 96 17 66 91 55 38 49 23 43 84 54 57 21 55 28 38 69 49 34 61 60 71 75 0 91 73 96 71 56 89 12 91 59 67 72 93 42 18 57 93 71 59 60 73 5 87 51 1 65
53 85 55 5 70 71 2 24 90 19 2 96 14 70 49 44 50 26 94 44 53 15 9 58 19 66 26 94 58 51 77 89 76 16 51 26 43 78 39 76 16 52 98 76 7 37 2 72 63 67 83 61 19 93 66 62 52 45 86 69 47 64 56 57 40 36 42 100 45 49 49 90 11 7 98 81 64 58 80 59
6 10 74 87 29 51 36 83 76 11 72 48 8 0 17 100 38 15 26 73 18 82 26 5 29 66 99 63 19 38 6 1 67 80 53 96 62 72 91 13 84 47 24 0 72 58 44 53 71 96 16 92 84 32 47 28 25 64 25 91 78 59 67 24 30 83 99 35 49 53 58 97 21 7 29 67 100 15 75 21
4 48 26 61 12 35 100 11 83 82 78 64 20 19 56 66 59 4 76 65 35 9 29 5 58 63 86 27 1 46 47 14 49 80 64 76 46 80 97 53 61 3 3 46 92 11 24 87 38 95 61 99 89 41 36 3 29 85 70 44 11 34 7 61 90 22 8 26 51 86 68 52 96 78 62 60 42 78 60 5
54 74 76 2 99 9 26 41 15 87 3 46 79 49 37 48 16 12 89 49 70 96 69 41 19 12 77 1 32 14 70 73 10 58 2 62 24 17 83 15 16 70 49 25 81 4 10 87 96 15 48 31 64 5 51 35 14 9 31 77 84 62 9 96 80 72 77 42 37 84 87 41 22 79 68 53 68 47 82 45
60 54 90 29 33 8 70 56 22 87 50 97 79 37 59 90 57 43 82 57 56 0 47 57 25 64 86 82 99 94 90 13 56 61 28 34 26 23 30 41 19 15 8 65 95 49 11 41 58 59 30 61 41 74 80 83 45 26 88 71 63 29 99 100 6 39 79 78 75 32 41 82 87 40 56 62 87 2 11 11
62 61 14 69 21 69 48 100 80 85 43 23 49 31 4 20 49 63 50 60 40 54 56 15 68 76 24 2 86 93 81 33 31 1 33 90 58 22 48 20 1 32 19 52 84 97 48 0 16 39 29 17 91 31 67 52 94 56 47 48 12 70 89 10 60 20 80 90 63 69 91 95 16 85 11 42 86 38 97 62
43 30 65 78 96 71 31 30 51 45 94 8 39 23 55 41 83 49 86 32 92 32 9 17 25 0 95 63 71 15 72 26 96 98 93 13 55 86 15 30 61 95 31 0 79 81 16 89 16 47 24 89 54 83 26 66 51 60 62 63 69 44 27 8 98 32 90 84 59 44 56 24 93 45 7 69 60 61 62 75
39 37 27 46 68 9 31 37 94 99 21 9 62 35 70 26 77 87 90 22 43 67 14 3 32 41 28 83 33 97 35 81 84 5 83 85 88 61 76 57 28 9 26 64 97 63 77 11 11 79 11 75 77 47 58 58 35 60 44 83 77 87 24 86 39 93 89 72 24 37 97 91 55 13 72 31 49 4 10 16
34 26 76 68 70 18 32 64 25 52 12 91 84 64 39 5 87 85 50 11 72 58 80 64 73 81 37 4 26 89 16 16 1 98 10 18 52 23 41 18 9 91 35 68 87 3 53 6 75 13 18 5 61 67 77 34 19 37 26 65 49 90 79 22 19 5 27 70 22 57 85 47 2 35 77 66 26 82 93 95
84 87 45 59 15 98 10 33 7 5 47 27 7 23 68 65 43 71 46 53 64 64 70 62 98 65 51 27 93 76 33 74 94 45 91 95 66 16 22 9 67 27 45 38 19 61 24 55 22 35 65 40 52 16 18 90 25 8 4 13 71 12 50 98 95 46 82 81 23 69 76 43 68 0 27 30 40 61 66 68
52 19 16 64 9 66 86 62 88 61 81 47 24 91 25 91 34 13 18 70 28 81 76 8 6 17 49 52 95 50 11 13 51 25 22 56 23 86 93 97 21 76 14 97 22 38 65 28 7 39 94 81 85 28 39 44 6 13 87 60 1 96 27 4 2 68 41 75 27 41 40 67 35 14 4 26 80 69 72 78
45 27 30 64 88 24 7 62 12 27 96 33 73 1 48 84 96 94 74 55 35 64 90 94 26 96 36 52 94 4 89 28 86 24 89 36 79 58 98 28 83 65 0 97 1 37 97 2 21 13 56 63 13 6 26 0 77 90 45 20 2 1 50 30 84 56 47 27 93 61 71 23 30 34 81 32 92 96 1 22
75 50 13 66 37 77 83 26 2 27 0 92 78 42 98 44 31 83 91 7 96 9 80 28 11 16 5 49 36 41 54 78 19 28 42 92 59 49 48 15 53 40 1 62 87 73 73 83 84 15 9 55 7 32 55 52 46 55 52 9 59 5 94 29 60 74 39 64 99 69 33 67 92 59 27 93 63 22 73 94
16 67 2 57 3 75 94 12 37 60 63 41 96 29 18 76 57 40 31 56 58 40 79 28 54 90 81 93 88 35 18 20 82 51 49 70 31 39 33 46 72 82 90 27 28 31 96 8 77 20 44 76 58 21 36 56 26 21 57 17 57 49 54 51 83 30 49 39 79 29 98 27 62 9 66 90 19 94 7 22
11 64 1 11 88 31 7 17 12 65 48 97 39 77 13 56 34 41 94 3 41 18 24 67 24 4 7 82 21 37 15 50 17 11 68 58 92 85 27 11 36 15 56 14 31 44 50 61 70 30 30 22 1 97 46 16 47 45 60 42 77 93 90 49 99 30 13 36 81 90 4 56 92 22 63 55 48 100 45 60
69 65 68 33 62 29 45 99 24 21 24 82 30 36 88 64 9 45 92 24 84 90 48 95 93 62 6 7 87 63 23 71 28 7 36 34 44 38 57 85 98 88 75 40 88 43 12 43 90 14 60 71 95 58 33 39 50 52 98 72 79 93 43 69 69 15 39 45 85 80 26 48 61 76 33 48 95 60 27 10
51 61 23 34 67 57 53 59 33 23 36 1 59 39 73 9 56 16 80 79 70 0 27 13 34 40 64 82 82 29 51 9 16 59 50 89 36 8 10 78 13 8 46 2 14 50 41 13 86 19 7 65 22 16 70 88 3 10 54 5 65 60 65 66 60 70 57 72 19 1 9 25 43 18 99 38 74 25 49 42
30 32 64 21 96 62 36 26 23 49 42 24 45 23 21 44 40 77 93 48 3 70 47 45 60 96 97 96 52 0 43 60 41 76 10 83 91 85 41 32 12 63 59 31 7 84 34 30 79 21 74 17 8 1 77 4 31 18 15 73 78 74 86 19 28 43 77 88 36 66 35 14 60 94 64 64 23 27 20 43
11 88 82 99 31 8 16 42 63 72 12 53 44 34 47 73 56 71 70 51 5 64 16 81 87 57 18 36 3 11 62 81 89 32 69 30 91 95 6 83 22 27 0 72 3 71 80 40 93 51 54 31 13 57 31 45 3 88 89 63 66 29 25 46 100 0 94 71 48 81 42 93 77 16 94 88 70 80 29 9
10 87 81 18 73 21 98 4 72 37 4 26 7 26 1 96 68 42 86 49 78 50 11 27 58 39 51 19 55 95 11 3 47 17 76 36 45 52 95 87 51 48 81 72 72 73 5 28 16 33 6 77 46 40 38 63 21 41 76 37 59 96 2 61 67 47 85 4 71 93 29 62 59 68 87 90 22 73 48 54
5 100 56 48 80 21 57 26 99 16 81 53 31 33 58 7 40 99 28 34 54 71 21 36 24 35 17 18 60 80 20 40 65 69 51 64 30 50 44 64 63 89 71 41 19 53 78 87 19 40 43 0 63 40 4 32 45 25 16 68 89 9 0 73 5 56 17 6 22 33 70 39 8 50 26 60 77 3 4 50
84 50 76 70 4 0 89 75 77 30 16 76 63 54 0 7 54 82 4 55 52 31 73 95 41 96 73 42 6 92 15 14 57 64 58 94 76 10 87 30 46 22 30 23 16 25 99 100 18 34 51 14 9 44 52 69 97 54 40 74 21 85 93 66 5 21 88 60 67 54 53 60 73 69 17 56 35 53 93 18
100 59 58 69 93 14 26 53 67 67 75 94 49 0 55 66 71 34 22 90 67 25 53 66 41 88 96 6 96 18 85 90 38 35 42 58 37 98 76 96 44 97 20 97 85 10 80 9 99 36 28 74 100 66 86 81 81 27 96 49 85 38 13 46 9 82 4 83 8 37 97 92 73 44 53 85 58 59 89 11
5 47 30 98 15 86 98 19 92 80 52 5 15 28 34 27 60 49 40 72 14 56 57 6 16 12 28 90 0 79 39 11 73 57 32 48 83 61 95 15 94 16 99 48 10 71 87 73 42 11 45 73 67 33 10 36 22 47 83 77 5 53 2 97 17 65 5 49 26 77 98 60 48 34 12 11 71 22 100 56
32 21 26 90 44 8 26 21 83 83 61 48 94 25 33 26 46 24 68 92 90 2 65 63 18 64 0 65 53 99 11 84 61 43 93 22 10 10 64 64 90 98 9 39 14 94 46 54 93 80 84 59 47 27 58 52 18 61 57 61 80 64 32 46 12 83 82 98 86 2 77 88 20 1 15 78 7 84 95 54
67 70 68 54 46 43 20 16 69 72 31 88 61 81 78 91 6 92 46 37 81 8 6 74 43 24 25 25 18 98 36 0 46 40 26 30 11 37 65 42 36 26 41 25 23 62 70 82 7 27 59 51 44 53 86 70 13 24 40 85 69 42 80 70 67 0 86 70 56 90 100 85 31 49 87 76 85 87 3 11
31 19 37 50 26 23 88 45 31 20 90 42 81 70 4 34 85 94 98 13 35 73 0 95 64 25 78 47 74 46 12 47 53 5 74 87 55 48 32 2 62 95 26 23 24 95 8 43 32 45 32 19 94 93 80 22 42 10 84 25 25 65 83 89 18 47 36 3 36 79 70 20 66 8 41 98 45 2 10 80
70 55 91 19 17 12 24 67 35 55 63 91 93 53 45 77 68 27 97 58 99 27 58 59 86 5 26 75 19 35 66 61 28 76 39 6 2 17 75 99 67 9 63 96 57 85 49 19 60 90 92 84 64 89 95 75 51 31 77 78 71 60 58 23 17 22 97 19 39 67 73 54 75 50 59 18 86 82 90 43
74 47 67 34 12 26 14 85 67 92 52 16 56 58 76 28 14 21 72 22 12 66 61 52 15 19 80 61 91 97 80 18 86 66 38 75 39 42 85 67 21 43 12 99 38 76 57 95 69 93 77 46 13 48 23 98 54 28 81 45 45 6 54 11 48 23 21 78 21 28 43 93 98 39 74 5 54 25 40 86
15 81 50 85 87 54 32 83 72 46 65 52 18 6 57 25 64 60 36 39 66 22 20 90 62 57 73 32 34 65 36 78 43 30 12 18 42 11 22 81 78 80 83 63 38 4 49 32 74 99 42 56 48 37 82 51 10 18 20 83 20 14 11 72 67 36 9 3 75 94 44 65 59 30 13 65 1 74 94 45
62 81 13 28 64 23 46 5 21 38 87 33 67 54 75 67 96 2 27 71 54 35 43 63 61 49 45 4 59 32 15 42 6 72 92 51 39 36 8 48 84 60 76 91 99 11 95 3 25 100 40 76 70 21 41 13 48 20 1 75 71 1 24 39 0 53 87 25 36 91 17 77 90 31 85 60 31 8 15 21
60 20 57 90 64 64 3 63 9 60 44 87 37 68 55 55 6 41 54 28 49 89 97 3 46 96 28 98 70 60 91 1 34 60 83 99 56 62 87 52 16 52 83 5 8 98 81 37 60 51 1 24 49 96 7 15 98 55 37 13 82 72 46 31 33 50 12 79 52 67 20 59 75 86 40 65 54 62 35 36
88 97 16 31 43 19 84 77 77 11 80 48 0 34 94 23 3 22 38 57 88 26 21 20 44 60 69 51 77 41 76 91 23 82 78 52 12 65 65 48 64 69 84 7 100 6 79 45 39 42 3 49 24 72 8 93 86 85 38 45 75 78 15 17 25 33 11 83 58 30 56 23 29 7 93 77 85 86 88 69
32 33 75 66 74 79 45 96 28 53 53 0 88 47 74 9 26 95 85 26 74 64 15 33 62 98 76 8 40 1 68 46 96 76 78 92 66 23 8 59 21 34 78 46 21 60 74 20 76 77 34 28 89 52 53 36 18 4 9 56 70 64 43 63 12 4 79 96 97 23 35 68 91 74 2 18 2 29 51 48
3 49 95 55 82 32 68 41 20 10 100 40 4 93 91 70 93 39 90 38 82 31 98 75 97 30 57 71 57 88 61 79 89 8 75 9 43 98 43 18 65 36 97 87 9 80 58 67 0 71 15 55 93 82 20 60 56 65 34 55 2 79 21 88 100 65 88 98 29 50 15 5 28 11 88 12 0 50 66 42
35 53 92 97 89 16 58 6 84 36 60 94 77 34 48 90 29 79 93 97 72 32 58 20 40 32 54 94 7 28 50 14 41 97 96 66 91 90 91 20 34 10 24 87 99 80 7 89 87 27 3 12 70 79 92 46 73 63 45 58 73 55 35 87 58 28 0 59 35 36 27 38 40 0 20 48 30 37 64 35
100 14 66 90 10 71 12 77 67 20 2 42 28 94 84 60 52 9 53 4 99 67 59 98 16 66 83 71 11 60 48 14 27 59 13 89 10 37 5 34 64 8 33 49 55 71 79 35 100 93 48 26 90 72 92 55 95 29 21 93 73 45 95 57 61 90 22 82 86 59 67 96 42 51 22 85 82 58 68 85
2 53 25 5 6 21 68 58 46 99 23 48 85 29 7 82 47 73 49 18 1 61 72 22 20 54 7 87 21 42 25 68 23 19 58 28 86 67 14 79 38 19 99 66 97 37 21 77 42 40 0 54 74 97 39 56 47 94 31 27 87 30 23 69 13 90 91 39 68 82 37 52 35 80 33 93 41 10 80 43
40 0 65 75 4 100 74 76 55 94 42 0 24 17 90 84 85 43 78 62 45 91 37 33 13 5 81 68 71 77 60 13 81 55 99 64 56 48 40 10 31 21 50 22 50 33 65 49 74 31 73 81 88 20 57 80 68 37 46 67 32 91 46 33 76 82 98 5 63 48 86 45 61 75 47 100 55 52 85 47
22 92 97 62 23 34 93 86 1 85 100 75 44 17 70 42 59 39 82 100 68 55 6 77 98 21 95 70 94 95 83 94 74 77 80 9 30 88 85 77 32 44 78 76 35 8 68 40 35 86 97 87 84 75 40 47 79 53 30 14 62 27 77 92 88 35 82 77 97 37 80 67 10 78 29 31 0 79 84 77
56 80 3 97 34 23 99 41 19 77 47 6 51 39 69 55 76 22 11 60 92 79 20 93 69 9 79 38 68 43 73 45 71 16 92 48 87 55 23 83 10 42 18 69 46 74 29 29 18 2 82 11 93 83 79 19 2 88 18 2 60 58 60 88 49 95 34 11 75 48 43 56 81 92 98 11 25 35 94 71
86 27 83 74 44 18 95 55 36 84 48 51 52 79 80 45 51 79 66 47 10 45 2 76 48 23 92 50 87 77 31 90 48 0 92 17 58 68 80 31 95 50 64 81 45 69 24 31 50 57 22 68 34 69 33 78 40 39 41 68 45 50 97 76 53 18 48 48 31 59 17 57 10 13 87 30 38 15 99 22
81 76 66 42 1 8 38 32 89 25 56 15 29 35 92 30 88 10 18 99 69 88 57 3 94 68 94 51 22 39 51 71 71 88 99 48 81 56 63 31 46 93 8 80 84 48 71 73 49 86 72 40 53 16 59 30 86 95 45 97 97 24 88 64 39 44 72 97 54 16 16 18 33 98 89 59 19 48 78 59
10 85 44 7 37 51 31 56 36 52 7 13 44 25 4 9 82 36 14 78 16 17 48 17 37 84 39 94 54 18 53 32 42 75 5 83 42 12 94 46 4 37 27 93 78 58 63 0 95 49 11 8 95 64 36 24 60 47 55 68 28 78 61 33 37 11 34 90 51 54 31 84 62 80 98 59 94 49 11 44
39 41 48 69 60 29 58 23 85 14 6 89 64 29 38 72 49 68 0 99 95 54 98 67 67 3 40 74 68 52 64 98 19 0 21 8 47 78 99 72 1 6 69 43 73 32 63 83 85 8 29 97 39 30 34 71 18 44 24 23 11 16 52 86 64 40 32 39 72 94 64 10 35 13 50 74 12 85 42 75
32 60 2 14 33 31 33 89 43 85 30 26 43 60 36 70 20 95 50 42 53 30 1 85 32 65 19 95 50 37 32 55 62 22 61 37 69 58 73 100 65 87 52 85 24 33 79 68 91 79 58 63 65 64 25 80 47 7 56 28 63 22 43 64 66 92 11 76 23 2 59 39 100 60 97 40 7 88 31 51
51 25 15 97 60 49 41 36 69 29 2 53 95 34 44 56 15 73 52 10 3 0 32 2 79 95 39 70 35 10 18 74 56 7 26 91 71 30 35 17 3 46 22 41 94 5 64 14 47 1 71 25 95 6 85 82 10 16 75 66 80 54 54 53 12 24 89 91 25 99 60 12 21 43 75 62 15 57 11 52
49 20 67 39 98 82 85 43 54 54 68 28 40 22 60 74 7 46 92 88 75 13 8 51 7 33 0 47 97 89 65 16 76 79 31 53 61 58 99 43 32 25 65 96 84 41 98 90 96 16 20 21 69 10 31 68 20 20 66 60 56 89 77 45 68 90 21 82 62 20 89 10 32 36 58 48 99 38 4 99
17 63 95 99 67 91 17 40 65 12 69 70 82 9 31 1 51 30 44 0 46 34 99 82 57 26 97 39 59 77 8 8 65 61 64 96 53 18 31 23 62 73 46 2 93 27 25 100 32 71 3 63 32 38 95 97 77 93 9 98 88 44 14 11 28 16 35 63 45 14 54 99 89 40 19 11 34 7 23 75
92 65 1 8 14 38 98 59 37 11 14 75 69 86 39 10 68 8 78 25 6 12 41 34 80 75 20 13 47 5 46 14 17 0 86 29 29 24 9 71 24 25 7 70 32 68 47 54 41 30 16 45 83 79 89 58 51 29 91 67 79 4 73 29 32 88 53 79 76 28 65 15 16 19 81 22 42 99 33 11
79 81 79 18 21 48 60 68 50 35 96 87 1 64 4 100 78 17 93 29 16 46 24 28 93 40 42 19 92 82 71 13 37 59 4 32 58 39 55 20 59 72 90 2 4 23 62 66 0 78 83 7 77 41 47 29 15 74 22 12 89 1 19 4 48 59 79 31 75 50 71 12 17 7 34 59 95 52 40 48
8 1 16 84 70 62 2 8 66 81 80 55 51 29 74 31 94 77 8 79 54 36 87 16 97 37 16 35 73 69 65 39 23 13 58 24 73 22 66 38 80 24 59 35 20 28 74 57 37 34 90 94 47 24 43 4 9 20 98 94 25 94 81 0 54 9 80 53 13 32 99 69 50 71 81 3 5 26 21 61
70 55 30 9 87 93 33 67 41 57 54 79 94 14 87 17 93 43 92 71 89 36 59 23 50 87 12 0 21 28 75 76 11 17 7 54 13 63 79 70 88 57 36 89 23 83 22 17 52 7 32 45 99 89 38 49 2 1 52 99 87 86 60 68 1 53 39 80 76 34 22 63 82 40 47 65 42 99 93 62
23 63 19 20 42 90 35 20 57 87 52 81 70 28 46 83 28 39 23 41 16 96 7 22 46 56 82 78 64 69 95 66 68 85 99 16 89 96 64 35 45 8 48 32 97 30 20 51 99 94 37 65 28 5 4 18 75 56 77 81 94 70 53 99 78 35 99 41 68 93 77 73 48 84 15 28 62 37 100 49
75 81 82 4 76 41 9 35 48 5 34 36 49 69 21 50 2 66 41 15 22 13 7 95 56 47 55 20 95 24 1 35 86 57 33 90 61 31 78 95 22 91 54 84 92 84 51 37 38 21 28 92 23 6 21 2 46 20 5 1 13 23 5 21 11 39 75 62 0 30 97 51 17 57 30 7 70 26 88 39
51 16 20 8 49 14 0 21 81 9 76 44 62 95 26 90 77 39 47 17 38 11 86 82 2 50 20 11 92 44 88 3 27 45 52 42 96 63 47 16 14 17 92 96 88 29 38 22 92 7 3 65 52 79 79 75 22 12 5 100 97 90 85 60 93 65 72 64 19 75 36 69 77 22 12 20 96 32 76 76
18 15 63 12 66 77 51 14 77 24 6 25 50 60 60 16 42 1 60 2 2 92 80 40 78 15 21 91 45 35 79 32 93 18 31 81 58 79 80 10 44 46 52 40 33 39 6 92 0 85 58 20 31 11 29 96 10 34 96 23 28 41 15 53 35 4 22 73 81 30 0 6 51 91 48 66 74 80 30 43
34 96 24 96 77 19 20 91 6 61 93 9 40 77 3 1 66 36 99 1 21 20 21 52 25 21 77 19 94 57 94 70 16 51 60 61 2 42 30 11 65 34 37 95 49 44 73 55 65 93 3 18 100 44 47 37 67 67 27 40 11 80 16 93 99 61 0 62 11 100 23 16 2 11 31 79 67 96 50 65
63 62 8 17 24 40 16 88 28 13 65 58 79 23 63 39 29 81 48 44 48 99 23 61 71 7 96 36 39 94 83 7 64 16 45 54 2 92 82 49 83 77 37 40 49 10 47 42 16 42 63 41 64 70 47 99 77 6 35 73 52 41 36 85 0 61 22 50 46 90 29 11 89 76 3 2 19 27 88 11
95 84 48 46 99 19 59 25 60 59 51 84 44 74 54 44 92 17 23 3 54 3 94 0 68 63 57 84 26 72 37 58 22 96 49 36 24 95 40 21 4 96 25 58 5 1 63 3 62 83 73 92 32 65 12 91 67 65 17 57 52 40 94 59 41 39 37 18 45 6 95 72 35 89 30 68 7 49 40 51
