51
38 23 3 59 37 24 77 26 89 95 32 42 48 26 53 22 68 9 1 43 85 18 88 73 22 88 80 90 36 94 100 13 37 56 56 83 37 6 52 30 67 88 78 61 42 17 69 27 9 2 53
53 11 43 12 23 4 93 75 95 4 2 13 56 90 47 32 88 21 54 48 16 50 16 45 54 19 39 26 92 52 27 70 68 56 54 81 38 89 64 54 53 53 39 20 95 19 16 100 56 43 2
76 14 2 54 49 21 89 30 17 12 48 19 8 48 22 40 15 31 3 100 17 70 20 78 81 11 4 8 69 83 87 59 6 38 60 54 89 25 85 72 91 12 6 49 94 72 29 1 3 66 3
44 95 69 28 26 4 67 54 91 37 78 29 94 28 73 26 1 11 90 21 6 41 80 51 97 1 90 84 22 89 22 100 11 80 94 59 27 76 54 16 6 61 20 92 20 59 79 96 89 28 63
28 5 28 7 15 38 21 92 81 26 32 71 96 25 40 48 70 75 46 15 33 97 30 59 16 3 28 48 40 25 24 73 23 47 20 74 16 3 1 66 52 87 59 46 95 50 71 81 96 13 23
62 97 34 70 13 2 90 38 47 31 44 68 80 44 64 91 14 60 60 27 83 76 99 19 78 32 78 61 7 64 39 83 7 60 22 15 44 33 72 93 64 50 82 46 80 86 98 65 88 51 95
87 40 47 48 65 71 36 33 82 20 5 22 40 1 51 22 17 46 13 15 78 64 83 83 92 59 74 52 56 48 98 34 12 35 80 2 23 83 19 23 89 76 18 100 48 76 86 41 4 72 11
66 49 30 86 53 74 1 38 54 59 12 79 69 42 19 81 96 36 76 64 87 74 8 47 63 13 67 21 0 69 12 53 32 5 45 83 35 6 58 96 13 12 5 68 58 97 74 85 5 94 79
21 31 89 36 9 93 89 60 16 6 84 56 41 9 20 52 6 18 72 17 67 97 49 95 45 27 77 56 30 16 46 13 95 89 69 4 27 33 4 84 47 66 23 91 37 6 99 20 8 100 89
18 79 92 65 52 95 35 26 10 23 86 69 98 46 82 42 76 26 6 18 5 90 5 23 82 64 82 37 77 24 28 75 91 68 57 100 31 42 91 33 45 15 47 31 0 26 88 17 15 92 10
86 24 62 2 29 78 19 38 57 43 43 71 75 24 8 72 13 88 78 80 63 60 83 30 26 65 40 36 94 16 39 87 81 59 27 80 89 12 63 44 8 87 96 86 47 72 25 20 51 46 63
25 97 17 99 44 77 23 61 28 80 13 12 95 65 66 10 65 100 84 57 24 57 56 59 41 97 25 47 45 86 2 77 97 23 44 41 40 65 33 81 86 92 10 27 11 0 98 86 76 13 34
73 71 87 8 70 23 5 50 33 83 5 95 84 26 96 92 13 32 6 74 35 78 84 41 8 74 98 43 20 73 25 72 52 37 18 22 44 50 88 65 50 45 48 28 73 37 72 45 93 14 39
0 68 76 99 87 7 27 69 13 20 27 30 5 89 6 73 91 60 63 33 31 48 51 92 67 85 35 0 20 70 84 33 26 26 21 86 79 46 84 84 46 97 13 21 95 10 40 29 88 19 32
10 63 14 15 61 17 58 19 18 79 13 61 57 84 56 21 8 74 59 51 43 8 37 68 86 33 95 52 28 99 47 19 89 19 11 56 42 19 54 58 54 12 60 82 65 47 62 32 50 91 40
95 32 40 10 27 62 91 7 6 37 74 85 33 24 25 68 67 89 99 91 52 27 6 1 14 77 59 57 44 37 75 99 25 14 65 29 30 70 83 56 62 9 44 12 80 95 81 33 6 62 76
89 23 13 42 8 26 15 37 31 33 18 94 19 4 78 65 91 100 12 90 0 57 34 28 65 93 32 37 4 55 60 72 12 89 66 6 1 24 20 63 3 61 83 67 56 97 94 15 99 77 55
32 85 57 82 43 89 18 17 89 64 18 99 50 25 81 12 19 28 75 96 87 53 15 35 23 3 100 13 46 68 24 96 78 80 37 15 33 84 15 33 74 68 14 74 73 75 99 46 95 30 71
12 19 94 32 91 32 28 24 66 100 88 16 8 75 92 51 95 73 73 16 70 55 37 27 99 81 14 94 17 72 46 84 27 29 79 49 62 67 92 46 14 66 74 13 44 24 19 40 13 69 47
24 79 4 7 62 74 87 96 32 49 46 92 41 15 71 99 45 4 28 30 23 96 85 34 30 73 47 39 1 61 70 89 57 33 3 67 67 43 4 76 36 64 26 42 28 43 52 83 64 36 76
38 53 18 3 63 71 10 49 66 48 80 47 6 28 20 13 62 80 84 92 7 15 89 1 9 30 40 75 98 15 94 63 17 96 65 50 35 77 73 76 90 14 4 63 98 69 54 18 100 30 11
61 10 70 32 34 42 4 3 72 62 49 40 95 20 69 22 25 8 91 65 52 98 20 13 94 22 65 17 50 70 36 36 92 18 23 57 31 5 35 54 2 40 65 50 13 59 33 72 62 28 40
0 91 35 71 73 3 63 93 99 73 47 16 29 45 25 17 90 60 70 93 89 24 76 22 96 48 59 36 74 62 55 54 31 99 45 72 51 34 23 76 38 68 89 92 44 16 39 27 18 50 72
80 91 42 72 36 37 27 28 56 85 68 67 75 37 12 26 94 50 53 83 44 87 33 66 5 39 46 25 29 8 36 58 92 9 32 21 53 85 20 79 56 55 6 85 8 18 17 80 98 77 35
45 55 2 74 49 10 48 95 26 24 82 5 67 54 41 9 57 25 63 80 48 24 46 50 4 1 95 31 15 78 64 42 100 39 26 56 36 21 52 72 22 30 43 94 25 91 4 92 62 64 98
12 54 61 16 46 51 52 32 64 96 25 10 22 60 22 86 26 75 27 56 51 9 17 71 21 93 4 44 91 77 11 79 34 3 24 82 85 34 71 69 43 37 75 23 75 79 19 84 53 37 10
7 49 69 28 95 18 76 69 69 93 24 13 17 44 68 85 41 12 31 8 3 89 68 2 14 55 25 45 25 67 93 79 35 74 62 50 77 52 39 23 13 54 51 52 99 8 90 20 94 86 70
40 11 48 2 41 33 76 83 42 55 67 13 32 10 48 42 21 71 30 8 59 41 78 53 82 65 13 3 95 75 99 12 99 36 97 46 61 80 73 68 64 79 4 6 22 37 62 2 31 47 91
100 45 86 29 91 99 88 79 45 89 92 59 29 69 74 96 76 100 45 93 10 59 98 43 90 59 62 22 66 93 70 81 80 95 93 2 11 25 77 64 16 65 5 60 62 45 14 7 72 22 38
47 68 13 87 53 49 46 90 64 69 16 94 14 5 73 60 79 62 84 36 51 21 48 56 3 52 25 44 51 1 46 63 26 98 40 19 76 92 20 31 17 53 27 12 74 19 32 67 23 85 2
22 69 11 9 26 73 72 23 69 81 83 39 59 47 62 78 42 54 34 44 57 24 97 78 10 52 53 71 67 43 98 18 92 42 87 81 49 27 2 39 30 67 83 17 24 90 7 30 99 71 99
45 98 59 15 24 57 81 37 66 91 86 16 78 6 41 71 11 50 59 39 36 25 72 12 1 68 8 4 51 63 32 54 76 42 3 17 78 44 95 52 96 63 45 3 45 57 77 71 81 42 94
14 60 17 70 65 82 61 11 85 63 37 27 51 82 27 92 3 10 98 52 83 53 91 40 83 74 45 77 27 17 43 35 43 47 38 7 92 69 7 32 79 93 56 57 95 46 47 32 47 76 67
13 57 9 42 86 17 52 100 26 33 7 37 42 36 0 43 95 46 73 70 64 49 54 15 34 4 76 18 61 98 55 19 56 31 36 80 31 34 11 30 12 8 69 44 98 68 85 69 92 5 94
69 9 44 2 48 85 33 60 85 1 20 57 11 14 5 69 60 94 39 8 100 40 92 84 43 24 46 52 87 33 49 66 62 17 9 99 7 44 15 47 61 98 0 58 20 57 91 21 43 51 4
100 83 80 5 45 67 26 96 63 86 33 6 61 69 43 52 45 83 90 75 81 18 78 71 84 50 19 29 7 38 32 53 97 51 39 56 19 64 54 94 80 78 1 31 11 10 80 93 91 2 81
58 29 24 83 29 82 8 30 89 60 77 85 85 54 58 56 34 81 77 22 40 25 71 42 28 91 76 21 67 14 80 85 23 92 98 65 65 18 14 45 58 10 74 65 71 93 46 59 76 59 29
53 51 62 23 84 67 29 58 23 89 64 68 96 16 78 47 2 5 22 32 48 70 4 18 81 75 3 91 2 26 81 16 16 20 26 67 29 8 90 74 78 19 84 1 94 58 90 68 92 35 16
61 63 69 13 89 39 81 60 68 65 84 27 41 16 62 73 10 58 86 69 36 10 61 49 59 96 6 66 73 96 54 10 86 89 87 30 92 4 73 88 5 48 84 65 80 49 71 45 10 32 65
44 44 65 15 85 11 67 68 51 11 49 89 56 48 77 83 56 55 93 96 72 99 60 12 36 83 28 47 37 40 90 1 99 8 91 12 76 46 21 72 35 48 58 88 27 82 82 3 47 77 16
98 30 6 18 15 12 59 71 78 81 89 100 85 66 85 46 26 22 89 11 92 51 35 33 41 95 21 62 17 73 30 28 6 47 75 28 0 95 65 53 67 94 78 76 10 34 22 34 25 71 100
84 38 37 12 2 72 12 4 8 25 96 26 79 43 37 79 13 17 0 25 62 72 55 69 1 99 53 53 80 29 25 46 1 60 16 44 41 71 75 52 16 81 20 13 49 50 64 7 28 9 62
89 17 70 4 19 86 97 18 31 86 67 100 95 89 1 98 59 75 26 38 51 99 26 59 4 72 12 59 58 88 57 92 18 73 41 48 22 23 85 80 9 35 65 87 91 49 69 36 95 62 97
88 99 6 84 85 85 3 100 57 72 99 19 52 4 83 55 85 41 82 62 32 28 46 20 45 72 22 38 17 69 14 15 56 9 25 20 0 46 53 29 41 4 32 30 52 42 62 45 75 89 94
82 84 87 28 2 53 89 14 16 36 5 2 70 93 62 58 92 3 17 43 59 72 55 53 94 10 52 47 32 93 1 7 67 0 53 60 17 46 55 41 5 8 26 2 55 78 31 18 14 47 15
99 6 57 11 48 84 4 35 56 84 79 81 13 15 0 46 3 48 27 10 13 68 85 99 54 18 53 92 47 32 33 20 52 57 44 8 60 56 17 41 27 78 83 64 74 40 86 61 8 67 53
100 3 94 96 14 11 0 53 69 33 45 0 69 39 92 84 19 67 37 76 67 38 80 88 21 98 88 50 34 59 98 17 69 59 86 72 64 65 100 71 49 7 58 52 84 71 10 50 96 44 100
12 56 24 19 67 88 29 0 43 53 15 15 28 77 37 55 74 82 97 1 75 16 37 7 71 20 29 11 86 38 92 19 11 70 40 77 84 19 39 43 93 42 79 79 22 10 27 81 1 55 96
0 10 3 85 3 64 6 23 71 48 45 80 13 15 84 39 95 41 83 89 88 64 90 49 57 68 68 79 42 64 30 27 72 80 8 81 33 7 31 75 77 2 26 25 56 31 73 91 81 82 81
52 43 56 94 13 52 41 46 67 89 14 38 60 13 76 55 100 49 46 53 94 90 86 1 68 13 92 60 15 68 27 79 44 97 84 61 71 39 7 19 73 64 16 55 40 15 80 89 31 71 53
53 54 69 86 92 9 35 91 81 67 97 61 82 86 32 50 18 6 55 73 18 24 10 79 63 88 31 99 8 88 27 55 37 20 88 21 2 93 68 11 25 14 97 79 91 99 29 12 28 70 82
