37
55 74 33 92 96 40 43 22 9 83 95 62 19 78 61 3 12 16 45 12 95 47 21 29 39 67 81 91 83 32 54 27 86 85 84 79 14
96 83 65 9 96 91 63 26 1 24 9 91 40 29 92 6 100 72 4 43 15 3 28 69 19 80 96 2 46 20 81 77 61 78 79 26 75
23 73 6 40 56 65 18 31 38 84 0 65 75 19 86 27 8 27 89 42 27 45 30 69 0 11 69 42 5 75 13 46 19 7 11 49 89
41 41 63 38 51 30 11 48 32 35 55 28 38 11 68 94 27 64 42 8 62 94 95 37 40 35 50 62 42 62 18 9 39 43 80 56 84
73 8 1 61 40 41 25 58 61 48 82 73 36 61 83 37 61 34 52 12 18 1 96 98 24 87 68 62 82 11 2 82 34 44 92 74 24
62 29 38 70 25 67 13 2 18 97 45 78 4 36 51 69 49 56 89 57 61 33 95 76 12 6 71 85 9 85 0 11 66 43 23 56 92
36 15 55 12 27 30 33 34 10 37 16 40 33 11 24 56 9 89 37 50 4 61 67 36 19 92 63 64 84 68 66 20 35 94 64 40 13
64 54 68 71 39 86 96 82 11 43 8 86 40 43 6 30 74 23 88 23 35 80 86 33 40 26 59 79 81 38 9 35 9 0 67 88 7
62 63 92 53 5 84 21 63 52 99 8 15 97 10 77 7 5 57 29 22 38 15 39 43 72 32 80 72 7 5 20 91 70 34 3 9 51
52 24 12 76 62 58 94 65 96 52 55 54 29 11 45 11 47 56 70 82 2 46 69 66 43 63 70 61 29 63 82 34 93 52 18 89 88
87 96 83 54 94 61 100 75 94 34 74 86 24 34 60 47 59 49 5 13 40 23 25 23 71 6 79 25 75 84 85 50 7 18 82 57 1
54 57 52 90 42 52 45 36 9 87 63 57 88 25 59 82 98 6 13 64 62 76 63 68 15 99 76 86 59 91 90 27 89 94 69 79 93
84 31 85 81 30 81 100 87 57 40 29 17 90 19 59 75 38 89 48 2 86 41 30 90 73 64 63 46 55 74 26 64 73 91 85 1 68
36 30 44 70 61 53 14 18 92 8 72 93 52 93 53 27 85 90 29 23 10 31 36 61 28 31 4 11 35 13 11 74 16 54 73 26 6
45 28 76 26 61 26 97 20 49 62 24 49 26 73 14 32 94 13 37 0 57 30 0 86 36 47 2 55 6 62 8 22 88 69 94 16 50
91 96 87 71 60 47 56 81 24 1 36 32 51 98 71 69 87 94 18 36 20 30 61 52 19 75 9 38 21 66 93 82 29 100 33 56 57
11 57 13 100 35 84 8 50 42 90 57 57 35 83 79 86 98 11 77 84 67 91 89 17 9 31 95 88 99 10 1 57 18 61 80 52 36
4 38 72 91 92 3 12 100 64 39 88 44 21 66 60 78 18 31 89 87 36 59 16 70 92 37 65 12 56 83 80 85 74 47 31 43 59
36 15 25 3 18 65 79 92 0 81 90 92 72 93 49 10 59 80 89 47 40 91 38 78 49 38 27 8 78 69 36 39 81 2 48 98 38
72 67 77 32 52 40 31 81 83 21 24 87 70 17 60 60 4 18 50 64 75 68 29 15 88 33 47 33 93 72 22 52 78 70 59 52 72
50 98 30 14 76 62 83 82 12 54 21 48 73 17 98 93 39 80 91 10 12 11 71 18 91 84 16 87 69 9 84 57 76 25 2 38 85
75 100 36 40 65 24 63 7 44 30 43 70 55 36 15 4 17 0 15 57 89 12 92 10 45 97 79 12 24 66 45 12 86 21 17 22 2
56 97 84 75 20 47 67 89 53 22 47 15 32 33 78 29 95 36 71 52 32 15 61 13 4 8 46 90 22 77 20 50 88 88 84 20 74
93 73 34 24 51 86 16 84 35 63 10 19 83 52 69 80 81 33 63 71 11 56 67 37 19 46 92 27 54 45 2 84 4 21 4 23 29
12 46 53 59 41 56 81 94 85 41 29 25 65 5 56 25 27 53 70 65 20 24 61 59 93 19 34 62 13 46 58 18 52 17 57 92 82
10 90 50 79 55 26 54 7 21 65 32 22 63 14 5 41 93 74 33 67 0 85 16 67 79 10 58 64 79 88 60 60 76 18 76 61 21
10 26 49 24 86 62 73 18 86 99 15 44 31 68 68 41 90 82 97 93 22 26 94 91 14 46 92 63 25 83 23 2 34 11 58 85 62
77 100 39 78 48 71 26 52 8 93 1 12 42 49 3 24 31 24 37 14 27 100 42 22 84 79 26 53 23 88 7 42 38 96 34 16 2
27 32 88 52 91 38 8 47 66 40 18 45 87 86 45 50 69 10 78 49 63 39 15 29 7 70 21 41 17 32 64 17 41 38 47 27 20
35 21 0 5 77 45 23 5 63 14 95 48 47 94 6 32 5 74 31 86 8 74 60 83 10 86 44 6 70 55 2 63 56 64 76 38 93
22 20 65 80 79 43 83 77 99 50 84 55 63 76 49 32 28 16 36 57 82 90 22 12 25 2 59 42 94 84 1 61 13 62 91 9 95
7 0 11 69 62 91 90 29 81 57 80 59 29 73 29 87 61 66 38 11 14 76 61 96 38 95 58 15 44 10 34 90 91 31 33 93 19
20 51 89 24 17 30 79 33 100 82 79 3 73 13 0 47 76 39 82 39 41 93 14 62 48 23 9 55 70 77 4 28 44 83 86 38 0
0 61 5 7 96 73 85 79 11 0 62 14 30 82 67 28 28 85 16 92 72 85 71 75 62 87 28 45 40 22 91 4 67 89 2 56 66
76 62 100 12 73 59 85 29 68 12 48 24 43 81 78 71 56 30 54 38 88 92 80 29 3 100 91 5 41 53 7 16 93 69 60 56 6
53 98 57 72 72 2 17 92 93 51 55 78 78 65 32 53 23 6 81 26 52 26 85 85 67 59 14 50 4 86 52 99 55 64 1 12 25
73 62 17 51 71 1 71 87 0 52 99 5 11 51 98 56 0 73 33 65 18 15 59 49 82 99 7 28 50 4 29 80 37 53 20 72 78
