80
6 9 81 65 1 19 10 79 44 54 21 53 97 99 22 73 76 66 17 69 75 45 70 43 40 39 98 46 99 66 82 43 2 80 96 37 86 80 87 28 35 21 74 1 3 39 97 95 63 3 51 90 55 0 95 100 80 68 65 81 48 16 6 80 46 53 100 31 7 65 14 45 49 65 2 7 96 16 99 25
26 96 92 98 19 35 82 66 0 30 47 62 5 42 84 81 36 70 12 100 35 63 93 52 66 84 37 4 59 27 74 43 83 85 57 44 6 43 39 65 2 42 87 92 78 59 73 23 46 19 86 84 2 15 2 22 15 62 93 11 64 57 81 62 75 74 90 60 66 80 35 51 8 9 97 90 40 48 19 41
58 74 88 4 22 48 25 75 6 100 76 31 81 1 45 34 54 63 51 86 47 61 16 79 3 85 6 77 70 48 80 54 38 21 37 98 96 15 99 7 20 5 40 37 74 26 24 75 34 34 12 80 9 92 35 73 2 27 23 97 44 79 25 88 74 49 26 7 25 14 86 98 22 92 51 20 40 87 49 65
63 4 62 74 88 47 77 96 37 34 61 24 51 21 42 75 23 76 1 84 90 55 28 41 97 30 70 80 71 14 89 74 98 51 90 6 84 38 9 46 97 95 7 4 75 55 99 98 74 64 1 30 59 78 85 14 54 91 33 88 70 8 64 58 52 94 64 100 92 48 50 22 4 71 51 8 59 33 29 46
31 19 13 11 3 87 79 63 60 94 84 66 37 77 53 31 16 15 96 24 77 54 49 65 21 40 20 91 91 60 7 57 11 61 12 41 11 52 54 33 31 11 18 48 38 28 79 27 58 24 94 75 19 76 45 29 26 71 40 98 81 84 46 65 37 89 88 77 35 39 56 18 5 68 47 55 70 14 35 87
89 49 51 38 13 15 45 80 73 76 23 36 57 56 78 32 71 77 40 8 58 3 52 33 94 49 3 99 100 14 18 38 100 90 10 11 31 30 4 51 88 60 70 14 76 82 52 62 32 4 53 34 66 40 32 90 32 74 100 73 3 28 96 38 10 46 10 40 51 85 9 72 17 88 13 73 48 92 53 51
57 38 55 14 92 59 46 49 17 84 18 49 16 23 70 17 7 83 65 28 74 92 7 21 81 6 6 93 64 71 94 76 86 57 43 89 47 37 79 83 30 90 74 15 54 61 96 61 1 65 13 90 61 65 66 87 37 63 42 46 65 84 60 2 16 28 9 46 26 96 73 66 65 46 43 10 10 60 92 61
15 77 19 50 93 85 52 2 8 42 56 88 69 53 6 92 28 50 26 44 30 65 76 9 65 5 10 26 41 78 99 43 8 82 64 19 65 6 5 40 95 97 41 82 62 69 66 68 7 22 62 98 27 4 44 27 52 6 18 21 54 7 24 47 2 29 3 31 52 44 66 17 87 38 13 90 53 33 24 10
97 0 30 26 57 80 38 14 89 56 42 65 34 68 48 18 60 54 94 65 88 75 78 26 76 71 74 2 71 34 35 81 24 29 33 100 45 76 79 71 3 69 55 18 19 10 86 12 27 25 99 47 11 77 39 67 44 91 19 96 59 35 61 15 95 79 4 29 4 49 3 21 48 15 4 27 23 69 48 71
70 6 33 10 92 28 38 1 27 64 2 27 38 76 24 0 78 77 84 79 57 35 17 50 8 47 43 87 48 76 11 37 31 28 91 70 20 82 19 86 2 40 34 6 83 23 40 96 44 70 56 42 88 11 15 73 7 88 69 8 80 20 36 42 25 41 49 100 96 78 79 78 43 58 46 13 34 66 90 19
79 94 65 66 32 6 33 34 53 66 2 37 40 64 58 4 35 64 84 43 21 40 39 11 96 56 93 15 67 11 92 2 39 23 76 7 59 81 76 63 92 13 79 95 57 82 77 75 37 96 5 65 49 17 43 15 6 16 49 73 74 88 30 97 5 33 40 25 31 87 17 36 67 26 21 24 56 50 19 51
62 54 20 89 57 66 50 46 54 49 76 35 17 77 44 94 84 85 9 15 97 28 69 89 8 27 43 46 69 15 65 86 84 49 28 81 22 13 61 77 95 43 15 50 98 92 90 93 44 64 3 83 69 58 21 43 17 14 25 86 28 47 62 53 74 25 8 95 30 83 2 74 26 71 80 0 77 98 47 74
83 59 42 66 97 99 78 13 24 22 39 6 25 9 77 35 65 71 44 70 82 71 58 67 52 14 95 75 77 2 61 81 93 79 71 98 57 37 9 68 34 17 52 54 63 7 7 46 50 77 55 85 73 33 33 43 15 90 63 72 45 59 93 97 19 89 47 81 62 98 23 11 22 15 15 39 15 7 33 84
43 57 9 49 31 66 28 37 85 67 69 93 58 3 97 81 75 22 5 35 84 89 17 0 57 65 6 85 92 67 29 26 60 34 72 30 16 34 64 1 12 81 20 55 75 51 27 28 71 37 5 46 11 29 30 15 48 42 57 86 61 43 52 33 94 30 86 23 59 81 59 11 44 61 97 99 85 6 60 36
44 52 48 40 68 34 96 64 73 97 38 84 36 43 2 86 66 30 79 76 97 36 95 73 58 71 60 66 25 60 87 36 15 16 79 58 15 50 27 12 81 34 92 74 46 82 35 57 69 73 54 42 55 59 81 51 82 57 47 23 31 75 18 57 12 62 53 41 42 15 15 93 86 24 53 31 34 77 59 3
25 84 7 1 66 58 51 9 5 98 65 79 81 96 3 68 13 86 99 93 40 44 88 39 43 30 58 98 77 57 62 38 26 89 95 77 91 58 35 85 89 21 73 1 78 69 17 93 53 23 81 35 18 48 34 28 41 29 58 69 74 31 32 42 52 31 55 82 11 61 30 64 60 57 61 47 48 46 43 55
0 60 43 31 58 40 96 32 42 81 10 95 16 29 68 71 32 50 11 75 96 82 84 33 97 39 66 61 89 22 73 17 32 1 52 73 7 39 77 13 50 44 38 52 85 33 39 57 86 34 44 86 81 12 14 3 82 83 52 90 43 95 10 79 97 10 29 15 77 47 17 86 45 57 31 57 6 19 55 14
19 84 5 25 2 67 62 76 83 44 45 11 31 91 40 10 90 4 78 20 7 44 59 88 49 2 55 40 52 87 14 24 28 67 69 14 8 54 63 58 48 92 37 57 76 78 27 7 90 19 8 8 35 23 61 27 63 49 53 76 49 44 65 82 46 26 52 23 10 77 86 91 13 89 97 60 58 86 86 85
39 15 86 71 34 95 32 92 80 60 72 48 32 87 0 56 38 84 21 27 90 7 96 71 83 42 43 82 72 47 20 97 68 66 13 62 59 58 82 5 66 25 94 79 11 16 40 70 86 62 93 45 42 81 47 28 60 30 26 30 35 35 20 99 27 13 37 85 15 65 83 98 14 68 12 3 94 21 79 2
46 28 55 65 61 100 96 81 87 64 19 74 28 85 11 26 82 99 74 41 15 55 72 65 82 59 57 3 74 79 75 35 48 54 90 59 53 34 27 98 19 47 10 93 31 11 8 91 33 91 20 45 78 36 44 7 56 87 38 51 18 38 85 77 72 11 32 81 55 18 16 91 83 25 12 36 7 91 23 61
23 40 96 60 75 20 24 69 55 40 96 51 15 59 87 23 69 31 13 93 75 9 65 88 98 95 4 23 95 27 86 21 85 45 61 2 51 13 80 81 60 26 19 42 26 33 47 92 88 94 30 64 5 79 21 37 85 4 55 40 57 8 9 72 58 91 0 57 54 34 98 95 49 21 6 35 21 38 45 11
14 37 47 98 89 27 24 83 64 95 67 82 27 79 77 98 18 56 0 36 43 15 68 0 59 100 48 7 90 0 19 47 1 82 9 62 15 73 65 54 90 80 64 87 7 24 89 14 40 96 38 95 72 86 18 10 100 43 35 30 13 11 40 76 63 14 61 63 22 51 45 69 72 96 10 49 31 26 43 74
62 84 72 28 52 12 22 75 59 25 86 35 54 72 44 60 66 54 21 81 88 92 89 79 84 6 23 94 63 28 7 58 91 35 60 81 59 25 51 85 3 32 19 46 60 13 16 50 32 30 25 28 30 47 48 26 44 56 1 89 39 79 75 91 99 65 73 51 76 35 55 43 63 86 85 39 78 38 46 81
41 22 9 59 42 16 79 16 47 99 51 95 99 91 27 13 33 40 70 65 25 56 79 33 83 58 34 72 0 98 48 11 13 78 39 2 47 81 10 59 34 64 36 87 2 96 14 82 89 91 82 55 61 63 9 27 26 32 5 13 74 91 39 23 48 88 73 36 6 54 78 27 51 25 38 7 37 1 30 19
25 3 73 2 45 24 32 65 57 75 99 54 26 40 95 62 32 93 0 12 7 63 8 99 68 48 36 51 2 53 82 79 72 13 47 51 19 9 96 47 44 55 40 98 93 73 54 88 95 69 65 78 45 20 76 93 42 67 100 2 29 14 34 57 83 89 24 60 21 16 23 93 19 31 10 94 75 85 36 5
62 27 44 31 99 4 64 12 57 61 23 95 91 51 96 78 45 8 71 57 47 94 41 85 56 43 40 27 35 65 65 71 15 79 97 24 67 7 42 14 15 31 82 91 45 1 76 89 99 63 31 5 49 6 39 58 84 29 85 77 39 32 78 49 9 17 40 100 49 39 19 77 98 83 78 82 29 60 95 70
7 31 15 75 25 30 44 92 3 2 11 75 67 33 95 39 89 39 28 0 29 58 20 35 6 70 96 54 96 19 61 22 14 28 3 37 48 65 66 85 84 25 49 33 88 44 60 90 22 41 49 43 0 27 63 37 41 84 7 65 40 56 24 51 11 35 0 2 5 13 72 57 68 45 51 83 21 95 64 41
35 2 61 45 87 85 5 42 34 25 81 75 22 12 84 72 94 90 28 40 13 59 24 81 7 38 95 37 83 59 98 70 20 3 75 12 85 8 63 13 30 5 26 21 85 77 48 84 96 52 23 100 20 47 37 88 32 90 56 6 94 85 67 78 36 13 52 92 71 78 42 26 59 19 5 37 70 71 16 0
16 62 83 14 18 73 20 25 36 92 10 10 25 68 96 92 6 39 95 12 89 57 50 62 57 91 10 13 75 54 84 21 67 94 38 53 2 55 69 77 41 80 66 53 23 20 11 93 28 37 5 92 74 78 73 54 64 41 83 76 73 41 19 52 98 91 49 40 59 5 63 23 68 48 54 100 66 11 29 62
17 54 79 88 89 83 80 19 35 58 66 51 9 70 14 15 88 14 77 53 0 6 46 90 56 43 83 67 41 42 4 36 74 47 24 40 74 76 69 6 96 100 89 8 95 64 27 16 99 71 81 13 43 88 43 99 73 90 2 97 58 95 75 68 78 78 94 38 26 73 24 91 50 25 83 51 74 57 68 20
57 15 15 59 28 77 44 51 54 50 100 46 40 88 98 77 23 33 19 96 35 27 29 58 28 25 42 43 92 19 39 69 27 14 16 17 76 42 21 87 84 28 27 15 37 35 2 58 94 71 4 84 58 85 49 27 82 34 99 80 91 11 44 7 66 11 15 34 61 7 54 37 83 80 68 24 27 91 39 27
39 1 97 98 86 93 35 78 24 64 9 22 94 94 25 90 70 70 1 19 58 67 52 31 74 22 20 54 0 5 72 73 95 27 47 70 96 83 56 19 45 57 40 69 14 43 21 40 71 66 61 52 91 30 27 69 64 80 50 47 16 74 66 25 18 6 95 90 50 45 20 90 75 56 5 60 78 34 79 44
99 31 95 72 33 72 0 52 74 40 23 41 49 69 79 35 43 4 10 88 36 84 41 58 41 33 50 37 82 74 33 3 27 86 65 45 75 63 0 26 50 88 49 10 54 73 66 53 28 31 29 71 88 71 59 60 74 94 71 79 22 90 18 57 35 7 91 24 80 31 14 44 92 94 37 96 73 69 78 54
56 8 19 58 99 24 27 100 99 83 60 49 5 70 4 19 94 12 89 76 7 52 11 8 59 67 17 5 10 18 24 68 24 44 72 75 12 5 83 9 83 78 1 31 49 36 1 86 95 22 72 50 94 34 28 59 86 92 29 80 75 13 66 58 82 25 24 60 16 82 99 83 34 7 68 64 99 93 12 59
29 95 100 13 11 65 55 19 42 97 3 74 76 52 38 35 41 54 93 90 43 98 82 50 6 86 8 79 46 48 87 65 95 32 19 34 71 96 68 63 30 80 96 42 14 11 28 89 66 95 47 3 72 95 38 70 76 22 3 21 60 82 23 14 38 50 21 25 96 54 96 96 14 39 54 74 74 93 71 30
10 12 39 34 73 94 80 25 65 96 87 49 88 75 2 74 85 77 26 98 14 7 63 67 27 6 95 23 58 72 26 77 79 8 100 5 84 75 62 77 45 72 0 93 87 23 34 73 25 96 77 45 31 41 40 94 62 92 81 89 66 93 68 57 83 84 20 56 45 81 100 7 74 60 88 17 70 60 52 64
27 27 45 53 98 17 14 0 4 48 37 41 97 29 21 49 66 90 21 90 37 71 50 15 77 40 84 26 61 12 40 48 59 16 3 18 28 74 17 51 22 15 18 5 0 31 22 21 57 83 49 97 87 8 43 42 34 52 66 78 38 67 9 76 55 99 23 56 71 83 57 71 4 93 30 56 21 67 80 66
5 3 58 50 2 6 69 6 80 26 89 91 84 11 34 6 85 55 94 5 24 42 3 70 21 41 30 60 72 22 74 49 40 80 4 49 81 30 10 84 74 97 76 94 18 1 21 46 63 38 61 98 67 7 11 42 57 79 84 15 7 88 31 71 66 16 20 3 99 96 85 87 53 24 23 62 88 30 52 79
18 54 25 10 17 44 54 24 59 86 92 67 35 45 20 11 67 20 58 91 77 4 79 41 81 10 55 3 11 98 26 68 42 52 31 8 93 89 90 1 36 50 6 5 100 88 85 46 48 18 40 21 64 93 31 60 61 47 76 99 21 94 22 3 51 23 46 83 35 76 60 79 93 90 47 17 22 21 48 98
84 33 16 14 14 83 53 6 16 63 71 65 20 24 85 26 22 58 47 11 22 62 70 45 73 41 100 5 13 29 8 53 31 39 59 53 43 48 54 54 82 58 84 4 55 86 58 77 46 78 66 30 3 60 53 40 31 25 96 78 28 15 24 83 87 45 12 70 90 90 75 49 69 79 12 82 41 47 73 48
71 2 94 11 78 14 92 93 4 35 45 50 93 80 38 86 9 48 69 57 9 26 69 13 53 19 18 2 51 40 37 17 69 100 83 59 3 24 80 11 84 20 4 31 87 28 55 61 60 87 0 33 81 31 66 94 86 57 2 94 21 69 26 2 37 33 87 37 40 99 82 2 88 5 94 29 55 59 37 10
54 61 50 62 67 8 18 68 94 35 12 37 72 59 86 89 21 16 57 64 85 27 7 22 27 59 13 75 13 17 25 5 4 99 57 10 23 21 4 25 14 36 87 2 73 90 98 88 42 46 73 28 22 54 99 92 100 60 70 80 45 39 0 88 28 47 53 92 76 68 35 58 54 76 51 30 88 7 71 74
73 58 28 42 84 91 72 25 70 49 61 83 93 1 63 52 73 76 97 15 79 70 96 58 31 29 52 89 4 59 81 71 50 17 65 27 91 12 44 25 46 54 49 5 39 14 54 91 2 65 14 91 64 43 49 77 37 39 46 87 29 26 81 10 36 52 72 31 91 71 10 65 87 68 37 96 70 36 49 46
48 32 4 23 56 84 72 23 9 28 58 9 88 11 82 44 79 27 29 68 38 75 15 77 51 56 35 64 36 22 54 41 25 71 71 21 33 29 35 21 50 4 65 77 85 77 63 58 32 38 53 98 37 62 19 17 38 75 47 7 62 85 44 77 91 44 65 82 74 52 50 80 55 23 32 72 42 97 98 95
7 9 85 87 46 100 98 42 54 35 69 19 46 77 35 67 13 99 89 13 23 83 53 66 90 95 83 20 28 94 57 15 74 32 25 31 35 82 45 22 26 63 53 46 36 24 21 72 67 74 63 59 77 59 31 13 30 95 90 61 13 41 77 43 74 50 30 60 97 46 96 21 65 0 80 80 0 9 11 83
66 46 89 7 67 47 29 56 5 96 43 21 95 71 50 33 14 1 49 98 11 74 75 62 88 24 80 40 86 16 23 26 78 28 71 37 98 44 60 87 43 49 80 64 33 77 31 39 85 23 9 0 22 21 73 10 55 93 18 65 98 2 7 51 66 94 39 68 29 69 51 70 3 12 36 6 26 25 56 72
4 2 50 23 14 100 31 61 61 84 29 51 69 5 44 1 58 79 39 7 9 50 95 66 77 16 81 22 59 31 5 76 55 65 62 33 45 79 50 73 13 1 62 27 27 62 27 98 2 86 15 14 44 32 11 46 1 73 17 70 34 45 63 13 44 73 92 19 17 75 99 55 75 31 68 58 62 3 12 21
65 32 100 4 89 23 70 69 6 92 90 35 3 86 63 80 0 24 17 81 22 93 66 38 43 12 59 65 27 55 76 18 82 8 75 92 76 99 28 72 67 87 37 93 95 24 95 45 47 36 53 30 51 62 19 42 25 59 96 83 26 58 64 72 94 97 17 30 34 85 44 15 73 31 76 51 23 96 95 87
87 31 85 6 5 37 2 22 89 60 80 83 93 78 98 90 94 79 19 11 40 28 21 24 77 20 14 43 89 10 16 25 64 20 5 79 87 66 95 52 52 52 37 1 0 44 45 45 23 72 40 51 83 57 50 21 9 85 47 54 43 70 5 16 17 46 6 2 91 24 82 4 14 13 69 79 11 13 49 28
84 69 16 57 19 37 35 75 21 4 72 37 81 76 96 22 41 19 37 81 51 81 53 25 8 91 75 32 66 79 63 91 60 37 36 25 63 83 36 8 21 64 5 85 75 54 24 82 64 83 73 37 31 36 18 90 1 34 2 66 32 47 64 68 93 27 13 72 54 96 63 98 7 100 22 44 11 86 82 19
94 46 69 25 14 26 6 65 95 70 82 82 11 62 35 38 99 58 100 94 6 99 50 12 52 42 16 98 79 13 88 82 96 18 12 7 41 57 59 22 52 21 10 60 7 26 66 94 34 54 4 36 42 80 76 0 98 33 20 42 29 2 38 32 31 40 15 6 72 15 81 13 4 78 31 1 79 76 81 69
92 63 21 36 56 80 100 69 85 2 63 87 98 42 42 38 55 78 53 38 94 10 32 79 7 74 55 68 10 46 38 34 91 35 45 7 30 58 28 45 28 76 31 4 60 76 77 16 29 46 46 31 0 31 32 46 83 97 96 28 32 13 13 51 73 72 65 62 40 81 30 78 66 37 55 52 79 75 1 16
17 23 9 30 58 28 7 36 29 66 86 42 1 0 30 75 94 99 33 59 83 48 22 28 13 78 23 86 59 53 91 42 92 78 17 80 63 17 89 75 97 1 46 98 54 57 100 91 24 81 99 50 93 36 32 10 38 43 22 64 16 12 20 58 32 80 85 62 34 26 72 22 85 37 82 74 88 35 69 4
78 83 5 49 56 53 16 87 35 21 30 87 60 31 25 11 22 0 42 73 65 1 7 35 98 23 2 50 7 92 80 81 58 3 82 18 56 98 89 79 70 83 94 82 35 18 76 79 65 54 80 0 1 99 14 49 63 97 3 23 41 37 64 77 0 82 48 54 8 44 46 57 82 77 51 44 91 66 12 57
84 67 6 20 87 87 75 89 27 51 33 55 90 22 38 9 71 48 17 46 33 31 83 15 13 7 23 58 61 12 52 63 22 71 98 14 74 41 17 44 64 20 84 86 8 87 25 18 31 7 77 90 66 94 75 54 30 5 16 77 35 100 3 87 72 96 84 48 24 4 6 8 40 31 60 90 24 86 10 68
63 21 40 66 92 95 76 72 82 14 72 84 91 10 43 16 66 83 36 73 64 49 81 92 68 99 49 10 26 92 63 86 37 32 18 19 46 46 21 83 84 52 33 38 60 54 92 85 56 57 20 79 16 92 57 90 15 16 12 54 9 53 98 61 70 65 3 65 31 23 66 42 0 0 36 76 85 77 10 53
84 95 57 97 83 89 38 30 9 12 3 29 97 60 10 7 47 12 52 56 83 91 99 34 94 3 67 64 89 76 68 95 20 69 3 40 32 71 29 12 21 25 24 80 93 17 59 39 60 98 99 97 5 56 40 98 69 88 87 17 54 86 97 56 50 22 21 93 34 7 15 29 10 51 41 53 50 88 74 4
34 36 51 32 38 47 72 20 35 58 23 99 52 71 98 61 2 23 89 64 42 21 12 74 50 7 53 3 77 94 67 19 14 62 16 100 33 3 59 15 2 55 26 94 20 79 49 59 99 51 71 48 22 35 4 2 17 31 74 25 84 53 64 87 26 23 99 25 51 65 62 24 14 95 74 79 21 96 80 72
79 24 91 9 45 100 61 33 94 58 64 17 18 87 88 11 75 15 90 74 96 96 29 15 54 44 82 52 51 58 98 39 83 44 22 52 41 49 44 57 58 3 46 62 53 44 52 45 32 75 60 31 2 55 68 88 40 26 67 8 95 72 46 60 41 8 52 43 42 41 50 63 88 85 43 7 58 72 72 16
60 78 57 99 86 11 78 82 93 17 18 95 59 47 73 45 50 7 89 89 66 40 72 76 94 14 96 83 75 88 50 24 44 4 70 4 47 14 93 33 80 77 73 16 14 18 49 0 31 37 87 62 95 43 9 85 63 89 73 94 11 45 42 55 69 7 47 74 5 100 92 18 55 12 37 57 53 23 93 26
48 72 40 54 80 52 8 44 64 35 1 90 69 14 53 68 75 66 35 83 35 70 47 18 86 43 84 96 41 89 62 98 6 36 86 89 9 14 27 45 50 48 70 4 12 23 39 79 91 56 92 10 66 42 36 15 12 97 1 67 55 17 18 96 89 9 71 76 23 96 89 35 55 37 45 58 8 4 98 87
85 99 22 17 58 52 15 71 8 72 21 89 4 97 50 71 39 100 78 63 96 11 98 40 3 5 85 97 14 5 67 23 91 48 8 54 40 57 94 9 54 35 65 73 91 52 2 7 95 42 37 89 53 28 36 74 34 62 49 48 93 5 44 100 22 18 43 22 90 54 64 97 19 43 93 30 3 14 19 44
2 19 84 4 27 76 100 37 39 3 90 87 55 83 82 42 66 43 16 75 84 41 10 36 22 34 69 72 17 52 47 35 95 54 57 72 5 86 100 63 64 53 83 64 31 65 87 74 91 4 88 94 44 19 8 25 100 44 37 32 91 92 0 29 54 28 17 12 26 33 100 82 51 87 87 32 27 45 20 2
20 97 5 58 16 13 73 56 60 93 83 96 32 59 26 7 58 43 66 20 74 86 100 4 30 61 18 25 16 47 95 4 67 90 73 63 54 1 55 97 71 52 22 21 24 20 65 30 64 37 15 62 80 100 9 55 46 50 10 55 44 99 51 29 89 71 29 70 13 12 74 59 26 87 55 70 16 89 12 80
86 4 96 45 26 54 12 97 6 79 20 28 42 87 14 99 78 92 81 15 10 98 26 66 13 52 56 84 33 100 59 54 16 70 25 19 99 25 74 83 36 22 82 5 15 9 31 20 50 3 21 69 28 89 86 30 31 81 80 7 38 44 49 95 38 42 36 100 28 13 2 65 80 9 62 78 12 16 11 27
52 68 0 96 23 39 84 25 25 13 96 78 27 28 50 10 61 29 94 12 14 68 51 29 72 97 2 72 14 68 37 3 78 49 70 10 39 46 25 14 74 33 48 19 11 62 93 92 73 98 46 21 99 99 81 43 38 96 99 61 0 59 99 1 39 85 36 15 48 56 89 47 56 22 57 100 91 100 43 40
39 63 51 74 35 42 10 68 52 30 73 83 38 77 79 28 45 49 29 66 42 1 60 12 77 65 6 32 28 44 1 65 3 11 64 54 40 33 14 20 70 55 66 26 49 81 100 12 99 21 95 91 88 44 58 48 71 89 45 92 5 62 59 98 61 18 19 25 55 59 43 10 56 16 59 25 30 68 12 92
19 34 40 65 4 50 79 15 13 44 95 32 31 40 82 51 38 11 99 5 15 65 38 99 59 27 43 19 26 7 47 10 70 63 18 96 87 70 81 55 35 35 28 21 30 82 72 17 52 26 9 97 21 51 100 78 13 88 12 34 61 31 70 33 16 96 48 89 36 11 40 66 16 90 68 30 12 43 47 24
10 21 1 99 48 9 14 77 52 25 4 92 94 55 42 84 86 78 4 40 38 60 67 69 37 35 25 93 11 15 85 43 92 9 50 82 5 99 10 43 91 73 74 90 40 32 35 100 45 40 23 96 48 72 54 18 19 81 74 47 58 67 59 9 8 98 16 30 88 50 11 96 18 54 69 25 31 4 34 86
89 19 85 1 7 25 30 83 72 72 42 53 47 73 49 64 0 58 6 15 13 55 45 44 24 24 33 35 63 4 34 80 34 30 68 36 34 66 26 50 79 65 88 28 63 9 97 33 75 90 68 53 86 28 5 71 33 16 71 4 19 30 99 78 68 42 23 54 38 13 88 56 23 45 60 15 19 29 73 13
80 1 77 60 97 16 2 14 88 76 36 21 85 93 9 65 16 14 59 80 57 39 18 92 40 74 26 16 86 59 73 59 33 83 36 56 60 27 74 9 22 26 48 39 42 99 87 13 73 72 97 20 16 36 50 41 7 12 92 86 10 56 100 54 85 11 68 4 74 63 38 67 55 76 9 17 59 34 12 4
24 88 12 82 85 12 45 56 59 48 36 99 94 37 64 21 16 45 93 25 92 46 100 95 58 92 78 90 98 77 54 79 34 84 98 78 47 52 89 24 48 96 12 83 30 91 61 76 13 89 48 44 33 100 29 38 59 21 95 36 94 100 43 5 42 82 38 11 47 59 97 65 16 13 12 56 80 23 91 22
10 8 5 22 4 37 52 54 40 92 40 77 0 72 64 60 14 20 26 76 35 1 4 8 81 59 50 43 67 55 59 18 90 7 83 69 96 97 0 22 44 60 41 94 80 13 93 37 18 27 29 27 77 94 1 22 100 9 15 32 36 43 27 69 15 99 96 85 9 82 69 23 42 77 52 28 23 87 46 64
95 46 51 98 48 1 79 64 69 7 45 1 37 3 86 61 19 44 88 50 73 77 16 99 48 1 45 52 19 10 42 65 73 69 19 80 53 63 64 55 38 98 40 27 32 100 90 62 52 66 55 37 35 39 10 56 17 18 0 13 50 85 94 48 61 35 79 51 39 5 63 53 25 58 31 68 44 61 33 11
52 24 69 100 5 53 35 98 35 54 56 44 40 6 24 17 89 58 32 0 29 22 15 27 100 24 73 62 71 68 65 59 67 8 40 99 85 17 19 35 86 39 0 45 85 53 52 46 89 25 12 32 57 17 100 61 93 35 82 63 35 71 19 62 66 19 73 25 84 30 66 91 63 68 19 32 21 92 71 30
38 23 75 53 61 12 13 63 45 57 45 75 10 11 75 57 57 28 58 27 72 62 77 58 65 25 43 32 41 4 61 83 69 50 40 71 41 94 97 1 38 54 62 23 86 38 30 56 41 4 30 90 71 21 53 83 0 97 90 99 87 8 35 13 14 95 71 52 90 43 63 16 96 72 8 33 15 24 9 62
69 74 95 62 43 73 30 38 77 35 98 23 12 22 75 0 86 9 54 9 25 5 77 74 36 18 49 28 67 63 87 25 68 24 41 15 31 54 100 92 99 99 49 39 72 97 46 67 29 84 44 54 50 4 56 6 64 6 18 54 82 64 67 96 7 95 59 10 47 70 26 9 44 67 9 7 67 1 0 80
24 24 10 77 74 93 72 2 45 95 2 90 51 76 60 84 27 41 55 78 10 24 68 59 59 25 33 47 13 82 82 93 89 89 82 66 48 16 61 88 37 62 62 4 49 85 91 41 86 58 17 76 54 38 79 93 15 57 15 54 100 72 50 94 76 89 33 31 61 99 2 59 10 80 33 91 23 9 84 35
2 35 90 37 33 76 17 3 88 3 23 45 73 7 3 49 33 57 75 56 56 51 56 95 58 8 31 43 16 27 18 46 1 82 21 37 66 95 93 60 93 79 92 55 89 0 83 3 12 44 35 82 55 59 89 2 8 60 60 16 22 87 54 5 73 91 89 24 6 37 13 58 68 10 38 96 56 96 5 55
44 15 76 55 11 59 52 34 58 17 45 27 72 44 61 96 44 57 65 54 80 76 57 13 19 96 59 97 47 41 93 62 62 17 78 31 8 3 88 56 70 82 81 42 71 95 86 19 88 33 87 50 93 86 5 84 23 52 27 86 90 85 77 67 78 91 25 3 72 76 29 95 24 50 79 90 41 70 11 52
