19
25 88 0 98 3 20 15 67 84 51 21 18 56 6 85 82 59 23 42
6 96 20 45 50 64 97 76 72 24 24 42 77 59 76 33 19 12 97
44 50 12 43 90 75 14 36 21 69 67 34 93 74 9 46 33 9 90
14 26 35 35 31 5 47 28 73 68 43 16 36 38 47 55 22 20 56
47 76 77 61 24 9 27 24 75 91 80 25 3 9 36 47 16 18 72
39 48 60 35 12 64 45 41 53 23 8 53 91 53 4 90 80 75 58
19 89 85 62 88 12 97 3 23 59 25 50 51 72 55 63 79 65 52
31 69 97 3 0 14 43 44 53 84 52 24 65 38 18 78 18 3 61
98 91 70 13 57 97 57 44 53 55 51 70 69 87 21 61 77 33 16
91 89 17 32 7 9 48 2 100 91 34 53 42 85 97 70 44 79 56
25 63 18 90 29 29 57 42 44 47 16 1 76 72 66 56 37 39 17
66 44 85 24 76 42 17 70 53 31 85 86 21 10 28 12 26 49 1
17 68 36 58 77 57 42 41 9 18 67 18 93 55 74 66 86 56 44
92 74 89 69 4 4 62 48 91 67 55 0 51 94 18 69 79 43 20
20 27 6 77 25 54 60 44 40 78 84 52 52 78 37 30 48 10 87
76 68 66 10 3 44 81 30 46 26 85 13 0 41 94 43 1 40 3
17 7 28 7 31 75 9 0 53 41 12 42 11 11 7 12 80 65 3
100 51 84 50 57 22 11 81 57 37 85 68 1 87 54 93 2 6 34
48 84 90 52 15 36 38 29 100 53 10 39 14 21 26 50 98 85 21
