5517
90514 46 44270 36
58176 78 81163 67
34372 9 40459 47
28766 33 52944 63
72010 67 43632 5
77743 45 99371 92
40801 8 97656 47
30495 53 85275 65
58447 26 94674 65
47430 89 28526 24
84355 61 94391 71
2378 28 47474 13
70611 87 90495 80
11328 52 330 8
98944 51 70182 69
52500 58 77713 75
97282 72 83871 86
60293 11 7324 79
34025 62 43043 48
56392 50 88908 77
88788 16 94250 6
70331 63 32514 78
31535 79 94303 53
50195 57 32587 15
94275 34 77478 5
53617 65 21924 10
67257 90 85371 64
12946 35 86377 45
11332 89 95733 76
93839 72 14000 100
24199 81 33415 22
91102 55 5271 26
29965 72 26993 5
64717 13 11163 21
29961 47 76525 37
71169 71 4748 26
22281 96 58603 8
11110 99 1478 70
24661 91 25872 8
79842 45 25611 18
5402 6 61578 12
63317 11 67819 28
95683 2 25415 25
79691 85 41165 69
53915 67 46895 33
32986 89 17709 94
34038 40 39526 80
40347 13 26844 72
51746 28 58961 25
90899 4 94387 17
50842 28 71281 5
85913 32 77434 47
48555 75 5339 45
55679 32 80611 61
675 68 79094 54
59991 7 20722 52
80262 25 65649 18
21999 93 1111 24
29085 88 6265 43
30837 23 27915 50
35101 6 44558 86
91490 35 76403 100
34588 49 35553 37
56675 29 28613 99
88452 62 27070 42
99592 10 63260 86
5336 29 58478 62
89741 99 70560 39
43772 18 73650 4
6489 50 48739 29
4120 41 96855 30
46945 0 40165 27
91548 64 38454 57
50736 60 81828 16
45545 38 2322 90
20791 14 13498 19
12519 78 85475 2
97434 37 11381 76
24927 15 14228 47
93336 16 823 72
42641 2 93303 76
92504 90 73404 48
53550 100 70901 89
46514 57 19458 11
57782 35 45242 39
15542 56 7009 46
79953 46 89532 36
856 76 70987 23
56597 52 92513 56
48721 10 59651 92
97093 38 64666 17
17989 71 3044 66
75601 92 97976 27
89255 100 61228 19
93268 86 61544 2
90010 25 69117 37
33481 12 54779 29
65963 6 52838 79
754 67 7277 26
43484 10 84203 75
41643 25 18027 29
33916 55 1684 74
10417 92 17417 5
14381 38 18260 45
65286 54 27549 13
46427 68 15308 29
60164 55 45585 41
39129 81 27676 88
18212 75 33082 34
74173 68 60179 65
83372 71 3451 88
93529 10 92549 77
57369 29 78301 72
66772 44 43422 32
37295 86 33937 16
86509 93 45033 49
50371 55 52702 29
31225 64 33005 57
50952 62 20306 26
81936 96 83266 68
31677 5 28450 96
91478 18 65421 60
43774 62 99140 8
82665 14 25983 13
61594 70 50604 78
40439 13 90015 20
85890 72 67840 55
11749 11 80209 14
37240 26 4635 100
372 25 71478 67
61910 14 4284 38
66978 84 17556 83
57395 85 38918 81
55310 41 75845 99
2642 3 88939 22
46699 40 4922 40
41784 18 32816 94
9912 32 38266 67
21135 40 90106 36
45864 43 10009 58
15269 52 30763 82
6674 15 20635 38
24606 82 14479 16
34283 53 11951 26
25336 7 67084 22
68497 87 5052 21
28433 69 12331 73
16923 30 76898 33
57087 39 44794 24
12383 37 69302 42
21000 22 7417 68
46682 51 23778 39
22733 11 96203 46
63959 71 22723 57
11982 50 72974 45
64272 25 97669 63
56231 80 12462 56
81577 60 48336 62
4547 17 13558 30
51479 38 93676 37
47869 50 39937 33
98009 84 76034 86
80121 97 68064 95
29220 39 55006 87
60171 36 40484 11
53785 58 87989 15
10528 33 12067 63
35022 28 64560 73
10281 86 95434 13
99801 82 1082 47
15490 89 45294 86
56569 24 29604 95
75887 29 7477 86
42687 28 41158 31
82996 13 9124 61
54392 15 98003 84
20044 31 43028 43
97765 85 75273 93
69583 7 44159 23
12313 42 69765 62
17234 47 44911 67
10482 57 67509 53
22975 10 18839 38
74018 95 36055 87
4950 41 6688 47
25767 88 12044 72
38490 44 80196 17
41691 86 42856 78
67909 93 33658 71
7107 55 8038 35
49664 47 67793 36
8838 82 96875 68
31341 42 62949 2
11942 41 63953 72
89186 6 59014 57
21439 59 86562 99
90096 32 24802 60
67387 53 2337 64
41409 2 83124 74
89214 58 95187 12
46702 26 57033 53
81541 65 89320 73
87988 58 81247 8
90688 33 3454 23
53356 95 2416 67
4392 38 34477 29
13139 19 46893 11
6571 34 72028 90
5929 36 3838 41
92553 25 7661 46
25092 69 69808 5
12679 57 97981 89
58152 7 43784 92
6421 60 15502 70
65603 9 94221 10
63555 56 64547 64
72635 39 70839 22
25875 68 38056 51
29965 19 85477 3
90035 5 23337 80
76724 13 62653 44
58982 38 91072 41
80859 29 98457 43
27982 39 31903 14
82828 7 60230 11
63449 32 66510 14
80822 64 14335 51
77047 70 77668 52
41365 87 13095 19
35390 28 19949 8
83796 100 49325 85
81913 81 66501 50
4832 35 2681 32
76100 41 44786 23
13111 36 52017 3
12133 11 4613 53
12204 78 70394 98
69045 50 6017 84
21315 57 13270 12
65393 77 61725 84
58403 45 26272 64
94624 67 3150 83
88720 85 77853 57
35667 47 6234 10
6048 28 69426 77
27972 52 7028 42
47115 90 72414 58
91645 44 25857 92
31516 13 91190 51
51447 37 22155 17
6753 61 93434 43
40045 61 42260 1
16816 43 37611 22
72709 94 74766 40
73198 82 93840 52
76004 87 50269 75
33143 7 2819 49
23463 15 71166 4
78626 77 58587 35
50506 69 7310 20
72919 32 78894 74
34674 16 66158 71
33396 72 23721 55
39641 32 81743 67
58742 48 4028 34
88126 52 18159 2
24583 46 78310 30
37873 91 75771 23
48841 4 63941 63
29164 45 24633 63
73732 87 70598 82
66191 68 32054 78
64262 86 1134 26
39249 1 36752 90
36634 2 53736 18
94449 74 4637 96
54712 0 81811 79
36678 74 29160 18
1441 51 19524 35
92719 22 84847 43
54620 63 97389 66
79993 51 60947 2
61633 22 13071 82
38018 93 94081 38
6385 63 68881 11
88756 66 83072 18
67799 83 17980 99
7906 2 42391 57
86844 93 32289 54
56527 60 72788 80
70564 42 47536 69
57018 32 58774 55
55041 74 9174 82
81716 4 79702 73
20569 45 4257 52
72048 46 58399 82
89253 27 77952 80
68428 95 22075 80
32914 76 92792 68
47411 43 5576 41
39089 54 51665 52
31839 41 23000 34
68841 44 36702 70
86866 81 33811 58
16277 54 30662 34
9675 100 81198 91
38731 62 48411 48
55051 46 61600 31
42 21 89942 82
57026 91 35801 9
14929 78 68792 83
83687 99 84907 25
26944 20 86554 44
47538 25 36311 37
42094 99 66657 62
41585 85 43194 24
471 76 514 89
73549 67 38162 76
7660 16 63972 5
64111 36 51277 96
83408 55 48427 78
37971 23 76264 96
53866 25 92971 69
18948 99 30855 12
54736 10 29989 34
28798 57 79736 11
68044 7 23200 47
97792 95 51927 21
53965 22 85174 76
4416 36 85199 58
87699 18 78531 27
41264 9 30235 3
43285 12 48123 5
82924 96 18637 70
3383 92 84769 83
2759 56 75568 56
99867 55 20024 1
63281 64 78142 42
73090 87 63508 7
62740 24 85808 71
69827 61 42556 91
67361 39 68685 13
59144 60 43458 25
76464 96 78998 50
74274 8 45074 81
87956 73 64133 2
55974 1 69404 0
45810 30 57821 9
657 48 80198 84
98296 36 83087 69
53930 84 74404 43
84979 35 56324 13
36100 35 28369 0
16930 16 71855 79
74838 25 87623 64
31825 5 46075 18
93126 14 20344 62
79400 44 53688 74
54576 83 87333 82
7508 27 10388 32
89534 69 50135 8
92710 81 72008 6
49269 40 74371 66
29630 55 13217 99
41645 64 77122 67
93842 22 34932 90
27931 76 50667 92
42804 14 72272 73
93734 29 32232 16
73161 88 98986 30
69718 43 54176 37
73810 9 80918 61
78702 55 7902 42
3223 62 50858 31
53345 88 39305 72
24704 20 87959 62
83547 63 78838 88
87368 84 79274 83
78954 90 71963 47
88504 76 13833 95
26058 17 95344 30
85349 57 75271 88
40952 40 49502 40
986 30 24991 48
34134 85 64797 28
68335 55 63177 28
60624 22 28562 99
93222 50 20771 87
11210 7 26449 100
55107 68 26031 61
69332 23 88971 31
21568 0 16688 17
76865 50 22434 59
42837 12 52250 14
36105 82 40802 98
58080 56 77672 27
84458 53 18745 72
52222 39 78226 95
85094 25 21861 4
23242 48 34761 90
19100 1 36419 45
17546 70 35406 20
26608 70 69019 66
61944 89 85334 17
70255 15 98770 58
28182 49 61160 99
14771 4 54193 26
92178 36 70315 39
81389 6 7501 62
2462 0 66320 73
69944 25 48219 11
65782 51 55129 46
64503 1 77600 98
95065 64 10217 15
40629 23 2031 27
74754 17 32717 37
93045 57 80013 5
6326 71 20701 31
19371 6 40721 33
19839 86 74429 71
53570 23 71688 88
89018 39 47277 55
70524 86 65998 74
745 41 3674 41
12171 97 293 36
2778 41 83429 5
7182 53 52504 90
81478 30 92394 16
23351 29 62199 2
57483 2 58486 20
59713 85 44970 73
32898 89 76442 18
59406 40 51860 96
66466 97 70932 98
77726 100 59484 67
44909 1 48503 67
92943 97 8979 98
7459 43 14914 41
16828 37 78888 19
31753 60 51280 43
74670 83 31193 75
42042 14 10891 61
61740 89 31142 60
67553 22 2120 97
62668 63 23201 44
91479 71 30096 32
84068 36 29988 30
35146 80 94843 3
41702 9 35954 30
79766 89 41149 33
5860 71 25984 5
60462 76 72432 78
76205 34 95934 72
99449 8 12978 56
46239 42 33713 30
50506 57 74543 58
52851 42 51127 100
17672 34 69170 92
50122 34 73780 69
83646 38 90511 48
38064 97 18683 14
6630 2 40698 68
5715 87 68815 30
78318 28 96637 25
90790 87 62803 11
72895 87 65313 41
63974 70 92449 73
43753 52 75166 33
61286 67 27731 93
67034 64 12371 72
56367 14 74241 12
24582 90 16174 82
95686 75 83306 77
74155 6 8390 52
59505 8 14711 69
67229 87 54901 31
16841 23 62947 30
50395 72 26477 20
96779 73 30138 11
66006 66 85538 40
41683 67 4350 62
48980 83 55718 23
27389 39 79901 45
26602 13 91755 66
50792 4 72769 28
95564 90 13403 65
15033 8 59014 79
59703 82 38668 30
27215 32 43572 9
92516 88 16650 24
17000 22 48879 99
10888 88 58868 100
66849 37 85270 73
39294 65 98618 99
5203 54 4058 12
50466 24 77402 98
65207 33 89902 57
15598 45 2722 28
14515 43 35221 10
99985 38 84172 98
80298 66 15324 91
91792 87 78930 99
11022 6 45319 42
73217 88 89061 53
80931 34 49242 40
63621 79 19674 98
64795 69 84904 21
16833 83 84897 98
35798 83 63954 25
57594 1 58435 17
67425 17 28076 13
42224 85 82355 34
25096 90 83093 85
95636 88 67101 92
71249 57 11159 93
74241 60 13524 88
71552 45 15593 70
65448 93 55174 75
87791 34 32450 80
86002 66 51351 21
49543 15 45356 64
94101 7 51207 61
70287 25 50286 7
26762 91 74355 96
22951 45 65640 16
64764 36 89393 43
32888 23 30850 95
55762 73 18902 11
75100 10 62498 31
76355 59 82489 18
35576 15 77930 76
99252 31 44412 96
80766 46 57090 95
15546 0 82999 72
34214 77 2546 98
10747 89 30642 73
54225 74 66721 67
61464 93 80287 55
68672 68 30685 2
39872 15 77673 69
14207 93 58981 60
62852 78 31773 32
27382 16 70765 100
17382 76 59716 89
80587 12 24953 53
26921 80 76938 74
30105 72 39591 9
4315 52 17992 28
70464 28 85283 28
86585 72 25062 87
33029 55 56889 26
35393 21 71446 7
90146 73 13857 37
69551 88 47457 78
37486 76 90920 96
95195 10 29611 28
79106 29 11245 42
37344 51 46237 66
57195 58 1477 46
68067 95 77525 92
10679 82 45521 28
22907 95 96948 68
19875 16 47188 54
17142 91 8508 26
15020 6 26465 96
92965 42 73383 84
17995 71 59616 63
11005 81 8574 18
74752 44 54694 11
31009 35 71299 19
22001 55 3031 7
24622 23 83139 70
35081 56 96634 43
93259 82 19914 20
29204 33 72051 27
1394 86 18460 60
98629 95 28054 36
75485 62 83264 46
63297 21 74956 92
61492 16 17937 79
18689 85 49934 27
99188 66 78454 83
41872 70 96240 75
63325 38 86092 70
87321 72 33997 35
90033 11 60257 86
26814 40 55681 74
59062 13 54880 45
27499 54 78048 75
1846 11 57231 99
54299 83 50234 38
44406 88 56843 58
89081 45 68906 72
21449 44 29133 78
83111 6 29489 16
6757 5 85908 91
48095 69 92408 24
34584 99 51703 21
19993 81 83125 34
61328 1 80968 5
92002 40 65593 47
33901 76 29311 35
43250 97 36609 8
87919 6 71759 92
30583 21 55719 99
86485 77 50554 90
39298 56 1620 18
94990 50 20984 99
1252 59 22797 6
34966 42 29231 6
99610 72 51549 32
8543 51 64793 83
72132 31 87956 43
57487 88 62083 61
5873 85 82387 99
25336 94 20935 59
11168 75 60453 34
49953 74 8948 3
51391 1 72176 5
3012 87 69757 80
31785 71 44794 19
52737 65 56102 55
86951 99 56783 54
75137 81 52252 70
11665 47 86153 66
4851 3 86024 83
16987 92 51711 35
85978 66 64901 57
93697 69 78000 39
80025 45 41546 36
6439 31 80051 37
52068 55 35257 28
12667 65 69846 9
46993 52 18601 100
31652 34 93225 5
67193 59 96643 38
84367 30 7966 23
13683 9 50945 65
17081 80 63227 56
51944 88 56681 74
94941 53 24736 73
99935 42 89234 1
23183 68 54879 85
21062 40 22473 50
38505 92 1525 86
65713 57 34966 40
17367 97 78785 13
49856 76 12804 14
78139 14 71397 31
95386 66 70485 2
26974 57 90281 17
98838 98 16107 58
54191 90 65051 43
19304 93 37275 47
43728 44 72207 5
11435 5 3641 26
87209 26 50829 39
91325 58 39874 29
80118 15 35709 35
62407 39 70235 97
46220 31 43016 50
19908 50 47730 67
49666 45 96776 9
6303 89 92906 53
1380 91 78673 90
17256 80 4010 98
4227 95 58115 20
95143 98 72560 69
25642 37 26366 39
47906 75 90318 30
45388 85 29294 59
79493 76 71462 87
81198 35 23241 57
47937 37 5388 6
98537 100 9729 26
76865 47 18886 96
81919 83 17215 93
170 50 25338 97
14998 2 60498 15
9869 56 35613 82
54045 73 3642 18
88404 77 98638 16
65264 49 41490 27
91743 55 97647 8
32883 73 7413 87
142 32 68723 58
80423 80 56225 20
86324 87 63558 36
5903 45 4746 99
7904 34 13730 81
38151 19 20615 30
44623 46 51049 19
36602 10 20444 62
37274 84 66572 74
45745 36 16038 61
98460 43 75154 26
30115 5 61222 59
40140 77 89529 75
30163 10 75296 70
99638 89 39522 8
22476 3 54698 43
90387 6 88895 82
49768 65 50207 86
44377 82 21363 74
61360 51 52241 43
15857 73 99693 20
31768 5 98766 30
52783 94 33564 36
33495 68 1228 52
70548 35 63436 11
78780 23 51039 76
54355 7 14011 5
30114 45 44289 2
47467 19 33432 61
89627 16 11513 58
27538 20 99516 87
19433 47 5291 50
5525 93 33760 16
1641 94 3593 11
66666 20 75225 66
38344 42 93999 88
13636 35 48530 12
30958 82 51480 20
95961 79 73967 69
79248 52 96411 95
40028 33 48076 75
99706 98 8328 12
80151 84 11366 56
26426 40 95341 40
30022 38 40645 30
67426 61 78154 21
35604 65 53982 100
53898 42 60686 19
78703 88 44200 11
18702 82 10629 86
2652 73 31274 79
53831 96 28684 79
55066 8 92521 36
56027 42 5289 16
72424 50 3535 11
24003 100 4832 64
55459 47 13386 84
55582 24 99398 11
17516 27 62580 82
78374 61 25044 43
37896 3 90099 11
27791 79 11744 13
21723 62 31379 19
36968 16 21270 95
55932 43 12380 44
24365 57 70518 78
27702 11 63125 93
43893 12 33363 80
90315 29 9765 23
10919 47 19267 42
78579 96 57893 17
47813 65 38129 19
7216 50 25273 20
87097 3 74641 92
86320 83 6717 22
74591 87 17647 77
49725 68 9816 52
5837 84 31693 51
86803 83 47554 83
65349 52 53495 4
8828 75 89398 71
65011 75 43210 66
23417 83 44161 75
59468 87 21735 40
22090 95 37884 18
46919 86 83789 89
4634 7 6111 65
79471 83 31689 90
31970 37 60798 83
12069 32 41755 18
5081 33 6564 50
90299 40 85068 73
8437 62 87882 4
25098 99 14124 91
53665 45 24347 95
57592 20 6745 72
3437 11 89514 56
77892 82 61404 5
3166 5 23272 84
6466 70 21 93
78770 44 24928 26
57757 51 44226 38
10711 2 34458 39
79382 54 66740 14
87406 87 60445 49
65949 27 58816 28
85120 25 49768 74
93078 28 94154 1
58442 85 25500 51
81052 42 17232 4
60977 71 54604 20
47271 92 54350 47
90612 77 30096 83
98604 8 80522 65
11988 38 26882 25
25555 10 60352 36
46904 48 18623 46
96194 85 41088 40
4778 75 30882 6
9003 77 63929 38
80536 44 43394 82
20789 37 63857 56
67785 51 74692 22
7239 42 55762 6
98477 78 53878 88
68750 84 90788 86
41119 4 56900 75
48392 2 19266 73
82249 2 1754 82
5219 12 59824 28
44151 58 24433 57
31726 54 78659 58
83305 98 35707 61
56828 70 5534 32
95628 57 80433 54
25471 31 11662 1
19047 46 76487 33
32723 69 44686 4
6990 81 26551 50
99994 60 99153 85
55253 12 83784 59
42283 73 48563 22
24259 57 53789 77
43368 70 59862 75
21026 81 88011 45
96328 56 74807 9
63187 35 62809 62
61087 2 14414 69
99317 85 30568 96
43644 14 91047 68
14882 64 46601 54
66127 5 31865 5
14984 50 46334 59
27114 94 99714 52
50673 21 73915 69
63556 38 15460 97
19780 38 20856 76
47612 62 59173 93
3752 10 87443 22
34041 14 81261 36
29529 88 94054 16
21739 70 98139 55
46846 7 63121 28
99774 57 2411 8
79242 21 46404 76
64978 25 62375 96
42367 98 45716 34
47864 100 15810 10
8488 64 67415 13
98017 2 94654 99
44397 35 30522 75
8828 8 90099 4
13320 62 38810 21
59903 83 60428 52
15734 92 50967 52
33803 84 18369 48
2320 69 5484 38
87171 27 61642 17
55088 81 22177 32
32024 21 11638 59
81800 60 3671 48
20165 96 42917 65
52118 19 75700 38
85404 70 5382 7
31561 57 24372 15
3003 47 76143 40
34626 25 74849 66
56688 22 18670 37
48035 53 5031 31
32835 10 10685 17
57112 94 67240 23
29098 30 29834 16
40135 29 13811 75
13047 70 61300 71
73557 67 50139 13
81515 82 20287 60
37978 63 80540 33
88193 20 10237 27
29503 63 76484 18
72751 25 5001 60
55934 31 7000 17
76436 39 78437 26
42040 20 64556 29
28125 16 67734 84
65444 18 34731 64
91455 26 62406 81
95236 81 46929 64
63319 65 7926 41
33075 64 8130 29
69769 47 66059 1
90905 97 8791 51
26869 44 56219 81
70372 29 7571 54
22946 43 60755 73
23524 85 50225 66
59823 75 12591 81
71054 57 84507 92
23136 34 32380 62
19584 32 62934 35
85050 51 29964 73
4067 13 97759 16
96598 68 473 52
37207 32 16458 94
38766 34 8364 62
56668 3 45624 66
55335 14 82662 74
16325 60 8273 94
56093 86 36463 73
56125 3 36486 74
40555 8 27518 99
11421 71 48729 85
70535 17 32914 11
51560 59 14743 71
3891 68 37041 64
54796 51 64046 27
60629 96 13163 46
69289 1 91960 40
43641 25 35428 78
73368 86 15316 67
37399 27 6011 65
93762 34 56220 45
13652 52 56366 93
36457 43 82884 17
28571 76 82855 81
34273 39 10986 69
92600 37 92079 76
52463 89 70249 44
59292 56 83761 79
33182 97 89887 98
25495 34 42277 68
21048 67 38293 27
77705 31 39619 31
2237 89 71220 37
20717 75 24804 23
33889 75 8326 41
67330 9 26293 34
83974 50 79603 33
43486 41 59825 78
62863 74 23667 29
3984 94 80226 33
87062 26 54892 17
42550 54 11955 11
32932 42 79042 43
83225 66 71739 58
6993 49 34658 7
64125 35 41758 11
22420 39 23256 45
31200 70 68405 76
33227 23 39473 38
91316 19 48633 55
49025 34 84204 99
17485 56 92047 49
39965 63 4609 60
26523 81 94758 34
22672 63 33551 15
36331 36 69271 17
27654 77 98196 56
31689 30 94270 20
11491 65 73844 55
90488 2 70784 5
56987 71 61509 2
3767 42 25778 35
72642 25 41803 22
86401 44 30724 38
83693 25 28433 38
73077 54 63916 11
37198 57 92065 38
66167 41 47644 74
36366 70 36775 51
33024 86 5282 68
1097 70 52570 99
39393 26 87100 80
60989 17 8932 62
1343 87 33911 70
44884 78 62773 35
42754 26 60765 45
48541 1 24266 58
81379 83 94743 81
45655 49 37027 62
45680 81 3702 39
6759 95 91060 82
35014 69 42908 81
25836 4 41531 7
31635 6 77187 70
4212 43 66466 25
34593 31 32267 95
91312 83 41493 60
63708 84 55019 11
10739 1 6786 24
43165 63 71546 76
85333 50 3560 11
66064 17 90635 61
77393 9 60777 69
80731 97 25260 87
34671 36 53161 12
35010 52 56943 2
12362 58 37086 3
90305 22 81029 13
64939 20 14608 71
25168 96 82333 39
7194 54 64180 27
59383 32 87887 75
70205 37 52041 94
69143 35 79260 47
66946 20 11904 30
7365 75 42309 52
21271 19 24482 22
3865 49 45395 20
80498 4 24301 46
27582 84 19463 40
1753 46 66480 44
62436 81 32121 74
62 2 76861 41
29855 77 25467 15
55430 18 57734 26
24757 24 22185 48
89856 73 19850 58
67 67 48149 4
80811 40 11790 56
54976 45 42755 33
93491 23 72422 63
68502 19 92679 66
70528 64 94161 36
65122 60 38625 40
74151 32 87674 81
80253 18 42031 81
44720 70 98695 100
75716 78 29683 5
21496 16 25165 89
84358 74 27285 14
36326 92 25393 16
33618 97 90378 92
5648 38 20885 100
11048 83 31990 62
87741 22 11581 28
47959 93 24547 38
93829 59 3491 2
76361 94 77684 87
98638 81 79711 13
55162 73 43918 73
69638 95 54060 61
32472 46 13850 70
90021 34 90917 14
67996 82 15001 40
86200 4 3217 16
67134 54 60104 50
48359 26 69561 85
89942 24 57669 8
25591 57 23804 71
57756 31 66294 89
1270 40 92079 82
23021 98 52810 0
53957 11 12998 6
40457 38 45672 29
70633 40 24771 80
94182 86 16006 82
76717 79 29221 85
12736 4 16043 35
51072 72 18943 0
25424 6 39037 95
86107 15 64121 4
74486 61 97857 49
70955 49 51726 90
52061 44 71624 18
52653 32 26656 26
41150 4 69202 36
53879 92 69286 77
35779 49 62509 59
17316 47 25970 88
62734 28 61863 43
3092 56 43346 27
34158 64 29207 21
41597 45 78973 41
63888 42 20680 19
53322 62 59722 62
48282 89 5282 80
81703 80 33708 90
85472 12 82285 57
70008 78 98822 60
52912 71 13450 31
55488 12 62983 68
21026 68 51187 78
68786 27 21804 1
6972 0 74755 27
5853 82 61197 77
41617 11 68473 29
65485 44 88755 6
63118 54 52075 40
77788 16 68400 6
67589 31 45198 71
52234 49 70978 60
27642 73 51773 75
65355 6 12070 85
56686 21 15754 40
54812 29 37410 52
79459 31 66977 54
41684 44 45627 3
14774 15 71989 100
1563 45 16338 37
16199 84 78146 61
49745 42 72287 65
74956 48 80988 42
86727 38 52834 28
9895 49 21883 78
36121 59 92638 22
88997 83 37309 59
99299 0 91424 52
77444 3 53994 52
62166 44 52657 94
37937 90 12972 19
67902 50 69683 62
15896 78 94758 40
31062 53 94718 46
96622 48 67451 8
66479 74 85323 75
27001 60 45811 38
41039 89 1982 91
70912 48 92871 71
10624 95 73282 77
28901 24 51989 53
69372 74 92687 67
68120 19 85563 27
33050 80 2032 51
90565 4 53333 89
11210 21 82332 65
55029 76 4106 91
37660 88 72433 3
26396 97 20411 8
91254 50 91862 16
56901 54 82921 14
50046 34 66081 58
53899 71 67407 41
18375 57 49578 77
19767 71 94900 62
72968 28 49821 61
95600 52 33771 89
68166 72 4235 38
20548 59 88314 51
30170 64 47928 38
80098 82 39023 67
97077 10 60972 83
19230 55 3135 43
98785 18 88932 84
45204 63 53328 54
16901 24 49779 79
2314 19 22054 62
66110 57 40668 86
14592 99 80077 9
847 13 46103 9
15857 11 39186 21
28803 54 63280 27
74032 25 56580 90
21694 44 94322 46
13663 86 22239 38
75832 24 5866 41
58052 34 57222 66
6528 80 74571 32
80023 100 93144 3
22318 84 77955 56
71888 87 54215 16
83562 56 97765 69
59815 31 59839 24
75752 9 75927 99
92353 39 18607 94
81714 87 3376 59
61987 69 13826 85
45364 73 35276 8
18411 61 59380 56
88317 11 63671 56
98872 83 9997 53
24498 21 37589 86
49747 2 74034 14
93423 65 33703 9
78242 79 36447 24
69923 16 83187 8
43082 62 96913 12
24318 81 57930 86
23392 5 92121 38
45422 87 91588 31
28637 82 47830 88
63369 62 54097 42
63150 90 41048 80
881 33 70692 52
17558 100 17109 99
33192 79 70129 80
89140 46 99235 34
89738 18 68350 36
22642 75 80516 63
82892 41 29701 43
59914 78 9997 26
34289 26 67129 11
86084 30 95116 81
13037 17 97854 54
32678 88 30348 77
41484 27 63800 72
65775 53 9557 98
73751 89 99355 75
48826 37 65134 98
84248 65 47595 90
7613 36 93697 45
49625 77 91395 14
27778 87 1651 32
22256 18 85665 77
29313 22 72491 0
33180 39 80188 8
62760 3 60896 82
29008 57 58278 67
90825 45 21866 50
95204 53 5641 87
37239 32 58440 15
43041 86 54755 100
76107 47 31516 77
67093 11 31156 74
7505 97 72605 78
66985 30 60985 11
32572 90 56724 18
11439 1 26282 99
44804 25 52565 46
39445 61 99130 45
33397 0 14026 71
94035 26 57644 100
34149 96 60743 28
26798 50 5605 45
12410 31 81129 46
24181 84 91795 8
7514 2 98109 33
50463 25 95491 61
62700 20 6642 16
10574 58 33712 39
25706 34 91242 23
95027 63 70040 43
35726 39 82408 12
86663 36 63623 34
74912 67 50321 40
56376 3 96376 82
61253 15 14008 36
18517 17 81852 3
7236 24 30737 83
97670 18 21997 23
42924 77 79721 28
46114 4 28522 84
79466 51 14143 81
65672 84 43162 19
40883 73 87117 95
61121 16 99036 2
10767 23 39692 9
16329 21 308 9
9223 16 95096 34
7990 11 58161 42
67015 84 80694 21
71093 98 21610 30
36581 96 37490 71
14662 15 91147 71
10884 66 93465 18
44642 9 95749 8
49246 24 3372 13
24262 46 31003 41
71746 69 85829 14
37253 96 34566 69
55567 7 37003 11
71281 24 76340 0
84128 50 82984 46
62990 80 90726 9
69358 0 82752 26
56723 37 78186 55
29832 41 17110 68
48460 43 79321 57
57494 53 59005 83
18799 9 39042 25
55544 25 29647 10
41747 82 78025 64
86352 6 36971 14
5680 63 14937 46
69284 62 20741 84
51481 54 4214 64
39253 28 77412 42
28127 35 55271 42
57913 76 23787 94
59038 67 99395 35
4798 70 70271 27
30339 89 57015 92
94069 100 26882 11
97228 87 76981 13
85722 79 18700 65
32126 0 59192 99
89478 79 85537 26
72092 51 88971 39
50969 47 60761 2
2452 22 88170 58
94606 11 77367 30
22006 92 61472 57
81147 40 82145 62
9969 30 52038 13
93019 79 85178 64
44480 96 41585 6
27638 91 23484 66
6800 26 84607 63
42487 8 16063 10
29837 30 30268 52
20638 94 17891 58
90298 55 92046 70
71324 60 87623 56
68361 42 41252 23
91261 21 85085 91
3157 63 68499 61
81012 76 9606 1
62922 94 15289 40
82540 20 4048 16
20636 88 99590 47
46004 96 84506 88
79551 16 22539 91
2440 83 92759 30
48650 69 20980 43
54258 100 51518 15
19452 56 49003 49
80768 7 13069 23
33043 21 52471 51
56222 27 31137 58
18063 96 47052 86
72489 78 79396 1
11060 81 29985 81
87234 27 11484 16
80243 0 34855 73
43458 27 79160 51
41947 35 57563 4
76129 21 84691 31
15211 2 95420 97
32549 1 18082 21
96326 79 61667 50
81089 41 22187 85
11318 47 97236 0
79150 24 57824 86
19239 60 57681 98
6578 89 22458 35
22979 88 11786 9
43629 37 51029 22
56172 68 68072 13
21368 0 96065 77
50470 24 91770 20
16518 53 22121 25
29400 40 96157 57
55761 69 85580 79
77007 85 44492 58
83539 91 30694 11
22804 81 79679 23
73457 97 85551 46
20931 15 7581 8
55941 63 3497 13
41565 90 59830 64
30780 0 90307 36
84460 8 5744 62
34538 60 55501 67
80177 57 16563 48
20495 57 44482 90
59242 31 87300 19
39111 24 24557 70
10933 64 76046 72
93030 14 70019 50
21552 54 6380 82
38701 16 74337 30
5861 16 94237 49
84651 75 88697 22
31478 43 13246 41
84562 10 59304 26
5799 99 57278 9
81531 46 8194 70
41186 89 98498 86
13001 86 29910 2
25613 71 64917 9
95481 95 49004 35
74871 54 90347 10
46190 46 25651 62
40265 61 40864 45
79793 39 28549 91
33809 92 61001 63
99635 81 16882 20
49579 5 52868 7
52202 87 87129 98
87768 46 65846 0
60985 48 75211 61
21234 0 19674 38
31054 20 53847 37
84153 35 38395 57
22957 64 99629 98
61234 100 52941 85
76223 90 85948 0
40458 37 28596 56
99073 56 98218 5
78058 100 15360 39
6186 29 67919 26
23898 93 88840 58
49799 88 63940 8
97223 49 88334 59
17622 67 31227 60
13337 76 69224 8
52161 85 14923 90
1601 95 56912 60
61483 49 60823 54
5679 35 2211 83
32436 52 63070 16
52033 27 62992 63
61610 70 86211 59
40155 65 80666 26
81499 49 10082 87
81661 54 84908 75
74869 33 76992 88
92931 1 63670 34
19046 32 58801 10
80488 64 14626 18
51978 11 55559 70
60601 3 66052 67
50699 79 76233 11
14774 43 20185 18
42347 39 57335 46
72415 26 13225 26
57393 57 18032 41
45346 78 33068 67
11812 40 25390 62
66134 87 44525 96
90108 53 26541 31
73189 88 28066 68
41518 92 92018 50
32698 34 680 39
39293 75 52137 17
87878 99 51682 27
71722 35 96154 19
84587 82 88177 50
37061 66 24073 69
57486 36 86949 65
29421 0 26157 95
56238 42 81916 36
49202 53 80980 100
76735 27 93218 2
46934 78 9705 20
6969 47 66605 18
8395 47 9574 36
3654 36 91946 22
33431 8 86259 25
58214 28 46445 7
80565 36 27451 44
91946 99 9390 39
60166 91 26407 67
18985 89 97006 89
69651 31 72042 56
36515 72 71773 33
32251 87 14783 11
56667 26 99592 84
50008 64 98747 21
26392 3 46813 29
83054 10 62031 42
25702 81 80054 63
62595 87 34564 100
15325 39 41737 5
71677 3 30756 69
39207 38 37122 51
40497 63 67403 54
91475 65 33283 26
23537 92 43496 98
8146 14 99699 21
70261 6 76413 79
56878 63 13417 41
73746 52 47290 83
20476 50 59087 73
8514 98 52099 84
72626 69 35392 14
49962 56 58979 9
89929 83 57304 11
292 52 8169 21
7712 59 55123 95
83437 39 11981 88
544 8 16644 1
90636 99 25548 30
97118 98 16658 23
59430 89 54900 41
92585 100 46881 45
41643 37 70540 95
17410 17 41894 68
52316 100 70098 14
83754 79 77784 86
79363 82 35740 22
92467 16 30282 70
95721 5 91061 85
39460 96 16325 46
34475 100 64855 43
8698 91 23797 67
88672 56 76243 2
65298 5 2213 36
50634 74 58149 78
69123 18 50625 26
54397 8 87140 86
69099 21 30664 84
50644 82 95490 58
50210 97 50972 7
24529 11 9676 91
41352 45 48685 93
18940 88 63820 86
6880 52 89132 55
88106 37 90009 96
91716 22 45194 93
2187 13 38418 9
77849 51 91463 64
51329 72 13769 74
45562 9 6419 2
95300 67 4048 28
78675 43 53403 100
93544 58 98026 45
50134 69 2422 27
62948 84 95549 24
98726 11 32008 85
66345 36 13022 53
25060 63 8587 26
84211 34 59839 20
15308 59 8643 44
99376 0 77951 19
42082 8 48028 38
35323 33 7869 91
29065 70 67631 48
72218 60 896 74
7492 86 89422 76
95030 11 67 65
423 22 54083 89
72456 97 67318 48
33432 8 21673 34
80597 20 96195 23
47502 55 32379 74
27761 34 86717 18
94101 96 96861 4
8109 80 73501 60
816 79 95787 95
7260 42 71605 29
34930 67 13287 36
62562 48 57814 94
44818 25 36763 38
79889 9 50448 28
90068 50 89777 100
85139 36 50986 33
3002 55 29221 38
39624 85 64787 13
93720 81 69061 78
56857 13 15929 78
83869 8 23798 65
32248 55 36439 99
85418 22 64086 34
51316 43 80887 78
17039 1 16425 36
35508 53 76832 79
74012 27 65408 7
89297 56 49358 85
29154 10 59777 87
53144 69 88163 56
94405 39 50206 18
62391 79 30676 81
30906 86 28941 73
74966 59 19250 13
90917 59 97450 85
14010 83 41162 21
19708 11 96846 88
76661 40 76406 73
962 99 31678 92
14795 63 31486 13
59996 1 41521 78
79369 93 1034 96
69895 16 37217 92
92835 67 57324 100
87906 90 85464 23
51206 30 71390 46
43987 87 83015 59
62907 10 70468 17
15526 64 60274 1
39636 37 63230 88
64887 28 36198 50
24070 85 55986 55
65914 95 47074 89
7416 52 96495 4
12500 92 47408 14
82993 17 83667 15
54475 21 8809 11
24308 90 20530 32
87813 93 38956 26
24479 79 19980 20
17412 65 72758 32
86521 26 95804 31
9760 60 76058 5
92287 87 75600 64
37277 37 66481 48
2342 63 61072 86
40724 100 42515 55
31106 21 52175 20
78682 37 33614 82
35090 61 79245 60
5275 58 67861 96
11276 53 51339 99
34048 45 50882 39
5847 93 11201 21
74863 36 95174 89
95694 81 36127 100
11432 34 62232 48
59792 62 42385 31
4098 53 3463 48
96015 42 50006 37
9167 55 36411 29
29020 21 98623 84
10892 95 64445 28
86803 66 9040 99
93913 17 11498 9
6113 74 22565 85
92664 64 68284 37
27606 40 18162 61
31123 89 94192 61
33042 82 2045 17
94209 62 26978 15
69364 26 37801 53
53644 64 17960 29
32570 4 46868 1
53097 99 95703 47
60547 41 30514 50
38964 28 37229 94
98582 73 81757 42
22919 65 88939 32
50893 94 38579 97
66210 13 44902 24
43614 100 3407 57
3593 1 57677 50
97493 23 70889 17
1718 86 26658 37
38590 82 2362 64
81670 85 82307 31
28818 47 91434 67
48268 97 61884 45
47691 48 28346 57
67904 38 72606 74
61170 74 44100 15
10097 46 96290 93
69259 85 98202 32
80746 13 83729 13
65548 83 11318 54
53335 94 83217 7
89079 45 38314 25
3273 2 36671 15
90318 50 37886 38
81962 64 2416 38
3950 78 914 55
32977 45 28566 19
71493 35 43003 41
41694 2 93349 96
10808 82 12797 60
94307 41 18960 18
33749 55 99171 92
13292 9 42344 7
27828 16 24404 72
52893 18 69223 3
95805 89 19713 44
56056 61 19878 43
48656 10 8726 62
37805 48 8652 61
93518 42 50831 46
63042 28 80257 64
52413 58 26056 55
85324 68 26785 26
7354 27 76696 78
13659 69 63863 50
17243 23 6373 71
56176 34 83339 89
15066 91 70902 94
87739 75 26508 95
87443 24 75994 60
52556 2 5946 50
43262 2 26712 63
46338 53 52792 32
45818 85 99112 97
25561 7 52914 40
89162 63 24906 12
90253 29 19250 76
7331 65 77210 51
95277 99 42920 34
50542 65 66491 89
8398 43 88114 36
57954 92 93785 79
33307 27 31403 60
41196 13 46821 85
61720 21 82649 0
13616 54 94631 10
2691 47 29878 32
7798 54 1327 36
13249 46 56614 97
80565 5 4373 97
32273 42 53080 0
44037 38 58539 71
15749 89 37629 0
48024 42 35559 45
19225 62 65656 97
9034 57 82012 51
2555 12 12686 30
4337 20 85230 89
21309 23 90735 41
50274 53 43490 81
36824 64 97133 0
53248 57 84045 45
95190 53 56086 68
21324 90 2525 72
57951 54 8381 65
38092 73 32919 47
34626 53 93138 1
54894 17 17084 56
89626 25 48828 15
46638 92 65476 63
44704 34 884 77
83891 20 66555 92
9662 61 33097 76
14330 8 4808 14
37765 17 60936 70
95810 66 65761 12
90327 23 97011 51
91926 50 39603 12
98126 52 9065 9
60487 88 25188 37
4069 26 66080 13
32130 24 90422 90
3740 57 19436 95
46887 35 53641 65
5754 96 86327 69
35435 78 87538 25
92837 27 28960 48
64189 27 96676 43
75797 47 67724 8
17721 98 20011 63
71935 36 21202 17
19393 54 77275 71
1068 91 26802 40
48365 37 54779 65
37147 23 58765 26
98130 35 13587 23
76039 57 79223 76
48102 16 19047 34
6327 6 56273 30
26859 12 93128 15
98422 83 6103 85
91889 60 45665 35
65045 79 2695 41
79890 59 10657 38
36287 85 17260 29
27653 31 12666 40
52909 8 39157 84
73725 88 75447 81
45492 49 7170 80
15762 73 67714 21
5184 93 56900 22
19904 44 73231 6
52794 59 76195 96
30014 19 22037 39
52527 36 55852 34
92973 80 17119 94
83828 48 77579 5
12029 5 86952 58
59929 98 68514 45
66586 74 51095 42
14622 55 29294 71
35410 87 16940 48
62116 53 97531 0
34785 99 4480 9
14823 31 7495 80
92 87 64464 23
64593 82 57426 61
71703 49 50923 28
71832 63 1251 75
73107 78 77981 52
96046 36 50699 88
46639 7 18655 86
60285 3 85141 29
79606 83 57822 50
55132 54 28664 89
8034 35 28620 26
41439 61 18542 42
15532 31 40484 47
14342 0 6680 26
90081 21 71107 62
70004 21 40287 51
90352 32 62902 8
44956 38 36452 93
64569 91 75642 51
71048 64 98882 56
60202 28 18401 72
33231 4 84920 9
16447 2 85308 98
24048 68 6891 64
49143 50 97235 15
34377 79 96071 29
40923 90 81112 46
8894 61 12190 81
60173 32 35805 24
6728 17 97865 47
15638 38 96274 4
52363 37 38715 44
22796 47 38287 97
73291 47 94124 52
41184 2 21248 52
65376 33 96633 35
74978 82 88703 27
15900 9 62760 90
92869 62 57235 27
67960 81 17063 61
63021 3 92047 65
91065 17 46163 39
30298 1 56477 41
40014 58 62367 49
98442 71 76757 22
33757 82 42725 85
7889 86 84895 16
22797 40 39457 83
21268 11 55896 38
83369 90 48288 93
50514 38 13061 90
29932 24 79063 92
66443 58 68740 79
10308 58 79954 49
49255 17 44073 13
90221 73 2600 61
17879 9 12936 79
66117 76 24423 8
27952 6 75405 83
63674 90 61297 64
24394 94 96348 47
57803 41 71401 65
80294 61 25473 63
17806 52 31115 26
64755 68 74299 27
57354 28 21457 38
69535 15 10331 28
62946 69 81476 25
23984 74 30957 14
87962 11 67503 15
60215 89 49444 41
49118 70 40706 82
95583 15 98081 92
75323 66 68489 58
49599 82 59294 47
69073 18 62542 31
15606 18 14197 21
53670 57 90600 26
29522 25 19920 83
28568 88 53362 38
70718 69 96658 69
7865 10 48588 95
51912 3 40737 80
34263 82 41450 95
4096 52 95311 0
93003 79 78338 38
25587 55 59962 14
49355 20 62018 59
43445 12 42840 75
27318 38 77247 25
43034 96 84404 85
82370 26 18281 13
67207 50 5532 58
34714 25 60248 55
69104 71 9144 9
24438 83 27885 17
45669 70 79246 14
29236 71 17688 42
62918 92 12547 46
73236 3 60709 23
81432 19 72778 0
61025 77 5458 79
629 89 15562 94
72846 95 38302 92
18079 10 82082 8
21679 38 87046 35
26313 8 54149 59
74165 82 71243 12
35785 14 45422 42
69945 57 32618 19
93161 4 8044 99
37097 35 58247 3
16156 42 2063 46
35881 63 4001 77
46215 48 90145 64
49998 55 99638 28
17755 35 49912 16
38953 2 19547 56
44086 27 92246 60
5692 15 23800 72
13000 81 9976 88
55514 39 18855 81
8505 26 93345 1
11911 79 64139 100
68591 87 94726 24
91522 29 85984 58
902 80 15825 55
83594 83 69739 3
68712 27 13449 8
39974 62 35793 62
82763 83 16152 25
73979 13 37100 24
72043 75 50928 53
57012 78 22286 16
17666 2 46863 62
29669 95 66102 76
17794 51 19075 82
78187 57 33675 55
44030 62 34980 6
38898 53 2423 91
19363 52 12619 30
52763 14 60896 26
14695 55 51400 99
27283 18 47482 86
39336 64 51800 75
94750 86 57175 49
72395 42 95667 27
76352 75 39921 44
32714 11 42041 2
52744 89 19427 75
47706 68 74072 39
96313 93 32188 95
42291 14 10682 64
12041 28 96074 0
41567 60 33305 46
91794 6 26670 2
24731 87 31880 87
48136 59 80 50
7140 11 57532 89
15578 16 26894 75
55495 9 26296 87
83067 43 77845 13
82113 69 30700 34
47950 5 62594 88
45010 88 98006 89
13243 43 58792 0
83941 86 80787 97
40842 87 77000 41
52570 45 50154 40
3243 29 45692 42
30836 53 92520 39
70287 83 28536 55
57971 92 36158 64
7123 2 88463 49
16656 84 55483 56
5943 45 5304 60
89593 2 99949 12
81766 83 84717 98
91424 90 16629 10
72994 16 85813 49
14071 99 53195 35
9792 38 44478 14
14565 99 36519 24
14506 30 9198 20
14691 84 12522 44
95230 34 51876 39
79673 37 64492 30
78354 7 37220 69
51153 6 1559 24
7661 80 26621 68
80402 82 32790 22
81181 11 26228 56
53177 63 2223 92
96403 68 61335 68
98338 43 9674 5
29034 13 18096 71
71545 75 42023 65
39932 41 29129 97
90301 36 67551 26
45036 4 58256 15
60094 33 39362 1
99452 65 42581 31
90950 27 44748 13
54904 75 64068 90
49156 17 52641 76
49581 47 16014 75
35892 46 16081 25
58887 98 57521 82
13916 81 87810 83
48523 78 84499 6
78034 49 61052 93
30368 90 28091 3
86398 81 58356 55
78575 55 83210 38
6141 93 19969 30
34506 89 86916 8
7469 18 19099 87
78346 67 89662 24
7534 39 97486 18
28846 77 3835 36
62325 31 51876 53
21604 41 31204 3
35953 23 25964 96
10411 10 51329 43
46679 92 27141 95
18919 56 79290 63
83912 1 20767 86
11786 16 59346 87
23884 56 53648 17
25356 80 41068 48
84517 1 26659 12
70363 30 11712 69
47101 63 53208 10
97232 82 67751 78
56628 13 60132 82
66291 37 17373 50
83171 49 21554 4
66751 66 44657 65
1158 100 115 23
7497 48 88316 40
72514 33 18483 74
20158 73 21986 73
30062 78 44520 52
83952 48 87833 56
86607 19 17750 1
4155 5 49230 86
60711 95 55874 63
51906 27 76438 1
67830 62 52237 72
88841 42 35735 66
98003 98 94859 74
54993 2 54874 33
73062 80 34778 10
90336 66 1799 90
93720 64 72790 9
55786 60 27202 67
54732 63 11229 67
43215 62 3868 10
36016 97 48184 25
97039 38 28147 4
10546 74 14995 8
63326 21 66239 33
82194 13 56523 1
16875 100 4678 65
42386 50 97076 80
89718 37 6072 90
6189 50 15530 36
36353 19 73799 100
16037 19 60935 37
27966 31 91868 21
88805 26 18403 92
69074 14 51141 56
16864 42 83144 8
83876 90 20341 60
23028 84 43096 29
40935 98 26273 54
23352 51 33889 21
78466 61 15209 16
20639 44 9238 7
18684 17 38942 31
18918 12 31470 23
81682 26 39184 18
71865 82 31976 56
60220 33 63463 74
11042 41 95903 16
9824 35 75750 66
49516 43 80361 35
17351 3 33371 47
94310 0 80489 74
64357 78 75678 34
74787 32 12688 65
29054 58 75337 33
91284 59 57484 17
12378 53 83194 49
61000 25 29602 71
10937 75 48106 14
93478 1 23668 74
17169 72 8711 62
65648 12 33606 70
52255 55 33744 71
70575 28 8501 2
50488 58 93255 55
16838 13 1317 74
1917 46 63641 22
18170 45 52448 80
96523 62 44604 17
62325 42 77808 31
5714 28 59464 32
97443 42 41049 15
79253 33 94630 32
81239 19 11767 57
2441 80 12906 28
20039 61 74077 53
75794 24 4803 86
99928 38 53777 75
3332 2 87974 27
45021 75 46250 29
84194 75 85470 67
93224 21 1349 1
39552 72 57803 47
79367 40 4322 10
56273 30 37451 94
69399 63 21930 64
86925 3 47611 86
73093 14 47905 72
51517 58 65403 82
64627 31 58520 98
22563 59 33000 90
40101 82 68125 44
3280 14 49160 30
62331 88 47239 56
81479 20 93456 64
66550 29 92373 90
67963 28 75734 9
85382 38 14337 3
63132 42 20563 100
79625 76 49525 81
63699 63 68389 10
53971 74 8119 49
71903 31 72435 16
97163 29 94174 68
37540 45 75590 58
59476 59 86012 94
68245 6 12878 53
36949 72 10521 37
73597 12 71607 62
73933 3 17756 76
9718 52 18633 76
23826 10 58819 64
94477 72 49914 57
95231 81 51440 49
91552 5 72494 85
49192 93 74939 63
51087 73 54024 34
83370 18 78701 7
43626 83 17734 19
58331 37 92323 76
56095 76 29030 97
66349 8 29579 78
20034 97 77444 26
42387 34 74063 80
59820 3 55489 58
78160 61 87993 92
30799 87 45273 15
24836 30 16992 12
37302 97 9515 52
68247 99 48262 34
42291 95 31655 12
24480 27 67826 67
24714 7 71783 17
17717 76 50105 46
62311 43 50576 53
5833 91 34788 53
37653 53 60778 91
92327 38 73435 5
88429 96 9678 54
48964 28 36861 79
30231 38 99208 70
79550 80 46484 58
79699 3 1212 40
14074 39 33145 8
56745 6 70795 28
50477 57 12448 61
66202 18 29580 93
98560 69 32850 2
69529 22 2593 5
31375 74 58453 5
97828 91 92195 58
93930 32 95360 40
38223 94 3290 41
79310 10 65450 21
93752 34 76336 87
37828 59 89113 53
1816 31 18967 61
88984 71 64691 96
46526 93 12575 67
23974 69 86172 99
50521 77 84069 100
96745 52 33754 37
98388 53 49456 73
23697 40 7837 36
6030 55 97190 96
46615 29 38393 91
36713 30 87264 84
36626 17 55675 92
98510 39 543 31
15531 29 29207 8
23163 96 38486 85
52907 37 64722 66
39758 21 84292 82
96384 43 52031 19
34471 82 37412 36
87128 8 9083 34
39655 93 2101 100
18927 23 22786 54
12790 81 73158 12
58915 17 99872 33
57920 67 79691 91
6417 38 65299 5
32644 66 40990 17
72104 29 1382 96
56038 39 65779 91
49990 11 91801 25
2588 19 18415 5
44874 38 82934 78
43700 23 61595 23
23090 26 43120 64
72355 69 73936 16
7038 6 95138 0
5746 61 9384 71
44418 8 73610 65
92424 42 96556 28
10177 4 35883 53
39818 64 42107 70
8287 27 41635 97
21582 57 74477 54
43739 23 25803 86
4202 38 72940 36
94396 26 4321 70
76637 21 35768 24
32028 39 41828 86
34590 94 43346 56
20911 15 19109 15
32141 88 53119 51
64648 99 54514 90
25827 31 19263 23
20056 59 53656 37
16271 39 26736 100
75110 39 79887 55
22698 83 40417 7
72513 32 26818 42
66678 61 33305 77
31627 66 92322 22
2919 83 46078 46
34488 5 95801 2
69919 71 80306 97
17040 91 4160 36
95829 81 68991 96
76293 41 91128 77
74260 78 35 83
20932 36 13318 67
21575 67 47282 100
99802 13 28848 23
10610 44 75726 78
56460 46 40352 49
80002 95 54810 74
93287 45 95548 39
88036 23 69336 61
96307 5 8215 5
1058 76 87832 94
98533 10 10987 50
44923 41 37254 48
86959 4 998 62
49007 28 8334 28
7278 22 40901 86
83989 75 83045 60
38470 54 2823 82
68191 28 20761 51
36490 64 70257 51
51570 20 1387 23
18377 33 39039 63
68575 3 99078 25
60443 77 36369 54
12553 58 10625 94
44546 20 62629 25
87655 96 15906 45
92551 32 79575 62
8745 39 24425 8
50585 5 19438 5
12681 30 26997 5
25376 83 77254 88
75023 56 35489 83
49041 10 55191 78
12349 54 855 30
63509 75 54465 19
62769 82 21733 74
51556 0 82896 21
53308 58 96803 85
46841 2 42151 72
92041 62 2515 59
95569 87 23323 20
33105 41 72608 48
92832 72 21931 9
75483 3 52678 94
57152 98 63506 54
44435 69 1271 55
42703 4 39079 18
70492 46 78475 54
33497 86 75995 53
29356 96 94721 83
21811 90 17029 78
38746 95 1611 0
32219 55 86094 5
46041 66 16942 80
87109 70 74941 2
82334 100 25893 64
17908 86 97431 56
16581 93 17531 33
19545 68 64834 90
31553 93 70339 30
2649 4 99837 97
56251 47 87970 80
2278 54 83223 47
30123 41 19526 56
81226 44 48175 13
15172 27 50676 11
7315 54 25930 68
64267 59 77669 49
66277 21 31583 16
59244 55 98153 23
55249 96 2499 21
87982 39 99949 6
65297 2 25590 14
25759 92 69249 63
37911 1 75784 10
29406 31 16317 32
78105 33 55928 6
87679 20 12951 12
2234 48 34662 21
17490 64 93890 35
85953 50 6040 3
3995 65 95870 8
41156 60 42644 69
19571 10 66190 78
59201 28 35407 32
82353 0 1304 18
22595 33 65614 75
20459 93 45733 4
90030 61 10242 66
87949 70 97690 33
62954 13 95249 43
33480 2 1596 40
34720 74 31691 19
26589 4 7464 19
45055 28 47572 55
88702 10 79342 31
89744 34 15255 32
62395 71 32275 62
39690 92 189 58
94028 86 68545 100
409 64 96104 53
78428 82 13421 10
84044 89 97655 19
97901 88 61719 55
17870 98 39579 77
32136 85 38305 32
78913 61 37070 53
67983 42 76492 7
69076 73 44832 3
18592 63 99217 42
96731 12 77896 68
89057 31 3985 91
79932 46 12227 14
50897 89 86533 35
81173 84 32622 23
8150 16 25830 40
83929 16 96406 38
60552 38 70709 18
82659 94 38419 60
92941 8 61290 6
37930 74 6433 9
87510 76 9531 79
81767 55 4772 29
15324 89 78527 28
43833 31 64259 38
65506 80 82056 83
81376 64 56022 95
70291 73 3004 97
86159 19 28752 4
76522 36 24691 11
13953 4 78337 66
88075 86 96152 38
18513 48 26575 60
94606 31 30020 8
26843 100 77191 25
43099 21 92374 29
13265 82 23267 90
38434 27 44806 37
25144 18 42541 86
8839 26 48816 18
40818 23 54253 84
61580 30 25545 71
31829 68 6104 47
75136 91 17705 52
88639 54 78756 52
67962 67 64285 21
58395 34 77262 76
54197 60 89621 25
81614 81 28492 61
71730 59 87451 2
62470 81 48131 95
32758 45 88378 79
366 14 42427 28
5690 24 37672 93
15234 40 54754 40
38876 9 77349 3
59927 2 11018 79
14024 96 49207 41
59223 54 4384 75
76043 95 11184 94
29799 95 88796 53
29049 94 61951 74
26954 21 33190 52
86467 42 68357 6
30046 19 10460 90
7959 38 82190 27
70793 38 2821 14
22231 13 95586 78
17891 91 85497 82
63488 1 9081 16
21219 85 82471 34
13163 22 10683 56
34219 24 21785 95
22526 17 77673 100
4309 79 70575 52
85934 4 2747 30
10071 70 54621 68
80660 87 4725 78
27844 20 8750 54
89640 14 72163 12
36338 87 54224 80
79176 71 42295 59
46111 96 18442 63
29716 62 54413 74
96039 99 64506 19
75462 33 49881 67
86248 74 30940 9
49720 42 11172 32
1883 19 91841 48
23033 7 53772 18
39978 16 26231 14
94660 96 36451 62
67825 94 97933 99
79548 5 19947 81
45668 43 14494 22
46334 27 24948 35
9429 70 71394 94
22855 49 87596 39
7765 72 69869 49
55420 30 12575 5
88416 98 73292 21
38694 76 71912 93
35095 47 53193 25
73784 12 32454 33
81858 98 76982 5
3271 0 73490 46
29669 56 94250 78
37041 86 91670 0
63924 73 80275 31
67671 28 74694 94
8061 79 66808 37
76413 37 72793 15
1330 99 26167 37
49745 62 19292 40
58780 68 23439 41
81608 13 62119 54
51200 88 14040 81
33412 8 28335 29
40991 86 8431 57
38104 88 8373 63
92708 18 58703 37
27058 47 38241 22
60689 82 32780 57
18291 20 65305 93
2116 5 94498 58
82885 41 731 45
56939 62 1698 13
67936 22 71792 56
91631 69 24777 1
45670 95 32324 4
51596 84 16903 25
69992 45 91200 26
47952 70 2475 20
19943 68 41178 75
97290 32 25468 18
87261 99 80355 45
41780 41 87282 93
91911 92 11684 27
4383 24 63583 11
34765 45 32910 36
21589 53 91390 52
44172 71 99897 11
87920 31 76262 67
36848 95 31807 69
82684 90 28426 49
82697 90 12569 85
54738 47 26026 95
23781 15 74055 24
12172 88 90339 69
71546 44 49658 7
60914 19 76246 68
72949 74 73274 36
4074 68 30986 58
90037 17 20682 90
54761 15 61053 73
82378 88 39044 34
98547 89 16139 59
82684 13 77527 34
86848 0 28862 16
83990 31 54459 84
67584 85 9985 100
5308 60 5234 8
15200 78 24505 60
39748 27 23897 57
78653 47 2167 88
48491 69 75933 12
26199 0 7563 31
75405 76 61276 75
89476 21 14950 68
93487 59 55039 71
45444 52 24732 95
92302 9 76426 16
93604 41 61065 48
54195 64 2847 41
33657 14 61507 47
34028 66 40723 31
3763 41 67551 26
25606 38 87802 65
36941 50 87072 19
58529 52 32660 39
6546 61 96578 40
98656 63 42766 3
13316 33 23592 96
39895 60 19612 80
52294 21 85491 30
68846 34 78580 89
9489 93 97689 53
68852 85 46737 18
45219 84 77319 11
69677 19 36944 57
39571 74 31937 71
94098 44 12712 9
34360 7 44432 47
17190 22 42953 58
69868 32 73136 11
94854 33 877 29
89566 85 255 91
93759 72 52649 18
5317 67 39257 48
42864 80 59678 87
56935 44 62238 26
45312 12 52123 21
64460 2 37130 58
34723 62 92842 45
96285 56 22041 27
69122 67 31676 56
50480 68 34888 59
95108 44 23442 10
27859 4 71998 93
48655 93 89970 36
96673 72 10343 92
21889 57 40510 53
2004 62 9922 12
68863 46 29776 58
4892 98 39085 95
31892 54 78368 0
24350 80 93616 9
71886 23 72999 34
92996 59 93953 7
88256 83 12166 29
6600 32 81446 78
25984 56 22433 96
17208 83 87226 23
49405 97 18729 41
40478 34 95314 10
53602 8 26232 47
74888 26 87086 33
27740 92 75555 69
92356 65 51398 32
38779 46 74136 81
18401 58 47156 96
37373 99 49726 69
49310 58 68125 32
43075 98 58951 51
86901 79 24329 26
19301 40 66568 74
86866 68 77337 60
92892 8 36206 78
6135 43 54126 42
87241 54 23716 48
57778 51 71594 63
23871 28 56889 48
83823 41 58791 82
92191 39 30122 4
62463 38 35527 71
1427 65 62663 5
79450 81 89187 26
40307 18 39045 72
58133 24 63999 1
86247 38 69424 21
81823 90 6353 16
49223 83 40740 63
15937 81 47101 84
73936 12 47125 24
57398 39 43798 89
6095 7 89976 51
54085 80 32760 3
40157 81 21091 100
87913 91 16401 38
3170 99 57901 50
72144 30 22269 36
63803 6 47687 84
47227 2 63130 21
48425 8 12944 42
66431 57 9684 18
70933 66 58087 98
68576 96 81108 14
37770 63 65922 77
1532 6 79269 59
7959 73 4394 98
38216 44 7424 83
40712 81 29663 0
75555 26 997 91
35984 25 70047 36
35795 79 54041 30
66004 70 56802 11
90135 17 78182 23
86039 87 39270 47
4030 93 72050 18
53029 34 55117 3
90420 15 55703 96
24676 73 8008 68
66442 35 43363 81
65146 2 26179 72
14125 9 47707 23
24177 72 74479 12
63100 22 42904 7
33229 69 556 52
53460 86 7201 5
58887 2 96929 37
38564 75 32839 36
21759 99 62997 94
14354 27 34523 10
76245 17 4513 94
88538 48 12379 12
29854 53 24630 18
10798 52 22108 63
26548 93 76959 72
76498 37 57722 75
65533 91 77542 25
95070 37 22562 64
51754 98 7257 95
68717 66 14526 17
53212 85 32688 26
30061 31 18244 66
15395 34 59151 87
66979 8 44647 24
29873 55 9840 86
96660 56 16414 19
8051 62 43617 93
31249 89 59169 60
74270 76 4826 19
31758 48 77453 49
40670 10 10297 13
51540 91 55413 32
18256 41 54849 87
66485 45 32691 64
58450 85 54104 48
9774 90 53847 52
80189 22 75946 89
74519 6 86319 53
48035 98 89566 35
52544 67 54925 100
26313 49 13165 17
48279 2 93374 5
34725 77 91439 41
21935 25 33066 74
59412 33 28433 60
34531 40 65589 61
85221 30 77162 43
95955 85 21541 6
56009 90 2909 22
68588 65 23898 24
97675 79 54186 74
23143 80 16521 30
36396 69 70283 68
75107 83 87319 62
65541 78 14841 76
79816 42 88895 96
39621 8 60779 64
40944 5 26480 96
71872 25 68099 54
69898 26 51757 2
62136 4 9480 39
22254 43 69405 44
96866 36 45676 59
56673 31 78032 18
28584 6 89741 13
24315 22 39206 74
30162 9 3971 47
20412 2 29461 79
5010 64 42003 9
95142 8 51237 62
13632 31 69882 77
98910 75 43001 70
86637 27 97210 41
27851 43 32442 39
58524 25 8785 53
45613 42 81197 71
58876 96 8768 73
23410 24 33540 38
90575 5 63795 6
57815 27 73058 29
23482 39 27427 27
88846 98 15677 0
44151 43 78596 91
65206 80 52013 61
11594 9 40556 67
32844 57 31573 66
48576 59 94358 1
53626 66 66546 28
10419 33 87041 33
44720 77 91778 80
45972 99 74450 60
81432 100 67292 67
68360 0 72035 71
98588 5 52018 36
49023 35 54735 31
33883 24 42469 37
67808 100 45580 26
5566 72 33694 91
99221 92 75293 82
44035 18 57595 40
41448 31 29104 98
22727 97 19512 21
23513 72 78081 17
73019 43 32836 31
11290 89 57997 46
78258 86 38932 89
58751 38 29307 49
45940 48 61503 24
52971 35 90756 76
36212 67 7729 83
42400 39 31748 11
11334 64 14793 70
68101 100 57500 32
76145 59 77252 14
10848 67 91600 25
78731 97 80216 15
39353 71 39663 68
21873 3 2318 94
60733 83 1801 78
23429 88 12027 62
29347 49 35625 19
9714 58 1951 66
71515 77 12087 2
11322 60 43673 73
67815 35 63303 4
41900 17 76911 18
47933 85 18718 10
41460 83 75439 64
8249 9 56178 42
4662 65 39331 83
75433 67 48072 74
50481 19 42480 91
9918 76 17698 92
81813 59 48170 72
87015 29 70315 96
26169 24 96246 67
56110 4 45063 19
93854 22 78823 85
24139 76 94716 42
9695 22 1932 32
27409 22 82731 19
26841 15 78417 70
82169 27 57629 8
98982 61 98666 55
1227 25 49171 76
15731 44 86842 100
98879 19 32643 86
29223 28 71816 87
25876 19 26040 20
60965 3 10170 55
53921 42 63474 64
88305 47 19420 64
50281 74 64607 23
52808 18 13701 80
51946 28 99799 47
37275 18 61508 17
12034 90 75837 100
45603 42 97964 93
74720 3 25729 35
95450 70 66490 7
3571 30 31932 34
36064 31 96634 76
93648 79 7696 39
56116 22 84585 63
6087 19 41326 43
48744 30 30401 49
33215 24 78166 28
7779 29 42948 11
1784 60 82707 18
886 9 91372 33
6573 73 66178 6
99015 77 53471 56
79861 11 72045 81
66523 10 81135 52
44247 13 44701 16
27212 95 87340 37
93725 41 79120 62
7357 32 59409 90
25114 56 40949 58
17392 80 76795 89
20237 66 97300 62
99568 5 73507 1
30401 5 89476 54
26960 79 18968 8
91513 25 96512 7
35082 73 12121 35
87505 66 57766 21
98239 44 39918 20
92928 4 62775 3
78802 39 98263 83
68990 31 11813 22
99635 17 16549 2
67558 80 74063 91
78732 4 80621 79
51197 69 17648 48
40375 52 51473 21
22689 92 22074 82
48106 34 48326 54
1252 26 98756 59
97890 68 13845 34
13577 72 79234 68
55886 63 51200 33
83227 19 9013 52
43340 50 21870 34
7274 22 91329 77
94941 42 85903 50
69945 94 12727 1
75170 5 77121 7
99647 19 76072 93
22375 69 25907 74
22511 94 18156 89
10157 23 3759 54
13141 32 4451 64
44954 35 4984 83
70942 88 46988 47
77069 46 34782 12
22903 25 30453 1
66245 92 68737 99
68461 48 54027 76
51676 95 64495 67
93585 100 21124 68
61820 32 59944 83
17553 96 32899 47
15567 60 9812 64
93162 26 44944 86
79364 37 21722 92
42743 90 83254 56
43718 59 31655 54
36662 33 74278 59
92470 10 2745 45
40546 65 9846 65
92617 49 75556 98
52446 55 39725 69
79394 47 10484 62
80690 24 49591 83
82550 51 37300 16
56542 67 22781 20
15104 6 877 21
86978 19 88839 18
24071 76 72661 82
84343 60 4113 23
26305 89 88967 90
13983 36 26742 62
38770 26 92447 56
4663 28 1719 6
22965 24 68758 13
49744 83 89329 99
17337 26 48464 6
60436 25 16229 31
8070 63 79933 18
67757 3 41898 90
6625 33 7967 58
31316 64 21755 38
901 10 47351 59
11159 39 97495 94
19693 64 82267 96
76679 80 85735 95
99847 10 32224 46
80552 44 73580 89
9818 31 66129 71
18539 54 93735 42
17814 47 64911 99
52200 91 2172 79
51910 12 94589 86
11501 59 86708 25
76709 99 8905 25
18749 63 19461 11
17154 4 14545 32
76985 78 46520 40
90735 97 934 10
20273 16 62872 43
14976 54 5157 96
10699 88 29948 51
82971 57 62883 35
26321 51 55207 52
82223 64 27719 32
67035 91 39973 53
47885 70 99558 61
18909 34 9495 40
25298 18 60401 30
30084 10 68274 50
87425 21 2556 92
61063 94 59198 69
29241 3 91170 38
62962 74 88871 21
14385 39 72574 14
61113 61 15769 80
9823 63 72656 32
42025 96 60710 100
46627 20 5113 5
39513 85 52156 41
6440 6 96767 19
47168 84 43258 49
19069 16 18478 29
11417 30 23917 1
15553 22 85322 63
54308 39 13591 57
56985 50 93135 69
1946 17 20042 33
76604 47 26513 1
20516 47 23335 58
56978 22 48047 75
14952 48 40452 58
39843 1 96648 93
17957 42 71338 6
29584 74 14616 3
26494 33 2912 68
98566 95 69167 82
71524 36 46017 64
6253 6 29071 94
89152 16 48565 83
37792 36 35036 57
66433 16 26931 41
85095 90 47917 90
70068 19 45988 34
17037 0 64121 92
68369 64 69293 54
87027 80 32416 46
36019 85 4411 65
30767 45 73165 76
88586 43 70633 27
42217 71 93917 73
51846 0 25100 23
49718 67 64478 52
62671 52 8396 55
93620 33 29083 62
10351 66 11106 32
38620 31 55901 80
91948 47 45732 94
31358 51 68520 42
34846 3 20750 64
60070 79 14106 46
94906 20 99846 67
76334 92 72582 91
86987 84 24741 39
95980 16 82952 63
73199 79 4619 97
96627 49 43919 75
52478 68 5335 23
87411 65 43057 1
41925 25 94219 39
51730 39 5860 56
4751 47 37557 46
52362 59 15570 59
99885 48 97813 5
50164 24 54534 91
43473 85 74006 44
91237 6 23905 17
93857 56 27938 8
42959 5 47118 72
84733 44 62286 77
51900 100 48687 12
49622 5 46122 27
56271 100 21390 93
28453 61 81609 77
16451 42 71048 88
30822 2 38204 93
19258 4 43906 86
55216 58 55063 3
6527 39 8267 99
67071 1 21741 49
33245 8 58768 56
49770 89 79804 51
33158 35 14622 71
56051 28 92008 66
13533 31 35507 43
24542 45 54639 52
55099 85 82560 28
20513 77 27384 70
95400 38 34679 32
53567 35 75660 70
37870 81 33895 43
69590 24 32048 43
63779 40 99762 80
17147 14 67627 26
3754 37 64897 92
79547 6 55812 61
99867 15 97495 4
67515 43 60293 6
73417 1 21295 43
84792 44 67031 1
73782 86 696 43
4437 51 44445 67
77814 61 28843 11
7624 5 51365 70
21799 78 61442 67
26743 36 54170 46
18878 88 86320 14
44058 17 99402 66
69032 26 98102 65
64131 59 62402 94
30037 11 17987 86
6589 23 41514 11
35098 46 1233 17
76656 48 60543 4
16235 71 80548 34
58918 68 19787 25
27183 83 95387 31
42742 53 6932 59
5564 21 10734 19
93822 78 75105 39
81163 62 27525 92
51098 74 71423 35
18361 74 80961 4
4650 0 91989 29
16359 97 60643 1
85964 58 96997 40
79975 3 79267 16
41079 62 75143 47
48456 77 18060 9
20577 100 32595 77
4305 81 4197 58
3850 15 50804 82
15541 9 65639 23
87380 57 17169 41
96130 11 85735 94
54686 77 13017 46
70294 55 4291 74
93082 73 25191 95
504 82 48755 63
47930 15 38253 27
17050 100 79388 28
70714 63 89518 23
85733 9 80743 88
39116 23 96421 74
78306 19 51711 36
39504 74 99355 43
47168 47 57280 93
74117 9 77287 35
55644 34 45583 58
88155 26 884 14
78628 41 56808 96
41136 48 42890 49
6569 75 43427 85
37824 30 14616 65
67253 22 70022 29
56870 74 57968 73
65842 73 31513 24
5548 31 39764 11
86893 16 68991 91
62869 40 81524 89
46031 94 59064 19
43901 68 44060 30
99493 94 30118 20
32326 51 46324 36
55651 25 75431 76
82713 29 37050 41
47836 74 39630 54
95117 95 75054 57
31824 2 65656 97
15520 95 2337 84
88499 100 77436 19
1756 39 82661 9
99444 47 30211 33
25478 57 18134 15
42604 81 44372 17
32016 39 86978 38
61427 38 916 87
2078 90 71967 65
98705 36 27810 27
34297 11 20849 61
70723 91 22735 90
22074 36 59634 71
20262 51 80188 83
18618 31 92434 79
44391 53 42550 60
86120 10 52800 44
9091 39 93912 20
72454 35 21927 97
23880 6 86210 77
77807 62 23452 6
54901 62 65600 98
42020 0 99576 86
95654 12 39732 3
80113 57 74527 24
69034 10 24865 2
64798 51 94140 49
6133 19 17085 39
39535 38 50785 45
53800 55 80160 81
4873 92 94853 37
32975 33 38777 44
42902 74 80856 40
19365 8 92581 8
93453 58 78156 19
16738 60 11340 28
8768 54 49551 45
45202 54 97348 71
30803 70 52804 80
63040 3 26738 97
60588 14 90591 25
5068 77 85913 90
12692 78 7551 10
84628 95 73466 6
99679 71 3968 23
40695 52 35550 34
2387 27 27567 74
64315 83 85815 73
51556 11 3476 51
61953 16 28456 31
23373 17 74531 76
65884 35 57469 81
80175 35 15146 4
94540 84 9816 2
87019 88 270 4
66480 88 76797 7
80551 34 52537 53
99590 15 91490 18
83328 95 26263 38
68702 10 43571 23
55971 0 57142 50
887 2 50691 24
96777 30 91448 24
21103 39 98424 23
71633 52 63002 7
13008 30 67614 33
39965 57 29571 86
49334 31 26038 99
9445 37 73400 36
74106 0 8967 48
11390 82 9484 52
19433 33 63530 94
4273 18 51246 21
16941 97 26636 85
75433 20 47292 92
77318 25 77620 8
67212 49 67221 17
77090 81 96435 83
14072 44 63726 20
69019 0 28016 63
50535 68 9165 33
59012 61 32436 71
2494 73 70773 68
68794 24 66019 62
3364 43 45030 60
79379 100 3956 21
60470 76 5007 69
46473 74 84480 47
84386 84 2372 34
55645 88 19551 22
75040 65 24356 44
95858 12 74329 20
90164 15 96615 43
62224 0 26333 66
68566 70 94366 46
38872 17 70746 23
85007 89 38374 85
25231 41 38755 97
66261 62 12482 18
31469 13 54454 26
14625 36 68292 65
94905 18 34561 44
29180 37 61372 64
53397 83 57569 16
28769 94 29762 92
38498 74 93547 73
24785 32 9319 38
25623 59 93360 19
75558 4 60763 96
89075 86 77087 86
39880 30 8118 97
7544 33 58374 71
93511 47 16367 67
57667 37 62825 51
43951 16 75598 65
72117 88 62371 28
79632 21 35454 43
49537 8 73885 88
85656 77 29751 0
78715 95 57454 84
72847 14 48298 96
67708 6 3046 21
20258 68 85199 65
66303 4 2316 97
78171 10 76479 41
8881 90 18890 83
865 42 29026 93
91753 54 27057 77
97897 22 29413 12
33161 0 74393 1
51209 89 75910 65
11083 95 73117 15
36061 36 80266 8
90811 90 97362 51
54261 31 32013 51
8189 16 54232 16
15637 24 59786 28
18985 91 30420 75
70424 45 23758 16
83066 16 48851 0
20055 31 4629 22
48727 0 96927 22
1705 52 77149 52
39504 53 1324 49
54397 7 54920 54
83297 23 35400 35
61240 52 50657 51
95955 66 9405 89
85705 28 20274 51
30652 62 53559 70
36951 99 4913 97
88446 51 81112 19
15008 67 2704 86
72005 89 10959 65
25827 60 45215 98
56232 94 97566 79
63050 18 70662 76
74158 27 97959 24
72787 60 32903 94
58062 91 13029 91
3493 63 63293 77
8441 37 19535 7
13635 57 99882 5
86933 46 35797 84
27395 42 98039 51
2002 59 29838 73
86643 71 1388 14
1766 32 36298 47
10324 60 38147 100
97740 88 48157 21
14649 76 30510 90
81551 79 70824 1
78544 96 8616 28
66613 8 10580 90
93144 72 1662 87
58623 61 42461 26
14444 45 75716 44
38901 33 71471 40
39439 25 47455 4
91825 15 32766 17
50801 24 12592 73
51313 69 73388 35
79532 1 79836 34
88631 52 96338 89
7207 35 39909 77
92299 62 23988 11
89495 90 90971 7
18934 46 36737 4
70967 83 93992 63
48116 17 64570 69
85717 13 73459 46
34331 82 32201 6
40604 83 58885 20
14770 32 888 65
25890 98 25279 53
44714 66 96536 42
22729 38 76488 25
54652 46 99093 59
32083 2 66947 25
65306 57 74232 79
33497 2 5048 76
71144 38 96736 14
97356 99 86843 38
590 18 77874 49
81485 97 42869 65
84937 62 71961 93
14957 9 90616 12
40661 24 10624 76
81561 78 65073 92
63982 59 12216 20
22959 14 84907 53
69988 68 18706 80
57770 48 57969 82
27214 82 55607 38
77289 6 20792 84
59483 23 47505 94
52689 7 86352 83
6720 56 53420 84
84265 27 56971 66
62793 86 23565 39
27962 68 35277 35
53877 88 82080 70
32673 37 91637 87
31220 48 50302 1
497 44 61397 51
89499 45 40359 71
31690 80 63713 14
91901 36 28056 24
21782 10 99055 78
88067 21 60845 73
75971 20 82846 38
79647 67 61054 95
70058 30 10342 85
60354 38 35025 100
95995 60 51895 73
68126 46 71069 18
29750 40 63493 4
87529 19 68351 63
15958 67 8839 21
64366 23 83890 6
35710 41 71256 4
6387 36 52260 85
6859 36 71881 35
64271 77 95534 71
20813 82 22500 44
98491 43 18741 87
15582 39 24626 39
47638 66 54103 93
11979 8 80664 2
64410 59 54921 76
42224 7 66940 30
18004 8 42782 86
92852 33 11610 68
61748 25 79121 64
2521 6 18859 23
7558 22 79603 8
34344 64 33525 35
79280 7 50182 79
39354 30 59116 38
1677 81 46301 5
20424 62 36570 6
48767 95 56763 18
42906 54 45412 59
9658 35 21295 1
61040 89 91763 33
74479 69 69745 76
51739 47 71853 7
33426 50 45544 40
4917 74 75588 97
57742 58 58336 17
14228 52 48686 29
86061 94 88080 76
4467 13 9045 58
55345 32 27171 63
12248 43 19191 71
25628 65 13039 21
40223 49 20623 5
2718 92 63204 55
87110 67 46186 33
49033 96 94493 82
48476 46 36518 33
10865 86 72831 68
40317 21 71428 80
8034 11 29362 76
24091 42 44840 66
7392 86 53106 52
1937 26 58827 75
92752 13 84384 41
21324 33 4385 81
12896 1 11716 84
16261 96 76458 23
24928 88 70182 6
4773 97 3540 30
72358 69 94806 22
86954 5 15412 44
2905 100 17144 40
74216 62 86740 47
78940 87 52027 72
57924 6 19876 97
88960 0 12166 75
97790 66 88111 3
84553 8 32514 76
7551 41 90710 96
49737 62 5497 3
96782 58 63571 63
27952 27 65772 75
86810 95 36718 42
14571 46 43697 38
33923 12 64991 1
68476 66 21923 35
20857 57 63413 68
72015 45 39834 41
45728 15 14483 55
18069 6 54718 22
71854 8 64736 99
41643 36 38490 23
78575 14 88916 23
93554 37 98003 93
44583 2 1381 51
83605 76 32291 0
56051 58 15372 97
64112 26 48038 22
15284 7 99385 57
6704 22 69245 22
88892 32 9427 24
54509 9 63708 23
6881 52 92731 81
70194 32 58962 27
89335 12 62579 20
56491 95 79897 53
32345 36 66794 6
22870 6 51752 88
42323 73 9936 83
32795 19 47697 55
92622 38 44599 5
3504 72 27952 98
76025 73 20623 51
19026 97 95503 34
52709 34 89581 44
71544 85 88474 61
92112 24 65072 68
69374 98 59189 33
48051 94 69669 40
94305 25 14356 50
70645 63 491 98
21744 12 21210 77
33809 70 79479 52
85356 7 8582 29
42949 19 79343 89
90979 5 71721 4
38783 62 98964 76
45566 91 22846 64
11919 84 52797 11
18402 14 34808 40
50491 28 67150 91
35551 46 16183 51
66905 39 23208 48
89250 46 37402 48
98806 61 26286 29
81713 60 50736 61
61524 97 79135 27
7172 74 66633 78
21894 67 38463 8
82484 64 33265 75
40018 83 98750 49
12175 65 30660 18
47095 42 99194 28
1643 52 8180 60
26470 84 96920 99
97102 62 59458 64
53672 21 90693 87
62995 67 50581 58
72436 12 80446 8
99650 42 57114 60
16377 93 75675 86
95002 87 25918 19
69313 7 40774 83
26551 54 28703 91
42980 73 6042 33
31613 27 45094 59
8357 26 76765 7
58974 99 93096 70
40283 73 22005 19
30608 46 94202 50
11331 73 57253 14
25957 12 45497 41
59128 16 10860 1
62746 64 43371 79
67243 64 30149 31
61101 99 77398 52
66430 62 4229 95
93060 44 11245 12
32858 13 13941 77
43055 22 53885 36
51690 33 71867 39
56777 45 61329 91
2638 11 55873 93
71070 93 35062 8
92761 0 71229 69
31636 39 36046 72
19074 61 72111 22
57085 60 1950 85
32752 26 91850 14
59205 72 54784 42
60143 19 7573 46
37301 24 60067 41
76255 76 86431 27
51271 81 81084 13
58889 76 18282 13
9607 86 95290 37
62547 44 12814 64
92355 98 8623 57
72719 86 73327 46
73941 51 69637 17
34679 46 81949 88
58789 10 99627 66
88481 6 24380 70
24385 53 27471 66
60080 56 74800 86
13236 14 37894 42
56196 100 73115 77
5710 62 21837 95
21246 18 92639 99
80760 99 25283 59
87659 34 94541 23
40798 91 93347 38
92354 97 85631 78
23567 74 29994 97
3633 100 24333 86
1015 74 74723 70
95694 90 25891 74
90681 30 51742 28
43262 19 56432 87
43552 93 80962 48
33682 13 4206 35
82230 64 46313 23
53668 28 3044 23
34319 52 78318 55
19676 89 67215 61
92973 78 80984 17
26447 62 44616 20
44795 95 17599 66
82954 42 64385 68
42115 40 60149 78
57199 34 23044 80
16352 57 29087 100
51310 41 66232 71
69438 73 21075 24
24245 44 48644 87
53953 45 80841 58
31286 27 5780 67
5054 59 70350 94
92351 62 60500 9
697 24 22169 61
5681 57 71147 30
4635 2 96940 12
88 43 77658 72
72447 1 85816 57
11696 76 85325 13
7149 67 3794 50
32266 29 59396 30
59918 28 96056 74
56461 50 35720 94
76950 53 52532 11
73180 57 29452 10
42129 18 80432 10
13502 35 63965 21
36233 75 45981 5
67864 91 44879 55
18043 54 35573 2
28016 81 80630 5
84686 41 72587 0
60499 13 24547 5
47924 54 24991 57
20849 5 66956 46
36913 31 57355 41
68602 23 28268 71
53795 25 18327 54
14597 6 96368 48
91390 57 9034 84
47404 45 45867 93
92910 81 6583 29
31602 28 49542 26
94334 86 39301 5
5243 68 37590 47
37171 94 58910 82
26671 98 79575 57
16005 35 32287 15
90455 51 6257 81
93856 32 47100 21
994 5 25002 13
53556 56 16895 36
53010 16 87043 41
20623 65 13496 29
95872 15 17464 40
27001 31 82834 74
1832 59 87328 91
89351 60 57521 31
43646 70 61941 35
64043 75 90706 25
42475 58 84937 73
18164 61 51556 73
68444 69 77420 13
85037 9 76518 71
68734 71 59495 42
28424 60 62687 79
4703 62 99954 36
86786 59 69443 46
97087 60 53227 84
99257 71 12337 31
49347 40 46642 13
89465 38 67619 100
8739 24 20275 45
24650 67 25850 46
64900 44 6847 12
27566 82 46039 92
7444 48 53616 52
99577 71 57009 7
16525 5 40884 83
74090 88 68655 36
10384 0 62681 55
93437 99 16575 53
54256 55 83638 97
48954 59 48555 51
57875 28 24220 2
51168 47 57350 57
12121 33 26753 90
41705 75 14691 86
58117 50 18236 94
74025 86 74634 69
3429 18 88383 34
14605 22 49616 3
63256 81 52749 11
53316 18 23324 57
83081 1 82686 66
10285 18 20422 74
34178 5 52763 10
21501 6 4382 8
45630 10 65321 58
3446 19 89805 90
83239 0 93368 91
19803 43 80823 100
61781 28 83091 54
68375 98 96399 64
80796 77 73440 19
65324 97 82591 91
10074 8 83784 42
93753 70 65175 93
48957 74 75776 94
68939 50 48904 21
75414 73 56652 80
70128 83 5051 93
52817 85 74723 90
89209 90 71821 19
92125 1 41896 5
78222 77 26182 94
89417 42 47436 28
82448 61 33432 48
11290 90 12366 23
89407 21 4028 31
23608 95 50724 83
34884 68 77224 87
44441 29 64790 40
27525 0 7096 40
7109 15 33617 95
72671 10 84886 31
79682 47 25784 20
8242 83 73344 14
95186 66 399 29
40504 87 33410 26
54771 3 77954 24
19439 20 47325 52
83687 9 58137 69
54327 43 50589 5
96505 62 38614 38
98359 69 29812 95
12981 91 50344 51
24497 49 63496 18
37713 48 51568 15
27552 84 18714 73
66685 52 67443 36
2242 80 6326 54
40880 53 16253 59
52274 99 79797 33
8434 16 46898 12
70269 35 97317 41
63650 38 9324 60
67684 73 96539 30
62812 45 96799 40
59106 43 1960 10
86939 78 1022 90
1486 0 86795 39
60808 36 2589 53
188 5 25096 73
425 77 31905 87
95163 87 48802 16
4268 66 2435 84
41468 51 53923 24
38565 35 87898 0
31137 54 3068 43
29096 32 52479 62
81459 82 27561 15
3942 3 94624 65
814 96 38972 29
72339 88 46414 22
932 63 9212 13
7953 94 31504 82
79561 86 7941 14
23120 97 30824 17
49108 7 50962 89
83078 62 80224 38
37437 59 68130 68
6928 57 43179 30
51127 81 93823 74
17267 85 24633 70
82791 18 45880 63
91882 67 12669 95
50569 25 72994 52
89307 27 30223 76
64962 51 65330 8
9458 22 22730 17
25279 26 30261 91
81405 22 32026 58
32898 73 17105 67
11291 3 97669 73
29722 8 61718 47
44168 12 18039 94
54795 38 25303 54
73601 9 86120 39
462 61 2049 45
96628 81 6162 82
80779 55 81911 49
78613 80 80699 69
89808 45 35074 64
15992 87 19260 73
42024 77 20527 59
52422 28 34547 11
24361 80 82688 58
70900 59 71437 7
21217 41 27981 6
14405 62 58092 4
39493 58 48143 68
82527 56 33998 73
85396 91 80556 2
91106 62 66160 68
88041 28 88329 10
84819 98 30845 22
73714 67 68766 52
56220 24 51638 60
17294 94 38273 44
11027 47 50537 64
83393 60 43109 10
24110 58 33633 80
15948 20 59862 100
83319 36 85633 24
87135 90 86894 96
53712 36 33794 85
55029 67 66680 75
35062 94 20145 10
16481 21 66538 24
1119 22 34273 23
52106 59 27863 36
196 29 52940 40
64728 92 78404 77
249 6 34069 29
74092 1 2285 45
2842 75 2317 99
75604 74 80085 82
33954 96 37977 28
77735 30 79799 19
8965 82 2391 48
23211 63 79360 52
63463 78 23719 28
11181 56 55252 33
19192 82 11586 61
90520 88 47659 9
24552 38 12063 12
52462 19 691 28
45106 60 90510 61
74668 57 67132 42
82607 69 47460 40
32466 73 11555 68
30233 39 80992 1
46647 17 47385 39
20282 56 81298 3
52573 33 82088 17
75525 71 63413 33
29282 20 62577 27
38285 95 39833 57
23906 43 14503 80
42918 84 12550 93
89247 36 54275 3
59203 14 89908 46
67183 88 66761 44
35191 79 81121 46
37382 68 24385 64
25545 41 76150 72
4344 24 13843 86
91030 19 11769 16
16940 43 49950 94
59266 4 13314 33
53934 62 6619 10
27506 61 5237 99
98330 12 29836 60
10433 73 74710 96
25213 63 3623 63
96236 78 18704 49
46233 68 60414 6
75349 77 64372 32
2369 26 67366 23
89624 30 3861 8
12028 33 12503 35
39248 40 58158 92
80043 23 87570 39
74258 85 60250 90
46106 38 74643 82
40214 19 60030 54
99213 2 6740 78
50763 1 31801 29
50663 43 42929 92
5925 75 65839 87
59335 23 57160 70
41789 50 90791 80
47519 34 81931 50
71317 10 37971 57
35719 10 77528 100
59628 94 28558 96
64200 90 84176 41
36743 56 95677 16
79888 36 52951 78
56834 94 37501 92
95799 74 76465 58
40178 17 67278 16
73028 50 6292 76
74957 38 7350 73
43966 32 18985 5
67277 47 24598 75
21116 51 97293 57
20450 9 21170 27
6857 96 96035 92
69787 55 18457 14
11978 59 54225 76
20903 41 9975 27
91900 52 64126 48
57162 41 28303 96
16850 50 98188 4
43100 32 67315 36
79471 44 28098 42
89514 59 45462 56
29099 75 96002 82
65082 58 57079 88
10197 87 20572 32
97139 9 49263 63
79954 36 93589 56
92267 67 96198 71
53884 20 56700 1
67352 97 37269 32
1925 29 96970 34
52669 50 47043 14
98533 60 4977 34
82220 64 64502 35
54534 35 47287 56
41616 48 26164 39
42185 43 45298 21
28196 88 56153 41
28873 56 9757 25
1040 99 21110 8
73652 6 15483 23
12710 24 28538 29
55154 53 60422 16
42565 2 6730 71
15999 50 51446 80
99337 28 95717 46
65411 19 44813 77
11394 26 73611 41
9214 24 2243 22
93815 99 69697 3
36657 50 86734 69
41587 48 83045 46
40656 26 86093 77
29451 51 40636 69
37978 33 61506 21
32018 40 2852 4
80015 26 21273 1
44886 87 5738 100
44638 30 61606 11
64099 19 24587 38
10725 38 42496 65
89205 81 43619 61
3349 34 53076 16
5353 79 85945 20
25590 24 36362 77
50589 72 48524 100
99356 16 19607 75
53427 60 8316 19
5377 98 9919 45
77859 45 45222 59
77437 22 35475 73
37315 66 91552 32
85330 34 81132 37
33980 100 8490 79
10917 47 49442 84
98256 77 95025 29
1412 35 30361 88
6843 96 85832 61
59424 72 27871 83
15166 16 68960 85
34306 86 95328 0
56425 80 70777 13
36678 90 97365 69
63942 49 59017 37
76277 9 32291 99
57398 1 50666 73
25444 27 33160 77
43067 25 40189 41
62472 2 18892 64
40136 88 15109 7
17802 84 97846 68
4862 68 63581 48
84467 39 8596 20
59445 38 98679 32
23786 22 34587 97
68934 29 80256 42
24144 96 93505 64
54094 17 50589 5
38255 38 47504 43
76293 97 74143 28
55486 18 33617 49
80170 47 46287 79
53510 18 89666 51
82580 5 13028 47
19562 33 74128 28
61882 78 59795 68
58410 87 16562 76
19907 86 32748 80
97742 74 33813 92
84855 97 13807 53
64547 80 86493 16
70750 80 33864 20
92474 39 41235 79
81963 39 3905 30
4378 98 78315 19
74176 28 29529 52
91999 29 48919 31
197 70 32073 42
14521 16 30763 55
40903 2 58059 1
9502 6 30765 59
86676 3 54789 67
8044 39 16751 19
82306 57 57383 88
60855 26 83335 18
9500 39 37770 85
54261 99 57034 78
38310 29 13968 46
45638 68 21957 93
46648 95 82673 24
30267 36 58153 94
97844 87 7541 60
13865 3 87314 25
56260 24 12786 69
11640 77 90806 74
45369 56 30280 69
80606 51 4901 76
51921 24 29798 9
31152 50 3296 95
9316 74 46089 62
74411 88 22761 52
38267 30 25446 82
37996 25 618 93
74971 65 89639 82
67422 74 15343 84
69463 72 20948 96
22013 69 30264 93
30868 26 84465 83
33827 73 71870 76
32562 78 30491 16
92634 27 51463 96
45988 98 8054 95
21720 0 14538 13
6244 6 98384 97
71161 58 21352 48
34881 2 78826 42
81151 0 78100 31
35754 8 49356 32
40262 52 62523 71
72415 29 47550 34
81587 14 8655 15
4579 54 31984 17
20035 82 90374 1
49100 70 72205 56
48481 57 29347 63
19634 18 8565 77
8727 55 12994 54
33302 45 57316 92
63381 81 19523 74
4738 68 86541 78
45076 41 47337 13
47743 65 92246 83
49532 60 46917 41
33478 87 43287 3
89105 12 46322 2
87537 65 33127 55
73255 48 23566 68
99047 59 13234 57
69731 26 87845 60
52803 63 97283 52
70092 83 40831 40
22149 33 44144 20
21379 30 32439 95
76738 93 15513 1
88695 35 926 54
26195 35 95953 78
14768 4 93372 23
87233 78 13531 77
82666 90 29962 1
67982 72 27520 8
37601 100 63288 22
74264 38 12365 41
2565 71 51085 33
2651 41 3842 50
73516 16 62841 5
89043 5 40873 76
84347 9 80232 39
17574 14 31090 66
13085 97 84712 18
71952 13 53153 76
99194 10 63922 98
50773 1 55050 39
57572 82 22750 39
17898 27 91230 38
47386 56 26088 67
79321 52 68015 21
12646 19 2668 2
78996 48 71711 39
34899 78 30864 41
65622 42 93606 70
1514 59 85176 15
72513 46 23422 62
85579 13 6920 97
20149 48 81296 26
42021 28 20585 77
44722 18 72193 13
41005 61 81416 94
54406 76 69696 96
3477 35 7135 78
68792 51 2918 95
6808 46 82812 96
33679 29 64780 51
24243 55 55522 91
69454 64 67272 17
92307 51 10679 51
86194 45 58593 14
19196 40 524 56
62255 25 63480 37
83951 16 90703 57
65933 91 7005 26
12675 28 78657 70
79542 92 66332 49
5365 16 47503 34
38446 26 27922 91
33027 68 31442 68
763 4 91032 50
65578 64 45998 3
895 56 87234 81
37678 25 6494 13
96223 30 92160 14
67911 28 7548 87
20752 97 17547 8
91071 80 95571 94
43723 47 44037 18
57689 10 33560 25
90950 18 62625 48
93172 56 73970 40
66712 83 28000 7
35398 26 49888 3
41320 55 98989 84
61884 62 76235 7
31073 88 97180 25
37707 3 90845 21
91546 97 39603 30
43179 0 94950 7
89601 51 49029 87
44520 10 41886 78
29377 70 76519 31
55411 24 54041 71
81258 98 54349 1
98701 98 3313 17
51813 94 79554 7
18785 29 92089 99
87993 7 72487 34
12443 64 55187 18
3497 70 49534 11
85653 72 36620 86
37748 46 11296 77
78197 98 79580 97
79025 76 39276 5
65236 57 1697 55
44660 73 20596 19
81918 36 86081 4
65117 92 54441 41
67590 89 61347 15
18987 46 62788 61
24426 89 6886 39
29118 28 63854 42
37141 33 47740 95
96635 50 51843 88
26071 66 8061 96
99966 63 83371 24
77123 82 46729 45
54506 64 59775 28
60986 76 74215 51
251 27 76847 25
41336 22 77136 44
39028 44 9602 91
79552 34 67680 55
59676 16 74517 98
63487 5 35200 66
82450 89 94469 11
69749 80 45678 85
60523 59 73630 41
83462 60 71131 9
18456 96 87686 20
39929 38 8059 78
48356 94 71493 84
61516 15 10657 12
83464 69 10895 29
61416 18 15728 5
34744 53 43751 23
33499 40 36790 4
67677 13 16675 96
43283 97 49501 49
57631 6 62782 67
76523 51 53577 1
87208 50 98886 4
96814 1 52601 5
75651 93 19545 40
70459 77 64317 55
29715 93 37349 82
31238 53 24546 65
95731 100 12317 64
15847 95 20942 77
98434 34 62028 76
72996 90 82 58
29616 0 646 69
65051 51 55221 62
59095 55 31832 82
71595 65 72728 94
55515 73 17775 40
87750 60 74060 91
90160 44 25889 78
49984 38 6508 7
31819 58 97592 9
14044 49 31702 98
34440 67 95197 71
69644 67 74915 37
42319 99 94122 33
54690 31 10640 82
96090 14 55181 84
73821 64 15294 85
45128 86 51867 88
12607 10 71971 12
23496 26 22988 88
81742 100 29944 76
57513 14 99766 35
89341 10 74070 50
43112 97 81553 79
180 35 16414 29
67524 69 14032 93
71090 81 23291 38
77767 94 37192 23
59799 56 30590 13
87844 18 8174 3
5575 94 83769 13
80829 96 85068 0
44643 96 10270 82
87119 43 35965 54
27067 79 81665 22
62873 54 45621 48
30286 52 45517 6
1216 76 40720 57
14728 62 13897 87
97872 47 75601 97
3248 30 57201 28
63150 59 13133 4
59984 15 87755 18
20364 45 84399 27
49781 72 39760 19
94757 10 41442 41
71206 96 74147 2
15937 3 19846 23
75561 67 87681 1
72197 2 13953 69
6522 16 52112 52
41244 74 9014 60
17214 17 92992 68
97364 33 65348 23
22392 2 56819 70
74958 52 65302 14
6668 34 13075 2
93162 36 19285 38
88919 26 14912 35
41172 17 64347 93
56372 5 95671 36
86444 31 28370 99
48659 46 73822 71
32952 92 56174 79
87087 5 98664 7
2211 67 1596 51
47655 64 54360 78
14647 19 80550 19
35960 58 85569 10
16018 76 85950 1
87175 68 52787 78
88218 13 5391 49
6689 41 92542 96
49825 51 10066 14
47849 21 68208 15
30125 93 71115 8
40780 74 50021 58
23483 55 38064 51
23009 66 37659 68
69925 44 10448 8
10191 23 21140 32
81871 17 40334 79
74686 9 65569 45
72840 80 24493 80
8848 54 10078 25
64827 16 82491 27
17521 98 69861 45
64571 70 30207 99
61417 46 53565 87
48377 51 85208 3
77547 46 37822 5
50555 5 12410 9
77442 86 47752 46
22515 17 22883 96
80531 41 5910 78
85813 37 17672 72
2681 100 50120 27
26775 23 71015 97
36452 50 85572 16
55972 9 58781 12
27072 13 61884 53
34696 93 64687 58
86532 48 23682 20
60401 73 45554 20
50420 28 26980 39
99934 44 999 20
87286 10 49660 88
7130 71 18692 95
57351 4 73670 3
1661 49 95658 62
71546 42 88641 87
91420 77 76252 89
62378 27 54429 93
14640 80 89042 88
88514 69 62583 5
62058 59 60299 73
21098 21 62435 53
56203 53 44924 97
72651 92 45766 44
5150 61 87617 33
40394 42 73965 65
44131 3 14035 24
80024 4 54865 100
12823 28 19156 16
51996 4 60730 81
11927 23 74835 49
3976 18 69717 98
43461 84 65991 18
49403 66 64925 1
48284 13 9087 56
75435 100 68521 5
52302 33 62330 99
55846 46 30191 90
10392 12 58456 25
39836 10 68467 51
49944 76 85929 0
66616 88 22816 71
89171 100 39077 1
94370 58 54985 38
44808 35 97119 48
26671 52 7813 73
30589 5 19365 6
69026 31 26972 0
88779 17 4162 11
68537 24 24027 29
46334 82 88276 41
47973 5 65595 96
11207 14 24857 17
61729 98 91554 9
86343 14 84851 13
27727 55 94802 8
24652 62 64206 51
9388 48 33396 90
42728 77 24037 81
16418 64 97288 33
80794 29 89690 33
1186 41 93000 97
18626 33 5875 93
42100 39 82346 70
81569 98 24529 66
7523 94 14860 33
68438 77 39210 8
31805 22 74400 15
36975 45 40432 79
57025 17 16481 31
33877 88 89297 54
54476 98 47069 87
53813 52 35519 52
74409 53 93067 84
7165 80 14898 100
73484 71 10595 96
5735 11 89824 44
94916 50 96538 47
6796 87 39739 22
38865 23 77440 76
40255 50 1441 30
59837 16 76529 46
42617 32 59975 23
51879 79 52248 47
82574 51 8151 14
15458 100 81203 98
25236 58 83898 14
62450 28 18331 11
9561 59 38325 34
38292 99 72735 74
40065 75 57279 89
81602 61 7884 95
59928 23 92381 13
57181 76 65898 88
12649 32 26469 55
38357 11 50669 89
74052 60 65940 41
76232 34 56326 6
95315 70 21326 85
97025 82 25019 51
74301 2 58685 62
40248 62 37903 51
74635 38 21257 18
77998 53 3396 95
11147 16 40507 16
46677 24 99152 70
61784 60 34594 63
78237 74 86323 31
71498 80 47058 91
59166 78 70303 18
57277 18 28034 12
13007 23 90258 50
82070 9 13321 92
78614 31 40248 64
59566 14 91490 2
83974 47 31345 11
82652 75 35074 27
57674 35 23733 53
890 79 89315 15
49375 43 41617 58
6334 27 90559 58
77665 8 82353 72
52269 23 643 70
93119 53 69961 57
78377 12 58387 90
53584 0 9337 88
1046 9 59001 12
86404 34 33900 87
25292 54 17122 15
8484 28 15300 68
40930 27 33639 74
83565 9 3667 86
98967 97 49961 35
1228 66 84728 66
31658 92 18966 77
69599 63 20635 27
9620 45 14591 75
73364 15 19714 10
99065 6 6072 0
3991 93 52944 24
21727 31 64046 44
1579 26 34710 0
82744 75 78446 93
84931 70 73563 26
34307 31 60891 86
27583 2 17318 66
45005 31 12417 60
80064 18 69522 12
60153 16 44236 87
7535 17 72029 7
42798 64 77020 95
12228 64 92995 9
60548 85 18441 91
73563 67 17062 74
49047 51 83122 48
49786 33 91320 62
73350 15 41256 32
50403 50 76803 99
68678 61 27357 96
5949 89 94725 92
19870 100 3000 77
80113 71 37992 93
47527 56 7116 11
16584 89 91481 60
45470 48 55519 60
90814 99 74293 78
49301 85 85657 93
94410 8 48662 75
15235 88 19086 31
41231 53 91497 87
9958 6 34039 93
3101 6 67866 6
7348 99 34728 54
40892 47 51855 47
12364 23 39390 82
72293 91 74555 20
62352 88 92312 82
75784 46 7900 44
81739 84 99933 37
8184 7 71512 7
56949 85 87749 83
26466 43 52506 15
90293 43 18827 8
93827 54 90601 99
22620 67 8617 24
1649 22 31538 67
65368 48 73263 11
55925 38 25891 5
75635 61 27898 18
40660 100 37771 78
27501 17 50441 60
4187 66 19013 63
60397 5 11125 36
400 91 94011 94
56228 89 84432 53
23536 75 96626 50
14904 62 62925 99
50751 78 77586 70
98912 68 87411 69
39093 42 4310 56
47989 87 2980 32
99005 81 81232 88
72447 21 12252 70
60934 27 52609 73
62015 8 22415 73
93019 24 87970 9
88119 21 53398 60
48963 79 56045 44
7840 4 67375 64
93707 44 70517 31
92279 24 44174 92
7196 56 61031 56
54067 11 18619 1
20298 64 70194 9
19088 45 79005 26
97283 39 74776 17
34420 97 13509 34
4908 14 48055 41
28010 88 20316 4
22049 59 90367 47
1691 76 56613 5
67336 73 58618 57
90521 29 87003 15
58123 55 2616 10
3089 78 15415 28
10969 82 34479 13
83559 46 13396 21
28397 45 29238 16
42985 46 85624 26
97205 82 67382 15
35253 61 18951 60
33091 50 91266 58
44388 81 40040 15
55994 70 39660 3
21977 11 66682 58
70908 78 70894 82
65328 26 66218 87
5081 93 19965 42
43148 67 18550 91
88169 67 89583 15
72486 88 81042 14
91371 55 81399 85
65519 94 17607 53
76951 99 19962 22
72825 13 3551 33
57887 38 57743 23
56717 43 48571 95
23559 1 36508 97
56133 35 48161 76
94563 15 55574 48
81105 11 45546 38
7509 17 86589 55
97936 6 38248 71
41808 2 56283 48
91639 77 76111 78
98880 36 59652 27
93805 68 92495 74
25988 23 84563 25
56309 67 10160 37
90376 52 46360 89
40118 69 40570 26
2298 95 53422 27
42998 41 78833 18
10200 81 54433 70
19815 98 69127 20
72467 56 51284 50
90921 50 49106 88
37792 38 69 98
93863 92 81475 23
49735 9 17799 73
3389 32 95741 43
77294 10 72172 72
77525 45 4147 29
90198 74 86505 25
5491 28 93943 13
84025 25 99501 2
39570 63 8809 89
27384 32 67714 0
65418 55 81833 83
67005 41 4687 86
96727 93 24562 51
93312 39 11264 46
94030 5 25350 30
16978 40 63423 15
44680 26 50574 81
31558 34 764 75
6293 39 66079 56
82662 43 63535 9
51639 51 71550 40
65885 24 81221 80
56560 49 75666 74
42612 12 5609 54
89682 46 15802 76
72169 80 30338 99
49775 2 80616 16
95991 73 96 6
67533 50 26343 47
16696 0 62212 42
31333 14 46637 51
56946 100 33319 49
64131 24 72613 69
13200 83 33823 63
60042 89 41505 79
98379 90 69658 20
20963 53 5407 51
87952 79 59315 63
40720 95 49950 81
47727 22 38831 68
62983 56 85507 94
28708 11 54515 68
12096 49 71308 31
88314 71 5409 40
2460 89 16953 99
32807 87 57684 35
36291 34 19008 12
38293 18 58074 86
32977 37 41740 37
48436 77 79021 47
97698 62 62023 83
30649 65 3191 13
38325 56 38087 29
78897 23 95433 75
94051 70 21980 55
1160 2 77507 61
52115 12 69790 44
1364 54 87770 42
31566 2 78987 14
12087 85 12186 36
63907 49 60219 41
75710 1 35890 78
59706 100 53345 3
76670 12 58280 90
23708 75 51892 42
95545 71 33183 45
71944 50 93866 16
93565 59 95311 24
23593 92 85902 95
44692 31 69321 76
54340 54 77169 74
59474 96 63525 30
32116 41 29139 11
65392 18 61059 47
35305 3 37499 32
1840 14 45250 17
70605 63 99643 52
83019 91 71131 22
49850 27 15092 30
52037 14 62224 58
13352 84 30993 80
40967 40 48735 62
97664 27 76728 86
69881 22 89627 78
65008 91 64312 65
12201 48 77084 10
38993 68 19095 53
95908 18 50700 37
90266 63 27577 68
80672 50 1952 80
87829 92 22496 1
92739 57 84197 7
44700 45 92507 27
22081 87 6860 9
77947 84 31177 12
62005 49 84268 95
47296 28 24041 22
9280 73 74261 28
69409 81 5050 45
47244 47 95991 97
61424 65 1212 66
44067 45 92406 19
88632 12 79007 5
61776 80 96050 17
67076 77 45543 16
10599 50 97411 48
39348 27 75229 89
73055 16 90448 26
57379 54 56796 74
99760 79 54958 21
13634 77 4892 18
6470 65 34012 37
36086 61 12415 82
57515 4 6246 90
72068 1 85203 41
96269 97 43776 79
28339 17 61083 81
85537 39 12320 79
76638 47 94412 31
80266 77 88508 99
24927 81 19734 78
99818 34 62488 8
49564 97 22145 32
58660 52 18340 89
9824 72 13902 25
42223 70 66695 60
10424 100 46854 76
49642 10 33480 26
19045 10 23341 87
4452 78 44404 15
64355 3 77396 27
98828 6 24481 28
72343 13 4732 57
55733 77 83860 51
63589 73 42681 62
86333 74 24605 37
48045 20 24651 28
44076 54 74594 25
1759 74 50544 61
8574 69 24197 70
88244 10 50579 76
81074 55 85678 42
16640 15 8343 54
36674 12 38730 7
36897 86 42985 25
57550 99 45634 22
75543 51 22830 1
79200 27 40448 27
37843 31 88648 47
60298 36 95226 89
90583 51 7280 100
55390 54 57010 78
37634 92 80100 97
70259 64 85517 44
77919 37 90124 77
2548 13 85397 3
61484 25 11141 40
5139 12 38100 29
91395 63 57120 16
57436 51 88174 43
63331 81 37604 73
91913 86 98854 94
92198 51 37272 34
28794 56 51371 17
7632 54 50799 0
60615 48 25716 71
29339 45 54651 37
14305 98 37339 27
65984 99 84179 59
1813 14 87617 3
50264 36 24089 45
65037 3 69352 100
94136 1 1532 64
57853 35 9939 8
19512 52 57951 47
51593 38 72025 84
5951 1 9558 38
64976 44 29578 99
91923 81 84092 91
93736 16 55629 1
61724 53 25655 97
10099 24 40992 43
51784 23 68189 20
23118 8 21663 23
28381 80 85413 76
26847 37 72128 10
63876 62 36217 79
79381 17 87173 14
36411 77 68520 96
5544 0 44591 10
6641 39 65962 1
22879 63 93007 72
525 47 92832 89
91979 61 9886 90
27604 59 94075 97
92861 49 40515 100
60754 0 54737 88
66830 9 74531 84
58400 80 47484 32
66846 85 82869 65
66074 93 53741 76
39657 32 55544 94
72854 5 98897 81
56700 60 63481 12
80402 58 97560 53
57264 57 91670 55
445 21 49979 6
75806 99 18508 7
2171 49 8739 28
72944 80 23633 22
10910 25 25379 7
19165 63 24240 48
73729 37 36545 80
11647 16 26926 81
44515 63 6454 11
14761 13 36710 10
78683 6 13637 22
46535 18 54338 17
4281 46 77741 21
17975 18 44169 75
79724 61 43177 44
66631 31 4859 36
97142 36 68838 29
65939 100 4812 28
69202 47 60667 83
47807 70 57578 57
13186 29 11764 19
92401 22 3956 43
55451 41 92543 52
56812 82 55020 77
26010 61 58461 29
52631 67 57856 39
4069 11 97183 71
76225 10 2653 25
83120 57 96371 55
68514 71 11432 87
95905 63 28355 15
78484 60 33447 2
1799 87 33183 76
40507 30 16795 52
60768 30 76032 34
12836 90 84767 60
38903 96 79828 84
73336 99 83176 58
23094 66 65693 94
31734 73 38124 2
52063 54 779 17
47117 32 40009 97
44835 43 67312 57
81382 91 67941 67
94596 1 72442 1
69056 94 63449 52
27372 28 77846 45
12223 18 92628 32
12040 63 24081 29
78886 62 64509 38
1866 72 53808 71
80089 27 54014 30
78114 79 62696 23
83207 33 18736 83
88568 70 87372 50
96083 12 16335 54
91689 10 80629 31
85375 76 67172 22
76628 98 15192 3
22135 69 87448 53
39640 39 23935 7
56585 31 87231 82
39021 88 88882 60
68758 0 47670 47
64066 51 87227 26
44932 16 4883 93
84532 49 17692 87
21740 56 66290 61
65279 37 76697 2
78668 30 27499 14
43813 94 48758 1
37791 33 82269 81
34766 88 36161 8
39063 8 40507 38
81643 22 29739 7
87074 68 80021 5
26371 84 55776 4
48492 96 71887 94
8728 90 47160 8
13968 42 38871 41
78732 72 61233 16
23021 21 51147 73
70407 9 23608 90
80333 21 52297 100
86965 13 98369 36
61027 80 60883 34
81472 9 76367 31
669 4 28232 14
81869 40 75697 69
6940 90 11067 76
55631 22 38878 39
30624 6 16253 18
52772 56 80115 27
4608 5 71661 39
99123 42 9197 40
23496 72 7531 49
59930 11 72421 98
92579 34 95409 15
48012 96 26616 66
5993 56 64570 96
58826 71 63641 26
83968 20 11923 53
55309 19 10308 49
87021 58 99837 24
54536 45 29999 71
85668 80 60012 29
11542 32 16525 80
1538 44 32176 75
55725 79 72243 40
83245 70 43185 20
33245 23 75033 81
41497 67 74404 93
25687 45 13997 97
95284 21 12418 96
1174 58 64617 81
37281 96 43081 30
35910 92 35212 22
22810 74 30074 77
5117 89 42622 15
45750 89 16228 26
6109 39 87585 69
94429 14 52303 30
7338 56 36509 51
83757 38 23889 51
87738 55 39751 49
69721 80 93054 1
81482 19 63919 3
43168 76 65202 46
55137 85 31734 40
38055 35 75415 2
47591 91 59185 50
10676 6 51296 19
21371 68 54833 64
3310 9 18605 25
95566 30 12255 42
64636 12 80795 31
1665 62 18318 42
25313 82 38093 25
43676 8 79823 9
79114 94 71708 46
13495 42 26541 3
64530 0 51201 19
85080 31 13293 96
84887 36 67745 82
21993 84 48912 35
50122 78 28691 91
54565 21 39541 58
17903 0 57440 15
4598 52 96356 64
93878 30 95594 14
27076 7 92570 97
57539 94 48676 18
69942 26 6233 0
94333 68 54980 18
39749 6 73990 2
21543 9 64774 67
16732 82 66363 0
52916 21 45831 38
5393 66 6804 0
17969 77 42235 100
32746 42 64440 56
96818 99 29776 17
23038 37 79477 62
39986 79 74992 95
37992 55 66674 92
10992 77 75412 69
37134 81 78084 70
89123 97 52486 0
19821 96 16417 86
10641 5 93986 41
54162 78 54582 9
95232 50 52916 86
33379 45 53698 62
52428 4 21004 9
6119 56 49309 5
70528 18 76222 21
94736 93 32719 41
63579 54 78833 45
19287 98 7154 97
21865 36 88665 22
68037 37 11313 94
270 7 43630 52
96354 79 32606 24
35597 17 10795 12
85610 49 42008 76
21890 5 45378 46
20568 15 99568 76
98463 53 53761 88
86682 27 57827 9
21924 39 58528 21
42664 70 857 39
67942 50 60294 57
93827 39 42548 23
99546 46 95284 41
10561 27 60082 24
95865 66 39164 46
74246 10 4143 94
3079 84 11655 96
57308 100 34258 33
7780 93 79354 84
59642 94 37574 30
34165 35 86948 64
20107 13 41432 98
2567 14 87049 40
5709 11 57934 60
75674 95 78073 90
63334 61 92969 52
33256 30 48658 47
76085 86 80471 39
17246 78 71198 12
8895 85 61051 12
14553 71 86309 37
2885 44 3570 21
82459 67 46679 29
14666 13 73176 57
53482 86 21668 85
72774 97 97706 40
81703 16 31052 9
42943 98 12470 61
91769 63 77509 7
98109 80 45576 16
10740 89 65224 86
39014 83 78131 45
31479 39 13280 0
33844 61 71294 58
92455 88 39531 4
75149 30 36478 9
26984 79 44022 75
85011 42 98532 36
79765 9 43312 76
18603 4 60281 69
97424 40 79581 27
13893 4 6248 45
22670 54 28507 45
63283 26 10359 47
99289 23 5143 65
26380 48 34625 89
65705 59 95854 54
89322 59 23540 80
53697 76 8370 42
98062 33 56009 16
90925 70 96309 26
72395 63 82615 2
93663 22 93741 6
20861 9 75160 17
5067 25 5059 38
22643 21 22293 70
16759 13 66848 6
78791 19 53439 85
21759 9 20515 96
79584 9 43015 90
95263 28 65214 22
55195 46 98988 35
44490 35 14921 3
23620 72 57122 52
2694 72 60731 79
76761 93 92584 76
40822 95 72397 2
6935 32 83731 84
47635 68 60024 53
16153 40 92609 28
44047 32 72476 69
21393 90 43272 33
61992 85 68533 11
51229 90 37050 67
40792 100 67158 12
13221 63 19053 37
77817 33 88567 94
98552 50 10241 39
58348 13 6046 65
18719 13 63066 26
27326 61 79648 4
57397 32 67323 8
4326 38 8950 15
67192 43 46182 89
85274 5 8011 36
4690 56 34899 45
7117 48 59543 58
16024 46 36576 64
72062 14 12979 21
40667 59 21508 33
68115 0 44426 57
68833 52 8622 82
82414 34 60969 23
34008 27 44915 3
64792 60 68222 75
68858 47 38511 30
17304 79 66119 53
62166 40 37540 12
36821 40 35693 5
30751 55 22654 63
64404 71 56794 46
8048 79 808 84
41563 59 13367 24
66182 56 37888 66
69181 83 64865 66
72944 49 86563 49
61908 88 37724 41
79325 25 67615 55
55595 21 56049 81
80174 67 33716 76
93012 38 10848 45
67369 29 27559 37
60873 77 1770 49
85248 79 86214 0
442 36 63145 95
1025 11 79071 48
71047 31 1976 36
7471 86 31801 89
20779 17 55021 53
70396 65 97743 14
78136 51 24719 11
73170 6 99108 10
54932 2 93329 58
36095 10 93769 37
27342 51 63270 33
25014 88 22794 54
76307 60 65182 20
32731 67 52815 30
79557 44 89551 77
29234 50 56672 48
61697 17 11406 59
76817 2 37993 98
38735 53 97152 22
21676 0 40267 7
48699 29 80054 18
77992 61 37152 59
85314 65 54900 21
61984 13 62961 11
11779 44 32774 11
55138 71 98739 4
756 57 17851 8
73901 12 34329 30
13207 36 95933 70
66813 39 80694 86
85127 60 23579 61
45543 88 40523 58
91212 25 30058 78
25126 11 18126 71
96877 16 5219 75
69338 64 90209 61
21676 94 35819 49
59193 84 11457 66
84683 42 47979 92
29382 76 20118 33
63034 65 62528 58
47048 96 81032 92
22007 8 38523 84
98003 13 3835 8
54311 89 12645 37
40054 97 45477 8
41086 56 85478 6
82172 72 55526 51
64390 99 14358 15
7576 18 62464 49
21526 78 49970 53
80006 65 41734 1
43824 55 92562 52
37762 98 43241 95
49228 2 50604 43
80683 14 93214 19
81232 59 5802 27
51463 70 628 42
64798 13 88794 99
19759 2 81640 74
66494 38 8062 22
87029 66 63172 100
932 97 35358 0
15938 16 56849 33
91180 66 35543 35
65109 97 19406 24
10333 83 29025 31
54912 97 74443 10
71864 100 31738 20
82558 36 56474 48
53508 96 870 98
29170 10 81064 83
48086 37 64275 15
33377 39 14469 49
36548 36 72217 25
78048 36 60859 0
22435 11 90759 63
48749 39 55595 11
20425 92 83033 48
40474 76 5794 34
59653 37 63256 76
19261 92 90905 93
76238 59 37578 93
55820 91 89280 72
3391 1 76789 1
95888 88 67227 58
96311 24 42650 23
71182 32 95196 38
27929 4 65874 56
26315 95 43629 98
98413 99 4942 90
72983 45 76491 23
51285 100 72298 63
1939 43 36145 74
27481 53 67900 20
19754 4 40630 87
34961 99 13471 63
93398 6 45396 92
68220 38 48858 57
68395 15 44273 86
62174 27 37856 10
18313 66 69353 44
28326 75 98146 52
41628 93 91239 6
91851 6 45258 51
81146 57 5109 46
9247 94 3363 56
43130 53 44018 33
9800 8 88256 79
40417 2 33595 54
49656 77 33412 30
28495 76 15105 97
889 13 84138 68
69335 61 75639 89
2737 26 90687 84
96246 51 46908 42
63037 22 403 4
82786 52 64163 20
34936 53 83765 6
22334 11 46065 73
57860 51 58990 36
46877 71 78265 78
32326 32 75079 12
75215 50 73386 27
58825 84 67513 97
91125 8 50797 12
56940 91 78788 70
83751 41 22144 19
80038 55 606 48
59276 94 6760 69
93033 80 64251 3
80574 65 28295 97
43878 63 88813 37
86224 76 62564 86
89198 91 44435 36
56495 21 63920 74
11098 62 24990 71
46152 59 20739 14
33508 18 68487 39
17893 66 80843 45
7371 33 5458 18
19151 94 78879 46
86823 12 60309 8
64886 18 89091 82
75335 24 38929 86
19234 70 60311 3
46287 43 17809 38
40785 48 57136 18
86616 9 10449 63
35157 54 49236 55
56290 45 18992 30
23893 8 95543 60
54322 42 15754 93
80179 87 50099 54
16235 23 40287 87
47228 32 140 72
38010 71 69183 21
67356 62 75279 19
45853 39 68381 82
5202 26 33406 68
26368 67 86475 42
74846 29 97493 20
90603 86 98694 56
73717 67 1355 93
53462 93 48189 11
95320 31 97058 21
52582 88 84186 32
8836 98 90800 5
22703 44 83954 80
61382 40 59492 100
25877 12 88777 92
14748 11 10778 6
22841 17 65163 42
33387 4 21484 17
39417 95 30609 37
30996 25 3267 27
98470 75 56825 56
25554 61 64812 94
20119 23 96199 38
91502 79 25903 27
65354 62 23806 46
60121 8 17024 44
93520 13 58069 72
32663 79 1098 21
5639 88 97255 35
97433 34 86589 61
17395 97 29127 40
71166 26 53212 5
38704 81 53859 96
49129 2 61397 46
14802 61 46757 14
50878 40 20689 55
13771 90 70815 63
17059 71 73557 99
1579 23 49986 69
70381 35 15889 13
14688 17 89364 86
97685 84 98434 42
59174 81 79871 96
45206 32 94663 98
95922 59 33135 68
55921 45 85579 45
67373 65 16352 91
78413 48 8883 81
6537 67 91000 39
75485 34 28347 65
72735 3 57989 37
70412 47 14831 62
32813 100 33987 16
47653 21 44232 56
78924 77 56138 93
59255 35 64333 58
24498 95 38128 100
87105 79 5242 65
6567 23 2181 51
30691 65 8471 94
11173 46 78555 46
33958 91 92914 3
79557 98 55450 42
61120 99 88535 74
3236 91 62381 91
88370 16 98767 37
35353 39 56956 63
82607 4 35638 82
97250 86 90789 13
26327 15 40727 8
67037 0 12960 13
2288 54 6080 58
844 45 21627 45
41109 8 59374 18
11984 32 26766 69
85762 39 95624 23
62432 56 61383 74
61604 13 25074 47
67533 7 21181 60
36625 32 66579 61
10138 41 50325 54
23480 41 90482 59
71795 36 47551 85
39714 90 28533 73
51925 64 12629 75
52213 23 21112 17
86991 51 58729 73
72216 72 59251 86
35426 48 54622 15
11814 41 39351 76
1063 20 68628 75
14173 71 39757 3
35556 25 5225 57
67568 94 49071 86
98349 40 83292 82
77475 85 5984 63
1224 2 11953 100
7790 83 35789 51
95887 94 83502 97
22044 12 61277 27
81311 10 61821 0
24203 62 41781 68
89682 96 26109 64
48818 1 42664 63
21851 56 82392 78
35887 57 42409 31
17032 50 48739 41
57386 0 90286 27
78496 57 50819 35
61636 65 96857 60
12206 27 37008 4
42736 54 7199 26
68431 11 51128 54
83399 11 85819 4
33851 58 97033 73
758 41 43023 92
39260 73 4899 28
64150 60 19784 45
24731 16 45299 57
90401 93 36380 97
22424 92 91067 76
88982 17 95754 64
55806 90 2563 12
69529 76 21078 96
21346 22 70723 87
81167 56 48142 76
69791 63 52734 78
76456 35 95458 72
55015 6 99905 4
56363 66 46434 96
29427 50 22162 92
54224 80 48312 89
12742 98 96871 3
51417 14 63149 78
30092 61 34419 60
33190 58 75585 2
3962 31 95645 53
75956 64 98739 0
58248 25 85305 44
14940 27 82845 81
52655 67 33095 70
21397 69 64509 50
70615 5 62778 3
82957 22 59804 45
36536 37 99630 9
26067 83 36862 95
20807 38 84142 69
94812 67 79923 46
34760 3 40989 75
70706 2 7334 26
41491 27 77377 99
38710 46 59012 12
50944 59 43477 58
77526 58 59158 73
63256 21 85249 4
40195 3 80812 54
54982 63 8542 100
62475 92 1014 25
44129 92 42249 100
19395 96 56111 89
92563 82 61488 66
65483 25 28727 48
48411 26 61110 27
29941 69 80762 61
98366 17 14271 67
70766 48 46485 97
56771 15 26469 57
45330 26 90787 77
99972 23 49921 32
39393 62 43154 47
71210 81 72060 87
56159 89 22413 62
2822 15 27269 80
90979 53 28763 14
16807 55 96385 26
32464 17 16111 32
74390 96 74496 52
25010 100 40733 60
57866 9 18604 20
23752 2 73001 77
52316 54 374 36
5237 98 65707 52
85398 44 67435 99
35856 68 54657 12
83004 62 47109 1
15286 35 99315 97
6987 57 73501 50
10726 32 97164 57
74453 36 8965 51
43273 37 17534 98
11351 1 38768 75
82342 66 47003 91
91849 10 68846 85
25059 94 73662 48
10927 25 10341 76
89044 13 41758 70
59984 55 47432 80
6519 5 99581 40
48676 89 8243 78
18390 71 21695 76
88986 79 69283 92
2419 6 37730 4
8748 84 81891 10
48852 84 21257 37
71112 40 67721 7
58764 39 94354 98
6838 45 29438 5
42104 9 24640 49
53932 38 92128 15
93466 32 11253 74
3942 55 9635 98
41471 72 57256 68
57437 53 62674 65
90397 52 87316 13
5653 83 48058 49
78035 12 62158 94
64532 91 7717 30
35011 98 52039 80
20962 47 45849 42
6690 38 22287 22
20545 97 15468 92
38557 98 87613 24
93887 18 43530 88
46388 47 76218 18
6564 96 86547 27
79977 37 80196 70
64307 25 38733 73
97736 61 80181 21
35541 19 72129 10
62336 56 95380 37
76612 16 46237 44
86405 40 49156 77
85727 19 71119 32
60353 71 73974 42
5882 76 87681 70
13988 23 37492 90
92839 89 43912 63
39552 53 46247 5
88654 6 47863 37
97762 78 36905 100
96032 74 64318 12
46303 28 94334 57
80008 96 61187 86
29035 14 81512 25
95729 19 90994 68
15952 49 93501 49
58767 14 38607 29
80649 43 92988 55
2684 96 15627 100
11334 34 83294 47
52799 44 15845 10
2022 39 43896 22
37040 9 26041 83
51969 84 11428 12
17950 22 79318 31
54313 83 43048 13
22058 0 37203 50
8037 21 98009 39
35593 58 74245 5
14431 64 77725 17
58974 63 85464 7
86891 72 30420 5
2922 38 30293 5
38276 11 3449 88
27165 45 23371 58
27857 32 38665 37
48398 1 11494 21
55454 96 65819 18
26438 52 19818 12
54794 63 51303 1
58663 89 85388 82
41489 1 43642 71
4706 70 13929 58
29037 39 60691 8
48929 67 48694 60
59199 99 29057 52
24739 89 23816 67
78457 31 20462 90
10881 94 43014 99
53914 63 37982 62
59918 99 21851 88
84219 51 95019 52
34399 20 56785 45
42633 24 70610 34
22552 7 69867 12
84914 7 92863 75
50564 97 22338 96
98197 24 67523 11
28269 36 49662 41
53437 29 86442 63
32609 39 97196 4
47392 14 70714 59
51857 15 42958 17
99999 69 6934 71
85429 21 15769 20
43804 83 95083 61
35275 50 61419 40
50141 37 43787 23
46968 37 11525 31
32606 73 70138 36
88628 22 91331 71
42421 5 2582 68
82180 26 47596 10
34935 76 36244 7
52173 17 91349 40
39404 22 31671 56
39211 16 98697 59
67728 47 1037 0
11205 99 31125 12
96727 18 147 80
40187 45 21550 70
7304 93 65375 43
60085 55 9833 85
59338 91 90271 83
18756 67 99527 48
85747 37 84956 16
29326 78 87750 81
67553 74 27178 54
5050 84 40645 38
99463 34 76861 4
57853 88 53463 76
7998 18 37708 76
58647 70 26736 40
53987 57 24230 65
19702 10 88662 100
29900 78 60681 100
35486 62 58785 86
28240 56 32647 6
54726 81 53459 0
67102 52 52396 36
33600 83 20927 67
94658 31 53386 20
27928 23 45916 44
33806 42 15897 76
32617 0 8552 75
34997 99 10147 81
88883 23 19141 71
16692 77 90937 59
51113 70 9755 31
71415 77 44732 59
76802 91 39839 100
52617 13 29369 52
50472 5 22919 83
94261 59 286 55
90686 29 52958 26
5449 77 27718 60
12282 68 14389 10
47973 19 50296 48
14476 25 14527 27
54460 5 31344 79
88656 60 93570 21
96993 33 95435 13
17467 88 94990 35
65829 60 87131 58
11750 19 4452 25
39667 47 82659 28
18274 91 87656 68
82770 13 5952 76
68360 82 93047 20
68212 76 29655 67
60868 85 17653 36
43420 77 60447 12
47372 65 53311 63
14894 70 31193 4
20231 57 22022 8
68140 66 45661 46
83610 38 79733 85
70579 89 49220 90
37660 43 3015 97
35290 56 91789 91
94686 13 16862 79
9122 52 62492 26
65301 45 69367 35
56791 74 25520 93
78015 47 70221 53
63710 59 13908 20
37735 11 10234 55
64430 22 91349 96
58755 71 77082 7
65274 97 54618 69
88332 7 58310 33
93628 5 44803 4
32386 86 84883 39
10275 66 836 81
44921 58 63367 28
16583 26586
