451
8385 682
7450 665
5529 4273
7451 8674
3514 9293
2748 4148
9905 8588
79 932
3248 4931
1860 8473
9741 6230
1580 7292
2696 4003
770 2375
1653 953
682 8142
8150 2350
6057 6915
9283 2430
7267 6913
7632 9370
2882 2195
5068 6723
2016 3930
4149 6679
6739 9861
7 9462
3560 8133
7677 7017
500 513
1070 5598
2267 5385
7507 739
5013 6234
5578 9012
5126 6854
9193 8550
8572 8563
8357 635
907 562
4330 7208
8526 1758
3970 2647
5972 1941
8090 6500
6022 4396
6175 1849
7548 4874
3920 9961
5563 6597
4074 1226
3656 7901
7964 3405
8590 8514
7914 4876
6583 1710
9302 2648
1498 4899
4880 6312
4525 2332
128 4791
3057 3404
3671 3936
2091 9517
6696 8441
1267 3559
4995 1443
8842 7246
419 7650
366 9784
5776 7489
5666 3966
2822 8893
9134 1412
4187 453
8729 9597
1707 2148
6431 1716
4793 3668
3148 1126
9838 6375
4646 2887
930 5207
3053 7583
2168 8796
4502 1186
9953 8697
610 6690
9640 7927
8973 4336
5617 6272
3005 7136
2037 8895
3284 3684
5515 1162
4003 8697
1777 8267
3525 757
4407 232
60 1584
6179 3678
508 4716
1283 4667
8247 2041
282 5128
2389 5747
1199 8928
8063 4939
4501 964
1027 2315
2912 2055
1925 9107
5323 608
1686 6106
5300 6891
8782 336
2325 5383
3338 5236
2329 6200
7333 1896
1497 2077
2134 4376
7358 6
3676 5421
2283 6874
4351 9850
3560 7104
64 4432
5330 9658
7700 6305
2731 8448
8994 4917
9292 8189
4874 9737
3197 5530
9858 7903
4057 170
4116 1849
3157 2802
5901 8079
2855 2339
290 1595
9570 8946
4123 7895
1293 6331
2930 4834
5796 9246
4111 1544
4751 3336
8690 627
9065 266
112 9982
3667 2678
6207 8426
4880 3343
6771 1848
9991 8364
7475 2722
7515 439
3187 4507
6102 4117
1364 9590
9714 7717
336 2052
8459 203
3680 9858
9627 6622
1334 4078
8047 2591
1760 7283
3091 3006
5482 3097
6479 3447
7844 5087
320 4140
421 7531
2926 5102
9397 9277
8285 9162
7854 7308
49 5965
5263 4216
3650 8957
8958 6322
7153 9631
7055 5347
123 1001
5436 2988
3872 1854
919 2282
9769 7429
3862 5586
5629 9021
2087 665
3740 8682
722 5519
4938 5655
4584 5858
9148 2819
5411 6545
3854 8021
6120 5714
9586 3170
4831 1886
8968 3432
5979 4133
966 1536
6528 5529
2823 9202
2796 4562
7467 4283
8856 4321
84 9374
304 3751
6340 2051
6809 5256
4468 6183
9795 1096
4374 2990
5611 4022
9182 2497
3012 291
6138 9596
4487 6109
6160 9824
1051 5025
8886 2764
8555 8284
403 1025
6479 2180
4414 3268
3797 8964
2033 6079
685 9418
942 7817
6849 853
7743 9294
6084 385
5347 2553
3190 6372
3080 3708
376 7642
8022 5027
2172 2975
4715 6207
7642 2517
1170 498
1328 3223
385 2160
3324 6428
545 5853
8367 6552
8772 3132
7652 3072
7193 2258
6343 8539
9086 1496
9796 9400
8477 2737
826 8472
8013 1999
977 3937
2372 1062
3474 6952
4118 8303
639 6381
3167 5394
6093 8213
5398 3084
7626 8723
899 1571
6195 9544
3698 1285
236 3833
6585 857
4648 2735
9947 1246
8514 8611
6702 5508
8113 3365
8518 8703
6875 740
1339 3330
9013 3814
6489 2960
9150 3772
6591 1455
8825 8952
4158 3592
8007 9550
9930 6778
9220 2185
370 1014
6044 7275
5176 4257
6405 4024
9121 574
348 2326
542 9636
8644 4166
4610 2060
6459 3569
5801 4363
9457 5578
8205 7726
6820 1644
8710 418
6668 6753
8476 1581
1941 5761
1069 3186
1928 6813
3667 992
1950 6080
741 7437
3711 6745
9770 1746
3351 4304
6894 1636
8818 7488
7929 5370
7431 7877
4596 2716
6979 3425
8989 977
3745 3263
9523 2817
9528 8972
2629 6285
530 1375
1307 5148
1042 804
1257 2322
7627 9879
7559 8093
3461 201
6087 3411
5941 7619
8511 5064
3008 5541
1728 7981
599 7148
1799 4191
7936 5361
783 229
4085 4977
6445 5916
1838 4834
5572 6817
7086 7087
1305 7994
2612 5695
700 7668
1716 1344
1674 3366
17 7666
712 5926
3538 9888
4699 7150
2279 2430
644 7220
6447 6092
9298 5799
2041 62
7625 3503
461 3258
3925 2031
2489 7036
8712 9484
6785 6264
6500 9826
8306 312
9014 2273
5977 5771
3634 8252
6557 9819
7161 1765
6510 5096
6860 373
7090 8042
7354 6582
4332 2646
6999 5008
8167 2169
6566 9291
3652 5371
127 1766
7332 5207
9625 5598
4950 8779
8045 1058
6950 2309
7524 6250
3028 2027
4648 8722
2872 7898
7838 3992
3694 3408
8529 3804
7947 4765
9326 2565
1665 334
9982 3072
3655 6942
6370 3970
2124 5988
6700 8505
8087 910
6450 4602
1889 7064
2220 1781
5280 9860
7881 7643
9071 469
6647 5158
3522 2871
7449 2890
4526 7128
6697 2516
7836 4272
8895 1575
6884 257
1026 4665
1119 5697
2853 7844
8579 666
5058 9492
2851 7661
9394 8069
3586 7500
7643 5961
266 2669
8915 387
7980 3901
9221 9634
2634 794
92 6550
3290 363
2499 6443
4479 7745
7110 3960
9481 6944
1587 8368
8646 1811
1387 115
888 6084
6044 5728
8790 3295
7261 1576
5720 5286
2122 7864
