1425
1155 7978
7409 9708
4375 4977
4280 6621
1887 7982
1742 7717
9754 5174
6738 452
788 1116
870 2086
7020 9817
2600 4825
7672 2051
217 6080
4814 5672
1059 740
9605 3689
8287 5792
5406 612
7502 7508
6392 1880
639 6835
9112 3243
2728 8292
9825 7228
4456 9446
1530 332
1673 5121
9361 9250
1068 7101
717 3663
3475 8430
7185 5476
7003 6717
7432 7522
2646 5212
1727 2729
8694 9691
1632 6069
5766 2329
6382 2504
3983 4764
8867 5730
2459 2135
595 6433
3416 3498
280 9376
3216 7080
5109 5820
7518 3390
3813 6193
8543 3452
1621 3121
7205 1834
9077 9151
4974 2813
4402 415
4228 5063
2137 4047
7502 9133
6984 1880
6488 923
2732 4556
354 419
5038 9084
3589 5263
7994 7160
8164 1060
8336 5832
8420 5124
6 1849
5315 6204
2155 2366
4748 1108
1758 2208
5804 9580
7645 1860
6533 6931
3918 7640
2221 3215
2196 9357
5926 8910
6816 4680
2967 3227
9099 6121
8150 8446
61 4666
7774 4918
6925 48
4408 2077
8898 1247
6264 1571
8997 615
8826 744
9529 6029
151 6437
4871 6767
9248 8588
5222 509
2044 9023
2081 5300
9689 2709
7831 7670
3176 2475
9645 7809
8447 5131
1354 6791
8838 7879
5004 5295
7923 1517
7037 572
7005 2295
3757 8241
1548 6176
3380 6936
7355 6697
8476 79
902 3951
9464 3263
7799 2424
3372 1365
730 9633
8841 9912
5450 2697
6525 1475
4738 2204
7998 2440
4078 7511
792 6758
1067 662
4997 9935
3322 4611
5878 8558
7179 8903
5335 2469
5904 6815
9929 8756
9892 1267
5996 5132
6049 9827
9466 1344
1438 9650
7870 1604
8479 6320
6254 7144
87 8489
837 3037
8467 9591
363 9339
1816 2677
8937 6951
4340 6154
4716 9959
6780 3792
4009 2066
7094 7456
9540 7505
5355 5299
8767 2234
9996 6654
8588 7751
1887 8707
9533 9156
4177 2752
5205 7761
8275 5582
9548 8723
6902 5410
2203 729
9503 9389
4576 824
978 4117
6351 127
5217 8738
8575 549
5365 1393
9717 9319
396 2783
5046 6536
2043 2876
9957 3909
1724 7168
8145 7329
3570 3419
9390 232
9009 5093
1133 1542
4385 4815
8386 4337
83 2845
2264 3744
1840 2548
9231 2906
3122 716
3683 4709
8775 5775
5337 5023
2238 9122
4941 5635
6378 7741
9164 2585
5214 4333
6160 3004
7597 9802
6014 9085
7302 1384
7262 7228
9599 9039
8389 7234
3116 832
5885 8745
1029 2905
7266 6662
1721 8363
7411 5818
6825 8560
2416 3574
2675 882
2543 4477
1752 9221
3268 1708
8925 2276
8219 3985
609 1023
1005 8251
6886 7283
4140 420
2448 4032
1883 6393
922 2396
6695 1392
960 6550
8187 6856
6604 2970
8476 3931
6055 1617
1185 999
5847 5741
4599 451
8511 6008
2479 8269
168 1261
5544 9073
7169 1506
4942 4155
9580 1933
6114 5435
2690 4373
209 9657
3361 4967
5829 4832
4686 1901
1120 2325
603 3022
3716 6482
6294 7896
4485 346
114 256
276 9215
3271 216
1319 4168
4007 4580
1248 8924
8654 9158
4067 4693
5921 5384
8979 8217
8693 1820
5086 1652
4876 9763
9599 476
7020 6411
5719 8960
5165 6572
1399 4088
7501 1541
3859 7502
1424 5719
4996 5144
7104 4689
7039 6491
6621 2321
462 9260
3309 4245
2535 2586
5209 1125
5497 3556
8350 8055
5761 4285
1510 9547
7129 900
8051 3267
8673 5673
1762 2508
3123 6141
1038 4349
4463 9135
3863 8672
1671 6295
6499 7205
1323 9677
1745 3967
4203 705
2965 5275
7299 8866
5069 8796
7328 5654
1144 5123
8152 3679
7464 4163
1912 9255
3240 7455
9522 8060
288 4429
7538 595
2437 6410
1138 8200
5651 2275
2557 9702
8049 7025
8379 5652
9377 1430
5802 9961
157 3358
496 5925
8291 255
1389 3835
8043 8885
8644 6347
7886 4654
6645 120
4814 6089
5454 4297
2519 4481
8093 2031
3044 3643
8627 2414
7356 9614
2896 5327
2419 9548
3115 9551
2224 5755
9267 1193
7626 867
703 3848
1690 2694
7356 309
1723 429
601 8432
3176 4816
6463 8271
7627 4500
7950 8359
376 4008
3279 7158
9352 1163
5354 2250
7240 7921
2112 9052
9601 5408
8723 1549
74 7128
5219 1379
5993 1387
1602 2490
6671 4231
7344 5037
3457 5277
4048 3841
5741 3008
3421 1323
5862 5726
3720 7222
6141 4419
3664 3098
7091 409
6250 431
4017 7458
4951 5937
8547 769
7767 2095
6715 2392
3273 2391
7989 5408
8540 8506
9151 4912
3084 8695
1408 2676
5989 8561
5709 2449
3957 1477
6565 719
7068 8416
2714 4381
542 3520
2687 8371
9671 4563
2200 9561
5797 5000
5959 7177
550 6689
3420 8298
7563 9287
4738 1336
5535 4299
6931 2061
9386 9689
285 908
6048 866
2688 3471
6107 3009
9713 2361
4471 4234
5278 1451
3749 1998
11 8152
5461 4051
3705 4688
790 526
8602 1995
8488 7117
6338 7388
7911 9406
2567 6584
7151 3750
8174 1851
1120 3341
3569 7313
6903 6264
4436 3580
3894 9297
964 5455
2333 9298
2794 3765
9248 4575
4321 1681
8239 8131
8914 4114
5845 2332
9682 4497
7513 9608
9472 2967
2536 3694
2933 3732
9534 7147
2763 778
3205 2600
7979 2685
3906 7960
1157 9515
3519 8730
8069 7594
5996 5185
1647 8442
8529 8680
4242 9064
8656 5908
7949 180
6782 1287
761 9620
9455 3568
26 7306
7115 8655
8312 7188
8159 7565
8974 297
3704 7012
6019 9191
1301 9843
1931 2550
3909 7855
9304 7411
6512 5409
4766 595
5345 1548
4181 8474
6239 4866
6280 8386
2917 6875
3215 6738
5137 8622
6385 872
5407 5920
5415 9253
4664 6042
9337 3273
1770 4407
4400 6783
3250 9085
3581 1619
9461 8313
2983 4335
8111 1435
1621 7302
7895 2767
6368 9054
8214 831
2472 2774
1785 8037
3464 7312
9356 8922
9500 7787
8926 6880
54 3689
9999 6700
7357 6978
613 5584
866 9872
2081 2077
1357 9134
4249 5465
5538 7263
9919 5105
735 5194
6697 1377
2571 8785
5782 8504
3844 6177
684 2684
9517 1546
426 197
8189 5981
3096 6199
231 9105
8769 3799
2700 277
3399 6453
1513 8766
8760 5299
7185 643
1375 9823
5656 8911
9126 6881
77 2779
1947 5176
1707 1454
210 564
8308 4450
9987 6369
1820 1735
6199 9004
6045 9682
2114 5902
797 6977
8568 3019
9849 8626
4164 3830
6401 3651
5600 8353
5893 7375
8030 7468
8095 4345
7569 994
7504 7449
6814 6050
7521 7633
9713 2170
4784 6779
4178 2225
6072 9543
371 6197
8178 1117
354 2027
3284 4889
7380 4169
3513 537
7034 6610
8527 231
975 5523
8368 7774
8666 3032
6013 6548
3340 5114
7406 1724
1715 3600
4083 5849
4923 3209
5023 1254
1088 3362
6454 6682
8313 455
8471 2894
8625 4827
2777 8196
6906 9712
2907 923
4829 321
2457 6709
4646 2403
4931 4476
7057 2485
6142 5958
3935 563
1992 8913
4495 6537
4891 3416
2071 1693
5653 8353
9950 9315
7061 4924
2030 9993
5684 9569
3966 9806
3886 7290
9646 2480
7241 8558
148 7719
2061 1416
6452 4413
4800 7625
8334 4739
8174 4084
9264 9576
3604 4684
6776 5425
9988 8583
966 5468
2636 2569
8077 6705
960 6167
8231 8625
6065 3111
9024 1519
9793 5068
3121 6970
9370 7730
109 2325
4565 8941
3854 4170
9067 7246
295 6147
1437 2773
5003 8685
7958 5130
1102 6681
455 7654
5956 3809
5368 1824
3454 2377
6478 5645
5009 2317
1230 7639
3475 1690
4592 4090
7310 5129
236 3614
2757 7584
3189 4889
385 6141
8934 9217
5973 4685
8855 9551
5793 7855
2469 577
8922 8215
805 3039
8549 5628
5149 5149
8503 4943
4072 4851
3233 4443
1485 2644
5766 6448
6032 4117
7452 3038
192 623
7789 3338
7765 876
5269 8297
1506 1536
4719 2076
3908 9000
522 9615
3607 1896
5993 5430
2232 9248
9019 908
8003 3295
3 3525
5641 3467
8727 9581
1393 1442
1685 2084
9328 4517
394 2431
5152 1130
3506 9953
6610 952
1129 3458
8693 7110
8575 604
7605 4994
4481 8717
3754 7428
2570 8854
8891 4208
3341 6737
6969 4593
3949 7736
5667 8935
146 3827
9496 1891
3396 9895
1948 8140
3205 7414
4806 6992
6770 8468
4462 8316
1424 9163
3616 4335
2343 8743
6382 2382
5346 9891
9167 6555
8760 9786
6255 9450
8630 277
9682 6565
8200 9597
9354 3141
6599 4946
9374 9005
9483 8482
1219 5165
6039 9181
5020 9913
5103 7093
16 7032
4785 5992
7173 936
8854 6309
4517 3665
6158 8455
3741 1538
6579 3437
8672 4974
4389 5564
4934 677
8431 1661
9433 6521
6810 3644
5235 3458
2613 251
8330 1485
4597 1939
5233 2368
314 5218
5802 5963
6598 1402
499 294
451 6052
4506 8088
336 1316
7004 2661
8627 393
6058 3050
7231 157
7071 9956
8081 8609
5478 4061
2373 8504
8661 7909
3792 9763
7692 7303
7528 2121
6500 1375
5999 1205
1924 2212
5682 3703
6100 172
230 4951
764 9482
7697 4801
7510 1041
6349 6545
5352 4870
9692 3873
5105 338
2387 8066
8676 308
6608 7728
1232 1289
6972 6209
8624 3250
322 9296
7767 9518
8235 9938
4289 4858
2635 5587
8699 6840
1641 5431
8242 25
1209 5225
5505 3295
5769 4403
1943 3344
6203 6899
3819 2173
3087 2619
3896 7380
4625 6960
3523 1552
6324 1228
735 8809
2898 7858
4561 9023
3782 7953
4875 5647
3700 3120
9884 8336
6897 7118
3656 101
6088 4481
8472 8563
6066 5467
7949 2697
2038 6058
1088 607
8143 1119
6260 2824
8542 357
8190 7303
2090 5947
7049 7709
2558 2970
6267 6678
9629 8349
2227 5588
9085 7112
3033 3926
8327 6469
2337 1123
2134 4733
8611 211
9051 4746
7635 9400
8440 6833
6571 3013
1870 6786
1410 791
4214 8525
2142 5303
7493 4543
6424 8069
6065 5002
2949 9950
9196 1810
7128 4883
578 913
3071 6896
3917 414
127 6796
3822 9125
7325 7416
4660 3854
6462 255
3415 3044
6699 7176
2505 4360
797 8641
8836 1014
1962 6994
4745 3484
8631 2352
5776 2153
4508 884
3383 9336
3602 5066
2090 7639
6003 6523
3067 7011
2002 5952
9724 2374
6995 6843
7044 1057
5900 5764
2813 5280
7440 1008
4024 344
255 985
2209 5877
2720 2110
1509 7710
1284 6726
9491 3346
6508 6012
5070 2927
6495 5652
3730 2803
8176 8449
8998 1440
8757 3911
7352 3375
4898 8583
104 533
6468 3894
1996 2220
1240 1611
7365 4603
7838 3761
3506 2721
7057 9409
6756 7730
3966 9331
6521 7417
9669 4190
7926 841
1946 9499
8739 4252
1436 9469
4157 7000
7865 6241
8473 2159
5607 2943
5844 6510
5766 8034
6044 8138
4470 7468
244 3910
7321 1581
1630 5334
5339 1684
1276 3958
3755 9414
8443 5031
3174 9705
5098 6149
9484 2989
2211 7293
1814 6210
9613 8701
7570 4836
2560 4099
8516 9625
4084 5830
9235 9019
4797 9704
7504 9621
8699 8024
7201 4168
9850 8241
6742 7637
9235 5316
4040 139
4473 4051
7977 2503
4599 7258
7525 6705
766 1963
1635 7827
8720 6820
6434 5572
3799 7673
7786 8378
4919 5288
8508 1418
4506 7382
1243 5603
1319 1545
6646 9550
7220 1268
8331 6336
1569 9117
379 6738
757 2833
847 1523
3705 9907
6471 6283
3801 1955
1098 9729
2649 9504
1742 6103
8251 2918
3980 522
2912 308
3275 8452
5863 8829
1813 2304
9245 6057
6459 9335
8060 3704
1110 8823
6933 1155
3345 1051
2503 3156
6745 4666
4464 5911
522 7676
1626 652
5205 9302
3612 2543
9354 933
6009 3266
8298 7245
7925 9382
6723 8709
6230 6599
918 8349
579 3338
6875 6074
7189 3954
9579 6726
83 747
2002 1990
7183 5702
9719 5450
2194 2336
8192 1574
8035 6483
4743 4258
6049 3264
5327 6651
5858 8144
693 186
1069 3748
3596 8607
2404 3471
5502 6809
9965 3176
5339 5952
3781 1976
4908 1677
9346 302
7586 3203
7164 774
1630 7203
3394 4629
4815 4421
7191 9342
6300 8838
7807 1613
8589 7242
8973 5965
6537 320
6371 3500
4077 4605
432 2304
4913 6741
5110 2160
3079 1101
6592 3639
5324 2575
6018 7849
4983 8404
8057 1609
6686 9560
615 43
966 8328
3333 7703
4329 5411
37 6092
7044 4551
8549 5627
1544 1922
9953 7966
8262 2206
1382 2317
2081 7298
1717 8006
8367 9954
1549 8505
4689 8199
5850 8118
7123 7138
3122 3141
3046 24
962 9735
8539 4826
172 7771
4459 3833
7711 4114
8899 9614
3265 7875
7850 697
5877 213
506 298
8779 4480
1960 4468
8213 8864
9502 9916
6823 4086
5235 2180
9102 729
1503 204
5938 6012
8367 7201
758 6902
5479 667
2988 3994
3380 520
2702 4474
954 8369
3139 4894
8620 7701
3569 4072
1217 9168
7590 7979
7818 895
6313 1227
8101 751
3854 2664
1954 8001
1968 7048
7522 6517
4997 2141
4206 3635
7363 842
9421 2042
958 2566
5941 1282
8017 1977
2815 3255
4105 9709
943 6769
8325 2748
7261 7157
330 5652
4808 3704
8795 8847
4845 9523
6764 3734
8063 8639
4637 6319
3869 9076
703 7052
1522 7218
5151 7934
9066 2001
6457 7147
6013 8819
1635 1351
7944 8917
482 9141
9628 7720
6547 5294
2516 9784
3058 5638
803 992
1866 2259
515 8565
6562 2350
1180 7059
3373 4870
8668 7071
60 6950
9962 5304
2809 2655
9438 5860
505 4602
8731 3137
9000 5861
7764 8779
7845 6537
9772 7297
6914 468
5195 457
2266 4110
1157 4269
9714 2521
8908 9953
884 144
9221 1259
1064 5526
2968 1929
5084 7461
756 8157
6723 4477
3059 5713
2745 2397
3451 3823
9455 2413
678 8463
2416 7381
8039 2614
8970 9552
7253 9632
9747 2124
5444 183
6841 9571
9771 8131
9478 2752
8714 1487
226 5734
2037 184
9540 3960
5784 3816
8625 9022
605 1669
7691 7181
7911 1269
706 2344
1836 3464
6192 9411
356 4175
9869 5553
558 4658
5141 8262
1267 4897
5553 7841
3546 2105
229 9807
208 8597
6274 5033
2635 3894
6573 6864
2841 8357
7343 6820
8049 1803
5648 5703
4759 6497
1636 1720
4579 9655
3749 1026
5387 2878
3495 288
3132 4437
2990 8117
3672 1706
3846 4574
7468 3322
6718 7047
3959 320
6996 5264
5752 66
2846 452
6216 4128
2511 1102
5064 9103
11 8559
8406 665
1298 4999
4675 682
6513 5483
9094 4421
5896 364
2320 7204
5440 2839
2932 9557
5718 6195
1346 8116
600 8884
8136 3232
8646 4312
1272 8326
3753 3285
567 9407
895 5019
8032 6966
1376 9224
928 3354
8287 4494
1169 6907
4580 3834
7202 1826
3325 4641
1294 5281
3150 6835
6223 6303
1043 2591
7588 4290
6203 5980
4890 1924
5684 4278
1671 2159
5367 8478
2347 4134
1815 4119
9038 8527
2896 7047
6147 4044
8662 9918
3587 5119
1034 4334
681 1070
957 4880
5553 7112
8059 1732
2321 5886
2551 8971
6603 4772
3550 250
1529 4076
8573 1964
3042 2977
1907 2786
6829 9737
5731 6185
2951 8478
9010 8383
2663 1767
1819 5913
1422 4273
1892 4112
967 6965
7146 204
7556 4837
3937 4132
5861 8457
3381 5213
3654 5253
3375 2645
2600 3706
7538 6805
6637 7398
2589 5128
8661 3239
4256 4023
2742 9904
886 995
378 5549
47 6367
8917 9371
3618 5428
9185 3800
9468 5255
1173 9352
1496 2219
1458 507
2998 7894
6805 5499
9667 9805
5080 5563
2566 298
6515 1758
9521 9358
3910 5382
4585 5230
876 6588
617 3441
7108 6184
195 8325
8738 7780
7819 8780
4997 853
8133 2481
4751 6019
9995 4356
3091 8496
5739 3492
2836 9050
9999 5845
6700 1948
738 413
9816 8649
7954 1735
575 6050
103 843
464 3675
4483 2232
8085 8882
3474 6247
1994 2081
5644 3362
3284 8061
5572 55
1899 8722
1535 2787
1467 9281
4315 7197
2708 3533
1172 7415
2639 4252
5706 5074
2139 8174
6938 2992
9265 6406
7139 341
6570 9224
1804 1694
4705 7846
2015 7473
3437 3024
551 8900
7972 5936
4569 5089
8372 9294
7428 4056
2607 6994
507 2955
7877 5571
2355 9322
8627 8319
6822 9565
477 6448
24 5832
7461 9711
2039 4948
3101 7691
4529 3846
5394 7994
2039 6024
5795 1651
458 7531
1887 6683
1468 246
9782 295
4021 6626
1452 5967
4420 9463
9134 8887
3840 3390
2277 2680
1932 7172
6435 3620
8098 3445
1546 9061
6323 2254
2690 4771
6082 7885
2417 876
6451 5524
3528 4079
8563 2165
7312 5330
1016 4108
7179 8089
4023 338
8013 1633
6625 1476
1455 6417
3375 3532
140 442
7534 1787
133 336
5813 2373
