161
9971 3348
6564 8894
6466 9320
3434 341
292 4370
5953 9471
8027 7669
3141 1073
7421 3716
2866 1824
8465 8232
8633 4803
1191 6488
1855 1903
4808 9457
9846 2099
6293 6884
178 8256
9805 7912
4772 4504
9000 9538
7322 1605
8463 356
1534 2767
8042 111
5678 1836
9977 4040
668 5703
2115 8812
6585 2218
6319 3701
6185 6226
8979 5317
3739 4630
1688 3816
8324 5791
9808 2253
4573 3692
4851 6155
245 2939
127 2888
239 5262
3779 6039
8278 9983
5470 520
2270 2466
3879 2897
5649 6981
7331 6453
6617 5222
6569 8399
4509 3539
6226 4322
7126 8826
3487 5854
4458 9108
9745 9115
2183 726
4425 2494
5500 2267
2143 5285
7501 8723
3407 6658
3814 8328
7143 8843
614 3194
4001 9257
4810 3942
3358 6628
8877 3689
7928 6697
5959 507
1545 6716
32 9932
9716 1065
2020 3064
376 1338
1660 9112
5180 4766
4739 7309
4579 8601
3985 4535
4928 8442
7206 5238
2723 330
2963 6132
8408 1956
8404 1939
1431 8088
9847 2389
831 6849
6792 4202
2374 8898
3573 4584
3807 3280
9204 7781
6358 593
7272 8678
6624 6863
3058 7204
7732 7924
9073 3130
6211 2472
5981 5571
4322 7787
3138 8991
4484 3286
7819 9728
6353 5494
6094 8343
4590 6196
5159 7276
6824 4906
7718 1988
6800 1434
8762 5468
9865 7789
7847 8746
3357 632
7349 944
4789 1594
6222 9209
921 5536
9933 9074
6813 3043
7443 9206
5966 5943
1281 6551
7249 3960
6458 6988
7210 222
997 7141
8094 8036
4138 1387
140 6582
8956 2954
7319 2778
5789 4923
527 4291
7703 7286
8291 7764
9179 4456
7191 7225
9363 4990
2386 8290
82 3491
3528 3864
4856 3924
7820 6766
4477 4293
1371 41
4820 4590
3454 7178
3579 9930
3867 364
9099 480
376 6023
7402 959
5027 9661
2688 3769
514 2279
