985
4321 4746
3272 4125
9118 7173
5291 4745
8061 1445
8883 8297
5798 3530
9067 9975
2769 2168
2257 2927
7378 9905
8767 1510
3862 7218
4174 9672
7031 4784
3668 1276
7364 2008
3841 5793
1640 3227
7655 8820
665 3298
8415 3689
697 6639
3663 9153
3576 7912
174 5596
116 3642
3729 7284
7337 9546
6344 7961
3171 1017
6305 3125
5579 5764
2421 4874
1176 4125
1953 3624
8347 5735
147 7376
8523 9948
7712 9244
2812 1283
9952 2043
3550 7349
3570 2728
6807 8918
3838 759
2952 2955
1676 7530
92 2907
9306 7414
4428 6715
5770 3419
9058 4485
1121 2876
5137 2760
3414 7829
4213 7950
6695 6582
2212 8276
2740 9972
5621 2799
2682 2882
3774 2849
6845 3311
4851 1775
203 7375
9372 6842
4977 9263
2374 4835
1013 3788
8570 3901
8436 3983
3027 1461
5112 2981
5268 7011
8227 7708
4990 3060
5799 6250
9191 4707
7835 3143
3684 8714
7475 289
861 8996
1436 8436
355 4035
9043 9849
2167 4649
3729 8403
1414 7829
5710 7498
5421 9326
6546 3354
2510 771
4609 1236
5808 481
516 2233
6113 293
960 5255
5631 1668
6533 5956
326 4174
7374 8502
4577 5556
150 3608
1799 6222
5234 1200
5843 7182
9727 8144
2170 8018
619 2596
4660 1567
6970 6481
4097 6653
6061 7789
4932 1815
7124 6642
7288 3753
7053 319
3997 926
213 3675
296 5947
9472 7001
3103 203
6433 4915
4855 1991
9479 8573
4054 8032
661 1079
8418 189
7214 709
3518 7923
6628 3011
7435 6115
1516 118
2150 7190
9366 1566
3899 8905
9225 3095
6400 6095
7476 7115
6754 1050
7178 1982
2689 1101
3223 5301
9071 8300
1683 67
9870 7813
3294 6675
5982 1448
6558 8529
2133 9908
586 179
4223 4053
1080 3364
2537 1673
2652 6265
9630 8888
2693 181
2693 3548
8808 9152
4410 8269
7938 7877
811 878
6712 5656
9730 6065
325 8971
1032 6801
3997 8786
4834 8541
6057 4685
6443 9161
6235 7345
1661 4616
8348 7562
7550 7090
7618 8629
5782 215
7 205
1703 8941
8151 2855
2437 2816
2428 1771
9506 5685
6764 6604
5468 2608
40 6925
5391 3444
5377 3745
5795 4606
9790 5664
3300 6037
6931 9441
2308 4668
1323 8241
6138 3772
1768 2929
3646 8277
5670 8549
5523 3709
3400 6463
663 4350
2873 5364
5100 2386
3245 2882
3331 37
8475 6677
5412 2688
6801 6178
8693 7577
3960 9315
6711 688
5994 9205
586 4878
9928 5582
4844 5745
1390 418
3639 5149
3705 6450
1953 2011
3147 2175
2192 201
2358 6819
6960 7583
748 9757
7460 9532
7380 3692
5479 9356
1523 1258
7555 4255
8884 3700
764 6232
3095 4330
742 1713
2935 4368
4436 8674
2802 531
4666 5902
1021 7993
4766 3304
1448 3962
3311 6460
2619 5056
6586 9791
6746 2767
6312 2556
9829 9005
6068 8529
2522 5264
6376 9921
4332 5512
960 7342
4291 2891
9034 571
2082 9744
4773 376
6221 10000
4477 8210
9416 9070
877 9334
5820 1366
3268 1758
3762 2234
2376 538
5415 6530
9369 131
9522 3106
5001 5660
1369 4777
3174 590
3758 9094
8252 528
5063 9278
3398 6584
199 953
6857 7207
9507 5799
7464 6196
1066 7833
588 1651
7332 4256
9046 6497
3865 8506
7391 5007
6370 651
2194 2329
6319 6914
7323 5047
2524 2387
1368 6858
3707 4686
3788 4698
3616 6714
5343 8797
2061 2253
2545 3139
8392 7752
2313 4619
9497 4528
8996 8459
2318 1725
8630 5300
6983 2343
5907 7820
9704 7627
1923 8373
5538 9785
4608 7867
3208 2279
6225 6631
9671 311
6717 9828
8795 5963
5041 1109
9674 7405
4130 1421
1001 342
378 4304
7978 6597
7779 5098
5387 7859
9294 1833
4468 777
7937 4874
1292 546
2013 9730
9921 5282
7896 1588
2172 133
4383 5360
6027 9633
7238 1793
59 6984
1027 1824
9736 1765
4080 7860
6649 9407
2612 9975
7013 2617
6682 9378
3195 1437
7583 477
447 8327
7617 9579
7797 4214
1384 1354
7371 3354
8864 8490
7423 4035
2322 2400
1677 2947
3055 4152
2093 4300
8500 6496
6380 4543
846 1667
773 9502
3144 7545
6812 9709
2724 2854
6964 8960
8199 580
2425 4286
431 9704
320 2391
1234 2172
9502 9168
5907 6206
741 7773
4218 7259
951 7198
7982 9509
7817 3348
9346 4617
801 8261
480 1578
6643 4323
9148 3721
1375 7807
8338 7408
3332 2870
3842 707
4294 4278
131 7989
1514 6074
7211 2811
8528 556
6178 5870
7820 5784
7975 1561
154 3231
4901 5433
2150 4052
1730 3355
7886 7494
6786 919
8021 8801
7258 4304
5887 5276
7218 9697
2179 5798
6277 6270
2546 9153
7057 382
2254 4925
8925 6975
4983 9705
7162 1942
6439 8411
1170 8428
4873 9383
2853 4600
9814 8344
4377 3416
9507 4379
1851 628
297 1554
304 2576
3667 3207
7490 6076
71 3488
7084 1315
4715 7524
5186 5567
4253 4059
9819 1391
5775 6238
3694 6030
5449 7068
4032 1280
2945 7294
2299 3726
7313 7597
548 991
9831 7822
326 5163
4267 2115
2076 186
4194 8241
2626 1254
6838 6770
7792 1469
6462 9047
9004 7265
4576 3046
2481 4104
4302 9850
8410 3024
8596 9517
967 3677
8912 3544
7839 4762
1798 3500
5886 1915
7947 9275
5090 3407
3093 6139
4961 9724
2348 1795
7651 1861
972 3982
4076 7968
3595 9349
7491 122
3427 667
7181 5841
3631 3940
1260 1802
6231 722
9709 5996
9878 8992
8236 5137
6879 2709
7057 7266
9881 3061
4578 7124
2130 1290
1653 2040
1139 9046
2386 5786
6991 2226
401 9995
3637 6122
4198 3685
8436 1712
202 3859
7847 2292
2653 8248
3181 4138
4399 3786
6005 4073
5218 8229
4426 7997
4074 5668
3823 2222
8221 3100
3833 7757
4247 5601
8957 6616
1867 8877
1187 4065
3916 9029
8419 3337
9981 3925
3547 6420
9651 9815
2480 82
8257 4319
1033 1229
2011 7746
3756 4534
5079 1907
488 6029
7741 252
5847 6199
6259 9169
3349 5332
3288 7784
4703 4744
8501 2005
5092 2939
2180 2595
5141 7040
4906 4112
1817 4885
3427 581
5863 3965
3872 5488
8237 3495
3065 6177
8818 6933
1878 3294
2280 4437
4677 5680
5418 889
5382 1758
1624 2600
9322 2595
176 7895
2830 2319
5834 825
4150 2453
9211 7241
9706 5763
2557 8226
5835 119
824 2373
3574 7295
222 4012
4943 6432
6295 5929
7749 8272
4237 1819
1015 361
343 3702
3702 1974
1449 1480
2021 6051
4550 8147
9651 886
6628 9362
7067 3118
7471 7601
7536 400
2176 1403
430 250
9802 7128
3524 4792
9540 1118
4072 4081
6541 4067
9632 7958
105 9628
1984 5618
3031 5511
646 3959
698 4595
1024 9402
7896 8598
7605 6019
9601 5025
7640 6448
637 9333
5727 9314
7898 3648
9917 1358
3197 7537
5576 8197
9588 2646
8551 9762
5998 7177
8771 1779
5366 9760
6114 9843
9046 1991
8613 6280
4895 875
7268 3549
9855 6571
9786 2597
5091 8605
5899 5122
8722 8249
9923 3638
9754 8778
3000 8279
4690 4961
77 9352
1891 3689
9268 660
1817 935
9494 6880
6930 8287
1089 2095
848 9049
6687 6380
9218 6358
4257 3698
5946 7582
6463 1851
2040 7120
6600 5537
4681 4177
4744 3897
5349 334
3705 357
9300 5097
5257 8725
9800 4263
6537 1780
586 7926
1390 6894
1122 2510
132 168
3591 8055
3945 2707
7 1952
1642 7823
4404 7222
5343 2008
2727 7962
761 1607
6797 6432
289 3083
7559 9716
8756 5838
6154 8396
5246 2028
7935 4361
9428 1686
4782 4425
4370 7381
5058 9401
9541 1240
9072 7077
1987 4200
4491 5099
5643 5166
2892 5462
9430 3659
7821 5291
5468 7549
4752 961
9482 8950
3251 5857
4905 524
7389 942
9702 6290
8832 118
6552 5490
6061 2010
2478 8133
5953 58
5558 4846
2307 7545
1005 8363
567 9329
3164 3337
9080 9696
8690 4198
9011 3100
7615 8052
8795 6304
895 9398
7391 6596
6853 4031
3959 1986
7801 5280
8551 7023
5617 1437
2298 5176
6024 4326
5189 2623
751 2993
5810 723
9364 2243
774 1753
3732 2065
1953 9216
9923 2856
2905 4826
6987 9946
7313 5857
4493 686
3012 1328
9341 4043
1400 2987
7992 7497
7360 2217
7088 3940
5486 1540
8362 5208
9220 255
228 2944
6948 8392
4125 7313
6906 2623
594 4808
4754 5057
5101 2868
473 6086
6696 3399
3644 9671
2554 5174
1534 4206
3571 1177
203 7687
7532 2150
9401 6689
5463 9800
4536 8338
6506 2436
3565 629
191 7592
7784 6727
8240 4329
9657 1214
4673 6131
8713 1291
8364 5132
1404 6729
7034 190
5938 7934
2233 5383
9706 1367
7207 3683
6429 3898
2426 1607
5890 106
8621 1684
8052 4487
1681 5437
65 6827
7105 6384
7444 2745
2656 9414
5992 8093
1460 4119
4764 4095
7637 8734
6479 1289
6938 6281
4318 6975
3842 1891
3456 8953
4569 4715
4145 4143
2357 2938
13 88
2596 7151
7268 3850
9737 3687
7579 6411
9428 7724
5863 7092
7370 8037
6183 6276
9369 7147
1444 6647
5556 96
7459 2201
9220 5055
6209 5937
1895 2185
9606 3690
5352 5440
631 9012
9644 8231
7780 6413
1271 4075
6568 4541
3131 3083
7257 1734
3773 1139
6219 4617
5887 148
3447 3230
2246 4367
5571 6502
8230 9868
788 6682
2673 1954
6566 7300
4804 5418
2160 4830
2084 3010
5269 6459
8659 770
7555 5615
129 9445
2503 92
1071 4353
769 7998
14 714
3383 2592
6777 4602
8304 9489
5231 4016
1309 1094
5145 9503
6006 7762
8338 6917
6580 9094
4745 5883
9867 8557
2429 1715
4813 9084
559 5217
3507 4808
4233 4418
9576 7473
5232 7124
8561 751
6085 2187
6849 9828
293 6889
1109 4408
8754 7862
2074 357
4168 7161
4158 5590
67 5507
4154 799
543 7052
1459 9442
4807 8657
5578 6929
2665 4704
2199 247
6521 516
5940 9049
425 1778
7332 8868
426 4221
4015 6362
9770 1952
2958 5068
4568 8516
3452 463
5538 1650
6128 2956
4243 6068
4256 9311
7349 3101
9901 4975
1455 944
4140 9979
9047 3938
8871 5641
141 5653
2981 138
5517 9140
1147 1032
7996 6861
5137 6406
8916 8272
6796 5318
110 1234
6454 3326
8856 9661
3981 762
2233 7139
4775 4689
7071 9531
9603 3054
8806 5149
2100 8971
7210 4785
9626 598
5800 2199
8864 6638
4473 4681
4961 7934
2244 3040
3490 793
9112 3835
7234 7234
956 3397
252 3429
2669 8220
776 1283
6228 7095
1514 4371
1317 8033
4182 2711
1708 907
7651 6338
8295 9936
9687 1336
8381 767
1919 4188
7858 5828
549 626
9813 3676
4041 9196
9893 5727
5181 1691
9451 6837
6903 5162
6262 2906
9786 9790
2429 1968
3321 1231
2860 4258
8699 1512
3285 5589
2465 6281
6032 5558
9496 2313
8400 7039
1711 7678
8396 8195
2297 5202
5522 4012
9727 6231
6873 254
8169 6057
757 3063
6554 4134
8046 8139
5855 3038
9707 4749
7336 7341
5125 8946
4710 1856
9992 8708
4930 1475
125 3407
7095 1246
573 764
992 4184
1092 9197
6156 3419
4443 5594
1255 7281
834 5366
3682 1590
7319 8009
8165 169
5044 7498
2982 4662
5420 7268
4150 6808
9869 322
9546 3457
8300 495
6487 3565
1759 4773
6504 2798
2044 4157
5516 5808
8701 9544
597 2004
7712 2488
2773 5588
6519 9077
1886 9219
8703 9838
5122 3337
4313 3903
1442 7671
2037 1636
7162 2392
1410 1500
8351 4550
4791 930
