2000 4990
102 2000 19
76 1100 26
585 152 95
150 1832 32
1569 47 49
1273 780 95
1182 282 49
1677 375 3
927 54 93
1552 1038 11
1398 377 38
1515 729 58
139 352 44
1612 950 27
936 1961 81
1391 761 24
655 1088 62
610 549 19
713 853 65
408 1700 75
1780 93 25
209 121 36
377 1703 58
401 1739 48
276 462 39
192 1243 6
285 298 39
929 1384 50
886 869 94
1409 1641 25
155 148 84
37 1167 69
1949 1279 23
1660 490 79
201 979 22
856 226 61
1528 1410 53
871 1906 69
1640 1655 44
1617 254 31
1273 308 5
1141 32 24
579 553 60
1336 69 76
1932 79 11
95 377 57
572 870 41
1352 1369 66
1907 650 26
428 1927 77
140 689 91
654 96 30
569 1848 5
1537 1722 38
1002 784 80
410 293 29
414 1582 22
1113 41 41
1185 1990 96
1217 878 75
1464 345 25
1270 592 34
103 16 98
1437 689 10
1124 772 18
1867 1972 92
1479 1701 47
121 69 41
99 1416 96
222 766 17
1806 917 43
361 1937 30
85 1070 42
1127 1574 74
1944 1141 90
462 1429 9
175 571 60
735 1658 31
1294 1013 21
1071 422 61
1053 1615 21
1950 90 75
1814 1206 59
1001 446 41
821 1881 51
227 1668 32
233 394 87
919 1972 36
1983 192 5
1839 661 48
1947 74 77
419 1077 15
802 837 88
100 1365 57
1400 54 89
353 1355 96
895 1286 70
1297 1760 91
1682 1125 65
1446 1496 57
1912 1393 38
534 470 60
1776 1068 37
1723 899 43
1385 1984 4
1603 172 96
1511 1125 14
685 8 85
1495 1763 35
1262 1172 30
1452 1972 13
1514 73 63
649 365 11
1114 108 2
1969 1983 1
1294 1418 54
702 1517 88
1622 1444 83
1047 127 13
1440 1001 15
1290 1961 74
66 122 69
1695 669 88
242 1094 37
1083 864 5
1129 1609 6
1435 1308 39
774 1361 33
1016 1624 1
717 98 85
1106 399 70
1351 1750 16
647 839 50
1117 868 23
1626 1218 10
957 859 85
804 1376 66
625 1350 60
285 1699 54
1001 702 40
833 208 5
561 1328 17
1301 838 63
1905 1246 95
1585 1458 42
1169 313 58
469 874 92
1450 131 25
251 1142 64
1885 462 83
1161 358 92
995 562 53
638 1779 89
802 1218 14
86 1467 42
1504 697 50
480 1373 29
513 1644 18
1780 1576 39
1166 183 83
25 824 22
205 1148 27
1401 1669 32
1056 1729 67
1378 1985 34
1063 63 87
1724 1502 21
635 69 17
1565 1971 10
1418 508 97
52 1839 57
1611 1232 85
420 395 46
1280 1427 75
29 1487 26
592 402 78
1395 2000 63
474 968 95
376 1937 63
1213 447 85
791 1750 90
1052 1367 46
1003 574 79
299 631 19
77 1962 67
746 1621 49
345 125 92
270 1231 36
729 176 13
458 375 57
39 655 47
479 771 9
864 930 91
1736 374 51
1895 1204 85
33 1084 13
194 1612 53
534 1468 51
772 1236 25
1075 1136 1
669 1947 59
461 1976 14
76 558 88
477 1814 32
359 1432 9
701 502 57
1181 703 13
1597 777 67
1599 1004 21
694 528 81
197 418 68
1088 472 51
192 444 33
759 1411 55
317 1333 23
1434 423 84
360 150 14
536 509 67
1423 1549 65
1427 668 35
69 1611 27
61 677 54
176 1727 73
629 1689 54
1444 1986 12
750 1281 57
1839 159 78
382 545 36
964 942 78
86 689 71
811 74 39
427 294 20
475 26 91
1466 595 16
202 142 69
1647 644 42
1377 429 92
1149 922 86
805 967 2
1016 1667 23
1146 278 66
263 1557 23
1252 1244 4
69 480 43
477 644 87
716 1504 97
435 1796 8
130 1462 83
1973 1351 29
960 560 61
17 1614 25
1086 1982 40
1140 813 11
1745 445 64
1620 1222 11
1021 811 29
288 1640 76
1604 1413 7
734 128 10
499 266 56
1281 218 84
995 13 9
798 393 93
1347 344 96
1574 1996 60
1416 1509 53
878 1553 81
688 411 50
303 176 42
1181 1301 57
992 478 89
596 1277 19
159 893 78
745 390 13
844 285 40
1888 1956 7
1642 1104 39
1075 1229 12
1698 404 84
55 1449 22
372 1373 23
642 1440 64
233 200 12
324 1746 74
871 468 1
488 1214 87
311 51 4
340 949 52
726 377 44
161 1553 52
558 480 20
718 712 99
854 658 97
1133 1742 85
944 1721 14
535 380 43
874 148 20
449 79 63
1079 679 17
1664 1645 69
1906 1321 96
1243 146 31
778 758 41
771 1119 62
1116 358 51
650 201 85
1618 725 55
182 1312 9
825 1904 44
102 1921 20
952 1230 69
819 416 70
1224 137 78
711 1758 35
572 917 50
650 1007 37
2000 880 11
864 161 42
843 1892 66
484 1657 57
852 25 17
661 1113 3
1511 1290 74
1475 449 83
657 950 46
718 930 59
1841 808 80
304 1688 48
664 796 92
1152 1183 11
52 1956 2
1969 149 23
1132 1725 58
1197 740 58
830 1478 50
1820 524 52
1889 1264 10
136 884 51
1542 177 58
1171 183 38
153 942 70
1965 995 50
1394 36 56
178 768 8
1767 953 90
427 1483 24
353 1107 42
1011 1522 16
50 506 39
66 1805 97
956 1855 8
153 639 32
252 1665 70
451 964 92
1920 1740 38
602 103 10
1017 564 45
1833 1092 22
210 896 61
1702 48 56
1107 875 52
880 376 51
488 338 2
19 1813 34
1739 567 18
1613 1789 76
117 1201 52
1256 602 17
497 1715 23
208 1640 6
1945 273 46
370 1372 23
569 50 83
1016 1202 89
1952 500 94
21 1175 93
1972 1362 21
739 1280 4
345 1090 32
1573 1328 10
1530 529 21
1455 151 29
354 962 37
828 1752 47
1847 747 6
551 826 87
163 298 67
347 742 54
1218 414 35
261 1384 43
810 1628 65
783 829 53
1519 34 42
1902 568 8
771 1908 76
1944 1108 45
1093 866 44
300 1113 3
1505 568 67
334 739 94
632 259 14
854 526 59
1505 1144 60
812 1503 12
1588 1351 61
722 1469 97
835 1813 33
1417 816 35
1050 71 31
341 1828 46
79 1712 69
755 429 21
707 1723 81
187 228 83
1189 914 19
1259 1564 44
1226 1218 94
1509 1527 46
1855 934 76
182 342 26
1946 1141 54
976 791 62
717 1607 57
1586 139 44
429 1770 29
868 1897 7
803 395 38
1815 1124 2
521 956 15
1564 1265 23
1806 1719 3
1443 1518 7
222 678 43
67 1514 99
689 910 73
825 817 46
1876 1159 14
1957 797 6
827 1262 40
1591 29 19
600 1108 89
953 1434 89
832 852 87
653 651 68
261 282 73
736 1473 86
160 786 7
665 762 27
771 1816 1
924 282 23
1259 1116 66
1228 1467 79
25 349 97
753 1653 72
511 788 37
585 1183 54
1919 582 48
1930 586 29
1375 1771 82
289 1726 8
1975 263 18
1910 582 30
1846 810 38
1605 207 23
1702 465 36
70 1978 87
1150 1808 96
171 582 91
1700 411 71
1973 844 16
5 1720 90
1445 1451 24
898 600 94
404 82 32
1238 478 15
666 469 12
682 1123 28
374 620 91
874 1061 69
1707 355 18
579 538 20
749 1276 32
1244 36 37
1683 1809 76
157 1188 54
446 1676 83
1357 1368 68
1800 1294 34
685 1452 92
246 1816 13
517 1776 46
780 503 88
147 1478 64
343 1212 36
48 1297 81
382 292 20
522 477 40
1981 1264 67
1560 231 57
460 1156 45
585 448 8
968 1176 60
1714 646 45
621 1752 59
344 1559 28
1469 161 62
825 663 75
1207 24 38
378 721 5
1493 1558 18
869 1518 94
344 512 41
34 1231 78
206 392 17
1683 1 51
361 1798 16
803 780 45
849 811 89
1525 1282 51
827 276 40
1265 1291 39
85 792 76
1484 848 7
1588 686 55
145 804 10
1285 990 81
1147 1910 54
1106 280 23
69 17 61
838 1816 87
1585 869 44
393 1050 59
389 33 15
603 1621 34
1757 886 41
421 370 90
564 680 27
923 1238 27
699 721 90
864 1446 87
645 1323 97
155 1996 43
844 449 90
1892 139 2
1303 1435 83
374 85 61
1685 709 1
175 530 19
1273 513 64
874 924 2
1573 283 85
803 310 20
161 1020 75
912 158 91
946 243 70
689 1811 49
1130 780 69
953 519 36
1122 1549 68
651 408 78
1372 215 15
892 592 45
950 207 43
1432 856 80
1748 22 64
15 739 72
1242 1597 58
1015 1342 45
1310 105 15
1361 566 23
255 1181 24
1272 354 81
330 724 58
1033 1802 82
911 1854 75
1795 113 71
629 437 37
20 961 12
686 388 55
1298 299 53
228 49 62
297 1992 60
1277 1185 83
1196 1803 28
458 702 27
978 434 50
860 1574 3
996 899 74
387 1191 46
68 1279 82
1940 728 89
847 339 16
1473 1568 31
306 864 11
1192 470 6
1753 1208 82
1855 1551 38
250 490 22
795 335 59
775 1906 55
743 1172 69
1403 223 65
740 967 55
1311 403 66
1453 1946 50
1447 1921 97
1338 511 69
465 584 20
1000 1683 20
1036 1151 62
1569 1812 79
606 708 30
767 1541 65
270 820 39
1987 770 25
231 437 56
1517 1185 25
1361 202 69
230 1605 74
333 1184 38
1751 1194 2
1006 1016 12
414 1574 73
303 1772 91
181 1028 38
398 279 36
1527 40 63
111 1924 99
57 575 27
487 1199 64
1754 183 63
905 1879 11
240 731 78
382 386 98
1886 660 31
608 1764 38
624 385 70
477 1312 34
497 1809 11
886 1768 31
1154 548 39
822 1917 65
562 157 38
26 240 28
1065 500 18
704 141 86
427 845 50
1893 175 47
872 1717 2
967 862 96
1008 722 70
1588 1471 46
1124 591 49
578 1064 90
89 1143 32
1334 940 53
1305 665 61
749 1287 30
14 139 57
1247 1749 7
1202 1520 87
487 1693 60
1041 1746 81
162 918 58
1444 608 39
1618 1614 43
1816 1920 37
406 78 31
277 160 94
1323 193 17
232 173 78
79 1022 19
1174 906 61
1036 1375 56
222 1305 80
960 1491 55
187 660 49
1080 1344 75
322 1325 79
1532 448 58
863 986 30
1372 1307 40
392 1992 62
1856 1722 31
934 1563 34
621 1408 46
1531 773 70
27 1716 29
28 1079 73
1922 469 94
1863 1571 10
406 1735 61
1149 1485 61
224 879 73
829 1101 83
944 1113 84
1999 665 28
1277 917 5
1643 153 75
350 294 22
312 586 88
187 1212 23
27 652 24
875 1733 17
705 251 60
1597 1207 68
1228 1709 3
683 1149 13
137 832 68
13 1087 60
1385 616 56
624 1111 1
991 1933 86
276 694 34
874 294 95
1565 907 64
726 1396 82
1356 1252 18
431 1088 65
391 1387 1
1315 1437 62
555 1195 84
309 1376 1
353 1912 4
755 1892 29
330 1524 51
1273 1252 38
1078 408 61
231 1752 97
934 620 79
1073 998 61
384 1121 66
650 134 36
508 991 36
927 1920 75
1173 1905 99
1539 412 95
633 1296 85
1651 1586 49
843 169 89
335 1423 52
978 208 80
1370 1156 30
1204 653 39
534 815 81
1816 1588 76
998 1785 63
599 1501 26
1075 1223 73
1233 1472 44
380 972 79
48 741 10
127 27 16
1103 1057 19
951 61 16
79 243 42
423 520 16
947 137 42
1197 599 7
804 1883 6
1627 1616 57
922 230 97
1262 997 82
1640 1351 10
1161 76 44
867 306 77
1733 1072 69
366 1252 62
935 433 59
1171 705 39
904 1975 8
795 1016 77
1293 211 24
345 1290 43
527 234 35
38 457 11
1285 1403 40
499 43 44
1783 642 3
96 1306 45
917 1401 80
1172 961 9
1457 510 25
613 1577 80
1251 430 56
866 303 51
353 1964 33
1014 1514 28
1666 1424 98
916 1136 87
149 318 48
841 226 99
1320 1843 30
458 560 93
511 1863 95
1724 1458 96
120 1814 34
1922 702 33
1771 631 30
1952 747 35
158 852 81
876 607 11
339 1257 27
141 1138 87
1796 1624 94
536 1167 64
1913 1626 69
404 1837 33
1238 92 12
1113 1602 4
1239 1667 53
1181 708 49
582 510 90
1352 921 48
1971 24 43
1347 1168 47
813 1179 39
1567 1639 61
550 527 22
1296 1553 39
1829 1324 83
286 14 87
425 169 55
613 490 95
622 1005 82
252 1550 86
585 268 80
791 585 29
387 79 21
94 826 70
420 1520 41
856 989 69
720 1163 88
980 1453 73
1081 223 97
130 900 10
1205 96 36
1234 1730 99
727 335 4
862 739 20
1096 1213 87
559 1835 51
1417 490 68
757 1254 93
1716 69 84
859 221 21
73 101 54
855 1873 98
344 332 79
1475 1493 33
237 1921 95
1505 1185 57
1372 1783 40
1441 1897 91
937 1222 58
312 1214 15
1274 1228 89
697 1786 44
1526 1956 32
1617 1562 82
1599 1972 63
1949 885 83
1427 512 80
779 1024 10
951 1122 67
384 267 21
249 660 87
1893 1072 29
1121 874 43
363 1359 3
59 1374 34
1549 1166 61
206 139 85
754 1136 86
1887 1850 95
49 186 72
1551 336 77
126 1011 19
747 109 16
442 1696 82
113 138 95
936 856 98
681 987 3
1893 721 10
296 1562 50
467 1335 90
716 1255 56
1075 1294 22
313 714 51
98 1361 60
120 1413 86
1127 1203 49
563 333 2
410 19 92
975 1608 41
478 1568 42
1056 315 48
705 1081 83
1441 1460 97
72 78 38
1502 1852 11
449 1296 63
1627 1059 39
216 1490 99
1267 1327 60
490 681 69
395 28 96
495 801 83
774 901 81
1320 705 99
958 1923 19
157 1764 85
1368 1990 29
693 1262 46
1365 1572 4
1400 761 6
1502 76 87
591 1358 68
1519 1490 67
14 1045 55
1576 879 64
487 344 72
1542 940 10
723 551 47
634 847 46
1066 184 56
120 815 37
1049 373 69
1221 1667 38
891 1323 35
604 1610 29
530 844 84
1302 137 30
1184 868 96
658 1865 71
635 1418 35
683 386 29
701 63 13
1421 1080 9
1512 1285 28
1478 1481 72
867 116 95
796 1556 96
1221 135 9
685 1114 77
82 951 97
56 1231 22
302 951 5
556 514 95
692 35 6
1466 336 63
287 660 43
823 353 88
450 469 10
1936 1639 56
898 1831 46
294 889 13
202 1713 60
179 53 78
1669 1184 95
560 981 55
1344 1997 61
838 1608 14
1562 1062 14
1191 1328 25
1953 218 22
1507 874 28
295 1076 98
738 234 53
712 795 73
1129 1476 21
1209 1944 84
473 996 76
1658 799 70
183 1470 81
1400 1548 34
414 357 39
719 144 87
1674 1946 8
259 1558 46
1534 1154 46
1530 1516 59
1337 1089 47
19 778 29
1500 1086 69
630 1209 4
489 1609 51
755 478 20
1589 1822 3
1825 866 22
1612 713 47
1287 711 41
101 592 90
565 91 59
1560 759 43
183 1568 96
456 212 8
1796 1830 53
996 1392 84
1074 576 26
779 642 51
606 1785 92
1127 1070 44
134 85 39
1004 1558 71
1839 942 33
572 748 89
560 46 61
235 1218 26
1909 1930 60
1775 1636 84
874 1943 25
181 518 23
615 1116 3
1478 1977 8
1995 1734 23
354 442 48
700 1468 40
764 1941 46
1180 903 26
1071 1963 37
167 678 47
369 188 69
936 1122 89
1109 1040 43
1968 1807 30
945 701 1
84 855 68
306 1372 65
1261 1806 45
1540 1186 76
1980 142 57
1312 959 94
1891 1386 12
1057 1195 97
1956 976 56
1103 1929 55
1472 1303 37
1418 1842 68
257 537 89
1340 1000 23
56 1996 10
5 1310 61
1345 26 13
126 1777 26
777 521 45
420 1400 35
753 983 34
1408 1333 72
664 1681 22
979 325 16
640 1733 78
737 1763 96
362 1198 42
750 1312 32
1211 421 39
342 911 64
1062 1460 69
370 1546 78
677 154 68
145 786 97
1876 1026 10
1724 1175 99
394 1316 89
1387 1841 12
1101 1017 40
548 1527 97
1518 1097 70
1772 709 32
422 1798 28
1549 567 77
643 1282 93
1306 1810 67
1944 1074 51
823 1229 98
854 1790 4
1448 695 64
933 1336 64
1711 1107 79
278 1104 2
170 51 12
1113 561 79
1621 1328 82
995 2 87
1936 3 8
1598 111 63
108 756 47
752 1653 38
345 1123 17
1739 1252 18
592 1297 35
15 1031 32
1456 1960 84
1635 808 24
706 1394 90
1314 1164 74
1742 1841 54
20 229 18
1759 1564 14
268 216 98
1779 1546 79
1243 259 18
1341 539 29
1026 514 84
342 906 63
776 170 42
835 1587 48
636 158 17
781 1932 31
1570 1488 49
1974 971 27
1519 1850 28
737 1775 82
454 1094 3
1879 1712 34
214 1904 20
1383 581 69
1118 77 73
142 354 67
800 606 75
225 1827 83
792 452 37
628 604 22
179 777 9
302 1568 80
971 1289 92
492 10 65
1392 1764 97
1125 453 94
1547 124 41
729 1835 3
826 1401 82
527 741 49
1026 1362 55
535 843 99
551 1579 83
831 1054 80
1548 64 17
1170 391 14
1118 1475 73
69 424 15
1938 1088 78
1247 1031 35
1481 3 73
1644 1614 3
1808 121 95
320 1084 93
1783 886 28
23 183 59
859 1639 47
1846 66 16
1158 196 70
1141 440 57
167 1033 89
1946 717 24
1623 1066 85
1843 1635 60
236 1896 14
431 80 53
1654 1590 54
1007 1325 21
712 308 18
1529 202 55
62 1001 13
699 339 39
1253 207 23
1253 327 12
1960 1487 53
1932 1987 82
495 239 5
417 641 92
1441 1789 5
1610 798 52
1392 650 99
696 1499 11
337 31 90
121 1486 33
1011 1321 16
904 307 81
1930 1232 76
389 1826 7
952 906 39
1675 75 54
1640 181 9
57 560 9
836 1404 38
770 510 11
1340 866 62
1364 1077 12
1683 1274 12
873 1987 26
1030 78 72
741 1676 60
1793 1943 56
443 1803 98
543 1432 15
784 949 72
1883 1295 22
563 1113 96
1902 14 21
1823 428 60
1553 1963 96
1378 1555 70
1320 404 39
1655 283 57
434 704 69
1054 1067 75
1943 527 3
353 325 41
1695 1687 9
747 415 66
906 1056 82
1431 666 92
293 1838 84
1124 609 79
1460 1298 7
108 1129 83
1281 1160 35
958 756 2
451 664 66
565 1103 36
1916 1230 4
175 1832 93
1036 1441 40
630 140 1
153 552 26
133 1054 71
1227 1165 95
1874 1721 58
1332 1207 77
301 284 92
1172 881 22
914 196 39
834 1977 44
178 324 28
1321 1705 8
97 863 93
809 1550 17
1250 1057 87
940 1110 86
1346 515 25
471 1887 58
1241 1980 51
1375 1565 7
157 884 89
1105 412 13
1077 1122 9
1811 981 7
1081 152 52
263 746 54
776 1460 38
1340 1214 21
1635 882 44
667 794 77
519 209 11
409 6 79
512 1569 81
1594 1705 35
1458 1674 27
907 1478 85
472 1583 38
693 1760 53
534 537 25
825 435 58
1781 835 18
455 412 13
901 1794 54
467 351 12
977 1573 32
1884 1316 45
529 1967 14
128 1271 38
600 19 40
752 1777 8
460 1400 8
1675 1334 23
1620 941 60
1235 1045 16
1763 1279 94
80 1116 81
417 1394 15
753 1398 55
1635 521 85
51 1936 47
1892 1852 52
528 1146 89
1160 1509 33
851 904 79
1896 1981 14
1923 1525 12
1617 680 39
1434 1776 38
937 885 86
1213 1445 91
1862 1661 16
280 1457 76
580 158 88
718 576 47
122 1419 60
347 815 79
1434 38 99
254 285 30
117 825 27
1907 1374 74
1174 436 65
1525 1590 94
1999 1361 55
732 447 50
572 473 36
1955 974 24
831 1764 19
1070 904 94
761 1918 26
158 820 11
1943 1118 86
1074 1526 91
868 697 56
1344 1654 15
1311 261 41
512 700 11
483 283 83
728 1953 55
816 33 39
1442 1248 96
1903 1491 40
1274 379 70
1699 1223 14
1021 1118 43
1022 1641 67
1639 304 2
1344 627 14
785 1698 50
1096 1341 20
1458 681 63
1414 1281 6
479 28 8
665 1288 14
1371 1657 93
223 1437 14
1638 748 51
236 1048 71
815 1059 77
986 1247 30
1596 1592 89
886 1774 18
1473 476 70
322 1978 24
803 817 36
1308 1590 61
1030 1533 93
897 588 64
477 986 98
486 1349 36
1637 116 24
1978 425 96
1924 808 19
1316 930 33
1262 1668 45
1990 1959 33
1151 1798 86
272 840 15
1722 936 62
1379 1683 73
520 1772 52
260 1413 64
873 1348 64
1078 1188 82
181 33 97
330 120 17
1699 1602 88
1558 1801 65
1308 1898 40
882 1952 87
922 384 59
420 1014 96
258 1247 16
1408 1442 80
1351 1520 98
1103 381 78
1578 101 35
111 350 84
509 360 18
151 1479 34
116 172 33
771 1347 39
1043 513 30
1330 441 23
452 1961 21
335 545 39
1626 1583 84
215 910 41
75 1 97
1487 1030 68
1543 1580 9
1844 1383 97
458 478 33
1519 1365 97
1901 357 31
231 755 30
1569 961 32
1510 1498 64
192 1715 59
666 1624 67
617 1546 84
1567 576 85
1601 186 4
796 597 24
913 1271 89
1225 336 11
818 1415 77
699 1940 17
1812 1653 93
1290 1373 75
1325 1573 10
1129 1653 61
388 181 68
1674 1181 66
1799 1128 95
721 1053 26
73 824 21
1473 1841 82
440 1142 61
593 405 27
340 1418 51
347 220 91
965 1314 54
1981 1758 46
271 636 59
1546 1707 51
593 1541 75
1554 853 97
1791 1496 68
1539 1688 66
1853 1910 54
1071 848 97
407 1405 90
1963 1729 59
1818 772 6
261 1655 6
617 1584 48
1024 69 78
422 1538 10
1922 1720 70
1923 275 52
1242 830 21
343 1216 93
722 294 86
1934 1869 89
1050 1354 47
183 1162 42
417 1217 33
1176 858 26
77 1714 51
1502 279 61
682 1294 47
1403 1524 97
1424 29 67
232 1698 89
1689 1841 36
446 260 9
1553 1143 46
1422 1441 70
1903 1011 86
308 1260 43
310 748 66
819 1447 81
575 405 55
891 674 40
1561 1488 23
1776 471 71
1571 1315 92
1473 998 31
392 401 77
638 648 25
518 22 51
628 1938 27
725 1300 90
1262 1659 33
1025 1112 99
56 379 12
1900 1096 59
1307 986 55
1341 1590 89
1391 1422 39
601 1477 53
701 218 55
1650 875 57
1113 335 11
57 1244 78
1368 671 74
312 231 29
1070 1323 24
589 580 20
1074 280 10
401 416 54
1068 50 81
235 193 5
1717 511 18
473 694 26
94 1177 92
905 950 58
888 998 82
702 1044 17
1628 757 1
1393 1980 96
544 93 43
263 1367 56
816 800 61
1515 1640 71
1343 614 38
1906 1037 30
922 1966 47
222 284 52
1488 1533 31
874 1628 56
993 282 60
769 1773 20
1161 659 84
799 1981 25
844 406 16
1260 517 85
1351 1318 36
1034 1920 95
1197 1963 93
173 682 32
110 1941 84
514 839 26
826 413 46
161 1682 39
979 737 57
680 1328 41
816 1790 32
832 314 11
887 1709 27
1850 974 76
1054 705 21
1071 378 24
941 94 39
1174 740 34
290 1664 62
1691 423 33
1363 1409 17
369 433 8
648 1948 8
547 944 51
1014 520 19
437 1855 54
617 1525 27
254 491 47
484 53 39
758 603 72
740 231 58
1963 729 3
507 949 91
863 293 70
754 1095 19
1027 683 61
1104 1271 38
1514 710 62
813 113 54
1042 1419 57
1813 1742 40
884 330 94
1045 860 78
824 1903 32
1771 1460 4
958 873 87
457 1317 30
1363 1173 36
993 110 74
530 718 14
1500 581 49
369 1894 1
848 242 29
194 38 99
506 575 85
1406 1941 21
1195 1586 88
260 690 58
126 1209 19
351 258 67
1660 1344 26
1474 120 79
1604 78 96
1758 1272 63
1493 1403 70
1653 487 15
1316 1413 15
1024 1044 79
796 584 26
1724 928 4
688 117 5
999 1179 17
1462 606 30
1069 891 35
533 211 90
917 248 34
1173 1111 61
1977 1133 85
12 1373 90
498 184 59
4 584 80
1573 39 38
1396 1247 53
1696 604 51
1910 791 80
1925 1819 24
1348 209 57
1334 615 25
2000 1143 39
539 1108 9
542 868 98
248 990 14
935 667 73
808 1915 35
1399 1102 56
624 1279 31
1196 452 74
1396 803 17
996 897 28
1732 1476 36
163 953 94
1105 1219 89
894 828 8
1811 789 93
480 918 45
1228 526 18
990 895 55
602 1082 75
1352 1928 86
120 1926 90
1656 1041 65
1843 1488 96
1617 1148 15
1887 1706 21
1674 797 16
1019 159 22
905 993 74
606 1394 48
1103 170 26
1460 1296 48
1443 926 20
807 24 23
251 1717 49
879 572 27
919 1640 40
1365 584 60
1893 22 38
614 1300 13
1688 1757 13
1253 1600 60
1145 629 26
866 636 49
363 1406 10
221 685 58
1540 659 89
836 318 84
763 1624 49
550 614 71
1997 1521 57
636 1565 72
1232 101 49
206 839 36
443 340 97
492 1828 45
1514 160 96
107 427 40
402 1846 18
758 672 94
1268 1179 62
1375 807 61
695 915 2
624 1151 33
1494 1186 10
777 1962 41
90 1266 58
878 28 73
1389 507 85
1439 453 58
31 1802 52
1717 1573 83
1712 1132 63
1960 1048 66
1146 1145 54
1230 685 98
345 1873 5
844 853 89
1047 640 68
635 1891 15
1361 221 48
1333 745 4
918 221 7
324 1847 44
1718 444 56
934 1705 89
1089 1222 4
567 186 60
1889 1969 15
1338 1998 94
1177 1557 66
531 1705 63
1651 1714 78
681 1964 4
282 1497 28
649 133 96
617 629 8
1521 1409 35
1159 307 32
1625 933 45
162 1130 42
953 1949 16
202 1411 90
382 1595 3
1958 1604 96
105 1781 74
679 1011 51
1726 859 54
1098 1665 52
995 570 91
1293 385 47
1085 1374 80
1008 1689 11
290 1844 38
1923 663 25
1014 544 30
393 1631 75
1543 1317 97
1365 761 80
671 1386 90
1885 1166 16
1747 487 94
554 4 37
1472 1756 82
1527 424 34
374 1048 68
19 558 41
1019 1012 42
1461 1317 52
1990 386 50
1375 1072 80
889 1286 69
951 1817 81
1891 1500 28
1250 1670 11
1940 793 13
1488 413 11
1352 1796 68
1147 530 51
1272 658 82
1543 227 82
1829 1619 97
1469 211 74
318 252 33
669 883 69
768 1589 36
896 1171 68
1432 1480 35
1616 80 47
1004 242 18
807 37 98
1434 1917 93
652 604 61
1958 470 23
332 1131 88
1378 383 85
734 1797 50
1296 729 44
567 25 41
365 1908 10
723 843 35
1483 1889 97
321 1863 73
1831 1852 89
336 949 38
542 557 26
1177 919 48
892 466 13
741 1864 56
355 1346 28
910 1142 8
1227 1745 55
116 393 14
142 1848 23
1914 593 36
114 193 21
713 330 69
392 1060 79
848 771 44
1812 1442 69
1111 1529 59
496 900 34
1994 58 34
458 1784 36
1989 234 41
1652 1554 78
351 1917 98
1547 930 19
1987 877 11
1324 1557 88
1270 1177 56
314 1009 13
1310 1142 11
369 1335 92
732 349 2
982 1288 11
787 980 31
379 215 72
1592 1985 60
1820 744 93
1064 1097 14
1985 1768 97
877 562 47
1077 525 25
1589 133 47
1095 1859 47
1261 1370 1
1264 1592 64
1669 531 12
1778 1746 79
575 1002 49
662 259 51
1097 470 23
917 1476 17
992 1362 8
45 592 85
351 842 76
1995 1626 4
1362 539 96
760 1938 85
1816 1334 1
1393 871 19
1275 1877 22
1278 1491 87
528 892 99
322 1297 93
1000 133 68
1945 1349 95
1220 54 29
1458 729 71
1586 1679 78
79 604 74
1476 1609 23
1862 436 44
237 126 46
770 1715 68
1853 335 12
1233 879 78
1449 392 15
1264 196 7
1302 1532 11
1668 1083 59
1084 1432 49
603 24 53
1092 901 93
139 737 94
125 1915 92
1913 1481 39
1762 1320 1
190 1600 9
1529 1928 34
1686 1181 40
594 742 99
1488 1476 43
1934 95 28
1097 685 73
1774 254 18
411 389 56
715 958 38
1467 1984 7
541 1232 72
1313 340 90
1240 839 84
344 1371 66
803 294 69
411 1865 3
613 1359 79
1202 1379 56
507 1170 21
1145 1975 7
1969 1906 29
791 873 87
1709 1845 71
1498 1521 62
124 46 85
1031 1146 34
16 1598 32
358 569 60
1661 199 41
1953 1044 4
1375 1784 15
1624 215 75
116 1826 10
1107 807 71
1426 1246 1
456 1293 41
401 801 56
711 1794 48
1339 91 16
718 818 47
252 811 41
1093 288 49
1230 1919 77
679 315 41
1576 1640 19
606 467 53
1404 1584 23
1125 1706 88
256 1988 79
1931 1246 88
622 683 99
218 914 10
1068 523 19
627 318 96
59 141 87
1602 1472 95
1946 1117 60
1759 729 80
245 1288 18
1333 1718 67
1766 312 94
732 465 29
1610 1172 39
1434 838 33
1008 98 33
960 457 65
1724 1537 96
1469 86 58
303 382 86
333 1538 7
1943 249 40
968 99 42
336 1031 63
1336 221 1
1395 1376 79
1366 259 45
1807 1573 23
1188 496 31
1762 441 70
1751 658 20
983 376 44
856 538 13
1124 618 65
980 14 43
1008 1031 25
1352 272 95
1094 1474 46
1802 665 25
850 1184 96
628 1925 63
391 492 67
148 200 63
1043 959 71
36 612 19
1431 1318 21
1120 1494 16
978 1211 12
1147 1246 99
658 1311 17
1175 1275 76
893 460 2
371 947 33
1834 1182 88
392 837 66
1585 926 1
1765 1467 77
1645 717 44
1186 933 50
1913 739 44
696 1289 70
1010 1231 13
1384 1641 46
445 1658 43
1259 1947 38
555 1338 83
452 1066 3
345 231 92
1833 1119 82
489 508 53
362 1657 78
1875 1982 7
1416 358 41
1282 1194 75
1237 277 4
462 403 19
48 255 69
274 235 87
887 1813 62
535 1324 99
1076 1349 10
432 900 92
869 1115 39
1033 1020 14
395 681 41
1545 1527 4
1589 1289 80
916 1091 49
465 568 33
375 300 21
353 627 16
508 1452 50
182 1218 18
255 1908 59
862 780 93
1250 1851 57
1130 322 90
202 864 38
936 804 89
496 1886 69
966 787 90
1535 60 20
1207 1131 41
1138 191 13
124 119 15
1421 1787 73
1409 1841 72
1669 717 43
104 1256 36
1198 544 8
957 1920 41
224 1051 97
1399 1337 81
1083 258 78
258 1185 88
1169 293 35
1924 1668 74
1083 1820 40
394 402 55
1086 1409 23
1363 960 15
1962 346 82
222 264 74
240 357 44
441 1745 32
447 1307 70
1096 965 46
761 1942 46
587 243 94
1047 1225 98
1977 1773 92
417 352 56
1546 1392 58
447 138 48
1389 1101 68
1060 1645 95
1543 302 19
60 1476 80
1839 713 10
1933 1210 35
1666 945 15
1988 740 41
1943 1870 56
1437 467 39
787 1797 59
1052 440 84
483 1223 26
723 858 57
717 1788 86
870 1449 94
1884 1534 27
1974 502 50
686 975 67
1387 1001 85
904 1026 11
380 1065 60
1877 855 5
1331 611 83
1185 1013 13
1845 28 79
1838 1121 25
869 684 9
1507 650 22
1042 1064 62
819 1320 48
606 1897 72
496 1501 61
525 457 43
313 568 12
1429 363 47
1217 1368 21
1102 1395 96
416 1018 54
1124 1177 84
873 1861 63
158 1258 58
995 369 7
1079 1957 68
1838 875 47
1687 1397 74
1505 247 40
9 313 7
1435 1661 30
1185 816 48
1990 1687 37
1143 974 52
1236 250 56
384 1045 80
1950 195 61
479 775 84
230 1542 83
1496 1844 39
1043 1390 90
680 572 80
90 1634 63
1828 1846 3
1169 1557 45
541 819 95
1287 683 89
587 1725 54
1287 32 10
295 158 42
244 1360 87
404 388 2
1147 364 77
1626 1028 64
1793 1451 53
582 1779 8
1061 421 13
1064 951 24
1838 520 92
59 10 50
1180 648 65
1187 1008 89
1626 888 26
1278 126 6
1162 1035 53
1321 1981 23
984 934 12
124 1018 47
1402 1630 15
1982 1785 29
1347 1068 71
1431 1154 27
1570 732 22
1074 728 94
1360 515 46
1647 755 3
568 1034 35
510 1704 65
1799 388 85
1851 340 93
674 904 2
29 1394 81
157 832 32
716 441 89
1839 38 73
1173 512 88
1376 1969 91
1567 1622 68
1669 1601 36
1591 590 68
1936 797 3
778 1440 79
942 232 93
1767 888 17
1429 568 89
1773 1682 39
1834 1716 46
263 1198 29
1777 884 84
414 1824 16
115 1300 47
646 827 34
1629 958 49
1493 607 77
76 1089 52
1464 310 45
1904 1238 87
259 1478 2
1701 619 35
1222 589 13
1615 1863 32
1304 1843 53
704 629 48
452 1133 95
1747 285 88
1019 325 50
1975 1751 58
484 343 84
1924 885 39
807 1075 7
758 334 32
1010 1723 95
713 1177 97
1570 1646 53
1516 942 63
76 1956 75
295 890 67
1521 1754 62
116 1307 33
1840 27 95
783 975 28
1135 1826 59
519 246 56
1396 1559 41
1186 1678 96
1751 1094 46
460 622 88
1601 1549 7
234 1650 33
1014 847 11
957 1663 63
1539 1038 40
498 1276 85
781 1972 67
1868 1356 45
669 871 81
1111 1339 76
472 780 99
1828 223 40
1551 1954 84
995 1331 18
533 792 77
536 1192 87
800 1870 64
1277 1952 76
235 864 54
402 1957 91
1105 1978 35
1659 500 94
708 1933 30
347 426 49
1239 1342 17
1461 1483 41
1510 1638 91
59 785 66
692 1566 9
742 906 13
1644 966 81
1851 1913 93
1523 344 3
928 246 5
441 1242 35
76 1820 45
1042 941 96
1795 1334 6
1610 774 40
1282 876 97
1789 1589 82
1223 58 36
41 1453 45
876 1266 87
495 949 12
733 1624 73
1874 1700 10
1642 694 33
1307 53 35
984 484 80
327 830 26
1216 646 86
393 446 80
489 915 67
493 1331 70
947 231 33
1042 1174 26
398 1297 29
1223 1227 17
1797 1289 66
1640 966 20
1922 1230 97
1228 38 19
1401 30 4
652 1695 77
365 363 15
1656 1706 82
1344 1491 70
459 234 27
1334 1018 97
1588 30 52
887 1262 80
992 1754 96
1310 652 97
1629 1656 90
913 1687 9
334 1595 37
634 1221 47
36 94 8
1310 1391 94
1863 1891 37
1762 888 90
1805 1578 16
1020 812 21
1541 1383 38
989 1498 5
978 8 20
77 989 21
1034 541 98
1677 1885 25
651 762 49
567 1543 85
1886 797 51
1428 1228 85
94 363 19
1683 188 28
93 1705 20
970 1146 30
1696 762 1
446 718 89
1414 1217 88
892 446 84
457 1300 7
83 891 43
1873 1906 41
432 260 31
908 1136 67
42 282 70
1180 1160 33
461 1568 43
429 80 22
12 678 67
1122 324 85
1536 1693 21
394 937 54
665 773 89
878 552 65
910 1048 48
1447 22 39
466 1313 19
946 123 40
315 294 82
1628 296 9
249 729 7
1356 1561 62
1776 140 27
1276 777 85
1391 832 34
192 1861 99
1190 1414 41
2 128 83
90 957 36
1015 1083 89
106 180 93
1376 1195 28
1793 1458 30
1657 1593 82
1313 817 54
1529 1903 57
471 1805 41
424 1398 48
1926 1310 7
1718 498 65
1453 800 9
1269 57 61
190 867 21
1845 202 53
15 408 72
398 1527 70
78 649 9
575 972 42
1049 115 38
1041 619 45
1081 1641 41
1143 1855 78
1904 251 32
1415 1219 43
269 15 9
1306 1148 42
1756 678 55
1552 1048 72
1777 1201 53
479 791 95
1448 404 29
695 432 78
605 14 98
1230 1370 7
1891 1596 48
1640 828 44
804 750 83
959 1286 37
1332 282 50
1351 1284 40
1896 1263 66
889 449 80
1907 171 53
989 1717 64
1804 429 73
601 1979 65
1877 1009 37
696 1594 30
7 1944 48
69 842 44
247 370 94
1551 375 87
1461 593 92
1894 1541 39
1139 1470 53
804 941 21
978 1202 5
1639 588 94
1760 1178 13
676 1336 95
1923 193 63
557 1567 45
1363 1278 44
1473 928 51
1932 1086 94
1025 1003 96
510 1589 65
254 1497 34
362 1177 35
1343 1195 25
1015 212 84
1984 82 23
25 488 64
1821 1061 61
1741 1155 67
1860 905 93
1081 924 14
627 814 17
935 448 12
1728 156 20
726 1377 87
444 1906 11
1304 1458 55
520 890 85
104 324 53
1282 113 79
1750 30 35
1021 262 81
177 360 19
1745 1773 54
129 102 42
1388 1781 63
853 1426 69
64 785 9
1493 1442 66
1172 1838 54
1464 1184 16
1073 1753 91
1151 1896 25
1678 326 87
1545 1437 39
15 385 12
1740 672 12
767 536 45
1883 1875 80
1332 1080 75
1158 1000 23
1002 1695 94
133 1330 74
1534 1249 76
83 629 82
1524 1277 38
556 356 90
1541 241 22
1730 778 71
707 47 64
281 1648 60
260 817 69
682 1014 12
1447 511 3
907 1528 34
1764 221 9
584 1219 66
555 1781 73
408 426 83
530 146 2
31 113 29
1870 14 3
991 1491 85
221 505 34
951 636 79
196 111 42
1241 546 26
351 498 85
430 1135 72
836 129 16
1625 143 93
1542 981 5
680 130 44
1585 1037 81
1180 1910 57
200 310 25
1555 1458 21
1761 1356 61
279 1191 78
686 512 85
413 833 19
849 1114 61
1032 1466 91
1007 1414 1
288 1369 18
592 88 65
1174 75 37
1370 822 58
1011 834 86
296 70 77
187 1729 42
1037 757 64
13 245 95
403 1609 22
440 1430 82
1159 655 87
513 1940 30
1294 1840 6
1048 288 49
94 868 29
548 793 88
1477 55 80
1143 1145 99
1438 472 51
629 1450 50
1151 66 46
1839 1414 96
1328 1168 45
1236 989 37
1316 356 52
656 1047 46
996 1226 81
1142 1163 78
1494 673 38
266 190 97
1441 1439 11
1873 1985 43
265 293 98
1343 804 83
1592 1158 36
276 656 44
1690 1095 26
1166 1728 28
753 1362 54
227 468 60
1041 1952 58
1569 1943 73
1116 700 56
641 1669 40
1789 1639 29
178 985 18
335 138 33
1138 1575 14
1619 714 41
270 1953 6
207 183 72
377 874 10
655 1521 55
960 219 89
979 1437 5
601 1683 85
1439 1566 98
1149 1791 41
1284 1622 1
1636 539 35
968 366 73
893 16 10
1621 1815 8
1653 1383 86
952 1169 83
1775 1977 88
387 1972 60
1218 1386 46
1846 1590 93
1530 26 77
1292 1433 18
1385 420 1
1166 1120 39
1115 1298 60
252 793 17
572 1042 18
1380 1147 11
1116 101 50
1322 1494 78
1896 1488 31
1256 387 47
504 1838 35
1196 915 42
1347 498 25
1260 777 6
1831 646 55
307 719 52
389 1888 59
759 1364 18
1428 475 93
1394 109 11
88 1069 10
1527 749 12
1822 1888 43
1883 320 15
834 339 83
170 1921 70
38 1964 22
364 1718 2
1377 98 36
549 254 16
1940 1938 99
1839 1715 13
1170 131 53
1137 1666 66
1124 184 9
1671 1178 93
1905 1666 68
1808 1834 12
233 511 65
1706 1707 91
1185 245 12
1326 1909 33
1428 700 54
1126 920 15
984 929 86
409 927 2
1632 231 97
202 1398 1
147 1113 34
1563 1942 90
696 1301 30
1929 9 78
1875 240 8
574 591 50
1401 1468 79
425 323 2
1246 149 82
1442 1667 14
1523 652 75
770 1518 12
1556 10 67
1510 1874 19
1535 712 86
536 243 39
735 1637 7
442 46 49
1884 281 31
1465 1200 58
1685 781 93
1665 384 6
1309 1806 90
1818 17 89
591 1458 83
1713 485 13
1678 376 6
953 774 37
1737 46 70
449 1181 32
1004 1677 63
1034 1066 87
1128 81 35
1901 504 58
1625 1964 85
399 439 24
1872 833 99
1348 1244 45
528 60 22
138 716 79
1353 1941 69
1722 1163 6
1774 51 55
642 1654 43
121 1201 99
1617 1073 24
1364 488 71
1308 1658 15
487 1478 60
1365 766 69
9 1540 92
1565 595 20
1046 1943 75
1595 1993 47
1409 1421 48
128 158 11
1374 65 24
1258 735 19
1603 1873 6
1429 1048 75
1107 1470 18
1133 1874 88
796 682 20
1576 554 4
753 1911 12
606 1071 42
10 49 30
1221 1089 17
1457 1207 77
1961 59 83
313 1296 21
690 1673 10
1901 597 41
833 954 5
148 469 86
461 1040 6
1697 1002 46
932 166 12
998 1448 6
1199 1386 95
1525 601 53
93 318 19
822 1064 21
1943 1355 22
429 696 7
401 135 51
162 1538 12
1170 398 31
912 122 49
1132 59 95
1631 1991 48
680 1875 67
1675 827 17
1140 1501 77
1387 1434 81
1968 1758 43
61 1968 59
1741 1663 2
1740 1154 96
1779 1268 14
1504 539 73
1200 924 77
819 1308 34
680 1262 99
49 1586 39
1308 1370 69
896 1816 46
1332 1279 88
442 1757 94
1130 1251 55
570 233 56
820 264 31
991 717 97
1317 1281 1
1675 1112 37
910 1697 19
1471 1530 69
727 728 75
338 1550 9
850 1191 98
569 1062 69
229 1436 39
208 102 50
552 270 93
1311 1343 75
53 1258 18
1363 654 88
1943 232 30
717 187 26
1406 1036 18
1318 1908 85
1391 424 84
1612 1291 32
1935 390 3
1517 461 81
1636 1830 75
1310 593 24
395 88 98
28 601 54
1490 1470 48
1307 455 67
1136 1625 43
1531 1925 37
1982 761 7
1162 1990 24
137 528 28
1258 784 39
121 504 2
1713 404 64
305 686 18
1570 925 54
80 519 26
554 1534 15
1044 452 38
1761 384 98
1986 167 94
1144 1743 31
1332 1629 2
441 521 42
766 84 43
863 1112 21
1227 202 54
451 950 63
443 558 53
738 737 43
1740 1453 64
1882 1272 52
1283 122 39
1423 1048 75
25 724 88
1286 1348 39
601 826 64
1628 1714 36
1287 690 89
998 68 42
1829 1928 21
1683 1801 11
1891 1492 24
1488 1915 27
1344 1093 64
296 833 96
914 826 44
1586 391 66
613 59 90
1063 1845 22
349 498 32
1640 1764 65
1544 1614 77
394 942 64
212 682 80
216 159 1
63 606 12
1204 436 47
866 647 61
28 871 81
222 724 83
255 1772 86
689 1625 23
473 1873 93
851 821 17
161 458 37
877 1933 39
1997 619 97
1222 350 4
1958 1312 70
1378 1550 61
566 1273 55
1914 650 16
1346 379 25
1578 1562 31
1944 881 51
695 55 2
216 1177 3
184 1398 44
550 1136 97
218 117 58
1457 388 93
582 1119 26
1579 786 64
1358 219 90
455 1724 80
1556 1646 93
1853 187 18
336 945 95
1790 1542 4
807 1304 31
763 1870 65
1368 945 86
632 699 24
132 513 13
137 1149 22
1828 268 5
1784 568 84
1820 182 53
73 825 21
1842 413 89
1663 1736 1
1014 829 55
678 308 87
1064 1071 51
1587 1256 95
247 1670 33
1942 1729 52
1182 1685 94
873 701 47
112 1151 45
611 115 60
1115 1978 50
1539 1293 6
336 1632 6
163 1557 23
497 1731 25
702 1585 60
21 186 9
1485 1899 64
955 1836 86
208 701 65
173 42 83
676 35 49
625 1182 90
871 1889 35
1562 297 63
1335 1185 22
1181 277 64
1897 1690 5
111 797 1
1715 1652 44
1948 1342 98
1305 1499 85
1821 1903 86
601 938 16
1443 469 82
1514 85 45
1187 1625 74
786 1504 60
548 1042 85
1095 1644 42
197 209 70
139 1790 28
1711 1125 5
447 438 45
118 224 41
1731 1850 71
643 1962 68
1825 421 36
1541 1964 73
1022 1317 75
888 908 52
1519 1122 11
730 1056 63
865 1690 81
419 883 15
1717 173 16
316 491 18
1578 876 55
558 1364 53
1944 1652 67
1582 502 82
1526 1532 49
1603 1170 45
1101 53 45
1250 1566 35
564 524 95
597 1845 66
1469 1580 82
862 1563 87
894 1293 55
671 1360 49
1419 778 29
1454 879 77
150 190 34
1231 885 21
1209 1075 37
1851 943 32
949 158 29
1256 787 13
1257 1393 77
857 40 98
470 1015 20
1369 993 61
1993 1337 89
1303 1101 96
1068 901 86
1508 681 85
547 1484 26
1462 714 24
1199 143 68
193 463 23
408 628 11
952 699 29
1494 851 21
721 794 20
1834 292 88
1943 1794 67
1341 906 38
468 1638 34
1831 1532 73
1504 1544 84
1681 942 17
13 362 13
1575 1759 29
1403 5 13
1148 236 6
55 1404 47
1925 483 40
240 2000 39
311 710 8
1311 258 41
1793 1647 60
618 1685 46
1591 1519 58
752 1946 19
1224 578 63
1821 1375 87
1629 1289 17
348 203 49
1600 686 80
452 736 25
1375 363 80
91 1804 22
1656 1609 30
1598 730 52
234 1546 70
1760 415 57
43 1067 39
1956 1690 67
812 1729 63
1380 1694 58
1173 1152 4
1424 227 70
1137 1153 98
1380 358 63
1429 1127 45
255 697 2
1940 1644 53
98 1584 56
1858 1658 99
1663 228 11
1600 1603 98
591 920 16
248 555 71
637 1698 74
876 1116 48
147 36 68
56 711 11
905 1828 71
312 1672 14
741 1835 65
1015 446 24
780 1072 70
408 422 51
299 814 49
1907 585 1
1041 1327 42
841 1761 29
1242 1867 15
357 830 28
1218 1749 16
1342 732 15
1632 756 35
1957 922 3
430 1829 46
1260 387 72
352 8 1
912 754 15
606 956 32
649 1334 64
607 993 49
1781 1415 1
478 412 44
107 1276 46
296 1907 32
20 234 76
49 412 25
1213 1024 59
1689 1764 99
473 1576 55
1643 1680 56
1001 1809 66
1733 1302 79
1649 343 14
1613 522 9
257 1191 34
884 625 18
1515 1545 32
1410 1621 50
460 105 40
1851 1180 40
1804 114 93
189 1812 31
306 1178 62
1849 535 23
637 1271 75
1080 571 14
271 1510 47
1929 617 29
1811 1588 48
1796 109 97
716 430 73
1301 787 55
14 1809 18
1929 999 49
186 1452 79
1805 671 15
906 1591 90
1902 1486 72
1896 649 67
1830 439 38
1001 1072 94
1533 672 90
1484 1318 24
1159 1360 10
1764 979 25
1477 381 90
590 1834 66
1997 814 70
437 727 87
293 1148 16
109 135 8
86 1808 81
969 739 7
779 1866 83
1886 1073 56
200 1254 82
1724 789 96
1227 120 20
1986 875 12
1429 327 52
1871 1970 79
707 118 2
1137 1218 21
1276 1295 34
484 1606 27
1460 637 44
1624 1322 49
436 348 97
405 872 29
974 1935 3
1297 1824 42
1414 1054 74
598 1996 47
260 1202 63
1322 581 37
1295 1647 41
259 1181 24
225 1812 31
1855 1439 71
1614 923 30
1234 1148 73
1546 905 97
626 32 99
1974 864 24
1668 277 28
1694 1702 64
1624 265 69
1334 1808 6
304 1865 52
841 1743 10
1117 503 20
757 1694 9
362 861 85
997 1479 44
1844 1702 81
1058 1742 36
336 3 13
1753 152 42
1367 1058 49
622 1505 47
1478 1504 27
871 1482 92
784 125 99
599 1006 47
378 841 93
994 1238 16
1462 383 55
827 348 52
1128 939 72
166 609 64
1665 565 88
1422 414 55
1246 804 95
1809 1969 19
796 685 3
1995 37 84
637 22 49
1580 97 79
895 685 78
548 776 60
488 332 14
1027 847 37
1525 941 59
1974 1979 73
47 755 37
1182 823 11
1981 1729 10
774 568 76
918 1784 46
407 739 87
692 1253 18
389 1857 54
84 919 15
111 1824 93
444 120 88
1026 369 47
1528 1717 32
844 1562 66
319 747 6
575 271 96
823 546 50
375 1323 13
347 856 89
1476 1706 10
1793 1658 33
1653 87 36
1524 61 40
1456 108 60
1005 1098 26
44 822 11
360 1570 98
539 1795 42
1276 756 62
799 5 51
674 1101 70
1106 1247 78
230 1106 5
1434 540 22
1225 1792 78
1390 1129 63
1825 1365 37
1721 247 8
839 123 30
1262 188 45
1454 127 58
687 1033 59
1583 1962 14
1957 1910 26
240 762 49
1173 258 59
468 734 78
683 202 32
422 661 91
1482 272 86
128 1232 40
859 1385 54
1211 830 87
592 1004 36
424 1728 5
1484 472 29
1455 564 49
1996 586 46
1921 877 7
697 1545 55
1353 1343 89
423 408 63
181 1845 82
1545 1770 18
555 1340 42
960 220 8
972 1238 26
1966 1260 30
1950 1001 47
17 1805 88
1885 809 66
1117 699 89
1878 245 86
445 1282 51
511 420 84
1407 1337 15
865 458 7
1876 837 19
299 1958 96
315 471 54
1563 1037 94
1701 1039 86
223 865 47
1112 242 32
1077 1851 59
1690 970 31
370 638 11
998 1016 63
271 543 16
233 1143 3
1697 867 11
1265 1309 14
711 1395 7
1053 1256 83
1327 1418 41
1964 1696 30
2000 1791 81
426 1849 19
1807 78 97
1566 208 98
1957 1752 95
1898 1789 26
1280 105 80
1746 95 57
1921 439 20
1163 1049 22
1451 1734 73
1587 407 44
1197 290 11
943 1696 12
634 1665 45
668 1941 86
492 893 63
1304 291 61
1193 1807 62
55 1602 46
1654 1925 15
1560 888 59
1515 993 96
1034 430 23
1892 1335 61
989 780 68
269 572 81
419 347 91
1431 1002 74
1133 1324 24
1418 683 39
756 1974 3
745 227 67
1183 1641 62
1545 641 13
1150 1772 44
1736 518 53
1681 1578 29
893 1372 34
1728 1342 42
1490 146 35
1163 950 56
1543 177 1
497 1238 82
969 318 58
1429 1216 80
1659 1850 40
799 291 21
1849 1841 47
704 1413 48
564 512 30
1895 446 98
1449 220 77
1525 1841 91
1247 272 37
648 24 24
1418 1888 55
747 858 47
604 88 93
160 1215 77
153 1010 82
1423 1079 43
549 354 45
1058 771 61
1656 1280 77
121 245 34
461 1969 9
1545 572 85
309 391 52
1543 221 88
112 1984 44
497 149 96
422 372 4
124 1951 77
405 649 37
1754 1575 47
399 801 98
1393 1401 24
410 672 65
1281 38 57
1098 157 97
683 759 32
1869 712 95
1897 288 96
1883 1145 44
50 1506 46
1735 1129 76
1722 683 13
576 201 85
828 319 67
1018 1470 36
1736 419 64
616 1676 21
1236 1826 73
1686 1439 26
92 645 71
1811 1397 96
320 734 57
147 1891 44
1759 1362 65
1711 576 52
1104 808 6
6 1653 11
1846 1741 95
60 1987 21
1335 789 28
1546 434 48
103 10 31
18 905 84
1442 598 1
1133 1562 19
95 1644 46
1506 1209 49
1698 1576 31
1759 385 53
1701 1914 44
1132 1274 32
1432 1406 73
666 500 57
470 912 46
988 381 63
463 1132 56
1374 104 44
267 313 80
889 549 35
1794 1128 19
554 1110 99
1314 632 26
209 394 64
1582 119 36
32 69 62
288 467 63
1475 155 85
1821 420 20
664 1363 75
769 1087 89
1765 616 94
834 460 21
670 1424 1
1934 1046 43
1851 998 2
1952 1136 6
529 1120 69
554 1509 39
1633 592 33
36 279 16
869 1236 92
70 1221 74
349 1331 71
802 1025 17
849 101 99
194 1905 54
771 572 81
759 810 23
719 1473 56
1501 1222 8
59 904 18
1373 1260 54
208 1713 10
1984 924 99
394 940 35
1756 495 56
900 812 68
1635 52 35
1891 811 39
1438 234 46
284 109 80
1517 585 15
1100 700 18
1055 1861 20
1332 1990 17
800 1431 34
1421 1492 56
1962 1260 83
656 1906 27
822 1731 93
653 1494 99
147 1254 97
1049 1397 18
449 117 21
968 369 64
1306 1726 79
1791 1123 1
52 1970 57
1463 1825 59
1752 15 95
1694 416 41
1630 1427 79
1896 787 38
535 38 78
1647 550 81
1374 1276 66
1555 650 24
687 1502 63
21 1091 99
206 334 51
300 1501 69
248 1027 2
984 141 47
1515 1266 50
154 24 14
780 475 22
1314 1623 76
899 675 94
1047 1504 83
1842 1009 58
310 1974 83
1155 1826 38
1063 1311 92
371 147 99
791 455 59
878 489 3
1494 594 83
1735 1970 15
1054 1241 27
1231 372 59
1828 1310 14
1876 281 99
317 194 46
613 42 49
671 841 22
1829 1227 90
1712 1729 91
267 781 5
1014 204 97
1443 1834 76
1025 1001 46
1901 61 91
1223 674 31
1954 1891 55
336 170 94
1239 1375 27
902 833 31
694 860 80
1710 1331 21
2000 1138 80
116 1244 72
1938 575 28
542 1403 87
264 345 46
1713 639 75
1512 1854 28
115 1222 95
1852 857 56
998 1754 66
465 336 68
349 1154 85
1253 1543 26
426 1527 77
106 854 37
1674 591 76
1321 789 68
1895 1811 32
890 1349 29
1380 1195 55
750 888 17
270 1434 48
513 149 64
230 671 25
650 770 50
1127 1642 20
738 1318 82
281 48 23
603 125 81
1257 1129 58
762 879 54
567 521 37
160 703 3
1946 750 48
1290 720 89
1568 1000 61
1549 1266 79
1351 659 20
101 1738 68
503 1149 8
1233 769 98
444 143 4
1583 1489 82
1394 250 92
1373 865 62
1376 1705 41
439 619 30
176 1531 14
1766 1705 71
1294 165 95
1885 730 16
749 1994 81
1629 1861 48
380 804 66
1247 529 5
1774 487 5
352 885 61
1785 1005 12
695 1590 21
1830 1637 43
1545 1238 74
1764 1771 69
497 1063 66
1082 122 1
1578 743 41
1396 161 33
1875 1723 76
1489 317 59
947 1980 17
1891 958 41
1953 652 46
1073 742 35
551 437 40
1034 55 36
1858 26 49
1165 1702 18
180 702 13
207 1877 82
1169 705 5
1015 175 30
128 1537 31
888 1968 73
1000 1364 71
1604 196 59
230 1479 91
271 187 85
1176 1473 89
1947 1261 54
1417 1307 89
174 1969 63
237 1335 4
294 15 38
794 23 32
346 296 79
292 352 51
1004 1381 45
1446 1196 90
4 1361 55
87 668 60
1951 1392 65
747 1170 9
772 636 74
1613 1862 94
1584 992 90
340 1587 51
1475 1517 33
381 1996 91
1589 1084 19
1300 1517 87
870 1110 37
1841 386 94
748 1890 33
18 771 94
665 560 12
1292 710 11
359 1344 52
1670 1524 42
1101 334 5
1839 799 8
1238 1112 42
1553 1442 5
1463 1507 91
937 1212 6
18 1539 16
125 1898 45
611 1621 15
1514 1550 61
1455 117 82
451 784 69
1822 1297 31
1598 290 38
850 841 12
321 848 42
565 949 4
1017 1723 38
517 12 6
1691 1790 23
161 859 63
805 1718 4
798 802 52
270 450 20
76 306 81
1783 208 53
882 1071 66
1171 1362 55
260 1287 79
1550 1741 77
1829 1113 27
937 244 1
1076 937 63
970 251 84
1322 542 42
913 425 82
739 878 20
683 1301 57
34 603 93
711 456 65
1866 944 13
550 1789 29
683 938 42
291 1933 52
1000 640 75
1083 268 12
1665 1280 26
1209 627 81
372 1484 12
91 1812 49
1707 110 53
1497 948 29
1521 1675 36
749 248 71
877 831 88
1023 746 94
699 988 18
1211 716 18
1832 817 60
1433 517 17
1652 904 94
235 648 51
1373 997 79
756 98 31
564 1712 34
875 1243 21
969 1065 70
1707 1573 58
1749 1627 1
1925 1090 48
850 1596 71
209 978 71
110 721 81
724 20 98
1745 590 71
994 1019 3
471 1330 97
944 1077 71
1871 20 25
946 656 43
1291 70 45
693 1106 72
1102 558 20
1697 245 8
557 1517 23
1889 1423 70
1044 1646 51
1484 1272 49
1383 1306 5
649 634 3
956 1916 83
1094 1682 13
82 874 33
575 476 14
1653 1691 28
85 1360 36
1901 954 29
1384 398 98
1745 1207 61
1652 1576 78
1599 1472 70
218 541 31
311 167 21
1688 549 38
1826 412 93
1191 2 54
1883 1327 97
75 622 10
1968 1988 23
131 1557 77
376 1636 17
1512 434 29
849 599 80
1159 804 60
50 1447 60
1792 886 12
803 301 81
1873 452 1
847 678 51
386 1891 79
1448 1947 65
1540 735 10
828 353 63
1141 1297 79
352 1874 73
599 62 43
1260 1213 49
1496 888 18
803 719 95
1184 1725 4
1595 1603 49
1397 50 80
1382 383 82
672 424 41
1594 1067 80
1865 503 34
772 1013 15
410 112 82
65 1307 43
1903 1770 60
669 707 15
1793 1055 28
1111 1386 66
1176 501 13
1789 888 30
1516 1956 62
353 1418 86
104 220 27
33 1825 21
1935 1278 7
1830 201 88
1415 47 89
1495 430 50
80 364 88
722 12 65
1032 1257 6
834 1002 97
1139 1467 96
287 1754 42
273 639 90
1624 11 52
1775 133 98
1513 1654 18
449 1222 44
1633 1858 15
506 232 85
923 1140 47
1093 1946 51
316 670 68
1945 1481 38
1772 1562 17
1337 1923 95
1283 1372 30
1139 1636 90
1531 1174 42
434 1626 25
1190 892 19
1246 1941 45
558 360 10
1833 592 83
416 1854 13
1742 284 32
1321 453 30
708 1149 41
1268 436 44
812 62 45
333 901 97
260 1157 11
545 1028 18
871 1595 84
223 122 14
1868 1281 31
1586 1060 73
1418 1771 61
275 789 21
807 1493 91
1858 1835 63
1865 885 5
345 122 35
158 599 17
1624 1889 54
1740 471 66
1376 1166 37
973 987 30
1412 493 45
669 1582 67
1365 1649 51
447 79 1
76 1251 30
1828 1749 63
494 950 78
1831 975 21
96 328 94
116 1625 75
635 824 45
772 1419 77
1492 1907 89
67 873 56
478 1047 48
709 140 70
1793 1389 98
1174 1055 96
1733 989 82
538 97 23
1515 1183 78
411 512 14
103 230 48
1448 1068 52
455 1333 20
1034 878 15
1997 853 3
619 1787 20
1417 1245 12
1983 503 80
1676 1892 95
949 1165 72
639 721 34
296 680 98
1106 329 67
1473 24 90
1921 1205 86
1307 1091 39
463 461 28
418 226 78
1959 1668 69
686 37 38
1521 1809 38
370 1741 82
452 1391 87
830 943 19
1162 1699 64
1113 400 96
849 615 16
1503 89 32
1779 1820 90
137 989 65
1613 917 8
1575 1531 14
1192 1351 30
281 1594 43
855 896 74
1523 1760 28
433 1506 36
362 287 91
1446 173 37
1577 937 26
652 1105 90
1591 78 51
814 1466 3
790 692 68
1955 188 34
632 1933 35
1602 214 78
1443 1403 62
1533 1008 55
1006 404 17
1313 1295 78
694 1105 69
1770 523 16
1417 830 70
1165 1444 4
1659 1990 10
60 928 51
542 1819 18
1821 625 21
1722 1859 88
468 1514 70
1586 409 34
647 728 65
350 1093 34
613 1457 59
1214 335 56
383 1179 41
803 1028 30
1631 1487 63
1488 1548 75
1736 1597 65
1800 627 55
1271 231 48
121 1807 24
1160 1302 94
856 1750 16
1617 149 47
10 936 57
1514 231 36
162 1212 21
1982 1440 37
178 207 48
465 1786 62
1719 659 74
246 873 28
1049 1509 9
1480 800 20
1210 481 39
436 1773 29
1836 1132 62
1273 1070 10
1295 1199 89
734 1037 16
1121 312 33
604 1362 34
958 387 55
616 1615 89
781 448 73
256 1146 70
868 472 71
1021 957 4
338 1780 95
783 918 94
758 1943 42
1808 701 95
1618 249 32
1190 1630 65
1903 1031 79
660 1848 84
68 1649 59
1339 219 41
1450 1958 2
305 162 84
458 78 98
932 392 93
1681 553 92
292 55 61
114 86 14
1604 342 68
1761 1296 31
1480 1258 8
1996 39 7
905 799 59
658 784 54
1416 6 69
745 1100 45
1529 1544 30
1140 694 93
1819 1783 44
1760 624 46
538 1117 31
1838 207 58
657 1564 24
1386 901 62
1933 1896 87
439 531 41
92 138 59
387 1817 96
1741 876 74
1439 91 78
449 1971 22
1848 69 87
603 1960 85
1243 628 32
1334 1496 34
1846 109 36
1373 1898 46
1962 1219 29
887 1163 72
395 244 52
354 1050 31
794 1367 99
1353 1764 71
1595 1256 44
208 155 13
57 1817 99
1808 1374 78
1223 102 64
354 363 80
312 1588 34
957 1044 32
1286 1450 17
1006 1943 70
1592 203 38
930 1605 2
483 306 50
283 1457 88
1184 1851 57
1270 1752 32
1725 676 59
1517 1524 89
1924 297 49
1585 1254 93
1671 1379 65
1664 339 60
335 1385 68
1750 1975 93
138 1055 90
1970 368 9
1250 1358 38
237 146 38
1388 693 77
1859 878 1
1102 869 15
1199 799 42
266 189 80
1479 1247 53
587 1473 4
1361 620 41
99 484 17
1760 1538 39
1400 1813 65
1387 809 95
1063 1018 56
638 1024 12
1844 1955 72
949 1477 3
1529 1920 79
562 1736 47
340 1025 8
444 30 25
1184 1450 22
1186 1147 44
700 1535 44
49 1044 33
1166 1940 81
57 660 51
1157 1762 21
384 1411 20
1927 365 55
145 1856 57
1787 1136 56
1004 472 91
1861 1262 88
963 320 42
1104 311 51
1404 1068 65
153 816 7
1753 1657 43
648 264 46
839 1638 76
1427 1571 89
310 1438 6
561 150 51
831 28 96
1112 1982 15
176 1831 82
870 1808 48
1522 686 16
464 1725 86
783 340 95
473 940 39
1764 1273 91
106 252 28
1544 410 61
871 167 50
1838 211 62
898 679 6
626 1582 66
1960 686 56
868 957 38
1584 1620 62
1165 1251 90
656 665 67
725 346 10
377 1479 35
1044 486 39
278 165 8
693 1329 28
642 1902 29
1126 73 5
657 147 68
267 409 75
1610 433 92
762 1875 90
1093 1708 6
1498 960 9
1634 39 5
1787 687 78
1745 1767 91
20 1915 12
885 1773 87
229 1182 58
1173 625 56
1844 267 19
1768 912 58
1945 754 38
1795 565 62
1835 963 85
1547 1663 41
1157 880 50
1294 1755 99
1393 1011 35
1689 1427 19
1127 461 5
1329 198 39
299 694 20
1394 441 13
110 750 71
720 1822 74
1214 1596 66
796 1537 59
71 1360 47
1243 719 77
899 607 1
1704 1645 99
1346 154 49
1845 1417 11
834 623 6
825 819 73
1161 1397 92
214 1765 57
1967 450 4
1285 581 27
1392 834 31
123 814 66
1394 796 38
1939 14 64
1898 1155 82
95 1211 37
1020 1189 64
470 1893 6
1430 755 44
1839 203 93
1749 1411 34
890 1051 14
1933 1623 87
774 1722 89
1770 1264 60
1070 739 89
776 591 86
1800 1274 11
186 1894 54
916 274 87
1108 237 1
1710 162 56
907 549 95
878 1028 15
1514 1203 58
949 1303 7
1833 1267 20
1347 420 48
1720 387 99
1790 35 87
1926 878 63
1138 1060 16
1835 450 10
899 940 14
350 1166 33
841 1543 27
480 1237 84
797 999 18
235 708 96
1183 1202 5
1354 1812 15
1657 1362 6
1672 637 5
904 1331 54
1833 1673 43
1674 943 20
1495 1837 74
1529 1797 91
782 1979 62
1553 1519 69
1434 217 3
1687 961 32
848 68 67
1062 1929 54
485 549 97
516 349 50
542 160 16
1246 179 32
963 81 78
381 778 37
1909 805 19
1590 291 30
1067 735 65
3 1694 27
536 432 49
1560 1732 70
141 1335 47
1767 975 31
1201 1780 23
1870 1945 19
36 356 68
1385 1868 31
1606 1663 71
790 1386 29
449 1928 84
661 1372 22
1839 285 27
588 448 72
1452 586 60
1892 971 64
1687 1788 91
383 368 71
453 34 39
1172 1769 63
150 1021 33
217 327 37
1757 1815 75
464 1498 19
1227 1219 38
702 507 49
629 246 66
208 1326 97
1956 511 8
1336 396 27
348 342 63
158 1076 82
1999 1067 39
1800 1546 7
1436 632 45
1330 1088 56
1738 278 46
156 434 30
854 1169 79
1741 22 72
1065 1779 88
42 2 59
472 126 65
369 1149 3
73 757 51
601 1214 3
304 1138 58
1988 1139 60
325 1032 5
1978 214 96
1855 1461 7
1354 20 11
250 353 36
115 1717 24
1229 1763 77
880 1064 68
186 1866 91
1017 527 44
424 1406 84
1073 1726 38
1495 1325 69
178 1120 98
1955 1876 22
29 140 18
903 1647 16
454 1741 49
344 296 51
581 731 24
1586 300 88
558 817 12
1435 455 55
1576 504 44
1696 477 27
1402 97 83
1818 591 34
692 503 19
946 1288 76
1112 82 87
337 1585 46
1417 1483 64
1392 1104 58
311 1352 59
441 1650 65
976 1089 9
1579 762 20
1798 654 75
1538 1026 68
881 1336 1
76 1981 79
1841 1794 46
1439 484 34
1686 353 87
1775 39 86
1402 863 73
1422 1150 13
497 1797 54
210 1620 50
817 1570 4
184 1054 86
1159 109 71
1388 1237 34
52 159 1
387 1779 41
801 1280 88
424 408 82
403 1823 11
1605 1400 45
1852 240 68
1726 598 97
1520 831 25
1439 1443 49
792 1274 50
273 512 17
680 741 2
944 1775 64
1280 1072 17
536 71 48
14 23 90
1078 215 83
1706 304 63
1751 92 35
1776 185 31
163 28 92
291 435 6
1799 1473 45
883 264 84
1476 400 89
147 557 73
339 819 17
1021 1784 11
1007 1074 53
236 1599 73
272 1313 20
103 1804 65
1428 546 56
1685 444 98
1861 375 77
1478 621 27
395 811 19
298 1155 13
735 814 49
1212 1060 6
1931 881 53
416 553 28
1243 660 27
1940 877 38
668 755 3
1453 150 79
1917 297 47
466 303 47
868 1628 69
546 305 50
1470 457 83
1998 1861 52
948 1053 94
987 40 39
1786 694 23
423 1663 41
1164 997 79
241 944 6
1998 1466 86
1770 558 40
164 1271 1
842 1710 50
1178 82 49
1545 563 27
368 916 74
7 1816 75
1890 458 95
953 1866 29
1042 1464 65
411 1045 68
57 1121 78
1387 1161 18
1100 1876 43
9 1858 9
730 1257 55
1289 1747 94
1713 1573 47
1322 1962 10
182 948 33
248 1003 22
1594 140 46
535 499 43
263 927 43
597 438 17
1398 1565 90
863 244 13
580 818 75
1408 218 85
1477 1041 51
841 804 4
1998 1586 43
1089 1881 41
1345 1266 6
1791 994 4
1876 1478 35
131 348 86
560 1357 13
1056 994 78
187 803 85
1333 118 85
199 1033 2
159 327 21
683 131 69
39 733 77
193 1168 6
350 1199 43
831 1102 57
399 1340 79
148 133 81
237 1719 46
618 1071 26
1687 1571 81
1342 583 86
1498 700 26
603 1896 83
1808 629 28
812 1008 18
678 445 8
628 1892 2
863 938 99
162 734 45
1033 586 30
841 383 37
1082 990 18
939 911 95
103 1165 86
1930 1571 90
188 854 1
1607 1158 17
1521 662 69
921 1159 34
1935 1051 95
1200 1414 16
1731 1400 16
537 1477 8
808 1908 36
1383 1952 58
633 1146 50
1253 1922 3
438 768 30
1727 509 35
1933 1767 7
1083 1722 89
1480 1795 63
1644 1688 29
990 348 99
1492 852 97
1115 77 89
455 760 43
1386 1369 24
877 1931 45
1466 860 30
978 846 29
491 1523 45
789 437 52
1689 1201 29
1862 145 90
1693 1280 4
547 1194 76
1585 72 27
1899 419 31
792 316 80
1606 799 72
1799 1879 4
1536 1654 32
533 811 26
966 13 3
1727 1190 58
1516 1615 3
755 108 63
1078 1816 54
1489 1425 32
688 18 21
544 144 32
1970 1088 17
647 1054 89
1807 1398 75
1079 1520 37
1369 750 43
339 785 17
1082 1224 42
15 1908 65
1372 63 59
66 1272 60
1076 644 9
1144 45 98
497 154 82
357 206 2
1995 1236 6
249 1382 47
83 686 71
1102 866 4
264 757 83
1905 1822 79
955 749 13
1284 266 37
433 1221 20
1047 476 94
974 282 97
1475 592 12
1481 1299 1
1582 634 27
928 683 99
735 737 45
779 816 16
1475 1335 85
1923 44 93
1636 979 75
1806 1943 79
1241 976 62
1306 1556 32
231 515 30
931 1693 49
949 758 16
1758 1840 46
1589 1786 46
1465 832 27
366 1294 5
1265 1161 36
735 1114 78
662 96 60
27 1374 92
1520 933 18
1124 128 46
1407 1066 26
265 17 48
1406 1737 35
1984 1501 19
603 1609 57
345 512 39
1601 1623 85
1332 1681 70
332 897 97
1324 1300 64
1810 374 57
910 375 63
864 1360 60
633 236 95
734 65 73
1223 922 10
451 1117 51
80 343 13
1643 150 17
659 907 39
606 430 91
1200 428 34
1115 1897 45
1956 1444 46
1597 196 87
560 997 74
1449 287 26
1003 1209 81
1038 1295 64
1481 1398 61
1200 1304 80
892 171 37
1147 103 27
925 1929 17
177 480 76
1021 809 61
1291 940 40
232 1339 1
1217 675 86
1481 1716 92
754 1077 74
1355 751 13
21 1386 51
403 1174 98
1414 1821 39
1978 514 65
1947 117 35
391 472 91
1884 66 23
1096 104 9
869 958 95
905 1819 21
1228 1819 56
836 1425 25
988 96 91
408 782 42
1178 124 92
1219 392 94
1104 1835 74
635 790 19
959 253 46
584 1111 67
495 176 96
641 221 8
1162 1031 30
1719 1866 55
367 1941 50
1576 1674 9
98 962 53
1616 1505 22
414 1768 15
41 1326 48
1137 1198 24
1272 1224 57
566 860 64
49 20 45
906 489 77
1877 748 24
1326 395 79
1821 475 45
685 526 40
232 411 1
1168 461 75
49 1655 79
1716 1266 38
1348 960 83
921 1840 52
727 1358 92
1719 987 21
809 1352 26
1440 1011 82
1465 147 22
1791 907 52
1516 1792 74
449 763 84
1861 597 23
1028 1569 51
1394 302 58
1473 967 71
1983 866 43
784 383 52
15 969 70
1034 1056 74
1517 1500 2
709 1325 89
325 1950 47
1367 1385 71
264 228 87
1614 587 20
707 1625 78
1530 1290 43
850 1685 95
1385 1421 99
446 25 6
1299 930 42
483 913 6
1095 1879 17
195 1131 31
381 313 10
188 1170 41
738 911 14
419 382 31
756 1465 27
698 1295 44
339 660 59
127 521 93
1797 1379 68
363 422 79
180 1446 75
117 1638 10
1466 209 84
1766 1699 59
161 1537 59
234 1626 91
1505 1542 59
989 665 33
818 367 17
1381 1735 69
814 820 75
1975 1351 10
1955 1691 68
127 542 13
1761 872 11
283 989 77
118 214 39
1746 1884 23
552 1430 31
1191 1305 75
1806 1137 84
755 888 45
585 16 94
1821 1284 25
1646 694 59
1178 1535 32
1052 235 98
998 1823 80
934 1475 39
1507 1702 15
802 1287 96
1795 446 25
371 912 48
1558 1633 99
1038 1303 60
1014 956 67
1804 1243 63
252 1305 57
1664 1135 63
1363 1570 20
1669 1867 23
20 1944 53
1056 1931 37
180 821 86
1098 683 41
664 1309 75
76 630 61
1409 665 52
1452 910 68
309 1563 4
1674 530 97
1474 1978 51
1773 1638 21
1841 1818 55
1805 1820 65
627 95 11
1485 415 5
1254 537 78
1629 1219 9
1581 376 97
741 408 97
63 1041 90
145 491 43
1729 1742 22
1128 1797 44
1428 514 64
1490 1115 96
1169 515 36
817 1905 59
925 949 79
1695 934 80
1946 1976 36
764 15 29
517 804 76
92 609 89
1074 579 51
414 331 86
1238 1942 9
653 1653 30
1952 1157 11
1129 306 7
301 1544 36
192 842 19
624 1691 18
216 1370 16
15 1347 59
1952 1659 59
15 1941 78
821 1036 26
1487 1677 91
468 1442 71
556 929 32
1974 1496 98
1928 502 64
1872 1042 91
514 301 76
1878 362 55
1081 1070 82
307 1228 52
739 1380 23
1026 715 33
1634 318 93
1573 1970 36
1110 262 16
217 991 75
1178 1933 66
1864 394 82
1215 73 25
1660 839 47
1685 123 86
99 1299 97
472 1160 43
1886 190 72
455 971 79
1869 1134 98
880 985 30
1668 703 53
735 1034 33
14 1574 59
653 968 48
821 72 11
1402 1124 71
1715 908 50
1503 622 22
963 76 90
292 1322 6
272 74 43
446 1976 34
1915 988 16
674 1070 91
385 929 88
312 456 95
428 1264 61
1047 456 4
880 797 39
1287 1378 48
1607 1263 9
1870 413 62
156 759 37
415 1411 31
1092 1619 86
708 1899 28
1413 1564 4
1923 34 47
1301 1733 42
854 384 29
299 127 92
629 789 58
584 30 37
1533 201 26
1203 1571 67
1696 598 62
246 86 35
277 791 44
347 928 96
101 317 20
1241 845 49
1279 955 78
1826 360 70
979 538 96
1722 1917 46
1546 1798 35
1008 1115 80
93 660 39
1728 1368 39
661 1330 40
1827 215 4
1928 569 43
498 208 71
1761 538 12
49 903 44
1332 1951 27
325 146 89
1681 757 50
1531 1950 27
1926 1399 19
1283 1086 15
1810 1534 27
1553 757 44
754 867 43
96 1785 11
60 1750 15
1275 1265 59
1111 354 63
1407 307 10
192 1892 75
828 36 6
1781 1980 6
1449 1654 68
499 215 36
1124 1118 78
1941 477 80
1429 1351 43
903 831 11
1461 222 54
1081 965 81
594 1213 74
1729 1446 51
177 1236 81
1756 1242 41
1948 912 6
1086 1116 83
949 902 52
664 1153 62
538 692 52
89 1197 48
1270 526 48
1863 1383 81
1878 639 64
1462 440 96
900 1928 40
475 332 43
1584 1676 10
489 119 11
1450 1314 60
454 1409 54
1178 1 47
648 321 10
1959 744 22
455 1359 63
833 740 83
329 918 17
1842 727 41
544 357 76
232 1045 10
1087 1564 24
635 1259 68
199 1729 10
484 510 66
1460 1513 59
491 463 41
1850 914 38
142 317 23
441 1285 84
589 26 83
540 1929 55
1973 1174 37
531 1221 4
1158 1734 68
724 98 78
1224 429 22
1563 225 19
974 1135 51
1168 681 18
794 1799 73
445 280 23
41 1722 4
741 765 59
1703 1117 74
757 1069 93
1049 368 46
1159 1696 47
700 1476 75
614 1998 18
1529 159 98
1349 1728 9
948 1597 77
219 433 76
855 445 27
1545 496 24
284 918 12
174 553 37
907 1678 96
291 763 92
1638 554 51
597 544 26
897 1517 78
760 1225 1
1529 872 57
677 28 72
350 938 10
96 110 92
1252 1202 39
494 761 71
1547 1717 96
1068 1932 45
1241 355 79
53 795 77
1801 56 77
1143 735 81
1099 662 83
234 1020 59
1573 1939 5
1089 1730 60
698 15 68
1671 1634 97
178 171 33
239 1914 50
1967 1645 11
724 1111 18
621 756 29
204 612 28
650 616 89
514 1805 75
1632 1942 22
514 634 41
1865 940 83
507 460 28
632 919 50
1981 1258 13
1845 1327 6
1107 1731 95
1299 792 19
896 1070 32
1568 1090 4
245 1799 99
157 1195 71
582 423 65
1995 1353 47
222 1888 74
559 744 94
121 346 29
1943 1337 32
1043 886 71
372 600 94
1980 1863 41
760 1886 27
1289 1311 40
1622 375 40
1821 351 18
337 946 76
1942 467 18
367 1539 69
260 378 33
929 325 80
1764 1264 19
1608 286 89
32 576 7
1664 1028 87
1333 379 22
658 398 51
566 1900 14
1287 340 79
1596 496 7
1875 384 25
1784 567 92
165 277 60
1190 873 46
1906 1661 5
1571 63 46
1927 262 71
562 866 55
452 640 79
751 1013 11
129 1376 50
1620 1623 56
903 77 49
154 507 53
989 1887 45
370 1399 53
1566 1452 17
1511 433 84
1472 741 74
1602 566 12
1470 924 20
343 1180 61
435 969 33
1211 91 20
911 854 37
1154 25 57
1994 1378 67
1752 1661 93
1536 236 72
501 774 90
1760 184 8
1730 242 38
55 957 53
1818 1991 43
1891 1167 4
263 296 23
1331 28 89
802 371 94
1387 1163
