2000 2997
471 460 66
1246 876 28
208 511 74
1717 856 18
1228 911 84
109 1082 13
1487 1880 12
380 512 41
72 1734 39
1269 491 86
863 943 55
689 1554 38
212 495 7
340 1041 52
1036 1369 32
612 1490 74
183 486 1
1237 1384 74
1799 1885 85
1339 284 47
1575 1187 88
959 590 2
413 696 26
715 1767 14
851 268 63
373 1338 18
616 1101 38
583 1797 50
1485 267 70
537 577 69
949 683 36
1303 1213 40
566 962 84
117 872 32
974 1943 85
1837 313 57
372 1279 23
1901 915 2
59 1937 26
1281 1023 69
1406 87 19
1150 178 94
396 635 13
1238 1295 29
1459 35 54
1669 99 53
275 1491 14
695 1713 71
622 519 74
1520 1493 22
1443 1755 67
885 1838 1
1482 1944 71
101 1786 24
62 1348 59
1495 1221 23
513 1500 40
1056 625 26
358 164 97
611 618 85
434 1361 97
61 457 44
1 1071 87
139 1348 11
150 1445 88
1605 1318 9
194 1966 19
1159 1414 43
877 272 21
101 1081 84
104 1569 72
640 1307 26
99 1394 94
302 52 30
1620 1862 7
930 802 20
1695 818 84
790 1330 25
1088 100 97
1035 1657 67
934 902 15
1455 775 33
1206 1849 81
1172 944 46
222 1762 96
1615 821 73
1534 880 77
586 1023 95
1954 1118 87
948 952 7
468 1936 25
161 1662 1
271 857 10
1677 1576 89
316 1184 44
1760 1115 23
1216 771 43
621 430 41
312 1637 86
1409 529 44
701 457 76
712 1424 48
1677 547 30
237 1467 36
597 221 58
298 1634 63
1323 30 73
643 1413 99
798 1611 12
366 381 56
1229 982 39
592 1393 35
839 1442 69
369 504 88
1645 1699 34
1724 1554 21
832 1161 28
1218 496 10
1668 11 7
431 1180 25
128 353 76
639 1521 35
262 632 96
490 1425 49
1213 924 26
72 1400 50
196 1727 31
276 1155 51
31 72 24
981 48 93
957 405 19
423 762 63
1436 1132 34
1716 1410 55
1659 275 84
556 875 40
1235 379 61
1206 1007 84
163 258 20
428 1259 20
274 50 59
894 1399 3
117 269 88
1206 472 8
1855 1155 30
475 1894 20
1173 661 74
1434 1406 98
1511 986 81
572 1538 55
1317 578 29
1806 505 39
1596 1682 42
779 1790 22
584 1407 45
361 776 49
1725 706 85
1422 1573 98
417 35 30
1290 1014 80
451 1887 86
1378 1914 80
1075 1750 99
511 1198 11
416 1432 7
1750 1872 76
1837 1914 40
321 326 63
12 1786 29
237 1298 91
57 780 95
727 1846 89
1332 1533 9
661 39 62
13 964 67
1701 1048 51
507 1510 40
1574 1483 88
606 54 4
987 831 24
509 351 51
880 1546 9
448 1290 24
409 552 84
919 1695 20
1087 1415 68
709 1796 79
438 625 82
1762 1167 76
394 759 67
1593 1190 54
13 1489 64
1145 223 1
1835 248 73
542 484 72
1504 1188 38
953 1541 93
172 516 13
935 1093 10
1106 954 77
984 1912 56
759 454 37
184 1319 93
1933 1920 50
47 787 60
1655 725 58
1314 1532 88
1181 559 11
276 1777 49
410 1459 65
714 451 84
1102 31 41
787 512 62
1045 1818 91
271 20 20
387 1485 19
243 1721 51
239 809 94
804 1859 73
807 1108 51
393 1016 64
1548 1986 12
1442 784 13
723 1522 23
1615 864 54
562 498 42
893 127 56
188 183 64
683 798 52
446 815 58
1165 375 40
1160 914 73
544 622 8
552 5 76
1722 1545 73
1573 1090 62
186 1447 40
1108 559 76
394 1119 90
455 1336 86
646 1231 80
285 98 68
1428 1985 47
666 905 45
575 1730 88
349 1194 30
780 870 85
1657 1768 72
1126 336 14
1243 1156 71
140 432 8
244 1180 73
121 1045 24
894 760 50
205 1440 17
560 572 45
1683 293 28
862 1918 44
1937 89 33
2 179 10
915 1505 81
1929 1682 95
1678 1092 19
648 672 2
1499 1125 97
20 456 35
1769 1916 92
846 870 87
821 1126 7
375 1836 12
867 331 26
1938 849 42
1847 1647 96
429 534 95
969 1705 74
647 1343 50
738 1713 31
594 186 1
624 1241 95
1705 1877 5
1363 176 21
325 1479 23
1136 1269 32
970 9 10
1292 763 84
695 1337 68
69 627 45
383 280 36
882 786 97
1359 1543 77
582 1665 67
266 625 84
832 567 81
916 1126 19
1618 1107 17
823 1658 59
194 857 21
265 609 13
681 378 59
1662 1015 83
1686 291 31
282 1210 20
1569 1476 45
111 1146 85
1738 1442 87
1850 1776 80
1256 925 38
483 702 34
832 1940 32
555 1930 94
1012 1993 91
74 797 79
1359 336 83
529 944 81
271 1403 96
978 1322 31
723 1417 67
863 715 60
1741 1595 93
1227 773 68
1704 595 57
459 1716 78
86 1826 9
103 1791 4
1204 451 18
986 1612 6
529 526 4
1150 1660 78
760 1627 24
797 1293 81
1219 1542 65
32 1306 11
68 1899 3
510 639 20
750 1963 24
879 1018 4
916 1761 97
1872 1302 85
1172 1383 88
1188 434 3
233 577 33
1379 264 35
324 1613 39
59 371 73
620 26 74
32 1832 26
972 1096 30
1411 815 67
1613 123 30
464 1252 66
1746 719 6
32 2000 87
896 733 72
1110 291 33
1086 238 83
1416 98 68
115 755 62
1697 520 61
312 1861 31
1342 1128 5
1938 1559 41
723 556 74
1380 53 15
91 786 39
6 1417 81
761 491 67
936 1198 28
1046 1998 62
1609 842 1
836 1068 87
951 1991 69
1856 570 28
1538 1044 79
1739 187 58
1904 1351 81
964 609 2
1511 252 59
1488 1165 25
1959 1515 65
1996 558 4
1619 1639 21
175 1326 61
114 963 72
322 1040 40
1343 740 28
588 896 32
553 947 24
310 1944 15
467 386 52
1097 422 2
402 484 53
131 1983 48
1464 815 39
245 1437 81
407 1500 87
756 642 49
1562 1325 11
617 722 35
1423 1169 44
1155 831 62
895 1751 42
1327 862 42
1960 1917 23
1352 517 34
1069 962 66
928 1319 79
635 705 58
798 1304 72
90 1092 42
1996 1991 32
606 442 70
512 522 15
547 831 29
1447 995 45
283 1623 48
373 1432 30
1793 1648 47
276 1488 90
524 343 3
723 149 43
1014 601 93
671 1953 70
439 809 96
581 1515 15
1555 1530 21
1219 826 53
400 1714 19
706 1739 23
487 1947 10
1871 1932 75
934 118 28
570 208 7
1561 1062 61
706 1053 18
435 1285 58
1268 1884 95
1994 539 48
573 356 95
1496 863 82
10 977 45
739 362 10
813 290 61
1037 349 40
965 330 36
1465 1753 12
783 511 17
100 677 86
1417 21 61
1925 94 27
1210 89 28
92 1580 91
276 731 4
279 350 59
1079 1532 41
816 1042 8
1101 1633 61
1820 900 37
531 81 7
344 1333 24
210 1235 87
611 1929 1
1738 688 61
402 1370 85
1450 1904 93
768 1426 4
423 1295 40
1496 317 57
508 1537 94
1532 487 43
540 1514 25
499 1751 67
1986 1420 61
780 1706 13
540 136 49
326 767 29
403 785 53
460 292 58
409 1406 8
740 646 35
937 57 12
1119 538 30
337 150 30
784 1156 86
831 1899 10
508 825 66
1143 1979 69
1647 1162 12
622 1971 3
1444 512 29
886 1696 76
1857 414 28
537 342 78
1264 1898 15
160 1673 18
927 1285 72
1411 418 92
132 1905 21
1463 1181 8
499 812 59
1150 609 15
1142 269 85
1247 352 53
478 1631 76
1677 417 56
587 1012 94
1728 1520 78
416 1678 18
1581 1841 92
1721 1371 83
852 1066 73
1202 1906 73
642 826 54
1601 1028 15
201 1426 10
659 75 6
703 296 41
624 1159 77
1763 987 27
275 1414 2
626 1926 40
76 549 95
71 1420 84
909 1482 36
1463 455 53
1364 1928 15
449 612 82
1127 1626 27
460 1515 35
1846 1107 1
1185 1659 2
1749 1371 67
863 498 56
115 1751 9
1076 1304 47
443 1970 57
779 1993 20
302 900 48
979 279 76
1811 215 31
744 700 91
585 1399 42
1635 1396 84
976 1290 83
1503 646 88
751 1962 63
813 1542 51
1011 1692 28
1855 1203 92
520 1509 17
26 901 31
1129 147 47
810 864 33
719 92 34
981 966 81
950 1856 14
1804 1324 26
264 704 26
1720 1920 54
1699 103 16
1196 308 88
1745 236 33
1886 1354 85
601 1619 71
666 1815 6
971 1578 44
1513 735 92
795 1660 85
1949 1932 82
78 383 71
1462 869 5
625 145 59
1947 55 53
1317 395 65
1685 1138 11
1647 314 20
1264 882 28
507 298 10
1636 34 56
1097 797 82
1136 1198 40
381 1161 37
157 588 97
1413 876 79
1383 196 30
357 680 18
854 73 13
883 1459 3
102 609 16
1110 440 30
226 1877 78
84 1122 22
1517 1839 91
1364 1931 7
133 464 73
143 981 67
365 427 21
1112 1998 20
659 967 30
212 1289 36
713 621 94
1616 87 5
1307 337 52
1229 57 9
1228 1303 40
181 700 13
1018 1344 64
1671 1468 43
626 313 30
763 22 98
1606 331 54
1135 245 9
237 1074 2
750 1195 66
422 1512 21
155 71 30
41 786 58
1012 1978 9
1038 1626 30
673 822 70
1765 1817 51
1678 971 40
1436 1171 13
1650 396 30
344 957 98
1650 552 88
251 739 44
1777 1383 51
646 1930 28
815 70 8
56 1943 84
1648 1402 81
1187 1911 23
835 1648 30
260 1687 9
276 1929 43
1139 858 64
1111 375 58
1233 326 88
1694 1991 18
882 358 21
249 1763 46
1768 1631 58
1448 1385 3
880 807 68
413 97 16
622 496 24
921 1762 68
1039 1534 22
1560 1440 34
1347 1670 44
1547 879 38
1382 1001 57
63 1896 18
1781 1618 14
383 1067 82
1212 1860 9
916 667 61
1787 671 68
1706 1451 17
1602 738 19
10 1517 80
323 970 83
1503 113 94
675 1262 22
1386 320 15
446 608 1
319 461 52
1017 1238 41
1909 183 55
1272 847 65
1588 312 13
201 1180 46
1105 849 35
1832 1572 63
121 344 78
804 1420 65
237 1357 10
1390 344 70
1025 290 59
688 602 1
1092 1635 72
1035 1752 49
533 851 51
134 1353 6
748 1591 75
347 1572 67
1480 1811 18
1001 561 61
666 208 50
14 768 83
1532 1146 95
603 1270 11
273 1833 33
1147 1327 34
1647 1405 11
788 1065 48
1326 1989 28
1257 1345 26
1956 1245 93
342 1730 29
541 1847 80
558 759 13
1087 1229 45
1487 1542 43
52 1258 52
1659 1724 58
758 1011 71
528 1981 47
838 1860 94
4 275 90
1660 831 58
1417 1730 72
1643 100 54
1890 1800 18
532 1018 13
1137 947 72
29 1836 72
137 816 21
1940 1188 48
176 1571 7
500 1217 94
1369 828 14
1735 892 42
120 1858 29
1095 1821 98
286 796 73
1433 1873 35
1689 1767 11
974 545 18
1055 365 57
1771 918 9
43 1054 89
392 115 76
644 1142 89
1220 1463 15
1438 1909 51
83 1115 64
1082 26 7
1026 1562 24
1617 240 76
1542 1457 86
149 1934 28
688 730 65
606 1245 5
1585 1233 43
21 1498 37
977 1092 68
1390 1026 9
991 1895 81
1806 1503 58
1694 491 35
719 671 62
629 1412 21
851 281 39
69 1643 90
834 1506 15
659 182 7
79 1997 65
1895 171 52
545 467 33
1076 99 67
1173 1731 81
175 1154 88
1875 500 20
76 962 52
1842 60 65
465 1332 67
1619 1990 52
357 1738 57
958 172 61
741 1545 50
61 118 99
648 1374 80
1506 725 39
365 1982 79
878 319 26
776 1736 38
250 492 4
52 568 59
434 1016 23
1176 1864 79
631 1116 82
1318 1768 71
781 157 32
750 845 97
206 1860 30
1030 688 20
1014 1419 2
323 866 21
1873 936 77
268 624 96
1877 1085 63
866 1444 93
1031 976 68
1291 1826 2
1125 1152 2
870 725 27
359 530 58
1426 1918 53
738 1435 94
295 1096 24
1303 1540 79
776 1862 96
356 338 61
1872 145 11
139 1720 82
189 1198 9
630 720 65
1504 1457 25
1206 1575 14
325 123 17
1842 1204 5
1009 1265 31
822 1828 67
753 336 6
1802 627 80
1069 1093 66
1356 1993 32
1215 249 55
811 1746 38
699 881 13
784 730 62
1092 1430 74
1576 1086 54
949 1008 31
19 1643 55
1519 1206 20
1996 666 38
209 78 24
699 1543 31
872 951 75
1904 1203 21
24 1852 47
270 1575 64
1664 1394 40
1049 1993 60
15 684 19
234 291 58
1947 463 37
563 85 75
974 912 6
1016 972 6
864 1921 18
1000 1639 63
1955 1041 26
1992 572 7
1163 741 2
575 1041 36
965 866 76
126 10 24
1617 1367 74
51 133 42
969 600 80
1113 90 60
796 244 70
996 271 19
1418 1467 4
1443 102 38
586 1748 64
1321 1755 33
1465 1206 1
698 1045 66
134 244 10
433 307 22
1928 402 67
1037 1146 20
1150 1166 20
1025 845 7
370 1329 78
975 33 35
185 1129 9
1425 212 68
1215 989 67
1054 1589 47
1194 376 8
1357 1337 95
997 1548 41
1364 1002 89
1034 937 30
650 913 7
1647 1083 54
256 1719 67
1534 42 4
465 715 6
1704 849 87
175 120 73
1362 1166 36
642 974 27
1795 753 74
377 949 69
254 963 30
179 1892 84
1862 485 6
616 1507 2
52 1384 81
291 1000 90
749 1033 76
1732 1752 20
695 1940 52
1309 503 10
700 1053 18
1880 249 48
1056 1591 18
1909 1430 28
1825 1973 49
717 1123 32
1797 1619 83
1190 911 9
1446 1336 56
1766 1880 84
1537 417 29
603 1306 43
1064 966 37
447 1861 94
1174 1802 85
1077 1463 53
1313 349 95
149 470 60
1569 291 63
1169 1493 81
46 1349 79
888 1760 28
800 816 92
959 1105 44
1012 1318 74
381 108 12
688 895 12
725 1542 25
906 1230 17
692 694 94
658 310 87
1400 126 50
1527 835 79
1936 1026 51
1267 1985 80
1730 559 4
1356 1440 31
1303 1326 20
1 1635 67
955 315 63
1854 1289 98
1550 1259 32
775 981 75
128 500 39
689 1807 68
617 1345 35
1812 1875 77
1534 987 30
685 1323 90
835 1784 93
1708 142 14
344 980 25
693 1907 18
1979 1135 27
1621 724 18
948 1919 99
591 324 9
802 392 90
110 1508 26
829 665 94
1095 780 7
1697 570 65
622 1673 8
147 878 57
621 672 13
1210 361 85
947 984 33
823 420 96
246 854 58
1083 1912 62
1275 619 34
1603 842 57
809 1392 19
646 1589 34
1465 643 25
1814 1330 22
127 286 70
256 1784 80
1737 987 3
454 126 85
1259 405 47
935 1589 53
169 1477 30
1591 851 44
1067 343 47
49 1312 30
507 957 62
225 717 26
1017 1420 15
1349 241 43
670 1096 42
634 1795 50
496 1236 30
1312 1650 69
1643 237 82
7 104 56
986 1933 52
1280 1539 93
871 492 83
1564 712 34
973 585 12
1670 118 25
1327 29 99
769 1417 35
19 1378 79
1335 951 63
308 816 11
1627 1951 57
1703 1203 39
265 644 26
1867 453 39
1497 1557 21
370 462 49
484 526 27
1519 397 11
1601 776 4
431 990 66
1671 758 57
698 38 55
1551 1539 89
846 194 78
1315 1616 3
1230 211 19
416 626 80
1847 392 23
1470 488 38
1146 1854 17
298 830 7
1169 183 13
186 771 37
915 551 22
1609 1306 52
287 1373 34
811 1122 17
1649 1731 41
1864 106 30
517 1234 23
1433 1629 31
1277 1825 24
1514 231 30
162 840 5
817 1431 94
786 1965 68
1049 1116 92
1108 425 37
470 114 68
1835 1236 97
1554 1581 30
169 924 46
1017 1520 95
96 346 56
1152 780 6
704 1270 3
273 1710 54
828 805 74
1777 864 44
1542 1262 24
1834 1565 54
1398 449 67
911 1049 75
292 763 94
1567 1906 95
710 1313 29
134 1036 54
1411 421 57
1122 520 24
27 937 77
1351 1197 75
1981 1142 17
1687 1188 62
214 127 73
421 837 71
125 748 27
47 425 12
351 234 62
480 529 42
633 733 89
934 1867 70
1122 113 48
349 353 41
263 1736 20
406 1029 86
1736 1287 63
1391 1923 66
1922 1679 56
953 166 39
1078 1146 58
1064 1777 94
1366 1760 2
1384 1116 23
1501 39 76
831 1801 87
949 203 61
500 911 73
1215 570 28
1312 719 54
359 974 35
1950 1782 48
212 1527 55
1632 289 9
296 51 13
1383 438 99
1876 1578 52
892 833 45
1322 299 3
1098 608 38
859 1497 35
701 1766 74
712 40 4
572 672 29
842 1100 6
1858 718 27
934 1195 21
792 1078 10
247 546 35
379 1231 95
653 87 34
1174 837 6
437 293 30
1381 1708 41
1204 268 43
555 413 92
1817 1776 95
1369 1914 30
1176 721 63
26 1810 44
612 1173 62
68 708 63
1111 1646 97
1086 1898 2
1196 302 71
970 1423 32
1326 658 69
954 748 24
1971 1049 32
1719 745 31
264 115 14
460 54 42
1826 168 33
227 1648 79
942 967 87
1349 1235 23
588 1732 36
774 865 9
1481 1088 59
788 424 62
828 240 74
1693 709 7
571 1246 94
1730 600 60
1294 368 75
1044 593 65
1277 740 55
219 1714 72
109 418 61
764 530 96
879 1019 36
277 1711 3
1265 1263 39
984 1454 96
377 69 95
1278 113 43
395 132 28
919 908 33
90 1602 18
660 1839 68
1995 1428 51
1501 1808 98
537 1379 61
1995 145 73
1359 409 89
422 532 60
1035 1385 66
215 848 50
822 1304 67
1137 1139 80
391 1723 14
1711 393 61
1792 950 8
1079 715 11
1558 1941 12
942 1824 93
1684 391 75
1077 1794 16
1633 1581 82
638 1930 94
868 1009 36
591 671 66
590 1901 12
1632 996 34
493 1500 89
442 1707 11
37 1312 47
822 559 15
456 1609 48
469 1520 26
237 824 22
714 1035 42
375 1000 68
356 217 72
247 732 13
1740 1668 99
840 1866 25
409 295 54
1737 467 1
1175 1107 37
583 1055 74
1817 64 96
932 394 63
1273 562 83
697 188 31
1322 1835 74
1029 29 4
1649 1803 18
208 1957 49
245 1967 51
112 1549 72
1258 1167 32
734 708 71
1668 975 55
798 1241 52
961 816 41
193 1414 36
866 428 91
1234 1425 10
215 84 79
1815 1276 25
107 1878 79
25 611 29
1221 1219 25
1041 1358 12
1535 663 66
1074 1384 7
1665 334 6
716 531 13
1649 560 61
974 1056 23
980 463 16
1954 1682 91
448 962 85
1523 1734 83
632 838 47
125 784 62
969 565 21
656 13 17
1356 1670 21
895 283 36
784 698 48
913 1928 80
189 1591 23
678 486 2
1765 1888 62
1863 1156 9
780 634 36
1516 752 42
962 1014 72
1486 464 75
208 1684 99
1384 917 38
1913 1068 82
1310 1594 35
581 1095 82
1266 1429 39
1544 1081 92
608 918 51
956 1923 61
1085 1749 9
1922 229 96
65 1718 68
1395 407 92
1853 1874 48
493 1948 65
1293 250 68
218 1115 68
1194 132 50
406 591 6
1871 1261 69
861 1906 62
1564 883 26
805 938 36
908 1889 81
1031 204 57
542 118 61
1809 1562 52
578 664 88
164 1095 16
861 914 89
1835 1656 86
689 1476 42
1456 1990 6
762 1053 16
141 1837 17
952 1789 20
415 1889 12
1819 978 94
1448 848 21
658 1965 58
1588 1866 74
1459 1873 79
389 694 25
1423 510 19
134 867 61
437 1150 52
398 1439 9
611 1147 33
1922 148 91
966 1862 89
1965 1291 67
814 901 7
360 1675 59
454 1939 68
1455 597 98
3 1496 21
839 1439 72
1063 608 52
459 1714 58
1504 542 89
592 140 83
1867 590 64
1755 1058 14
1455 863 77
534 1054 97
1176 84 6
831 1995 16
1460 1378 2
639 335 9
919 4 24
239 123 63
541 744 44
705 803 77
1159 1579 88
137 1360 94
1187 333 78
254 343 97
839 1090 81
1193 759 6
764 1797 83
1416 102 58
944 57 32
970 1073 70
701 1697 78
48 351 82
962 276 55
244 1129 25
1493 140 17
227 1446 88
968 707 76
1124 225 22
33 1072 52
525 279 30
1175 1208 19
734 738 37
1547 1381 56
78 161 87
415 951 20
1149 1036 10
1889 1845 38
1115 114 60
275 1887 57
166 1850 16
430 1982 43
1245 196 92
536 783 74
778 381 42
609 243 8
916 1132 38
1734 1415 20
138 1772 16
922 112 92
1044 650 28
1330 848 94
1833 944 33
1921 962 26
1807 714 43
1364 9 79
1460 1647 13
323 1836 97
4 259 90
1536 380 49
596 1052 4
960 179 53
10 99 83
609 1288 72
1857 669 33
933 1721 33
1836 1018 30
1337 1495 75
1968 489 40
248 1918 74
1664 462 10
1244 1911 33
1857 915 74
859 124 54
349 994 53
1995 188 2
252 582 84
162 1960 11
1012 34 35
208 1442 80
232 675 6
1058 780 20
1231 739 19
1560 1378 2
167 644 99
1605 485 99
124 797 58
870 661 67
254 1217 14
1798 1917 61
645 135 80
807 1020 52
256 606 64
1389 1673 50
959 155 5
1634 1073 2
1003 1501 64
249 592 9
1344 108 75
1030 787 25
50 330 87
550 538 27
1101 1346 44
1255 1134 90
326 345 69
1916 530 93
1188 731 78
121 908 35
802 1995 69
323 5 25
521 1294 55
141 303 74
1075 1412 23
1077 1479 48
1958 1346 9
1958 14 77
818 353 55
948 843 9
120 682 49
1384 1157 4
524 1786 75
1321 1114 69
491 1492 71
1575 633 65
977 633 77
178 1937 8
706 1275 21
493 1074 18
421 1771 85
1219 1532 91
1574 520 42
898 1989 81
1151 1717 94
790 1746 38
653 1099 10
736 647 39
325 319 83
1092 1657 77
321 1163 86
1579 631 34
362 1675 64
1474 940 69
1094 1227 8
1435 1448 36
1302 463 22
1732 933 69
630 1884 82
43 1324 73
654 178 55
378 67 48
1165 87 97
1389 1037 95
1374 1215 5
391 344 42
338 1383 48
200 1676 21
1413 1019 78
1415 1591 46
1130 117 21
1209 1285 45
1362 522 81
976 1227 70
681 1166 63
782 563 86
1868 130 20
1511 1078 61
1322 1709 12
1720 979 6
1216 1388 86
839 1324 57
1727 1993 80
1680 933 84
280 550 13
1129 137 72
1175 1246 66
131 1327 73
1736 247 14
1941 716 33
357 1919 43
352 1834 5
1197 312 55
1331 1480 99
700 1836 49
1298 1596 32
994 1408 12
799 286 17
1213 1511 12
1020 1661 16
1422 352 89
1406 177 10
1230 737 30
648 497 35
1723 558 90
960 1407 69
320 866 78
223 589 1
1176 1506 22
491 1463 11
168 465 60
238 197 49
83 342 97
1689 1515 46
366 1475 64
1263 1307 48
1226 1567 32
71 894 3
1285 1149 44
1366 1844 73
333 902 5
744 227 35
956 1215 57
1015 642 76
228 1596 97
343 1203 17
1245 300 14
841 681 95
437 607 59
1498 794 46
265 564 44
723 522 93
13 864 73
150 1078 71
1590 1724 7
1750 866 89
154 1527 34
1432 1319 13
133 1042 77
141 221 62
1239 510 83
1573 243 81
456 1677 11
1879 1624 78
292 1888 59
866 946 9
1549 1319 19
1447 138 26
362 1801 93
1104 1332 69
1292 1561 5
684 1504 61
143 1993 40
1424 654 78
1671 1383 69
155 1159 50
1998 1593 13
1891 1430 80
1306 1617 54
619 337 42
1801 338 26
831 580 83
1873 1191 1
282 1785 45
1914 245 5
348 1472 57
649 1025 71
1795 729 55
845 1831 17
265 690 25
1390 215 83
1902 429 5
224 879 76
1165 1490 7
128 482 89
1662 451 74
1994 1030 13
1694 200 32
1516 497 83
1362 444 52
174 801 98
554 1495 17
1728 504 21
1898 145 33
443 54 94
456 1218 73
480 1612 34
1633 13 70
1684 1567 72
1083 1097 48
538 1836 37
412 794 85
79 1649 27
1081 1145 11
267 1841 33
736 759 63
367 1300 73
711 82 56
114 1826 85
1399 374 75
717 233 55
1841 979 49
982 106 73
1904 1707 6
273 1885 73
909 1243 97
1575 1144 39
264 641 7
1218 1894 85
1059 268 84
23 1398 38
1309 1339 87
1380 1717 73
1111 1362 96
1955 615 10
1100 1349 78
18 642 82
492 1738 20
957 540 19
1216 1457 44
1730 547 60
141 1544 8
886 165 68
1387 1429 62
1871 293 19
388 82 38
1505 948 60
63 1640 49
775 368 34
1808 226 46
1684 1904 29
1036 1163 77
693 542 86
1995 686 3
1207 392 16
1172 1100 11
1287 1146 17
1042 985 65
699 1489 50
307 1467 68
335 1458 17
610 1286 96
317 1791 18
199 103 29
1738 465 95
716 252 32
975 916 29
79 257 13
1277 1993 98
649 906 56
824 1047 74
89 469 52
1289 94 92
386 1840 21
1368 383 68
463 700 62
522 1017 6
626 1992 27
1482 1383 26
497 747 32
78 1925 59
1115 270 96
192 1520 56
1660 641 76
959 1814 38
462 397 77
1281 684 30
1716 1291 76
202 883 25
182 15 58
439 767 60
1419 368 77
1762 1245 35
1565 665 96
1138 1309 52
773 41 98
401 200 77
879 813 34
1845 729 63
1966 887 85
758 1952 50
448 1261 61
175 637 60
82 867 65
1989 1270 43
1400 1851 40
1781 497 4
1084 1035 46
157 976 34
1249 1695 17
1311 34 48
671 1407 2
284 930 51
1143 604 28
1845 815 21
773 683 40
1606 662 40
1066 1413 91
1189 1804 98
1304 461 92
1724 1053 15
195 877 26
1052 633 49
1387 42 30
1381 35 1
1661 204 35
1557 1092 27
1933 492 34
1574 467 73
1716 1977 73
923 753 29
1562 1262 57
1624 1556 95
1547 393 98
1695 1957 82
415 709 25
1166 1265 59
1306 681 86
446 1811 49
1093 597 81
308 1529 36
1768 377 26
457 190 97
206 829 36
1309 1100 81
1444 308 19
78 1809 52
1717 1525 75
1470 1257 14
1696 1847 5
526 1634 78
801 202 95
1464 593 14
1641 1355 56
1427 1206 52
668 1781 43
460 946 44
205 314 80
1079 246 33
1598 1088 32
325 495 95
1703 1158 92
1080 1278 83
1723 467 12
418 1765 4
965 1755 4
421 162 55
1345 590 11
57 1618 81
1113 741 43
758 9 46
392 826 98
741 1248 24
1053 356 25
208 642 56
660 1410 19
1468 1822 59
689 576 9
1607 835 45
1530 160 31
35 142 53
901 465 60
1922 305 51
858 728 42
369 1241 64
742 218 66
634 410 47
138 1776 35
872 1299 30
1521 1269 73
687 723 83
1340 1838 83
632 369 9
1123 954 77
445 977 93
137 522 89
902 751 67
1798 998 70
441 1466 87
1607 1232 87
1834 300 35
1281 157 24
1983 1505 34
582 390 11
1160 86 8
72 1936 81
1736 109 15
1816 347 48
602 987 51
1086 413 64
1841 1471 70
1008 1561 87
1020 1633 1
174 300 34
1909 4 76
70 835 84
522 997 24
75 1091 50
183 1056 39
363 1061 99
162 1128 18
1361 96 56
305 264 35
148 665 46
1808 1197 31
1793 934 95
1456 1861 40
1810 6 8
1869 1353 67
1374 142 35
1498 1369 21
1656 1846 58
1387 323 84
822 1174 51
1894 199 99
1979 1665 54
1209 985 64
1325 1610 55
1173 1911 63
140 1851 2
1800 1235 73
663 1751 40
1128 1153 68
1436 1309 44
1474 1601 92
1334 1642 17
994 266 89
760 642 54
605 657 77
953 226 64
1662 1703 51
1306 308 49
1646 1465 62
222 709 62
36 753 67
126 147 60
1732 328 48
1342 1177 90
347 1880 54
1664 391 40
215 941 69
1401 1698 51
895 1084 98
122 172 4
1090 378 54
1706 579 41
1477 940 26
350 230 76
1986 858 24
1643 1631 55
21 726 45
268 1781 13
865 987 53
413 1009 12
1120 497 73
1584 620 90
1452 424 1
1395 933 23
1082 357 96
1890 1531 86
1231 1916 35
23 357 7
1101 11 38
61 1051 77
462 687 15
1551 1070 74
1049 1835 66
277 1738 47
1299 1099 46
1188 1010 50
575 498 67
1137 375 77
658 1843 6
1484 45 49
173 621 36
419 1417 94
1001 1568 11
541 1714 74
1616 182 28
115 217 68
1622 101 49
1593 208 20
1735 920 32
349 1512 19
1619 164 59
1615 1336 88
46 394 45
260 1323 78
1919 876 66
1403 1696 41
1549 1955 19
389 1706 42
975 456 7
1170 1440 35
1853 1879 34
1783 568 1
1060 201 83
406 1771 37
572 1559 73
372 1096 33
1449 360 14
1546 1620 1
73 676 88
1665 1596 25
770 418 72
639 1097 81
942 204 97
1529 1349 90
30 39 56
52 1958 1
805 372 46
1366 1684 48
1058 985 76
1050 91 90
1769 1563 18
549 170 76
105 1866 85
1917 1215 80
816 59 65
57 1897 19
1176 1242 31
1981 756 14
1686 512 69
1806 1984 78
1291 1902 3
485 1666 79
1744 1142 66
1035 453 3
898 1746 71
1511 761 28
1380 372 37
49 1044 99
678 1750 57
1155 167 30
1168 932 17
798 144 1
573 831 82
704 580 62
167 1370 23
1271 1711 30
124 676 24
411 1506 89
218 622 59
1557 1456 36
868 649 61
69 1046 55
883 268 50
1970 284 57
230 1369 3
1768 381 50
618 1872 92
1716 25 16
1188 1732 44
220 1613 15
566 1378 25
744 1878 34
1081 990 7
1732 883 44
1371 475 1
1630 888 55
1670 1058 41
1667 651 67
1255 1501 66
1864 793 11
1998 952 20
635 733 12
279 192 8
281 671 4
1947 722 23
721 1166 85
556 1787 43
1229 1516 4
1312 417 57
1416 1779 46
462 735 11
1756 833 7
587 1963 25
841 1404 36
1832 456 36
668 1574 13
499 1845 15
1408 1559 3
1522 549 28
907 58 51
242 1955 5
1390 1788 54
591 389 27
993 157 90
1090 463 53
1108 391 44
1833 1274 82
311 995 51
1689 102 91
1187 651 43
1222 1674 57
1096 170 81
1996 1077 54
198 788 14
692 1671 74
102 1462 66
1031 1524 8
893 156 38
380 543 98
1473 1115 12
342 610 54
1648 1640 87
1335 1113 76
820 1388 81
572 1419 31
933 589 3
269 1110 11
589 991 52
505 1624 75
77 50 67
996 555 46
1698 1832 20
1355 1428 12
896 235 76
684 621 54
1628 1884 39
662 134 11
1338 997 62
865 1790 10
1379 1073 49
1705 723 23
1821 975 68
592 1820 3
1864 745 92
112 74 7
1132 1191 24
1338 380 21
112 18 81
1722 1516 59
1776 1066 51
672 1266 56
1627 162 66
1997 12 34
1365 1128 4
1007 1858 1
1924 900 69
1641 1135 60
845 733 26
834 1609 82
916 1641 26
1683 1674 30
569 185 70
1764 1488 81
392 827 66
508 1159 1
707 1828 86
693 724 28
1456 33 83
395 1282 90
520 346 76
964 373 89
1801 1729 69
549 125 3
1010 1814 17
881 1967 9
960 675 95
1663 951 56
1632 96 84
1296 751 16
778 1577 18
1445 1250 55
1928 568 96
1150 17 86
392 786 85
1646 694 93
1127 1119 19
672 856 76
1809 1911 77
1576 394 72
645 1118 56
125 247 35
1981 332 17
1380 1985 31
415 1635 94
857 1305 17
1504 1171 75
1285 541 63
1779 1501 33
1664 31 23
302 883 26
612 163 64
1612 301 75
1908 1752 98
1350 1335 23
1226 1214 44
1582 1463 59
785 1474 76
1280 1113 39
1834 493 67
1902 1775 11
381 480 91
140 148 16
1660 1442 5
1545 441 3
908 1021 57
468 1393 11
617 242 15
1567 802 20
289 1351 29
1940 1143 57
377 1133 17
97 1707 93
784 690 29
1200 1145 5
475 1180 46
1795 1147 73
714 1309 92
352 50 1
1105 1795 8
606 284 55
1325 1709 58
1893 1327 99
503 969 87
640 1216 52
517 1222 66
1059 805 17
1540 980 25
536 591 64
1822 749 62
136 1017 22
642 281 80
11 1281 41
1761 1167 16
1558 655 30
1096 893 86
869 1861 82
349 1139 90
71 1039 86
876 428 55
1517 1361 70
920 825 10
1831 1138 34
1932 1877 70
545 1837 92
1503 936 51
919 1883 26
66 1968 99
664 1292 79
885 1571 74
158 1273 23
1587 742 83
796 655 12
823 1978 21
1801 1972 19
682 1919 9
1936 1741 83
1717 1025 17
292 251 55
1682 580 25
1268 1550 33
1649 1800 27
325 90 39
1544 706 44
70 845 27
848 1996 69
532 1024 29
976 1697 93
265 926 94
240 1295 51
372 601 57
1695 848 23
1936 148 88
73 1283 35
1558 958 70
485 652 59
873 1234 38
1703 605 72
1481 1562 4
1198 1556 55
180 1183 5
319 15 10
1278 1958 73
1804 1830 93
1020 861 4
166 995 5
1337 1938 36
1333 1194 15
1326 1846 31
1101 1285 68
1586 1080 14
645 1728 38
18 1776 40
22 495 87
688 729 15
756 130 67
242 277 37
1640 1425 13
1422 1767 53
1151 1727 25
1202 1378 28
1577 348 66
871 1445 70
1397 464 46
1457 577 26
577 1415 66
994 1713 7
1558 296 10
768 1974 53
456 62 8
1290 754 11
196 835 84
835 909 73
626 784 44
268 984 60
1178 1895 37
1245 432 37
356 1639 13
1541 83 83
478 388 42
570 1319 90
1920 923 94
1639 336 31
625 352 26
1170 788 38
1980 342 1
1004 220 19
1014 679 38
281 563 41
347 555 34
1909 538 5
331 1374 64
70 52 78
783 69 59
1858 599 64
911 1342 99
1234 980 1
1053 365 32
638 938 8
1347 1079 28
1988 459 9
1714 798 79
49 1784 20
1547 247 43
1058 1802 96
1699 1676 49
845 486 57
1351 635 83
1975 182 29
1901 1410 4
798 1424 96
128 1133 74
1159 865 27
617 1910 97
1653 997 33
1014 376 51
1886 839 79
809 560 30
465 578 52
992 1926 76
1500 1771 17
701 109 60
967 490 36
1802 92 14
1780 4 51
1888 1001 75
1938 1575 35
1553 890 62
533 1396 53
1256 931 36
893 371 56
1407 1038 85
1111 749 22
1688 1867 91
1518 363 18
598 1623 52
1489 1197 56
1246 75 38
1656 290 29
210 257 83
149 984 15
1286 1752 26
1901 1133 93
830 247 73
843 372 29
1231 1912 43
1262 1055 87
49 1590 63
1374 1677 47
1750 545 33
490 1444 14
701 415 31
1284 1409 78
1627 1418 55
1237 204 49
760 208 37
308 335 24
659 697 78
658 1956 82
60 1008 18
1889 1851 73
1012 133 87
1414 229 1
265 81 30
1275 709 39
1705 1435 47
1904 1111 72
928 163 90
1844 1688 68
301 1786 23
1187 1407 72
555 1271 86
941 1261 97
1761 1629 16
390 726 36
1417 503 5
1607 1616 22
1539 569 12
1582 603 20
1455 959 37
1157 1503 84
1277 395 78
198 379 74
1899 1339 57
1383 1437 30
1838 1397 51
315 1092 31
1546 13 10
492 1574 49
1041 531 88
718 337 95
1000 1945 34
1254 926 45
966 494 32
1613 961 78
976 1604 78
945 692 91
769 641 98
1374 1945 50
1026 1088 76
1990 694 57
1686 668 75
389 1657 16
1745 786 18
1535 750 6
278 646 52
1680 1260 57
1343 881 72
1079 624 4
475 404 25
1552 1730 88
1279 544 25
1153 1844 21
382 1126 76
636 144 43
1203 909 79
1955 741 8
1547 1870 35
634 1546 58
232 607 21
1417 1977 99
1348 705 40
514 1337 2
747 347 16
1141 178 98
29 1216 76
1992 156 10
1944 688 83
1876 1174 65
352 1736 38
1775 12 89
1763 1847 39
1666 721 30
950 277 10
409 1211 70
1519 1412 31
1857 1663 9
1068 1564 6
410 1016 94
743 1973 83
865 1367 83
1859 43 39
1432 871 88
1640 390 70
399 68 4
687 944 93
1862 1868 25
36 416 89
672 1427 66
887 1423 25
594 1774 48
656 910 38
54 604 67
1152 1034 33
613 1635 55
742 1769 32
31 1283 98
1841 1260 32
67 260 16
65 1889 82
304 1479 68
921 1495 37
361 1781 67
597 1438 87
1887 993 56
1305 555 12
1202 1330 86
1984 1378 30
1726 765 20
1011 1899 73
315 1202 28
1660 679 27
1175 715 80
1390 511 78
92 297 5
425 1668 81
709 1696 38
1859 1169 41
937 1956 7
11 654 70
882 1578 45
1783 460 93
592 1382 75
77 1946 64
842 890 75
1764 1110 35
40 630 84
1563 984 25
186 1878 74
597 1622 63
1198 116 84
1031 480 11
493 786 2
421 767 54
1135 804 84
1999 1131 9
1244 1969 70
1781 1815 8
769 547 75
1530 1595 48
995 1785 20
197 1755 68
1646 1422 84
482 1977 51
1572 10 27
461 1178 98
1456 777 87
1799 1788 2
66 718 82
1732 461 38
1988 345 62
1116 900 27
37 815 41
455 1855 54
1003 240 55
913 1286 7
599 808 91
1092 1829 47
1942 588 87
624 1765 24
1871 36 21
1258 96 27
69 926 7
1350 530 92
619 1885 93
1867 295 25
1630 656 56
1585 839 83
1544 257 90
278 1883 21
885 873 36
794 1395 79
1006 1375 88
1562 787 59
1149 1562 48
1343 1542 73
737 925 60
1335 1183 44
1281 728 94
1793 803 33
92 514 14
1924 1097 52
150 748 94
1316 851 51
1770 1471 12
845 948 40
1446 1282 97
236 1712 1
592 796 28
1089 1380 59
1894 1536 13
1439 649 55
478 1993 50
499 760 4
524 1340 87
478 429 80
105 1137 94
226 410 77
1644 1446 91
843 385 55
1930 32 22
1283 1963 23
1002 1277 96
438 817 60
133 1246 48
1574 1831 20
1493 459 18
1268 573 17
688 715 97
1406 1900 73
1686 1451 10
289 1755 76
923 30 9
139 870 30
318 470 22
792 402 16
353 1851 60
305 1541 29
878 190 89
1666 1210 45
1403 1900 29
70 1602 1
1135 1249 72
1238 81 23
1755 806 86
1905 1930 43
1622 792 52
778 619 9
964 1622 27
839 1474 18
1974 1594 96
233 621 47
388 799 90
1426 564 32
1618 1149 60
1878 29 76
534 583 5
114 1108 96
1989 876 44
135 1985 27
1739 744 75
1139 1391 26
725 200 5
1098 328 92
1620 391 4
1700 78 94
64 797 40
1935 672 12
1691 1801 83
1846 1234 29
1266 1242 69
607 1546 7
1227 1191 55
1768 443 1
1586 1347 68
321 503 55
1754 1027 26
826 1829 98
1923 1798 98
302 145 94
1055 1213 53
1987 1266 7
125 1924 43
1608 689 11
1169 1063 50
840 1026 24
1757 415 90
305 926 35
143 686 80
1777 347 58
1819 1916 63
1855 696 95
1616 718 1
1567 218 5
509 320 87
174 882 56
1118 1148 81
1126 1601 95
1065 1583 70
370 1189 68
1958 800 30
467 901 1
818 1818 33
677 1769 46
1051 1272 98
481 295 69
1401 316 43
808 1994 13
530 1692 80
239 567 76
440 889 27
219 1042 35
339 1186 96
50 1552 41
312 888 3
657 706 69
1938 425 67
1397 891 88
824 223 95
81 1210 72
1796 1941 89
976 1877 75
2000 1637 7
373 1320 73
594 383 96
443 905 77
1532 1044 62
1374 1754 71
810 176 40
1956 732 52
531 747 27
1701 1564 71
366 1628 30
1294 25 31
1690 487 77
1877 119 34
1890 1966 16
1876 154 9
986 896 15
183 1685 96
1527 1718 57
928 1154 87
242 53 20
1912 1941 57
766 1944 10
1355 543 25
647 1946 88
974 1851 22
922 1928 88
1063 1953 80
88 419 30
1305 282 46
1839 1149 58
758 530 1
1208 1408 79
1194 1497 32
999 1697 76
636 1065 55
792 1389 42
1707 678 1
210 67 96
317 1193 63
1764 43 76
564 402 81
1811 1292 83
542 1211 64
1528 1491 82
678 245 83
1274 1289 19
701 277 29
1739 31 55
549 445 43
1741 691 33
638 1321 17
977 1681 94
384 1123 62
1213 653 50
1481 842 15
1065 707 34
1713 1792 84
1855 287 98
1196 867 77
1407 1273 93
124 1536 3
650 1069 94
261 660 56
161 1095 31
289 329 47
1768 1954 41
1022 1252 69
1287 1975 74
467 534 61
785 1833 5
1851 1757 28
1027 553 36
1138 1711 54
1713 1594 35
1120 387 85
1358 1645 52
1478 1111 75
1411 1898 99
1609 569 54
1300 12 71
1245 1862 89
1161 674 60
1781 1 11
33 974 13
1340 119 14
465 293 94
806 892 16
1155 393 85
1907 1103 50
1846 689 74
1047 1499 68
161 775 87
1286 7 7
1124 1292 22
1963 1725 48
603 898 52
1679 1047 45
214 1839 16
1113 534 80
615 1522 7
1265 1414 19
148 1834 9
1026 339 39
1186 1154 27
1912 807 74
326 623 47
142 41 92
1639 223 13
1115 1894 43
64 424 38
1022 805 93
798 1397 40
1291 98 1
1864 1104 56
1740 64 31
309 18 7
1912 477 24
1281 1541 1
939 543 6
1882 1937 95
328 229 38
1779 638 22
811 1330 87
290 1712 49
1027 97 37
849 800 9
695 1677 58
598 1519 51
1913 1875 81
1554 1429 78
1083 1908 69
161 1578 24
1077 428 76
1345 291 33
33 921 67
1911 662 36
1640 893 98
656 1234 95
1105 600 72
1403 1341 68
1257 1608 48
303 1272 95
84 1638 33
973 615 37
1940 1066 90
1459 1976 26
1539 1810 74
1488 1555 15
521 1741 61
660 979 51
372 515 53
29 101 68
1540 826 81
247 1631 9
1733 1431 64
1403 1272 49
96 1794 43
785 184 24
272 1156 52
1939 1594 32
1298 744 72
1759 1373 49
1656 170 1
1130 1415 90
1205 804 43
744 1784 85
1560 1349 82
303 297 65
1583 85 6
1996 995 10
1186 1946 88
1949 1984 17
1873 1513 19
860 1834 90
627 533 48
505 372 43
1647 1099 34
662 1519 87
277 1720 92
1842 405 51
1887 1452 17
847 1967 84
950 371 88
1516 262 38
1698 1264 75
828 1738 32
644 1328 19
1666 1797 56
190 1591 61
556 911 25
850 1837 65
764 1886 80
1567 1061 1
848 629 37
31 161 96
8 1231 54
156 684 73
1210 690 95
1918 1969 51
1445 346 85
1743 574 54
854 1021 57
1615 1894 25
1939 1244 36
1075 1604 90
335 1958 36
1396 746 94
1280 983 83
1018 1491 17
910 564 34
97 1339 80
1339 1151 37
582 120 79
1136 1948 35
61 1471 91
628 1623 43
1600 252 44
979 1628 64
409 1402 20
814 1875 70
91 1389 54
1002 1976 9
1378 403 86
839 1567 50
118 212 29
1987 1620 85
1599 1467 87
343 1826 16
1748 529 44
1748 1592 79
229 691 7
1398 1122 35
1420 1410 33
1002 194 46
1624 1128 86
1755 1142 5
1265 1360 74
1358 969 78
1617 99 96
1731 1300 1
1973 1564 24
703 1492 13
606 916 9
1222 1321 13
1054 1247 65
26 136 47
778 1740 75
616 1736 97
501 1192 3
1405 1041 92
146 620 25
1876 1922 77
1942 1656 90
541 654 10
1334 1501 32
1656 838 45
713 223 25
315 1759 8
1949 533 82
509 1748 59
240 980 21
1203 1131 35
1232 574 96
1472 220 77
526 1554 82
1977 698 58
269 495 97
1067 1941 95
1312 1253 72
179 241 84
394 1098 48
1458 443 30
329 955 68
1918 624 24
747 1054 51
915 1251 11
1955 728 26
1015 1989 13
649 1484 28
1028 405 54
268 1777 43
1011 1282 24
1063 935 38
1920 1885 50
843 1301 85
1089 1030 42
1029 346 89
411 828 77
1081 877 2
513 1058 4
312 673 54
86 259 76
1041 977 14
1386 1309 39
1330 384 7
892 412 5
512 592 80
587 846 1
1477 981 57
723 1993 63
1541 202 80
513 1060 2
515 1863 88
1934 1863 67
1171 81 4
50 1143 38
1482 699 55
1279 294 87
1138 1818 61
1172 602 41
1403 1739 16
788 1214 64
227 1025 55
397 1435 61
1017 1928 77
836 1753 67
37 821 18
1429 136 78
1859 19 88
787 200 1
1040 1189 34
544 466 90
1433 628 81
955 357 25
521 1484 38
1423 1622 33
729 451 68
1569 1133 19
1248 648 36
1378 1668 57
1475 861 2
1219 1166 67
176 1313 89
488 1442 38
954 356 82
1564 884 4
403 1983 59
1107 1788 21
358 424 62
673 1084 65
1881 738 45
1451 1364 76
15 744 1
1757 264 43
31 505 30
813 741 67
131 1785 81
583 1185 52
713 1486 78
1987 588 67
330 110 29
1605 1159 51
1650 854 20
1533 165 7
635 638 97
28 275 24
1863 801 20
1982 190 47
1472 90 99
1428 36 27
334 1972 92
456 1534 14
1941 1751 43
1634 1260 1
814 1268 87
1861 1393 98
1331 475 6
347 690 88
244 1525 98
1528 1470 38
1269 434 42
1675 508 2
1548 1639 19
1980 1439 54
943 1545 67
431 126 29
1882 1790 63
1085 318 2
1375 992 11
1913 718 84
1040 1160 24
56 299 18
49 1438 43
1047 1599 37
1343 1962 59
625 1762 35
1865 137 41
1201 512 6
626 1702 60
1223 1261 17
1535 1082 39
998 85 2
1206 1040 44
537 1038 62
1731 1175
