2000 2998
1140 1519 73
1579 1903 4
296 930 23
1521 519 78
581 748 49
622 1643 50
790 595 43
237 1370 24
1978 402 82
66 451 2
1230 1973 95
1110 637 1
759 729 44
1026 1979 64
906 205 22
1475 267 18
173 1094 76
1999 303 44
988 922 11
479 1886 91
1198 1736 25
242 1554 63
944 1742 84
1200 67 35
1171 659 41
1768 1397 75
9 26 60
890 1760 9
1732 462 7
763 1576 1
649 1427 1
491 891 99
290 1832 26
1406 505 96
1148 680 72
1239 1202 63
1456 1365 13
149 512 29
1004 500 83
627 1848 47
279 109 73
1200 493 68
903 960 2
741 1293 89
708 1612 73
1634 1008 54
160 67 52
1499 1824 21
1345 1931 42
27 883 23
291 1188 31
1792 1149 25
587 1781 38
157 1909 4
863 1227 81
1252 1458 3
1061 1393 2
1383 1506 23
1681 1196 33
537 1545 3
554 200 68
180 191 86
1152 1197 75
920 992 86
1511 1669 99
789 838 38
296 1121 39
1117 885 49
1468 1626 39
451 793 79
191 786 49
1865 1963 88
500 227 37
1595 1450 58
1510 1539 49
338 683 79
1042 617 61
118 702 84
643 1328 69
605 1668 34
310 622 86
1976 840 55
1358 1074 70
21 904 10
157 1088 12
75 1646 55
1828 1396 66
1720 1028 54
299 1034 53
1857 1951 29
1540 817 82
865 798 65
583 704 52
1582 433 67
994 1870 92
1692 1146 11
74 328 86
11 1324 84
1242 1052 5
34 1485 25
191 828 34
558 1450 72
531 1917 96
429 150 46
208 1800 46
1157 151 21
49 1072 60
848 1504 6
1870 24 90
1421 1737 14
1208 1450 92
892 1368 30
17 943 26
1284 1661 28
1909 907 85
971 319 56
1629 760 22
1437 1224 36
1005 1238 50
952 737 51
814 1678 43
1503 510 53
718 1717 45
362 1807 69
659 304 76
464 1902 24
313 123 84
1463 639 67
309 1775 71
1709 1163 65
322 323 31
1372 1807 62
312 1783 15
161 1406 38
731 1802 55
660 788 80
1020 606 11
988 1599 36
840 709 93
141 1914 60
471 765 21
416 965 75
309 1080 14
275 1034 98
183 848 10
1030 1961 24
1013 1449 76
81 7 83
1396 43 47
1806 1807 71
1940 1200 76
1587 1832 7
320 964 27
207 1034 38
60 1440 38
919 1449 43
1311 1412 45
383 865 57
1392 852 81
950 290 1
1639 1818 52
1666 1501 70
1783 1343 60
948 110 57
1785 711 6
25 1926 84
151 1474 33
607 1731 7
354 622 89
474 1260 7
97 1390 8
1400 1209 37
1993 734 81
489 20 48
224 1181 76
1356 1732 1
829 391 24
337 412 95
1584 424 60
224 170 61
1749 1053 78
1653 1070 64
219 1694 37
1400 847 94
268 735 86
60 1625 33
576 118 16
27 936 95
1705 840 82
1448 1198 81
375 81 98
809 1123 53
944 911 19
148 1204 28
1028 490 20
1159 438 92
645 360 18
545 834 6
1861 1708 94
1606 1085 52
641 920 92
627 1681 95
1225 513 72
598 1837 45
480 1204 73
923 1401 92
22 537 34
317 55 71
1814 795 60
731 550 87
1918 1764 83
1929 247 98
254 522 33
1718 540 76
1010 1355 34
1903 38 34
243 1036 23
551 623 82
1368 1959 3
161 1747 58
1351 1812 1
1532 366 38
411 757 9
1627 690 70
1224 1501 19
1235 560 38
612 447 97
1448 330 60
1149 1824 50
1109 638 90
235 504 81
825 1819 41
357 143 88
1125 35 56
227 151 57
561 359 44
682 309 5
595 1830 89
941 1871 98
311 1972 25
586 311 38
220 1141 51
775 1686 12
434 1474 14
171 1793 96
195 1239 14
934 1093 18
1927 1674 49
507 684 9
519 1391 63
1 1839 67
467 137 83
1317 1596 10
511 1699 64
142 1745 82
1714 1420 78
296 768 7
86 447 58
1166 1878 26
382 22 54
294 672 96
281 1022 2
1539 740 82
1750 1169 60
149 1441 36
877 1796 36
881 28 47
1950 200 46
534 1946 15
710 373 15
1176 1310 56
121 954 63
1347 598 52
1344 1515 67
1320 217 1
1497 1417 32
1507 639 88
552 1235 20
1549 1984 50
723 1265 38
1138 496 88
153 434 8
1478 757 84
203 1856 86
495 1727 26
92 205 59
115 918 99
995 436 38
1719 210 63
1222 263 75
536 1647 31
1304 1248 81
392 1208 39
1428 1292 75
714 319 47
1339 900 90
1559 739 31
544 730 51
1808 1553 67
310 1047 26
247 1657 91
989 880 41
748 1341 48
551 681 43
900 1668 73
1023 1512 66
172 293 82
1793 374 53
432 717 26
717 1845 93
754 1735 83
1418 441 39
31 1106 44
1379 204 33
802 687 7
1681 220 86
1088 851 14
1142 1578 41
1506 771 70
1341 1754 37
612 1490 5
110 52 35
1000 1446 9
1329 980 9
256 109 62
32 1781 56
234 1597 89
972 1370 89
197 427 40
1942 1944 39
895 1249 9
728 673 55
607 68 96
1052 366 67
361 1916 38
1063 1788 28
408 623 13
1379 1366 3
1846 641 96
1393 705 72
987 528 66
1003 1906 84
413 634 32
929 1449 17
648 332 45
1712 1654 49
1142 1584 15
1261 160 48
128 418 3
468 1640 34
549 1727 76
1194 1936 8
95 1138 57
1004 1661 22
424 1725 33
1053 397 2
685 794 21
1825 1361 89
137 519 69
570 1851 27
1511 113 20
1495 1405 18
442 382 41
1546 1596 85
398 1930 34
187 1445 96
677 1399 45
1484 1802 18
396 124 85
705 835 25
965 1977 28
507 1763 79
1623 365 71
1394 69 86
1463 1878 78
455 312 43
1097 1535 39
31 794 19
635 217 14
1535 991 23
18 1469 18
1285 1952 29
1604 1404 99
772 1141 21
284 448 76
839 1655 56
460 466 64
772 834 40
1431 1862 88
436 1080 81
1180 1528 17
493 11 51
1077 1422 65
83 1046 51
1018 1928 45
248 261 31
606 327 7
546 419 49
1129 551 98
499 446 44
1687 1320 44
565 1873 82
393 1986 87
123 1092 20
560 1019 46
62 886 47
1149 1800 39
476 269 41
280 145 15
1439 1345 35
11 673 89
661 1510 1
277 1659 57
532 609 49
458 470 49
339 1862 20
551 532 79
795 1349 40
888 185 32
799 1267 91
1159 1198 16
117 793 34
1681 86 15
339 1806 24
473 25 45
483 1812 58
1603 469 92
1176 16 64
832 1208 59
1105 1761 18
1557 139 28
1076 1117 40
573 1466 86
1874 512 72
1868 1100 30
1321 69 32
161 363 4
1598 1918 33
472 1981 47
1450 226 5
1926 99 16
591 289 8
763 105 11
318 1670 93
1732 265 90
295 141 26
1386 10 5
367 1473 46
652 1507 35
1195 417 62
149 2000 74
399 1467 70
75 235 84
1046 1104 93
1767 808 92
325 683 41
450 1707 79
519 1952 98
1855 1484 36
1425 372 4
680 1232 60
1450 1427 2
183 270 73
291 1906 87
195 1899 91
1614 1183 13
659 1192 74
1322 946 76
675 884 79
190 1233 9
420 810 94
22 1516 50
1206 1841 68
1723 76 72
1532 576 72
794 1169 54
1290 68 56
267 1415 76
1676 1173 43
110 740 81
1562 495 12
860 24 96
341 139 55
818 83 30
1612 1964 85
564 388 27
1718 454 38
338 1474 84
322 744 25
2 971 19
1535 1143 2
458 1623 26
282 313 47
1535 1567 33
1108 586 89
1427 835 78
1691 1085 69
300 1388 94
382 1411 81
359 1621 85
1797 1685 82
797 1307 93
394 1087 77
1821 1712 26
889 1420 65
856 1483 13
388 407 93
361 1311 9
1968 1752 55
1933 237 46
137 1679 6
1258 1490 13
332 844 79
1643 1373 43
445 692 40
1512 2 21
991 1943 16
357 1449 72
530 1052 70
465 914 36
993 725 59
1222 775 20
429 1382 38
1623 1273 59
1019 1906 13
375 18 53
1366 294 69
711 846 71
558 947 68
1335 134 91
271 808 49
1375 1956 64
123 1207 22
3 1521 39
1122 1617 61
1383 454 18
1076 1966 83
461 276 61
771 339 34
466 673 18
1403 1481 11
999 37 92
168 884 57
624 1082 11
808 1494 91
1425 1923 45
1203 1032 58
460 770 71
1334 354 16
1547 195 43
1550 1840 29
1050 1584 56
871 856 15
1710 1242 57
666 1354 43
66 742 79
360 1453 25
594 865 69
440 937 14
1423 219 48
660 1830 49
124 78 59
559 1237 65
997 522 63
1662 1645 72
961 1738 62
1413 407 73
1062 1782 64
1694 1072 58
1403 1063 90
779 1195 3
756 545 76
1075 1605 18
1228 236 1
44 1240 99
1563 1542 34
532 1217 52
548 1502 66
1328 757 76
757 457 43
461 867 30
1151 1722 54
1020 816 11
725 1434 68
466 10 97
609 844 27
145 1962 29
525 724 23
1861 241 21
1192 163 59
464 596 48
1868 849 30
993 952 32
562 395 52
1307 190 88
1692 1392 67
1713 1511 68
1638 546 54
812 1151 55
110 1172 10
1283 290 87
162 1620 61
1564 123 78
999 147 15
1828 1856 80
1549 25 8
592 858 96
975 1893 19
1201 568 24
569 1990 5
1856 476 83
1929 1157 87
655 1679 60
526 266 50
541 325 55
372 795 81
817 503 16
550 1581 68
1108 1900 8
931 1124 35
505 1536 70
928 604 4
41 963 39
1275 1513 49
1083 1965 92
1833 1282 53
299 1637 38
1974 1887 62
844 1844 68
448 1556 58
1332 573 11
1693 1525 21
1594 1626 33
814 1662 98
1478 1831 55
174 123 28
1113 1490 54
1029 761 64
878 1098 13
1542 180 73
444 171 99
61 170 89
862 1384 3
500 1061 79
1005 531 96
1267 1240 56
817 776 61
1528 1160 10
1474 1204 92
457 1403 26
222 495 99
1803 434 8
290 1679 39
1056 1944 87
151 1406 91
1489 925 16
1425 992 61
400 1450 80
759 1092 53
1231 1232 72
642 1821 39
1881 1794 58
942 204 89
1126 1721 73
1885 605 67
909 149 52
639 429 78
1792 23 85
613 1940 25
567 1704 84
31 1840 51
240 861 3
1810 197 77
977 969 41
1370 443 47
996 778 63
480 851 91
685 394 32
863 144 38
936 1417 1
1122 1285 84
978 911 75
1090 845 96
196 669 59
1369 1618 52
624 1656 4
149 840 54
159 850 89
1983 96 4
445 249 35
371 1268 31
1435 1339 39
1814 522 32
1148 618 41
1185 1955 30
305 1541 40
904 445 69
218 894 91
187 1259 68
793 1933 85
252 355 29
1842 306 44
1301 191 57
1214 1980 10
471 629 43
466 1690 10
1462 1422 16
1631 737 96
1491 1012 88
562 294 18
1796 1380 86
1702 649 35
1239 1720 14
937 544 92
958 1978 47
1804 1450 84
783 1837 14
523 1934 32
11 1234 75
1937 345 63
1179 1232 69
514 1659 55
860 134 35
784 1790 53
439 1361 95
1269 808 2
1887 1112 91
1589 1232 92
802 434 77
1710 1088 74
1011 915 31
457 1534 80
660 81 37
1295 496 57
1298 28 77
158 59 65
1912 1702 86
621 1043 50
635 1539 43
1790 672 77
1331 219 41
1594 832 54
620 823 95
1988 131 77
1543 553 86
916 1013 78
1128 817 28
1010 990 52
530 1771 6
117 698 27
1074 528 76
1107 148 65
1026 650 70
350 355 7
1282 1625 23
212 1045 14
134 1588 25
406 1565 22
1044 765 81
1063 10 22
1062 806 41
1552 111 22
69 867 16
857 1574 1
39 667 39
643 1167 13
850 1721 82
274 1496 70
295 86 91
45 1587 45
134 1980 91
1839 841 41
495 576 94
1869 719 86
199 322 71
68 202 60
768 363 9
3 102 14
960 1708 39
492 412 63
1581 809 19
795 1388 41
1170 1756 68
1170 73 78
1861 1095 46
1271 416 65
1726 1835 67
1890 757 12
975 1687 11
1301 1388 76
1635 1620 94
1472 983 1
1388 1801 82
310 54 4
1206 902 41
868 1567 70
1012 420 35
943 332 58
1233 1478 74
1952 1014 81
699 483 78
685 1182 1
1707 875 25
1244 194 13
1155 1895 27
1300 763 66
497 664 56
323 1013 15
1812 1459 61
1623 978 41
545 202 44
371 1973 11
477 1012 53
147 522 28
1344 1058 73
556 1518 51
687 1072 69
957 1571 54
607 1662 80
1141 83 19
833 1427 84
1020 244 86
196 1706 44
307 927 20
1329 1392 20
1231 672 6
1778 1970 78
665 1707 21
870 1418 51
883 616 31
697 434 41
323 1996 10
142 999 88
544 1214 94
548 164 52
1879 1089 89
1967 1990 67
1909 1540 8
988 1806 7
1162 1808 26
1086 1738 89
385 691 74
254 200 41
1998 1689 47
1287 1717 65
932 1944 22
757 113 14
1775 1991 9
1569 704 47
1508 1523 45
112 1347 24
64 1551 96
526 937 5
1117 457 1
1046 175 66
949 1415 95
611 1537 20
353 811 82
1138 930 48
627 1974 40
599 833 71
729 1770 82
1606 1879 97
298 54 87
895 1417 62
1238 234 75
739 415 6
685 327 82
171 1945 25
1523 1586 78
644 867 36
432 1235 8
57 523 86
1895 38 22
754 1667 26
1832 118 38
525 568 36
1582 1701 9
1334 1744 15
1943 1239 80
201 1015 57
1901 1929 73
1725 319 1
1658 1179 79
1373 524 67
1335 1176 25
1301 1234 58
1302 937 81
682 1140 84
334 327 31
436 1484 47
383 923 4
1261 1493 55
1105 1217 82
332 79 89
163 1037 28
928 1201 49
391 1112 31
668 987 78
755 214 45
31 1756 35
1497 1907 39
1819 417 46
1992 1041 24
1760 877 44
1254 338 68
1998 483 19
931 170 79
346 482 78
1969 1762 84
1196 1776 9
847 323 17
1859 92 82
1467 665 57
745 692 77
6 1549 24
1591 216 77
826 1903 64
1491 1369 7
1571 1710 33
1272 1642 40
1134 235 64
981 80 15
96 814 41
1824 1027 10
1387 1372 59
1040 49 71
815 495 12
1264 1874 69
253 139 82
1568 1475 51
1106 1238 6
617 861 23
537 370 37
1626 271 33
971 1313 15
842 519 74
130 101 39
551 789 78
258 1634 97
413 744 21
1671 785 50
1400 1681 23
1461 1670 93
354 98 12
230 1000 74
1760 444 40
1279 1074 49
369 246 62
1734 425 85
249 1488 55
1674 1656 18
1025 57 76
555 655 70
1541 1782 96
751 535 17
400 1963 50
888 54 59
1289 1046 5
1923 603 95
1206 1954 47
859 1690 4
571 1298 74
203 1768 68
929 1118 27
1116 699 47
1389 1252 30
752 1807 91
225 548 95
687 999 91
1313 277 67
1961 285 95
35 1845 98
892 1265 80
1633 1341 25
102 1683 53
708 361 45
1 1856 87
756 184 59
220 1012 11
1597 1486 15
473 1647 9
1305 1211 98
1513 1940 4
127 328 57
1873 673 17
1932 1905 69
1061 1316 36
1837 614 67
91 1 53
1796 709 7
1917 1039 22
1718 461 21
1588 581 82
3 1965 85
1905 113 39
893 722 14
138 249 45
1599 1728 70
399 1561 1
897 1744 34
437 702 10
1306 1305 36
366 871 67
1061 752 14
780 1313 50
152 1991 20
436 1854 52
1220 593 2
980 1695 90
1775 676 91
1974 832 16
125 1965 24
661 1502 78
754 1929 27
1358 1440 21
1745 321 24
1189 1585 31
1023 1879 53
842 1375 44
248 31 45
1994 229 78
981 1989 96
232 1841 31
980 135 15
128 818 91
1715 797 69
1723 1505 92
1035 1859 35
1472 530 84
675 1704 86
649 378 99
1417 194 40
1152 1327 5
1156 1901 57
402 967 88
149 573 21
1830 858 67
315 313 80
1857 777 84
1860 1852 70
1414 131 60
1227 1481 76
1160 1333 95
1849 1717 80
15 876 51
491 1215 13
1760 652 48
1227 1433 94
1578 966 75
1195 1986 24
1172 1329 43
1163 1523 24
1762 315 1
129 1663 88
1092 1116 53
952 189 70
1203 1920 88
1397 706 25
3 377 20
980 1459 59
52 181 3
1088 1169 76
1023 322 80
680 91 4
818 1988 71
1279 841 62
86 1166 31
304 839 92
104 1385 35
988 452 68
1582 905 15
79 705 65
117 160 52
1180 888 95
164 943 55
1891 1287 27
1794 654 96
41 1111 2
403 1666 17
810 1825 70
688 1637 76
1489 1392 43
872 1 33
1809 755 51
1251 587 31
992 1985 66
170 1404 70
1190 714 76
989 833 24
655 667 85
926 242 89
1236 1001 57
1629 1962 51
1038 585 2
306 74 50
502 976 43
244 140 53
1079 331 33
424 1378 20
1574 618 58
1880 900 30
238 247 13
215 581 51
580 1766 6
545 30 11
1651 1868 14
755 1178 19
73 626 30
1256 905 36
1123 1047 22
622 1153 73
916 681 99
715 252 91
1404 654 76
1303 1839 43
10 832 6
570 266 5
1740 371 33
443 1147 68
1545 962 91
580 796 30
1486 1143 97
566 3 62
557 400 82
731 634 79
1134 290 78
577 1057 95
1276 1282 61
958 667 98
856 1710 59
1733 640 62
1345 748 7
552 412 68
887 881 65
759 470 2
394 852 91
1125 1697 86
637 1899 8
954 780 98
1088 193 38
1771 529 81
275 1380 36
41 953 1
235 53 77
274 453 19
685 661 52
1480 982 87
428 654 94
1029 578 97
437 452 29
1870 1128 16
827 469 47
798 685 87
197 550 90
875 1782 31
1473 284 43
1878 1554 4
1715 624 68
924 482 28
1992 592 22
1 207 61
186 246 91
779 910 32
1034 1516 61
951 1747 15
1583 1122 17
613 1295 46
1689 1076 20
835 471 5
1080 848 52
241 732 22
1511 1961 70
508 1148 89
268 1135 30
1098 158 83
626 1509 11
1827 867 93
838 1734 13
1998 369 8
1022 1231 72
1017 1272 53
1899 702 87
1365 1355 2
1150 1250 9
178 913 95
1576 1281 99
582 1030 96
1037 1522 37
1838 834 31
202 994 78
1376 1646 7
126 1264 85
895 1811 4
237 1607 58
1331 1170 78
523 294 76
1090 1711 87
1163 1243 68
1532 1918 46
1528 697 72
1897 354 12
1623 724 81
572 1652 98
734 896 39
490 873 43
1105 1314 70
519 620 17
619 793 9
1678 1627 57
1948 1527 52
399 486 16
1199 1597 71
1356 1927 80
766 737 56
605 748 1
650 1628 32
1215 1002 63
243 888 55
1265 28 60
1973 1493 75
855 1106 62
1207 1949 59
1781 1494 12
831 467 79
943 1778 88
1998 1181 94
626 35 46
1745 1079 17
629 1544 14
1117 1967 77
1223 863 19
664 389 49
1809 1159 25
460 228 73
1730 661 39
913 1848 76
902 791 46
62 724 73
1494 193 91
757 1277 23
953 1885 23
1912 106 28
273 574 46
1236 1167 38
1606 1362 41
913 243 12
815 288 69
1647 1676 55
878 427 70
91 653 24
54 398 55
548 1856 59
1488 527 63
677 41 59
1937 1364 18
1233 1842 50
35 778 37
547 1585 71
1706 1640 31
297 455 93
837 1015 66
1399 841 38
304 1819 73
353 1409 52
1367 359 78
1953 1983 65
190 1427 1
170 57 24
108 278 3
288 1116 81
1888 1245 54
574 932 83
1992 48 2
13 754 17
1892 618 24
517 1223 1
1207 1434 33
69 379 15
448 959 8
1162 3 82
100 548 18
427 797 42
35 1948 59
1690 922 75
1917 249 8
949 1698 58
246 1841 48
1583 780 88
1249 651 32
642 1764 2
1116 1505 11
1160 1540 91
943 873 21
535 679 27
883 1321 58
1757 1552 2
457 1499 44
92 1373 18
935 1751 40
1553 1196 92
1540 1680 47
1886 1829 73
740 51 17
1697 1132 33
426 1554 21
1789 491 60
1271 1278 94
731 1171 93
1912 1779 57
1374 1774 87
1373 75 40
28 1819 62
1991 1279 26
1964 1420 44
593 1989 46
1369 1815 33
1431 517 75
1967 430 70
246 337 3
1341 952 13
1139 1645 11
235 1675 78
987 847 6
587 1792 80
1340 324 1
430 563 68
1308 1187 27
418 456 94
1778 425 66
418 284 60
1332 761 90
290 649 85
1232 1861 70
1664 851 97
1945 700 95
1161 1984 9
1836 1316 68
560 1308 77
959 393 63
620 180 31
1996 367 53
402 428 25
917 922 93
1399 1588 50
646 794 74
1846 1034 41
1705 399 79
75 1601 9
1475 12 1
382 1535 79
1153 432 40
1224 1411 69
1582 1222 69
324 699 16
1608 1412 81
1685 1613 66
194 763 59
137 636 25
1184 382 2
1 144 42
720 1772 55
1203 1125 61
1852 1408 61
1344 1096 12
447 1937 70
582 1227 34
1244 226 42
441 1673 23
282 429 27
1340 754 89
744 1399 47
101 1956 28
1 988 11
1276 1950 29
575 159 15
385 56 30
482 1244 27
389 1812 18
1030 1807 87
598 843 10
1869 1958 49
1145 397 28
1610 1053 90
804 773 61
1498 1848 5
1331 1238 90
1228 1916 68
1706 535 35
1897 149 28
1914 654 96
203 1889 18
591 1432 52
760 1296 5
1882 1175 4
1718 134 42
1627 1445 99
369 1759 35
1671 1700 28
1795 409 51
1435 439 99
282 459 27
1888 1125 24
1522 1654 19
1317 793 67
545 1483 6
1423 239 77
293 294 5
120 1588 90
318 598 74
1367 342 79
1627 884 69
158 1913 20
980 698 10
1423 406 5
1924 562 44
140 892 60
641 796 18
1211 26 88
265 1300 80
1836 622 9
828 1828 86
844 673 97
1871 234 49
1009 598 82
1198 1663 34
1460 1643 24
100 382 25
58 1028 72
1432 74 53
630 937 65
1528 1856 90
1102 1704 54
566 1769 12
1591 852 65
201 1781 34
901 1074 27
972 1967 30
1023 1232 21
1859 1577 95
652 1613 30
1312 1823 45
1943 1270 75
785 438 80
809 578 51
752 1066 19
925 1459 42
1006 1425 22
1697 931 2
1195 1070 48
863 1275 75
1298 918 65
680 1389 42
1189 1847 82
1133 373 7
645 1551 90
943 1181 21
955 1675 34
1013 532 77
411 1128 9
487 560 18
1091 955 80
136 1306 24
1624 1606 22
1970 891 32
1951 1499 77
1094 398 96
533 904 74
186 1912 63
1878 1762 34
1217 974 66
485 273 75
671 29 31
1084 1114 48
767 1972 17
812 316 39
505 57 6
1217 1625 50
1116 212 14
1330 117 12
68 1586 32
1660 426 28
534 401 32
1085 389 81
1619 1550 11
585 1241 1
590 1512 2
1082 1880 85
644 1750 76
1296 733 37
749 975 45
1515 883 60
1168 1120 37
1239 341 18
1256 1567 67
119 240 75
1334 422 74
943 1806 18
565 1411 45
881 449 46
847 58 76
1781 974 61
1307 215 32
55 817 86
965 1376 55
1740 806 4
1859 1326 15
601 1194 91
890 651 94
1881 450 59
424 1954 22
910 1976 29
1378 1719 2
1189 592 71
625 1800 36
1458 221 11
88 1465 79
353 410 1
1018 1005 70
192 1566 81
1472 893 99
618 1912 59
152 533 93
1105 1078 93
477 1584 75
1179 579 69
1296 917 68
1089 1727 47
149 1445 79
890 471 32
1073 1941 65
375 1013 17
1279 337 27
336 1147 39
783 292 60
1675 712 43
995 445 29
1356 879 25
412 603 78
1920 1430 87
1970 545 34
560 1034 9
221 560 14
407 1291 99
1407 487 40
401 372 94
1219 1637 26
687 1206 49
1997 1075 89
1664 1895 61
312 636 91
1347 1988 45
1697 1416 82
703 441 99
819 1628 20
575 283 30
1924 1570 80
151 1506 40
712 1752 42
1887 833 98
1248 1494 71
884 596 83
1338 746 30
934 105 19
185 1126 27
1281 1810 87
68 59 20
1199 485 68
777 1376 38
786 1155 71
1975 1551 90
1301 1483 52
1420 1868 52
408 1681 92
490 343 11
1218 984 49
1876 22 31
1955 898 72
1637 1230 2
574 702 40
151 1136 52
142 1867 79
1969 1830 86
1083 272 62
1036 982 57
1311 1882 90
58 1443 39
900 1006 3
1330 1557 36
1395 884 96
1574 1210 81
1349 263 49
468 490 11
535 1378 66
243 874 30
683 1617 21
673 1443 16
1560 814 92
822 19 60
1836 491 21
53 5 15
1296 827 18
1531 1720 14
184 204 71
1431 947 60
1896 393 48
513 1698 10
461 1457 73
559 1250 95
1362 70 84
1969 314 91
1369 1250 19
377 545 79
1779 1289 80
409 1745 74
1767 249 61
1777 870 64
150 1008 75
1736 1920 57
383 1897 95
133 1365 88
888 1719 53
127 1680 6
1178 1632 9
920 1437 1
1197 1451 25
999 1994 4
14 169 17
1691 683 24
909 1264 26
473 402 1
763 1330 77
1677 1057 64
754 429 88
974 723 47
1180 157 73
1076 296 12
1118 824 19
1811 434 39
1729 1994 79
704 335 52
396 372 97
170 1580 46
1067 212 38
1031 1833 93
1761 99 44
1920 727 56
429 1650 81
1081 251 77
1588 326 70
1595 521 82
1792 1003 11
1588 317 82
1130 1272 61
177 956 7
586 1692 45
898 653 54
661 147 79
703 412 1
542 1435 40
64 237 44
441 308 39
110 1839 22
568 544 78
1322 1162 47
1126 627 42
1374 558 31
399 306 71
1297 1819 86
97 807 37
54 1111 90
38 1595 38
1100 1636 6
1860 1339 62
891 66 39
512 759 27
1831 973 47
1435 445 11
785 279 15
975 15 34
128 927 98
519 555 73
109 818 99
1595 1465 67
106 715 74
1293 154 25
565 16 6
969 1138 31
1723 1968 94
956 775 26
858 1327 87
204 934 57
75 1134 15
1614 666 92
274 524 83
292 1695 10
1723 1014 36
1688 82 58
1381 1688 8
744 445 90
1835 456 96
1710 1232 30
418 1510 48
1694 1945 35
260 846 3
1765 1042 71
756 141 41
1362 1471 7
1404 1420 94
1920 1267 4
294 205 89
211 397 41
1716 1064 68
968 1072 24
1827 250 75
405 1224 56
461 42 11
585 507 16
1413 1771 22
1944 868 56
572 999 88
895 982 81
413 1568 53
916 1335 99
734 1733 79
329 351 67
1083 1117 98
1614 1190 87
1685 705 5
382 1657 8
1148 309 87
1841 484 14
1247 789 7
1430 1806 38
13 1883 65
1115 419 8
1098 1733 96
1400 1138 73
628 1640 91
1942 137 48
1456 38 19
1349 655 58
548 1379 37
263 1140 55
1860 558 34
1828 931 32
620 1158 26
1590 339 20
1252 1821 32
1994 1945 32
373 1023 69
1236 897 83
1076 665 68
1344 455 29
1342 1433 4
771 241 64
1340 894 28
1672 528 5
773 273 68
1581 1633 43
1082 1852 93
1021 1630 66
590 458 49
856 812 28
1735 1747 98
830 1395 12
1188 112 36
1634 1843 49
1539 1908 97
1520 1119 51
352 1103 61
192 994 88
1336 304 1
1549 650 72
1407 1204 56
1832 1825 37
573 88 82
348 899 65
1407 1334 18
1643 983 74
1385 542 79
222 1702 55
1690 1581 54
121 1824 38
1558 1369 53
1903 1894 9
687 472 18
1334 1624 16
722 237 95
1730 1001 31
1323 1668 44
1231 1782 42
1365 491 82
1837 1405 92
313 1650 67
94 289 96
1601 1868 45
394 507 29
168 667 83
626 1053 36
1123 358 57
722 1698 77
90 445 89
1248 991 83
481 818 38
563 715 7
1861 23 78
1245 998 87
1874 143 5
623 323 10
1194 1222 66
545 1811 19
1580 301 54
690 1767 95
377 1819 96
820 691 82
1815 434 25
1528 221 41
1504 1202 24
357 1051 69
641 1595 96
1801 1689 24
1232 1010 20
1706 1133 12
461 1740 63
1402 1480 90
129 1384 40
1045 114 90
1108 1797 94
622 1382 39
598 765 1
5 860 85
1284 363 70
589 413 57
1484 1261 39
1671 742 25
1612 505 67
1990 1998 74
274 103 68
518 1227 21
492 566 8
1489 1950 51
371 248 68
1193 302 2
1803 510 47
1448 1515 8
1459 692 57
999 1775 85
764 1173 67
348 351 77
176 89 86
260 1635 98
262 1068 84
1104 905 94
847 1045 64
994 763 85
403 585 22
343 305 27
1322 244 89
305 312 90
1522 1370 43
1724 644 44
1803 454 55
507 45 64
1144 152 48
569 880 79
317 239 39
1179 762 66
1260 853 3
1370 1679 20
1632 202 10
1596 1357 49
1362 1912 91
1869 999 1
1253 627 84
1526 958 6
259 1410 33
695 537 69
1364 1861 69
184 1212 21
76 322 38
1266 507 23
163 1998 99
1120 1684 67
218 1311 48
1051 458 67
1561 201 22
616 1782 58
355 877 9
1435 506 31
1489 1535 26
834 988 83
508 849 15
1211 1367 85
1655 135 42
1641 1687 29
929 1264 4
159 552 87
1220 624 3
1847 1032 47
1088 1050 1
1878 222 4
251 1114 81
1157 1847 44
1991 410 6
1600 947 62
1781 990 87
709 219 31
19 651 62
273 922 97
180 1270 2
286 48 16
1773 1272 1
146 55 90
208 636 80
101 1091 56
224 1043 12
1474 827 47
514 1074 98
1646 1390 70
1659 760 89
1931 131 99
1669 647 36
1293 1606 46
526 763 14
774 265 49
460 1874 66
1347 1107 98
254 902 67
282 1815 41
167 1657 15
817 363 14
1066 1034 71
1930 477 26
1325 1378 21
450 1146 73
162 1065 77
395 1250 89
1439 1459 9
1858 1433 13
613 715 9
1919 666 6
240 1731 98
1089 870 39
1672 265 65
1310 587 2
147 283 50
360 574 61
162 490 15
1271 493 95
1423 1548 40
1341 944 21
527 1995 36
1474 1596 26
165 883 31
1565 1434 67
446 329 84
357 1370 44
1101 416 57
571 1418 95
1649 781 18
1460 1076 25
816 160 28
20 1708 3
1347 952 99
615 1825 47
1059 1513 35
842 740 67
664 23 37
1784 554 14
1111 1665 83
132 637 50
928 1143 71
828 1693 10
1234 2000 25
1465 1340 44
1909 1921 58
680 1022 54
24 448 35
1359 394 23
1529 1638 91
813 990 35
105 1016 58
751 617 51
636 1858 88
1034 1713 39
1968 427 12
1685 718 78
390 870 65
1496 1999 31
1540 530 16
1768 836 41
1074 1825 81
989 1300 2
187 1156 17
337 1754 37
1441 1159 71
36 1644 76
371 516 62
1309 1419 14
1905 323 92
1361 910 37
1619 768 8
573 64 14
1990 1853 48
1787 796 97
473 1225 26
1736 438 96
419 1480 42
1658 899 2
733 1505 86
1576 1927 78
1394 36 64
219 1064 74
21 885 39
1452 756 75
1683 2 68
190 47 30
400 397 25
4 1323 16
1863 602 66
1415 1741 66
1156 796 89
87 1762 47
308 123 2
1450 1326 79
1555 742 46
102 1278 69
1745 440 82
441 1218 53
688 1335 66
1612 1543 53
1856 761 20
530 1784 57
1677 681 93
812 1740 27
14 518 4
932 471 6
1537 244 36
1210 1767 75
340 641 56
1809 1193 79
1949 1952 20
1719 433 40
1004 149 44
1790 1016 53
1588 292 62
991 394 62
1718 1363 74
957 395 58
1212 1586 42
1272 140 41
307 1023 59
364 366 48
720 1184 23
1298 570 59
1623 1500 97
1434 1727 7
1162 1877 75
1499 1728 16
1885 415 14
1173 971 91
1118 1957 45
1526 1508 89
1176 1811 40
1695 1719 34
1924 1881 21
192 1099 21
1334 1557 93
1415 602 6
304 298 77
192 1270 79
1092 142 95
989 948 61
549 28 9
257 1246 48
1953 105 83
165 1050 66
725 881 42
1559 52 2
759 220 83
1425 1500 82
1520 1615 27
324 19 46
1985 537 97
1977 919 39
1749 305 92
227 319 85
894 1909 55
1522 1201 81
1541 292 94
382 68 67
1790 507 13
309 190 67
852 144 26
1441 1361 99
1398 1729 17
1363 529 99
745 1272 34
1245 1202 1
148 326 6
522 25 26
508 564 57
126 774 62
644 787 73
368 74 62
1779 1668 46
1727 162 22
137 425 6
1474 125 7
888 144 11
790 139 54
680 795 53
1815 837 48
1498 1996 35
269 414 79
463 461 48
1214 252 19
176 1482 23
542 1608 6
383 465 89
1730 573 20
1260 432 32
1167 718 32
297 1018 26
1748 948 91
1566 1051 87
840 1004 68
1021 1930 25
1112 1419 31
1447 1150 20
1447 638 16
609 95 94
1108 1662 18
1372 1145 71
1404 1767 86
1634 1420 20
1767 1973 10
1685 489 80
1876 1686 20
667 141 79
1900 724 14
248 388 12
116 623 46
1911 789 50
1923 1396 5
782 625 15
780 1195 28
442 95 10
66 645 20
1401 964 45
1192 1032 57
884 1410 61
56 1033 22
1433 1773 98
108 414 33
1751 1612 41
63 824 25
609 656 22
280 575 68
1347 1476 26
468 1305 77
1689 1417 82
1781 980 96
926 604 71
1388 344 36
607 1232 17
837 1829 87
568 1047 79
1709 788 47
367 1797 99
469 7 77
1894 1097 41
1524 1339 24
515 1232 44
1717 1224 40
263 677 92
271 494 47
574 1755 18
264 634 20
1348 1617 12
945 297 45
1003 1448 60
22 1192 45
1376 45 32
1318 232 80
1368 226 98
423 1061 38
120 1725 43
1994 919 5
1995 1790 70
1497 835 49
1432 409 67
797 61 73
208 611 41
705 1968 3
193 690 92
1848 1140 22
716 1668 28
1467 1930 45
1338 1343 43
390 1835 35
809 143 68
1591 436 90
1591 1316 98
860 309 66
1807 1018 81
1989 279 26
2000 1672 95
1316 200 32
1525 1719 19
1506 747 29
104 1034 85
1711 961 4
1212 197 24
178 1624 71
613 959 88
1170 1436 25
113 1163 5
1450 1736 14
284 447 73
1898 863 56
1216 429 3
1952 684 28
987 19 18
890 1017 65
1760 168 83
297 573 5
1900 1512 8
267 888 92
1770 1843 31
1624 1184 17
1705 578 86
1102 81 46
62 876 85
54 1205 33
1844 325 80
722 253 2
1710 731 24
881 153 83
654 1485 74
641 411 56
1064 136 1
850 478 35
1830 489 19
1963 312 70
1378 1341 68
702 164 59
342 1492 9
1860 1046 30
609 1783 62
1384 1870 67
625 1210 14
1766 173 33
385 1756 30
928 1750 20
1637 518 50
591 500 23
1331 1623 38
1609 282 99
103 1762 79
1435 228 41
962 1453 9
597 1838 82
1860 824 70
172 324 77
790 993 88
789 1305 86
638 755 12
1230 1144 90
86 756 76
1135 1123 71
1843 103 90
199 1636 90
310 972 24
331 636 97
427 1988 2
1223 1721 39
333 1744 45
1731 983 37
665 1717 9
551 1559 95
1680 274 70
1551 827 91
1840 1806 62
1751 1676 79
1087 90 40
842 229 79
1593 127 43
97 1484 86
1745 474 76
342 728 48
1559 781 92
1748 1994 4
49 360 39
247 1441 69
469 1182 62
229 1086 65
1182 234 22
1610 1381 29
216 127 9
1912 247 20
1608 86 31
1451 1237 13
1087 1809 23
1285 924 48
738 1432 55
139 560 68
1964 162 59
647 1869 76
790 176 80
450 1369 68
202 1442 73
1205 1424 28
1591 253 43
1630 18 64
976 585 13
904 1137 48
1427 99 23
1585 1563 94
1887 1231 26
962 1627 9
501 1293 60
1580 434 56
513 899 26
1937 1152 7
851 689 95
310 1074 43
1553 1012 89
1959 1769 11
1424 1797 87
485 1906 93
594 221 76
1835 494 1
894 48 20
709 33 66
1894 39 73
332 1210 88
1158 44 41
472 568 60
1972 1810 77
1900 601 64
1268 711 53
1203 737 95
722 263 81
42 422 61
1476 1482 68
482 832 18
119 1481 94
128 1061 73
1539 747 86
1063 737 98
115 1361 37
1734 1979 12
736 1618 48
1540 1632 8
1825 439 49
1847 1828 84
920 774 28
1627 772 5
246 41 32
950 1803 31
387 410 59
201 251 5
603 1797 79
900 530 40
351 869 58
713 1414 83
692 913 37
1667 840 52
205 1488 96
1690 1306 54
1233 1473 65
1957 1662 45
1002 1671 11
1193 1002 71
23 1226 78
281 608 62
771 762 42
276 506 90
655 1948 59
1948 141 51
1663 199 53
1334 1932 24
662 1465 33
1808 1242 27
1417 1083 16
917 1452 80
1975 1487 97
1831 1066 33
1978 298 8
933 1455 62
997 591 50
813 576 55
1513 972 47
1918 730 36
487 1084 53
1199 981 1
1653 1184 13
1197 214 9
1626 1688 47
497 1055 55
505 787 95
195 1713 87
1464 1646 62
1424 1035 64
1076 8 17
156 1845 74
156 463 12
990 1319 75
1495 1862 32
1729 478 58
50 1689 55
1847 1627 51
905 1388 56
1802 160 47
426 1918 66
1181 394 76
288 1857 70
672 985 24
1231 959 84
941 319 61
148 1410 59
1727 560 32
791 1200 22
1485 1161 64
854 1989 45
1010 342 90
1031 175 91
24 27 38
281 1007 67
1411 1171 5
1696 580 71
1926 1090 89
1042 733 20
165 109 87
530 1239 13
866 808 29
759 963 46
271 1315 19
430 1119 66
757 1011 99
1363 1744 93
1597 625 71
1242 195 66
1762 1753 58
291 236 67
210 708 44
135 742 35
55 1350 69
224 1706 76
913 535 66
1521 815 62
1694 178 25
468 1398 46
1149 240 12
3 371 8
1254 1892 24
1696 1207 9
126 201 78
168 1149 96
1763 613 40
998 24 52
1305 1001 66
355 1115 70
1805 408 26
1297 1418 1
1124 1874 93
1272 1183 85
1742 377 41
276 1678 64
1243 1365 60
119 382 90
1913 5 10
298 1397 7
333 1315 7
1158 199 38
1722 450 2
1601 1854 14
1794 611 63
588 1677 64
1686 527 64
253 314 42
1944 1432 46
1144 939 70
1199 1654 73
1864 438 66
184 193 7
1545 780 69
44 208 58
1041 294 62
1882 1419 37
46 1484 49
152 1293 15
1191 769 99
966 214 65
808 887 12
32 78 24
1710 1212 53
1925 656 93
299 1446 49
235 1456 22
1010 134 30
1299 1578 4
1902 717 75
1379 1439 30
1723 1202 5
1863 1998 26
1193 52 96
521 279 57
1863 109 62
738 1250 15
84 1282 70
1139 55 47
963 65 95
1662 1129 66
455 1624 77
522 1144 33
1633 1113 65
750 1551 37
909 769 92
522 1953 76
896 1500 20
1699 338 43
1151 261 94
1830 1742 29
228 502 24
1314 517 27
905 224 75
1787 498 86
515 526 6
774 824 35
1500 1012 43
1648 492 81
1432 1673 14
1036 311 46
901 1718 43
463 955 67
1954 355 92
1651 1276 3
91 784 3
1775 1279 42
160 445 90
659 1416 82
260 1211 45
1862 2 25
1309 683 34
824 1039 29
31 218 27
698 1767 42
465 233 7
119 46 93
1962 337 6
1530 973 92
604 192 10
1616 1840 86
1311 320 38
726 877 34
1525 1093 51
342 1750 72
778 659 99
560 287 5
276 987 19
954 1685 16
1866 825 70
1723 892 43
501 338 69
1959 532 39
1333 633 3
1949 1641 63
531 873 77
932 253 77
1936 550 30
1239 787 26
1026 1698 67
1880 1933 50
540 1808 32
1770 70 7
202 1421 4
259 370 54
1102 402 97
652 549 83
1166 1566 20
1591 633 24
946 1261 20
696 772 19
46 1400 45
89 1549 12
881 765 38
1444 255 69
251 1249 36
240 1360 79
612 825 65
1027 1617 4
1122 307 61
854 1510 24
1655 113 77
1549 943 70
283 1359 11
201 1308 45
1558 1360 20
1431 1505 46
786 439 15
282 311 87
620 981 22
883 93 67
284 808 17
1103 702 50
1730 863 67
1799 1669 81
1715 1649 47
985 1201 52
798 262 96
222 1258 25
1994 575 19
437 1655 56
1558 1363 45
1153 1042 81
275 1776 5
435 1254 98
1954 609 41
741 248 70
1674 149 72
1317 926 96
25 135 23
847 1016 86
1180 195 91
673 327 19
1246 1801 70
15 1463 3
265 416 98
610 581 90
997 1373 49
311 1112 30
1079 292 36
1082 1685 72
230 1883 98
1812 352 55
1844 1417 36
480 668 86
1614 1504 81
1911 1102 89
1595 626 43
151 577 77
1948 143 64
167 901 1
1768 457 68
832 366 16
1512 981 70
1024 1854 52
1167 1220 39
1773 1370 13
1903 551 50
1273 1423 30
782 1142 62
976 1916 44
439 42 92
1352 1070 71
318 255 47
686 1745 13
1421 1983 2
1270 1034 48
312 1526 22
762 42 32
607 1487 3
677 1032 57
1579 1681 56
607 1898 80
98 698 58
1568 9 89
74 1542 86
1169 517 55
357 259 6
1391 1073 88
1771 1476 52
1679 39 74
124 816 83
1474 1359 81
350 179 53
1034 363 67
809 1181 36
283 164 30
139 173 37
123 856 96
148 219 48
824 904 44
17 252 11
856 1767 15
552 1481 73
386 367 7
820 317 68
1494 1789 79
713 173 93
689 778 45
1505 1411 30
1320 466 20
1775 1909 94
712 779 72
940 1603 98
615 244 75
1845 813 25
837 45 74
1068 1893 89
113 131 62
129 872 94
800 1286 4
247 689 3
241 163 16
1911 722 65
574 951 1
1451 138 21
1534 1802 79
964 498 78
376 92 58
1411 1517 18
970 3 65
1498 1295 54
11 1011 79
1893 1024 81
69 1208 25
1191 1612 73
284 760 38
753 137 98
82 1471 28
1909 1987 34
1295 1158 99
167 1834 82
1609 216 88
360 1595 42
1933 1415 41
239 18 48
560 725 41
1136 1605 75
93 244 9
33 489 11
242 1337 49
1966 192 25
797 828 70
1441 551 17
277 1054 10
1229 313 84
885 433 61
12 1923 95
1156 1706 89
454 938 43
1263 1515 26
105 1583 55
158 1567 88
1897 923 21
63 775 20
1755 81 59
1064 1879 7
1863 249 67
1581 1820 52
753 1515 26
1281 297 49
763 736 82
1302 1119 46
799 1837 44
972 1410 31
742 1694 88
1718 1508 31
1007 990 83
661 394 15
1655 1443 35
881 973 40
594 1623 58
1842 401 22
1150 343 64
698 1408 66
45 1026 78
1675 1717 71
272 1127 90
1148 1603 28
1273 1182 16
1849 1985 82
1672 1697 44
109 728 79
1872 1488 46
1375 1227 23
49 10 91
258 1317 29
898 330 9
1750 855 21
1907 1358 91
1530 164 99
329 1800 80
793 407 59
344 366 54
233 1101 43
78 645 41
458 203 21
1506 1132 89
596 970 91
360 1472 15
1403 510 88
103 647 3
1679 1787 28
46 471 50
604 1446 92
582 336 75
1988 1998 1
484 1735 25
380 919 76
1840 1192 54
834 901 63
131 1930 87
304 1415 97
603 1975 62
1308 1796 75
1571 1944 46
1220 1826 26
302 1436 10
806 1457 81
1511 1837 69
1206 277 53
1286 768 82
947 1892 79
1992 1861 56
221 1476 87
1073 267 97
68 815 82
1573 1249 58
1318 337 40
1415 335 21
345 915 31
237 1334 56
740 1407 88
926 1561 79
890 427 55
1211 645 13
1878 1395 73
160 1922 83
653 65 45
1941 848 21
547 1736 1
700 226 10
843 1801 12
1763 8 33
1115 1092 70
942 1714 82
1876 1606 30
502 1902 14
1204 1733 11
1147 1282 94
1857 754 63
304 1935 66
1508 1909 94
1950 26 2
367 1403 51
1474 822 76
1405 361 14
964 603 16
784 1466 67
808 1235 28
235 876 36
161 1995 91
670 824 71
1298 977 24
464 1492 15
688 485 75
157 328 50
1313 1104 19
100 796 44
20 1436 21
1224 714 68
1948 1545 66
761 235 33
1988 1017 56
1115 1796 48
692 1030 66
1933 822 16
1968 1818 80
950 1415 37
426 86 30
1625 66 20
153 382 76
44 1685 3
580 1920 69
231 1656 56
1288 615 84
349 1941 11
1815 1778 7
721 956 45
833 1093 25
1810 1751 64
997 679 77
12 1871 27
1782 1749 86
1434 1235 47
522 1692 40
1107 1815 17
1563 1833 44
725 1315 1
1611 892 55
1911 1414 84
1589 173 47
44 1135 96
1209 1328 15
1692 320 19
685 655 55
1429 282 1
1889 1250 50
1399 438 28
1962 1507 98
1589 1829 5
881 871 94
511 77 22
860 1458 11
688 398 33
130 1332 13
1385 1863 52
225 994 68
991 664 68
49 1578 18
515 1946 79
71 1036 22
1301 915 62
556 357 12
474 1906 66
1277 1440 70
1028 1692 71
1862 301 55
38 247 75
1233 596 62
234 1130 53
1861 870 34
1453 324 59
1292 865 46
1422 678 62
1445 118 92
1600 622 14
490 760 62
1823 284 49
1734 830 33
350 1163 89
1149 153 8
1775 845 74
108 940 68
1128 802 95
227 175 13
1423 1508 77
151 1046 90
655 1006 98
206 224 87
191 1176 32
442 1484 43
1282 1948 89
218 1840 3
1244 413 71
255 727 58
183 546 80
751 176 3
1089 659 91
931 180 24
1898 232 21
258 216 10
1721 1643 60
307 1190 17
1682 1975 90
1610 1556 51
600 1953 49
1309 454 22
1709 267 69
1475 444 75
650 792 37
967 1286 14
69 1494 6
952 334 41
840 1967 31
279 59 71
801 929 19
1317 1760 67
1348 1873 79
261 336 77
522 578 49
751 256 39
1425 493 63
2000 268 2
1720 1272 66
1727 837 69
736 1514 25
636 1152 78
709 545 95
640 401 6
255 1437 6
446 161 91
1442 419 53
1860 1299 42
1613 1612 57
654 388 4
433 511 1
694 467 37
1915 1788 8
819 120 90
1698 1901 51
14 764 30
784 462 4
1144 1043
