92 24
123 864 980 491 162 187 217 340 224 179 112 164 495 421 655 216 555 893 902 556 822 819 739 261
402 284 956 448 567 75 136 105 142 430 119 263 973 598 308 161 942 717 258 107 349 586 80 958
405 675 23 634 749 405 850 417 871 122 759 259 733 76 188 888 245 124 553 386 58 45 595 969
900 346 939 383 193 939 308 855 102 777 424 165 117 791 732 820 568 246 527 872 309 230 53 490
852 189 970 963 671 13 82 91 966 228 949 7 506 158 535 147 650 276 379 932 557 171 698 362
577 720 624 403 339 385 244 49 594 915 309 848 605 430 580 539 459 767 528 552 858 520 45 765
165 146 592 175 496 88 884 426 552 15 694 137 121 742 623 494 263 396 918 312 144 613 759 267
903 448 206 592 301 628 35 121 635 205 18 137 688 507 889 770 480 74 322 18 999 745 590 1000
260 252 103 614 750 801 466 670 279 26 655 642 444 693 309 778 70 320 77 467 435 442 727 219
423 684 90 231 512 762 245 252 675 777 906 778 449 472 514 383 527 752 385 593 920 668 30 829
203 562 840 759 994 643 359 359 140 574 512 708 784 591 650 184 363 381 846 165 86 353 82 956
713 660 890 850 848 758 122 471 310 165 10 888 942 910 264 533 647 100 377 246 78 968 280 497
965 302 385 878 580 653 386 410 307 3 338 274 603 60 179 179 286 328 93 854 676 499 738 692
154 27 111 875 890 596 173 783 537 543 801 602 157 688 79 983 330 55 247 106 876 256 748 258
286 823 836 241 601 232 974 487 31 434 100 802 880 479 842 145 503 16 741 990 457 844 813 80
114 148 471 595 680 727 885 667 509 737 493 324 84 896 655 526 639 10 828 390 910 531 988 635
527 815 226 949 372 646 36 421 748 906 827 884 537 439 58 325 552 914 301 786 926 80 817 354
778 439 125 705 445 532 686 177 412 616 470 169 220 313 528 337 704 955 944 339 407 139 144 922
907 266 419 604 121 404 191 973 386 551 761 258 495 710 852 723 418 904 583 852 681 438 254 628
692 702 397 188 585 586 786 720 371 146 708 60 660 745 131 898 317 180 181 774 216 982 907 94
823 532 796 413 408 705 766 854 923 496 22 284 850 763 413 889 355 83 690 734 666 203 217 320
222 198 366 320 763 780 490 729 216 31 346 830 157 272 987 876 856 343 97 375 896 764 193 316
423 308 588 838 753 374 282 732 228 591 435 876 644 8 560 634 684 918 251 253 745 135 397 810
898 69 824 860 587 714 227 318 429 994 221 220 716 181 941 858 677 402 302 554 614 763 632 917
64 103 555 223 748 387 997 922 252 428 724 333 744 322 177 899 229 411 130 107 130 280 194 129
722 823 285 450 847 318 262 89 251 67 288 21 537 75 125 423 446 904 880 440 729 111 161 726
606 890 193 145 712 562 900 228 987 137 361 705 602 949 740 480 746 443 417 211 148 717 171 381
21 115 625 611 705 424 561 511 82 486 257 510 278 852 657 673 437 1 850 930 698 762 571 105
88 44 593 991 124 672 324 838 715 429 661 333 917 335 964 685 289 355 912 646 566 59 507 400
278 809 7 736 466 524 273 643 752 500 17 866 914 695 781 996 739 162 93 513 421 195 660 937
586 2 701 816 981 53 241 409 778 294 533 70 704 827 970 866 483 807 608 875 605 18 654 373
200 15 329 106 758 104 874 373 879 905 28 52 219 322 128 506 691 576 589 158 246 131 847 224
91 93 621 841 13 502 918 859 877 7 911 975 389 303 521 594 355 554 399 76 980 168 214 345
5 637 352 291 42 772 941 185 653 344 699 783 389 228 624 831 462 334 605 583 692 34 24 446
593 42 816 150 401 250 101 316 323 873 703 190 74 879 55 435 929 245 88 893 676 335 440 588
140 393 774 64 691 94 26 604 826 708 296 172 377 744 336 513 884 948 788 35 310 59 643 978
365 616 208 172 236 421 542 279 1 426 24 631 28 789 291 497 826 496 343 299 756 142 163 524
272 831 839 259 904 45 256 88 965 499 693 488 195 56 569 938 782 93 665 931 14 522 906 90
672 819 243 783 225 558 921 490 190 389 50 260 304 503 480 282 89 719 848 910 15 667 625 379
788 419 12 547 664 219 288 364 170 560 398 138 947 668 465 685 988 192 314 234 741 111 304 962
633 434 940 215 843 774 999 913 63 98 67 349 372 290 41 435 725 135 229 908 644 392 525 47
381 57 666 827 377 227 30 379 720 580 78 298 566 552 181 727 843 791 732 947 168 986 488 792
217 330 875 323 153 427 830 787 321 343 111 280 112 564 205 398 949 66 558 619 57 586 391 824
39 812 326 302 983 169 219 597 890 912 239 42 729 408 398 703 580 28 356 757 649 562 866 143
892 341 271 291 154 233 641 276 395 353 303 447 706 567 824 195 236 739 607 707 410 163 177 311
65 352 970 724 60 235 517 568 714 635 915 815 740 631 532 208 365 930 888 497 827 641 263 417
494 404 700 987 618 989 328 620 234 907 718 661 35 384 503 107 550 714 344 811 509 281 602 525
859 488 151 461 860 612 673 759 676 231 148 48 538 549 322 521 763 200 434 766 930 692 712 149
132 10 433 618 66 382 578 22 955 905 928 427 158 942 704 512 26 690 922 932 735 510 627 344
980 327 472 297 6 976 368 909 212 33 30 412 194 64 597 726 722 278 666 400 491 765 20 221
394 523 720 620 36 723 306 790 644 109 841 831 537 392 908 362 322 776 711 917 174 623 831 364
342 55 830 696 201 805 779 487 702 319 114 529 344 720 724 244 653 516 662 461 14 658 927 356
103 275 555 159 182 512 968 826 394 131 368 633 359 488 385 61 811 76 858 435 190 676 592 224
202 962 196 419 834 10 61 886 698 783 428 238 596 194 934 957 544 568 624 473 694 243 485 337
390 883 64 809 294 208 536 213 615 689 903 404 149 477 681 315 461 965 579 190 498 756 461 993
295 91 376 139 666 312 147 314 540 257 907 111 863 413 619 400 409 947 276 223 688 154 259 730
440 242 15 903 794 714 445 125 193 547 33 574 515 322 771 274 897 4 268 176 249 187 348 882
555 460 228 458 95 586 947 9 82 266 609 82 200 828 617 738 589 903 677 143 959 420 274 8
917 175 791 91 450 666 640 955 354 81 387 823 427 213 649 923 158 479 272 57 420 365 23 776
739 878 658 255 234 107 853 224 985 627 90 512 181 146 34 965 157 114 52 137 879 419 32 829
108 97 32 960 552 776 610 838 414 642 625 960 514 691 971 873 302 501 887 639 538 382 1 247
654 616 513 86 289 166 913 739 936 612 483 229 112 529 595 53 649 450 441 711 214 308 535 829
613 353 63 506 974 346 954 683 753 134 562 148 957 864 386 646 353 420 299 977 59 35 332 700
492 564 41 6 659 106 708 886 308 504 505 748 26 580 60 228 956 936 469 270 946 664 681 370
884 568 841 139 175 39 973 99 727 156 519 850 408 365 626 664 498 472 147 493 715 294 672 790
305 110 907 273 4 599 427 937 529 331 731 115 461 234 17 109 855 836 518 789 608 25 947 59
57 478 10 765 353 233 690 308 88 418 308 140 976 263 379 434 184 933 288 728 909 138 751 135
442 559 475 303 540 669 242 714 103 884 363 26 395 813 802 417 14 618 817 388 249 678 360 503
126 182 501 325 672 756 206 71 68 420 701 406 93 120 489 703 877 781 343 319 30 143 639 602
565 585 516 346 823 138 744 811 219 435 155 154 567 696 747 925 52 140 603 341 574 653 177 325
860 612 367 215 43 596 140 396 476 544 209 929 868 597 124 654 235 237 154 621 704 432 46 843
42 90 59 558 445 514 943 212 309 61 348 406 51 747 961 799 39 509 829 176 635 724 881 469
45 108 491 351 878 100 628 677 427 674 884 432 828 233 440 579 249 793 492 691 731 759 19 940
772 471 288 458 163 333 250 584 943 185 419 678 879 965 597 958 386 493 40 356 564 557 202 597
163 781 39 9 129 363 296 26 177 78 930 958 786 812 70 213 760 113 44 607 93 294 765 851
374 654 615 800 347 170 119 822 106 411 431 650 941 561 973 924 663 623 57 903 77 552 860 854
135 369 251 961 397 439 545 706 504 80 345 760 561 35 799 891 89 101 573 767 899 897 763 591
809 11 383 148 23 184 508 233 526 988 888 692 984 51 52 813 422 18 543 231 752 969 4 678
481 757 53 364 466 68 142 138 248 71 339 19 722 366 980 831 134 78 698 984 595 821 784 234
712 650 884 775 501 2 499 808 946 73 82 682 469 727 868 912 772 668 850 265 34 223 291 451
389 64 186 329 471 379 707 506 257 834 545 216 878 759 30 772 342 503 610 360 623 192 757 810
429 94 456 639 382 636 315 207 549 791 552 1 166 309 787 272 228 580 720 461 795 708 42 798
90 252 677 82 742 544 390 499 847 742 909 412 394 481 987 481 288 98 556 365 541 129 912 451
879 833 354 20 330 207 835 98 560 587 590 307 896 801 525 244 314 653 533 465 634 969 894 867
106 606 879 945 940 176 952 532 836 898 706 462 559 737 365 796 322 581 468 105 439 389 770 517
73 294 372 149 529 420 432 38 173 504 571 123 757 283 228 661 29 62 412 776 789 35 408 475
185 76 704 511 87 887 222 127 517 525 723 234 850 982 928 312 556 519 234 623 11 409 556 690
156 329 434 133 683 65 678 801 744 550 563 250 76 775 958 56 225 287 189 833 848 866 181 702
69 40 344 138 652 851 211 169 296 411 780 444 573 944 843 865 454 457 950 909 638 511 981 96
588 43 670 791 977 890 657 130 477 382 373 760 455 642 169 515 194 935 880 310 632 175 260 840
922 214 219 177 922 771 713 558 572 247 794 730 889 422 323 808 531 199 336 269 948 929 69 675
810 327 462 960 631 721 10 777 566 28 641 659 813 798 320 80 534 830 150 769 823 351 493 570
203 151 785 902 108 925 889 150 716 490 724 156 78 345 467 524 978 581 517 156 204 941 801 498
45 167 798 227 16 3 475 625 660 958 135 296 674 598 288 179 221 503 884 383 501 51 582 532
292 312 44 682 594 541 359 68 756 387 151 535 107 794 98 49 723 827 739 81 507 677 8 133
545 315 865 427 753 259 989 700 459 112 578 351 418 302 598 444 613 548 591 519 476 812 489 362
799 721 573 58 243 700 553 131 880 55 153 800 341 481 249 67 345 559 194 588 686 595 364 838
959 695 485 362 659 153 651 866 683 594 342 223 787 723 113 458 629 590 511 312 55 201 851 654
818 133 397 528 715 446 456 719 544 151 633 9 948 978 909 963 477 340 184 361 740 637 888 237
556 873 259 647 991 244 148 746 244 92 874 77 360 179 658 768 214 917 606 791 11 626 915 308
434 639 873 753 357 566 802 31 757 170 563 900 968 309 83 234 329 523 831 154 161 714 135 245
690 200 614 805 228 264 343 99 102 169 274 491 626 427 292 940 996 505 152 313 797 75 660 12
13 629 11 880 18 495 736 663 394 29 753 768 561 235 464 604 157 825 730 451 168 306 673 74
835 238 420 943 242 293 323 701 265 757 917 573 509 137 620 462 992 342 69 807 58 241 46 232
293 364 226 473 239 45 319 868 237 421 894 495 745 445 970 644 724 11 326 759 71 261 590 305
979 480 855 176 354 89 455 484 124 285 435 808 133 502 143 670 185 916 806 465 488 973 754 216
422 152 341 339 490 637 855 406 114 873 601 491 659 155 709 837 773 813 147 158 434 620 681 3
715 439 894 300 724 691 765 423 975 169 799 493 510 324 417 307 955 5 683 209 628 489 730 283
455 447 773 995 853 42 383 935 382 150 465 331 596 253 929 495 827 475 701 529 60 855 162 687
935 415 112 81 862 37 518 197 64 550 181 639 853 524 177 262 594 920 285 187 868 366 40 984
954 729 466 966 919 557 674 385 778 563 253 509 89 113 509 737 337 46 362 6 82 507 182 220
203 508 8 876 833 456 815 895 874 834 420 207 192 518 674 56 930 686 463 116 47 357 534 590
365 27 40 724 427 57 626 547 920 964 60 876 370 67 784 969 483 679 822 393 588 56 529 395
10 451 74 398 310 762 326 966 781 343 182 682 804 653 438 369 751 31 85 496 644 602 998 435
822 59 84 546 890 566 454 652 432 472 312 708 888 671 995 278 158 960 864 459 628 322 148 50
479 434 603 77 500 739 241 275 499 814 181 521 173 869 519 701 112 115 939 374 769 950 830 941
158 628 877 640 293 578 518 653 157 443 524 62 960 552 973 610 439 968 474 73 471 447 615 148
456 255 135 967 779 164 917 289 774 331 381 71 464 194 977 701 416 433 912 917 556 732 524 637
624 719 248 54 713 353 303 383 157 392 996 745 756 904 403 924 468 355 394 570 475 575 396 29
149 85 184 133 923 964 254 830 669 508 69 489 4 7 537 469 308 345 318 666 50 91 485 971
551 140 403 572 12 936 735 78 468 805 409 435 702 768 222 681 94 83 671 449 658 921 652 799
280 297 584 801 175 506 634 370 348 26 850 512 524 342 932 528 540 386 210 193 257 666 57 880
406 439 622 82 537 155 545 519 678 550 294 206 911 288 677 98 876 862 446 487 353 524 648 45
318 182 801 864 272 438 889 852 676 803 412 306 336 420 71 454 783 181 67 573 947 450 326 11
195 719 874 498 981 192 961 253 256 276 317 225 301 477 786 242 99 509 133 151 869 285 29 732
270 992 9 469 75 898 476 570 572 754 406 342 1 542 467 400 648 533 853 557 198 169 664 757
262 625 866 115 89 424 224 705 469 443 186 418 746 239 535 749 727 417 100 572 681 327 933 434
704 319 700 733 717 394 993 828 264 981 598 721 566 425 306 914 886 380 435 794 28 836 617 316
834 2 443 690 378 944 274 447 395 205 289 296 474 269 388 477 864 196 362 982 236 239 136 73
300 375 89 168 615 400 633 853 595 757 833 945 28 295 788 626 85 410 415 534 874 493 455 228
245 866 509 107 925 907 449 8 146 980 606 34 320 605 953 522 283 893 261 259 195 511 111 911
919 211 882 4 139 881 687 322 426 844 27 543 493 599 830 115 151 125 124 850 373 1000 383 12
43 515 510 759 990 645 644 779 722 607 861 774 963 238 338 943 471 225 263 201 143 225 36 801
145 209 939 719 89 921 475 810 340 676 608 568 43 457 707 755 267 878 40 498 686 327 534 96
589 414 311 700 960 668 26 48 428 330 677 642 74 18 2 912 566 422 898 520 110 702 879 257
527 297 184 266 84 358 388 875 122 410 290 107 268 940 969 115 501 74 723 86 636 579 701 500
76 578 912 923 892 583 169 306 583 416 899 497 256 564 327 324 943 253 507 538 681 88 166 647
208 852 735 451 404 911 642 869 595 434 863 535 240 350 284 523 70 29 953 875 406 967 400 238
787 261 958 62 545 571 63 10 35 592 428 927 925 648 596 531 637 455 187 705 321 243 917 523
217 765 448 393 433 370 618 405 521 525 702 270 971 934 12 186 573 112 317 484 544 533 160 312
50 425 215 589 672 480 757 713 372 880 26 679 467 6 167 74 920 710 983 291 543 641 104 674
273 14 250 979 400 347 657 995 523 53 51 359 903 461 624 210 734 703 141 663 375 84 688 573
265 350 674 863 399 155 686 462 227 237 596 824 138 161 570 146 976 537 308 914 386 331 66 549
545 926 559 771 322 147 395 484 605 889 235 31 15 369 222 392 964 33 227 352 569 134 932 666
529 348 203 351 32 74 57 242 337 932 308 505 330 375 577 980 103 670 913 836 623 494 418 977
490 159 167 959 662 279 842 700 362 926 492 546 80 925 56 552 837 518 92 866 821 106 59 374
977 257 665 942 47 662 616 599 503 813 552 246 154 243 749 85 771 169 41 485 870 168 795 873
564 892 575 140 995 728 186 173 405 411 38 825 468 855 426 593 454 27 601 519 547 724 387 632
262 72 792 43 802 351 795 472 588 414 189 723 484 771 731 315 241 987 565 812 349 892 979 701
508 659 18 632 500 237 308 398 71 714 309 828 850 229 952 147 864 250 943 288 503 161 748 458
941 307 38 176 972 619 735 211 952 867 960 988 232 23 42 456 864 514 946 408 856 281 758 911
378 557 954 71 619 835 23 303 217 93 340 842 401 663 538 886 855 574 137 805 432 225 369 415
352 969 847 337 8 792 969 233 205 907 927 5 881 559 608 954 268 403 552 770 787 215 660 327
82 127 191 716 491 801 979 187 2 242 815 540 739 864 701 706 96 405 22 436 737 447 923 241
416 165 247 9 321 370 304 134 219 713 810 784 725 918 454 918 85 684 345 434 201 702 797 400
257 592 445 387 536 881 270 88 771 1000 855 658 399 508 923 509 506 433 54 990 307 736 186 535
1 100 855 182 326 224 605 264 985 597 787 892 121 20 412 426 869 252 526 877 309 664 468 718
557 237 463 675 351 851 82 266 942 760 269 231 337 924 402 34 966 310 65 444 530 700 286 106
426 896 417 383 469 455 965 655 811 824 977 337 145 806 804 298 849 843 666 93 217 496 409 829
87 85 445 670 148 164 362 338 303 615 366 445 445 304 855 518 624 580 554 738 637 613 435 993
696 293 402 727 373 958 114 958 971 304 692 678 136 565 171 390 827 538 536 347 522 890 140 133
868 496 253 939 593 677 286 115 266 920 71 113 21 797 380 591 908 813 251 52 417 913 34 386
282 943 524 199 412 623 446 565 980 707 273 179 96 98 227 396 822 595 67 649 246 392 975 418
104 599 501 544 124 654 745 509 775 7 440 162 550 117 217 879 14 300 566 974 404 910 251 32
602 649 398 366 762 69 510 434 610 834 280 397 53 97 831 46 413 503 49 670 191 275 527 474
582 54 890 794 383 688 458 814 763 177 699 933 430 603 797 382 66 486 130 725 358 396 877 648
743 911 17 979 431 787 926 29 844 851 583 430 163 637 244 313 817 130 341 823 838 920 515 534
362 830 637 595 609 540 778 113 696 987 658 471 950 494 467 464 853 968 71 235 871 809 377 570
910 724 753 648 181 481 807 652 934 913 995 15 807 819 238 589 755 99 519 223 894 27 77 346
932 295 902 427 723 310 544 304 340 439 979 174 217 130 709 18 927 291 38 695 8 139 649 956
934 603 518 506 721 111 698 161 264 209 788 222 316 524 503 794 616 741 407 457 19 744 450 534
684 57 224 896 448 118 405 297 281 985 29 797 757 418 536 580 960 117 582 637 720 250 432 202
63 723 445 284 293 752 443 465 233 985 650 502 926 508 179 66 107 384 288 802 812 474 489 34
419 648 594 377 555 416 346 441 231 769 469 576 990 966 906 177 504 342 604 522 700 874 361 913
631 990 774 20 770 566 73 707 905 300 285 761 527 324 764 647 590 488 972 11 200 203 861 57
796 300 262 398 681 488 226 147 945 169 868 867 996 809 36 239 576 473 746 712 165 542 31 175
969 389 228 40 417 234 48 968 695 281 84 980 245 836 402 496 510 620 665 362 457 641 201 4
238 599 96 138 713 649 388 860 785 365 821 609 427 744 146 965 462 866 635 460 781 201 778 76
870 672 657 468 12 763 395 146 785 568 636 63 94 19 31 710 599 681 614 658 519 182 115 327
283 975 861 985 466 386 569 10 815 899 669 56 306 802 501 88 322 449 484 911 849 308 775 836
784 782 692 658 42 832 629 768 574 730 88 466 817 618 818 150 447 534 973 823 847 329 912 795
803 971 308 801 697 408 947 312 381 183 196 439 40 438 453 548 122 835 82 806 961 378 610 746
50 787 832 440 795 838 342 536 925 206 257 497 288 212 152 449 719 49 769 71 771 363 185 824
610 545 465 609 732 788 533 504 842 365 640 10 44 406 284 565 751 434 912 500 353 287 281 801
