48 42
107 994 301 710 336 503 90 283 837 934 887 802 449 989 933 136 944 884 266 325 776 840 773 451 546 348 462 11 555 389 701 721 667 739 815 808 145 70 467 686 630 25
43 415 178 936 797 703 945 292 851 771 515 527 85 212 846 122 131 36 418 209 374 635 897 328 349 802 672 595 636 485 181 892 31 327 418 571 487 704 681 551 844 947
368 885 218 686 587 683 22 470 768 724 946 528 30 791 656 991 321 682 786 253 295 427 395 69 736 475 938 705 265 515 205 208 619 573 950 753 681 223 1000 226 564 332
403 773 820 451 707 963 639 825 839 157 825 819 424 17 54 10 829 439 72 534 489 107 157 786 969 242 932 407 460 641 606 532 427 847 56 704 969 730 788 278 657 386
749 447 249 892 973 362 547 437 443 881 617 495 326 343 383 945 240 375 331 515 185 963 127 902 990 8 585 967 313 210 830 8 540 322 83 413 24 450 975 582 680 112
821 320 6 201 385 286 772 492 230 353 542 790 261 77 59 163 456 316 255 360 72 993 510 893 34 981 440 186 767 733 10 35 430 241 548 921 222 767 748 439 140 928
609 826 413 142 582 255 261 166 998 439 285 328 578 826 551 471 208 132 782 715 594 46 973 808 484 804 102 473 997 872 164 452 703 954 412 881 413 35 890 374 387 38
778 372 274 757 455 549 730 586 258 352 787 81 5 211 27 36 293 274 541 621 696 14 234 547 238 218 816 553 703 70 420 204 673 404 50 28 768 359 286 915 293 90
720 526 25 12 362 445 604 413 385 254 158 683 235 13 455 365 187 553 472 299 19 476 599 48 745 509 44 877 487 27 831 98 901 919 304 402 428 216 530 48 337 458
397 894 213 714 707 413 708 204 142 669 145 813 983 939 348 402 729 938 953 612 20 594 655 93 468 802 766 647 900 485 258 23 819 347 225 841 695 843 854 113 899 844
681 81 24 505 970 873 362 360 626 852 58 1000 322 56 248 802 796 40 92 982 289 776 615 334 211 889 327 94 663 377 644 525 899 150 515 909 369 742 929 359 550 970
263 987 26 460 581 113 914 158 640 29 923 258 585 302 730 276 407 251 63 917 841 59 253 448 69 684 583 587 904 731 656 980 797 890 445 250 754 91 901 286 733 188
149 266 200 111 987 609 71 818 873 866 468 135 656 312 765 988 393 693 77 441 714 441 962 962 596 984 692 955 943 464 168 300 827 190 138 403 284 545 605 738 884 454
331 145 402 632 902 422 680 103 566 686 154 884 603 889 3 786 202 888 544 939 258 434 791 655 571 170 964 318 16 978 357 383 161 527 362 206 60 850 256 802 582 421
707 224 107 775 984 746 479 454 526 41 244 274 311 996 586 112 895 320 54 446 390 262 869 393 893 593 544 113 592 175 518 16 95 783 310 895 692 648 386 411 117 734
858 372 845 363 165 858 999 961 32 942 424 773 125 344 427 837 861 832 278 794 695 13 98 423 503 211 908 85 606 363 766 580 538 269 686 663 154 564 499 66 12 473
475 364 804 313 521 78 47 452 233 569 893 920 630 440 467 227 199 959 951 440 131 469 218 820 839 507 570 300 732 332 489 299 514 373 965 512 417 557 459 297 797 752
897 456 199 544 910 313 89 809 431 985 34 479 3 117 118 38 820 851 47 894 790 703 106 866 785 225 324 169 715 770 641 463 337 771 484 200 796 832 689 86 965 383
680 217 348 462 523 298 252 567 607 649 13 839 864 740 642 659 15 135 320 232 484 810 857 438 397 847 811 437 848 705 75 669 633 88 887 453 49 557 733 516 71 959
571 312 995 714 1000 884 504 612 532 500 281 217 630 955 881 702 811 539 429 892 55 787 691 839 892 649 215 543 582 787 476 944 237 130 689 650 914 74 971 330 256 128
105 95 45 819 158 328 165 354 752 610 779 195 426 504 44 849 118 522 429 935 851 292 36 432 180 378 590 265 546 693 446 100 783 373 249 845 989 698 472 721 824 668
986 594 449 727 327 105 547 940 392 558 242 992 499 56 303 420 910 868 274 760 487 716 51 190 935 900 864 955 897 519 651 642 735 650 697 869 16 431 332 623 245 511
916 104 893 468 921 250 345 217 466 547 41 460 544 478 882 409 709 731 521 108 788 113 685 38 545 865 916 149 243 577 915 8 965 252 962 953 338 204 862 24 391 375
671 824 145 696 378 184 585 529 540 810 414 221 658 3 777 442 897 407 959 238 661 367 589 986 271 921 530 631 236 504 732 797 803 151 648 37 893 359 645 678 140 868
866 231 595 6 150 803 978 654 243 567 987 295 299 517 186 669 898 252 625 524 136 352 562 786 646 617 857 291 952 650 364 943 665 626 160 675 231 721 846 145 34 896
957 702 867 607 404 282 800 740 448 81 723 842 995 14 428 572 771 147 119 255 604 84 489 236 861 927 362 827 900 86 825 791 137 508 46 405 152 890 114 862 950 227
755 141 327 617 271 993 672 704 138 821 387 710 91 842 82 951 467 194 361 535 457 419 334 390 891 910 751 641 852 945 261 907 925 115 53 508 292 268 458 186 11 811
801 325 797 105 630 138 464 494 474 339 108 977 620 256 771 6 262 516 719 38 161 769 305 559 922 708 744 691 88 444 617 813 899 675 110 638 245 259 755 149 527 735
30 759 12 635 234 492 125 164 47 958 54 374 525 846 142 395 186 58 723 425 445 550 622 326 476 678 167 373 769 473 140 326 440 495 425 385 825 869 333 21 746 226
188 473 990 655 526 602 125 676 776 309 867 129 818 696 30 412 87 21 865 432 538 727 28 924 350 937 286 985 813 16 62 490 754 987 458 693 517 183 274 510 125 904
432 367 355 913 843 142 935 32 174 538 126 157 449 826 62 500 430 44 324 537 80 56 889 867 420 731 476 521 904 549 148 411 123 396 44 810 993 819 296 738 147 778
706 178 723 437 745 691 662 191 143 826 217 609 512 49 656 548 980 613 431 283 546 566 649 439 277 197 678 380 328 441 187 909 167 663 930 538 273 798 970 929 325 597
321 36 274 860 216 941 508 1 39 849 934 684 417 873 410 604 934 794 336 945 825 222 1 642 391 549 980 638 22 473 996 741 356 12 72 869 126 515 500 562 664 107
285 59 696 399 413 332 854 36 128 118 73 742 444 373 49 31 508 727 642 986 628 986 921 208 178 293 205 140 712 414 624 879 532 333 665 962 675 294 644 753 617 780
829 506 612 667 533 713 586 979 500 194 286 90 795 379 63 402 903 858 549 256 216 311 10 34 488 990 673 664 878 752 152 811 540 684 182 140 605 459 554 843 96 870
938 28 95 987 94 299 761 608 259 671 678 885 770 419 804 77 965 55 795 719 700 463 136 27 222 72 270 866 141 769 472 930 631 13 449 455 290 697 887 741 646 237
171 573 954 814 837 705 385 749 396 155 754 807 525 69 156 161 723 228 401 700 931 448 44 349 160 619 293 318 110 856 693 680 546 600 650 74 44 325 270 82 687 518
507 310 17 303 178 920 641 664 240 370 625 591 726 552 505 574 534 67 287 531 128 790 790 884 268 250 868 292 885 263 134 779 432 444 448 253 53 164 106 52 449 342
687 174 842 843 592 565 776 327 321 161 967 32 990 539 887 797 250 452 980 204 833 327 351 329 952 707 436 65 377 803 715 560 639 32 888 619 11 385 231 109 541 398
719 557 387 461 258 828 280 70 925 985 994 524 206 67 754 653 656 134 207 684 143 836 975 200 213 638 237 266 2 529 750 132 441 358 430 514 501 109 493 815 565 746
452 371 347 48 837 510 309 960 928 513 990 947 54 578 368 711 864 47 45 398 339 28 282 181 266 874 7 904 772 559 17 576 67 410 296 140 495 458 606 279 782 900
711 260 456 154 800 169 659 73 505 37 992 483 58 120 347 291 840 59 192 652 169 717 131 820 507 337 70 363 83 788 588 708 823 221 498 551 179 629 407 576 794 564
18 255 503 482 113 288 758 790 494 609 594 901 753 884 966 334 305 194 322 34 486 939 895 302 237 434 53 309 39 941 28 479 190 825 913 444 151 636 244 951 6 689
41 759 315 734 870 129 728 402 939 477 432 537 611 61 43 405 674 910 819 167 53 625 70 274 238 31 764 862 278 65 599 538 58 442 685 261 536 832 175 812 209 459
122 464 450 321 877 966 904 182 704 261 478 844 670 40 125 123 52 969 347 663 418 500 725 59 127 759 471 277 495 518 71 699 700 702 720 732 135 304 64 521 659 207
561 699 364 413 947 926 131 43 58 55 383 549 411 251 525 899 678 287 687 438 23 880 881 248 76 177 755 236 179 746 450 251 989 404 389 708 432 325 755 668 682 784
143 818 451 779 460 395 911 878 498 954 701 320 916 76 456 368 662 156 88 692 962 53 983 619 633 792 625 761 110 622 191 231 937 39 80 880 903 772 432 811 664 381
552 875 922 383 254 354 237 320 348 676 907 537 492 355 915 448 250 646 531 653 136 791 894 56 279 688 830 204 735 311 624 395 539 638 690 453 635 620 5 200 446 331
242 354 497 581 310 921 252 187 807 187 950 856 505 692 371 266 26 275 149 339 921 172 588 736 205 540 286 913 518 602 480 763 135 515 17 52 879 858 133 427 439 924
802 244 308 182 223 88 799 447 810 219 238 452 906 61 568 717 749 566 313 339 887 195 587 296 17 943 770 911 778 345 67 179 301 500 732 483 200 512 283 436 108 978
490 986 884 990 183 906 816 595 703 587 744 567 895 306 11 806 698 560 223 439 465 94 493 628 333 189 667 906 466 705 470 87 468 331 151 231 752 334 534 824 784 120
865 386 845 980 611 784 729 807 877 851 947 892 553 914 305 20 942 592 581 342 855 829 318 850 753 693 128 955 254 88 516 91 646 430 469 129 303 901 983 527 309 86
356 27 859 479 802 46 135 945 420 496 923 535 193 79 591 357 956 478 7 917 692 69 798 696 6 765 32 239 144 295 759 901 795 277 151 594 860 445 123 887 551 788
444 264 572 604 944 131 941 454 280 365 221 93 581 928 819 455 751 476 858 488 837 889 64 547 841 611 199 155 664 698 411 737 834 436 299 946 982 341 132 759 222 62
821 55 368 417 778 617 895 407 155 811 119 999 998 417 721 499 465 789 253 94 294 650 471 833 638 25 326 848 443 953 740 672 452 193 305 571 740 331 2 539 973 297
549 868 413 190 622 182 890 210 847 40 459 384 850 33 985 247 804 784 356 897 729 177 446 398 603 855 747 915 514 815 186 821 358 254 254 507 923 293 481 546 804 440
413 212 55 379 215 461 350 512 365 124 724 345 966 371 836 132 592 72 446 930 423 210 863 931 752 896 907 995 485 301 102 173 82 678 714 199 483 11 739 761 204 289
867 178 766 16 79 906 398 79 971 276 112 801 393 204 153 492 42 172 647 255 621 154 646 946 643 470 8 125 546 428 924 362 217 655 652 250 983 158 4 150 321 236
305 357 446 723 641 668 928 191 747 699 185 43 972 903 572 810 919 755 710 427 525 117 366 436 731 996 798 969 676 138 463 16 528 189 352 140 867 341 545 557 995 894
368 990 931 782 119 321 565 309 407 281 811 875 729 321 807 785 380 934 501 307 367 472 188 298 940 922 118 142 265 865 247 930 282 800 7 377 278 365 830 428 270 407
186 894 685 760 449 22 153 223 930 611 182 393 610 796 460 685 696 279 901 583 166 730 246 614 9 446 148 65 909 391 170 742 453 987 797 855 238 814 578 281 248 808
894 679 693 905 910 796 703 473 80 367 299 585 90 138 944 515 101 642 202 296 463 929 154 729 634 199 967 621 23 98 656 398 321 456 556 289 946 857 404 939 235 303
253 435 979 512 151 459 792 522 491 521 107 25 514 3 60 627 915 443 678 276 655 717 378 30 922 399 39 883 85 445 332 461 423 193 456 174 212 719 515 461 87 112
750 120 740 395 681 267 516 870 145 446 457 237 902 937 379 691 137 992 956 36 754 631 300 196 455 93 166 294 118 607 566 862 811 680 593 719 38 434 708 426 502 535
894 548 980 78 167 607 802 991 938 406 109 876 68 840 704 167 310 145 900 344 973 682 940 506 974 505 458 816 736 129 388 548 354 487 276 445 707 139 571 374 263 532
266 347 172 125 978 247 523 788 559 375 792 69 416 719 748 895 904 888 426 643 330 748 151 139 202 708 13 701 51 723 46 980 68 536 797 257 425 834 318 293 705 701
938 633 336 40 337 791 982 845 184 695 309 699 242 855 141 308 165 892 453 274 554 515 440 652 249 402 856 423 230 942 326 650 423 284 559 716 519 597 808 102 678 608
874 510 920 969 863 336 56 600 558 961 371 281 602 465 872 937 48 697 769 675 535 809 171 257 726 43 624 952 202 599 160 298 199 785 610 685 213 468 121 569 648 571
157 896 999 367 40 628 451 93 481 139 462 657 442 85 977 174 420 594 535 42 788 821 650 789 333 261 884 58 188 13 105 507 252 1000 803 448 610 829 232 137 31 823
65 788 262 526 915 195 816 901 9 586 726 461 84 987 349 525 167 699 773 972 771 98 903 722 242 746 520 733 495 74 679 382 657 56 724 209 422 235 233 359 152 649
721 110 697 519 500 706 943 39 695 181 181 683 828 100 940 925 957 271 408 659 889 775 314 933 678 961 413 506 177 848 555 681 691 259 125 363 882 757 913 999 396 438
214 168 983 251 78 223 790 356 288 213 221 494 608 189 312 899 892 353 268 214 6 403 734 26 670 41 670 379 931 59 207 327 862 970 644 429 85 284 605 892 716 133
834 625 572 472 562 693 74 712 515 199 717 343 589 943 182 114 295 525 245 191 943 427 873 323 448 519 742 318 71 728 426 157 481 764 947 591 322 864 563 374 344 919
670 538 238 202 245 99 580 557 537 966 617 368 836 539 869 284 485 595 949 670 76 869 477 241 855 656 93 288 936 742 128 169 791 638 282 375 311 323 325 380 912 783
523 640 217 132 291 772 176 527 219 205 770 481 246 614 683 974 392 910 681 613 505 810 765 664 916 343 167 573 570 589 746 453 939 827 901 567 219 92 70 568 178 246
665 409 926 372 569 155 313 859 900 930 1 46 478 699 379 710 658 91 716 215 330 947 66 371 634 244 235 797 383 856 117 469 637 611 555 435 982 571 974 90 944 9
44 529 651 598 149 653 325 827 609 77 694 270 870 952 2 445 581 957 196 37 277 46 794 811 385 197 101 497 486 103 699 75 508 353 671 645 836 337 576 111 225 499
533 824 8 995 333 803 593 898 771 564 985 261 940 123 484 13 64 729 974 228 908 302 878 156 733 551 849 52 497 493 372 466 3 471 612 624 659 44 652 152 233 540
692 613 977 765 346 722 632 431 19 186 621 207 295 539 339 137 256 117 913 929 951 203 130 426 740 937 9 937 454 111 560 382 948 708 975 290 371 780 27 939 892 518
417 9 213 348 450 914 38 740 336 179 82 629 41 934 119 711 634 984 810 221 846 433 948 796 958 521 493 940 890 549 530 999 576 497 863 751 244 109 312 585 181 632
963 776 159 367 993 882 947 396 991 578 965 193 191 273 594 207 998 512 68 449 606 546 427 274 689 689 886 244 447 846 289 377 576 625 884 897 893 421 105 431 751 139
408 817 914 19 687 882 815 959 337 217 608 102 401 882 377 150 118 415 608 488 377 406 948 637 817 353 851 269 988 528 718 673 41 41 562 600 482 211 665 450 103 590
476 703 282 997 47 917 76 586 665 419 829 350 209 774 645 289 636 411 986 834 264 555 772 98 381 749 964 596 703 456 888 71 101 205 734 251 61 486 270 293 608 128
137 531 759 517 681 823 270 603 622 104 247 256 812 994 388 254 800 643 509 875 634 842 756 187 283 308 362 739 776 505 626 578 892 839 795 201 256 515 138 450 950 102
711 402 149 131 243 510 918 295 182 363 583 781 365 767 675 447 223 178 382 777 320 568 819 931 887 440 860 221 584 509 183 878 95 217 697 650 846 548 290 708 863 60
492 100 101 259 74 867 310 634 472 572 784 401 831 744 935 14 486 760 456 686 754 706 160 396 434 940 715 105 906 433 524 651 507 871 942 930 912 1 410 191 686 576
191 296 80 379 461 944 960 264 512 355 723 517 193 115 407 849 571 538 975 559 990 251 706 675 685 46 64 456 418 823 705 297 680 344 787 381 39 407 193 554 110 701
815 71 510 923 619 50 88 588 60 109 88 925 727 271 223 364 518 999 112 818 576 765 684 299 385 184 716 672 995 91 952 574 1 408 782 800 835 943 801 325 341 722
456 810 232 808 816 584 981 697 881 55 283 840 315 387 996 669 415 914 631 698 9 952 906 233 475 930 658 556 801 678 707 111 924 654 936 245 132 253 93 810 521 100
671 624 415 207 41 286 951 859 502 256 950 535 150 751 262 666 428 761 502 38 391 693 30 952 532 415 398 261 970 85 654 407 872 238 530 179 91 205 880 384 167 483
934 265 327 570 459 449 222 651 748 839 548 831 497 416 816 917 633 96 412 9 822 264 678 639 987 421 718 315 324 183 121 413 432 312 332 941 827 469 172 979 64 426
915 440 431 156 676 546 901 523 209 876 786 723 653 98 326 640 147 988 680 246 667 409 131 464 642 860 698 660 114 671 526 588 29 100 881 797 330 304 272 402 141 509
902 974 362 388 290 984 634 862 801 57 977 974 827 318 569 540 216 916 704 447 192 342 666 6 128 783 51 374 117 388 548 181 44 434 918 497 645 558 51 448 719 646
333 97 672 668 273 841 26 585 980 162 13 898 825 113 735 580 198 606 284 957 14 869 558 785 668 829 621 126 470 275 443 400 731 611 413 476 280 998 577 39 348 828
167 521 183 801 496 595 823 745 954 183 968 850 939 765 644 428 937 604 598 821 275 773 241 745 859 475 163 505 210 247 66 706 203 549 160 726 843 535 110 506 220 977
479 284 864 892 906 820 490 464 788 44 649 993 621 543 139 48 786 338 402 231 940 435 281 810 732 390 144 82 689 678 302 638 16 187 537 570 169 402 818 635 737 437
