70 24
703 567 208 827 272 856 427 884 356 845 671 866 688 404 859 557 507 690 488 890 564 798 258 740
314 474 689 70 828 888 464 867 832 790 676 553 392 879 181 849 868 253 50 487 67 591 250 611
586 734 811 807 706 231 431 514 840 797 359 617 277 741 345 723 795 398 573 10 456 914 357 910
57 578 118 677 174 905 628 977 93 828 767 204 740 709 580 462 532 840 888 988 914 310 45 73
591 979 36 173 723 6 208 805 344 61 96 135 249 698 943 500 422 250 623 788 492 247 320 738
516 14 290 586 413 557 339 407 775 347 669 177 418 788 210 982 964 973 877 932 316 803 955 368
439 101 490 529 37 336 340 944 19 949 699 103 65 504 281 793 541 132 512 48 91 524 137 956
786 781 866 204 657 313 629 835 77 483 671 586 521 437 465 953 234 973 44 494 202 417 375 218
576 597 679 723 128 818 618 648 774 20 876 97 652 909 705 277 343 864 679 521 170 793 329 282
846 843 204 484 191 506 230 455 494 76 50 655 68 428 292 90 102 69 197 910 818 529 943 373
503 59 518 156 571 608 533 275 870 421 188 448 455 385 3 266 885 244 44 88 146 996 480 189
45 727 52 423 594 637 432 71 503 973 734 128 545 388 750 445 757 434 106 736 80 538 663 70
402 942 278 113 643 456 904 230 105 130 115 677 849 230 331 641 261 576 576 989 657 353 128 847
778 502 851 672 301 295 274 627 294 301 859 512 18 324 552 402 623 713 438 525 959 180 777 162
968 65 119 926 566 736 92 795 769 479 971 460 375 973 557 356 881 574 406 862 100 181 134 186
363 683 255 900 533 958 95 546 295 842 296 620 141 138 864 661 69 413 283 916 553 445 821 916
391 816 584 739 904 355 759 348 737 299 763 669 707 292 235 411 595 469 210 440 959 753 436 546
642 582 641 132 751 23 876 593 522 641 943 891 881 22 364 792 490 815 706 674 848 561 321 582
324 401 626 977 546 502 965 302 179 577 162 261 992 477 812 145 676 936 776 407 133 311 147 563
476 429 613 773 268 910 775 231 286 779 554 113 417 453 687 19 794 259 582 698 7 899 796 926
76 315 335 601 374 136 413 308 643 826 804 344 950 370 468 573 976 418 919 473 398 241 89 155
102 275 971 949 231 182 763 746 684 649 306 78 478 312 962 83 400 622 475 717 841 974 473 932
950 998 609 629 428 878 678 369 462 408 962 783 179 855 236 170 402 36 657 278 513 296 875 223
395 313 611 932 382 7 212 141 674 898 178 541 294 999 308 919 536 316 971 324 397 272 40 27
65 191 966 307 881 317 213 918 623 990 47 651 556 588 958 962 400 458 408 223 172 475 166 890
780 507 618 540 169 648 562 37 655 251 878 307 379 77 572 594 414 745 682 842 427 348 772 206
528 958 569 470 491 92 994 952 482 165 704 206 965 429 784 926 581 114 973 926 82 862 246 902
236 269 186 144 716 265 529 97 938 665 257 335 735 695 439 642 399 828 921 378 868 202 585 989
915 797 892 259 331 770 120 297 61 459 19 555 264 768 759 462 66 551 934 968 156 413 395 626
73 966 287 669 448 347 135 744 5 235 865 211 120 307 742 64 248 97 540 387 406 671 86 742
599 415 372 630 164 304 58 555 813 665 386 845 773 162 72 836 948 284 319 118 77 720 554 664
278 459 419 309 717 747 117 908 847 459 939 600 848 236 883 755 918 29 346 154 451 634 216 110
361 449 459 550 349 229 294 706 615 996 29 152 417 240 999 611 397 793 383 35 763 728 892 204
581 513 852 634 905 687 326 847 819 374 378 487 315 415 228 602 88 53 514 835 496 722 850 858
555 470 892 401 528 793 904 254 454 595 403 648 313 83 349 168 351 650 559 555 311 468 769 691
537 132 751 560 69 880 673 502 19 514 970 811 866 299 370 248 441 143 395 688 369 142 908 663
734 988 230 476 338 853 380 940 901 664 142 696 102 626 695 627 465 933 557 851 875 675 855 842
992 777 508 583 403 949 267 508 319 674 80 561 77 429 660 807 535 524 408 794 171 947 975 721
857 605 532 582 170 465 287 892 945 936 108 708 350 900 946 102 423 827 38 917 748 940 715 758
249 989 649 145 442 925 919 877 188 561 930 681 993 259 741 67 204 474 7 920 596 299 650 944
437 50 32 622 834 966 515 3 774 513 274 61 513 263 810 468 68 939 641 405 772 956 160 390
393 187 322 4 722 493 725 314 76 416 138 65 915 366 439 767 676 577 978 76 467 273 673 896
889 903 622 753 358 626 62 937 86 135 751 565 509 882 516 943 484 29 32 731 19 390 724 599
676 431 381 241 751 800 556 675 184 643 930 639 757 268 826 875 241 912 11 205 999 956 283 870
915 312 473 668 964 83 681 660 116 320 294 371 289 694 373 845 552 845 261 557 342 894 5 790
868 121 306 674 121 770 550 184 535 316 56 963 266 45 139 668 674 276 571 221 575 643 778 405
475 963 928 604 690 661 890 895 700 463 687 63 552 339 436 367 540 260 806 670 675 818 987 763
450 907 882 420 645 542 266 550 825 203 129 848 149 285 804 593 517 15 500 951 846 637 642 617
16 377 968 525 153 1000 559 938 105 784 834 191 610 407 337 722 168 860 63 16 957 258 705 416
516 178 30 745 999 578 124 265 355 266 234 441 41 549 514 786 991 517 210 671 992 727 170 22
993 51 701 384 573 102 764 897 925 419 345 570 123 502 269 9 855 935 527 90 905 742 945 107
416 120 275 42 138 904 832 358 637 389 219 376 696 363 263 409 254 962 956 490 293 432 613 957
151 569 684 698 989 618 557 341 410 390 172 455 517 642 463 351 241 664 356 131 2 870 105 754
350 243 91 354 968 103 648 480 564 741 59 598 6 127 317 402 201 435 904 722 858 593 991 580
259 359 951 183 458 551 750 128 646 261 135 297 553 581 33 523 385 813 536 694 123 68 256 442
299 441 32 118 207 502 568 869 168 410 350 652 773 55 486 504 73 719 978 518 12 849 229 293
914 245 385 736 823 566 312 703 976 699 808 176 629 327 806 598 298 366 446 597 58 497 485 196
883 425 577 603 46 168 913 386 841 506 113 613 515 942 990 697 782 264 144 418 975 192 511 856
344 262 563 273 438 440 986 674 890 689 165 267 951 967 38 868 269 627 252 35 167 296 2 281
452 224 168 512 737 561 277 872 52 131 79 607 444 414 37 102 275 168 972 369 23 156 425 685
236 995 635 928 824 436 772 488 729 358 164 219 919 24 834 706 538 556 287 379 490 109 656 847
184 408 853 123 546 139 503 594 952 235 69 158 712 697 608 971 525 265 596 911 249 497 218 96
464 719 733 935 698 60 368 602 163 438 463 892 845 145 128 594 790 592 536 949 529 815 635 971
246 241 894 164 181 554 578 278 852 124 384 724 192 111 768 319 558 223 110 464 811 925 991 67
3 141 166 452 313 854 765 608 233 268 718 743 737 72 679 17 236 134 355 242 122 924 933 46
319 598 902 823 300 221 459 265 836 540 881 811 863 134 282 949 137 188 671 373 60 827 75 653
645 312 829 540 420 678 975 233 153 291 397 86 245 568 668 960 21 14 804 228 792 493 255 50
693 989 250 66 279 224 967 360 255 512 400 890 751 930 587 27 973 571 106 432 102 602 6 412
488 493 726 323 41 790 679 76 753 7 173 717 813 206 460 756 391 74 789 189 439 24 942 15
855 559 176 686 623 713 693 389 867 743 665 999 883 457 860 203 43 751 710 751 317 47 557 91
288 796 954 52 527 69 403 996 277 896 752 241 553 233 603 51 513 951 670 888 834 520 163 69
823 610 795 619 13 474 235 160 655 675 906 255 114 488 826 789 292 951 344 427 591 979 926 471
4 580 60 270 720 899 447 500 986 739 482 722 18 761 87 573 956 706 318 784 416 545 264 642
429 442 237 227 139 62 407 947 97 371 207 286 652 477 136 187 462 689 984 59 940 538 262 966
486 729 990 989 90 235 504 601 671 212 524 988 187 82 913 972 971 107 53 71 450 414 320 959
18 92 867 785 866 747 979 569 776 815 219 77 379 114 998 962 330 502 334 789 887 205 382 369
598 605 508 203 568 252 413 839 842 601 272 769 697 728 971 916 89 6 611 270 398 343 149 284
59 18 857 734 188 934 285 958 460 314 246 193 514 655 74 200 170 531 190 348 495 830 499 89
362 753 208 949 818 702 336 748 970 930 650 648 863 303 546 451 248 107 803 748 679 823 961 806
736 60 139 126 899 655 848 162 207 157 790 218 621 589 504 943 595 766 172 184 400 438 899 311
271 162 751 555 282 566 902 748 211 534 924 15 294 766 181 813 148 35 442 111 538 268 591 313
429 95 792 450 402 914 829 300 338 704 318 752 396 595 91 522 347 913 762 189 215 324 305 134
335 279 376 353 373 402 29 968 985 582 753 589 804 387 212 115 343 344 582 268 595 636 704 179
796 177 63 270 692 886 621 320 882 423 100 567 59 926 81 238 661 565 602 666 198 344 284 182
696 475 508 248 42 99 800 582 303 388 129 346 95 808 682 185 528 226 972 597 114 602 486 608
975 883 652 110 771 851 240 131 557 269 466 245 691 661 476 591 921 309 960 286 629 496 224 424
743 107 526 416 491 436 859 594 248 256 79 427 40 246 190 442 897 148 517 169 287 910 351 618
162 800 830 458 153 204 644 386 325 396 562 696 127 837 302 236 249 786 399 462 879 887 743 33
770 113 888 523 691 529 167 12 484 193 367 531 982 215 538 59 204 627 178 81 646 661 907 195
799 161 931 913 830 502 167 872 361 902 783 230 132 913 271 597 181 23 57 790 520 901 445 149
622 709 746 361 386 762 737 671 444 361 386 195 693 61 592 613 753 692 666 185 585 134 660 925
469 380 772 412 748 526 459 526 626 146 969 995 937 163 244 765 982 870 54 857 199 505 689 305
720 557 340 484 269 944 690 557 10 946 836 576 195 471 859 168 998 454 380 113 397 949 532 604
345 493 446 191 311 360 193 672 57 969 823 161 986 47 135 669 295 622 12 715 645 22 146 559
26 322 181 457 570 599 344 444 416 131 805 865 944 172 67 594 354 666 704 270 221 700 98 466
317 127 394 388 826 871 36 112 511 821 954 654 880 507 47 416 741 604 960 943 255 337 811 313
560 51 669 639 788 710 204 824 542 370 871 123 881 248 340 604 669 934 935 107 798 764 328 274
661 759 594 10 428 721 246 684 697 504 108 408 794 596 754 383 685 289 633 76 721 639 462 203
464 739 567 916 833 726 55 747 933 698 688 837 917 390 920 937 589 761 614 823 544 849 594 257
151 61 410 687 798 784 80 186 86 236 875 761 517 838 791 609 737 565 870 357 75 956 903 403
891 510 442 719 736 825 47 165 773 972 457 942 462 684 254 886 512 33 905 883 705 148 417 288
435 571 607 875 799 450 660 707 880 582 945 126 131 317 201 215 494 985 530 755 792 10 637 257
944 59 123 829 783 785 603 833 74 736 304 400 194 640 108 873 374 658 928 80 620 999 765 851
616 578 361 185 936 994 797 213 760 829 184 611 412 746 715 583 407 828 350 506 925 151 316 527
209 766 805 733 159 633 419 523 473 762 994 931 748 845 62 417 425 230 276 32 238 50 358 52
887 498 401 351 567 860 267 125 94 445 976 527 200 305 729 245 259 768 939 464 756 186 155 965
65 378 932 600 782 45 85 301 611 672 349 822 81 822 422 390 370 952 231 871 931 798 872 693
14 615 197 546 173 639 311 790 218 186 841 835 653 736 380 923 624 656 547 168 121 805 40 321
527 715 378 613 207 949 13 380 241 272 76 70 679 904 807 470 316 803 249 228 246 492 929 981
865 206 128 799 626 567 790 143 406 551 472 260 176 90 415 457 68 698 206 520 823 348 741 18
759 392 816 175 920 712 970 165 283 329 474 775 834 58 831 145 414 182 705 628 794 734 411 475
965 888 514 155 249 401 217 284 378 665 295 721 913 705 894 157 287 466 459 439 739 964 386 228
194 441 226 870 159 353 31 829 765 442 626 561 91 738 565 780 590 522 738 982 824 864 173 487
949 367 2 522 102 976 939 969 987 313 249 875 327 741 725 230 928 174 527 172 489 837 752 85
149 888 829 448 260 365 466 195 100 114 317 207 87 346 643 335 976 354 160 168 894 891 402 694
327 51 900 290 144 764 877 357 480 475 627 446 326 920 821 265 337 844 274 203 928 852 882 207
50 360 701 918 708 28 703 789 828 585 947 66 362 615 32 240 303 189 860 886 520 889 479 622
987 450 555 26 570 942 629 136 9 961 286 773 826 610 996 498 841 801 402 825 336 206 118 390
889 744 691 279 410 824 916 753 877 20 33 719 36 777 223 625 87 315 49 583 124 226 2 403
179 84 390 682 584 263 478 637 276 112 557 919 217 101 576 512 126 641 82 429 56 817 752 542
173 965 685 806 793 616 500 336 583 791 828 625 677 30 533 700 883 16 117 196 575 709 957 575
478 488 141 220 279 277 873 525 870 41 445 744 69 283 233 592 403 39 182 667 363 357 472 903
513 67 130 93 847 618 710 173 4 899 137 807 298 580 348 653 185 628 718 151 915 920 564 783
550 610 789 335 25 217 534 333 230 660 35 323 139 765 946 650 526 655 175 397 333 7 58 759
86 810 206 390 287 684 733 747 862 1 539 36 677 258 852 222 615 70 645 568 303 253 4 468
763 727 44 101 228 532 832 385 910 749 640 495 531 700 885 786 431 560 108 514 622 83 332 301
828 768 60 576 208 23 688 77 342 891 731 811 282 465 855 921 460 494 868 375 6 820 57 656
688 65 595 609 628 832 660 793 454 827 34 165 375 60 237 951 168 31 888 591 360 336 180 375
16 345 755 510 744 331 377 849 714 656 383 174 708 534 151 183 249 273 691 543 279 284 46 939
438 156 50 523 779 340 223 31 691 472 7 806 374 382 368 262 434 201 357 473 691 601 673 936
786 900 771 426 94 694 469 576 780 720 776 190 551 130 782 500 736 656 235 719 677 880 221 512
948 847 201 128 319 122 91 512 21 267 929 88 238 470 226 334 49 105 392 47 254 198 171 951
197 327 80 694 192 109 535 727 407 949 647 886 655 91 394 757 724 341 690 777 614 786 485 674
589 430 387 957 198 786 601 640 817 423 402 292 912 884 846 217 772 272 121 375 549 759 368 243
160 523 216 51 491 337 444 114 4 383 915 348 479 526 624 255 278 14 592 18 176 131 532 353
629 987 772 205 5 346 675 611 205 700 150 535 699 577 114 380 248 953 547 85 175 467 49 889
979 989 353 601 299 239 415 467 174 138 17 379 148 356 522 210 374 26 208 619 82 622 593 108
936 364 262 44 585 134 121 437 693 381 714 103 822 32 617 327 279 398 859 165 773 517 592 81
765 401 534 381 860 181 765 973 636 73 183 748 43 508 703 788 253 40 675 2 257 887 715 983
13 63 723 766 442 852 354 967 913 852 738 89 723 558 907 631 713 899 218 155 254 275 154 697
