8 89
312 414 65 701 731 725 37 782 655 47 26 633 747 668 113 299 160 762 814 150 992 367 796 667 129 78 551 139 384 818 198 42 850 653 474 691 585 595 747 35 799 353 365 615 467 748 987 557 692 586 318 352 556 310 377 180 424 900 778 200 49 790 1000 286 769 429 423 136 920 153 118 499 89 575 281 647 617 203 801 803 966 274 838 25 104 606 918 151 936
965 980 755 728 987 553 215 570 440 407 214 761 578 86 206 182 446 726 231 758 606 157 545 431 197 117 191 911 616 680 367 588 520 926 478 341 728 913 178 702 355 102 927 704 872 850 168 890 545 774 282 219 680 442 278 463 237 388 802 633 506 68 589 388 563 827 293 380 639 46 930 222 566 434 656 262 408 543 325 898 559 128 270 922 781 771 317 441 966
504 815 673 297 834 718 747 271 526 41 809 657 989 78 71 840 339 605 673 834 207 180 480 164 967 969 293 639 798 298 66 645 106 244 802 567 999 137 457 925 875 519 353 854 519 920 802 905 346 506 36 389 267 572 711 289 252 965 106 827 215 66 490 227 684 359 465 824 392 166 536 504 475 31 825 881 422 201 251 854 56 843 344 200 758 509 113 450 464
380 14 784 928 76 34 32 729 388 686 779 717 625 660 838 504 804 508 823 352 577 485 251 554 321 827 844 864 535 408 402 811 450 936 446 464 742 317 605 478 769 126 582 284 193 86 290 407 518 793 236 744 163 854 758 534 693 397 865 276 610 370 781 912 774 507 651 752 586 363 474 620 962 278 888 154 937 247 392 95 165 925 585 974 871 622 172 201 956
586 454 184 27 77 116 865 875 162 218 25 141 884 729 254 234 130 259 321 975 799 57 748 121 116 794 265 731 490 913 90 550 495 77 883 544 27 295 187 389 791 433 637 23 909 555 407 283 62 100 358 688 757 112 836 812 780 244 207 851 89 245 739 614 1 425 353 643 290 732 340 175 271 311 72 899 438 271 528 323 37 551 30 382 505 77 487 927 611
219 641 802 394 237 744 362 626 200 896 742 737 790 341 233 983 923 857 354 172 555 145 303 800 797 439 163 353 603 878 326 478 866 984 269 999 239 256 392 302 900 226 382 747 927 494 935 546 647 746 779 846 766 324 74 495 716 118 492 209 389 813 732 220 924 792 255 875 384 835 36 337 833 36 399 184 152 834 266 293 425 178 522 417 755 151 752 517 211
447 194 407 292 551 318 33 777 468 606 227 224 767 889 874 791 827 869 350 806 425 447 695 780 174 653 627 267 135 666 638 675 711 744 919 607 795 999 84 873 721 540 173 693 223 18 133 497 563 652 903 565 7 83 852 246 671 282 807 273 643 419 363 470 91 265 937 526 994 44 699 526 944 951 598 531 81 609 26 135 500 443 407 272 639 79 693 923 939
826 344 838 755 539 875 814 344 857 17 729 181 714 664 550 244 812 179 31 50 608 821 84 200 343 409 572 550 169 543 962 905 667 987 186 769 439 376 879 514 423 848 579 200 469 998 164 923 429 494 795 230 46 273 938 735 485 260 904 235 511 273 968 730 256 360 29 53 354 629 945 191 113 301 65 187 816 664 461 841 13 609 928 666 462 67 206 589 269
226 485 929 729 359 940 840 178 30 805 258 716 837 798 419 533 630 534 809 536 590 706 608 107 186 974 893 370 67 144 982 176 500 360 129 513 657 79 566 75 55 917 296 823 906 231 62 156 464 36 409 466 364 355 826 157 128 730 93 553 981 620 143 653 6 698 231 498 27 329 239 490 926 369 935 50 236 806 354 72 291 711 609 250 435 674 564 492 177
397 406 639 41 202 16 698 550 103 569 339 343 450 800 247 571 819 191 649 896 99 562 820 669 311 728 436 265 973 931 12 133 599 430 998 448 740 298 348 554 335 598 496 977 35 996 711 309 724 661 879 700 880 227 966 314 769 141 421 468 557 873 248 410 764 618 887 962 271 423 687 741 460 109 96 849 580 458 438 649 75 276 436 875 189 248 89 432 801
649 330 90 12 4 214 621 996 348 666 871 619 919 224 791 522 548 774 375 349 153 663 249 769 899 93 362 856 558 64 729 804 37 776 199 667 122 971 630 788 612 464 306 348 773 416 70 987 663 177 781 138 191 522 926 342 728 834 248 582 906 469 830 53 555 142 544 502 724 712 831 978 938 419 895 860 449 21 655 478 162 319 374 102 835 730 282 942 443
115 133 680 931 716 961 329 774 876 751 579 358 247 465 53 137 80 260 638 119 787 269 182 649 375 184 928 827 203 844 576 384 550 894 913 127 539 43 40 507 812 359 667 500 583 807 772 512 890 674 17 902 278 649 465 381 705 702 588 254 176 66 225 656 520 174 923 727 369 575 746 88 414 940 164 375 190 396 430 518 134 357 713 788 742 238 837 434 771
51 964 709 10 59 604 804 133 686 914 516 449 208 824 403 997 43 495 270 881 436 254 241 569 275 443 409 210 903 819 173 332 554 497 754 119 969 285 665 117 441 678 708 215 773 345 654 262 934 760 183 793 785 623 681 882 370 306 747 939 177 138 190 84 520 823 847 45 623 322 256 974 473 13 705 782 650 760 519 553 608 477 331 889 991 449 681 174 258
798 627 552 34 759 481 906 989 471 398 975 542 226 704 27 33 711 471 371 27 748 828 92 68 785 457 306 882 266 665 480 480 330 200 364 688 993 89 435 162 94 55 759 805 779 13 823 200 992 964 29 763 188 161 891 669 858 605 477 386 468 113 296 821 423 357 354 568 299 277 27 568 23 611 64 24 654 760 423 240 393 905 607 540 954 999 775 212 661
69 368 836 396 956 909 512 781 374 411 242 919 243 499 933 775 771 783 27 768 59 735 621 624 943 53 408 275 234 966 313 852 291 552 899 723 758 899 536 571 694 264 417 41 583 360 590 656 839 230 322 750 311 716 175 597 478 859 458 413 350 756 474 597 986 919 724 210 424 719 175 775 938 809 315 40 928 749 933 783 717 477 91 166 818 347 193 910 682
742 298 757 720 286 720 97 794 498 501 757 31 194 1 753 164 742 882 973 915 836 114 781 955 588 465 718 264 94 880 1000 688 827 655 585 898 46 347 695 193 913 738 675 565 655 774 823 154 693 240 155 92 917 408 610 528 489 478 830 983 856 413 567 922 813 482 612 667 248 500 453 506 42 127 597 562 856 166 122 8 941 382 116 378 385 637 958 990 492
