59 61
612 569 13 484 861 849 388 574 109 98 307 356 202 823 882 301 278 669 133 506 701 773 584 221 527 630 814 320 259 854 734 297 812 615 88 651 545 124 870 998 230 40 8 743 733 63 368 975 591 931 529 340 949 314 117 310 192 451 880 781 250
976 727 283 659 846 330 808 933 68 794 588 30 508 255 15 736 26 948 76 63 891 210 196 367 865 865 161 720 296 88 350 892 377 16 762 609 709 900 501 639 792 829 369 473 386 283 251 942 445 733 826 611 107 66 855 288 302 464 953 435 432
158 670 267 460 936 109 648 696 550 940 889 920 582 136 193 957 517 610 569 564 732 788 605 391 516 228 960 851 956 840 875 589 456 290 501 662 858 515 97 543 193 360 44 425 29 590 340 480 623 903 195 674 105 184 335 593 892 415 473 450 796
238 938 383 240 596 449 206 988 712 981 56 867 264 196 967 338 30 538 389 728 335 235 372 312 27 843 289 575 452 564 107 115 201 205 1 77 794 907 442 992 771 495 754 898 874 625 640 662 367 21 729 589 838 561 649 717 430 170 139 345 665
628 772 702 40 690 862 533 164 328 415 19 511 419 764 326 848 863 973 320 815 848 473 98 638 501 871 167 966 110 540 787 638 297 263 11 423 60 175 542 648 497 614 126 271 418 802 819 882 92 252 841 279 303 823 409 877 578 317 413 530 373
44 851 900 274 412 750 359 859 720 535 407 540 112 517 961 157 616 352 794 213 186 906 926 562 4 798 56 660 149 575 112 492 788 220 359 208 30 323 289 306 24 223 510 637 324 170 731 612 998 974 283 473 884 762 444 614 177 670 893 443 565
154 83 537 959 399 440 216 247 266 12 602 690 118 307 914 340 68 464 111 200 467 197 216 340 161 612 290 392 508 486 622 818 31 841 103 368 62 356 422 17 841 400 781 576 23 813 97 4 700 733 225 27 238 141 646 373 602 644 93 60 979
34 139 671 328 675 326 367 797 693 665 348 528 62 873 941 871 907 471 198 46 437 703 848 701 527 812 505 923 490 663 408 691 125 632 715 203 988 691 390 827 936 438 668 382 621 989 904 417 328 299 136 87 26 960 664 115 187 346 877 104 997
123 203 691 445 408 486 188 391 823 944 165 465 899 327 855 237 922 121 247 983 143 578 192 844 520 497 403 931 381 484 683 339 567 341 7 51 199 466 607 10 778 922 843 387 380 376 53 753 363 616 3 663 441 189 901 778 162 752 523 442 589
999 659 263 119 162 902 278 977 154 920 439 188 581 253 348 468 307 596 882 275 801 77 983 249 511 12 843 921 138 36 68 718 502 482 3 494 255 481 57 334 542 846 138 465 981 627 115 737 48 968 286 468 154 301 922 676 290 619 860 638 563
469 372 796 1 790 899 303 453 555 134 649 472 828 87 119 952 829 849 733 259 260 370 563 286 854 787 884 875 44 538 124 790 433 825 359 768 434 233 788 601 104 248 513 957 674 317 833 287 553 14 820 633 448 198 74 610 121 446 67 6 282
490 181 260 622 603 582 325 187 895 551 396 852 345 711 509 178 700 507 218 304 216 602 1000 332 324 409 75 513 633 438 982 735 197 929 403 500 510 935 334 980 851 202 348 422 745 456 424 281 493 953 479 763 350 613 353 342 845 223 914 265 601
423 166 204 48 237 615 810 167 123 162 927 851 184 79 447 69 234 102 756 128 985 516 84 158 79 265 424 227 634 44 743 875 537 494 867 454 745 996 811 592 557 729 838 769 353 195 404 784 373 913 787 626 376 187 651 341 775 980 655 89 813
836 761 550 122 387 324 997 953 301 713 473 824 676 567 114 361 806 258 480 655 718 19 124 738 701 407 353 445 160 159 452 11 220 186 647 902 643 930 289 131 61 589 44 708 654 271 437 795 400 910 382 276 989 167 970 827 444 407 553 32 427
570 251 905 180 47 18 348 312 398 501 908 989 508 550 355 919 373 646 37 378 642 661 947 757 55 834 505 286 725 848 954 610 606 715 446 474 697 241 602 297 745 381 485 969 46 249 865 541 583 533 767 159 119 124 719 497 503 933 942 816 423
984 844 875 809 292 744 399 587 393 370 622 801 755 192 518 485 923 129 537 981 834 549 398 83 348 252 536 681 763 930 620 131 271 163 439 91 545 841 512 177 44 390 737 873 172 44 969 85 33 552 464 769 210 194 42 221 561 930 647 808 981
474 125 794 255 765 527 306 353 311 760 97 153 472 301 682 661 6 696 691 381 464 377 698 537 543 304 721 241 612 467 353 73 427 120 717 90 134 959 863 939 875 274 394 452 487 632 299 948 988 283 5 719 32 26 128 359 959 466 972 954 314
271 727 342 293 372 532 689 2 143 496 640 317 878 447 448 934 892 222 758 898 427 620 352 140 548 551 518 541 939 954 595 87 470 915 270 162 499 898 570 708 807 353 432 49 49 783 891 666 57 649 388 520 393 200 611 822 344 353 503 206 569
190 533 328 940 875 413 812 991 685 368 177 322 618 936 865 167 731 268 708 310 708 369 122 143 608 746 941 544 409 717 631 275 850 370 408 68 499 45 297 229 900 751 184 380 950 51 501 430 128 587 132 15 596 6 808 87 16 446 239 571 805
520 390 528 335 231 889 344 818 74 797 396 247 184 916 422 65 479 603 295 687 615 815 222 459 480 103 255 401 860 460 960 459 984 916 971 493 267 592 31 546 614 451 660 857 176 937 613 873 542 760 230 662 457 148 963 515 781 570 98 459 72
125 537 542 904 281 313 19 488 521 13 389 794 301 900 777 198 166 359 612 142 394 265 832 464 237 788 806 831 495 2 686 326 913 650 243 977 170 814 492 585 732 284 319 285 877 755 447 573 223 814 110 636 587 561 582 708 371 868 855 94 117
731 803 657 897 284 646 164 246 143 421 542 346 678 742 843 123 793 838 116 223 199 210 342 808 820 752 842 861 320 366 610 844 392 251 144 336 854 955 532 383 29 836 634 705 351 165 160 421 804 358 623 529 311 643 424 791 175 861 945 621 90
774 177 689 52 678 817 349 363 858 109 198 964 644 87 282 249 107 598 343 220 824 711 268 288 132 964 673 809 27 712 472 755 802 164 826 949 296 351 664 678 412 199 965 812 909 754 180 513 103 392 894 319 874 438 227 582 24 772 38 41 908
560 811 356 565 448 89 934 962 812 498 532 357 228 707 142 65 443 933 93 385 469 571 701 718 902 185 31 534 225 88 402 149 435 745 188 116 614 573 162 865 171 281 422 351 860 953 879 338 103 225 724 793 172 782 439 796 893 941 13 1000 497
543 678 654 596 804 551 288 326 996 796 74 187 920 546 488 432 919 506 218 19 216 736 38 585 106 175 736 649 941 527 866 389 542 170 42 988 760 925 496 180 99 438 925 847 554 231 135 560 274 677 390 850 229 974 998 51 66 89 977 894 229
53 554 300 634 222 288 931 253 805 255 195 992 120 168 906 392 166 43 623 635 21 279 401 133 728 345 555 451 707 717 631 414 547 206 999 791 421 761 262 880 437 840 982 344 691 936 772 116 376 96 765 270 815 580 125 92 22 32 922 982 122
228 248 471 940 602 786 647 829 481 145 908 519 38 25 516 170 655 549 441 183 673 393 247 102 918 666 544 520 900 122 308 745 794 486 525 504 950 615 656 974 717 365 586 344 248 947 953 84 391 231 953 604 442 21 348 448 251 818 205 90 381
343 342 122 4 737 741 883 557 748 710 392 149 444 62 484 402 493 757 768 857 302 725 79 433 738 872 361 165 41 475 351 959 294 839 745 247 557 913 712 560 459 924 587 493 93 67 130 707 731 549 387 678 260 81 431 744 413 548 993 362 229
82 827 67 964 848 271 659 300 947 982 970 841 381 23 289 267 588 608 939 318 342 67 662 774 744 141 14 926 194 367 433 470 121 122 640 314 438 106 620 646 326 398 609 913 534 416 708 23 923 944 86 470 783 95 533 112 644 419 943 916 726
216 495 349 800 433 649 465 943 312 699 309 495 305 624 953 429 628 163 138 690 22 825 384 70 74 106 414 327 991 211 113 773 25 850 752 330 87 892 762 160 719 95 715 249 33 880 932 771 189 46 680 360 877 235 67 751 740 285 98 756 159
311 184 812 369 594 795 973 457 271 647 855 170 4 18 515 920 370 860 758 65 348 760 640 652 566 946 358 370 621 772 329 760 844 260 264 949 3 422 366 304 527 585 990 1 210 462 577 352 150 390 881 59 315 682 329 839 450 940 63 113 683
272 854 301 445 299 169 256 632 171 137 235 385 49 491 133 325 331 402 15 48 473 866 76 474 372 777 352 349 649 187 160 693 37 350 330 943 648 171 963 822 152 620 806 465 393 262 101 12 609 73 570 926 562 548 509 66 172 368 813 43 196
252 984 810 515 390 214 812 593 360 758 785 862 744 249 563 652 807 307 846 119 412 62 146 804 447 142 832 494 762 346 740 513 939 126 453 879 262 875 277 297 845 304 484 217 813 60 391 464 901 76 211 752 459 86 271 303 909 446 682 14 802
181 260 51 877 996 51 549 995 737 678 984 897 852 512 349 363 728 257 146 594 264 990 37 127 879 716 971 464 286 130 391 921 532 926 668 252 878 626 69 536 647 631 426 745 710 736 491 335 729 711 452 634 707 887 733 753 265 964 495 465 31
246 142 563 395 68 546 642 178 131 824 992 534 90 207 334 327 370 495 2 951 846 528 152 947 868 87 643 913 227 635 796 969 925 381 491 862 464 308 884 919 199 319 810 147 156 71 114 182 197 308 731 484 82 362 318 383 296 121 138 956 792
156 788 207 826 448 465 230 171 444 240 799 125 678 400 495 711 224 731 591 933 361 427 68 385 400 754 491 829 362 72 407 902 984 167 760 740 988 624 36 735 157 286 805 225 784 248 91 261 204 107 273 692 493 285 482 433 142 91 792 700 705
141 579 736 438 924 338 814 506 526 431 982 129 391 566 341 134 665 826 594 405 461 680 81 376 984 714 678 823 683 200 535 445 788 306 559 973 719 507 288 729 447 114 234 610 19 633 226 473 671 938 720 200 423 772 546 609 668 450 247 285 71
976 996 863 199 794 667 918 653 705 193 778 464 865 124 438 13 716 628 875 297 849 62 188 779 319 478 376 125 401 292 365 454 24 566 550 334 903 392 386 651 411 234 324 25 317 180 110 348 486 497 316 603 486 584 529 315 841 658 903 183 481
854 796 61 902 442 804 461 290 758 596 908 2 846 894 759 463 697 823 897 764 670 596 919 856 667 222 977 739 666 731 168 88 848 392 750 89 143 451 748 175 763 668 487 971 657 504 122 56 303 328 205 285 892 374 588 701 716 934 678 141 839
392 724 122 888 393 856 436 612 545 171 308 133 186 609 447 380 793 890 390 63 410 160 823 94 590 920 533 411 4 289 525 62 556 238 457 571 474 884 508 918 713 377 392 78 432 563 483 977 79 559 707 641 251 372 987 884 639 193 455 346 335
372 887 555 944 34 330 642 205 906 330 681 949 480 997 249 704 384 764 65 442 527 344 21 672 194 680 170 326 523 530 164 378 150 238 360 934 295 525 784 701 42 40 682 332 347 716 123 512 409 890 35 746 882 794 397 487 326 159 297 794 483
326 840 341 743 194 585 381 234 261 801 145 817 528 713 800 181 407 355 932 219 25 410 11 248 895 999 195 299 197 596 499 953 394 940 718 304 978 209 71 319 705 956 461 473 415 274 242 795 680 331 352 772 974 757 484 646 598 656 821 439 195
792 344 173 463 128 636 610 402 457 289 91 806 617 932 988 632 402 663 597 74 601 398 902 459 957 310 788 915 401 943 690 755 203 774 258 827 938 545 859 727 805 270 977 324 332 196 898 24 757 915 385 713 822 395 8 676 703 444 330 490 728
715 104 470 202 423 964 369 934 28 20 553 268 468 225 97 979 628 648 113 849 1000 484 715 66 331 239 148 330 597 692 285 981 252 621 574 670 42 632 499 198 348 947 49 271 176 734 388 144 417 55 730 853 57 807 823 78 835 870 376 811 942
769 24 566 884 343 594 737 944 190 820 5 672 841 921 229 641 157 268 322 988 140 883 292 508 789 982 45 508 361 670 642 142 548 789 510 360 57 803 638 869 965 365 351 43 569 81 301 484 661 726 662 373 199 950 614 515 512 417 717 367 261
914 549 797 299 905 646 155 392 36 248 704 700 882 113 834 579 830 722 118 880 837 459 704 621 996 876 20 81 667 376 554 287 343 985 613 99 546 51 849 285 526 360 790 736 511 51 456 30 534 555 449 46 54 71 829 798 978 731 721 736 482
233 56 516 968 944 355 883 616 469 277 725 613 48 763 567 350 650 254 649 594 41 340 563 895 531 109 776 425 103 76 219 544 353 94 447 906 917 564 297 589 521 31 74 558 486 941 559 41 761 667 868 775 907 739 982 145 464 635 616 102 371
398 402 33 666 69 256 920 289 254 35 926 588 904 604 609 703 355 979 671 875 9 883 891 497 13 244 92 190 15 476 728 66 867 789 322 887 489 9 6 886 229 457 551 230 17 725 643 207 200 39 463 160 496 310 992 592 25 792 425 6 231
26 103 235 676 142 737 49 908 650 807 375 798 766 904 836 765 377 255 187 512 115 772 76 10 393 928 546 723 258 631 128 251 794 792 843 236 816 443 825 254 567 876 530 93 366 248 906 71 969 369 276 21 968 681 860 766 364 605 772 864 558
916 28 519 377 118 87 383 267 910 657 419 320 411 96 620 681 148 600 631 157 451 714 625 236 880 86 742 469 618 9 223 957 863 960 460 598 915 26 892 355 667 313 359 548 791 999 650 550 136 956 926 170 84 635 795 674 436 136 375 223 605
252 728 230 977 466 997 134 486 972 413 506 908 16 924 851 234 797 576 299 399 478 730 527 378 976 999 206 722 129 56 744 823 242 817 307 628 92 681 121 712 250 388 743 823 532 473 530 512 721 677 366 135 904 884 325 708 116 999 829 327 638
472 603 126 807 370 910 448 853 788 125 277 949 695 939 851 208 458 163 787 813 447 93 271 624 295 33 612 470 66 620 691 663 639 606 669 731 266 319 961 512 154 235 662 430 322 946 965 27 258 266 716 846 686 222 539 747 744 375 969 328 870
677 999 911 30 559 717 74 755 664 19 145 387 644 653 160 828 820 807 851 725 203 301 200 315 263 285 170 423 721 899 920 613 681 882 226 616 210 41 737 132 415 741 290 44 229 13 576 101 539 869 949 479 616 567 181 875 445 437 860 210 402
46 364 362 765 832 480 414 876 651 940 354 120 674 546 216 22 992 142 605 458 867 870 266 922 266 558 330 885 439 316 165 995 756 907 865 777 677 851 631 442 708 570 578 684 563 271 197 493 41 200 802 79 68 349 877 649 313 119 356 836 664
683 157 264 976 59 54 531 222 342 238 985 317 31 331 739 616 780 148 780 111 302 749 568 766 953 205 824 335 337 182 14 721 577 608 419 658 640 207 824 129 863 623 772 206 75 3 887 18 672 650 383 931 551 870 278 928 52 187 319 740 658
702 145 762 960 292 750 157 138 114 540 285 571 294 308 256 736 50 548 772 679 678 199 631 481 779 493 872 278 358 306 541 34 9 573 851 937 631 940 63 223 539 666 482 4 797 109 121 320 868 75 55 667 771 925 820 182 447 210 41 564 775
799 787 151 294 2 606 804 403 671 355 140 11 593 677 246 396 242 909 70 943 979 544 680 720 415 709 944 363 281 367 812 435 434 362 229 158 286 822 158 641 581 860 608 203 474 272 802 764 728 958 195 350 54 145 987 861 864 342 389 907 206
350 122 531 877 934 570 777 245 542 492 13 538 752 219 41 495 811 381 619 86 28 659 962 445 353 439 665 98 164 26 993 378 807 414 826 429 522 301 24 5 230 250 626 338 847 240 443 985 969 772 809 837 740 902 318 605 938 14 648 758 79
961 625 733 946 760 462 95 266 684 703 742 820 897 808 221 475 89 972 99 42 382 398 963 970 982 150 460 844 6 969 229 968 728 947 63 682 921 606 531 584 783 306 95 5 870 651 292 896 682 572 273 974 5 357 982 431 180 609 535 551 681
840 568 182 547 202 130 341 526 436 936 150 225 351 254 891 194 885 662 29 699 679 591 362 470 854 390 9 148 749 229 985 950 587 157 771 444 290 241 741 208 8 764 799 538 151 911 523 641 212 175 219 926 663 633 862 478 38 267 266 830 251
577 680 176 571 92 945 501 852 748 356 195 146 958 5 864 69 562 29 164 263 515 100 246 274 707 693 323 804 195 121 510 767 482 755 883 355 134 281 879 994 511 46 619 885 62 762 435 973 320 327 698 50 905 573 221 38 272 452 444 325 24
725 998 884 377 310 625 759 271 949 766 106 445 367 16 810 365 963 514 419 74 906 754 727 270 119 727 888 296 12 256 840 709 778 463 121 863 933 50 986 373 658 514 523 20 485 460 859 14 990 377 775 848 154 879 45 36 233 387 719 834 93
2 197 395 610 990 953 231 42 581 270 972 805 224 493 512 326 777 201 290 249 721 92 631 548 825 641 912 750 726 468 780 641 877 34 397 251 357 278 390 113 639 155 911 482 965 678 760 513 170 770 819 151 649 777 233 654 536 104 35 81 771
725 340 467 654 151 958 744 851 474 225 433 744 148 739 982 300 993 716 13 295 633 832 159 282 363 721 661 148 822 538 431 640 165 167 618 126 568 410 357 509 873 312 313 818 933 309 259 358 394 243 467 155 642 854 663 721 797 102 88 599 971
41 784 480 770 859 583 405 80 524 264 708 848 565 829 316 750 699 932 771 258 884 828 453 720 353 38 523 467 768 699 781 906 504 843 627 471 866 974 562 551 366 814 477 851 746 827 385 903 629 651 442 792 3 2 863 843 320 597 997 939 84
715 474 808 746 506 230 613 756 573 636 238 941 981 78 259 154 738 734 739 232 689 734 564 420 194 947 815 275 669 101 241 413 712 714 450 755 89 849 293 51 536 956 69 789 234 139 349 971 425 184 169 731 541 317 784 697 748 413 563 632 967
181 547 758 851 774 961 559 516 595 117 747 623 121 188 371 484 310 605 971 670 599 932 70 478 310 646 182 290 695 777 965 144 213 759 625 116 455 53 64 458 534 596 12 305 873 845 825 765 373 477 973 904 153 962 887 717 176 902 737 89 240
223 469 699 436 656 604 324 37 562 315 609 409 316 442 813 623 882 839 347 675 832 929 512 403 8 296 782 509 621 681 488 855 37 922 584 259 939 868 695 112 19 962 73 196 622 798 838 108 978 662 412 700 858 69 94 710 217 70 652 478 397
415 338 51 953 498 261 379 255 477 495 512 61 700 554 25 473 772 436 824 16 883 570 813 88 453 553 475 529 793 818 66 708 244 800 295 129 912 384 247 405 583 790 535 739 779 966 352 311 217 746 292 15 230 173 181 68 876 467 709 652 676
194 63 634 767 712 98 475 205 555 665 447 901 659 369 626 123 803 37 134 28 188 912 789 629 555 544 648 871 98 90 240 481 927 395 889 822 465 499 856 916 493 532 306 928 95 375 713 725 67 574 264 782 498 153 154 541 244 631 354 677 964
930 770 370 466 553 790 513 100 720 841 243 744 320 923 377 519 236 738 665 507 798 31 359 784 764 468 780 876 511 851 808 797 453 178 85 696 396 709 41 504 526 772 455 328 777 282 337 209 825 50 769 12 725 146 359 164 504 200 278 787 212
296 55 93 100 197 582 348 81 931 176 795 912 261 384 330 264 921 252 22 666 679 999 105 567 867 930 268 977 53 51 18 640 27 137 227 962 291 379 677 524 699 883 31 416 190 884 487 31 927 131 21 863 471 103 316 204 582 112 543 326 68
458 736 365 598 722 767 546 844 411 38 215 85 240 531 195 23 756 442 210 536 660 772 397 666 312 225 604 591 968 601 472 295 975 802 686 114 311 654 774 223 396 783 861 781 819 821 299 685 647 139 786 223 249 190 148 223 884 525 690 725 367
206 866 365 491 559 105 159 742 798 202 730 49 109 886 770 975 504 754 138 973 207 755 923 985 37 192 7 715 881 233 33 849 578 733 45 346 82 953 206 332 726 52 183 830 372 428 46 940 19 983 982 390 966 494 1 64 206 335 121 675 676
9 892 479 800 125 446 158 639 991 543 47 318 744 954 497 76 973 1000 621 108 977 315 415 17 950 332 89 545 720 917 536 257 689 680 982 448 589 95 144 618 336 992 360 758 295 627 458 364 436 556 633 245 236 352 979 672 586 996 876 418 151
254 97 530 986 87 811 637 302 563 698 504 640 720 36 651 864 419 82 703 436 406 913 984 711 837 871 498 405 814 802 873 998 383 380 307 931 203 103 833 832 639 626 308 690 855 739 429 691 533 200 335 808 288 296 563 231 978 310 307 903 770
138 75 449 174 1000 149 459 198 749 399 416 672 333 241 610 450 76 108 364 303 919 840 642 481 371 257 649 289 113 286 434 308 863 585 431 877 547 139 454 591 394 429 272 823 867 537 678 841 785 565 994 288 47 225 856 920 98 904 916 864 894
663 30 363 146 920 429 496 241 301 791 6 493 982 201 424 568 171 227 919 369 842 906 611 533 290 18 640 567 422 420 505 952 112 279 121 136 292 335 670 129 778 350 686 1000 517 393 327 405 385 482 749 627 395 522 866 861 200 984 715 485 45
658 770 686 750 279 680 96 686 210 361 262 48 457 469 530 255 361 634 542 11 247 585 639 355 573 295 360 150 80 856 510 842 909 651 349 344 79 995 600 633 331 24 526 38 828 14 186 848 561 26 967 78 106 80 597 232 824 545 848 815 225
186 196 547 5 99 823 998 935 174 355 419 366 569 869 659 705 627 767 426 745 946 658 688 644 862 113 652 388 73 955 290 613 714 372 186 94 501 247 682 231 174 265 203 495 154 481 685 203 918 170 529 730 918 573 980 831 466 322 582 598 798
48 331 874 367 132 825 852 89 784 341 582 864 434 116 352 385 989 111 133 897 991 469 903 876 994 206 486 87 640 522 375 68 603 945 864 955 654 388 139 367 799 849 4 483 154 432 619 21 577 428 458 352 862 271 163 376 114 130 882 751 792
575 879 21 576 58 162 758 796 873 871 347 376 60 940 329 643 309 463 490 899 446 564 748 185 545 374 913 154 902 208 391 737 851 631 999 137 498 322 757 319 309 27 467 387 738 202 479 744 64 132 38 486 920 795 62 274 118 888 521 825 484
520 265 624 704 646 557 148 765 211 367 369 217 922 286 168 191 305 595 980 365 725 492 138 38 92 704 537 830 338 906 48 685 868 801 957 840 279 637 280 690 583 878 308 158 731 9 498 37 594 775 262 679 468 641 922 274 94 55 870 411 491
763 967 180 240 766 561 709 822 229 462 782 858 801 335 930 646 805 398 163 905 324 614 398 648 228 877 821 136 634 384 591 331 811 680 962 404 847 756 798 919 727 375 375 614 840 637 293 541 917 542 16 79 277 770 456 757 955 359 398 342 79
439 676 363 80 920 797 129 154 115 796 450 203 350 731 548 517 813 723 945 337 359 932 771 508 952 700 714 936 122 202 164 836 456 669 462 126 810 859 664 825 87 182 869 376 130 989 32 642 937 518 1 928 388 267 483 866 62 968 706 938 38
484 492 612 553 79 571 987 119 445 202 438 366 56 762 936 36 966 769 939 197 255 584 236 349 844 688 245 216 591 780 632 952 443 951 355 465 315 311 755 430 374 38 68 451 301 224 661 264 947 493 506 521 196 962 954 815 832 143 810 795 170
119 172 992 903 965 495 320 607 915 726 701 744 926 350 986 861 898 43 240 609 925 514 927 151 881 238 361 143 972 855 880 916 94 541 557 893 725 881 911 921 247 520 576 915 574 282 668 216 317 885 195 50 717 667 20 991 94 447 758 428 387
220 740 416 66 53 122 757 235 271 956 917 287 399 869 446 157 279 962 211 531 936 537 492 192 187 898 970 7 693 208 182 440 542 894 134 937 410 138 596 391 69 319 548 618 846 923 970 659 85 843 160 310 750 884 731 541 371 93 334 268 773
657 561 319 570 135 739 952 45 692 975 731 389 324 961 344 163 693 628 149 72 145 278 113 57 506 264 121 182 453 197 843 189 574 7 918 971 697 936 138 492 142 985 465 991 432 639 387 99 802 522 374 902 945 262 580 258 990 481 980 557 108
597 655 339 262 191 812 118 492 246 719 307 307 375 888 94 697 891 2 236 37 812 257 775 344 414 518 654 937 573 83 885 968 997 423 607 363 530 31 90 333 281 314 141 660 379 707 170 685 891 399 807 949 288 991 344 894 524 311 115 809 113
279 824 990 324 721 518 222 946 871 913 763 527 90 968 582 100 222 412 944 767 564 739 264 520 896 349 966 856 619 45 559 620 468 826 737 442 436 302 888 525 252 271 686 137 7 739 228 840 670 339 361 75 310 563 94 886 755 28 116 461 362
107 559 535 480 602 333 26 764 99 124 468 682 426 553 52 815 918 98 897 46 222 323 296 646 440 171 859 350 221 993 325 808 459 653 95 983 84 818 38 939 930 178 529 296 737 982 780 199 298 454 998 736 650 913 104 366 639 457 790 596 816
770 546 306 314 411 256 834 314 302 798 975 111 913 341 849 857 209 222 970 849 252 526 42 649 622 853 875 43 125 446 978 134 954 729 800 544 519 617 195 630 726 830 631 533 209 151 302 122 575 213 340 546 555 308 403 529 287 120 785 822 113
56 430 857 638 738 342 768 328 619 49 758 462 72 118 204 169 912 527 463 101 358 968 891 913 192 778 426 315 184 39 176 24 886 966 572 163 379 335 58 328 797 860 484 614 540 222 16 232 126 324 817 873 518 326 129 52 345 989 338 190 719
980 528 40 693 1 524 52 742 606 713 821 143 572 40 266 383 716 680 278 984 697 737 423 771 969 546 157 713 688 173 992 8 328 360 685 795 353 818 855 293 915 419 523 247 875 874 11 574 596 525 621 747 939 46 798 184 568 517 3 855 847
110 654 76 531 98 911 901 525 247 459 493 997 471 595 28 338 319 311 740 999 617 939 849 514 311 295 337 642 129 643 264 626 392 790 327 625 590 326 231 908 313 863 114 438 257 374 490 749 433 467 112 295 976 708 828 178 315 504 259 18 940
722 188 199 190 307 392 695 639 456 127 303 886 57 936 697 498 919 870 641 77 182 235 446 738 222 982 668 533 288 774 109 547 367 781 391 31 262 581 980 178 298 964 340 129 572 983 992 138 772 487 168 140 439 888 560 188 112 745 454 527 745
792 790 606 638 108 537 563 902 721 830 896 532 676 378 193 727 99 159 155 245 969 214 712 57 647 595 584 949 929 530 35 801 695 262 730 972 575 816 243 514 268 262 519 710 240 698 662 847 913 991 809 902 860 274 924 823 971 568 224 630 935
754 702 260 826 180 718 634 764 611 470 283 92 174 399 246 182 920 154 666 208 585 300 231 628 329 241 113 354 64 172 748 136 386 687 813 852 175 594 118 529 953 3 552 714 157 695 618 705 447 443 18 224 584 424 757 989 811 307 881 229 28
695 227 388 543 586 770 773 891 666 565 173 318 735 588 467 376 2 618 182 99 491 348 436 890 562 215 146 509 7 112 889 233 992 429 346 1000 460 988 796 475 661 162 367 603 875 131 227 206 539 583 759 184 211 480 250 17 601 497 558 834 609
806 901 548 566 503 626 6 981 320 686 41 185 214 104 129 395 993 710 230 114 626 426 951 343 921 755 860 305 798 182 427 361 701 918 335 81 426 580 343 685 939 959 993 476 465 104 809 857 145 623 107 127 63 74 83 49 358 162 843 206 506
732 122 410 350 768 286 62 737 156 459 423 360 810 609 276 549 147 968 487 553 816 790 274 863 857 495 324 500 522 286 709 395 753 705 199 24 157 473 957 385 112 814 512 72 599 782 503 434 283 865 949 652 731 880 820 659 774 564 70 281 56
557 670 318 742 145 434 848 66 718 639 565 414 260 760 559 820 220 602 595 483 974 427 939 40 569 408 320 283 757 504 582 324 446 127 877 308 159 776 776 78 647 1000 632 484 332 260 626 937 136 363 695 871 725 112 853 313 243 175 802 601 632
258 335 248 110 518 393 79 803 358 810 302 403 218 483 105 224 559 170 339 591 902 481 970 688 554 530 410 140 911 831 125 880 236 970 891 80 84 253 856 327 492 339 268 115 443 807 342 906 310 737 599 757 648 395 596 935 784 878 180 22 128
479 878 907 278 304 369 891 219 881 360 467 427 128 944 70 314 708 724 345 290 578 931 400 825 172 191 475 301 668 69 382 281 978 226 171 622 132 735 313 206 318 680 451 156 252 921 264 139 520 280 312 361 254 12 365 222 913 491 263 256 188
539 62 83 880 150 426 831 533 916 393 205 513 445 688 790 557 845 422 869 740 709 628 904 81 233 458 610 587 1000 413 333 514 501 388 380 824 229 343 264 323 819 130 855 97 59 859 392 417 391 947 195 415 167 431 605 637 957 461 172 776 173
141 373 20 777 9 271 363 914 181 371 579 329 120 447 832 421 77 952 509 706 585 406 256 490 313 347 422 147 610 918 268 314 763 35 64 12 856 940 740 863 182 811 681 16 324 123 759 120 804 486 755 99 442 391 393 308 921 234 151 672 392
128 467 779 622 395 380 706 22 561 313 114 63 607 930 657 823 111 11 115 63 370 852 418 901 641 96 157 52 797 318 807 585 271 726 20 964 804 831 105 652 861 565 101 516 388 192 450 546 691 619 380 527 757 317 233 371 537 947 867 623 762
936 71 309 307 96 621 435 398 697 203 857 293 494 344 272 971 521 77 975 69 890 364 247 290 640 102 912 542 617 697 716 816 10 57 671 768 779 603 803 453 270 857 467 485 382 552 590 742 344 906 302 81 592 361 885 692 222 598 230 469 398
716 382 663 102 245 746 292 619 548 274 113 51 628 671 755 689 259 592 812 29 447 364 43 909 11 922 729 136 109 146 546 322 878 202 414 367 301 824 680 941 409 316 442 429 689 199 420 295 79 731 420 232 144 845 28 450 110 42 113 193 982
308 96 146 653 929 127 111 654 939 681 782 226 789 371 416 458 10 93 194 648 552 958 438 84 38 791 649 231 297 621 709 80 651 738 369 934 929 845 287 86 281 10 973 623 663 220 447 227 161 96 35 133 19 421 14 713 92 380 102 606 441
188 383 197 158 281 356 120 566 662 158 319 923 842 694 128 340 652 726 879 840 703 586 201 594 627 497 451 106 494 196 891 687 741 153 253 288 305 449 153 777 425 967 447 756 163 739 74 700 451 978 260 68 910 11 263 916 846 467 787 643 757
392 71 932 282 429 766 383 129 942 949 770 394 932 444 831 889 865 489 110 284 224 153 694 138 626 368 809 391 152 537 531 254 535 682 114 913 577 55 182 843 784 246 340 981 536 682 370 557 755 430 427 499 775 72 216 571 420 557 378 618 260
735 287 206 528 815 699 201 601 975 588 180 677 263 947 765 316 218 294 704 715 82 832 335 677 391 657 178 369 703 621 287 989 708 676 420 490 413 122 291 742 818 806 419 140 250 119 618 498 22 806 827 600 359 716 249 171 302 579 897 708 660
671 94 266 492 487 677 39 118 994 391 285 894 848 260 574 922 787 65 815 125 327 229 997 621 830 1 914 421 868 340 811 62 638 573 992 930 721 551 965 982 884 266 222 846 942 346 158 113 876 769 811 810 246 117 717 407 552 412 917 514 364
290 403 292 796 769 14 460 95 490 551 874 806 173 398 103 214 287 586 1 183 348 582 586 721 180 197 964 177 132 53 394 214 989 486 835 156 584 631 301 213 260 180 646 830 362 358 783 781 371 620 454 107 869 555 687 519 424 356 996 610 947
580 711 559 85 572 533 254 65 719 178 719 724 343 811 775 967 710 379 362 618 532 909 996 100 467 770 528 363 818 968 990 332 500 984 320 485 649 682 418 746 932 658 124 689 407 412 404 530 613 440 845 201 993 173 760 685 596 869 333 771 662
193 169 544 775 763 879 531 756 302 878 86 881 258 969 627 645 915 724 433 743 287 312 995 300 241 583 265 118 666 933 729 542 341 406 273 647 430 393 660 239 860 871 380 47 859 145 998 15 24 798 478 724 660 400 402 804 560 5 813 580 558
