99 17
732 153 788 840 590 891 576 716 103 275 633 63 792 812 679 466 288
916 289 908 483 920 381 698 710 70 881 86 941 580 973 772 169 95
414 307 547 811 832 792 744 156 950 274 198 757 840 325 5 86 845
644 516 412 224 834 443 741 744 544 602 264 660 541 385 324 861 448
818 557 822 383 908 412 658 200 252 548 606 775 109 254 259 214 358
281 124 618 918 398 405 979 911 294 62 265 651 846 713 917 467 619
401 805 715 689 503 139 312 586 618 423 61 15 935 396 129 553 953
664 432 681 555 152 999 748 191 857 404 951 482 392 912 386 799 192
796 668 612 296 399 342 690 985 239 92 652 236 20 956 998 260 858
171 196 83 317 298 436 870 729 421 922 253 233 722 71 446 145 366
768 80 346 811 564 731 213 551 245 487 254 501 944 335 785 776 63
404 668 168 224 407 446 111 423 185 797 950 84 873 686 217 383 742
513 858 24 431 530 465 49 314 411 788 645 705 617 956 580 985 969
431 299 794 250 26 368 895 979 377 620 179 470 457 333 709 549 650
694 610 568 236 960 449 613 748 15 867 780 929 252 4 375 391 118
726 497 440 79 200 450 255 87 344 475 970 9 540 984 309 779 478
363 577 468 886 459 790 572 836 95 615 820 615 735 183 753 341 412
398 532 487 236 760 9 24 531 174 823 623 486 46 984 456 781 846
712 284 685 83 695 252 80 454 33 785 259 307 502 332 846 658 602
388 646 947 734 307 545 145 238 708 277 501 434 34 477 839 213 303
171 146 305 659 841 959 677 806 250 539 887 563 215 20 93 98 723
390 217 233 189 935 196 886 991 866 680 435 547 220 738 185 860 512
236 518 46 382 378 959 15 548 747 631 280 150 594 49 657 275 932
475 248 612 602 75 303 202 622 183 315 512 237 4 6 590 999 295
17 872 497 840 632 226 809 991 982 429 270 158 533 60 432 910 531
607 511 11 883 852 337 184 531 388 398 216 84 633 574 257 79 541
409 831 532 475 305 583 296 859 436 96 587 756 595 732 978 441 46
22 734 680 571 720 333 22 576 997 154 318 748 269 586 680 823 716
63 428 72 534 604 347 969 771 954 846 62 976 804 861 645 611 699
749 238 550 990 906 160 745 956 985 726 142 470 310 173 750 892 878
501 144 905 402 184 401 201 704 175 99 839 213 59 807 243 907 162
881 343 844 62 552 389 815 719 377 42 537 229 179 5 316 325 824
675 877 267 955 548 686 684 758 239 221 182 483 578 443 512 891 986
187 327 977 27 15 627 769 879 264 779 195 271 261 93 516 558 559
139 398 195 893 948 635 945 179 152 421 327 666 330 8 453 724 431
561 425 709 507 137 740 178 541 881 459 728 685 4 725 836 17 359
519 843 116 642 976 19 623 333 612 407 337 966 264 779 988 175 410
16 275 271 818 395 171 376 709 430 247 550 879 728 78 774 935 154
775 353 325 768 475 1000 30 967 853 960 817 95 597 128 910 140 848
126 626 50 373 98 516 86 902 407 601 853 471 352 151 692 591 449
942 540 68 537 977 188 5 455 40 457 834 212 455 566 293 604 430
492 267 767 434 847 594 716 693 645 262 813 621 988 839 245 439 254
495 488 412 606 448 174 769 483 799 139 672 773 502 96 79 961 611
363 928 298 291 708 73 802 474 415 172 873 79 233 40 161 727 685
237 607 32 956 341 347 152 687 923 497 527 998 373 504 287 176 534
665 541 372 517 394 951 384 169 151 636 810 907 756 972 116 699 829
801 276 71 178 318 78 450 5 367 707 17 801 415 931 517 93 247
782 976 224 219 50 701 942 129 72 774 350 688 271 488 794 378 157
655 236 12 945 46 407 299 904 341 752 856 925 334 863 619 944 514
436 831 975 741 751 143 126 512 562 901 843 455 376 725 354 733 521
21 392 15 822 992 658 470 863 166 366 624 355 853 48 54 474 226
359 223 794 834 80 171 532 113 870 137 465 781 130 467 445 50 137
666 296 741 664 262 168 340 263 681 102 235 188 37 392 106 18 931
141 433 180 568 129 773 275 5 19 286 305 250 728 822 135 328 993
504 632 389 700 409 534 771 115 804 833 172 454 40 40 708 136 159
236 855 661 120 323 210 454 523 557 6 560 594 808 42 22 900 953
681 294 796 357 750 424 637 58 235 389 693 38 688 784 940 923 840
85 321 481 637 144 463 828 774 496 949 606 429 171 847 26 697 506
602 444 850 557 597 58 756 544 681 580 537 992 9 372 537 448 119
208 592 240 523 530 909 508 875 226 654 737 369 253 379 889 168 913
350 855 416 406 554 64 470 548 278 118 904 717 579 159 260 452 788
918 226 902 335 884 820 299 463 618 411 715 612 869 350 99 613 11
200 797 496 127 302 265 233 971 689 421 543 667 221 112 132 381 957
426 423 455 133 458 221 382 405 582 358 428 490 631 530 310 768 224
887 314 360 178 181 379 171 272 502 730 592 374 332 612 486 484 593
906 324 905 603 342 823 418 371 530 286 845 372 640 794 705 165 382
880 760 569 28 777 407 577 784 565 358 463 89 493 65 174 988 283
701 103 175 61 879 477 118 44 904 769 693 287 383 833 280 988 215
403 946 360 757 972 839 185 460 536 766 772 645 701 834 631 49 319
470 146 433 311 578 836 220 783 204 240 125 244 744 577 824 864 840
35 235 988 374 622 890 634 96 618 643 299 878 558 564 929 315 608
543 232 703 665 158 777 459 193 93 205 953 126 137 963 180 419 628
595 583 784 705 429 940 661 270 952 58 327 967 162 463 465 912 775
72 993 223 257 817 390 157 741 700 348 521 536 188 537 684 684 699
612 679 135 437 865 728 539 108 517 545 796 838 930 977 405 425 967
188 286 481 229 456 425 344 766 673 252 637 705 586 623 63 138 899
819 601 203 797 458 833 105 806 436 267 489 888 207 69 935 377 654
352 828 688 315 374 70 623 371 191 692 101 500 701 861 301 814 646
343 370 195 385 741 571 738 150 609 735 427 634 368 349 795 863 145
627 333 757 872 26 758 173 603 79 635 824 994 693 242 62 998 187
948 799 252 965 473 351 499 840 845 954 764 533 432 845 629 190 28
225 447 501 79 60 12 921 251 607 520 686 122 621 365 998 40 62
719 668 727 626 259 837 22 742 860 712 289 449 325 190 371 823 422
859 688 892 269 538 903 14 465 337 122 254 375 976 664 773 191 496
207 663 744 13 653 221 117 866 858 738 617 333 751 678 526 357 875
256 433 547 522 805 99 178 492 745 15 838 177 514 232 19 553 536
641 476 996 136 596 448 715 169 688 404 413 228 482 148 566 760 859
628 954 431 121 616 586 244 843 196 949 544 709 384 958 147 125 423
409 601 131 982 103 927 484 834 366 895 161 309 97 807 85 122 398
376 639 392 635 77 703 999 659 972 406 801 137 343 384 168 646 819
993 714 573 398 680 927 987 98 434 564 646 518 899 347 437 2 458
348 902 70 499 118 180 815 375 816 863 502 563 241 938 525 695 976
36 247 901 828 594 952 440 268 11 831 377 953 695 15 748 385 88
109 352 911 105 807 17 544 567 962 100 188 555 393 780 826 734 148
927 805 151 214 61 828 354 985 417 191 192 704 339 584 166 700 318
644 300 132 64 147 403 838 736 608 174 904 781 239 925 189 367 938
871 719 978 281 969 837 875 708 921 950 930 626 501 861 246 802 97
646 506 31 168 146 920 657 54 976 208 568 827 765 664 945 871 216
666 32 437 224 780 823 375 797 495 237 723 162 661 492 495 22 370
426 880 137 308 62 560 977 317 510 405 471 176 597 501 377 828 66
423 542 113 30 611 947 43 26 366 990 916 501 758 257 551 661 159
109 549 570 880 568 730 395 305 576 72 976 751 142 492 936 728 460
74 819 230 403 552 26 640 8 630 797 226 983 668 54 289 677 788
558 987 122 346 442 829 940 904 512 68 210 360 300 320 460 703 171
102 61 98 693 328 78 833 488 598 549 647 267 473 416 66 139 22
820 93 676 756 825 18 114 593 922 542 894 836 569 557 575 809 375
1000 133 343 930 704 666 73 265 513 864 356 234 691 59 162 992 896
584 712 797 302 333 852 982 433 660 457 543 415 93 771 196 28 815
707 130 439 233 19 213 52 665 83 376 908 959 759 420 251 739 533
212 283 722 515 596 342 854 108 764 493 560 841 723 184 637 575 576
931 698 162 482 186 482 770 79 519 429 553 731 742 971 827 469 39
267 804 10 993 442 737 296 464 867 542 751 850 421 346 745 801 576
223 523 768 26 188 440 593 749 376 184 908 132 863 811 101 400 171
651 601 526 363 850 832 122 130 435 801 564 224 67 344 384 828 297
591 442 659 604 907 612 905 878 875 549 312 58 854 390 234 219 590
323 790 641 990 78 741 636 894 262 976 923 38 466 197 953 284 993
602 796 955 861 592 438 187 117 927 939 299 852 898 425 887 969 1
516 654 924 910 996 78 354 688 559 194 642 657 285 211 130 75 14
811 157 450 36 782 997 984 752 715 285 418 825 810 33 805 32 890
918 334 162 810 887 498 337 466 584 878 389 279 430 1000 562 573 212
130 874 740 637 487 252 347 192 434 594 485 254 673 446 577 640 946
803 41 960 743 976 252 346 851 673 622 262 813 253 576 850 971 460
601 84 768 157 996 322 285 195 711 428 806 538 401 617 314 387 378
605 617 217 32 956 484 215 343 568 960 883 728 358 199 840 249 553
219 172 123 39 99 392 66 699 137 671 450 964 282 990 694 855 454
704 553 830 758 841 258 808 239 524 712 987 960 632 647 320 732 466
39 929 363 724 814 464 246 795 360 196 825 292 904 574 704 129 328
632 502 382 404 200 504 406 516 731 311 63 829 472 17 381 271 459
773 287 588 639 519 445 929 335 708 23 520 427 101 769 153 156 588
657 45 848 942 418 719 266 47 729 596 626 854 478 429 729 734 712
114 938 498 59 832 188 385 987 929 54 964 203 168 87 340 85 104
88 77 864 57 898 191 422 32 470 777 18 241 944 8 327 30 388
29 416 374 633 371 862 351 188 169 250 402 749 448 192 693 547 393
264 850 578 313 733 655 254 19 707 18 387 717 717 854 587 451 258
780 689 269 88 270 572 242 330 615 177 536 157 774 407 303 380 40
880 981 242 584 848 983 980 574 636 801 503 768 127 885 557 663 72
758 834 317 147 590 441 755 170 986 225 86 811 234 151 271 887 762
503 252 543 406 683 796 624 279 910 716 116 672 318 343 155 163 696
894 967 294 886 325 602 810 524 707 64 306 450 870 56 56 377 509
837 111 548 378 116 914 838 912 813 283 868 838 87 400 466 320 894
306 295 357 671 525 592 783 431 827 699 342 283 733 701 181 292 975
206 838 374 515 78 594 490 100 732 205 994 17 44 81 542 204 122
297 712 878 306 898 112 518 365 572 880 534 609 810 853 87 458 69
261 653 968 458 712 867 541 468 284 1000 134 195 812 927 201 399 548
497 166 387 876 414 697 733 432 408 54 705 597 146 121 840 473 5
374 386 426 124 863 266 351 980 508 829 526 473 792 272 795 441 251
250 49 567 909 673 295 553 290 783 143 188 301 524 954 187 106 890
164 775 4 286 321 817 417 893 284 553 322 581 730 964 404 819 743
340 838 562 966 308 864 567 377 794 20 957 854 348 198 354 863 665
982 411 99 819 414 348 952 778 438 454 157 537 75 310 384 317 876
745 313 955 747 855 236 39 217 611 699 818 173 722 83 125 496 349
539 283 130 91 210 828 521 50 42 254 239 59 245 275 299 936 197
801 943 378 647 204 638 419 746 23 809 754 616 147 668 534 795 270
534 684 574 990 363 299 422 360 554 202 291 771 731 275 927 421 434
546 205 651 814 665 55 570 866 873 974 948 67 54 723 952 526 99
554 931 613 539 623 863 611 380 980 456 516 746 175 563 906 527 536
834 191 370 472 723 458 587 551 936 41 668 776 651 740 79 6 434
476 288 813 980 264 469 259 848 655 324 941 711 527 70 247 910 579
735 856 424 910 413 527 771 991 663 35 946 414 950 18 621 983 412
187 729 394 535 652 9 422 750 182 686 423 423 12 885 666 58 563
820 477 47 640 851 154 830 490 328 827 83 119 112 520 685 265 213
100 100 124 220 24 531 608 423 509 323 85 680 102 414 693 808 632
815 716 552 604 931 318 622 731 526 648 579 246 614 149 690 199 550
103 374 310 148 301 357 483 669 112 785 400 162 566 604 798 214 481
751 101 42 732 337 296 433 146 410 15 81 935 749 550 840 152 152
155 128 802 603 960 555 62 638 197 905 153 480 329 528 799 413 769
77 644 702 799 925 651 755 262 426 181 923 692 20 657 978 962 994
907 673 709 5 750 3 86 737 154 278 114 123 429 718 506 314 548
627 126 724 868 172 718 471 262 597 359 918 117 464 568 867 709 524
199 201 76 655 695 742 686 719 694 573 693 596 795 893 173 883 546
487 751 47 409 473 632 961 153 676 794 524 847 878 120 988 691 431
741 131 259 74 559 866 461 290 41 447 758 114 757 476 270 712 83
124 584 872 751 758 392 302 692 472 194 74 178 191 807 23 408 220
934 895 699 561 584 489 557 431 260 274 160 336 572 523 521 451 610
410 167 326 216 583 385 522 130 513 970 596 248 463 703 691 59 815
984 422 855 88 922 786 848 658 347 286 354 576 426 28 862 566 908
564 810 931 995 906 670 47 592 771 599 783 417 553 41 130 196 730
47 262 573 482 531 25 136 153 17 914 144 705 724 938 269 934 541
636 292 869 46 257 843 778 862 379 118 308 96 786 366 453 621 931
361 549 353 641 472 497 78 746 17 749 962 276 176 449 209 751 31
370 913 227 420 383 942 396 966 873 889 473 57 412 163 840 12 445
71 192 938 256 934 828 209 551 970 601 132 827 692 154 4 873 706
995 18 644 925 448 366 865 757 591 365 384 451 974 350 565 469 74
531 150 310 320 135 525 49 141 656 444 658 576 591 57 312 967 306
515 947 697 129 240 663 914 936 579 900 818 664 213 669 806 723 502
917 246 756 322 53 977 720 545 321 246 656 728 416 264 925 364 613
156 646 713 550 904 598 558 14 851 269 524 843 39 366 866 657 866
77 520 462 495 73 983 853 189 28 918 476 22 861 928 387 435 6
810 325 838 819 231 838 143 142 861 866 210 852 635 605 46 499 296
830 895 479 64 124 97 782 155 396 86 835 776 101 594 890 385 751
31 90 179 422 199 210 173 858 838 208 956 67 496 333 723 953 251
775 324 594 456 618 819 389 770 145 366 46 303 837 533 866 781 303
805 231 45 150 933 907 318 168 937 547 712 776 424 735 284 488 47
247 577 360 488 957 291 249 830 330 132 48 476 773 423 676 743 82
799 364 292 946 840 397 15 210 989 200 707 100 1 999 196 638 780
199 200 142 799 971 437 640 970 224 199 800 907 397 17 114 35 548
917 682 799 496 259 986 54 921 581 773 743 507 907 608 463 671 627
119 599 957 647 941 611 408 398 507 214 905 972 333 737 431 521 106
