42 68
3 69 -26 -54 -79 -88 -72 43 -23 -95 66 44 12 -11 81 -17 -97 -91 -70 32 -17 53 -9 21 35 -77 -80 97 -80 -82 -2 -19 -40 -87 40 69 51 -55 61 -7 67 83 86 -59 -34 -27 13 -66 -80 7 0 95 38 96 -20 -7 93 75 -45 -80 -20 -67 -13 57 96 -2 69 36 
10 -13 -89 -4 -51 -26 32 47 -28 31 32 61 65 -45 -37 82 42 40 -38 78 -40 -22 4 -33 10 -69 -62 -28 -85 -41 -91 61 -84 11 92 -19 8 -5 16 -25 97 -98 91 78 -61 -100 -56 -4 -28 -70 -33 -76 16 44 -56 -56 38 -3 -89 93 -86 45 -43 -84 -3 -87 53 -59 
18 -19 81 -74 -85 32 -29 -35 -51 10 1 -4 91 -78 70 66 32 -77 -4 -71 -31 -53 24 28 -13 -65 -59 -49 -42 -79 85 -71 -60 -17 28 66 74 2 -88 -16 71 63 -60 11 -47 90 -13 100 -34 70 -63 -35 10 -81 26 72 19 -91 -61 85 0 -33 -62 79 -59 65 -2 -77 
-63 100 -15 53 94 54 -85 -53 15 40 80 84 -22 -28 72 80 69 -44 -89 -25 92 86 -22 -2 25 -95 -8 -5 -30 -78 71 5 -54 -69 -92 -41 0 10 19 61 17 75 -39 -46 22 -79 52 56 -73 34 -69 -38 82 -8 21 -58 26 -91 73 -61 -29 59 72 -29 40 35 54 -32 
-50 -41 88 -2 -1 36 73 -85 35 41 80 42 78 33 -38 -66 54 -30 -25 -61 84 79 49 44 94 4 -23 74 57 50 19 3 -83 -33 -96 -35 96 71 -90 35 -41 62 99 -33 -96 -33 -63 51 68 -15 93 -20 -19 15 46 -75 67 -99 94 -94 -76 -57 61 69 58 -98 -8 -66 
-70 54 8 55 -77 -59 -8 -82 81 -39 29 -57 -21 24 -19 22 -6 51 8 49 18 -86 85 52 62 8 68 25 -76 64 22 47 21 -28 -48 -17 58 49 -6 -44 -31 55 52 -93 46 93 -32 -4 89 46 -49 -41 75 31 -50 57 -19 37 -15 10 55 -45 7 16 -13 -62 -32 90 
79 -21 76 -88 36 15 69 -77 97 11 -51 -4 -82 -44 -88 67 -50 42 37 31 100 -39 -8 19 2 -80 100 -75 -66 -20 -87 -68 -98 -56 -51 -12 40 -74 -18 17 -20 15 -56 87 46 72 -15 55 -45 -19 33 58 -87 23 -86 -63 87 98 6 17 66 34 -90 -86 29 -23 84 -55 
29 -16 -57 -99 -82 -30 -70 -98 -88 0 -99 70 -3 79 -32 -12 23 -26 19 96 45 64 -42 -81 72 -24 -95 -75 -33 -82 80 -80 -52 -87 -58 -50 -62 -45 16 48 70 61 47 -75 -36 -9 24 43 -80 95 29 -93 -8 -3 -39 13 -55 -17 -92 -87 3 37 89 17 29 -52 9 8 
57 62 72 96 -58 -96 30 -87 -46 1 -82 11 -16 -9 92 56 51 -85 -68 58 -30 -38 -46 -97 28 22 2 -91 9 43 27 -12 86 7 94 -22 67 87 -79 -12 51 -2 -80 49 95 -29 7 78 -83 35 -48 -26 -88 -68 -64 -21 -72 -25 53 37 -95 82 -82 76 30 -75 32 12 
69 89 33 -29 -71 -98 29 84 26 78 28 -4 -98 -1 42 59 57 32 -23 -95 -26 24 23 16 44 52 56 -90 91 -33 -29 73 55 -93 -88 -42 73 43 4 13 41 57 43 96 -100 77 -39 -30 -43 -82 59 -93 35 -98 34 16 37 68 39 21 62 -90 -43 6 47 68 -38 -91 
-66 -30 -65 95 100 -15 -25 -71 -1 -53 15 -60 73 -27 -4 74 -24 -19 -43 -3 -12 -36 -75 -7 -79 -54 -44 29 -58 1 16 51 -22 52 66 -39 53 50 4 -85 82 -91 54 -29 -40 87 47 -20 51 32 2 66 94 92 17 81 57 76 100 -80 -62 70 -41 86 61 87 -23 16 
49 -35 -49 -52 30 82 78 32 54 83 -73 51 -83 63 -72 -85 53 -82 52 10 43 -65 46 38 -72 -64 -79 -22 29 75 -2 32 -76 -42 81 -14 -95 1 16 50 -95 85 -24 -13 10 80 24 -7 45 33 14 -20 46 -34 10 -97 -96 2 69 -30 -76 43 -3 -57 20 -19 -98 64 
-15 21 -46 -53 -63 -51 -8 -32 -25 -74 -65 -76 -38 -59 -61 48 25 34 -57 8 -57 -28 24 -36 -21 44 -17 57 -37 97 -39 65 -85 -81 -83 -15 81 49 11 26 40 53 53 -99 -25 66 93 -58 -66 27 -61 2 10 86 39 -74 23 -73 -78 52 73 86 48 -31 -44 93 75 9 
-45 76 -88 75 31 -65 -95 89 -56 -42 -4 76 -72 44 48 -76 -24 86 22 -91 76 -11 -88 -27 -41 59 14 7 -48 -46 -64 33 73 31 23 88 -35 62 -41 9 43 79 5 -97 -54 12 40 -39 8 44 -87 26 -42 -73 2 34 -58 35 -67 77 -61 -76 -38 43 43 45 -95 -93 
63 -49 39 -33 -78 9 -75 -29 -75 70 59 85 -42 -58 -93 47 84 59 -23 12 15 -43 -72 -41 -45 65 -54 -24 -35 -34 -23 54 -77 -76 -92 22 -72 52 8 86 -7 -30 -37 31 -34 89 35 21 47 -75 -25 64 83 83 -21 89 24 43 44 -35 34 -42 92 -96 -52 -66 64 14 
-87 25 -61 -78 83 -96 -18 95 83 -93 -28 75 49 87 65 -93 -69 -2 95 -24 -36 -61 -71 88 -53 -93 -51 -81 -65 -53 -46 -56 6 65 58 19 100 57 61 -53 44 -58 48 -8 80 -88 72 37 45 -9 -75 1 -2 63 41 1 73 6 95 12 70 -46 -22 -8 47 28 -58 -4 
-39 47 -87 38 75 53 19 20 -75 6 -38 99 0 83 -17 10 -73 -59 -45 -72 99 -14 -87 -28 -63 -53 73 89 -50 97 17 -69 -29 -88 -17 -28 96 26 -100 94 -36 -27 38 -74 69 8 1 -83 -40 -82 -9 73 -13 83 29 65 -91 -38 -89 -44 -61 -45 -54 -28 32 99 62 -76 
-66 -50 -60 -7 -29 55 -44 -90 22 21 -19 -84 86 -50 7 -18 10 54 -73 8 -45 35 -82 68 -71 26 39 -51 32 89 78 38 87 48 36 -6 -93 97 -91 21 -91 95 -58 50 98 26 12 -4 -83 -21 -78 2 38 30 69 71 -79 36 57 -65 62 -35 -82 36 -30 58 -72 15 
-62 -28 38 -12 93 -80 -30 41 -22 -55 -43 11 -38 51 -31 -93 -86 23 62 -17 14 38 -13 94 -1 38 1 3 79 40 -2 54 16 -27 26 -93 11 -96 -21 91 -96 -80 -70 97 93 -8 86 65 -59 -86 -40 -7 9 3 75 57 -78 38 94 -19 3 -46 80 -10 86 -3 100 56 
14 -18 -64 45 45 -11 -20 93 -56 25 -90 73 52 18 -39 50 -12 17 12 -93 90 -94 -97 1 33 -91 37 -53 91 -22 29 67 -75 -5 42 46 -32 17 78 1 52 -92 -58 -1 -7 75 8 80 -74 84 -81 13 -31 16 83 55 -58 -97 -13 -60 -38 67 -77 -53 78 -89 -45 81 
29 68 -50 -7 43 -88 -85 -14 94 42 -16 -28 -89 -63 -28 6 17 -52 34 94 4 78 93 39 34 16 49 80 95 19 -36 19 -16 46 72 22 33 27 12 42 79 84 -77 -8 -94 13 -11 -14 76 -94 90 46 -12 73 -52 -20 28 12 6 8 89 -80 14 -4 -24 53 53 -9 
43 -35 56 41 70 -5 -8 -34 -33 83 24 -80 -5 -87 -59 11 -45 63 12 -13 53 56 -69 41 72 -63 84 12 -52 26 45 -18 -29 -55 -83 -69 -27 -7 -88 91 58 21 -8 50 11 4 17 58 59 -68 -40 -73 29 -26 -72 58 -55 -89 -6 -55 26 -86 -46 49 25 -82 -99 -74 
-92 -100 -52 -67 26 28 30 80 -52 45 84 13 -50 87 -64 -43 53 -2 16 -78 -96 0 22 -73 -60 89 24 6 -100 -55 -26 -90 -40 -33 -100 28 12 34 -60 -13 38 -89 62 81 -35 54 -85 96 26 -12 -22 41 42 88 81 -23 18 -70 36 44 -22 15 -77 32 34 65 -80 86 
57 68 -55 13 93 99 6 41 -54 67 -85 24 38 23 -65 9 -60 -29 -78 -29 -32 53 -70 -83 -50 31 1 -85 16 74 95 -30 89 89 -67 70 -74 -78 -73 19 17 97 4 97 -27 -4 -48 -14 81 -42 -48 54 96 77 -28 -53 -10 6 96 51 -12 99 66 -69 -61 -29 29 -56 
-62 -82 -33 -64 8 19 93 -59 -93 20 38 94 27 97 9 43 -90 51 -8 34 -32 90 -73 -10 20 66 11 -26 -86 -93 -12 83 -65 45 13 67 24 38 -73 51 -82 28 -63 29 52 -68 -12 21 -96 30 -59 34 43 -68 76 -34 -14 -80 51 79 37 17 32 2 -91 60 -94 57 
89 62 -89 -17 70 -26 -50 55 -90 -63 21 -54 -36 96 -64 -24 80 -86 -34 77 -48 15 60 -5 10 -66 10 96 44 -34 23 -83 100 -63 79 -31 24 27 -86 4 59 -93 81 35 -21 -45 17 63 25 -69 46 78 -29 -65 39 39 35 0 17 21 -83 -30 87 36 56 17 -86 -96 
30 -22 17 76 40 -50 -11 -18 19 -77 -10 66 -72 2 33 8 92 77 -46 96 1 88 0 95 -91 -100 -42 -29 45 -27 -52 -34 -62 27 -19 46 -100 95 5 -55 -36 -65 -19 -81 -75 56 75 -31 -39 61 99 21 98 -15 -56 -85 -18 2 53 32 64 -3 -49 -15 -8 11 75 44 
-34 89 39 -45 72 -47 76 -73 44 -53 -44 -70 14 -84 -87 37 2 4 73 -50 -98 -64 -81 -83 -16 4 -59 64 21 -29 -81 -17 75 0 45 -96 3 -54 99 -31 19 39 -79 -67 91 -98 -11 -68 100 -34 63 -76 19 -4 54 87 -23 28 -30 -21 61 -32 69 -62 -66 10 14 -30 
8 -93 23 84 64 36 56 84 9 94 50 71 46 19 31 43 87 81 -95 -40 -83 8 -59 -29 -74 88 26 -44 -24 29 -17 -28 -64 54 -44 82 97 -65 71 -39 -11 -22 -29 -19 14 17 -62 -29 47 -90 49 -55 -44 19 9 -50 34 28 30 48 95 71 36 21 24 19 -42 -50 
-77 67 -56 7 42 75 -27 -38 56 -48 -17 48 35 29 18 -7 -42 48 -46 -94 1 -85 77 -5 -97 84 -100 92 -97 45 25 32 44 80 84 -61 -18 -100 15 79 -84 -78 19 86 -17 -8 86 53 63 -1 12 74 22 88 -98 -46 96 -76 -51 23 9 -1 -96 53 62 -64 -58 -64 
1 14 2 -31 44 -60 -59 -51 8 -19 62 16 -82 93 65 -17 -95 99 -26 39 60 -25 -16 -79 -46 -18 81 93 50 -85 26 58 -99 -22 -21 35 -24 -43 75 -8 35 -12 -91 -40 58 74 29 9 34 -77 -81 -62 79 -72 75 -29 -44 88 -13 9 7 29 79 22 69 -16 -56 48 
-56 20 5 19 -22 34 -68 -82 -91 11 73 13 -11 -36 -100 -84 -66 5 -88 15 22 44 3 33 -3 -9 82 14 79 26 30 -46 73 -95 -50 -81 -65 -46 -21 -92 -4 73 5 -80 -36 34 24 -10 99 -60 51 -30 -46 -1 41 -52 -1 47 63 94 -89 -62 -86 59 -26 -87 -14 36 
4 -6 39 -96 -61 -30 72 -79 -87 -42 -59 -37 -63 -17 67 20 -48 -91 -35 -82 68 -54 -93 -11 -62 -47 27 48 -31 51 14 -4 88 34 43 53 41 -90 -23 77 21 -4 53 -9 -100 -89 5 19 0 -41 -16 82 -27 -22 -78 -99 -78 -62 -68 -36 59 55 -10 83 62 -41 74 68 
-85 41 63 -86 29 12 96 15 -46 12 -67 91 85 -52 46 -68 -45 -70 79 84 14 -26 -60 27 -54 -32 -84 52 14 79 -50 34 56 6 -99 38 -96 -98 -55 -77 -62 -100 -21 28 -17 95 43 -63 -35 -81 -22 74 -31 -46 -92 22 24 -28 28 -73 13 -77 45 -2 60 -17 -70 -89 
-9 -35 38 -2 -8 -99 94 86 64 39 17 -63 38 -23 66 76 -66 2 34 99 -22 -53 17 11 -73 41 57 -4 3 75 18 74 29 -61 -57 75 -51 65 97 -7 97 32 -54 -66 -93 61 39 -41 44 47 55 -15 -11 -98 4 57 24 -10 48 5 69 80 75 -71 -46 -45 -34 -40 
-58 -45 28 -53 28 -51 -42 -96 3 35 38 65 27 42 64 -29 -71 -38 -30 -99 -46 -34 8 -14 -68 -64 70 -52 94 -10 -23 24 -10 57 -5 21 23 90 -81 -4 42 97 38 -1 13 -31 88 -82 -28 -29 -74 46 -35 -39 85 73 -40 90 -6 78 -34 22 -29 23 10 -23 -77 -64 
23 -36 48 -88 39 -52 63 37 -79 18 100 58 -17 92 -61 55 99 8 -39 -42 16 -90 -100 -75 97 47 93 60 4 33 2 -91 -29 -100 91 -60 100 18 -14 -74 65 -9 17 -19 -94 8 -97 -31 -1 -63 64 -96 47 84 81 -26 -5 94 32 25 89 76 57 9 -7 48 -47 -72 
32 57 -87 86 -54 -71 -99 60 5 -80 -25 93 87 8 -37 -50 -91 16 63 -30 -47 -3 24 -36 45 53 -45 -34 21 -19 86 97 -84 -75 6 -11 73 74 -44 27 9 -51 -58 8 -8 -92 -19 96 -65 30 26 -68 78 14 48 -99 -28 54 13 5 -32 83 64 25 -39 8 62 -5 
-66 95 -67 -9 -31 -67 42 -50 -67 -72 -30 -90 -31 -32 -9 -48 63 22 19 23 57 71 -19 -3 -38 -40 24 79 30 9 -83 -77 21 81 -76 19 9 27 -53 39 -85 -19 -68 -60 -63 -8 28 -26 -17 -79 -3 86 -32 21 71 87 -99 40 44 -27 -87 -57 72 64 10 -72 -33 -41 
-50 -96 -11 51 -46 10 23 91 66 -13 39 31 -76 16 1 17 86 -63 -82 96 97 -35 -60 9 77 -41 44 -27 -15 -30 34 22 -82 -37 -69 39 35 -43 -74 38 66 -53 -21 10 -42 44 -20 -91 72 -19 19 -97 35 -4 74 42 79 -96 15 75 8 -60 55 -23 -79 -83 -15 -80 
-37 1 84 31 -46 -8 49 75 -49 -37 22 31 82 13 99 69 5 14 -47 -87 -12 -30 0 71 -55 4 95 -20 68 -3 -3 87 -83 -66 65 82 29 -39 82 56 -42 -70 -24 14 -24 37 -65 14 100 -79 30 8 -58 42 67 -78 54 -61 -36 -49 -42 -48 76 -9 83 -42 -1 -18 
92 3 -35 49 39 -56 16 52 99 -43 -49 24 -13 33 99 -92 0 -67 -89 64 -20 -53 20 -34 83 57 -47 -40 30 -94 -58 77 36 -5 22 26 39 15 75 -78 86 4 5 62 -52 94 94 -61 89 -12 88 -4 -26 44 -37 87 30 94 25 -12 -76 29 -80 89 44 -68 28 18 
1 -41 20 -41 73 -80 12 -43 36 52 96 14 50 48 -11 89 71 60 29 -69 78 -31 -86 -64 -68 -18 70 -93 -3 -77 -2 -68 -46 25 69 72 93 -21 -89 4 -87 89 -71 7 5 95 57 -17 -95 59 9 98 6 -85 88 -66 7 59 94 -3 71 4 -8 -54 -63 83 -26 -59 
59 -39 -96 -28 39 -10 -31 -43 -31 6 -40 -10 -99 -93 34 -63 86 70 76 -5 99 -47 36 -22 -73 -82 -93 100 -38 11 44 4 -3 -33 34 97 47 -22 -75 86 69 -2 37 80 73 -97 -31 -10 70 -99 27 -29 -47 1 81 52 -70 -67 95 -98 46 -92 -81 77 7 31 -25 76 
-15 74 53 -41 -97 1 47 98 38 -48 45 -56 20 -12 -52 6 98 -70 -47 -18 -70 41 -58 -65 6 -96 -6 -55 98 81 55 86 85 -63 -50 -61 -27 49 0 -33 4 -18 9 76 87 37 94 -90 71 -98 -72 -100 81 -57 87 47 42 -73 -10 -43 -39 -12 44 -35 -26 29 -38 -60 
77 -81 -40 67 -27 -49 -26 10 -88 61 -57 -40 -8 100 15 -86 22 61 0 -47 -48 -60 -1 29 -8 -75 -41 26 70 39 -19 49 -98 90 20 46 -67 13 -10 -39 31 -4 47 93 -23 -85 -18 97 92 -54 3 49 -76 -85 29 59 73 -10 51 47 -9 78 32 -78 33 -39 -74 28 
79 -32 43 96 78 -91 -30 -77 -53 -35 -73 80 -84 50 71 -25 -50 56 52 97 -20 3 26 75 -61 64 98 -21 -59 57 66 -2 -17 11 71 -45 -23 -37 -59 -60 -1 86 -100 77 15 -42 2 73 -2 -31 -26 -28 -14 95 25 24 -73 -52 87 23 5 21 68 21 34 -34 -43 53 
-53 67 32 86 32 -71 90 67 14 -25 51 -84 47 91 43 76 62 -82 38 83 -55 83 72 10 81 2 2 20 -7 76 -74 66 99 22 -60 -20 -60 -29 28 -9 19 -93 -83 -23 66 72 58 -23 57 53 99 99 -16 59 55 65 -77 85 -4 -9 24 7 -62 47 37 -34 31 -88 
15 92 3 -31 33 100 -62 -12 12 -17 -39 2 -73 -16 85 -5 19 73 -16 -99 -4 66 5 -2 82 35 -93 9 66 -53 100 39 -73 14 27 86 -46 6 97 -63 38 -90 29 56 -82 -82 -92 -27 41 -60 -48 -23 32 54 38 -23 -83 55 92 -65 -28 -64 -14 -17 -41 55 68 -8 
-21 2 24 -96 87 -33 92 9 -21 -5 -64 79 13 -99 6 -68 77 91 -60 -78 82 -15 88 -16 53 24 -27 47 -30 -39 33 -91 -8 -24 -11 18 -92 72 -86 99 -67 59 -17 49 96 12 -82 -31 60 -80 9 -85 -94 -33 39 80 78 14 -3 -16 30 -93 -16 30 -33 -59 -93 83 
30 -19 22 -72 -87 70 89 76 60 -48 17 69 14 18 -23 86 -78 -47 28 -92 -66 31 26 32 -11 74 -91 -91 -18 29 -62 -22 -13 49 65 81 -57 -84 -49 30 42 6 -32 -27 50 -27 32 50 63 -88 87 -69 -24 -76 74 85 -100 62 -44 76 7 90 83 37 100 58 48 -98 
-65 2 -87 39 1 95 -10 -11 -17 94 -13 78 39 40 -12 -15 79 52 6 -80 3 90 6 25 98 93 -13 82 82 19 -85 99 97 53 -48 -85 72 -60 35 5 -73 5 -77 -78 -31 -53 55 61 -9 98 -78 -33 -66 8 87 26 7 -83 -60 -10 43 -54 -47 -43 -67 -90 98 -73 
-17 -98 4 66 80 61 -55 -13 -49 63 -62 -75 -34 62 -26 -62 -71 66 -30 -87 -13 -26 80 -97 93 75 -4 -76 47 -73 17 16 70 -59 -55 -14 -64 -83 10 -34 99 37 52 -85 -56 65 -51 10 1 -53 -28 83 -22 -9 -20 46 -77 71 28 26 -84 -12 27 -10 49 55 36 -39 
83 -41 -88 3 97 -67 -63 -61 -34 -50 90 19 -25 -51 -48 -92 18 6 66 99 24 2 -41 51 -72 95 76 -74 38 39 21 -59 11 95 -98 -73 38 42 92 62 -45 63 69 85 61 -16 -84 -64 35 -25 -3 21 86 -27 60 -50 -28 -46 -28 -21 -65 -81 -40 52 85 -60 68 24 
1 64 -48 -69 -52 87 7 -13 69 -9 6 67 50 -11 81 41 -21 90 -68 52 7 5 -38 -44 57 -53 90 -12 -21 34 -72 45 64 -74 92 -45 56 19 79 -24 -11 -85 -83 -15 -18 47 80 41 -11 95 -66 58 -100 3 -70 -55 90 -24 -45 6 64 38 74 28 90 -36 40 -83 
91 -36 90 -30 18 -66 85 -67 41 57 -19 -11 -31 -76 -41 21 13 19 8 -96 -73 98 74 -53 -14 -67 -96 61 -51 -53 67 -42 -39 -43 92 -46 -57 41 83 -75 -72 66 29 -89 -15 -34 46 -16 5 42 -27 50 48 -1 94 6 -95 6 99 -91 -100 53 -27 -1 64 -47 -12 -6 
-55 41 34 -52 49 21 -92 -92 92 -6 -21 -60 10 -9 48 72 -66 10 10 -56 66 75 -44 13 -12 74 -75 -72 98 21 -84 5 0 -42 5 -41 95 5 -61 -48 -71 28 84 63 75 82 91 -68 58 66 -46 -91 2 79 19 63 58 31 10 -7 47 -57 62 -14 69 48 11 68 
43 4 98 69 -49 85 27 91 -66 77 12 63 81 -81 15 1 -53 63 93 38 -56 -37 81 19 -11 32 58 5 -85 -29 -4 -28 -15 -72 6 -25 -19 12 31 -75 17 29 -39 -40 57 -58 12 98 32 4 4 -20 89 -80 -83 3 100 -92 -30 -16 99 11 60 -72 83 17 -94 34 
52 80 49 52 46 -72 -71 -13 45 -59 -84 35 74 -13 43 -15 -92 -21 52 100 54 -75 -80 -74 -35 72 45 -33 5 13 -83 95 -12 -36 -22 -86 27 84 -36 -26 87 -85 42 35 -14 22 -80 43 23 27 -43 37 10 -63 72 -99 57 79 -64 83 -82 -17 -21 68 4 -29 71 -79 
80 -90 -58 34 24 100 47 74 -20 39 20 -11 51 -17 49 -81 20 -74 21 48 -89 -30 63 41 78 -81 75 -67 -93 20 -86 56 3 -47 -13 -66 94 -55 -75 -100 -50 82 -57 -58 -6 -32 93 11 39 0 17 -27 62 -98 93 -21 22 -81 53 -60 -100 47 47 74 90 74 73 -87 
-88 -75 23 32 96 -86 -51 91 55 -60 -13 -58 -91 -29 -45 -48 26 58 45 -10 0 14 -23 0 -12 6 -66 89 -62 49 10 88 -90 -81 34 -45 -97 22 -67 79 31 56 -13 -76 -30 -14 -30 -72 -76 30 80 -44 -51 -52 -28 -94 -40 88 0 -11 27 -24 59 32 -97 38 -24 -67 
-42 6 45 26 -99 -95 79 -74 47 97 43 -84 69 39 97 -90 94 -24 10 -88 -6 75 16 42 -63 71 -84 -4 91 4 42 -16 -62 -14 70 -71 56 97 0 95 69 75 -9 -9 -35 -89 -57 66 -40 81 91 -60 75 -17 83 66 -64 71 -67 91 80 -41 -66 -100 9 2 36 42 
71 50 40 -69 49 20 82 -91 -92 -90 17 0 -39 -37 72 -17 -25 54 55 51 -5 27 91 -98 68 76 -73 47 32 19 20 96 -92 6 7 -76 -93 -61 28 90 -2 -99 41 58 13 41 46 -100 56 -73 -72 -28 -37 -87 24 83 40 -73 20 -46 -25 -95 -65 82 -63 30 76 -84 
46 -25 -21 19 -86 -27 -97 -50 -80 51 -41 31 83 78 40 -45 7 22 10 -39 -13 -91 -31 -78 83 60 -54 59 -89 -3 -37 -75 -38 -25 -59 59 -56 39 24 -33 -24 48 -13 -38 5 1 72 -100 -39 -37 -32 -75 79 49 65 16 96 3 64 -27 -20 8 -86 -61 54 -100 -51 23 
-46 22 -37 -37 -22 4 -36 -36 -28 -5 56 80 -25 62 60 31 88 -17 -56 77 64 -39 -68 19 96 -24 -68 -93 12 52 91 13 14 79 39 -45 2 12 -41 -20 -72 -11 -48 -69 78 -28 98 10 -19 -38 -14 -90 -89 89 45 63 -15 48 -40 -39 7 23 97 -7 -12 -32 95 -66 
41 90 85 10 3 -72 91 68 -4 55 -72 59 -85 68 -78 86 68 60 -63 54 -13 -35 81 -20 -84 -47 -65 -9 -68 71 -64 59 -40 -42 -98 -77 -77 -19 -84 56 -46 -2 41 45 39 -10 19 -50 50 60 -7 -6 27 -93 -75 34 -87 73 26 -91 95 -1 -100 57 -79 80 13 74 
22 -72 40 45 70 5 -16 -100 -97 39 86 16 78 -3 36 -36 22 70 68 -51 59 -42 29 -84 -87 -31 74 25 -2 11 64 61 7 -34 -5 -52 -51 -3 -66 32 48 -50 80 -34 52 -96 -69 -96 86 59 30 -73 -89 85 44 48 28 22 84 27 -63 37 -54 -30 -11 -74 83 51 
95 21 -79 -93 7 69 -96 46 -20 -82 -6 36 -75 -98 64 -74 -91 52 27 19 70 13 98 -98 -14 -26 -6 -48 71 35 -68 -4 -99 29 13 69 -98 -31 6 75 -52 -86 -20 37 40 52 -18 90 13 -20 -34 -8 61 31 37 47 91 -60 -19 21 -45 -43 -82 15 65 -100 -80 -71 
56 40 -35 43 -41 72 88 61 -71 -25 -73 -77 43 -92 94 18 23 -38 -37 35 86 -27 -72 68 -70 -37 -39 89 -35 38 2 -34 -14 77 -87 -100 82 95 -42 -73 72 -44 -4 92 -58 1 93 14 -42 -71 72 7 99 44 -95 43 75 -42 -75 -24 78 -42 57 -77 -2 -85 -68 -22 
-99 -2 81 -74 -45 -96 25 39 -72 -78 84 -44 87 62 -86 74 -48 28 20 -29 79 48 24 4 -19 95 -65 23 -4 -8 37 -34 84 -75 -15 16 58 -67 -11 -20 -74 70 31 93 -6 -86 -18 -90 -34 -71 23 -57 10 -30 4 65 -62 -2 -78 -55 75 -25 -11 -75 -8 -66 46 26 
43 -4 21 91 -56 -43 -50 -50 80 61 -90 -41 -54 58 -93 -79 -73 72 -41 26 -96 -61 -51 41 -74 -54 95 87 86 6 84 47 -24 45 -24 -80 86 20 95 -90 -79 92 70 44 5 58 -78 -59 100 -72 -67 -85 -60 -78 -6 -60 30 -2 9 52 -84 31 -50 44 -85 63 71 -10 
-44 3 -46 27 -84 8 -6 -54 -66 77 -57 94 -22 -78 -99 -58 -16 42 74 -73 62 56 -83 -15 -72 33 -31 56 -96 53 65 -25 46 -15 86 36 21 51 -56 14 23 0 100 -50 15 70 3 68 78 -63 53 -35 99 53 -31 30 59 -70 73 -21 2 26 48 -64 -57 -56 60 -79 
13 59 -75 -29 68 5 -38 -58 37 -9 96 31 -39 -48 44 79 -3 -48 35 91 -56 -10 61 -12 30 16 71 96 -69 -8 -92 -45 55 99 92 -89 -60 21 -51 -13 96 -69 1 -55 53 -46 -11 -28 24 -83 -56 36 -89 -21 -29 -80 35 87 -86 47 -20 -46 -89 57 95 58 -52 91 
16 64 -84 47 11 -44 78 81 86 -77 84 3 29 -46 67 -84 -25 -20 88 79 29 -98 -90 -57 -40 -24 -25 39 82 32 -70 -66 -43 93 -30 -33 3 -54 23 89 66 -27 -25 14 57 67 -88 -62 52 9 -72 51 39 -42 -73 -76 35 -86 73 -36 -35 -46 17 42 -68 -31 52 56 
98 10 89 -20 -93 -81 -60 -98 -57 90 -59 86 -49 -9 63 72 75 -31 -5 79 56 -38 -4 -29 83 -47 -52 -21 -8 80 -47 -100 93 64 53 -68 15 -99 -98 40 -74 75 -49 -91 -32 -25 -98 65 -54 61 60 81 -22 12 -1 66 -49 -3 -16 79 86 -66 -91 -51 3 45 58 -99 
76 -14 31 75 35 85 85 -78 -94 -81 -99 8 55 -20 35 -36 45 87 -23 -72 -91 62 -53 43 51 -45 -2 -87 20 -93 -20 6 94 -55 -54 -92 83 9 30 17 50 -85 -35 -49 -7 97 -31 -70 -11 -78 55 97 68 -59 0 -56 28 86 -65 -18 -67 37 38 -60 -59 87 99 -75 
92 -42 26 46 -20 -40 33 24 -59 -2 52 -49 47 -19 18 -13 -57 51 41 21 43 -12 90 13 -71 20 -7 -52 1 15 -10 -28 69 56 33 37 -24 -29 96 8 96 87 18 -32 -58 29 90 75 30 32 -87 86 24 37 75 -72 -9 80 -44 72 -56 69 -28 -41 12 43 -15 -22 
5 -2 -25 -39 22 -14 -48 -100 89 -32 -64 -81 40 -73 18 -89 -17 -59 -64 -84 89 42 -23 95 -63 -93 23 77 -85 82 -65 39 -67 -7 -50 16 90 -61 79 20 1 8 67 -64 57 18 79 47 31 -92 -31 47 -17 -40 57 -18 35 99 -19 -20 -22 -44 91 -60 -79 34 -56 -37 
67 1 -44 -26 91 87 36 14 -29 -8 -17 11 -20 83 -81 43 45 -96 -74 71 -2 -65 -78 -17 -23 67 9 -8 12 -81 -91 67 -95 60 -99 -13 46 47 37 -92 61 -47 -52 76 -81 -82 -30 -98 16 -34 79 59 67 30 -39 84 90 30 -27 59 -42 -42 63 63 -38 13 -28 30 
74 65 -82 44 4 36 -63 -89 40 -9 -57 -100 47 53 -70 18 -20 -99 69 -59 89 79 30 -28 -4 -5 44 -45 -25 -31 -37 72 51 26 -36 -84 64 -17 68 -75 36 -16 -83 -35 86 84 57 -16 -18 10 43 80 -62 79 -43 -52 55 -29 -50 11 82 78 19 31 -33 -66 99 86 
-96 -32 -14 -87 82 -80 3 -94 64 9 -33 -36 -10 -85 -55 99 -2 99 78 -51 -33 -39 -88 -31 20 82 17 -8 86 -82 99 -17 -21 -38 91 33 50 -74 -41 -6 -96 -3 -68 -63 28 -94 65 68 15 37 63 -69 49 -47 -80 37 -90 -41 4 27 -11 25 -17 -87 -62 -19 -77 10 
-90 53 -13 -24 -65 29 -63 51 13 -19 -65 -86 -64 3 -70 -2 -85 62 -2 95 70 -99 -62 -44 -72 11 8 45 21 35 -35 -52 -76 59 -61 58 70 96 -59 12 -43 66 -52 52 -95 -80 23 29 71 -92 8 88 19 -81 -58 -18 63 -36 78 15 73 -26 56 -98 40 44 97 -76 
23 33 25 -94 -38 2 -76 -58 53 -43 56 83 -79 41 64 27 63 43 78 71 40 86 -62 -72 -87 55 -48 -83 -92 8 0 -74 93 70 28 -15 19 -53 -67 -68 -91 66 64 -34 -41 -72 -82 1 -100 -78 -53 -45 10 91 -12 -42 -26 -45 -22 -12 76 69 21 73 -23 68 -81 67 
22 -14 95 31 -8 39 39 79 -26 -53 -25 -41 23 19 -92 -56 9 23 54 -46 68 -33 -6 85 -26 82 -14 55 -26 -96 30 -58 -43 -90 -45 -86 15 85 -91 -35 54 2 78 -82 -79 26 37 -91 -40 31 24 25 13 13 1 -43 -68 -1 -40 28 -43 71 9 -36 100 38 -81 -67 
