1000 100
21
26
90
50
59
36
64
83
1
51
98
35
84
58
7
44
47
93
22
42
73
89
5
52
52
37
37
69
75
2
75
10
14
39
29
14
88
83
25
21
43
84
40
68
32
19
39
4
80
27
35
52
2
22
49
48
61
76
26
68
28
14
77
16
100
43
100
19
58
96
21
83
37
70
15
47
48
21
87
80
21
63
10
53
24
71
61
66
35
34
52
15
15
88
88
53
66
78
25
34
80
67
45
90
29
58
13
11
59
51
58
60
91
95
27
54
24
94
84
77
95
62
56
98
54
68
81
91
79
46
28
84
87
97
43
82
63
79
30
97
71
77
2
71
54
5
30
22
8
51
7
50
20
23
69
35
78
44
37
47
8
83
64
25
25
89
56
99
96
67
16
77
22
2
44
11
99
48
40
61
77
71
47
6
1
29
1
83
88
65
35
15
21
14
16
2
80
57
95
86
6
100
11
78
26
99
35
22
72
88
18
37
67
61
45
41
30
63
80
15
73
46
59
33
21
69
46
24
59
14
44
40
18
1
36
59
5
99
39
36
98
93
93
96
1
44
52
66
78
93
51
12
41
38
18
46
11
84
9
44
3
10
37
94
35
93
85
58
71
69
75
91
16
74
3
85
39
4
79
67
21
53
38
59
68
77
14
82
47
58
83
48
72
62
24
33
84
73
30
79
52
42
10
32
97
83
10
29
39
76
5
77
45
91
14
90
20
63
95
2
86
5
33
14
92
4
87
94
21
20
50
18
44
74
21
80
6
55
16
35
74
30
100
35
4
12
19
93
100
93
68
40
5
30
38
99
26
55
27
55
3
36
89
48
28
68
44
23
90
23
83
63
69
89
42
13
5
78
96
80
97
62
96
51
38
32
11
33
26
59
98
30
68
4
95
15
39
98
88
94
53
47
4
68
66
55
45
33
31
28
23
67
100
65
11
73
42
58
15
84
63
35
26
69
29
91
86
94
47
90
16
65
5
53
38
51
84
61
34
84
69
84
92
8
70
1
70
14
33
2
34
37
3
63
14
18
62
1
50
60
2
10
31
20
75
74
46
44
69
20
64
90
17
26
35
89
60
60
29
74
72
80
17
66
4
30
23
60
3
17
80
72
49
11
62
14
24
42
6
8
65
36
60
82
66
84
45
76
100
66
71
13
77
80
73
80
36
5
98
77
66
27
6
2
88
65
18
87
19
31
20
87
76
90
50
24
91
3
13
19
73
10
52
33
35
61
94
2
28
18
27
81
96
41
76
20
70
87
2
36
67
33
95
64
3
71
87
70
51
34
43
9
26
19
46
73
71
51
1
5
35
63
10
28
72
87
12
35
19
63
18
90
19
92
67
67
26
81
19
90
39
1
65
43
60
45
41
67
3
72
89
69
48
67
8
3
84
82
60
17
5
71
49
1
85
42
12
50
78
30
80
5
71
18
57
46
18
2
36
30
28
17
89
59
54
8
98
7
12
69
23
55
72
64
67
92
38
78
76
81
54
27
66
90
98
1
74
19
37
25
5
63
98
47
73
13
78
80
13
6
26
6
96
95
34
84
13
73
21
58
98
72
38
18
57
70
88
61
63
94
98
29
86
64
69
82
52
70
5
84
81
75
87
19
37
52
19
26
35
38
1
96
59
10
48
72
80
74
90
95
45
40
37
72
38
48
26
64
69
62
19
50
97
88
99
7
92
22
73
97
60
16
5
78
16
100
100
80
42
27
66
14
20
26
34
86
74
16
15
49
15
87
73
10
19
4
55
65
80
56
39
17
55
69
15
69
14
34
2
35
58
69
57
15
45
28
4
23
55
60
72
81
81
67
25
15
100
98
82
96
24
95
58
36
12
24
63
2
87
99
10
84
58
100
58
16
56
48
80
23
78
50
55
4
51
97
34
24
52
28
31
10
97
9
55
44
78
73
3
49
42
1
33
6
30
59
29
34
21
23
78
15
34
60
84
42
71
1
27
62
60
96
98
23
10
85
77
73
33
100
33
60
23
11
65
50
68
49
60
77
26
75
77
8
41
34
35
96
80
98
90
97
81
76
100
87
3
32
57
54
5
38
73
87
40
78
83
99
62
38
47
4
71
6
93
26
47
35
34
31
9
92
83
30
42
17
9
45
58
75
5
30
71
32
14
55
5
90
97
22
5
62
13
22
20
76
52
90
47
17
7
38
28
31
79
37
28
55
58
7
32
63
61
76
19
65
33
22
68
87
76
51
1
83
54
49
75
21
40
21
84
98
79
50
7
44
59
92
55
67