88 16
677260
110167
593133
294714
378432
474984
878534
319248
659150
943852
51527
332
336915
434057
829752
626768
961253
990446
178109
49761
87007
792307
754376
558385
513043
168228
278190
273923
519244
757346
657755
605567
33787
607235
442826
519742
524404
498820
142666
384022
165371
713202
489552
2709
41017
709249
677708
217928
515558
897816
228683
22899
915125
442743
369212
289492
872645
118052
857868
383374
783733
916202
2245
934953
483228
266809
603647
26015
572637
897426
626816
987254
92227
304153
259555
270390
770231
252464
147703
168148
925520
282796
940407
866780
878227
194205
358437
670319
