75 60
985341
262347
582519
540350
735582
854513
914752
201053
545185
94452
892404
536171
362235
915327
891738
571999
981475
844347
872139
850811
5592
991807
386681
939161
513175
62667
152024
806107
548899
138567
402063
661023
37025
273085
69081
890721
399002
766326
543760
808541
671857
295410
95118
764480
653476
721822
638788
629522
741037
206707
161072
274834
625341
964564
519765
704329
548030
708111
295443
995201
649685
131655
892090
745513
459581
290913
594788
449951
401420
967713
958699
566684
814646
291013
913408
