74 8
519485
965919
839900
310077
804901
220149
454933
183236
886328
771776
105829
500340
713332
715664
274264
149217
599474
428566
272015
462117
988673
863407
514812
314412
543178
889135
543867
307377
726563
828286
460094
798547
417933
404218
886362
492856
819358
279714
302339
229279
960908
144950
101369
869799
232708
220151
233209
82159
842583
989163
430080
389152
543835
337948
950669
50859
413942
537458
739752
169304
267428
161892
119768
579827
491737
874384
304419
710575
734376
938749
288475
401174
343103
427790
