85 85
748086
984395
610150
676946
920268
187371
762544
107005
437358
588134
743354
586075
859053
141641
260966
453462
365123
972825
761623
299285
336208
185183
548396
978623
904989
394274
121543
510116
178243
243631
244180
727789
263765
928924
811059
59885
139307
470029
972492
993473
846218
123905
134512
567497
102706
645623
687996
83857
155424
346704
621684
183902
481920
834712
234068
340080
437201
303473
357773
281956
855314
172858
212351
41621
559593
367573
478727
823414
224003
979139
969053
41345
594435
290318
571315
145888
83293
804150
312499
606961
2315
69806
977096
167961
293662
