73 83
829470
358949
63058
879755
550048
837108
761553
231655
829122
751237
198199
258934
364495
955739
259513
935554
156690
991150
138326
993541
627232
834892
411199
598821
971468
846346
958501
279220
89771
648402
437971
245355
789283
217383
940970
88461
213503
230076
242766
853654
750583
427149
81897
164889
79225
515697
320361
1993
833927
484536
266801
707988
982463
25727
203986
261452
844307
514736
930534
35687
945473
140691
852734
475831
224713
503305
314473
886773
420654
104639
210532
344915
794346
