5
240
62 11 51 74 93 74 63 18 72 41 58 31 92 47 10 92 60 80 54 34 92 3 7 47 43 32 6 90 71 92 75 64 36 33 70 33 57 74 18 89 40 85 18 25 73 66 58 99 81 42 91 39 82 2 51 28 11 77 27 33 5 2 74 62 12 86 9 38 52 24 22 51 99 30 96 65 1 100 23 58 15 8 100 47 10 98 47 90 71 50 73 72 85 51 67 18 76 25 68 62 74 5 57 45 68 63 14 7 54 30 86 20 30 6 16 27 17 3 72 23 70 15 11 58 81 78 88 82 57 40 67 86 32 68 52 55 22 26 57 2 36 38 10 14 52 90 44 44 34 22 62 20 80 24 59 2 77 42 42 2 55 5 79 39 55 18 55 59 36 33 6 23 13 95 35 93 96 56 57 88 71 44 85 29 6 69 56 45 20 18 7 61 98 57 75 99 40 12 89 74 63 99 13 39 92 74 71 74 15 33 78 55 44 33 53 76 73 6 7 67 37 8 16 65 100 65 9 20 34 45 96 100 18 100 19 24 4 91 41 61
574
82 35 6 87 43 68 48 14 39 62 99 10 49 83 11 43 10 84 73 93 51 65 33 45 78 61 45 97 1 63 2 92 6 22 89 86 22 42 60 68 68 68 2 72 91 48 3 11 38 63 78 75 41 77 42 4 79 95 12 51 54 31 94 62 84 88 26 64 56 51 91 55 35 42 55 67 37 16 18 97 54 71 11 43 74 86 23 59 53 64 26 1 59 61 31 90 29 43 53 78 68 28 61 15 20 56 88 92 54 97 16 65 5 94 13 44 91 88 33 67 74 81 36 95 49 80 63 1 89 19 68 34 68 75 98 92 9 54 26 72 32 80 15 26 74 37 96 36 2 96 36 32 63 84 18 75 3 26 4 73 17 25 67 35 82 55 8 33 31 2 23 87 46 16 28 65 94 63 29 67 39 90 36 66 50 12 14 38 83 95 41 46 18 59 48 81 1 61 51 4 1 42 20 25 60 81 81 80 41 68 4 76 62 54 40 61 10 7 70 35 55 57 89 16 85 9 32 37 57 21 39 83 63 90 81 21 80 2 79 21 2 8 58 2 37 90 90 83 85 58 46 37 74 22 43 57 20 98 60 32 27 89 100 94 74 63 28 52 66 53 10 62 68 47 53 5 2 46 12 94 41 25 34 84 72 91 27 52 63 10 36 91 76 99 19 26 31 38 51 5 87 14 33 15 26 20 75 76 51 93 3 3 48 30 70 90 67 25 72 40 27 39 81 94 39 39 95 6 14 15 27 66 47 9 69 17 30 52 53 41 73 64 46 93 78 100 73 70 95 18 78 63 40 46 89 11 89 18 37 22 32 83 13 57 17 76 99 11 20 69 41 64 67 65 22 70 69 21 74 78 67 61 7 3 93 88 62 41 60 94 4 4 47 95 8 38 33 25 29 21 8 43 57 28 33 49 62 86 13 42 11 97 96 29 10 32 44 32 100 51 23 68 72 12 71 63 98 83 59 67 92 65 55 92 20 35 52 32 100 22 65 30 29 92 21 93 98 64 45 7 35 84 98 2 80 76 68 99 35 49 33 58 19 12 76 37 69 10 38 35 38 52 28 99 74 25 58 42 17 57 50 86 65 51 100 44 19 87 71 89 24 41 51 44 98 69 49 25 96 21 54 27 1 99 10 14 91 96 22 37 35 78 67 61 15 33 53 39 71 69 58 40 83 81 58 28 59 39 4 9 90 7 72 77 88 14 64 68 1 32 96 49 88 64 33 66 61 25 7 63 7 96 10 79 68 42 75 24 74 66 59 63 57 75 5 45 17 73 24 30 22 14 86 11
613
100 53 71 88 9 85 39 89 79 6 10 31 98 14 27 11 63 86 48 48 54 23 53 93 8 37 49 51 69 28 64 79 36 46 21 98 77 18 95 59 37 67 6 12 90 72 66 22 63 66 63 40 75 10 99 47 4 28 10 53 91 77 62 94 43 94 97 3 7 28 7 39 52 58 5 58 29 66 1 35 3 41 25 51 33 23 100 86 64 85 40 59 95 80 23 9 86 62 64 16 59 76 78 25 91 2 23 87 5 3 9 58 69 8 17 61 32 54 1 20 20 42 100 40 84 4 51 59 5 48 73 41 12 92 30 87 81 50 27 51 69 2 64 16 32 75 31 100 18 6 94 67 13 25 27 46 11 37 100 31 6 3 89 29 51 60 1 61 83 61 50 19 18 91 95 79 9 46 30 38 17 85 8 85 58 4 67 70 57 100 52 32 22 35 97 54 3 88 91 44 34 95 10 63 57 10 71 12 81 15 70 61 74 96 15 78 52 20 27 9 92 69 3 14 90 63 86 47 63 85 19 81 30 8 41 53 92 43 27 58 39 76 96 73 97 83 85 28 38 81 71 55 60 41 32 2 27 83 77 88 90 97 70 33 3 34 31 100 10 70 58 88 76 23 9 79 20 97 83 42 1 48 70 58 56 44 20 47 100 90 1 36 67 31 85 83 8 98 62 17 93 19 4 74 63 22 84 9 57 98 97 35 30 36 38 4 97 87 32 71 36 13 29 59 87 82 60 54 55 63 71 62 89 42 79 69 21 33 67 41 23 38 8 36 70 84 48 16 89 14 77 41 19 88 98 100 85 65 67 83 5 41 21 24 49 78 91 89 14 42 47 49 77 48 99 73 50 90 73 61 53 18 66 4 3 56 7 40 11 2 57 66 56 52 39 61 94 9 5 68 46 94 34 80 96 31 90 3 69 77 77 97 72 59 72 67 40 35 82 89 81 84 59 5 63 70 23 87 16 58 96 34 13 24 88 67 27 55 3 14 58 4 13 30 19 24 50 3 60 15 69 6 32 83 20 48 1 67 38 82 57 65 34 41 40 7 66 25 36 94 19 27 46 96 80 70 52 18 59 15 4 63 100 14 92 12 9 17 55 98 10 1 39 90 89 87 5 45 20 52 33 16 41 91 30 34 10 19 26 99 90 27 45 90 86 46 69 57 17 91 51 91 20 83 89 31 58 74 27 63 96 64 41 100 16 90 52 45 26 16 32 60 10 75 49 70 58 56 16 12 22 68 3 1 30 20 31 13 88 93 20 3 21 84 55 34 49 97 12 79 12 77 42 38 48 19 59 4 31 21 84 77 71 20 91 34 22 10 83 56 82 56 97 42 97 13 83 35 44 28 61 47 94 15 26 40 78 8 26 16 91 97 1
56
50 52 3 32 95 40 81 44 73 43 62 47 63 18 39 50 37 72 57 17 29 91 69 75 17 88 13 17 88 3 82 6 23 27 91 58 67 1 90 16 54 19 46 96 43 5 60 19 19 5 50 3 49 49 58 64
817
76 52 41 90 41 54 79 77 56 91 43 56 59 78 27 47 77 46 94 26 96 92 73 67 56 35 35 75 10 85 6 28 73 54 85 67 76 89 72 32 93 36 44 7 58 31 47 90 35 15 60 38 32 55 77 81 94 25 59 57 60 74 46 91 24 77 66 74 21 51 19 4 26 22 27 61 5 57 22 51 44 61 5 18 45 48 89 69 51 4 78 100 65 9 18 40 36 87 79 12 81 18 60 74 51 16 83 68 73 21 59 71 97 87 37 25 92 72 95 15 39 95 96 63 65 80 85 77 97 46 88 26 32 21 2 80 54 78 17 15 88 93 22 81 4 21 71 98 23 47 62 96 8 5 43 56 20 65 12 67 84 2 42 79 93 75 85 7 48 31 16 72 36 68 69 20 9 73 26 4 7 36 66 46 68 61 76 95 44 27 9 55 29 12 74 20 58 93 73 33 83 61 70 82 39 96 97 14 71 91 52 72 21 52 83 30 53 59 40 82 99 77 51 71 54 26 24 42 94 92 53 68 17 3 22 57 3 67 15 2 84 63 66 90 58 84 24 97 67 71 19 23 62 73 31 84 12 78 12 17 93 73 73 46 17 88 47 88 77 48 69 28 44 81 11 65 49 72 75 21 62 96 46 18 65 80 67 32 49 42 41 24 99 83 62 38 44 85 62 15 63 59 12 74 94 33 97 93 26 19 6 9 67 25 29 26 39 27 5 9 76 25 19 62 94 60 88 18 93 77 57 28 33 36 26 16 71 45 21 74 2 65 55 100 97 77 47 47 99 5 62 66 23 74 77 37 82 84 45 43 85 21 39 14 13 70 68 98 41 85 76 37 87 31 35 59 14 71 100 56 43 76 63 97 65 26 7 33 35 90 79 55 63 2 53 54 33 27 88 23 2 41 9 52 55 20 92 96 78 40 35 28 26 73 17 92 48 79 6 100 69 71 32 11 100 70 32 11 70 20 36 96 62 23 62 88 4 70 50 3 81 35 8 41 31 35 48 33 91 66 23 42 4 79 30 70 88 52 68 53 66 57 4 22 58 71 92 76 45 66 54 24 67 96 67 50 31 5 33 5 37 62 27 53 65 35 20 67 31 8 5 19 32 85 89 13 22 74 63 23 60 96 51 71 53 62 9 87 92 85 58 87 21 80 65 47 5 80 96 33 4 30 71 3 74 58 37 73 32 34 33 58 61 75 80 22 95 13 67 75 56 25 69 59 67 36 92 77 58 85 98 67 55 61 31 85 90 55 78 52 99 10 64 92 97 58 36 27 29 36 87 30 99 88 52 90 22 31 50 65 29 59 5 61 41 63 23 3 26 18 5 43 62 87 7 46 64 40 79 48 20 64 1 48 8 81 12 39 3 40 29 15 22 44 29 78 56 27 61 69 45 81 78 1 47 60 60 59 91 21 76 33 100 85 30 64 43 39 26 71 51 99 37 67 93 58 75 2 65 65 7 87 4 84 60 50 59 32 75 26 26 95 11 64 2 90 97 18 97 23 76 64 56 93 64 26 59 62 21 30 27 50 27 36 11 98 83 53 96 65 93 64 56 71 89 26 66 38 37 69 80 53 92 64 32 79 40 79 29 70 100 48 87 1 87 56 87 42 49 32 43 94 19 10 88 70 39 100 72 11 67 51 98 69 65 17 73 40 42 32 21 96 60 41 60 49 47 64 99 49 79 95 81 79 38 18 61 32 68 59 55 44 67 68 20 36 51 32 61 98 38 9 7 8 19 70 46 46 98 19 46 76 54 75 96 12 15 62 85 51 97 88 27 90 33 28 28 36 6 41 9 64 43 25 70 22 46 94 76 79 80 47 51 35 21 50 82
