9
3
2 53 12
717
2 28 39 99 3 42 16 78 90 29 63 42 38 78 30 20 53 56 52 86 90 26 16 38 59 19 90 1 12 24 60 63 81 23 6 82 30 90 43 45 23 79 22 87 5 3 41 27 12 12 77 85 83 65 30 31 5 79 37 68 32 27 59 7 39 29 58 91 44 9 49 62 80 50 82 64 58 79 38 67 67 59 48 57 97 4 81 89 32 98 16 33 98 47 53 77 80 81 93 99 26 38 55 96 57 39 94 95 12 75 71 61 77 1 95 28 27 98 42 26 72 56 55 16 91 52 47 8 56 82 21 95 40 38 19 96 17 28 55 71 70 88 13 99 39 3 94 55 75 1 47 80 68 16 24 35 54 69 59 24 81 99 7 25 53 24 55 64 60 98 63 74 99 55 5 7 26 46 5 81 45 51 79 94 44 90 95 39 14 77 1 93 48 94 98 71 35 28 26 60 15 28 90 80 19 56 69 13 69 89 72 92 56 20 56 58 65 74 79 66 90 40 74 100 51 40 33 63 79 48 63 66 92 92 35 27 86 28 64 62 31 97 3 69 93 40 75 44 79 5 32 62 39 39 97 52 11 67 12 48 30 67 83 68 78 36 24 42 3 51 43 1 79 3 56 71 58 10 71 21 21 62 81 100 6 50 81 5 44 37 20 39 12 8 63 95 66 10 23 38 53 75 71 14 31 6 29 24 83 90 8 35 43 13 70 39 60 27 64 57 83 88 14 68 84 9 47 75 50 6 15 61 59 54 4 28 22 65 20 42 52 58 25 81 73 65 26 14 95 19 7 77 49 27 34 65 64 96 58 56 76 52 27 8 7 71 60 100 4 97 86 38 56 91 62 65 29 41 29 56 65 73 91 67 12 95 16 44 8 94 25 77 99 73 21 95 39 57 79 14 65 54 32 29 13 80 11 65 81 83 69 30 17 78 83 92 23 37 77 56 38 51 16 30 91 77 4 24 2 84 28 82 76 66 41 49 37 41 100 91 61 97 64 55 70 19 40 64 59 5 71 79 55 74 21 3 81 24 12 57 43 66 76 51 20 74 38 89 64 39 75 69 53 88 53 3 24 78 48 48 14 50 49 4 47 44 83 63 21 42 20 63 40 93 64 17 7 65 69 38 7 55 78 23 16 74 63 22 73 88 98 10 63 15 85 10 47 26 38 61 90 70 75 80 96 83 12 17 92 44 85 90 2 49 43 10 60 49 42 22 90 76 32 70 11 77 39 16 83 99 99 59 47 68 66 76 10 78 83 40 59 28 69 89 79 47 22 64 1 11 75 45 28 83 49 94 89 6 7 8 3 80 41 80 16 55 35 38 1 63 98 59 25 18 21 88 31 36 65 60 11 10 48 89 50 72 80 95 45 16 4 82 16 42 22 92 6 99 64 75 97 23 15 96 67 65 84 84 76 49 71 3 11 3 76 2 67 96 61 66 21 57 94 25 25 100 17 10 70 66 31 45 46 54 9 99 31 5 81 82 75 87 72 29 88 3 61 96 29 40 60 63 22 4 22 80 62 70 38 71 95 20 39 51 63 65 37 88 75 78 62 14 95 39 47 56 54 98 76 6 33 19 47 16 53 98 64 45 91 1 50 78 24 7 85 85 52
469
31 12 6 87 32 40 10 56 98 74 70 88 55 51 86 47 14 32 92 68 53 87 41 17 37 87 25 10 30 6 75 87 73 39 16 78 15 8 66 60 48 22 37 69 50 97 49 20 92 4 66 91 72 80 59 19 71 10 37 16 15 14 76 85 33 65 53 21 24 47 84 70 87 9 89 93 7 34 68 81 86 65 31 6 63 39 88 37 8 30 42 9 19 58 35 77 94 50 97 4 29 1 57 33 32 11 19 86 99 59 78 21 90 94 47 49 56 19 77 3 40 66 72 43 23 92 59 33 99 73 82 72 67 23 47 21 55 76 44 57 79 40 2 35 15 56 12 3 66 61 86 53 98 82 77 93 3 57 94 59 52 22 13 23 49 35 75 30 50 39 41 68 45 28 76 78 91 71 31 63 79 47 57 95 8 74 20 60 12 25 77 25 78 49 95 27 21 41 24 65 14 96 28 94 71 48 34 72 47 87 25 99 32 67 8 19 43 57 19 64 14 14 4 73 39 50 63 11 76 47 65 62 47 31 73 72 73 17 4 95 60 23 23 36 80 75 14 96 13 61 27 43 42 1 6 26 76 91 57 92 8 85 12 11 15 13 41 90 1 83 42 41 78 82 52 11 50 15 98 7 36 59 23 92 35 9 65 12 70 24 96 68 74 94 73 72 87 44 91 25 7 83 69 85 54 90 64 55 84 21 28 98 96 46 95 25 75 12 95 3 65 40 96 59 29 96 16 78 12 26 56 26 72 36 54 2 64 76 86 49 98 56 93 61 7 9 93 49 15 95 74 55 88 17 100 30 87 73 71 29 94 21 2 19 34 69 87 55 27 25 81 38 16 100 11 82 39 55 75 43 36 25 64 96 5 25 20 48 91 82 8 95 19 71 98 56 67 34 60 12 12 25 22 64 65 10 37 7 47 75 51 48 79 86 33 61 9 31 19 45 66 29 98 30 13 95 38 57 28 3 76 58 34 66 58 79 29 81 90 5 85 13 41 7 76 63 8 37 68 98 27 49 61 86 37 29 68 44 24 22 70 95 20 36 91 66 31 14 28
307
7 12 95 81 19 94 55 20 61 94 26 1 75 65 4 53 11 49 36 36 94 11 41 6 88 17 76 72 71 9 78 83 53 52 25 59 25 28 2 27 99 13 40 3 4 95 94 66 18 38 45 22 33 19 69 61 48 63 82 80 7 77 87 70 88 74 58 51 46 52 25 73 59 41 15 53 96 23 37 27 41 22 14 15 15 6 3 40 57 28 79 15 94 53 12 38 100 38 61 3 48 23 30 46 2 42 57 72 87 74 94 69 29 85 33 100 28 58 69 22 80 85 20 84 13 59 10 29 46 7 38 56 86 29 84 10 54 11 26 99 73 63 37 32 60 52 76 63 26 76 95 58 60 24 85 36 100 25 13 8 14 51 77 68 18 68 41 81 21 18 63 36 81 81 46 5 20 56 2 49 85 77 60 63 63 14 52 65 32 94 11 49 45 6 57 53 29 92 60 30 20 47 67 16 24 68 6 29 31 19 43 66 12 31 49 66 83 65 8 10 31 38 33 66 16 73 59 97 68 77 34 56 41 58 100 5 93 33 79 69 39 41 94 93 70 98 7 13 51 78 63 27 71 76 14 76 76 91 56 43 98 29 41 90 28 99 6 27 25 38 50 26 42 44 75 18 20 81 8 49 24 67 52 16 80 97 52 7 88 82 61 32 97 1 27 85 57 35 51 51 59 36 76 23 87 39 93
727
90 33 57 92 15 80 1 99 7 78 31 71 83 55 19 46 72 98 9 48 67 40 93 58 86 2 35 36 27 66 30 21 33 9 13 67 52 16 1 29 83 72 31 37 51 92 35 98 13 90 86 93 2 16 54 89 80 58 53 14 58 55 83 55 65 88 62 56 52 62 21 61 1 66 3 23 60 64 1 6 63 15 53 85 51 59 6 56 8 19 83 79 55 19 29 33 34 68 28 12 82 52 100 14 55 44 82 7 44 59 99 65 13 85 39 26 6 95 6 26 53 2 94 92 92 76 61 55 100 32 92 7 70 53 15 32 46 98 96 100 73 50 86 79 40 15 37 15 16 12 60 97 16 16 63 14 92 11 73 7 96 39 83 97 3 93 41 50 85 10 56 57 3 87 56 44 72 63 25 39 80 74 14 76 14 80 30 79 23 23 82 41 4 6 36 22 54 93 70 57 3 83 45 56 52 87 67 72 1 72 30 31 84 47 88 56 70 54 3 23 96 14 39 3 20 32 65 98 13 73 65 86 12 32 1 20 6 85 25 88 51 74 77 50 4 61 20 43 72 49 55 63 39 67 26 88 53 42 42 19 14 7 22 79 96 22 64 96 4 17 3 49 5 72 23 73 26 96 51 91 26 4 90 31 24 17 44 60 34 52 8 2 17 38 31 19 16 17 58 58 85 93 52 33 7 22 48 26 61 52 29 88 99 69 51 61 7 31 7 53 29 27 17 88 70 70 5 51 33 18 63 16 9 4 25 95 47 57 26 3 38 97 3 61 77 36 76 96 67 99 94 6 94 7 60 35 34 34 92 76 69 16 61 12 67 81 24 73 63 49 27 62 40 1 14 92 56 3 83 55 73 26 82 3 82 35 50 1 99 100 35 74 18 49 8 60 67 84 4 99 20 76 96 9 86 41 94 2 78 41 78 66 84 21 71 81 33 3 47 75 19 33 14 42 31 26 77 86 98 2 61 45 8 72 80 43 77 2 79 3 100 89 30 13 88 1 66 2 44 74 87 91 63 53 67 80 71 70 21 99 64 59 21 43 23 13 31 86 50 20 85 27 76 2 81 6 70 39 21 51 56 80 100 48 89 85 12 48 6 45 76 100 32 28 19 22 39 10 20 50 25 34 59 27 39 50 52 59 57 75 21 98 19 80 27 70 85 91 15 81 10 12 2 50 4 62 44 93 96 88 44 69 77 76 63 63 31 71 89 87 44 14 12 57 50 100 37 57 57 60 23 88 27 94 21 100 46 3 65 90 27 63 4 38 3 92 68 28 39 36 14 32 38 84 98 63 67 49 58 17 87 83 47 90 67 19 41 36 1 41 76 5 97 8 26 53 57 3 34 40 83 60 11 91 68 43 45 44 94 16 29 15 41 92 84 17 36 14 6 97 6 29 67 43 3 18 98 72 70 63 73 3 85 78 65 15 16 26 54 10 52 86 81 99 30 23 49 92 85 10 43 15 38 45 17 99 67 80 41 22 49 41 30 66 56 25 96 60 76 36 11 6 22 86 56 36 47 99 98 23 64 55 98 26 25 49 80 45 91 33 21 24 92 62 25 27 59 78 40 17 58 27 41 13 70 97 25 13 56 23 34 49 53 49 83 3 96 3 63 15 19 92 7 6 8 19 38
509
28 55 46 47 56 52 38 10 91 3 37 52 8 56 83 85 26 62 24 69 83 85 28 55 21 88 1 93 97 61 74 20 57 87 10 99 28 87 29 11 64 26 86 96 93 12 15 24 34 45 37 10 26 13 6 49 26 55 40 3 50 99 69 60 25 32 24 65 33 82 97 30 97 98 6 16 93 57 14 53 8 99 63 96 85 82 98 98 32 46 92 35 12 40 92 68 84 21 11 65 30 67 80 49 98 20 24 23 90 98 39 43 74 13 1 11 89 19 75 44 52 30 65 9 98 20 74 91 32 45 70 65 93 87 5 27 29 83 79 67 59 1 85 36 38 90 43 62 55 1 39 44 7 97 32 39 1 60 69 89 67 92 43 70 7 1 66 48 20 43 82 48 21 94 59 45 30 43 96 37 24 4 83 52 27 92 9 33 35 27 43 2 48 32 70 29 66 80 46 33 84 57 81 45 51 52 41 19 81 8 50 53 19 60 62 80 99 71 97 22 22 58 73 47 57 86 56 25 36 80 51 75 75 4 40 88 97 34 20 42 62 88 55 76 78 67 75 33 56 71 24 67 12 94 71 46 19 37 44 70 29 43 96 13 80 76 49 88 16 36 63 54 57 70 66 45 13 24 25 54 59 53 11 20 89 83 21 2 13 58 77 19 74 77 75 43 77 85 57 83 15 91 18 49 69 9 27 56 17 10 76 36 41 83 95 18 68 67 41 66 40 16 55 29 65 68 71 31 59 38 100 97 6 9 9 9 36 29 11 48 33 86 74 15 98 52 21 70 3 2 45 100 84 77 63 77 66 84 60 52 85 44 82 77 49 41 9 81 55 63 86 39 41 68 43 9 66 4 85 35 42 97 61 2 69 79 2 15 35 39 58 35 12 52 71 26 13 59 100 44 91 43 85 65 31 40 67 22 51 10 42 31 66 14 72 13 17 46 39 41 16 61 86 26 76 22 80 66 14 72 1 74 19 69 13 26 94 11 31 53 48 72 21 96 43 67 56 99 55 78 95 18 82 2 23 20 99 65 59 39 58 75 8 14 52 42 10 4 60 13 43 87 82 76 29 37 20 98 39 35 88 69 84 14 45 84 46 31 36 17 93 70 54 54 34 91 98 85 28 18 65 72 1 17 74 50 5 19 23
136
53 18 68 22 88 79 22 56 8 10 12 90 48 4 89 83 39 89 73 16 76 21 100 91 88 73 11 59 18 7 13 52 52 49 87 39 41 94 62 66 83 43 29 37 98 95 5 9 25 100 8 29 87 68 96 96 2 20 80 98 8 84 36 85 29 94 37 98 7 46 19 52 54 56 78 21 4 50 28 17 68 30 90 9 62 57 76 7 76 49 25 76 92 26 89 78 50 8 98 70 59 75 47 92 26 67 13 75 26 99 42 68 65 26 23 85 32 54 34 31 43 5 60 83 17 62 3 99 24 23 25 49 84 57 50 68
154
35 73 32 60 69 96 46 30 4 18 61 41 92 92 97 36 87 1 6 15 71 24 18 55 21 21 83 52 100 24 47 48 42 62 54 84 32 12 18 48 52 44 27 73 93 41 29 83 34 79 5 44 3 64 50 48 68 80 56 74 32 75 67 34 12 27 63 65 15 1 94 70 34 6 45 49 25 30 25 35 84 73 26 49 20 77 57 15 81 35 24 4 90 43 35 24 94 48 33 45 42 48 78 53 15 28 50 77 33 50 5 23 9 87 1 89 35 31 25 98 53 97 58 86 44 74 56 38 96 63 1 57 39 71 9 82 90 1 42 92 78 41 24 49 19 48 98 43 24 98 62 36 73 71
234
81 75 84 92 22 13 48 21 96 72 74 96 60 17 94 98 7 44 73 94 83 92 91 16 31 26 22 23 8 30 87 45 96 35 98 87 26 13 34 77 61 92 21 43 6 90 87 39 22 80 20 20 55 36 75 20 83 82 39 87 64 14 13 12 43 35 63 17 2 12 78 7 1 74 12 100 68 1 44 82 65 100 12 64 75 96 50 90 67 40 47 93 4 92 34 78 84 50 66 42 12 27 33 16 12 68 18 70 94 88 35 54 92 99 83 34 32 73 73 27 33 35 37 74 29 64 85 49 94 55 23 40 20 41 73 54 70 20 62 50 54 7 67 19 49 85 84 2 50 46 45 38 72 92 2 88 34 43 35 20 92 55 44 46 9 23 3 96 47 80 79 52 54 86 7 34 23 50 42 99 99 76 80 90 67 4 50 18 91 50 34 18 1 2 54 5 11 62 95 5 93 96 29 97 41 31 98 4 79 55 68 63 21 21 30 82 90 45 16 37 2 68 45 39 46 82 98 70 76 74 93 2 28 18
