70 44
126 170 16 126 106 84 109 134 58 225 242 128 220 119 234 199 98 236 60 15 116 212 127 184 125 203 176 160 68 17 25 255 112 175 212 146 151 242 69 28 236 168 33 68
152 208 147 58 131 32 82 242 144 211 100 113 213 214 115 122 138 102 211 70 110 34 96 80 181 48 135 207 200 228 122 53 154 115 95 164 69 45 226 130 184 148 41 170
174 57 129 59 46 137 144 91 60 138 28 222 105 231 2 169 241 15 121 82 1 225 11 184 73 68 153 202 250 110 91 131 31 82 51 98 172 103 45 85 18 142 89 219
92 104 149 126 204 57 34 78 174 208 56 124 25 18 197 106 219 138 106 130 168 191 68 121 55 65 180 255 158 31 127 235 180 189 33 11 88 7 23 79 209 55 250 232
239 146 255 126 84 150 183 111 47 216 216 108 96 109 207 13 237 179 90 86 253 46 141 164 235 143 217 100 170 186 16 176 47 17 194 138 43 128 160 246 253 128 10 185
18 68 25 245 185 160 182 237 215 162 203 13 218 24 107 12 10 75 93 198 250 204 167 133 16 207 190 61 50 250 208 157 47 249 165 255 31 176 93 253 169 90 223 11
100 226 225 254 90 162 225 127 51 116 121 224 44 57 147 74 36 159 187 221 158 53 240 3 78 119 158 6 140 198 15 17 21 148 71 181 110 183 80 134 143 79 95 119
39 171 66 63 81 206 172 27 126 110 150 162 82 245 221 157 238 114 191 74 228 194 225 148 29 34 2 235 1 221 173 74 135 92 106 202 65 247 181 82 122 50 68 245
47 34 188 123 121 117 48 235 119 242 197 186 131 199 98 178 106 138 212 129 10 152 125 196 120 246 31 13 114 103 53 246 88 195 229 164 161 39 173 233 96 118 61 88
120 211 5 162 33 74 67 25 10 22 134 152 10 155 20 240 251 117 157 232 179 200 25 202 100 67 28 133 181 18 56 87 127 169 224 231 28 7 68 6 244 196 191 114
121 71 171 187 248 141 71 10 214 125 244 193 104 245 44 169 186 10 111 154 15 157 91 69 211 142 117 212 110 70 254 216 63 110 183 12 113 53 180 244 98 245 72 228
106 15 215 175 74 135 54 190 116 234 214 79 171 89 164 184 218 116 227 14 131 225 173 32 28 61 103 83 12 198 162 150 116 214 30 39 61 197 70 19 193 201 186 70
125 29 163 25 241 22 15 241 156 187 18 123 82 126 41 73 135 168 164 141 7 34 117 201 232 3 80 154 217 148 173 99 37 49 11 202 110 177 203 116 115 192 210 117
37 124 19 141 156 146 115 253 21 94 28 184 40 210 101 189 55 200 106 255 242 119 155 63 248 113 164 149 15 158 218 237 48 164 154 91 167 33 218 44 251 133 21 25
153 96 174 161 217 96 186 222 102 94 61 86 145 146 21 51 22 120 23 85 138 27 30 221 201 218 227 223 168 166 248 219 217 128 239 43 144 7 31 245 68 97 147 192
62 14 169 60 65 153 218 28 211 75 68 28 119 248 67 172 22 135 213 219 112 244 61 221 89 149 162 116 186 188 89 58 132 184 15 204 210 211 228 231 230 173 12 216
224 79 151 74 117 127 137 104 150 76 239 237 81 49 178 236 255 138 106 46 126 196 61 49 230 5 100 140 199 118 141 247 107 133 143 44 227 97 99 47 28 186 190 207
181 54 58 50 101 127 20 6 68 239 232 226 158 252 124 88 142 255 209 174 240 216 238 224 89 150 46 196 177 119 108 157 17 109 66 111 83 88 180 87 106 181 98 156
128 179 39 59 167 55 209 83 192 14 8 158 206 242 242 64 161 200 216 131 59 127 182 93 74 160 241 102 102 62 6 126 226 213 119 158 174 39 62 62 79 38 100 42
94 15 240 113 19 126 208 71 123 235 193 174 32 230 122 95 156 22 53 66 212 48 95 23 181 24 193 15 75 36 55 20 41 80 5 215 75 229 135 166 221 156 150 118
141 44 220 34 107 26 148 36 3 24 189 62 179 147 75 66 15 105 60 250 235 121 101 233 46 251 11 147 217 77 255 210 99 49 123 81 72 181 119 220 191 234 93 39
149 148 184 210 142 143 158 204 161 114 99 208 91 79 104 161 136 54 151 233 58 113 176 82 83 49 61 12 233 102 208 253 211 244 239 71 210 136 29 28 33 124 236 23
76 9 146 96 160 82 113 136 255 76 177 36 22 86 59 51 152 191 5 189 124 105 60 209 207 35 53 207 64 85 83 48 89 82 20 33 233 39 42 197 195 49 222 70
193 44 6 120 187 76 166 218 232 128 45 167 70 144 96 88 114 144 136 57 132 212 73 120 73 250 221 28 97 238 219 246 181 255 193 120 61 233 83 21 88 55 193 254
58 220 169 100 50 93 34 225 171 89 171 106 93 244 201 187 30 221 210 212 133 20 202 53 16 33 32 201 83 27 84 29 46 161 172 14 197 38 149 174 188 102 49 46
33 184 25 133 11 146 220 126 116 134 163 15 36 75 83 164 243 229 200 249 48 163 208 45 51 103 39 57 156 84 161 58 122 236 72 188 43 225 71 176 240 114 82 118
190 204 210 246 148 197 59 192 80 61 174 239 133 226 13 92 253 15 160 38 32 5 219 142 5 75 186 232 85 158 145 123 124 42 145 78 218 15 175 35 244 56 61 2
185 159 28 233 36 113 26 111 223 23 122 170 64 144 24 242 121 226 151 105 116 75 190 225 237 141 134 206 80 94 179 124 166 188 253 210 156 18 31 161 27 253 241 125
15 148 82 251 83 2 15 122 81 55 240 215 110 248 77 184 106 137 230 40 236 158 100 216 188 181 52 37 28 98 254 21 103 25 138 66 238 174 194 205 102 54 198 10
17 182 38 229 147 194 72 249 31 1 107 143 75 96 108 180 121 23 174 79 100 17 21 163 56 136 75 135 181 167 139 165 122 137 209 106 230 26 174 81 135 89 158 152
108 156 99 213 20 102 214 215 251 243 41 221 132 222 228 148 157 33 150 112 95 182 95 210 9 216 208 163 102 79 155 46 232 26 119 199 251 198 101 115 192 253 131 26
234 173 221 155 193 142 250 184 40 215 125 195 95 241 142 228 213 20 162 83 19 110 17 78 223 69 28 154 149 144 23 115 184 130 101 16 76 182 157 156 77 187 121 252
212 178 134 58 72 222 125 228 183 134 21 232 24 169 69 64 223 252 29 187 236 110 71 65 50 157 93 83 219 166 125 95 143 150 46 63 147 213 84 91 9 216 168 63
250 24 42 243 246 73 45 213 213 210 117 100 232 98 176 245 105 72 74 51 205 218 239 137 228 150 34 56 17 64 99 252 157 198 70 47 91 53 62 190 96 133 63 174
78 100 72 101 12 111 131 76 44 233 249 37 74 194 251 184 242 45 28 89 194 250 104 212 237 37 237 161 202 19 31 198 159 72 15 249 60 146 120 58 242 228 201 84
220 138 98 102 22 170 232 74 24 188 168 78 246 253 37 41 8 83 38 252 148 112 215 27 51 83 132 95 55 125 9 18 241 97 199 235 227 194 102 136 243 17 242 198
41 34 128 147 90 165 132 251 38 107 77 132 144 175 241 3 184 78 39 165 146 45 231 115 184 35 141 102 140 250 75 22 23 154 22 217 70 170 22 91 248 242 59 6
21 98 152 23 217 65 127 121 149 6 178 70 255 140 5 193 115 248 182 62 43 247 143 200 27 253 241 232 72 74 214 5 193 191 122 221 89 224 46 17 148 186 202 17
221 208 82 209 150 134 88 109 132 139 230 26 211 72 101 228 140 228 87 239 10 136 91 61 233 107 183 39 113 1 202 85 221 54 201 168 88 177 170 180 40 184 169 23
133 159 91 90 119 51 2 133 145 217 163 151 138 69 144 120 63 63 214 236 186 133 91 235 141 53 165 15 29 139 212 236 1 46 72 70 206 124 244 41 91 53 205 68
24 94 176 27 252 113 4 236 55 106 179 216 67 178 177 255 173 43 209 95 117 204 114 124 81 25 197 59 142 226 137 114 209 128 115 140 108 68 238 41 126 107 110 144
254 153 80 114 51 90 215 194 51 174 165 9 86 24 74 223 29 248 108 8 225 5 22 183 101 186 123 158 25 49 60 64 194 168 229 191 249 187 79 115 150 223 126 228
11 110 1 98 192 224 38 149 77 198 61 66 106 215 227 119 81 229 93 238 105 193 37 112 123 91 107 174 105 34 194 57 205 220 143 175 186 168 70 240 64 119 198 208
155 145 178 25 224 77 2 119 69 3 142 122 114 25 238 78 13 253 156 125 166 205 228 184 170 200 113 11 38 87 177 27 215 179 209 113 100 57 248 23 4 11 145 158
51 215 60 45 198 161 15 141 184 153 216 3 216 43 254 29 129 224 103 162 167 180 227 51 130 169 68 168 204 153 224 19 199 24 95 118 4 91 208 127 111 214 254 36
31 7 102 76 51 95 78 27 207 16 49 85 60 183 29 125 124 119 142 229 134 117 206 77 151 128 244 151 138 96 12 254 15 232 205 121 28 46 110 213 107 158 94 231
208 152 182 219 118 197 14 246 159 230 62 192 104 4 47 110 134 117 87 151 160 248 100 105 86 230 17 240 153 205 68 54 219 85 131 116 24 84 81 64 23 120 66 118
149 252 95 41 228 106 171 153 83 86 85 245 139 250 104 195 231 25 147 141 209 83 79 250 119 197 48 112 63 29 97 118 16 217 22 40 27 197 89 138 23 244 253 152
95 219 85 64 89 18 137 185 165 246 42 244 38 95 215 102 26 163 44 196 254 174 255 170 186 255 155 30 207 216 217 86 7 203 77 68 85 63 91 190 231 162 252 236
37 145 138 255 186 213 11 89 66 11 230 250 166 236 79 247 29 53 65 179 59 44 79 90 11 235 81 131 146 205 83 228 223 89 105 186 53 204 101 124 195 115 162 47
162 15 108 8 243 194 18 31 185 33 71 229 214 191 44 128 200 3 189 65 214 62 54 6 92 191 197 251 17 224 12 93 13 152 95 204 226 30 148 221 144 231 148 180
245 232 219 83 112 130 157 85 88 135 77 182 250 23 110 107 66 137 195 6 47 227 123 101 174 12 231 222 200 84 217 200 41 99 255 92 135 147 53 228 154 2 183 115
219 159 203 134 208 5 134 98 235 215 239 35 13 121 151 210 90 196 199 219 6 171 205 70 16 200 223 220 144 121 50 150 254 37 54 253 75 1 196 124 157 16 137 210
150 238 190 151 115 18 98 154 164 122 240 231 255 145 62 200 105 227 87 19 114 70 165 42 106 167 226 21 195 74 54 136 224 75 199 42 117 61 5 216 250 190 146 7
252 235 37 30 166 56 86 134 197 114 210 149 225 60 239 113 20 17 167 133 226 224 13 62 74 210 73 254 26 65 78 117 67 71 18 157 91 240 107 136 133 119 116 248
205 124 122 10 160 136 238 251 130 71 143 174 253 109 209 32 247 17 245 219 57 111 188 211 147 132 149 92 5 90 121 240 164 243 180 245 154 140 168 210 245 154 150 254
192 95 126 39 42 182 166 142 74 208 9 6 106 57 78 32 235 44 83 227 229 173 66 197 59 114 38 200 62 221 35 215 138 96 190 218 114 22 73 126 235 54 137 46
23 227 122 21 49 205 146 210 137 182 216 221 155 108 230 154 138 104 182 183 15 68 47 69 118 178 214 102 105 123 24 78 84 148 212 111 106 203 73 110 32 102 47 39
243 230 13 199 197 21 49 221 146 239 107 215 182 22 37 62 57 159 31 166 36 99 104 129 16 89 202 255 245 203 118 252 184 64 250 227 58 225 121 242 103 168 49 126
75 21 47 241 186 80 155 138 184 55 100 229 239 136 122 84 6 80 58 54 237 165 82 198 20 57 69 217 15 197 64 26 127 157 102 210 11 182 137 81 212 139 67 28
136 185 176 122 95 211 227 144 182 146 171 38 33 23 223 47 189 194 132 78 184 166 210 81 142 58 8 177 240 81 65 94 51 249 192 39 232 20 231 97 5 252 42 237
78 226 173 138 205 133 238 222 183 170 104 55 60 144 191 93 216 216 139 197 228 177 55 167 39 23 32 54 132 85 164 43 58 226 97 100 245 27 209 184 47 247 254 188
102 101 25 230 227 30 196 88 29 51 93 143 223 255 17 128 56 171 151 42 217 173 131 224 201 225 102 110 228 70 239 68 237 138 128 83 139 161 154 87 15 9 84 207
93 206 150 131 12 228 7 3 151 76 129 231 161 118 115 130 87 147 13 168 234 185 69 69 55 52 184 123 132 23 166 219 57 60 44 187 240 40 63 19 141 213 190 210
95 254 13 95 182 218 248 107 1 142 182 135 1 105 217 60 145 155 196 10 127 216 52 59 85 240 174 224 215 56 141 165 246 129 229 255 161 32 154 160 188 6 228 15
176 83 166 249 238 18 33 187 76 196 90 76 201 198 218 200 84 204 125 144 206 81 13 60 56 232 156 80 10 59 114 56 44 105 153 143 127 83 87 139 105 144 26 112
175 60 206 120 198 68 204 59 162 218 208 10 150 180 39 223 95 228 103 85 179 243 93 78 104 39 6 38 34 18 136 137 122 14 120 231 164 228 203 147 199 191 252 205
110 207 179 7 118 180 186 26 141 131 69 191 39 203 157 55 250 104 110 5 79 238 239 110 176 217 208 97 95 47 105 246 23 107 166 27 132 198 28 5 151 249 139 147
152 191 184 220 201 214 104 126 217 208 66 253 235 233 112 218 13 96 160 172 103 68 100 227 183 249 7 230 244 79 176 219 114 201 51 201 11 153 128 52 57 8 158 122
114 75 252 243 156 104 91 158 179 148 23 240 93 195 137 206 67 8 154 57 93 178 174 172 208 4 58 143 141 157 48 185 117 212 58 5 197 248 147 214 60 244 214 88
