71 82
72 44 26 17 205 166 190 239 222 13 104 52 95 3 182 230 229 66 36 199 247 8 95 254 212 175 27 222 64 255 135 2 144 212 33 188 133 63 188 232 44 97 108 83 161 249 50 98 166 131 171 96 216 44 74 84 172 99 254 208 27 85 176 47 92 144 50 93 125 89 224 219 49 205 135 227 95 161 36 31 226 59
203 255 7 117 158 41 232 214 217 163 77 182 188 237 146 190 25 154 46 130 81 150 56 8 106 108 71 40 220 223 112 207 82 100 152 67 149 46 166 113 236 113 240 193 179 2 153 38 244 168 148 245 86 234 116 211 25 26 110 12 174 121 166 51 138 134 133 104 217 26 141 101 181 2 178 7 146 224 61 62 53 146
122 21 240 177 202 188 240 88 178 21 109 205 253 111 222 88 28 101 24 89 105 253 142 87 56 133 44 190 168 254 139 232 115 96 74 76 95 247 229 35 115 72 102 178 202 3 57 48 137 16 163 34 193 159 130 10 77 104 49 24 85 57 174 92 223 137 210 218 30 147 81 8 126 95 7 39 81 84 156 129 162 73
174 167 75 106 25 254 114 30 231 127 90 58 21 97 245 147 33 113 34 71 177 206 86 17 22 9 216 215 103 252 26 204 98 187 105 64 13 243 84 159 144 78 160 16 110 229 41 180 221 134 65 122 169 20 193 85 115 243 117 105 189 11 44 14 32 107 17 113 210 108 223 77 82 61 151 242 24 37 225 149 245 133
171 21 185 124 91 100 174 217 112 192 113 195 10 79 88 157 91 190 102 31 113 102 154 25 45 226 132 192 97 170 239 186 66 109 172 82 220 196 201 94 46 198 67 46 210 89 91 8 36 90 98 187 116 100 39 234 74 28 191 154 139 6 194 154 59 105 125 255 92 69 194 221 188 227 200 203 40 109 74 210 213 20
18 233 23 178 171 231 185 76 58 65 1 29 230 72 24 54 155 224 69 105 136 131 165 101 86 58 204 203 140 101 84 94 91 121 64 93 124 225 233 255 86 150 199 86 203 173 223 94 14 138 117 132 144 161 185 104 216 55 59 216 179 234 156 201 142 150 220 121 77 87 171 203 142 61 17 105 238 25 210 48 119 84
30 7 191 236 93 128 100 128 96 57 30 228 70 211 50 253 4 7 140 168 174 77 97 125 154 231 46 211 177 134 245 74 1 194 35 79 108 220 95 218 65 40 105 164 201 184 80 75 140 62 241 103 27 92 108 189 231 74 148 151 109 218 160 136 106 121 56 179 242 177 61 3 171 208 227 83 27 174 8 115 116 37
104 131 116 99 206 17 98 125 220 36 40 50 253 38 184 97 110 232 133 18 83 180 219 244 85 14 246 111 26 160 253 220 216 16 15 224 145 84 195 62 1 118 218 39 155 215 246 247 174 155 130 163 96 247 144 106 46 212 237 63 173 250 19 174 136 167 246 131 120 242 246 90 54 52 195 220 206 224 58 194 229 83
237 233 143 80 139 81 106 124 213 182 103 131 182 5 83 164 201 200 75 78 237 161 139 36 132 70 12 90 112 140 51 182 97 232 42 15 24 136 155 130 90 213 224 199 244 233 243 16 186 133 178 71 232 161 27 78 159 251 148 49 231 220 50 124 32 190 144 245 65 43 59 59 195 253 105 204 241 100 8 152 237 113
31 69 156 50 162 88 17 190 115 215 101 102 113 181 27 22 183 113 44 165 232 110 142 242 161 128 250 69 44 239 230 128 196 14 3 206 77 39 142 181 62 118 234 130 82 67 60 119 170 5 205 14 234 108 22 154 149 83 12 176 41 40 168 59 179 78 12 31 93 20 184 138 149 62 173 34 192 151 48 209 110 181
71 67 9 143 92 48 169 243 192 75 101 223 108 135 193 165 202 123 249 176 5 173 146 37 29 107 28 144 3 249 180 33 87 83 11 52 71 238 90 91 27 232 116 113 102 4 185 111 83 86 223 202 115 136 15 169 47 42 158 104 32 214 119 74 213 86 245 184 249 127 58 255 10 178 189 104 122 10 62 18 203 41
41 163 34 212 129 117 120 253 149 221 71 43 104 211 6 145 89 61 22 173 42 186 110 107 33 80 122 107 171 9 209 71 179 80 31 253 61 35 205 136 96 236 73 84 168 149 9 148 47 49 16 141 199 33 61 148 219 100 246 199 216 47 233 8 45 92 235 86 190 175 115 136 137 70 97 182 86 243 124 95 115 210
145 170 10 211 252 247 105 250 57 88 120 250 15 113 238 152 242 185 31 90 101 235 82 92 83 161 220 241 78 140 62 245 231 89 220 134 213 252 85 114 139 125 53 242 98 47 196 55 207 65 7 195 243 155 207 234 108 93 217 142 93 116 10 139 168 78 221 133 20 63 179 149 156 91 79 219 72 23 32 152 213 78
165 50 108 194 23 216 41 229 23 135 172 236 155 118 209 104 140 128 56 81 49 150 199 178 223 60 164 167 121 244 200 245 246 156 133 147 12 158 92 67 214 128 204 89 201 31 147 164 208 117 212 197 224 154 242 25 231 69 218 22 184 167 131 139 47 99 65 207 94 196 116 5 197 76 50 147 203 248 130 105 251 146
90 21 162 4 66 137 187 230 219 218 35 220 190 120 108 6 125 153 207 65 168 112 67 167 149 88 95 234 140 117 83 219 117 200 28 202 25 118 244 227 45 76 78 166 25 112 113 201 87 241 240 37 199 183 69 103 240 172 40 193 210 7 238 201 246 8 206 174 83 19 239 36 91 110 8 132 37 98 89 41 204 248
131 28 196 208 250 195 245 7 237 181 183 200 252 165 236 31 172 110 227 83 28 18 202 184 120 76 203 211 84 253 169 116 34 42 238 5 236 204 65 173 114 53 190 248 157 225 164 205 202 118 44 168 202 145 78 27 152 164 111 18 4 67 206 171 228 13 192 211 252 207 32 220 228 193 195 179 229 225 174 183 4 39
246 181 4 154 170 79 64 243 161 30 222 186 238 74 134 221 170 227 63 157 13 219 48 188 220 99 240 88 86 82 186 173 97 153 192 19 23 206 239 173 134 64 165 99 252 224 228 196 117 158 29 50 61 185 251 126 212 131 109 71 4 161 211 34 170 77 162 184 212 219 96 136 249 41 118 172 106 85 94 169 69 165
241 234 213 202 76 204 138 3 168 236 86 202 122 2 248 49 179 153 192 42 54 195 252 4 18 30 82 31 185 74 142 115 12 22 103 33 246 165 185 195 179 254 115 87 172 236 2 234 128 82 50 100 255 149 73 35 107 80 196 221 42 78 29 126 239 95 112 130 243 87 83 192 84 10 32 114 52 185 39 37 186 159
255 240 7 2 200 204 148 105 240 180 203 249 185 212 236 143 245 220 46 69 39 45 240 242 187 185 148 47 198 238 178 126 255 26 8 183 67 89 249 85 171 239 106 152 197 219 108 176 147 65 240 162 125 9 6 205 41 58 109 111 106 8 81 30 214 227 192 206 90 177 112 245 19 73 87 158 217 207 1 78 201 154
45 68 92 24 194 52 241 98 219 219 139 216 152 82 60 192 113 33 82 57 99 86 30 234 241 170 100 91 46 88 107 114 152 226 109 187 14 69 196 73 178 159 32 111 139 159 183 100 194 91 12 228 20 158 102 150 41 140 171 178 137 100 219 2 210 218 151 191 252 14 52 40 176 67 124 85 21 140 30 57 211 137
237 232 146 248 87 237 201 137 182 224 48 162 63 251 240 74 142 154 194 176 213 255 84 93 118 100 147 216 11 161 238 60 55 165 69 243 104 252 156 88 141 98 227 89 252 125 105 191 16 129 81 140 191 173 47 88 207 3 3 210 112 95 148 226 250 232 128 30 225 193 187 77 137 234 153 207 41 128 168 200 42 23
148 48 92 41 3 12 153 225 114 37 133 58 17 65 211 95 62 118 239 54 109 155 251 226 42 138 81 189 165 48 42 159 253 205 199 209 53 221 166 11 2 248 24 65 215 246 171 215 249 77 77 151 247 17 9 6 214 34 78 125 41 27 147 227 96 27 164 245 170 130 94 190 78 41 6 75 105 159 120 139 186 141
214 72 72 69 51 212 216 125 69 7 14 122 144 182 77 224 147 220 130 169 76 161 190 104 84 35 244 25 219 239 142 102 93 229 235 216 137 175 232 86 207 152 176 208 148 43 108 82 102 26 87 32 121 145 115 97 209 23 156 81 246 127 229 107 180 239 227 1 215 139 218 214 61 42 13 247 167 70 206 134 51 5
21 121 144 201 125 92 122 36 40 141 55 141 89 166 252 255 52 110 103 221 219 113 99 196 200 207 202 150 90 195 64 192 174 222 221 226 218 80 83 236 75 68 250 34 150 86 26 143 139 197 74 152 185 13 237 91 19 92 154 234 193 9 231 214 105 73 174 167 170 236 25 179 42 6 35 243 38 164 160 246 57 15
237 224 187 210 1 169 225 10 83 251 159 156 111 220 232 147 17 211 58 48 152 138 27 195 19 249 143 79 100 84 62 137 5 188 87 114 60 202 219 15 1 114 250 152 51 47 14 19 84 153 162 31 76 248 38 70 130 79 236 61 128 227 1 80 161 31 176 248 146 231 216 136 202 45 27 104 244 154 121 252 179 17
92 20 220 173 228 74 186 123 182 241 124 237 155 85 203 37 188 162 37 238 91 76 204 196 207 25 242 77 171 40 211 42 114 152 122 62 75 174 230 180 7 90 129 156 49 95 225 191 241 154 50 161 16 150 191 22 187 118 13 200 65 184 176 134 85 202 226 164 168 160 231 80 223 158 115 63 48 75 67 144 70 23
198 167 32 136 174 228 151 206 239 62 157 37 64 88 59 21 182 152 38 195 64 135 133 11 178 67 81 173 142 146 82 138 39 248 13 119 156 47 100 24 3 7 12 19 118 87 127 129 118 71 152 209 127 79 235 19 254 180 105 60 119 104 219 59 104 189 64 197 193 65 95 209 43 6 42 73 33 237 200 175 15 112
125 218 131 129 36 121 35 200 213 164 8 138 167 186 106 186 156 124 117 151 202 122 231 180 207 172 120 69 216 28 218 141 205 120 55 196 128 234 7 177 99 50 51 94 251 230 234 58 110 12 217 11 188 138 206 38 78 178 246 203 168 132 153 106 182 103 187 17 188 237 151 106 38 86 152 143 102 25 44 193 29 222
31 15 205 233 22 105 56 55 141 124 138 39 181 43 231 73 73 170 2 180 79 133 77 149 64 204 202 207 118 140 161 238 204 161 133 237 44 21 135 169 77 126 222 33 87 238 109 141 20 115 180 102 52 220 196 236 194 54 135 142 6 32 51 143 248 45 139 69 155 239 193 171 254 166 95 38 174 146 135 148 37 173
97 152 186 174 186 177 156 97 29 242 43 54 229 213 224 23 208 169 226 243 163 33 76 230 203 175 206 13 199 198 49 107 208 117 189 156 190 33 211 142 203 225 177 67 164 102 126 94 112 255 67 253 198 250 27 95 156 84 158 172 97 159 174 144 248 178 73 178 97 185 186 113 66 85 66 109 202 194 255 117 45 143
215 147 155 179 23 103 52 41 152 59 69 244 139 87 95 28 184 58 16 126 137 5 39 195 20 35 247 183 99 237 35 129 180 126 39 107 213 194 219 21 12 71 15 194 248 61 191 12 97 194 109 230 79 157 129 37 18 140 66 135 10 200 129 38 38 163 61 96 5 102 193 219 8 169 132 171 15 115 166 191 100 44
36 169 232 160 100 170 153 54 222 31 164 121 221 165 234 234 105 161 146 41 226 45 71 167 113 208 68 140 14 28 248 144 11 241 185 131 91 190 98 214 86 57 244 245 32 57 160 203 228 181 133 149 244 122 225 222 101 80 74 70 178 9 197 235 137 13 64 123 49 91 74 251 125 134 72 114 8 117 76 220 84 253
70 186 55 143 63 224 156 23 56 143 141 223 84 239 41 191 203 213 140 125 167 247 22 183 63 108 3 132 126 239 183 218 189 107 88 159 194 221 75 69 72 59 71 34 148 125 37 86 203 251 162 195 148 77 24 8 49 136 167 16 185 65 239 197 99 187 140 89 71 213 137 187 26 207 33 148 143 38 18 161 116 220
88 43 70 4 115 245 151 25 198 74 81 92 147 83 132 193 12 44 171 235 182 223 170 89 149 219 181 22 131 9 150 146 38 78 80 108 82 132 155 150 245 10 175 55 163 181 93 14 148 191 48 204 222 155 8 92 150 161 24 86 242 247 197 22 172 183 157 251 29 100 92 101 17 26 78 140 37 55 176 62 202 155
164 42 134 79 30 170 111 147 240 122 226 227 208 70 106 254 147 166 198 146 183 76 153 129 252 242 90 64 177 88 251 229 129 177 195 222 154 183 115 116 131 72 132 164 69 206 138 80 175 149 179 31 102 12 74 255 179 142 173 178 91 241 28 50 64 234 3 229 32 125 121 154 190 130 61 25 213 174 238 177 212 218
72 246 4 149 112 226 16 213 93 37 9 72 158 111 250 142 209 50 2 18 55 73 31 239 124 194 186 67 62 151 21 108 214 105 48 144 20 96 116 207 217 34 234 198 161 158 8 106 232 133 162 238 70 54 195 21 184 194 82 162 100 71 211 124 150 63 77 232 114 20 111 254 188 53 29 229 148 107 250 101 105 244
215 34 1 77 23 12 159 59 75 143 67 70 99 230 140 92 27 224 1 162 44 174 205 57 101 247 197 231 180 178 216 28 156 14 14 74 81 191 228 189 220 86 71 150 129 9 95 111 126 85 201 231 2 254 26 164 93 204 186 7 224 190 58 105 177 135 198 138 43 130 180 53 252 171 175 173 249 203 204 3 30 175
78 88 123 114 42 121 13 173 56 116 129 17 220 141 235 203 139 71 18 101 98 201 192 51 160 74 206 157 42 178 15 224 45 62 191 146 3 199 20 158 87 104 82 24 246 117 95 33 49 11 245 12 225 48 220 102 33 148 60 195 163 153 7 148 70 233 131 82 181 216 146 24 240 49 109 250 80 140 205 124 210 255
191 135 244 68 84 101 11 133 21 195 55 182 77 196 173 114 12 191 146 159 105 38 200 28 151 23 74 72 79 132 8 237 250 30 33 139 48 208 252 192 80 173 203 89 142 205 198 138 209 100 139 223 162 54 219 149 187 187 156 25 38 148 23 195 64 22 225 76 63 2 22 142 51 22 144 129 250 74 146 140 133 1
63 127 184 93 223 31 102 192 83 245 243 71 219 217 41 154 6 120 63 71 253 159 89 143 199 226 172 181 50 111 165 58 206 89 21 240 112 243 80 78 134 120 235 252 83 105 27 219 43 82 2 161 18 223 210 26 183 94 225 203 152 65 82 64 85 63 81 186 27 21 102 74 245 7 41 20 29 187 16 232 34 143
146 7 155 132 179 240 68 171 144 22 85 92 120 15 171 44 70 118 250 12 193 161 253 80 96 201 224 134 145 41 30 156 101 168 218 193 74 82 191 147 92 94 195 234 216 168 155 204 144 83 80 161 10 227 63 98 201 36 175 120 68 83 190 9 160 114 168 113 21 173 221 32 132 44 85 247 54 56 37 73 47 83
35 131 199 63 115 146 35 86 30 7 146 101 172 156 153 32 44 170 125 54 33 110 176 199 74 188 13 68 159 211 155 201 192 213 148 38 5 247 124 178 206 74 98 30 24 129 71 157 210 103 73 226 255 152 188 252 107 147 89 139 214 110 5 186 109 97 75 34 218 58 155 247 71 193 63 192 180 45 225 176 29 134
133 129 72 213 184 170 179 101 196 77 242 181 149 150 8 131 236 159 225 191 204 103 43 15 64 167 138 187 250 67 227 212 229 59 71 218 43 96 90 137 85 184 23 171 217 215 56 220 15 150 118 22 254 181 105 18 206 154 246 235 18 99 63 76 222 51 215 202 88 140 197 116 152 87 104 254 194 44 223 255 33 185
41 177 164 149 107 49 160 143 105 87 188 205 96 22 31 187 145 209 79 86 181 164 42 46 136 178 19 143 14 74 180 45 139 175 151 89 171 57 103 33 40 78 127 209 196 21 76 89 47 204 252 69 206 43 69 155 214 251 165 138 214 124 112 97 113 9 113 242 135 115 32 129 147 114 207 199 101 96 255 114 147 30
86 10 249 95 45 70 8 59 191 33 95 46 123 106 243 89 175 87 204 92 62 69 134 108 207 214 246 237 16 158 200 142 129 128 39 1 14 160 142 219 125 195 151 82 215 32 69 207 149 245 99 156 94 188 209 183 92 27 17 110 14 127 102 53 78 223 148 121 239 19 195 161 175 189 177 116 111 242 117 227 103 138
153 4 255 224 6 11 32 176 102 227 245 9 153 94 117 107 219 67 227 248 220 72 186 126 83 121 18 154 136 142 153 87 38 125 203 174 174 47 31 188 97 91 50 159 194 110 111 38 159 74 23 106 228 1 182 53 156 205 132 176 255 46 196 218 188 159 233 159 241 136 70 124 148 102 17 224 176 159 102 216 203 64
8 74 226 173 121 32 34 241 149 153 73 102 9 14 133 15 74 172 239 109 232 198 203 202 225 136 219 5 61 35 118 56 95 110 194 230 17 214 26 25 42 47 233 213 48 154 166 173 243 116 16 164 242 110 46 231 110 106 39 229 91 112 125 27 252 178 178 47 149 88 126 125 90 250 44 173 40 253 191 70 169 117
164 12 143 181 118 41 234 78 70 67 251 53 160 101 242 177 33 18 91 223 101 67 198 101 122 208 88 156 55 213 109 219 144 22 187 225 172 65 54 91 209 54 119 221 97 139 171 1 86 84 227 27 247 107 73 26 56 50 92 176 159 19 44 219 32 183 203 219 177 158 107 42 184 41 118 51 157 67 50 62 152 160
120 133 31 164 46 238 165 8 57 119 88 57 187 156 48 34 64 65 96 54 29 64 230 26 72 225 215 101 207 39 219 57 86 59 137 38 87 35 191 222 39 223 18 85 132 99 120 189 104 204 29 167 129 35 220 124 215 213 51 141 88 107 128 47 49 173 220 158 248 54 190 106 121 124 79 204 108 188 160 198 233 104
72 253 141 234 151 174 251 69 150 27 211 40 195 199 17 193 135 83 1 78 145 115 191 61 88 226 8 254 82 77 208 109 186 42 134 89 244 235 207 77 91 208 162 90 120 46 213 175 143 226 156 21 217 109 59 210 72 235 113 220 216 91 23 193 72 161 203 168 212 75 71 95 179 115 40 7 179 67 117 6 252 110
96 104 211 215 10 113 166 70 148 90 201 173 123 157 146 13 101 45 98 36 135 28 164 16 16 231 222 226 138 194 111 88 176 87 28 196 10 23 103 105 191 161 70 65 145 143 16 237 167 212 82 146 236 105 153 163 139 167 202 94 73 210 64 237 88 224 125 209 141 255 56 156 130 197 129 126 174 30 40 217 168 160
164 82 73 147 96 115 39 255 219 71 43 80 221 231 28 165 101 216 175 119 110 236 115 46 94 4 198 71 97 241 106 111 48 123 110 64 113 93 146 154 206 63 24 111 96 144 6 6 15 84 217 198 67 82 4 206 95 220 167 29 74 45 201 154 170 138 217 107 79 170 180 141 3 214 192 230 169 91 74 118 202 55
126 232 147 108 166 45 222 115 242 190 225 43 200 47 167 63 146 212 21 49 166 155 180 179 235 41 99 30 153 61 221 174 46 80 70 66 47 112 194 150 166 128 171 219 163 44 54 37 49 118 46 121 131 72 205 102 56 171 140 100 36 1 83 70 236 235 7 195 43 120 211 83 132 154 22 88 149 34 134 242 36 232
119 136 166 82 43 172 96 68 238 24 180 28 167 25 21 160 15 219 100 188 171 17 112 109 188 179 193 108 153 138 87 217 120 154 129 238 85 42 104 20 203 136 118 72 251 101 233 115 163 125 81 34 254 245 109 207 222 221 200 68 86 96 202 250 26 181 2 56 141 122 160 109 203 189 49 44 125 83 204 77 159 17
120 2 147 53 197 149 66 71 10 198 62 232 119 194 166 158 24 24 135 197 191 92 139 11 64 124 229 83 214 197 97 240 45 73 96 145 130 110 21 143 130 177 38 44 144 189 151 222 186 255 184 181 236 208 99 173 65 27 174 233 189 75 73 102 255 31 138 162 63 22 169 91 49 67 33 186 125 180 43 206 211 221
141 146 60 107 7 135 176 217 222 114 16 123 99 61 118 223 220 17 49 80 214 73 191 70 214 131 129 110 190 173 117 197 237 29 133 236 207 84 153 220 74 200 1 218 17 69 198 139 123 251 208 248 67 22 71 45 70 227 41 96 130 35 31 111 106 13 85 37 199 221 219 215 168 184 223 132 220 184 73 195 166 192
98 241 92 7 21 165 197 194 137 221 197 211 94 71 96 13 203 134 138 182 145 60 198 200 172 24 172 9 95 3 92 194 213 186 15 150 100 254 150 62 70 110 150 51 186 151 135 47 194 75 34 182 177 251 66 1 184 151 2 33 206 212 51 25 208 86 243 213 184 150 37 16 50 242 162 216 128 90 103 128 36 253
17 191 23 23 119 142 69 63 13 248 163 181 238 18 165 207 28 152 20 149 165 107 129 231 43 179 224 86 80 166 167 58 201 3 75 114 84 138 75 51 18 62 185 196 123 255 81 224 43 38 235 181 171 17 210 29 211 32 244 30 44 249 182 13 135 119 32 56 68 126 9 40 34 254 144 184 97 147 38 170 121 133
130 27 60 172 22 76 133 85 111 12 187 68 31 170 151 95 228 231 166 6 209 78 133 93 147 174 63 217 212 138 223 231 252 249 221 199 130 229 112 247 196 75 214 239 126 22 137 39 50 231 68 80 18 148 58 244 50 198 113 26 139 151 66 147 69 183 139 149 158 238 220 29 53 77 32 3 111 222 184 114 158 26
88 37 19 202 18 165 37 16 238 16 188 220 213 177 70 247 157 52 127 214 16 220 243 217 242 31 167 138 211 241 79 208 179 243 229 27 148 117 40 141 90 197 71 184 47 59 158 40 224 63 143 77 123 132 97 234 148 227 176 36 201 183 149 87 122 227 156 182 178 33 178 218 11 248 98 198 33 2 52 83 245 29
13 53 208 200 71 67 132 77 87 110 210 39 139 52 245 46 22 104 206 96 146 251 39 8 32 109 134 27 3 25 232 251 10 121 103 141 88 56 136 169 162 236 189 39 28 216 84 45 78 189 193 211 218 70 88 40 88 74 115 49 94 27 27 230 67 227 232 85 212 154 88 75 35 232 188 214 200 221 145 50 1 109
8 133 115 189 20 227 213 116 161 206 231 118 12 227 86 56 241 87 228 31 155 183 165 251 30 180 6 101 229 65 8 242 164 248 111 95 103 126 240 175 163 246 24 221 220 196 232 56 128 123 88 87 134 13 129 26 62 225 205 181 238 52 156 53 218 217 150 181 109 39 148 190 243 163 241 236 60 133 182 202 135 168
65 6 150 215 27 82 159 104 69 167 177 101 189 191 124 133 111 171 57 94 238 60 226 149 234 102 126 180 20 24 60 235 175 196 202 96 187 185 137 67 206 225 58 65 103 95 199 141 27 127 61 15 164 6 37 242 55 89 185 59 194 81 74 92 4 240 15 238 51 35 233 123 83 17 178 5 233 98 234 211 105 101
112 86 41 24 27 47 47 194 31 27 133 74 88 224 86 56 224 17 183 153 212 4 61 186 194 250 125 197 73 222 108 155 23 116 1 29 38 107 150 136 210 61 74 12 8 71 116 153 113 165 166 116 239 88 7 119 128 64 178 29 20 182 179 121 115 195 180 50 173 160 230 222 136 142 43 254 107 104 86 43 50 77
169 221 247 143 238 78 198 55 163 85 118 169 68 148 43 151 70 3 54 222 142 117 22 179 146 48 125 180 133 32 180 39 170 215 164 100 200 185 230 53 32 207 76 88 185 128 198 46 24 21 31 101 181 100 108 128 76 116 198 211 168 11 1 11 39 90 21 105 21 193 148 249 52 91 154 170 110 9 199 179 155 110
154 38 45 32 71 114 26 6 41 237 22 83 194 228 101 69 128 203 80 208 173 71 184 35 171 193 241 144 60 104 18 109 4 126 95 131 58 184 142 39 115 105 56 191 123 174 218 91 254 148 169 184 148 110 74 13 12 142 2 125 7 51 191 121 182 93 22 115 53 154 204 193 137 149 254 38 101 238 17 223 197 236
124 168 2 148 5 22 227 50 207 115 129 22 107 216 146 137 111 41 126 142 21 33 141 12 104 188 243 134 244 26 243 62 121 60 244 58 108 52 98 248 4 98 162 83 66 60 64 99 253 157 254 6 219 8 137 172 214 216 174 154 223 114 105 116 171 190 252 72 18 251 64 30 32 54 173 194 217 80 3 154 197 180
218 179 103 10 219 65 159 209 71 64 154 60 26 183 160 65 45 114 50 160 244 223 135 232 64 225 9 184 169 25 45 241 253 17 45 65 18 36 204 83 212 20 206 25 187 9 233 245 254 75 70 35 44 100 56 28 222 32 73 174 133 56 63 149 146 139 108 36 250 168 31 141 183 126 45 211 90 238 125 138 11 205
229 90 198 198 57 110 37 161 221 158 103 37 7 78 7 14 74 108 27 195 85 28 88 134 82 41 201 70 253 63 238 116 132 11 152 210 242 128 70 127 184 70 144 212 11 235 79 45 124 99 15 197 207 178 35 176 175 215 47 48 115 214 237 64 12 105 97 81 26 32 114 33 6 55 31 224 152 236 156 5 250 196
59 114 248 117 31 11 28 189 16 119 234 56 142 159 44 18 186 150 103 69 217 119 92 6 63 195 2 51 197 171 219 178 186 101 11 150 55 207 35 193 18 53 99 250 32 12 157 193 215 181 160 133 85 193 71 205 249 5 236 139 141 156 186 147 255 76 77 147 41 208 228 44 112 50 26 4 206 108 232 39 129 182
132 204 84 227 89 137 20 141 175 73 147 149 17 68 244 126 83 79 217 105 196 240 173 163 121 216 67 86 20 204 211 132 153 73 31 129 153 189 90 171 127 105 77 248 209 106 222 16 107 216 175 81 20 132 49 191 131 45 150 95 223 218 67 175 29 170 83 235 192 50 174 211 34 36 230 241 246 54 65 140 228 215
