91 58
190 230 95 75 29 233 211 226 112 239 168 156 77 229 252 172 239 171 105 154 33 241 113 77 228 56 76 147 94 215 107 37 120 185 200 191 93 203 14 6 1 63 143 172 222 159 41 102 1 255 61 102 83 169 125 143 88 42
44 11 115 128 189 5 193 84 23 178 178 129 171 56 2 38 118 68 22 122 214 188 86 94 213 214 202 84 107 127 181 65 170 252 163 212 83 233 52 237 173 70 63 127 176 114 82 186 237 135 131 59 192 124 206 240 60 145
237 247 80 88 202 183 252 107 204 214 180 68 88 189 58 70 33 217 148 26 164 100 157 250 32 127 182 47 46 2 242 30 176 204 135 119 248 49 32 50 229 203 235 19 173 60 168 27 77 171 29 1 108 122 234 75 234 222
7 106 38 83 99 18 201 88 212 235 214 94 182 43 202 187 208 92 116 153 218 253 135 186 40 198 28 157 216 250 33 155 161 112 211 54 161 130 136 166 142 130 41 252 196 195 161 32 146 206 250 10 30 152 117 168 147 219
162 7 201 65 105 51 222 57 127 135 153 40 212 183 181 188 151 165 145 37 30 54 117 26 62 252 57 227 206 86 230 3 35 127 236 32 20 195 119 182 113 177 240 91 176 25 39 144 214 80 164 166 152 168 175 144 199 123
111 108 95 170 125 120 59 225 55 137 104 28 219 204 253 40 100 42 39 203 135 92 206 165 56 131 98 248 149 30 149 209 67 88 155 42 175 48 90 63 86 156 232 103 146 8 22 88 237 132 46 103 229 201 102 191 220 151
41 237 179 249 96 41 133 130 119 35 208 97 194 145 108 61 63 19 60 79 64 178 143 239 27 126 104 15 245 37 102 147 194 239 110 151 114 74 27 159 220 90 172 18 239 12 206 28 148 228 225 58 18 58 18 121 164 31
240 95 133 247 23 205 184 178 220 34 152 253 42 77 158 32 231 42 34 26 103 77 237 16 121 166 224 14 1 132 121 102 45 32 28 239 46 128 216 16 153 56 111 254 205 10 159 81 169 11 188 4 232 240 79 230 182 217
178 187 108 238 236 95 253 253 188 111 69 115 187 2 201 254 107 241 156 219 62 229 94 63 61 19 95 221 68 65 198 173 251 176 218 229 162 245 205 60 215 17 137 223 131 35 88 43 81 7 107 101 244 120 86 111 118 101
170 3 121 199 2 230 118 111 232 46 21 65 19 206 214 112 33 86 229 127 144 70 164 6 16 76 51 244 27 62 75 62 119 4 230 170 186 223 84 171 106 65 42 122 218 15 94 134 38 112 190 95 110 102 34 75 175 32
146 60 150 163 145 140 234 230 29 124 72 240 153 247 26 209 64 89 152 205 49 70 180 113 14 229 248 234 253 88 190 119 85 147 111 165 146 8 179 132 159 119 172 112 82 127 75 10 21 9 18 148 49 4 215 46 8 220
137 168 69 144 213 230 147 205 162 229 73 162 200 225 77 117 4 214 16 41 89 255 6 107 83 67 93 155 43 179 118 245 3 216 121 213 153 252 8 41 231 169 134 83 50 125 122 245 242 159 38 118 85 169 243 216 144 219
235 51 49 241 79 71 193 101 117 164 244 42 126 184 21 141 21 117 83 213 72 200 99 91 196 187 247 189 71 146 130 219 44 181 178 70 101 229 182 144 170 245 164 59 66 216 14 134 159 178 72 253 22 151 2 221 167 134
161 226 217 99 128 172 134 21 103 134 92 30 198 131 182 234 3 68 55 167 185 126 5 64 41 32 195 112 130 162 71 89 52 5 28 188 146 63 3 51 150 48 184 233 83 108 206 64 193 162 214 84 68 31 198 127 178 86
125 207 19 134 122 217 216 201 202 50 227 148 145 85 147 1 211 98 84 127 95 150 11 140 180 159 136 61 255 12 194 211 81 108 145 72 55 131 146 118 190 83 29 212 62 13 121 208 182 182 236 192 186 246 66 31 9 250
120 132 149 81 155 173 226 91 59 65 17 134 175 32 233 175 190 208 50 94 141 88 46 225 112 111 124 209 135 96 252 142 139 143 62 120 239 50 181 209 150 134 116 245 193 23 156 72 77 62 49 180 220 72 87 214 175 11
214 232 194 54 158 196 252 214 157 44 46 45 11 185 178 202 46 4 5 150 129 193 6 216 172 12 40 108 139 136 167 111 122 215 162 42 228 86 48 35 214 239 19 39 118 230 179 80 44 27 70 93 207 30 11 24 227 93
160 206 204 234 169 226 205 234 27 246 10 70 92 5 164 79 49 233 224 170 254 156 127 179 143 43 42 39 150 160 48 146 94 210 65 155 254 234 18 215 144 147 231 245 37 238 135 47 132 102 211 26 36 14 246 181 163 6
236 56 85 177 113 213 167 156 60 18 220 33 99 84 206 164 105 156 224 126 252 36 223 208 155 233 224 245 51 146 181 236 126 60 195 222 66 127 225 16 62 216 140 161 212 240 91 69 41 200 187 180 195 75 248 9 212 89
138 175 162 195 129 7 230 168 139 189 29 21 49 43 108 10 160 99 236 81 39 46 239 148 225 62 102 214 130 42 189 156 78 124 252 235 168 121 134 67 101 223 190 147 200 117 108 140 168 27 247 244 139 160 203 212 40 42
129 174 8 222 170 147 74 186 46 89 77 249 1 62 125 216 142 141 175 8 37 212 57 170 137 29 147 143 40 65 223 186 25 181 96 135 86 118 195 11 1 172 66 117 206 53 142 27 237 96 18 188 83 63 145 63 69 96
43 31 99 9 92 166 192 172 58 225 42 111 241 69 83 168 50 193 201 249 82 167 233 187 122 163 40 31 155 53 52 71 24 48 155 67 103 67 228 131 163 188 236 235 140 125 101 159 108 250 40 222 50 177 191 110 223 202
190 238 198 128 87 73 250 202 207 243 146 235 84 93 4 122 64 246 178 91 30 196 174 88 150 54 109 72 218 172 95 27 157 160 59 249 210 113 200 104 240 170 83 88 146 75 251 195 49 135 197 32 169 80 48 79 143 139
159 248 228 122 218 47 238 25 165 158 11 84 68 81 145 246 135 64 165 238 52 154 98 67 228 26 51 50 47 4 127 110 15 79 86 102 53 36 13 138 251 128 187 162 16 109 26 238 159 87 147 206 73 208 10 24 74 112
121 119 217 178 47 131 11 167 133 253 27 129 151 166 163 1 243 77 80 83 63 96 164 201 129 123 248 112 80 188 117 164 123 14 230 229 115 26 102 198 73 159 160 218 154 130 150 51 66 141 45 116 94 95 20 85 230 110
13 115 25 142 21 226 252 67 15 135 85 85 128 158 135 239 70 168 207 9 35 65 100 5 21 156 172 30 86 171 4 43 116 247 93 19 3 36 35 189 157 64 143 121 67 187 185 140 152 5 117 208 46 36 229 252 17 200
113 82 59 223 94 242 46 84 14 109 166 51 106 30 201 155 241 160 59 72 250 207 190 15 213 98 121 78 189 165 115 198 228 85 244 91 188 13 174 69 134 115 244 13 225 102 130 57 68 150 83 198 78 206 196 195 1 175
1 197 108 20 177 103 198 14 154 214 171 186 123 127 235 254 6 177 235 159 24 192 67 61 250 149 195 19 8 159 201 148 226 248 228 21 131 32 222 66 141 60 107 198 224 175 206 129 178 154 117 129 110 67 247 123 57 217
16 45 113 8 210 194 213 155 164 60 67 110 148 205 215 185 229 39 220 99 253 228 178 237 229 199 51 114 119 38 233 193 233 146 222 252 168 173 11 207 102 158 3 228 91 188 99 136 3 63 56 204 79 241 131 114 178 45
253 18 249 248 212 178 170 177 36 83 1 227 145 30 173 77 247 144 9 68 129 59 148 230 25 2 64 207 161 42 139 132 237 64 203 238 130 249 229 77 86 3 129 180 117 96 15 47 243 29 28 85 179 102 190 100 74 127
10 255 128 96 242 105 100 15 141 86 85 112 30 160 171 181 184 189 174 28 8 239 243 130 43 180 200 234 42 78 220 68 57 238 107 187 105 186 142 181 215 172 38 193 65 184 57 170 180 140 16 197 202 77 138 103 92 228
167 183 11 117 96 220 173 50 60 112 62 207 148 211 201 96 126 166 53 248 182 144 184 2 89 187 88 204 85 14 26 48 153 45 81 104 215 183 232 205 19 18 177 101 79 215 55 169 124 82 64 188 231 10 53 117 125 138
177 150 107 238 43 200 113 245 211 202 216 57 246 190 243 244 65 149 220 75 175 213 64 71 1 56 104 190 102 214 254 167 243 19 244 228 1 203 197 216 253 166 18 244 179 77 204 196 100 230 160 193 169 45 226 41 87 139
255 99 241 80 219 195 174 3 238 99 100 215 58 253 146 152 155 249 144 22 157 215 238 218 94 129 160 86 121 148 237 245 232 138 196 49 35 56 49 173 161 136 74 99 211 60 191 206 177 44 113 240 93 137 104 141 216 218
193 60 150 167 224 96 85 109 185 91 213 157 206 67 79 210 162 111 94 117 76 167 215 15 122 175 56 36 193 178 140 101 54 228 83 160 47 220 77 153 211 4 161 160 156 163 86 19 206 57 204 64 116 106 114 41 240 47
149 77 187 66 73 63 64 143 249 214 254 90 31 211 161 60 9 232 116 2 194 241 172 208 237 156 77 165 19 234 173 95 137 48 59 205 162 176 164 153 85 232 179 143 29 106 142 253 70 78 189 143 130 47 195 212 5 76
127 195 162 62 125 39 58 168 159 25 56 96 62 255 15 146 130 226 175 234 189 243 68 186 38 103 46 162 150 154 18 89 125 100 95 103 107 211 253 5 231 18 101 187 148 79 77 203 181 196 125 28 154 91 112 76 139 58
199 25 19 181 182 21 230 134 183 9 250 191 5 139 44 198 185 229 152 168 134 252 153 37 32 164 55 138 78 31 157 198 70 76 68 151 168 150 79 5 113 153 152 28 65 133 60 123 107 186 239 28 244 15 242 107 144 74
166 69 51 67 141 128 253 157 189 131 82 184 220 63 44 223 157 110 52 49 99 225 212 29 223 205 236 187 102 215 108 6 176 103 165 215 195 120 255 236 107 132 187 143 222 8 254 130 56 112 235 80 135 129 61 147 207 1
60 236 2 79 94 188 41 96 148 201 145 19 208 134 139 173 159 152 200 54 34 107 211 58 96 223 119 116 181 34 101 187 50 143 80 195 250 41 24 186 59 149 204 84 43 215 91 153 50 85 223 227 253 230 11 113 213 112
10 190 202 222 29 180 164 235 206 35 91 8 209 229 22 171 91 81 140 35 196 30 136 108 199 154 45 61 68 238 29 111 99 12 101 116 42 102 6 194 186 195 25 108 233 248 14 247 212 211 155 101 40 193 108 22 71 129
66 52 146 45 159 147 12 204 32 10 180 161 107 45 132 182 72 129 223 213 197 235 140 115 21 5 229 159 250 237 194 253 208 97 57 131 244 218 16 70 136 141 78 185 68 19 34 202 91 144 176 109 215 153 62 212 15 103
215 38 12 43 103 141 33 146 99 67 254 200 190 117 36 1 93 112 161 230 117 179 184 15 125 199 157 205 156 151 236 233 156 217 142 112 190 57 212 6 79 186 250 161 87 80 4 49 105 74 248 203 175 55 36 65 193 131
70 209 4 189 3 53 25 111 95 57 151 108 36 107 70 218 163 215 199 127 198 195 10 109 47 65 185 3 17 8 160 139 147 253 56 219 38 61 166 237 154 32 196 154 206 138 3 199 40 116 236 233 200 201 14 175 155 255
95 203 22 170 87 73 158 3 71 192 60 201 63 240 183 215 243 80 187 62 49 172 158 130 244 218 117 177 237 205 124 85 143 68 144 210 96 50 63 199 229 126 218 122 160 170 113 220 21 71 173 51 63 233 247 254 238 135
217 251 186 192 137 201 11 227 139 215 61 36 234 154 24 107 30 189 244 33 16 234 153 208 235 216 107 177 218 151 235 134 241 239 13 186 133 234 223 62 173 206 16 210 64 51 80 82 131 19 8 61 242 49 246 215 68 197
150 212 81 12 249 106 231 216 106 55 45 100 248 164 191 127 142 39 51 16 73 114 218 133 134 182 119 25 214 185 74 235 135 132 116 253 250 249 122 251 208 15 71 184 92 214 155 140 145 9 152 131 119 204 245 198 13 43
205 227 76 8 170 96 138 165 174 74 95 103 156 53 109 73 101 190 52 160 43 5 32 28 70 184 32 78 96 157 11 228 211 65 9 45 48 68 75 144 222 60 59 73 150 199 132 94 128 33 175 122 69 33 107 19 236 192
20 221 146 194 168 143 36 199 68 201 44 153 195 213 218 63 139 3 169 164 238 36 196 251 249 20 39 199 30 42 35 36 247 158 183 86 11 232 197 40 8 67 69 16 44 253 96 94 21 21 105 136 228 235 77 43 38 56
63 61 18 100 58 8 120 132 70 98 71 62 192 196 138 100 209 231 190 204 201 239 240 228 145 223 51 128 186 112 251 99 22 50 121 29 224 101 94 89 174 194 33 197 93 124 211 254 94 20 214 157 126 9 193 17 55 47
158 123 191 18 162 186 176 197 71 58 207 56 201 28 120 161 226 154 84 12 192 120 174 206 220 218 27 237 206 210 44 124 67 8 214 103 152 106 123 242 62 91 73 79 35 72 188 142 159 30 206 71 3 192 248 174 23 119
227 81 86 252 10 46 184 220 237 208 21 41 169 203 249 7 117 206 142 133 5 71 195 48 188 88 82 185 60 225 202 185 171 134 85 106 176 144 122 132 176 238 246 184 157 255 213 42 186 212 46 107 149 211 89 125 63 220
48 190 233 251 132 250 144 156 148 91 103 240 156 180 116 102 229 161 130 88 104 131 162 77 54 109 231 8 100 47 255 107 5 228 54 119 59 76 102 82 2 71 34 154 187 41 65 54 182 144 81 188 207 28 5 148 61 226
151 244 192 191 204 165 139 79 206 63 76 228 180 3 190 117 221 81 20 144 215 27 181 155 104 224 26 187 229 12 245 86 231 64 124 147 54 115 43 237 223 27 184 76 249 161 36 148 189 87 125 24 89 201 41 234 103 242
195 70 131 31 30 252 213 152 247 130 218 199 203 98 76 226 75 249 171 18 69 65 244 31 76 126 36 153 141 21 153 65 211 175 188 83 38 246 135 195 167 197 26 42 55 217 159 214 11 3 45 144 173 21 244 32 177 252
107 175 86 41 104 48 238 87 196 108 214 11 4 21 119 21 122 222 177 183 112 46 187 130 74 210 160 183 13 68 22 203 1 167 245 107 204 13 91 32 93 22 62 139 228 131 103 125 134 219 116 165 245 173 167 177 12 149
84 55 163 217 157 244 161 50 213 254 139 221 125 159 169 48 166 177 48 228 98 144 142 70 40 229 139 3 93 42 151 44 193 77 207 131 137 45 55 40 249 15 65 180 158 230 56 200 93 208 202 12 234 189 85 194 232 194
43 39 248 27 79 125 93 30 130 3 47 247 140 189 198 153 91 88 230 151 48 204 178 250 196 193 106 3 87 38 147 157 26 120 210 194 8 137 226 192 195 205 54 53 103 97 234 192 133 142 159 96 107 4 207 127 222 176
177 21 161 1 221 23 199 254 139 132 254 216 153 183 159 154 26 45 11 201 250 66 204 27 50 235 217 174 200 107 207 124 239 167 75 111 223 36 248 90 24 251 246 195 146 67 240 173 244 214 248 59 250 91 46 157 75 6
240 229 90 71 1 244 6 90 239 50 108 163 90 112 14 160 236 176 110 36 57 26 56 79 173 200 181 211 126 188 166 209 190 169 39 215 141 103 25 239 27 82 59 196 169 246 214 208 135 178 172 17 230 100 34 27 214 2
196 119 248 223 146 221 118 170 65 35 119 80 111 146 199 27 235 176 113 72 6 11 183 25 68 87 144 100 250 7 251 233 154 68 2 218 113 131 62 22 247 162 140 71 175 171 203 72 65 137 212 253 129 179 7 31 81 72
242 247 155 73 14 195 201 101 33 144 192 14 247 199 12 173 22 175 93 153 20 167 7 18 117 135 62 254 37 229 101 54 219 125 42 92 168 46 134 142 174 168 204 236 176 88 85 121 199 124 78 118 53 201 246 223 196 105
170 223 244 167 19 56 204 123 248 21 28 85 168 128 228 157 97 137 58 248 178 62 155 152 220 75 168 106 156 206 27 217 91 91 146 41 182 204 147 248 91 89 158 227 130 205 69 183 94 118 135 143 26 180 51 232 212 32
241 118 219 230 10 36 240 53 223 65 139 149 82 115 8 89 193 219 235 227 247 164 222 147 22 39 44 17 202 245 169 145 77 192 207 89 161 163 135 50 96 10 15 219 134 137 19 130 183 134 36 15 65 222 52 94 209 163
70 183 18 217 140 83 152 117 212 207 73 233 165 91 4 32 66 52 66 50 24 164 99 146 187 252 27 15 123 109 220 102 45 229 88 12 41 84 204 252 203 77 203 70 243 143 31 157 154 98 208 167 248 154 250 51 171 206
235 183 205 111 11 82 186 216 177 98 193 125 114 74 186 20 128 96 43 144 229 55 218 217 6 31 230 116 131 182 160 168 103 64 139 74 215 27 48 170 110 188 89 15 150 160 223 118 182 241 38 46 128 71 70 176 139 31
162 67 8 31 2 119 115 183 77 18 238 37 97 252 7 134 225 4 214 178 148 207 227 51 102 207 104 5 135 121 59 69 54 59 234 249 43 13 141 164 146 245 65 159 171 252 88 211 44 32 199 128 140 251 166 143 149 40
165 48 125 60 88 44 251 48 11 113 17 44 134 43 159 38 198 61 85 151 8 202 96 47 217 199 38 56 43 181 236 61 144 232 153 152 161 68 166 75 239 156 85 73 18 26 55 38 235 218 87 217 180 146 228 102 240 81
223 150 112 201 203 179 45 79 209 6 165 84 73 20 147 238 50 140 82 29 188 200 176 81 129 223 26 193 132 150 247 175 59 187 207 23 40 232 177 33 22 122 106 216 114 224 185 61 110 115 105 151 86 32 245 43 23 117
169 222 252 40 208 228 160 145 77 218 94 54 179 137 141 18 70 39 51 226 195 119 233 114 159 61 195 196 251 72 98 148 49 84 112 83 250 156 203 210 244 153 251 156 9 30 208 60 161 37 166 16 232 244 192 214 51 70
128 166 56 170 203 99 90 151 231 94 196 37 241 131 198 214 45 235 57 224 196 224 2 193 16 74 55 58 119 122 235 117 237 94 206 36 192 232 88 170 73 241 124 156 227 226 108 65 76 183 35 10 125 172 55 237 10 241
30 160 5 183 42 211 165 236 215 216 74 16 250 210 113 226 49 114 236 4 73 102 159 138 82 46 227 56 69 14 208 209 166 32 111 223 129 2 197 148 112 250 11 108 223 191 206 129 77 160 138 228 234 208 237 8 160 184
103 41 111 15 136 20 178 185 28 107 59 211 39 168 212 224 227 23 65 100 68 92 55 183 161 227 230 38 45 20 44 184 238 237 52 134 160 251 214 116 20 49 96 225 124 144 123 87 215 252 118 186 120 20 178 24 204 164
32 46 63 230 170 91 56 40 140 39 204 66 64 33 74 108 37 98 252 33 11 75 53 104 222 118 209 120 233 56 10 43 178 226 1 253 27 188 33 129 106 1 46 72 130 253 61 139 85 206 113 253 236 146 2 249 215 213
62 208 23 140 84 89 36 18 1 35 76 78 145 124 36 193 180 132 149 85 254 20 63 147 8 24 5 239 242 199 113 162 247 195 18 101 84 182 30 35 221 228 77 155 94 240 183 99 1 8 179 5 180 207 100 17 244 161
68 60 208 171 226 249 6 82 6 91 14 109 240 207 201 114 112 21 117 185 216 197 51 156 46 53 27 11 1 122 35 169 40 115 17 49 131 252 74 249 67 141 124 231 197 206 235 15 93 224 169 81 132 230 19 64 25 239
233 242 67 108 127 206 104 109 183 145 137 250 125 97 2 118 254 177 237 94 48 192 133 93 41 28 117 88 49 97 87 59 243 147 182 139 27 21 243 115 223 5 207 108 88 232 85 43 87 225 66 172 138 84 232 118 1 194
237 35 95 171 190 200 144 27 230 138 241 159 28 174 161 107 58 186 232 58 40 189 203 220 176 248 185 9 154 84 251 45 131 7 51 72 240 127 234 57 14 9 237 5 89 194 229 236 90 37 135 65 3 215 227 202 126 146
7 111 196 211 105 55 231 38 100 10 59 226 235 231 164 203 136 138 57 73 174 74 253 151 85 23 227 181 238 103 143 160 46 166 231 173 102 142 82 194 233 22 22 192 102 5 24 92 35 153 78 8 179 26 109 3 129 205
212 208 171 243 186 210 82 139 115 87 40 241 45 239 162 72 183 1 7 253 173 142 121 131 141 214 48 56 179 28 231 20 252 150 254 7 111 237 145 68 210 30 29 116 224 185 49 104 3 112 214 242 85 134 153 128 41 44
197 213 66 213 47 47 139 102 97 113 102 57 158 139 112 92 21 210 209 18 38 19 47 94 217 58 199 231 144 215 57 106 45 182 246 231 12 3 63 47 13 7 219 90 141 223 236 144 235 32 143 245 220 181 251 206 44 212
34 21 81 16 146 187 172 163 228 79 234 109 162 46 38 209 54 166 112 53 213 84 184 145 4 23 18 181 107 83 210 217 142 187 52 88 149 23 75 43 118 120 208 156 179 131 197 43 135 137 82 107 89 226 222 194 5 95
31 94 78 191 227 74 214 26 117 224 43 109 76 198 63 100 125 203 144 175 249 115 70 151 127 43 142 237 96 6 194 252 198 141 208 222 238 205 146 111 141 92 14 131 23 1 88 10 83 226 56 78 130 230 69 189 62 31
135 84 136 128 247 239 205 162 65 48 148 128 95 118 208 175 218 138 164 29 194 34 212 192 72 129 95 163 22 201 5 242 72 103 73 7 11 112 214 184 53 43 134 26 134 79 191 232 135 194 50 173 87 219 54 30 26 75
134 207 162 190 43 75 212 81 178 253 245 145 234 91 27 159 71 1 5 11 205 197 49 44 71 36 51 119 246 238 181 80 39 219 12 54 152 57 8 255 232 172 255 46 168 75 73 222 210 2 27 143 28 70 188 59 108 77
101 155 126 221 47 236 130 79 162 163 9 101 172 105 57 182 67 134 147 113 200 149 17 145 99 118 7 181 247 129 131 76 230 72 82 251 107 90 249 133 91 159 101 173 142 200 163 197 222 252 38 156 96 124 237 215 34 241
232 45 12 40 154 70 244 32 221 189 5 89 98 18 25 113 32 137 31 148 48 110 252 111 70 17 46 134 140 20 246 174 217 236 125 206 36 141 7 175 191 70 83 104 231 60 28 113 216 30 115 149 67 83 86 248 90 230
17 146 187 213 146 62 119 25 199 132 64 140 229 212 207 214 247 22 92 88 223 115 81 162 91 93 52 42 225 26 232 66 244 205 185 245 30 242 234 170 221 88 89 157 180 83 226 209 67 255 3 40 145 161 169 123 175 178
66 134 215 239 138 75 170 84 123 75 102 31 52 42 41 23 45 190 139 97 222 62 67 11 244 109 230 161 120 218 77 110 62 198 1 82 201 166 181 61 237 126 165 55 245 93 236 62 248 190 40 210 104 114 195 22 244 84
140 79 16 8 143 52 252 24 110 5 35 199 38 58 4 12 218 138 162 122 176 187 14 167 144 221 2 95 253 30 19 234 96 197 252 45 232 85 224 144 122 99 199 238 44 31 46 46 232 33 15 106 29 60 90 50 204 63
178 41 234 63 133 75 119 228 163 156 149 22 80 152 253 185 232 79 73 205 77 64 209 105 3 72 27 99 204 217 33 6 1 173 216 89 246 186 63 19 108 233 139 77 183 198 192 141 111 171 250 234 52 161 151 209 151 242
