32 97
118 55 39 192 10 22 34 230 242 203 115 178 44 114 193 168 208 196 188 15 249 119 108 177 218 73 71 70 68 163 31 84 12 228 137 174 140 151 33 20 55 138 227 110 188 229 208 45 106 230 95 196 95 134 154 187 44 222 99 156 49 105 113 138 90 109 230 92 159 179 94 132 231 3 7 99 243 190 203 183 222 121 204 22 122 216 5 133 240 98 105 34 118 249 86 67 48
243 120 40 63 233 95 29 185 165 143 170 177 58 234 12 255 95 168 63 191 133 170 176 21 90 228 238 91 104 102 69 83 3 76 158 156 101 114 111 66 177 169 172 50 127 56 138 190 183 59 84 114 149 186 1 149 85 33 213 199 117 128 79 155 253 119 156 88 126 214 89 89 113 153 18 120 235 212 102 157 30 135 240 30 90 155 225 60 55 44 134 63 248 142 218 105 43
185 47 110 209 239 156 243 190 191 24 240 56 208 65 118 163 72 213 107 27 214 94 93 146 244 246 64 180 95 12 137 223 239 106 15 91 234 18 159 143 196 186 189 18 209 72 59 163 42 73 23 114 122 47 141 97 63 168 253 144 6 247 115 11 159 1 28 251 124 51 150 143 91 15 239 107 56 201 230 129 8 155 74 58 44 250 192 76 83 221 227 30 247 90 242 102 152
196 143 181 234 117 229 105 248 155 82 182 211 39 189 196 65 62 223 59 89 52 62 239 77 154 168 175 53 47 76 82 91 249 14 174 251 77 15 118 188 222 38 127 8 136 209 66 147 146 186 96 207 9 202 242 151 217 8 249 125 196 91 248 11 86 16 192 212 193 22 14 19 50 32 120 169 200 54 178 41 223 20 206 12 186 34 139 61 3 112 190 231 210 25 9 79 46
239 164 232 242 185 51 166 224 49 129 113 183 244 52 13 243 19 219 239 38 223 24 238 127 131 46 20 215 96 13 68 52 58 76 113 178 210 151 82 158 71 26 122 122 165 127 111 199 189 72 211 174 249 141 72 119 83 90 124 22 180 109 235 33 176 140 222 222 242 231 160 243 111 139 79 225 102 189 64 100 92 205 238 15 91 50 80 157 219 10 163 35 128 71 38 53 181
67 155 142 130 111 66 67 29 39 162 68 253 151 47 155 209 44 253 163 136 146 192 85 161 87 240 54 200 164 70 157 74 170 54 74 16 212 37 128 40 164 64 90 51 216 202 118 12 68 86 109 170 194 159 50 229 78 193 145 244 248 79 225 109 41 135 210 202 151 114 168 192 43 249 125 98 2 80 98 109 218 146 4 91 194 166 77 10 164 79 42 182 229 29 163 133 60
95 67 27 249 25 138 33 121 3 26 138 235 203 136 147 165 178 97 176 179 107 44 124 127 13 7 91 111 59 79 111 150 175 187 148 181 225 153 171 111 75 18 4 195 139 194 168 49 58 231 114 148 137 21 82 105 151 6 39 12 21 91 130 153 170 23 174 146 226 244 178 202 146 7 245 120 197 13 206 82 226 60 230 98 190 40 182 140 183 156 240 90 164 88 210 166 2
253 212 230 15 134 103 92 67 238 220 101 243 80 31 124 82 218 213 40 247 190 178 87 81 45 154 110 3 246 156 76 69 25 90 224 198 150 193 33 197 63 8 230 8 69 242 175 152 129 40 13 96 61 175 202 4 114 37 235 180 20 182 125 200 206 75 230 34 246 2 51 223 54 20 145 162 79 156 132 94 31 1 152 182 24 199 164 121 166 134 213 106 206 127 154 57 31
20 4 151 185 25 233 203 40 218 146 54 62 155 231 223 88 29 36 53 16 14 187 197 176 186 85 131 62 29 19 250 47 107 229 24 86 71 156 156 243 1 116 194 79 194 73 129 37 67 77 34 118 89 52 196 127 180 144 178 61 253 203 62 112 76 165 49 175 249 255 241 208 212 197 98 192 201 126 249 87 163 147 226 197 10 192 159 186 125 8 147 163 169 249 204 35 64
249 78 181 3 136 117 114 133 30 80 222 50 69 161 54 27 183 218 206 119 101 105 100 28 134 213 133 161 156 69 153 51 229 77 170 239 12 133 103 241 56 229 149 16 190 92 236 76 103 197 219 67 235 173 54 50 98 98 199 46 125 53 131 239 93 22 74 66 127 174 89 169 222 212 84 194 231 94 49 144 175 218 36 237 130 29 71 69 12 50 122 17 197 216 185 34 45
35 51 205 246 175 218 162 140 123 120 1 162 249 99 244 121 55 52 166 76 221 239 159 152 232 134 117 254 47 196 243 74 225 96 153 149 168 238 252 5 215 145 218 36 79 48 11 125 19 85 207 150 230 123 254 74 23 218 49 151 49 165 244 5 95 198 243 73 150 162 134 192 229 3 144 216 37 148 133 124 89 25 104 21 90 212 64 242 226 111 82 119 168 205 127 139 24
163 132 188 63 133 23 2 119 87 154 232 104 160 75 203 221 174 77 236 208 212 179 253 181 23 150 133 236 237 25 50 242 130 65 204 5 48 248 118 196 14 157 159 203 148 55 174 4 79 87 248 212 158 236 14 204 34 221 81 29 30 25 84 148 195 190 154 155 119 150 235 181 196 222 215 61 196 209 139 7 13 64 64 97 152 130 245 77 23 82 251 115 18 162 130 67 28
209 12 127 54 25 156 249 133 47 223 96 61 32 175 224 35 204 133 68 198 99 181 251 249 6 51 156 150 47 60 176 18 47 125 200 231 226 105 28 226 71 63 194 117 74 45 3 113 122 149 39 196 39 70 37 140 121 201 95 235 183 134 251 245 64 213 254 180 218 91 137 231 19 128 233 154 69 65 64 188 157 30 94 174 48 84 162 1 23 113 31 129 76 163 205 152 26
127 143 210 219 47 90 90 252 237 175 164 57 179 189 155 225 243 1 141 142 153 243 164 101 201 235 80 244 206 83 118 88 113 145 111 234 178 15 95 229 63 106 180 188 232 47 47 226 65 129 17 214 17 212 15 169 206 203 202 226 22 193 85 4 34 200 59 203 87 83 61 43 61 93 136 35 59 212 132 25 156 140 225 45 72 66 45 234 107 106 231 75 107 19 41 139 6
62 34 165 18 107 221 238 142 183 225 29 80 74 135 117 112 116 100 18 16 186 148 39 75 116 54 111 88 32 26 16 125 33 135 237 153 200 167 50 152 211 26 92 81 186 189 38 16 112 117 230 71 153 223 177 41 47 194 179 123 1 115 218 37 57 49 255 254 32 144 35 228 245 53 165 20 93 210 51 255 74 66 35 254 201 31 26 120 135 2 206 22 31 204 144 24 131
246 97 58 105 225 234 160 217 167 49 4 14 216 108 68 220 175 150 54 160 59 191 128 155 71 11 16 193 245 158 207 246 234 233 36 105 207 162 162 219 117 215 240 22 167 92 181 46 187 252 119 217 107 164 167 99 209 101 1 132 124 52 210 119 51 188 33 225 19 180 127 160 30 82 136 244 143 196 236 211 180 47 139 197 186 133 215 80 246 175 118 245 165 231 156 244 75
183 188 111 54 210 176 87 143 156 195 121 34 36 216 43 143 246 87 36 152 94 247 105 214 199 212 88 213 62 72 211 120 43 30 78 30 67 209 228 148 136 249 145 208 40 109 253 251 34 140 123 142 21 117 64 132 149 169 202 203 186 2 115 100 94 86 144 172 223 136 173 40 108 186 231 122 15 29 98 31 53 226 54 77 177 236 173 47 47 98 197 118 114 244 241 11 80
253 7 225 167 244 20 204 6 211 216 54 122 145 199 11 32 163 51 163 47 65 148 192 182 105 20 57 45 63 45 6 180 169 175 102 154 254 216 63 90 28 222 181 239 90 165 6 185 220 81 150 168 116 78 233 1 140 254 83 161 137 18 141 149 35 232 106 1 2 80 240 52 19 81 127 92 12 100 115 230 7 73 104 187 170 254 87 119 105 9 3 41 210 114 60 241 93
128 131 176 122 56 128 35 85 161 173 21 1 42 22 39 124 26 80 107 122 60 172 142 192 174 121 118 125 154 202 228 174 77 73 205 168 104 171 15 192 138 123 60 76 149 65 115 81 36 225 210 186 178 53 51 5 187 84 115 58 92 96 62 36 1 135 227 242 139 182 173 82 164 81 132 9 132 35 212 208 128 46 204 174 223 190 93 247 8 106 190 151 233 109 68 30 214
152 113 224 156 70 65 181 19 205 14 27 133 74 107 254 136 66 246 80 80 254 199 177 220 73 151 59 141 153 99 160 1 168 196 17 163 187 230 238 235 118 193 32 75 197 193 116 59 131 99 49 5 181 140 68 2 148 49 192 206 135 112 7 135 101 56 142 165 153 251 71 125 136 151 9 73 109 49 58 175 110 96 239 12 208 233 156 32 32 83 202 227 176 216 11 243 131
225 150 154 200 223 27 29 230 254 197 104 77 210 230 63 196 179 55 131 172 55 176 148 99 14 85 28 246 239 17 87 203 204 27 14 203 48 23 67 244 31 69 57 242 44 222 166 197 242 190 57 183 88 134 146 59 215 79 133 189 10 183 144 242 22 228 250 27 191 132 61 203 21 217 76 183 47 16 255 253 148 10 126 41 207 75 155 167 101 49 158 241 101 53 151 169 124
244 56 219 122 60 14 137 123 98 209 195 19 208 3 226 247 94 38 243 229 233 220 91 167 210 144 74 229 107 170 77 115 179 150 84 247 115 16 99 187 126 219 52 128 91 211 194 20 75 117 39 84 31 193 42 84 115 254 46 211 56 15 68 85 91 186 176 181 86 11 36 241 102 22 15 227 151 47 80 120 157 54 222 229 106 21 93 1 188 132 35 160 165 254 221 231 133
176 37 73 183 119 47 92 68 173 127 118 218 127 205 119 128 29 188 123 122 219 169 209 188 7 43 164 159 1 117 237 161 26 64 38 121 133 74 139 247 97 125 73 26 63 184 43 252 239 150 11 163 112 134 79 174 19 53 31 101 168 200 188 21 150 166 151 20 137 82 79 242 116 170 14 179 25 106 202 53 154 49 186 110 23 53 180 137 174 62 205 231 88 35 169 85 71
202 254 106 63 75 76 128 234 13 130 133 64 95 196 122 46 158 120 188 111 155 211 208 234 170 158 183 15 55 88 47 169 213 167 209 163 77 48 172 101 246 171 18 92 21 230 121 131 34 139 194 174 219 213 167 246 104 129 134 154 213 42 191 232 21 176 63 150 218 77 226 195 138 133 219 112 183 207 214 77 206 126 246 52 169 196 121 50 26 255 211 90 180 44 10 186 88
179 31 213 129 12 18 237 247 241 224 162 150 243 97 50 57 29 21 133 192 1 124 14 178 181 144 173 114 84 69 78 97 29 159 253 103 237 169 90 202 241 173 32 65 190 159 254 68 182 127 216 132 26 40 27 241 181 100 37 124 62 148 179 169 125 8 129 243 29 242 220 139 154 25 177 131 110 89 135 200 251 82 193 7 204 212 234 183 21 35 184 230 202 52 109 6 24
201 140 2 78 142 8 159 211 162 101 39 151 82 61 165 150 16 75 152 85 61 150 203 172 208 171 88 194 59 165 242 96 68 131 109 68 85 222 223 165 55 52 189 190 160 19 246 167 72 22 188 75 146 160 210 32 91 199 73 70 217 183 11 113 37 221 201 247 109 119 12 11 17 56 108 15 3 23 73 245 135 120 44 91 85 84 116 135 25 183 83 17 51 19 76 211 224
19 237 2 203 210 174 68 186 241 93 148 120 109 218 101 182 105 208 141 59 112 68 7 6 194 29 203 184 90 193 195 236 143 101 200 191 127 81 189 132 137 110 200 108 113 218 202 137 66 31 112 173 13 239 127 164 143 164 216 33 183 90 40 88 186 159 138 95 93 187 117 207 39 93 130 194 66 144 237 111 89 115 20 38 75 252 125 139 97 187 79 121 23 220 236 33 43
151 27 241 121 34 137 155 126 196 52 44 122 97 134 184 79 244 148 70 99 83 58 80 98 71 119 152 217 157 169 209 115 19 250 153 99 66 187 4 232 53 75 244 118 138 217 168 254 146 64 244 121 13 177 43 14 17 65 226 146 78 181 179 224 200 55 61 146 45 75 104 71 66 55 32 141 121 180 70 238 238 198 199 95 10 119 58 112 149 35 151 154 242 160 17 214 106
70 165 1 111 132 35 179 48 160 113 182 252 55 66 129 74 248 87 106 172 7 204 211 111 116 146 42 39 139 247 185 235 76 229 204 253 153 54 103 87 242 196 43 51 95 177 236 11 233 71 13 17 166 252 188 92 163 147 120 79 191 60 96 191 184 89 41 71 145 148 227 62 30 156 82 18 123 236 172 187 73 177 201 191 236 195 88 123 61 10 118 41 2 73 213 173 90
20 206 83 253 87 221 171 100 160 103 47 224 26 100 247 104 250 218 209 96 12 11 161 126 126 192 224 208 3 124 238 228 84 183 208 206 142 150 67 169 192 202 249 20 150 3 96 129 52 61 104 214 212 80 156 97 184 94 180 62 45 43 90 201 204 194 41 54 173 24 239 242 139 69 188 213 210 22 24 24 173 159 15 178 82 12 26 126 44 196 76 125 239 82 103 218 15
69 95 113 219 207 12 155 245 153 237 195 131 15 214 217 120 102 187 122 173 64 153 26 180 159 10 187 36 80 37 210 255 67 77 176 203 193 217 119 185 143 242 38 253 34 155 163 163 213 222 80 32 223 36 13 102 139 62 190 133 254 67 234 254 230 17 147 26 234 234 226 46 136 95 103 189 154 215 145 12 160 55 11 82 28 2 11 154 53 108 178 187 228 29 162 136 136
22 88 119 107 41 222 34 70 44 224 70 66 189 115 91 244 126 246 36 188 251 13 199 45 168 115 66 80 212 18 35 195 240 252 13 214 209 205 204 250 131 124 137 146 93 70 66 122 145 189 150 246 100 197 181 136 76 172 77 198 247 92 36 236 17 228 196 64 199 160 45 202 37 108 115 66 254 134 218 95 134 127 34 1 149 159 58 19 238 14 64 5 93 124 224 4 125
