96
81 112 -58 -104 -112 -54 -69 32 11 -12 -98 -121 -125 73 -107 -3 -38 -4 14 -47 98 -33 85 0 29 56 -113 -125 114 -81 26 -77 -70 -5 34 -114 -23 -9 37 -51 -6 -100 5 -43 -84 -28 108 -6 -107 -71 7 124 71 44 35 55 94 -73 -87 -31 -14 14 25 -41 95 108 -52 25 97 0 14 94 -76 -98 -64 -86 60 -10 21 -56 108 -60 -17 126 -35 -108 -81 -39 89 109 53 115 -10 -61 49 -9
-53 118 126 34 77 -34 5 35 56 126 12 -120 -82 103 -41 -101 97 78 6 -88 -89 -86 -31 -94 45 -2 -55 -38 -23 -103 -99 79 36 -34 -62 -72 -106 -70 58 111 -90 63 60 72 69 -70 40 -12 89 69 2 16 -117 -30 -24 55 -34 58 120 101 47 76 -83 110 52 -102 87 56 89 -34 -49 -103 -5 -27 62 114 21 117 -88 -14 -126 -21 -18 -90 49 111 -65 -113 29 126 88 91 64 3 -15 37
49 39 -20 -22 -3 37 8 77 -53 98 -98 107 55 -63 -118 -25 38 68 -126 115 114 47 119 89 27 16 -39 89 5 -74 83 -112 44 36 -16 -63 -78 92 -26 106 54 -42 49 -5 95 124 -91 -91 124 109 -99 -14 40 96 -37 85 -114 68 -49 110 -43 -47 -66 -13 117 -52 85 -119 -44 -14 -24 -39 75 90 -13 55 80 113 -66 74 -74 -12 45 -66 -79 66 -122 51 -21 30 -15 -62 -73 -112 -80 -45
-20 -126 -42 116 -79 50 -57 49 -22 48 -74 -3 -42 119 16 95 -120 -119 114 -28 40 74 114 98 1 -66 -18 39 88 -117 -55 -35 100 -66 -9 118 57 -67 -1 -107 5 110 63 -64 -16 -70 45 -117 -50 -60 -52 61 -81 62 18 -80 -1 -64 -24 8 2 3 77 -32 -96 75 -12 -19 -20 126 -107 -28 42 10 -35 -125 -52 84 98 13 82 -52 -3 -125 29 93 117 -59 -85 -67 -78 35 5 34 78 122
74 -58 114 -54 -63 4 40 8 -89 26 -52 78 -71 61 -47 -41 -90 -54 62 54 -74 -95 63 -15 83 45 2 -100 -84 42 94 114 -19 30 24 13 -23 -102 10 13 -37 66 -58 19 62 51 105 -59 56 -102 -90 -94 -75 89 60 23 3 -111 3 -113 113 122 118 56 88 126 -34 116 36 112 1 -70 -14 48 11 -62 -30 42 46 -23 -30 -75 -11 36 -25 64 125 96 -65 67 -13 31 28 106 116 59
-25 45 99 -122 -102 -101 9 -42 -25 -46 -89 50 70 51 -44 -99 -61 -31 40 -92 96 22 113 -111 101 -72 -5 77 39 53 -92 -13 -121 -62 -17 66 -93 -109 62 85 55 70 111 -19 -18 -109 127 18 -72 92 52 29 25 104 -54 115 14 122 46 121 -40 -84 -61 124 -70 -93 -58 -35 32 42 -6 -104 18 102 -55 -23 9 -121 -18 87 89 97 -126 113 -127 99 -73 83 14 118 92 31 -105 51 -35 20
112 -114 72 26 -41 114 70 -111 -56 -30 26 -44 -78 -106 47 112 51 70 104 104 107 -77 -110 -35 31 46 97 -121 15 -96 -71 81 70 -70 77 8 50 -54 84 115 -49 -55 17 118 116 27 123 -14 -58 -78 -104 -60 44 82 71 58 94 9 -125 -30 -83 77 23 32 104 -121 28 -45 76 -66 95 52 -20 81 -8 24 -46 58 48 -94 126 16 53 118 -100 38 -94 113 100 -107 78 71 102 -105 113 -89
69 -77 40 -73 13 -99 -72 38 39 -45 -20 -101 -111 35 -119 -78 97 -55 38 109 -103 30 91 2 34 -93 35 108 -3 109 2 41 2 29 79 -34 -4 -85 -26 -62 -112 -29 -74 -41 96 44 91 -106 -11 -123 83 33 -38 -4 115 -48 96 -127 104 -96 127 76 3 114 13 61 2 -32 56 -59 -99 51 15 118 -105 36 29 -114 3 64 -34 108 -107 19 -95 -4 -47 7 17 31 -103 -49 105 54 2 127
96 2 -47 68 -127 -84 15 -1 7 -105 -74 127 86 -10 10 -12 75 56 15 -15 91 -100 8 40 40 -41 -30 -36 18 -34 111 -74 -116 33 121 -39 30 -114 48 -59 34 48 124 -78 82 120 113 -68 12 -76 -97 -17 47 61 83 -10 -65 -102 -48 69 -32 -87 -17 -61 -126 99 5 37 1 61 -34 -42 82 -91 55 -53 24 -46 104 38 78 -91 90 126 68 -55 115 88 18 -76 -12 72 -8 21 96 68
20 -83 -20 -76 -100 4 3 0 89 46 -116 38 -114 86 -85 -64 -25 -24 20 28 126 -64 32 28 31 112 -118 69 8 -89 2 -103 44 -104 121 -26 -22 -117 -124 38 -9 104 -126 -91 100 114 103 41 84 -29 -84 -16 62 10 -109 -24 68 -125 77 47 60 114 67 -47 -67 29 -15 21 110 113 -47 5 -65 -46 -28 19 -43 72 -118 65 19 -106 122 -84 6 -116 -60 -53 -72 -107 69 -125 119 67 34 -3
103 -67 6 107 101 40 -15 -122 74 -116 -56 82 52 -10 19 116 -43 -15 81 -38 -99 25 -24 69 42 32 -45 -127 -36 105 111 13 31 3 62 27 -75 114 3 -28 125 -62 35 109 -125 1 57 -11 115 55 72 57 104 39 43 -109 -96 36 -5 71 97 -43 21 -126 -5 -68 91 12 11 68 104 66 -94 108 13 34 -63 99 -61 80 -55 97 -49 -25 -28 28 -34 111 -106 -55 -71 -103 1 66 114 -24
-74 -74 -16 -122 -5 -97 109 95 23 91 119 6 -40 -15 -31 119 -38 -42 57 -74 -97 -51 59 -100 78 68 111 20 77 11 93 -18 -97 -12 -71 -113 -76 23 41 13 105 -67 1 -101 47 114 -21 74 45 94 -84 -97 66 93 -114 -22 12 -38 -8 -42 63 87 -5 -71 -39 -115 -64 84 -16 -3 -118 -91 13 -62 -59 67 -61 -13 -17 -106 63 -117 -39 -103 39 -72 -10 79 27 120 -54 19 25 -65 16 -69
52 -67 32 76 -73 -47 -104 -110 -107 -56 -111 21 24 -59 -82 12 -95 24 -62 29 111 -35 -9 95 10 -80 40 6 -16 -8 -116 75 -127 -30 40 18 -68 -81 10 -36 -1 -111 -46 84 54 19 54 61 -52 7 -30 69 -27 26 43 -18 100 61 126 -122 -40 -62 -32 13 24 -43 -102 120 96 -46 -88 -79 -119 16 -68 -52 41 -13 39 -101 -64 -7 -26 124 -59 -52 -25 -45 -84 127 22 21 -27 113 39 40
-43 105 -105 -62 93 -122 106 52 -100 -36 -89 38 50 119 93 -62 -67 29 -11 17 -116 75 33 -125 118 50 47 -64 13 40 -69 15 -62 -83 85 -59 89 -95 -72 85 -50 102 -69 -87 -21 121 -119 -125 -67 -10 -105 99 -38 98 -119 -99 20 72 -105 70 63 92 9 34 50 -126 -56 64 -5 40 21 108 -64 -53 -10 -90 -110 -6 -103 116 -61 33 -66 30 64 110 94 124 32 74 -108 -12 57 -2 -51 105
93 -74 -99 -74 -60 -114 -94 -126 125 66 32 -30 -25 40 68 -63 -11 75 -102 -53 116 116 122 59 -38 -71 21 103 -32 -100 113 5 -114 43 9 -31 -48 -90 -84 -90 -104 -27 -2 -73 70 -106 124 55 110 80 16 14 20 49 -115 56 -115 -3 27 80 98 -109 99 -82 -17 -44 32 -6 4 -29 126 -104 74 -40 -62 -80 7 -18 -73 112 -42 -85 -3 22 -22 -8 28 32 -117 -3 -76 25 84 40 83 39
71 84 -81 -75 9 -70 59 90 15 -55 50 -1 35 127 123 62 -95 -116 8 123 72 -25 -2 21 17 -65 -12 -105 72 -114 7 -125 4 3 122 -1 -69 -110 -8 12 -18 -43 -113 104 93 30 -30 -66 -75 -118 -119 53 109 -103 121 28 70 -58 -117 118 -59 -51 2 109 11 -7 -1 -13 1 -44 -47 32 44 36 -127 41 -65 70 65 -76 11 -9 -29 86 -9 125 84 -21 45 -93 28 109 31 -1 -48 -50
28 96 -83 -74 40 3 -39 -33 -110 15 -108 67 105 100 -85 112 37 -115 117 -54 3 -65 123 13 48 -97 -52 63 23 -96 52 -90 82 -123 50 -102 -26 -117 20 -40 109 -96 126 103 16 -2 114 105 -64 -14 117 20 61 62 -2 -28 -10 11 -12 -58 109 1 -62 46 34 -17 115 -108 46 106 53 47 83 -76 -12 69 -87 -73 112 -1 116 29 -60 125 75 -56 -98 103 14 -98 -84 62 -94 -73 92 123
-48 107 101 82 96 -83 -100 15 -109 -41 46 11 -120 96 -102 17 58 -48 -62 -35 97 31 89 -117 3 -103 -63 -69 61 -100 40 84 -55 73 64 44 -58 -122 -91 -127 -5 -54 0 8 80 -14 -83 57 -41 -118 -24 53 34 -11 -51 45 31 59 17 124 52 -9 22 70 55 -101 -48 50 46 111 -91 -91 27 -42 52 -28 -30 -75 107 117 -1 -91 -38 90 -46 -110 53 23 -48 109 116 -52 73 -40 106 57
-93 -81 118 -92 31 73 90 -22 29 21 -24 59 55 -13 51 98 -101 2 -112 43 -51 -51 35 -114 126 -100 -49 -62 -15 116 119 110 121 -42 -16 -108 -12 -8 103 9 -31 50 -119 -38 -112 -96 -23 -72 108 -100 57 -43 44 -61 126 65 43 -120 39 6 112 89 60 -45 -17 66 -22 -126 110 36 -48 45 -100 -55 -30 -29 -97 -32 92 -101 -30 120 -82 -92 27 72 -49 49 59 -45 82 -62 77 -75 92 58
-78 28 -124 -13 9 -38 78 -34 -2 -58 -98 101 -56 39 -119 -42 -57 9 72 -113 19 82 -69 4 -106 -124 -104 -85 51 14 -94 -27 66 -79 -52 124 36 50 -58 24 80 -19 84 -66 -67 71 105 120 15 -19 -101 -84 -86 -39 56 15 -37 -56 94 69 -56 -50 96 24 -6 -77 126 29 -1 -15 16 -78 -59 56 -19 -17 126 23 98 -9 76 -74 -47 123 67 65 95 4 -64 -6 86 -49 67 -71 -81 1
105 10 -113 56 -70 86 -58 31 -56 -23 -68 113 65 -95 85 6 -116 -73 32 111 122 74 126 -111 -127 67 12 96 -57 -66 39 -10 -56 -45 39 -105 -80 -70 60 97 122 -61 72 24 -66 36 -79 -106 32 -28 -13 2 -26 -32 11 65 25 84 -56 71 -118 -39 -84 91 -69 99 94 -43 73 -10 -106 26 -112 16 -93 -64 74 -109 -7 110 12 -42 -71 122 -48 -53 122 -25 -101 106 -11 -26 -59 -122 83 -14
92 37 -49 19 -77 74 -9 10 -69 -58 -113 35 -61 125 -1 -28 45 -8 -11 -87 -96 -103 -81 -65 34 126 -36 68 33 -40 108 -73 56 -16 -54 -38 -49 60 -89 -110 97 -4 59 89 100 -79 51 -65 -5 99 -121 -44 92 25 -77 -7 96 -32 -96 -91 84 11 101 -11 43 74 -115 37 89 58 -42 100 73 -95 6 -29 32 123 32 -89 105 98 1 56 -44 -30 -111 -116 24 -110 -45 37 40 102 -48 29
-38 120 -23 57 8 -73 -16 60 -3 -34 -13 80 24 46 -49 -45 79 62 5 67 14 -59 -98 63 108 113 -126 115 -114 24 56 45 -85 27 127 8 -81 125 -15 89 -5 -78 92 -68 117 -23 -26 -107 95 -106 104 -29 -106 38 48 -72 57 -19 -88 87 -78 -123 45 28 8 44 -50 6 40 54 -9 39 123 63 -99 -52 24 -21 -103 68 51 55 -122 -58 -99 -28 4 -124 37 -42 -1 -100 -123 -79 -101 -1
-35 90 116 -72 -27 78 61 41 35 98 95 -75 125 -80 -30 -59 -34 65 -28 112 -7 3 -38 80 38 59 74 127 102 42 23 -56 -39 10 -111 120 90 44 4 -54 106 115 44 92 -88 -20 91 -90 -124 -40 -37 1 -77 -55 68 40 -57 30 -20 47 104 -43 114 111 -43 43 40 -78 -111 25 50 122 -69 9 105 -127 25 -8 83 92 -67 66 75 66 65 108 91 43 55 -54 -71 77 93 121 97 -69
12 68 20 60 -52 105 116 45 -58 34 -2 -5 -102 -54 65 -120 98 -45 123 -115 2 -78 -110 44 -27 -118 126 49 -7 -17 -32 -21 -59 -127 71 -14 77 -55 98 66 80 -127 -57 -97 -43 94 100 -41 100 -27 -13 -87 -31 56 -16 40 47 75 68 118 -106 127 100 -18 69 79 -93 -87 54 120 114 48 65 -119 68 12 -54 111 110 -23 -77 57 3 -19 -39 -98 39 115 76 -17 120 67 -127 -97 7 -105
40 -95 -76 -53 123 0 -17 -68 -70 -8 123 -112 -77 -115 -112 -66 20 96 3 -9 -101 -34 -61 -24 70 68 123 61 53 -95 87 -22 -34 123 1 -121 -77 53 -20 -80 -117 -26 -32 -72 -74 -60 -2 127 -79 -60 87 -44 14 -49 -79 99 -32 -19 34 55 -110 26 -37 32 35 115 0 -61 112 -1 -17 -40 83 -1 21 68 -114 54 54 6 109 40 111 80 -45 79 -34 82 57 -57 -55 -80 -43 117 -96 54
-82 112 54 81 -73 26 50 58 36 25 -98 78 70 91 -48 -74 -40 -95 127 -66 115 -50 -115 -37 2 118 13 -96 81 -22 -62 103 -88 -72 119 88 -66 -86 23 68 -2 110 -80 33 12 -79 -63 76 89 25 106 -16 -95 26 120 2 -77 93 -85 -12 -110 -115 -48 114 -7 34 -15 -50 -19 -127 -71 -58 58 2 -124 -29 44 0 5 -6 -59 85 -121 -49 66 99 116 -37 114 111 64 25 -127 74 -122 -97
69 56 -44 68 10 -14 26 -60 62 -8 24 72 -68 -46 -99 56 -64 -74 93 -41 -125 66 -64 67 21 16 -28 24 25 -120 -125 52 -36 -107 -38 32 26 -64 46 -46 -69 125 110 -61 9 79 119 -121 -78 118 11 -3 59 -97 87 48 66 -9 24 100 86 65 27 -18 -20 19 31 -10 64 -2 -11 77 -60 100 -89 112 20 30 -74 32 -88 120 87 -15 -39 84 35 -116 98 6 38 -74 -24 85 -20 40
80 13 -40 -102 -125 -107 123 -32 54 124 103 -94 63 -63 -113 59 -79 -118 -20 81 14 -10 115 -32 -73 81 59 -75 -98 69 -80 -2 -56 7 39 22 23 52 -3 -123 84 -5 -57 108 -124 56 -58 21 -123 -50 -91 -27 71 -112 76 -83 115 45 0 -67 103 102 87 -47 89 -44 -121 -117 21 -19 32 110 51 -104 -31 88 80 27 -25 2 -113 81 -97 120 41 49 -113 -96 116 112 24 81 34 -115 -79 -57
-83 102 20 -101 12 -79 -95 8 -100 -115 -73 38 -93 -53 -118 -123 -53 -24 -95 -14 -7 59 19 -29 -85 122 104 -63 14 93 80 -38 -10 -125 -74 -50 -67 -105 -101 -48 -51 60 19 -127 116 -113 27 -104 6 125 99 48 25 -28 4 82 39 57 -38 45 -117 -52 -85 -121 61 -121 -2 -43 82 125 -26 -117 -67 -123 11 34 -87 -108 -40 109 -26 -70 -52 113 26 76 66 14 124 12 -31 -116 55 -107 80 111
39 -46 -72 112 -90 77 105 -103 -122 -55 -113 124 79 74 114 -87 101 -111 94 95 5 76 -6 53 45 112 -75 -117 -5 -126 -106 -56 -98 -120 4 -40 123 46 24 2 74 -102 51 -82 126 -65 126 15 -88 82 -38 -44 1 31 56 69 -53 -76 121 111 -21 -85 90 -127 -95 -11 -120 -5 66 -29 81 27 76 16 46 -47 -19 116 -8 121 88 -114 -93 15 -78 55 41 54 -93 -122 -106 -118 -126 -37 116 96
127 -106 -119 126 11 24 -80 94 64 -60 61 -112 -12 69 61 17 -41 -36 -37 -59 -82 9 -99 -16 -50 110 100 34 -54 27 -64 -97 115 -109 67 -55 65 -6 50 -73 31 -102 99 119 -1 72 123 -126 -66 41 98 -14 -114 87 127 -39 -115 -15 -48 125 -27 -82 -17 110 -110 -41 89 -4 -120 103 121 29 -117 -2 23 -10 -107 -4 78 82 -99 -104 -25 121 34 -86 -47 -21 32 68 24 -72 -22 83 76 -41
-72 22 -43 67 103 105 -35 108 -103 -119 -92 49 16 -12 -10 2 -72 -79 -43 118 -28 22 40 -67 57 -39 -82 -76 -62 69 45 106 41 28 26 36 -30 94 29 67 95 -53 -20 -9 85 1 -48 -57 -69 84 22 16 72 -81 -38 113 65 121 66 13 -41 84 36 52 60 -5 -41 114 2 78 122 -114 -99 78 -53 103 -124 38 -98 -28 39 35 -127 7 15 -38 -103 -42 -95 57 83 -86 -124 65 126 57
48 -8 109 44 65 -46 -30 63 -119 -113 4 13 53 14 79 112 103 51 -62 -105 -37 86 104 117 11 -122 106 76 74 -51 106 -61 59 -78 -88 117 9 106 -24 88 123 18 60 -115 50 31 26 21 -54 -96 43 25 -99 18 -73 91 -36 120 113 -31 -98 25 -52 105 101 -2 -31 20 48 76 3 -88 -50 -90 -64 83 27 117 86 -77 15 74 -86 101 -127 91 115 80 -53 74 24 -43 -114 45 -46 -118
-25 -117 115 -34 104 12 -57 -119 104 3 -60 126 -25 -37 -13 98 -14 123 -47 -41 39 22 93 117 65 106 -85 -85 -70 19 -9 114 66 108 -75 110 103 52 -65 47 -71 -5 65 18 59 -93 90 27 -21 32 57 15 -89 -11 51 8 107 -123 -16 -57 -97 124 12 -8 15 10 -65 32 53 5 -46 34 -84 -3 -127 -27 102 -125 -118 6 81 92 124 -113 126 -30 112 67 103 -77 6 46 24 3 70 59
-54 -25 -90 -49 -102 -93 49 34 81 68 30 51 119 106 65 -89 -96 45 105 70 13 1 43 72 30 -99 26 -67 75 -40 -63 112 -99 107 -18 -65 -18 37 -115 -69 -13 -48 46 35 92 81 94 -23 43 127 -26 127 1 -68 0 53 -50 52 -27 -101 -6 107 33 48 -103 -112 -122 117 81 -77 -83 -65 -120 -124 99 -101 -90 -28 -47 -90 102 -40 88 -2 -67 24 -118 -101 118 -102 33 31 36 78 111 -45
-93 -1 -107 122 -67 37 -60 -107 10 118 -118 121 -117 1 -50 78 90 -79 -8 56 -106 -108 88 -92 60 60 -125 -105 96 52 -123 -76 99 105 13 -91 -127 -86 108 -13 -8 119 41 97 63 -67 -50 37 102 105 58 -70 -113 -40 98 0 -72 -126 74 -97 98 -95 -101 51 -86 -2 6 -112 125 13 -90 -31 34 25 -66 -55 109 66 -42 12 -113 73 -127 18 40 124 -46 -16 -89 -121 -3 62 14 -81 -101 15
43 -124 78 -13 -69 -88 -48 64 -93 -109 89 58 82 6 -96 33 51 66 119 106 -75 127 -111 -54 7 -66 81 -85 0 -88 -99 -24 -24 54 103 57 110 119 -63 123 -107 5 -110 -63 -41 -36 34 -60 -5 -77 35 -82 61 -85 75 100 -23 -17 -82 -111 3 120 -124 -112 10 67 93 118 56 113 -52 -105 -67 31 -15 -87 66 79 -80 8 -69 37 -40 -107 17 -2 -100 -104 106 4 52 -123 -13 -123 -123 31
-99 -77 -120 87 -61 -126 -7 -29 -105 103 -62 38 22 91 57 46 -88 90 82 -88 -101 -62 64 68 -56 41 -72 -60 113 75 36 9 11 -45 66 -20 59 123 -78 84 49 -20 1 -73 57 17 -79 28 -58 -87 -29 -92 56 -30 21 108 45 -25 60 -16 92 -30 -53 -90 61 77 56 -100 -103 -67 108 -122 28 89 92 -55 -76 35 -110 -9 107 7 -64 -14 -37 68 14 -83 -47 -72 82 66 78 -12 -96 -8
-67 80 -106 122 -50 -88 -97 67 -57 50 -79 120 -48 -11 100 -122 108 -59 114 70 54 -41 1 -46 -20 -7 -72 -29 -46 -84 -25 23 -26 -117 -79 -114 -95 83 -26 4 -95 18 101 -124 -109 -59 -43 105 -82 -56 94 -86 23 27 -95 -85 -111 97 -83 -32 -69 97 -112 -122 81 -53 -83 -5 72 0 -118 16 -116 -82 -78 -16 7 -106 -33 35 -73 126 78 -119 -32 -56 -64 123 51 -65 117 12 -90 57 -120 74
-17 110 2 104 -112 -16 -4 -2 -60 89 58 -70 -91 -113 60 -67 85 124 -75 29 -112 107 17 -117 -112 19 119 74 43 -48 -40 8 -107 47 118 -11 52 22 -87 -104 24 36 68 -76 47 126 -124 54 -116 -118 67 -51 29 -122 117 -99 -24 -107 -9 -6 76 -122 -81 -112 -105 -117 -102 -106 -56 110 20 0 -36 7 -15 -118 100 -44 -16 -1 27 -92 -7 -14 84 -107 124 -3 -18 22 72 124 123 127 -104 77
-85 7 -18 113 -75 92 85 64 -10 82 5 117 -78 99 44 9 36 -66 104 -24 -126 -99 102 -102 123 -22 -69 41 -76 -23 28 -27 -127 -56 105 21 107 9 -67 68 -31 61 -30 -57 -3 35 116 -32 -14 117 111 31 35 -2 113 31 -1 -66 6 9 -66 18 -50 -14 68 54 92 48 35 103 58 68 17 58 -7 60 6 -117 14 -24 21 -4 47 82 20 -121 91 102 -105 20 80 95 -37 -7 67 -112
-121 -16 27 -38 107 -28 -87 -22 61 -127 32 -111 -91 -37 30 -69 -117 42 89 -85 11 -34 -16 -46 -19 45 -29 22 12 -70 19 -20 71 -96 -98 105 41 55 26 -34 16 -126 99 0 -10 44 127 85 -89 -113 100 -40 -67 36 -101 -96 3 -3 -77 102 -73 55 -120 79 -72 33 65 -54 72 78 -7 -1 39 -94 -81 -57 33 42 30 72 -63 76 40 -107 123 73 28 -4 110 93 -110 97 113 17 -53 -17
45 17 -107 -41 -96 -57 -69 71 71 -74 -104 91 27 -103 -109 104 100 0 -17 -53 -107 -89 24 84 -82 -31 -40 121 -109 95 -112 -63 88 118 -16 14 16 12 -5 -13 36 32 97 22 -99 76 -57 97 126 -27 92 33 -99 -60 40 -44 73 -51 -64 -1 -78 111 -28 117 47 83 -88 104 -42 -53 41 31 77 78 69 99 37 -73 100 39 119 -16 53 -54 -88 45 -16 -26 118 -37 3 64 48 61 125 71
-3 51 -48 -13 -102 -20 47 79 62 -106 23 123 -55 -109 6 -26 91 48 -6 -13 -121 -97 -100 79 83 -17 -14 -50 -66 -42 106 99 -37 -108 -118 10 15 105 38 -47 -71 -103 72 123 38 -63 -8 19 -95 107 47 103 -36 -117 121 -7 86 -64 -70 15 -51 73 -82 77 -22 -6 68 61 -59 -60 11 58 -91 96 -24 -89 -1 -7 -70 -121 -95 -97 -105 90 22 -45 78 47 57 -51 24 -103 -112 32 -125 107
-52 3 -25 5 127 95 49 -24 -24 88 -99 -90 102 26 9 -38 0 -98 86 -105 3 106 -99 72 -101 4 -24 28 -83 -94 -79 -43 -21 82 28 93 75 -53 -124 -54 110 88 8 -46 71 -115 -106 66 119 42 -70 -93 -69 78 -51 75 -71 -80 89 -109 -85 15 45 -42 -16 20 -81 -57 -56 105 -106 108 122 -97 121 -108 -84 -67 -62 36 -116 37 -43 60 5 -13 119 -56 0 86 8 76 -1 117 -64 -108
-66 -115 -57 36 49 41 99 -95 -74 61 73 71 -109 76 -85 -77 19 65 -78 -115 -58 -55 -57 66 -84 59 -88 -82 -1 -45 34 -84 69 -77 -114 17 -50 -118 115 -108 -98 -28 104 126 -96 -109 -69 84 86 59 124 -60 -20 0 82 -61 -24 -118 54 -21 120 116 -66 -80 -94 7 84 -19 -78 -93 -106 65 110 -110 -127 -61 -3 108 -2 122 68 -95 102 -6 100 7 -54 47 35 -127 80 -121 122 40 -112 101
-18 -97 -74 63 49 126 3 -26 31 31 -91 67 -84 56 -81 -115 118 89 -56 44 18 -56 89 -75 17 72 -78 77 17 119 -64 -95 91 -127 109 -36 38 -11 100 75 15 13 -110 88 49 111 107 -120 -16 -64 38 -41 -116 -104 -87 28 18 -80 -38 -43 96 83 20 -4 123 -70 -93 46 -89 117 -117 -99 -57 49 -52 5 68 11 49 -28 31 31 -106 -125 84 -32 -74 88 47 15 -9 -112 -18 116 -95 -86
-93 101 15 54 56 13 28 36 -56 42 -18 121 21 110 29 103 -46 108 84 97 117 -21 -54 27 -125 111 -43 7 -105 -20 97 88 20 -114 -59 -106 19 -34 -17 -105 17 22 23 86 99 -40 -96 57 -10 -49 -43 125 61 -92 50 46 68 5 0 -68 65 -88 -57 -38 34 91 -13 -106 -126 -12 71 51 -54 93 -15 50 -20 111 39 6 117 -34 70 -118 39 -8 -88 -34 -41 -35 -52 116 58 -110 -80 18
-66 -32 -33 63 27 43 -17 121 96 -39 -3 97 -28 -14 22 36 112 -95 54 -76 83 27 -116 62 -72 -38 -17 -102 91 114 48 0 -69 42 -105 10 114 -44 -125 -125 -69 64 96 80 39 -2 -61 75 12 -75 2 -12 21 44 -97 74 111 -3 42 -75 29 -108 -29 -121 120 77 -77 -20 -90 78 86 -47 94 -45 66 96 -50 124 2 18 -76 -12 -88 -68 -99 -60 -119 -63 49 -27 78 108 -58 99 83 -37
-46 -90 -68 -99 -60 -2 9 -41 -41 -51 -65 17 126 30 83 -2 18 68 -79 102 107 10 -42 -95 89 9 50 113 93 55 -117 -107 108 -107 63 61 119 15 14 12 -118 123 16 -43 -58 39 61 -74 -42 44 -81 48 -17 -3 -13 112 101 -97 62 51 -7 30 84 81 27 54 95 99 106 -115 125 -127 62 40 -30 100 110 -24 54 3 -102 -20 104 72 87 -12 22 -7 -106 23 -114 -30 -43 -104 -75 57
-45 65 -86 -36 56 -60 -88 21 81 -111 29 -51 -87 -22 -70 112 20 -13 -104 -123 20 -118 58 44 -37 -29 -112 -80 -53 -35 -33 5 -2 -94 127 98 30 -30 26 -2 -81 -98 12 5 -21 30 71 -6 -68 56 -68 70 101 -103 -89 97 75 -10 -14 111 -58 -108 -46 -102 52 -105 -51 121 0 123 69 66 -84 -52 5 -45 33 -62 -24 -58 118 51 3 -119 -23 81 -81 -95 25 114 86 -30 -82 -76 -54 127
118 -17 -104 5 107 65 -126 -14 -97 115 79 -32 2 41 -20 60 77 71 127 17 -42 -14 -117 -106 -14 48 -71 104 71 -23 120 32 -12 95 77 62 -48 -30 72 -30 102 19 -114 -70 66 -112 37 -1 14 -2 93 4 124 70 16 44 13 -42 17 -24 -95 -94 -80 41 73 118 35 125 2 -108 -67 -91 76 58 32 -119 68 -126 -57 -32 -24 -13 10 -78 46 -79 -68 40 57 -20 48 32 50 90 61 -118
-35 -75 18 -115 -75 -32 -126 -80 -74 -26 -8 66 -117 -94 93 30 -118 -57 -53 28 -86 89 7 118 22 64 110 106 96 -63 48 -90 -87 87 49 -4 -121 2 -39 76 125 23 -92 48 -84 116 -40 74 40 27 89 64 29 63 59 65 16 -89 -71 -118 47 69 49 -69 81 27 70 28 112 -124 95 37 35 99 -87 -125 -98 60 14 -69 -28 -14 12 51 -41 11 -7 21 82 2 -111 -12 21 95 -116 43
-29 81 62 -17 -10 0 3 -7 -41 -15 -89 -31 50 1 -45 33 -33 14 76 45 41 19 -90 5 -35 100 26 -114 117 83 -11 115 39 120 47 49 -121 -55 -92 59 -24 93 29 -98 90 -106 -120 -111 -12 39 -28 56 66 57 63 104 -92 32 109 94 -70 -124 -108 16 -20 -120 -39 -27 78 -123 -9 94 -75 67 30 1 60 -47 -125 -115 101 14 126 -49 -23 -60 19 38 70 -122 -39 -53 -30 -123 119 28
-31 -65 16 82 43 90 -65 40 56 108 83 82 -51 41 0 -27 -72 83 -46 61 -95 -51 -9 -116 -18 1 8 -126 105 -73 -15 -123 95 20 59 -18 84 -59 108 13 -38 -49 44 23 -55 96 94 40 41 86 117 62 -55 -19 -86 -100 7 -94 -68 -45 -119 -57 -70 66 -16 -127 -86 -104 4 38 30 -1 -35 -61 -94 -6 -27 62 -91 15 -18 -65 40 101 63 -74 87 113 -121 -62 -122 95 34 -117 -99 96
-49 -22 -15 -20 -112 -110 113 -89 -53 -45 -82 -69 -67 52 117 -110 -11 -39 -95 56 -81 -120 20 94 -9 -82 17 17 -79 110 67 124 117 -11 -8 -70 -63 67 62 29 -9 -98 68 -90 34 39 -17 24 -2 -10 22 37 -2 -91 87 103 -74 41 57 -42 -86 -118 97 -80 -112 23 -117 -92 69 -38 34 -83 -58 78 49 -64 -28 92 52 66 116 -97 -77 57 -105 -41 9 63 78 81 90 -58 50 76 -24 -11
111 -86 -21 -18 31 70 -100 -53 120 -109 -9 115 114 115 -15 108 -78 -50 -117 -120 70 109 30 20 -67 -71 126 62 -89 105 -21 -50 -110 -108 118 -42 -124 102 6 -9 52 110 109 -56 59 -33 49 23 25 59 -19 8 -21 60 8 45 -65 -39 79 57 54 107 -94 37 110 -21 -16 45 115 -2 -55 48 121 -50 68 31 -96 -52 -108 66 -27 -13 48 13 -3 -103 -115 22 -62 -60 65 -117 -96 -66 -66 -46
-56 -48 101 97 -127 31 -75 44 -10 50 53 -56 60 -52 24 31 -37 -32 65 48 66 110 -52 48 -79 -34 -70 112 55 -105 -124 -54 81 30 -43 -65 105 55 40 75 38 77 95 73 35 11 -31 77 2 99 63 24 -99 123 23 20 74 104 -5 -35 -24 88 -56 -6 -97 113 -33 111 95 19 -87 -105 -44 98 65 121 66 -107 34 90 5 -121 106 -86 54 -119 18 47 41 -123 19 69 103 50 -8 -9
73 80 -19 -30 -10 69 -88 -56 6 -126 98 36 14 -59 -35 -125 65 -86 84 67 -100 52 52 75 -48 82 116 -15 40 114 55 -122 24 39 38 -108 -27 22 -102 -62 -20 104 112 63 82 118 99 65 -15 12 30 -90 -47 -71 -119 49 -102 -44 118 -81 112 -120 -94 71 -30 80 -121 -104 99 76 39 -6 -12 126 25 -24 46 29 -78 70 -90 -98 25 -29 107 75 91 75 17 112 -12 116 -49 -90 -115 98
-92 25 75 113 -59 73 -121 35 60 -95 -95 -59 -95 -27 -95 -49 71 35 110 82 -38 54 -37 47 43 -99 -86 4 27 32 -96 9 -3 -37 101 78 -41 45 -115 -34 -46 103 -26 23 23 63 122 32 -122 100 30 68 -46 118 -113 104 -54 39 -118 37 -19 36 -60 -81 91 50 -116 -31 45 -94 -91 -5 13 -127 6 -36 113 31 -118 44 -109 -64 -87 -75 -123 -13 -127 -28 -11 -79 30 -93 34 83 -108 8
3 -67 35 79 -33 -63 -38 54 -41 78 -57 -22 -112 103 113 -107 -76 58 44 4 26 90 -8 -119 122 -36 39 -111 -125 108 -101 32 -19 -83 -45 -53 99 -53 -51 -15 -85 -89 -7 5 77 30 -92 -104 98 122 -108 -86 -1 34 116 59 83 18 63 -85 106 -72 98 -72 -75 -38 94 47 92 89 11 6 56 16 -12 -105 125 15 30 -93 -2 -106 95 65 99 -114 81 32 -69 83 -5 -8 -18 -102 3 50
-88 -127 72 26 -56 5 -59 -22 -2 -13 23 63 -11 -10 109 29 -32 -31 96 -45 -95 -112 39 34 97 -35 98 -76 70 83 113 -51 -35 106 92 43 -100 -72 -7 28 10 94 50 86 92 -27 -117 72 2 -124 62 47 -7 16 1 124 61 -51 -70 -23 -5 38 6 -51 63 125 -23 -73 27 18 96 3 118 31 -74 -76 90 -73 -52 28 29 -70 119 -67 78 -110 48 -42 -87 -27 78 34 41 39 27 -126
18 58 -126 -124 -63 33 -74 -34 19 -3 -123 84 111 -63 84 -75 67 0 -85 117 78 -17 -24 -37 0 62 116 -27 -119 117 91 104 35 -103 19 122 -88 21 88 -59 116 88 11 -105 -67 82 28 -80 7 -101 67 55 -57 -122 -100 -14 -74 92 -93 102 -74 36 85 10 -74 -61 -53 43 -73 -31 -23 -65 -21 96 38 -11 -67 -30 -34 -21 60 54 96 -115 5 84 55 -101 -87 60 -16 -93 101 93 -25 43
-8 99 -2 -61 112 -91 -32 -43 0 -110 -107 38 126 76 -116 -26 51 68 16 -84 -99 -47 -13 127 115 43 -124 33 -28 59 108 103 60 87 -48 25 93 -118 10 -91 7 -9 1 -125 112 -84 -24 115 -12 -82 119 77 73 62 -27 -75 -60 -52 -88 -114 71 -76 -100 104 -2 -110 -35 -124 -66 120 -88 74 59 -45 27 -3 -25 112 103 -122 104 -34 -32 -124 67 90 20 -56 -121 -47 98 115 73 -96 28 40
122 111 19 -103 10 89 88 3 70 -94 -89 116 -110 -71 -104 -81 -6 48 45 -61 -110 -10 38 -102 24 108 74 -97 56 -68 119 -79 115 -50 61 -38 72 -60 96 29 112 65 -118 -30 -29 -45 -46 -125 14 -100 -77 95 -87 -57 -83 9 -7 57 100 94 -109 73 -111 -66 -127 83 -10 -32 -91 32 16 -64 -71 -39 70 60 -72 -53 -17 -7 120 2 -12 38 -124 100 124 -18 -96 119 -127 -55 79 100 -2 49
-48 24 43 124 -123 -37 5 123 77 -112 -30 75 -58 -121 -11 101 -48 117 -4 23 -117 -27 -126 -88 42 -54 80 -52 -9 -110 70 -67 125 34 4 -49 -25 61 87 122 58 -40 25 8 40 -16 -11 -64 21 36 14 92 -38 94 56 -126 93 101 4 36 -127 23 2 111 -2 -68 -72 24 -29 114 22 93 72 28 40 42 -114 -58 -10 114 114 -33 -80 9 -64 -39 -37 99 -59 64 -106 -6 36 95 24 71
-105 -104 31 27 -60 -59 17 -77 90 52 87 64 -110 111 -117 10 -74 84 -98 -62 7 42 97 -59 2 25 31 -61 -70 -29 41 -62 112 -18 100 98 64 -2 28 80 104 114 -70 39 -108 6 -116 -15 118 -62 26 77 -104 -16 122 -90 -112 -123 123 -118 -85 70 -13 61 -64 -10 53 -9 53 65 -62 -37 -56 87 77 114 -127 -113 92 79 -85 1 -21 -127 -93 -109 -5 -16 75 63 -75 -116 -45 -112 -114 -23
24 -26 83 -65 -111 64 -78 31 80 -72 -14 -41 -115 -40 -26 -22 8 -112 -122 -32 117 -118 42 6 63 -118 43 116 63 25 -98 126 -105 52 -114 5 111 -45 7 10 -6 125 -123 -119 -127 -52 -114 -21 75 76 -10 -27 -124 -38 -21 -57 118 -98 60 121 -11 -98 115 -104 -19 79 -94 84 40 -121 -118 -67 -8 81 -43 115 123 59 22 -99 13 -69 120 -94 70 29 78 61 75 120 23 54 30 33 9 -120
28 -111 124 -43 125 -86 -93 -76 -37 -85 -83 -44 45 -43 116 -16 99 -50 46 -52 53 -34 61 65 -74 -2 -64 45 105 -60 45 7 -4 34 24 -107 56 -63 72 -102 19 -31 25 125 109 -10 -109 -70 -82 -120 -12 -46 43 7 60 42 -38 68 -80 51 13 59 -106 -65 22 -2 19 -112 123 87 69 101 -6 -10 -6 -1 -35 95 30 -48 111 -89 89 -69 50 -82 3 -62 -110 16 -36 84 -26 1 39 -79
-41 14 -18 43 42 53 -20 57 29 -107 8 79 90 -90 82 -3 58 -89 118 66 -90 -78 -45 50 23 65 -58 95 -102 68 112 109 -46 7 77 12 5 -39 54 -114 -115 60 -127 34 58 10 -97 -85 31 -96 3 111 113 -51 -99 -6 89 -71 110 -56 -12 127 -63 97 58 -64 41 -17 88 20 -50 55 73 10 36 -59 -21 20 127 89 -38 -68 17 -111 -79 119 71 -106 7 -48 42 75 -47 49 106 127
-38 -12 38 -21 -102 31 16 127 -54 64 20 -1 126 -51 -69 19 65 -84 44 23 -18 45 -64 122 99 -7 61 82 40 -50 60 -27 -88 28 119 -3 -9 98 2 -2 -43 50 35 80 41 -70 99 125 118 55 25 -39 -23 86 71 -88 62 26 -19 -103 -117 -81 92 41 8 114 125 -19 -25 -92 -82 77 95 78 86 84 -19 -105 -9 73 49 118 -98 19 63 -74 -101 -74 -52 -35 -34 -121 75 -99 -122 -27
50 96 -120 -15 65 58 101 100 -45 -45 -3 91 -68 113 85 38 94 -11 38 -120 43 -68 98 20 -51 101 -21 -35 76 -81 -120 -39 -115 14 -107 -67 67 120 -37 70 60 96 -4 -30 117 0 -4 88 2 17 -101 -56 33 -81 -15 -6 59 -103 27 36 -37 -19 -50 -47 -121 6 -10 -26 -22 -48 -103 -38 -82 -97 26 55 57 102 8 42 -79 68 86 10 -60 52 40 19 -62 -69 -17 -96 -52 31 -110 -17
-49 31 15 29 4 -50 -2 27 88 105 18 115 -41 121 101 -40 -87 39 0 -110 -64 70 -21 -74 -51 -39 60 -97 33 126 -88 26 84 -30 -35 -52 16 72 113 51 62 34 -93 66 -24 61 72 16 -17 34 -68 -2 59 74 43 84 121 -115 36 43 43 105 -62 -80 28 -77 61 60 86 -117 -30 57 -71 32 -29 22 103 52 115 -121 -78 -83 11 -110 -4 95 96 -30 -12 -111 103 -37 123 14 -23 -51
57 82 -18 -83 103 35 -74 39 -37 -29 -102 26 -58 7 -68 18 -6 -83 -119 -63 -37 -88 -46 -48 -106 76 13 -81 -112 101 -110 -16 -44 15 -113 73 66 119 -47 33 -33 33 70 -112 -36 11 26 66 6 -48 64 65 -46 -106 43 4 -120 29 120 110 -14 72 91 -23 -49 -46 125 117 -112 21 -69 -59 117 33 7 -45 -59 113 123 88 117 -40 -117 100 -68 -87 -16 -73 -62 -19 126 12 66 -107 116 24
59 85 90 -1 115 -103 69 -125 60 -46 111 66 -80 20 -33 -78 47 -45 9 14 -35 80 -104 71 -89 94 35 77 -114 -44 109 126 17 -46 50 59 78 -17 111 -106 118 53 -69 95 63 31 -92 -88 -30 -40 54 67 -119 127 6 42 108 -117 45 78 33 -71 67 42 -72 -10 33 -114 -52 -123 -91 -116 9 -90 -121 -116 109 -90 80 25 -119 -2 102 66 -13 -5 -43 -38 -2 17 99 94 32 51 1 27
96 25 -63 9 -79 62 -97 -69 51 -20 125 105 -92 56 84 -114 -14 59 37 -8 13 -52 12 -17 98 0 -66 -34 28 -11 -122 -41 -117 -111 9 94 83 17 -52 -92 -118 -87 -19 29 78 122 -55 80 64 -79 30 82 24 122 -75 -126 -72 -51 4 -76 105 86 -37 -74 -105 -76 -126 -14 107 43 96 -127 74 113 12 -120 18 -80 126 54 -118 110 -64 114 16 71 127 -99 -21 90 25 -69 -20 11 -9 -21
-89 -121 -49 43 57 66 -63 -63 58 77 33 -14 57 31 11 94 1 -46 -114 26 112 22 -31 -118 -53 90 -67 -75 -24 -65 112 102 -40 83 -63 61 1 -16 -31 -44 109 51 -74 68 -112 103 81 -96 5 -18 -48 -20 -95 -17 79 107 87 -1 102 17 -46 39 -73 102 -32 -60 -53 52 94 -50 41 -3 -44 34 -108 -94 99 99 -77 34 42 -106 -42 -60 22 15 40 36 -15 -120 -85 -97 -67 72 -13 71
48 -6 -80 2 -4 31 13 27 18 10 14 -110 84 99 -14 -82 56 23 95 -111 66 -56 34 -28 63 79 67 35 18 -2 55 -83 33 91 7 -121 -15 -54 10 7 27 -49 113 -122 -24 -85 -95 36 39 -47 73 127 82 94 -16 -5 91 0 50 -3 107 20 -63 -44 -61 122 108 73 50 -83 -99 69 -66 11 0 -96 62 -46 -35 -89 -116 -36 59 125 105 112 3 53 -80 -64 -38 -1 -44 -13 103 106
-9 95 111 13 -85 -6 10 96 29 71 -70 -80 -21 26 127 2 83 43 102 -48 -87 -37 93 -103 -13 90 -19 60 23 24 -26 -81 -95 -51 -71 -55 74 -125 -81 -88 -6 -51 108 40 126 -58 60 76 43 -49 118 28 77 108 90 -99 -60 44 96 111 123 -116 -48 -26 40 22 29 -23 -92 -107 -64 -114 -120 1 11 44 113 -1 -27 49 -62 -34 -33 36 -47 79 29 102 -76 9 83 -8 62 -76 -79 122
-70 102 67 14 43 -17 84 -18 -118 -17 116 -80 -88 -16 -109 80 13 -102 -50 68 -112 126 -15 -91 21 -94 -90 12 72 -75 61 73 47 -54 102 102 -63 -35 -108 -123 93 56 -3 110 -35 -117 78 -55 119 95 -81 -88 -96 -101 31 -42 25 -6 -37 -82 86 -98 -117 100 7 33 87 22 56 -20 -16 114 -89 -61 -37 -13 -60 54 -112 -26 -72 92 77 102 -115 -53 107 -108 -81 -47 22 -1 107 -124 90 -4
5 21 0 -122 -59 -21 68 -47 -97 32 46 45 -35 25 -12 -94 -119 -26 -13 120 -104 -11 12 70 -121 -85 99 -113 83 -39 -8 40 98 116 -31 -13 76 60 -42 -103 20 -13 -50 -105 -70 55 73 -34 88 84 79 -113 41 -102 85 -63 -40 -122 4 110 78 -86 43 -104 118 79 93 117 9 92 -94 -22 -16 98 -45 -94 -60 24 -22 110 -36 95 -35 -108 -43 -25 -5 115 -21 62 -108 -64 -127 -86 15 -36
-55 -84 -124 -79 28 -76 -75 -99 -13 -123 88 32 -2 102 63 116 51 116 -24 126 -54 118 46 74 -43 -117 27 -54 109 -97 -96 -17 -41 14 62 36 98 -79 -7 125 -23 -20 44 64 -46 3 -120 -61 -66 -11 -114 -93 84 114 59 -35 50 56 -58 95 -73 49 82 -48 -127 26 -53 -105 23 34 -48 123 -120 -108 97 28 88 -101 83 121 16 109 -76 28 -126 100 96 -88 -120 106 -101 -16 44 -88 21 12
51 -48 -94 -34 25 75 -102 34 -17 -69 59 40 67 -1 93 -42 76 57 -101 -92 -123 -94 -22 -117 -108 38 75 -23 -35 34 2 45 -82 71 27 127 -98 37 -47 62 -93 -73 28 -66 84 85 70 110 -5 32 -119 -38 30 124 -103 17 100 -63 96 -110 -17 -111 100 -34 -64 4 112 0 -107 7 99 56 -24 -123 -63 28 35 -65 -43 -65 5 -94 80 77 87 -86 -118 61 44 103 -62 -36 24 -39 -7 -80
75 -36 6 27 -15 -124 -48 -112 -54 -118 -92 -36 18 -35 40 -94 -126 9 -69 119 -105 -72 -120 58 11 103 56 20 9 -34 -118 -101 -7 -29 62 81 -72 -103 -71 -44 113 -57 46 -14 -107 82 -78 -65 12 25 44 3 -22 124 -32 -73 38 -15 57 -96 -5 79 -71 -60 -91 83 -7 -82 58 109 52 -105 22 34 100 -127 -70 63 -93 125 14 86 -59 16 89 0 102 -75 126 96 -65 87 21 -83 39 -89
-72 122 97 45 33 -92 -99 121 -100 74 -97 -99 53 -11 -81 -37 77 -64 21 104 -30 -77 70 56 1 34 58 -89 88 106 38 -32 126 -72 48 70 89 69 -93 113 4 63 53 89 106 73 23 -76 -51 115 -51 -53 92 34 12 124 -75 42 107 -102 -98 -104 8 -62 120 -52 -4 23 37 83 -68 51 119 42 -2 90 -109 -3 111 -35 -2 -19 116 -58 -4 -110 -23 -21 -68 1 89 -126 -75 60 41 71
-18 21 -6 29 -110 40 -12 -107 -117 -108 -10 -22 8 109 57 -21 72 24 116 -113 -39 70 66 -76 19 71 116 79 65 -112 -81 95 -40 92 -62 97 5 36 -21 107 17 42 -44 -109 52 -108 16 -89 -78 -48 97 -37 4 -13 63 56 -90 15 -48 -125 9 -108 111 69 -116 30 -32 -84 89 76 116 -110 116 82 -125 -19 14 -67 -15 -119 -105 -95 16 -3 76 -98 -101 -97 -59 -4 -119 -122 -69 35 68 126
10 12 -53 126 63 109 -120 -31 -116 55 -43 -40 -87 98 -79 72 124 118 -63 -106 2 -43 51 -55 -108 -126 112 64 -1 -34 -108 33 4 -109 48 -47 -28 -104 5 -109 100 -54 -75 38 -40 23 51 -67 -39 -59 -110 -117 -105 -67 -53 11 47 -102 127 -21 127 -110 5 95 108 -90 30 -57 -107 -85 -78 -77 -106 -113 -23 -90 118 59 122 -104 24 32 61 -81 16 -9 117 86 113 -94 -80 -59 17 -38 56 -18
84 13 -33 15 30 94 41 -102 74 81 -108 -122 -108 -106 -55 -33 116 -39 76 25 -81 26 -76 89 29 -78 39 -29 -93 -38 72 40 47 66 -93 -94 110 -55 -19 -80 78 12 -111 -42 73 79 54 -30 111 -121 32 63 60 -26 52 -82 -26 -90 -55 62 -93 -99 17 -115 50 86 -96 -9 22 26 -59 -80 -70 -109 1 -68 12 29 -125 90 3 16 -115 125 -33 -112 -58 89 -18 33 -66 -86 -16 19 41 -16
-77 -91 12 73 89 34 94 104 87 81 -73 106 -7 -66 124 68 -113 93 -47 77 58 33 46 125 -69 -51 -76 48 -117 -50 52 55 22 2 89 64 -13 11 -71 96 -99 -75 -122 117 -107 -31 64 49 -120 114 -34 -32 -36 -98 -3 -17 -8 -28 -66 -23 99 -77 64 -72 -23 -29 -110 -32 -4 105 -91 56 -78 -105 -118 -103 -108 50 20 -116 -26 60 -10 24 2 -87 34 -36 73 -101 110 92 -56 -74 40 -71
14 45 -86 -80 -8 114 25 -67 -114 -35 70 -97 -126 50 -12 -43 24 -118 30 -97 -120 -123 -103 -61 -126 0 85 90 19 -78 82 -97 -50 -118 -13 -41 25 -14 55 25 44 35 66 85 6 59 30 -111 -29 17 121 -61 125 -54 27 27 45 -118 -32 -19 -95 -46 -28 105 123 109 -52 103 -13 -124 -108 81 -113 51 -80 -102 -102 28 5 -100 -83 -5 42 -68 19 -97 89 57 -67 -69 -90 -17 -127 -30 -28 -95
-101 -100 22 100 105 81 -87 111 -49 -125 -8 -23 97 -118 2 -11 -111 92 -107 48 124 -112 -38 14 127 -36 55 -64 115 -31 74 111 114 -79 20 10 -22 -68 -42 -95 8 -96 14 -70 60 12 -119 88 -110 -32 -70 32 123 -19 37 14 27 75 113 -108 104 -101 -14 -111 38 104 86 -122 -14 123 -41 32 -5 -99 92 125 81 -70 -60 -106 -127 -46 -13 -120 -32 68 -90 -37 -21 -20 51 92 -46 14 89 76
-55 -33 -44 -26 -123 27 -54 -11 -117 -114 27 -17 -79 81 -69 -45 122 -84 -83 105 79 -116 46 93 -65 56 108 45 -28 85 -94 -96 -81 68 32 39 -125 15 85 -125 93 -94 -30 10 -114 -74 70 -71 69 44 116 26 -97 -12 2 59 -119 68 78 123 -127 71 -57 -32 -85 109 125 -111 11 -101 57 -8 -89 19 119 112 -87 84 9 74 59 -82 -58 -55 78 49 -39 62 114 -122 -18 55 50 26 67 92
75 -103 19 87 49 25 -47 -93 91 123 -45 -104 -4 12 -80 66 -44 106 104 96 -107 93 1 56 101 13 111 16 -18 14 13 78 -77 78 -38 -88 -49 -33 51 -14 10 105 -52 51 29 44 -14 -9 -116 81 4 -84 -60 31 -94 -108 28 28 -118 -25 -9 78 15 -120 122 -111 -87 13 121 89 73 -79 50 110 -100 52 77 33 86 -23 -119 115 53 -124 28 114 -31 -20 -76 -93 74 5 34 -81 43 96
-103 23 111 -77 -67 -37 93 -83 36 -58 -79 -108 84 100 -74 -77 -41 -111 60 -123 -48 104 38 23 32 23 100 8 -93 109 -115 -113 77 10 99 -62 -17 -103 89 57 -6 67 -80 113 91 8 -24 -122 114 -106 29 79 26 -70 -106 11 -46 -41 -90 82 -42 2 -127 61 21 92 103 -109 -76 -72 101 69 9 63 -20 5 50 -96 -124 59 87 80 43 16 24 -30 -65 94 9 -99 95 -53 107 39 -7 -104
-60 64 -54 112 -71 -39 1 -10 40 11 -90 90 109 105 -8 -70 -10 -65 -66 -3 -40 5 108 23 115 -110 -60 118 72 -98 -27 35 88 -109 -2 89 70 17 -77 -113 -17 -60 114 42 -52 69 33 -113 18 29 -114 -110 -45 -91 124 45 -46 -27 60 100 -75 -79 124 -96 104 -92 123 67 -42 -124 118 65 106 120 -109 127 12 -93 72 -51 71 114 64 40 -66 -83 30 -79 -40 -116 -37 116 -102 -66 120 101
