67
20 -21 123 -119 -86 78 -18 -97 71 20 -61 -88 -19 54 -12 24 101 9 -2 -17 105 88 45 32 19 -21 -62 13 -6 -98 42 86 -48 103 25 83 80 52 -27 -39 -117 -77 92 78 18 50 56 -84 -115 50 37 62 -61 -112 105 -13 46 92 -37 26 -98 49 79 -42 -93 92 -1
-68 -81 13 -121 -94 77 123 -62 68 0 -15 -127 105 12 -83 27 0 97 73 24 36 37 86 20 17 52 -104 79 36 -117 58 5 -86 37 -44 114 -3 123 2 107 -121 -73 84 97 -43 -84 -78 34 34 -101 96 -38 101 120 65 32 -122 48 77 99 -47 -60 -30 -2 -63 119 -43
114 20 -19 -66 101 -27 44 92 49 -100 88 69 -1 -113 100 -76 -42 55 119 -9 -39 -16 -54 27 95 52 -52 -107 2 26 -80 36 -56 -10 27 -89 -56 -68 -3 -29 -80 103 -101 -34 25 -62 -89 -56 35 113 -53 0 -121 -48 27 -28 -34 55 -125 82 49 115 -9 66 -70 -81 4
-8 -113 -85 38 -30 30 87 -71 127 1 -73 85 105 24 -25 -106 -39 6 -73 118 -42 -30 4 114 121 -46 -74 70 107 -29 -49 58 -103 -35 -96 -13 104 100 -77 123 -18 -74 23 -81 -75 -1 -46 127 110 -127 36 3 7 -89 63 -113 123 48 53 40 11 20 107 -62 -60 30 -77
-16 59 -72 127 1 105 66 -12 -72 126 122 -76 69 -44 -20 14 -22 6 -2 -27 -12 -77 99 105 47 105 46 29 90 -105 9 2 -87 -82 -16 127 113 -80 -118 -78 127 -35 74 11 -123 -116 32 45 -119 -28 120 -8 119 -99 74 123 -103 80 75 93 104 83 70 -20 -15 107 58
-69 -64 -24 85 -116 -82 19 14 118 0 101 108 55 -10 97 116 -58 -87 125 81 -83 28 -24 88 121 -19 -113 36 75 49 109 49 63 88 -90 -4 120 66 17 28 28 -62 126 106 -46 89 -37 12 69 -93 -58 17 -54 -101 -5 -15 -105 10 -51 45 -117 -25 20 -24 -118 -74 -10
-77 -77 -69 -24 94 79 91 11 84 -108 43 -49 123 -95 25 -19 20 -37 112 -82 32 60 -64 -42 107 -121 12 125 -116 -89 -30 -9 -72 8 113 -49 -64 -5 -99 8 59 32 65 15 -10 10 -4 71 102 -29 122 93 50 121 69 116 -114 -54 -46 77 69 2 -105 80 -95 -40 -9
121 -58 -15 -118 -118 -79 84 -20 114 8 46 -83 114 -36 -5 50 81 -87 7 -93 -28 13 -27 -125 89 17 23 -50 112 8 -15 20 -76 91 -87 -94 24 94 -19 -36 88 10 -39 14 82 -96 84 -42 -17 -63 10 -102 -53 121 -127 51 92 -84 46 37 18 -2 -125 -121 86 -32 -82
102 78 92 76 -27 118 -39 31 -48 48 10 -98 -35 6 113 -66 11 -67 -13 50 98 102 3 11 -16 72 -36 8 -105 -96 -50 62 -37 -91 8 88 -116 19 -76 97 107 -64 109 -99 -11 126 -101 -111 -121 102 -95 66 -31 45 66 126 -108 18 -39 91 -61 25 -87 -48 -11 40 -71
-77 -105 -112 120 6 -30 -48 -58 -8 -74 81 -27 79 -105 -54 69 -110 -62 9 -101 23 -13 -10 -127 109 112 64 64 -72 96 -51 112 -71 -121 -44 1 -56 -68 98 -108 -1 -125 -87 114 -113 -31 98 28 -12 -116 -77 54 -95 10 -107 126 -123 61 -104 -5 -99 -79 122 -8 -105 -92 -50
-61 4 -66 -44 -45 -109 -114 -97 -14 -15 94 -2 41 2 23 96 1 113 -13 -17 -45 -86 45 78 -67 -26 -117 42 59 100 7 3 -75 114 -45 -19 -122 -3 -45 108 53 96 42 -28 8 -31 -89 112 -58 59 -31 -86 123 -5 8 -38 65 37 96 60 -77 -54 2 -42 103 -117 64
-40 77 -18 42 11 28 90 -23 -85 56 -103 49 75 117 -58 122 -76 -34 -44 70 32 -4 71 102 -77 -35 27 -87 124 45 -65 -100 -3 -58 -17 103 43 -95 -50 64 -95 -33 44 -110 -9 59 112 9 -29 -75 -13 40 -13 -56 56 -98 23 -13 70 76 113 -25 -93 52 -78 -119 122
74 35 -34 64 -37 53 97 -127 -117 104 116 -48 -13 96 -68 78 -70 73 21 101 47 70 -18 98 -8 94 68 79 108 45 -15 -24 125 93 73 -53 -106 -22 118 -90 14 98 -65 118 82 -115 -100 -107 -32 45 76 99 -11 20 54 -26 79 -86 10 -74 89 124 -46 -50 26 33 59
-28 58 -6 2 105 -14 -49 3 111 -16 63 36 20 -71 44 74 -37 -97 121 69 -66 -115 127 13 -6 -80 49 -10 68 -24 10 -97 -120 -93 31 70 -15 -2 -57 -105 -87 -39 68 -21 -46 89 47 -34 95 117 111 64 -6 70 81 -116 32 115 104 -98 -66 88 94 18 44 -47 106
-112 -55 38 -30 62 -65 -55 115 -3 -14 44 -29 74 102 112 113 54 6 -7 96 -17 71 47 65 102 -28 -1 -84 62 5 16 106 -85 90 117 120 91 -113 103 -41 74 111 -101 -102 55 -94 97 96 -61 12 73 44 -21 -36 106 -32 3 -10 105 -71 -32 60 -90 32 -97 -26 26
-41 -63 64 -71 112 123 34 114 63 -28 -22 -110 -83 -45 55 -38 121 -83 -85 47 -18 -127 -91 -40 -105 -52 11 107 63 23 115 71 -46 59 96 -76 54 -123 -15 65 -103 94 0 -70 -73 61 84 64 -92 106 -117 -31 -2 95 116 78 110 97 -76 73 112 87 -88 -126 22 87 -29
37 -54 44 19 -1 -103 8 -60 -4 -20 -37 -95 20 25 27 10 -13 -91 -8 -25 21 69 -95 -116 -38 -66 -73 104 -48 100 16 69 -80 23 26 -14 73 34 73 118 -51 -69 42 114 -22 -126 70 105 41 114 -61 -69 15 -6 2 110 -126 66 -44 23 -31 -15 46 -1 98 68 108
-95 -24 115 43 10 84 50 60 121 -44 -89 -111 -68 -53 -88 81 -5 78 -47 -87 -40 59 56 -101 76 -75 -29 -102 -109 -67 -49 -101 116 -89 -50 -108 88 60 95 -14 -28 9 -117 106 -42 56 -90 58 86 13 90 -1 32 70 -6 -19 -80 -115 77 -7 -101 63 -44 -121 -6 -92 -115
43 25 69 -72 117 4 -34 -6 81 46 90 55 -20 69 -105 -55 39 90 19 -116 -31 -19 54 -11 -18 4 -45 -9 -101 91 -58 -32 -69 18 94 -107 -107 113 -108 -68 -20 -42 21 42 108 -95 -118 -91 -33 13 98 52 119 -23 17 -62 -106 -33 122 -87 82 -84 -27 -37 104 -101 77
-65 19 -59 -9 98 5 110 122 -14 -86 63 -6 15 116 37 79 34 11 62 68 -98 -24 10 70 -80 17 123 -72 -5 102 30 53 -115 -13 -20 -86 90 -46 -127 -89 -59 105 -103 65 -26 -19 -68 15 25 -59 106 -97 -72 -21 18 -19 -122 -24 -75 -16 -23 -44 -16 -20 -44 53 -60
-99 48 70 33 101 63 -4 -81 -26 -39 74 40 116 88 -16 95 61 -122 -86 -17 12 94 -6 -94 -11 -3 3 39 -53 -60 -11 21 117 -34 -44 102 10 102 -19 54 20 -43 75 96 -32 112 -73 -8 -54 -32 -27 97 -83 -22 58 42 -78 23 39 88 115 -74 75 89 -99 60 -74
-47 -59 -49 87 -62 35 -76 -6 74 -11 65 53 127 11 -4 -93 15 19 -28 3 28 -70 80 68 -116 80 80 -59 82 -7 94 -101 50 -66 -22 -112 92 -7 117 95 89 7 22 -44 46 -1 -52 -29 27 2 -112 92 118 -7 46 -86 33 60 -83 -60 -3 -6 108 96 -1 -50 -121
-38 14 -7 -87 58 117 81 -68 -115 -62 -41 -13 115 -123 -100 107 -83 62 -42 -81 -82 -106 85 -20 -41 -37 -17 -65 36 -78 -79 20 -59 -53 78 18 25 51 -92 -45 18 -53 78 14 11 -68 116 55 35 -68 -51 -44 120 38 -5 109 -120 79 -123 -83 81 100 -106 25 34 -105 -32
-111 70 -118 -23 124 -47 -118 -37 -73 -82 -62 40 -73 -93 -115 37 -90 -83 -96 31 63 73 79 -100 102 73 -45 25 -114 127 38 34 -96 21 37 -16 -27 -118 -116 -107 66 -1 124 71 0 -68 -36 -67 -11 23 86 5 -64 45 -47 13 -20 79 53 61 100 -24 17 -66 86 -26 109
95 54 2 94 76 43 -5 -82 -63 -22 -19 -64 30 28 -71 -76 -116 20 -118 -78 89 -98 78 54 -53 51 22 2 -116 74 -120 29 -122 -49 38 -30 37 53 13 115 -92 -28 5 41 94 41 -91 28 126 -6 -87 -71 -104 95 29 19 98 127 14 -105 -41 -42 71 64 48 107 114
20 20 40 122 126 -59 -9 -14 80 -107 -39 -14 110 42 37 -17 37 -62 -115 6 -83 -114 -69 -6 51 31 -24 -23 -23 103 91 110 80 1 -114 -102 98 26 -123 69 1 -24 19 103 111 7 91 46 44 32 97 88 95 -104 113 31 39 46 101 -12 -52 27 104 -84 -37 -105 63
-23 -20 -20 -1 -62 -52 28 -85 -58 85 -21 85 -107 -109 35 -47 -104 -103 16 -113 11 51 31 -37 47 117 13 117 -74 -76 55 72 15 45 36 20 84 -109 50 1 -59 98 0 -21 -66 65 37 62 78 100 -107 3 95 121 -48 70 45 117 -39 25 20 -6 111 -72 107 88 6
73 -48 55 73 -66 -105 95 -83 38 -76 84 30 21 -90 -12 -66 114 -37 -125 -48 100 126 28 -93 21 -24 -104 -56 -52 105 -126 -88 -23 -18 -110 108 -116 116 14 53 59 40 26 116 -38 -87 43 -73 -110 122 109 -63 34 -65 77 -107 110 -95 35 96 96 -34 -72 -8 -42 -102 29
-48 -96 -13 -19 8 34 -31 -29 19 -40 -108 -36 -65 -68 -51 -75 -36 9 15 -68 -40 -62 66 -84 -57 2 -73 -11 -86 24 -8 -56 -84 90 -47 45 38 45 -25 6 -98 -15 24 -50 94 -29 -14 2 -42 -84 103 -121 37 23 84 -56 -29 -114 -15 82 25 -127 -4 50 44 -69 -89
83 -13 -21 59 -34 104 -89 -100 109 -77 67 -72 -103 -16 70 -19 -52 -113 -116 120 107 -87 -40 64 -24 4 -28 -110 -77 -47 74 122 -76 -46 91 26 -93 90 -40 125 -47 18 52 103 42 -73 -33 111 -50 -22 4 17 117 63 108 93 60 120 47 -83 57 -92 48 64 79 -30 -27
97 -58 71 94 -106 53 -89 -1 61 -112 -44 -32 -27 -124 -7 37 -36 -75 -3 -38 -85 59 -34 -108 13 -19 -115 116 -1 -12 -101 -101 -75 -50 -72 -65 46 12 55 17 96 79 -101 -112 -117 101 123 41 39 126 -77 92 -126 1 -90 -78 -116 -9 -98 95 31 50 -83 -48 17 32 59
87 68 23 -79 -39 -67 90 34 105 -66 19 -29 -42 -62 -78 -80 40 0 85 -63 -100 86 49 -29 -95 -68 116 -22 -3 108 34 38 -47 -46 -107 -83 -60 -68 8 103 -94 17 35 33 3 -22 -75 -8 -21 58 90 -11 -117 -53 58 -81 -126 -1 -99 113 -16 -17 51 -34 103 126 -125
105 21 0 -12 -2 -109 -6 -30 -83 19 36 -121 83 -64 49 -81 -96 13 114 -34 23 -102 -23 -21 -72 100 -63 120 71 52 -29 -80 41 -40 -126 105 -12 17 18 63 1 -103 -38 30 -14 3 -40 18 -51 -77 -93 -32 -86 -61 25 112 55 68 -20 -40 74 -65 7 56 -96 122 13
-63 -31 5 -107 5 -89 124 118 -19 -112 -111 -50 -118 -46 19 -10 36 97 103 37 -68 8 -125 -46 -42 -81 98 28 23 68 26 120 -125 62 127 120 12 105 -43 -59 31 -64 44 37 52 80 -37 -115 -91 54 46 122 -33 -10 97 -122 -4 -19 -45 -30 -49 13 -118 4 78 -84 29
86 -92 -69 98 15 2 27 119 -102 -68 2 81 -37 69 -38 55 -114 19 -93 118 82 -32 -32 -8 -125 1 -71 -110 -20 121 91 -126 68 60 -73 34 -88 119 -109 113 -101 -66 93 84 -44 -47 -83 64 -125 0 -8 -76 62 -81 113 -36 18 -13 -86 -51 -41 -27 -98 -6 -94 27 -64
72 -15 8 -74 23 -71 -94 124 -1 -124 -110 83 -57 -20 82 -50 -20 47 -51 54 -26 -72 70 102 -63 -70 33 89 -86 12 68 63 19 60 -66 -18 -28 67 70 -32 62 -52 -50 -32 18 -118 -21 12 75 -7 -124 56 -126 -47 96 -123 89 127 60 112 35 -72 6 14 -48 112 55
-51 72 15 -75 28 -26 25 61 -63 -78 -39 -13 -26 27 9 -87 105 -58 -124 4 107 -14 126 -70 81 66 -58 -16 16 -56 0 -14 -44 87 -82 -14 -3 112 101 -21 -102 66 -59 -45 9 -6 31 114 113 111 77 39 -21 99 125 88 15 -43 -112 125 -30 -58 103 -94 -96 -55 30
43 120 4 -126 -108 -95 -16 37 -65 -12 101 -69 103 -96 -105 -127 86 -109 -59 52 -82 -8 61 -79 -97 118 43 -66 51 97 -60 -29 -69 -82 108 110 3 -83 8 110 6 -82 75 88 98 122 108 45 62 100 17 -22 -113 52 66 81 113 -81 -15 -99 -23 -86 -60 18 -89 -92 -47
-46 126 64 -75 -85 15 65 109 64 51 84 -22 -73 -122 41 56 -113 -85 100 110 -72 35 35 -51 -78 -24 -78 97 -21 -108 -68 42 -107 -82 11 119 -6 4 33 72 -116 17 -15 -112 70 -27 87 -97 -119 16 25 -38 -83 -9 -119 -109 57 74 -27 -18 -18 -103 -121 6 65 -35 -69
107 -78 -74 -62 -91 -99 14 -40 -120 32 -40 48 -120 71 -41 50 -102 -118 -103 110 -7 -26 7 117 -127 119 4 -34 -57 123 -20 97 75 101 -98 -64 -91 114 113 37 39 -35 -88 -64 -106 -83 -95 4 75 22 68 -69 -70 -45 32 118 -18 -72 57 -30 121 -80 -124 -117 102 44 111
27 12 73 -26 42 126 111 33 -41 -124 9 77 104 78 -49 10 -67 -54 32 121 120 90 -32 30 74 -112 35 84 -6 -57 -103 56 -2 -112 40 4 45 108 -118 67 -119 -23 -24 -82 30 59 -100 70 93 -84 -93 64 -115 -17 83 113 -13 121 -112 -74 120 -50 93 114 -9 76 -111
70 -75 -95 -45 21 1 43 -40 32 -126 108 -32 -89 121 110 32 -104 -36 -58 1 106 76 21 -21 -8 61 -110 -104 56 -89 -12 54 116 -93 -107 81 -36 58 -63 105 101 32 2 -66 3 98 -90 112 119 11 24 16 -105 13 -77 79 -100 -48 100 -120 -37 71 -96 -44 -57 32 49
-38 -41 -79 -84 -79 23 -9 85 94 102 111 98 111 -11 66 -14 115 -90 63 19 -46 50 -54 7 -1 -63 89 112 32 65 50 -99 -2 -43 -29 77 -57 4 -15 -16 67 111 -51 101 49 -13 54 -68 7 13 111 71 5 35 -71 12 106 77 -99 56 -37 -90 127 -109 43 30 119
-102 52 -58 -2 40 100 -94 -36 -85 -118 -22 99 44 86 116 -31 -12 111 -125 10 -61 75 -2 73 69 -5 -53 -79 -120 76 124 51 69 -99 114 36 30 111 -19 53 -41 -55 18 72 78 96 99 87 -55 70 -2 -52 69 -70 24 2 -69 101 97 45 -25 56 -119 2 4 46 -116
-44 121 66 13 -120 -37 42 -121 -9 112 -76 -45 52 -52 -68 -59 120 92 -102 107 32 80 92 0 -22 -37 -87 45 -102 -82 -74 -7 39 85 -5 -83 -73 -69 -81 0 -115 -88 -60 -14 -94 -56 84 -56 -80 96 44 14 -57 -75 94 -19 -18 78 -62 76 74 73 -109 77 -73 24 -49
88 16 61 57 109 -44 -51 4 -114 -51 -58 24 -19 -104 64 87 36 -66 26 50 -20 56 -120 115 124 -20 9 -106 -123 -40 -42 -66 16 39 -80 -26 -111 -48 74 -98 -109 -97 -107 45 -105 37 79 94 20 88 99 -122 -18 56 104 -93 95 120 -104 10 122 57 18 116 64 -56 -25
63 40 -7 -89 -86 49 73 -29 -62 95 -61 118 96 4 -94 31 63 -21 72 114 38 -8 -112 -27 -25 83 9 27 3 -50 -16 76 -78 -91 6 -107 -28 74 -72 -43 103 92 -19 -100 -78 -89 41 -82 41 -43 -18 126 114 -29 -115 23 -29 51 36 -73 -51 -8 -100 120 59 -115 55
34 -1 -34 73 73 -29 -1 12 89 91 100 29 -88 66 -24 -32 -10 88 84 89 85 -33 -112 -116 107 107 117 34 126 58 15 -41 15 80 39 -99 91 -35 -83 41 119 -92 93 104 -54 70 -62 -28 -12 -58 60 -11 74 49 81 35 24 41 85 -63 -3 -44 -103 -38 57 29 -31
90 21 123 -9 -64 -47 -51 -121 78 -123 -48 -29 -95 101 -72 112 -80 -5 -55 -43 -123 -68 28 -64 -64 -108 -77 64 70 -74 -104 -30 -91 3 30 29 30 59 2 -16 94 -60 -108 -96 71 40 -12 56 -24 102 -10 58 58 0 15 50 32 -115 106 94 -78 111 -67 -81 -117 59 -112
34 112 -88 -95 -102 120 -6 -66 -45 80 112 -81 72 117 -54 124 -111 68 -7 -126 80 127 113 12 63 -49 123 -72 127 -26 26 -7 -64 -67 113 -9 -2 6 45 6 -27 64 9 -110 -57 -62 -25 -125 -39 73 -30 -25 -19 -50 -126 -52 107 108 -79 16 104 -9 56 -29 86 118 122
-20 -34 104 -10 69 39 -127 50 48 -54 91 -31 111 3 44 71 -102 -6 121 -26 -8 64 -117 -46 -48 -73 -19 18 6 54 -10 -124 23 -64 -96 78 -39 110 -74 84 -65 105 -23 112 5 -60 1 -50 2 -72 33 40 68 -44 31 -86 64 50 105 22 -82 -55 82 -106 97 -85 -26
124 -32 -53 -30 -91 16 -108 5 -6 -25 -125 -53 77 121 -123 45 45 -107 -73 60 37 -127 56 111 -39 -94 107 -111 35 29 104 -119 -37 8 -36 18 -26 -89 -40 -96 98 -36 107 -64 58 36 3 -25 23 36 56 -12 -125 4 -8 -113 -63 -41 21 -18 115 -52 -28 26 116 74 89
13 -104 -36 -14 -29 -2 -13 -34 -1 89 124 -97 -98 -34 -42 -34 -79 32 67 -113 -86 -16 -44 -119 121 111 -117 -31 -73 118 -74 0 118 -73 -111 85 95 -40 -83 -77 -12 98 10 88 -70 9 54 122 111 76 -83 -85 -36 9 96 -57 74 19 30 53 -35 -90 -109 -5 -22 -86 -97
-76 -95 -47 94 45 2 91 -73 99 -117 14 42 116 -51 -40 -98 -91 -69 -96 100 -123 56 4 -74 2 -58 -89 117 -105 4 -62 69 15 116 -41 -22 -122 -27 -53 -8 -3 -57 -65 98 101 -25 124 -44 72 68 -17 111 109 45 31 -86 -120 -103 78 70 76 48 12 -52 -97 14 79
122 -92 -44 -107 86 41 37 127 44 -94 66 -77 87 16 -47 -79 -127 115 -101 53 17 94 -120 -120 -33 -28 -60 85 -58 126 -22 -93 38 -72 -112 -21 -65 42 10 -95 -80 -40 -14 -21 119 -2 -99 -77 -81 124 -70 69 76 55 16 100 40 110 -70 -101 123 59 86 -89 32 97 -20
90 42 -73 -74 -70 37 58 60 -85 23 44 67 -127 39 -62 -11 85 45 -38 87 -114 -62 29 65 -27 86 -54 -44 17 -89 78 -84 -42 -44 -25 47 -86 60 7 -69 99 124 121 80 116 103 -2 4 82 -4 86 34 85 79 93 -71 37 16 121 107 115 102 23 117 85 35 -93
33 62 124 -26 -46 61 -53 -19 21 -64 -110 -120 -115 34 22 120 -1 13 31 -95 29 -113 34 84 102 -68 -96 -46 28 -111 -124 27 -31 -60 104 91 -3 46 69 80 119 30 -33 -74 122 -110 126 -102 -117 27 80 -127 -90 -9 -124 40 54 22 -15 -17 -10 -108 103 -97 -84 -14 52
-105 50 -95 87 48 18 88 -86 -87 100 124 -60 101 3 29 -118 -108 -7 -46 -117 -97 -121 -44 -32 -61 48 78 -6 59 -6 87 65 -23 -84 62 39 -16 -117 -88 -110 -27 1 39 78 -59 -45 -9 -71 11 -64 -67 121 56 125 -78 -4 114 -55 -40 -9 71 109 77 118 19 40 86
39 76 -29 -104 -46 49 123 99 112 96 -61 -94 -35 -74 73 53 -102 -107 49 15 -83 75 46 42 85 -81 -85 112 76 -108 -124 6 124 31 -13 -102 8 62 -36 -60 -112 82 -78 112 -29 75 51 47 -76 26 -53 -115 -67 65 77 -124 -127 -50 -44 -50 -32 117 19 61 25 49 57
47 -67 -93 -91 59 -102 -75 -103 33 -53 -119 -41 12 21 13 -1 6 -69 -85 -107 -45 115 -97 -104 -126 -108 -46 60 11 119 96 102 -11 -36 -92 -92 -86 -32 87 -95 -114 50 -51 16 55 111 88 61 -75 108 29 16 35 89 10 -65 89 92 53 90 -25 -65 -56 83 107 -81 -20
97 -125 -71 43 -1 -32 -95 -77 -19 120 -12 -79 -45 70 9 -77 -73 55 -86 -103 29 61 54 -22 12 -60 -84 57 -15 112 11 -61 -22 -20 44 -28 77 -38 86 88 66 -106 19 -72 88 107 80 64 -86 -64 -38 127 -51 -86 -49 -59 38 -21 -57 66 112 80 83 -95 -46 -55 -41
28 117 -59 -93 -87 28 -70 8 59 87 2 -54 32 23 56 -76 -72 -80 17 -123 32 65 35 -35 23 -106 -69 31 -65 -57 75 88 -33 118 -60 90 -105 -119 40 -66 37 -45 91 -97 126 10 123 -67 37 -120 -56 -41 -85 -14 -67 2 -44 61 48 24 85 -62 -62 -18 1 37 -23
35 6 114 122 77 -12 75 81 -64 127 12 90 -27 -68 90 -31 1 14 -59 118 17 115 95 55 -80 97 -25 -98 -119 98 -117 85 -11 55 -59 -80 66 -107 62 88 -106 126 -78 105 -101 -3 -121 -55 112 70 -123 -55 28 65 42 -98 49 44 -91 -8 -110 99 122 127 48 -95 102
89 -15 -60 15 36 -37 -62 -124 -37 56 8 3 -8 -38 102 -20 -52 48 55 3 -49 111 -52 -54 -116 -64 27 -10 -94 9 -107 -88 -49 -108 35 68 -113 16 -14 -70 -71 11 -79 92 27 -23 -98 -50 4 7 -39 -88 104 -14 70 -113 -120 45 58 -126 -2 47 127 -75 -72 25 -46
-102 84 65 65 76 38 -78 -83 -121 8 -51 66 101 18 40 -127 -93 -10 25 -126 29 46 13 -103 -21 45 -33 -74 73 -85 -7 44 23 27 -5 -46 -66 -37 99 -26 111 -42 -61 -1 39 88 -8 18 22 104 83 -81 64 52 81 73 30 -27 36 17 108 31 69 -75 83 -110 56
-99 -120 108 29 3 11 -109 -87 98 -104 76 -11 125 50 108 -30 101 -27 13 -37 -108 -46 68 -72 -127 -14 102 -85 -55 5 49 -13 -9 -43 49 80 -71 -66 92 -41 -99 91 -52 -121 -16 -19 -17 -9 74 -64 -60 -27 -26 12 13 44 59 -6 -6 -113 62 -80 -13 36 -58 -49 67
-122 82 52 116 38 90 37 60 -37 -103 -57 127 -84 61 29 6 56 16 -14 45 -48 3 16 59 21 58 -17 76 60 55 8 -27 80 90 -16 -93 -105 -26 -40 -99 -22 -1 42 -13 11 -82 102 -45 75 123 15 -52 124 112 127 13 -105 88 107 33 97 98 -79 -17 90 9 -38
