58
11 -98 106 -61 -108 -69 94 42 5 -7 -127 32 -91 112 10 -21 -31 -118 76 55 -85 -62 118 104 3 -49 103 -87 10 -8 57 81 -72 -11 124 40 -48 94 -12 126 51 23 -56 -77 41 -106 59 4 32 -27 23 -57 -23 93 -45 72 -54 100
-68 114 46 20 -106 126 22 -35 31 -78 -21 119 120 -17 118 -24 -12 -63 104 92 57 -69 98 76 125 73 98 46 -30 -10 -16 -102 59 99 100 108 66 -50 86 0 -7 -117 59 44 -111 35 17 55 104 118 -20 -108 -66 110 77 35 10 -48
-11 -102 -46 -47 44 -17 -16 55 114 120 -91 91 -85 89 -124 72 -21 -32 -70 -6 57 -73 65 -48 -83 -105 -108 86 -99 39 -4 30 -121 -119 -36 48 -108 14 -74 -72 -52 -72 -5 -70 -12 56 35 -117 -37 7 95 -1 -124 -52 103 33 90 123
39 57 19 -90 119 -116 34 -29 1 109 36 91 41 -40 70 4 -9 99 19 -48 24 -90 -28 -69 -120 -97 50 -15 74 85 -17 99 -30 -122 -115 95 63 16 -20 -3 -64 49 124 104 -61 0 73 -90 -115 -13 -124 113 -70 -19 49 -1 24 41
6 -88 59 -2 -79 118 -98 -42 -4 -35 50 -103 -41 116 -117 89 -65 11 -118 85 54 112 25 -99 85 96 -25 119 116 102 107 -114 -27 93 116 96 104 74 88 105 63 105 -22 -48 -16 6 -85 -125 32 120 -17 -64 25 -78 -27 76 -19 -77
62 -89 -121 107 -74 -21 112 -85 14 -77 -39 -117 -98 -17 -2 -3 -9 -1 -105 76 -113 1 25 79 -14 -5 107 92 62 -68 25 -99 49 -82 33 -10 -94 -114 42 -44 -24 29 36 -37 80 76 114 35 -83 -59 6 0 -104 -80 -81 38 -117 1
-44 -109 -20 -94 -42 -47 10 -82 18 -26 -82 40 -70 -1 -39 -100 -105 106 52 58 -99 -15 11 -48 122 35 9 -118 -91 58 -34 87 -24 -70 -20 22 -34 -40 -97 -127 -51 99 -72 90 -44 -125 27 74 15 -16 102 56 -46 -81 -25 81 -40 105
34 -40 95 -92 -17 125 102 51 -29 -14 54 -127 4 -16 49 5 125 79 -53 102 112 54 -124 -71 -31 9 69 -65 112 125 -125 84 -37 21 -58 120 -7 99 -123 -55 67 110 80 57 18 -81 123 84 15 -60 -34 -66 119 -102 -108 125 -83 -54
53 71 -74 -22 -37 -99 91 -52 -88 -95 -11 -62 113 102 65 84 -123 -13 67 -67 -85 -66 -17 112 -91 -99 93 79 -2 89 84 32 -127 -81 0 115 96 -42 0 -5 -111 -15 -66 -16 -125 -45 -111 -13 -124 86 13 108 -84 -40 -85 109 -3 -85
-1 55 -105 -123 -42 -29 48 6 93 -35 -113 -22 -61 44 125 117 -121 -69 112 47 -77 29 -64 84 -120 56 86 30 -90 66 127 70 -116 -106 17 106 30 67 10 -20 -69 -32 90 26 -70 -7 105 -78 53 51 125 -15 -46 -28 -6 20 -68 -43
1 2 3 -117 -5 38 -6 71 94 85 -96 -75 63 -122 -50 -44 -90 83 -84 -60 -119 -51 -79 49 14 77 -55 51 -3 -42 1 111 -93 -96 36 120 -15 -90 -17 111 -32 19 -105 -11 33 8 -65 5 57 -77 15 83 -41 -51 -24 109 -4 -118
96 14 71 -82 -124 15 14 -54 -23 -24 -51 -108 -7 92 -124 -10 -94 68 43 -44 -40 113 -5 11 -68 21 113 72 -55 121 124 -108 -79 -13 -114 55 -85 -20 73 92 96 49 -36 -120 -42 58 27 -110 17 -57 0 -123 -118 15 108 -91 38 122
-125 111 -31 126 14 -85 -12 42 -87 0 -20 -54 -45 -38 107 -107 -66 53 87 -76 84 -116 29 92 53 -35 -35 -97 -33 89 -53 31 84 33 23 120 100 4 8 10 -94 33 127 -84 -87 -58 -5 -56 -104 -2 -127 13 -78 45 -37 -19 -43 -7
-8 79 -25 -39 56 -21 -104 9 -121 16 79 -36 79 -108 -113 108 60 -113 -92 67 -22 80 87 33 -45 -72 -64 80 -54 21 -111 2 4 -3 -79 -67 -62 -4 -31 -5 18 -56 -61 -84 -2 -23 69 -105 48 123 19 -69 -124 101 55 69 -75 -41
100 75 15 -59 100 82 78 9 45 71 82 59 -31 -82 14 67 -91 38 76 -1 -57 -15 -110 18 -101 125 55 88 55 -4 -21 -120 50 -120 36 45 -105 57 -80 -127 -9 35 29 66 -74 -2 -80 -68 39 -90 -88 62 -74 80 -37 14 5 18
87 -78 25 -96 48 -12 -17 50 -114 -18 11 -89 -65 -110 125 76 -66 57 -51 56 -50 89 9 16 -25 127 88 -126 23 122 41 -56 -95 120 122 15 -121 79 -68 85 -110 42 62 -124 101 -1 42 42 -10 109 -69 -27 58 29 22 -111 105 -20
-75 96 57 28 -112 -72 88 -96 104 16 29 53 -94 -63 -64 69 -98 80 -107 122 -48 -6 -79 -122 65 -10 23 -93 -79 109 44 5 36 -26 11 51 -105 -63 -41 -113 58 119 -110 -70 -71 116 -23 -36 65 63 70 75 -77 -3 -61 41 125 10
111 -53 -88 -38 -104 62 -60 -44 2 100 -70 106 -77 -113 126 -75 98 13 -109 -122 13 -63 -107 -117 -77 4 -79 85 -34 120 33 25 -94 64 -24 -39 -68 -104 -53 16 -60 124 -7 30 86 -33 -3 125 0 27 -125 119 -78 -10 25 -36 94 -118
26 10 57 -3 -77 7 4 107 -1 22 -43 -85 13 -53 42 -27 -56 -29 26 -7 79 -35 -51 19 -100 52 41 75 71 -89 -48 -10 -54 127 -53 109 -71 126 46 -65 55 37 -81 -125 58 -94 37 50 18 91 14 -85 -35 -119 -2 25 109 19
19 125 107 -34 4 25 5 91 -61 -75 -14 126 34 41 16 54 21 -113 2 -109 29 -103 36 -17 101 -53 75 59 13 14 28 51 60 121 -62 -113 -114 34 109 48 -53 -115 -49 -12 122 -65 127 -43 125 -115 -123 112 74 78 -98 -36 -58 -117
49 -97 102 -6 -74 116 -8 30 -73 20 2 108 -117 -30 41 -102 -42 -16 126 -53 -125 114 -117 76 118 -113 40 -120 -99 25 -1 67 -36 51 31 -38 41 30 9 -5 122 3 66 10 125 6 125 -57 115 102 -113 19 29 -105 87 -121 32 41
-45 111 -2 -102 114 -52 28 -81 103 -109 -82 -111 86 -51 -3 -32 -53 -117 -39 61 -30 -123 -71 86 114 -94 -77 85 -93 -102 9 -6 56 -71 102 79 107 36 49 115 -22 -41 20 1 -118 -86 -117 -13 33 39 -112 119 0 21 99 -12 -36 54
-11 -48 -1 72 -36 -39 30 -108 98 45 49 -24 -25 13 -85 -45 -88 40 -106 100 -91 -46 -80 -33 -58 -36 112 -124 105 -123 -6 78 -66 -94 -89 38 -30 46 85 77 -1 -18 -14 -7 -115 -57 -32 55 -41 36 30 13 -20 -18 123 -99 106 31
4 -79 62 -72 -115 19 -107 -32 60 83 -36 -100 -98 -19 55 -112 -27 -97 16 -57 -123 91 71 108 28 77 -66 54 90 21 -109 -62 94 -79 14 -127 66 -99 30 90 123 29 90 54 45 9 10 78 88 89 -50 57 -79 -104 -100 -86 9 -92
111 123 -79 -18 71 -11 97 -29 127 -78 54 25 -68 -93 74 -53 62 -7 55 68 -116 -15 -26 -24 -89 -102 120 -98 -50 65 124 39 105 -5 -19 46 25 -66 -111 -25 56 -27 60 -33 -83 -38 -104 65 107 86 72 36 -110 87 27 -25 -62 61
-96 99 -126 -79 115 121 -61 -42 -24 -24 121 -124 -99 -105 -31 -73 -87 -56 -61 -31 123 53 -82 85 17 -79 6 5 -81 9 20 97 -105 22 1 -6 -80 70 -42 118 13 71 81 123 94 -93 -4 -19 -125 -35 -25 61 -88 -40 126 7 -6 39
-35 65 102 -69 118 88 -34 -81 -117 -90 -6 -63 18 -11 77 -118 43 -24 -1 -45 -70 105 -50 -22 -1 126 16 -75 48 52 -77 88 106 37 25 64 1 -66 -123 17 54 -62 -45 33 -71 -27 -81 115 98 110 -79 -30 78 -37 -27 81 -26 122
-40 51 -79 121 3 18 -39 20 -103 -38 91 101 -27 -36 111 57 78 60 3 -40 78 121 -60 79 67 -57 -33 -21 103 -68 58 56 118 7 5 -1 79 -105 -72 73 103 -15 100 97 -61 -32 27 69 66 61 123 70 89 106 97 -124 49 -123
68 -116 116 47 15 38 -94 -4 83 -25 3 -113 34 3 -91 -49 -93 102 -123 -11 -76 91 9 -43 -78 -59 -61 -39 -13 12 -115 67 113 56 122 69 41 39 101 -121 -90 30 12 81 53 21 -64 -77 -55 106 71 -97 90 5 55 89 35 96
-88 14 -72 6 -98 -113 84 -81 61 -69 34 69 2 108 -123 59 15 122 13 111 96 112 -43 49 -1 88 42 -59 -32 116 -24 113 -43 -100 100 -110 84 25 -79 17 36 -20 49 57 -3 9 -49 38 126 28 -92 51 77 -14 95 110 -103 -14
69 -30 -104 71 -98 89 41 -36 78 86 -35 125 -116 89 5 -64 -67 22 -46 77 -52 -7 -119 -72 -58 -97 55 4 -30 -17 -101 -90 117 -39 127 -41 -76 62 49 14 5 108 3 -83 -61 78 100 -8 53 -77 78 -123 -66 -102 -104 -27 -53 -96
-61 14 -68 -126 18 -79 78 123 -30 123 -99 -26 71 94 85 71 -89 -9 -35 1 -41 108 13 -45 -124 -108 -25 -5 -43 -126 31 100 14 -87 -55 -109 82 115 -53 -71 40 20 -123 123 110 84 -12 -3 43 -52 -41 -122 -27 67 -85 -19 104 -13
73 -36 -60 55 -121 -49 -79 -2 87 -18 -22 73 65 12 38 113 93 -115 -61 -82 63 -124 3 -29 -31 67 86 -66 -122 -70 -90 21 9 85 40 6 4 -79 121 57 -63 -1 -51 127 57 75 -26 114 9 115 -54 119 21 96 19 -85 -44 -86
-98 -100 -105 42 93 50 -75 -112 -62 9 27 -97 55 -72 -62 -104 -95 78 -9 54 -110 -72 6 -61 7 61 -25 50 98 78 -85 16 -12 52 75 82 118 -108 104 75 -34 98 -70 43 64 65 90 -6 -19 51 -126 -39 91 -45 -55 -32 -123 67
-39 5 84 21 125 39 -5 -99 -13 89 -117 -11 -67 -58 14 100 -81 -2 75 -83 44 -30 -77 119 -32 72 69 45 -87 62 -34 -62 -13 -110 21 89 69 -44 31 81 90 -64 11 -72 116 113 103 31 53 125 61 82 10 78 -80 82 58 88
85 17 -111 -2 -90 -56 118 -10 -13 -112 108 -5 -24 19 -98 67 72 10 44 20 -50 75 50 60 67 -73 38 -116 -34 -113 -81 -23 17 114 9 -40 80 25 79 -38 55 43 -28 -69 -46 -12 20 44 -120 19 16 -59 -20 -55 -54 104 -118 83
-8 -121 -105 34 -82 69 -52 -80 7 -28 59 -13 85 59 -95 80 72 102 3 59 -64 28 -45 -3 -5 1 44 -113 -115 126 -116 -75 -104 1 -42 10 107 -118 -62 4 -25 41 37 23 -122 -96 14 14 32 -106 61 -56 -124 -79 -68 47 -27 9
81 42 -21 -2 -1 73 44 -43 -78 24 -127 -20 114 -124 88 -6 -117 103 -38 -42 -25 -5 -127 109 32 0 -80 127 -76 -112 -7 127 -121 -98 -44 66 -58 117 -61 54 -66 70 -22 28 98 84 -113 -67 -64 -4 -15 -44 7 -21 76 125 31 -110
-61 52 55 61 -87 -87 -28 119 17 13 -20 -11 105 116 -122 15 -59 69 -32 41 38 -79 -20 -78 -92 -15 -69 44 -69 16 -5 -112 40 68 120 34 -15 -79 68 8 -86 -97 0 100 -5 -120 5 -111 -36 55 103 -71 108 23 -102 -90 -17 26
74 -101 -118 -111 -105 105 99 18 38 -74 -42 -81 24 -117 92 -100 17 -22 55 -125 58 -126 80 -60 23 116 -86 -74 -110 42 -27 -119 -82 -91 -9 62 32 32 -81 -40 -57 -106 70 -83 83 -39 120 32 68 -24 25 62 -52 -91 -39 -15 0 -82
-124 45 103 -68 120 -81 92 -81 114 38 112 -106 74 -3 6 17 -81 66 -72 -81 83 94 3 -87 36 112 -37 112 6 -29 0 -73 60 -92 -111 32 -38 -76 -54 20 115 110 94 -6 -32 -47 -38 -106 18 -125 -28 69 -23 91 11 -3 -110 116
-102 -116 68 -46 39 74 -9 49 -122 42 -29 -50 -20 101 35 -47 -65 48 80 47 -42 54 -2 46 -66 -110 119 15 0 7 -70 -82 -55 -115 81 -7 -122 -95 -115 118 -36 -17 -123 -64 -117 68 -31 66 126 100 35 -49 -13 -55 44 34 -86 -106
-101 -87 -36 56 69 -23 -27 68 20 34 76 -91 -56 2 -6 54 105 36 -54 -107 12 59 -69 57 88 -16 -124 23 71 -90 18 -12 -56 -82 -15 -22 -1 25 -22 74 -81 80 -48 -83 -14 -88 -126 -20 -41 -103 -119 79 -107 26 -57 98 14 -85
-11 -120 51 -69 105 68 -4 -58 16 56 0 -76 -119 60 -119 -2 -24 -126 98 -63 -20 -96 66 -6 47 -25 -5 -112 24 98 86 -45 97 -89 -98 -23 98 -87 -90 43 -63 23 12 81 63 91 59 84 98 48 -88 92 -15 -66 35 -6 -26 12
-67 104 80 0 10 42 105 -95 7 -98 -122 -102 -118 114 -38 -62 126 79 -71 -68 -11 10 65 33 37 -44 4 -65 -92 -41 0 -36 -19 -102 -108 58 100 -106 -30 86 19 104 0 53 -80 49 -121 101 -6 -89 56 -20 27 54 -95 120 63 49
48 -26 -115 15 -81 111 74 -90 90 110 -46 -122 -60 -48 111 -18 104 -7 -2 -71 71 47 -61 113 47 57 -26 120 43 46 -27 -126 -115 -13 105 5 125 30 -109 44 -73 7 -127 121 106 50 73 -86 -60 99 -46 84 111 -59 47 119 -46 75
10 57 95 74 126 -77 -56 19 115 -97 89 -93 -53 39 -100 47 7 -73 84 53 -54 89 -38 126 34 -4 98 105 -65 50 41 -123 8 -113 86 15 48 -92 -116 -42 -103 68 71 -13 101 36 111 -39 -98 67 91 -115 24 74 65 -109 16 -118
-30 -5 125 0 -127 -15 -3 -106 80 -18 -26 95 -110 2 95 -106 -98 51 5 -22 110 17 -52 -97 109 -107 83 45 -8 99 -22 -3 -88 86 6 89 47 -88 -105 -107 -69 49 7 -14 -51 -121 81 -104 -55 -81 -15 -43 3 -125 -110 -29 111 -63
-72 108 93 88 6 -110 -21 -75 -71 -22 35 -110 126 38 65 -84 -10 67 59 -83 -19 68 89 -38 52 -123 2 51 98 50 -19 124 -39 95 -70 -36 83 124 37 86 -37 -30 9 -71 -92 -104 -30 -79 -84 -115 -64 67 114 -25 40 120 -103 10
-43 -108 76 -20 60 80 -83 13 -53 67 106 113 -120 119 51 4 -11 113 -36 86 -109 -110 -90 3 57 -94 -109 -50 76 -57 -96 59 -30 57 127 -58 -31 -4 68 -26 -86 -92 123 -56 81 60 -38 -90 -80 109 -96 2 80 -115 -45 -90 -2 8
54 -70 100 17 23 -40 71 65 -81 105 71 125 83 -42 103 -55 -31 -76 -66 48 -7 -127 57 91 61 101 -58 97 -117 -56 -48 -19 -28 96 97 76 42 -43 27 35 66 108 10 83 38 64 15 96 81 80 122 -40 -65 69 84 -124 114 -95
-66 -1 1 -89 11 -61 86 51 48 -15 18 -94 -72 72 15 66 -96 -84 -35 -99 -19 -57 -93 49 -47 -4 31 25 -102 -61 28 -77 83 -47 -92 74 97 44 84 -10 -118 -52 80 -53 77 27 45 -83 112 -111 20 -15 -100 40 33 -6 112 101
-58 -59 42 81 106 -124 -121 -100 61 -1 64 118 35 -102 -59 122 46 99 -26 30 47 -112 -18 24 -122 112 -35 -44 34 18 -98 -67 99 85 33 -53 -118 -56 26 -107 43 91 -79 81 35 34 70 -126 28 72 112 -99 -1 -85 71 23 85 -118
79 8 83 15 -86 -29 12 -20 -12 -99 -102 72 88 -51 -43 38 91 -12 -73 125 -84 95 35 111 84 54 62 -46 -12 -61 81 7 -68 -27 90 102 69 -48 29 -102 19 -47 107 45 -79 42 -50 29 14 48 -33 94 97 76 -9 67 -95 -33
-21 124 -56 -107 -61 42 -94 69 116 66 -77 -44 -63 -124 54 -29 21 92 -48 -113 123 70 -3 55 -49 -36 -84 -41 -4 58 -1 -103 67 68 -111 -36 -40 77 -34 -2 71 93 31 35 -44 25 -62 -53 -77 68 -62 43 51 66 90 -111 -99 -62
68 -1 84 65 -113 91 63 -54 123 -120 -99 -4 -3 8 107 46 22 -75 -124 33 -90 -13 54 -108 -67 -13 -45 -119 -16 90 42 27 27 7 99 -72 11 -9 59 -16 65 -115 77 -74 -85 27 101 23 -36 79 74 26 112 -124 -103 -113 -123 9
94 69 54 -1 117 -13 -63 110 -49 -92 -53 118 59 -47 -23 -48 -80 -115 -93 -85 122 10 -30 -91 -109 -39 -15 17 45 112 65 -122 -59 -105 -40 -53 74 47 -32 122 56 -122 64 -116 52 104 46 3 -74 -108 64 64 58 42 44 61 105 -36
7 72 -118 -29 89 -69 -16 111 98 2 112 -104 109 -103 18 -79 -106 -66 -93 21 60 -112 -68 39 -14 113 126 20 123 -43 -97 -109 43 -71 6 -109 -122 32 10 88 -34 114 -12 -3 32 10 46 89 83 -59 -10 -33 -79 -57 26 -43 -42 2
