90 20
609 872 890 876 326 408 921 260 378 542 539 668 490 93 192 684 468 437 605 248
674 601 510 483 862 943 284 559 358 367 425 892 998 902 662 69 924 527 55 866
826 18 272 574 134 271 463 650 931 685 542 133 374 136 6 554 307 504 907 162
762 926 693 684 19 647 587 34 706 652 728 330 58 255 805 945 91 56 610 414
472 187 146 925 710 456 179 953 703 315 702 417 825 66 395 878 397 972 532 507
743 350 594 403 20 828 215 826 890 112 149 126 161 200 242 681 935 380 449 654
781 532 905 88 631 681 402 174 67 12 454 821 563 123 518 401 705 611 311 166
742 916 684 675 387 916 126 829 466 449 802 288 916 423 785 56 594 479 393 767
130 973 966 726 986 394 846 551 63 168 566 986 580 782 920 188 758 916 745 340
957 544 285 303 181 193 88 109 531 414 356 287 454 169 979 659 215 803 610 196
426 739 806 614 964 985 813 230 831 163 324 642 270 141 529 440 160 396 744 130
383 331 276 210 514 366 806 243 161 306 705 880 286 951 118 401 447 187 470 746
740 111 555 510 3 284 955 945 963 110 62 64 849 752 377 756 608 663 39 199
59 81 956 918 912 525 499 697 654 933 753 46 551 731 721 323 689 319 544 322
487 441 517 538 57 392 670 316 47 118 548 514 257 991 31 398 455 705 948 503
617 151 852 348 831 965 169 412 419 350 698 407 274 173 199 73 395 415 434 242
972 768 358 185 14 929 516 883 353 993 707 83 894 359 220 790 468 405 862 930
162 335 60 560 21 55 740 559 126 994 442 454 546 112 717 853 347 914 955 408
377 741 489 242 714 755 574 145 305 899 780 762 228 813 10 136 414 477 524 561
416 411 195 125 101 898 148 352 174 964 703 597 762 746 268 527 600 605 270 431
435 900 506 291 552 900 578 975 315 112 590 371 312 55 652 888 944 749 42 599
790 416 765 527 753 273 354 839 83 882 167 770 164 286 754 219 693 941 509 218
192 535 230 620 206 835 544 669 593 521 210 732 746 54 573 85 105 347 484 985
93 447 944 465 8 813 720 714 498 353 288 807 220 174 718 157 806 462 793 371
349 690 761 703 849 345 409 878 738 384 288 691 786 827 789 405 729 51 281 209
154 218 611 304 8 717 423 371 392 82 760 281 837 365 506 968 110 517 636 225
596 737 101 115 256 593 843 712 634 85 589 21 56 840 229 282 431 300 386 316
895 440 987 510 860 520 2 584 653 755 253 952 38 569 893 963 222 168 47 760
86 193 8 226 225 864 666 178 592 412 631 657 548 246 857 610 650 834 173 552
95 489 626 481 988 964 525 421 361 823 325 742 98 741 450 551 392 335 449 705
187 816 712 383 385 746 18 227 344 67 715 233 663 873 760 860 72 8 955 339
239 925 188 151 620 29 55 878 331 309 982 413 447 494 988 97 901 272 165 430
759 791 200 571 314 167 365 517 711 926 926 597 150 880 570 332 553 21 447 752
545 4 455 452 491 564 577 232 395 750 286 145 304 834 901 545 606 765 135 817
697 360 370 782 120 591 545 159 756 245 133 874 228 120 517 140 624 221 100 415
87 740 628 259 210 716 262 153 435 501 89 249 744 932 953 668 15 530 414 255
510 505 717 73 774 107 552 386 318 680 795 781 800 296 151 515 209 217 538 111
632 133 976 727 401 568 695 784 556 684 393 135 715 391 791 289 483 285 914 557
14 179 770 971 427 945 676 872 402 754 882 456 199 638 361 818 984 992 135 486
357 336 616 272 246 274 323 278 181 363 259 474 215 62 495 818 587 990 83 836
752 175 263 968 612 528 366 104 343 519 964 266 695 217 673 357 175 950 668 757
136 926 451 205 309 405 424 701 730 900 457 360 909 232 784 697 708 604 496 532
333 669 823 482 860 800 833 87 77 824 333 65 261 37 9 77 100 295 954 461
936 774 37 939 197 235 418 685 422 777 137 286 374 863 722 444 829 350 592 135
599 197 95 335 442 133 438 637 584 741 463 189 31 623 890 505 670 475 693 888
572 942 165 161 506 267 454 115 236 650 275 751 514 798 784 854 174 829 13 891
45 14 266 272 332 502 917 616 167 674 336 950 878 403 518 659 614 31 671 463
460 201 264 922 5 250 112 617 165 450 168 671 534 894 492 333 623 106 777 35
573 739 691 141 701 218 912 809 439 486 284 785 372 504 481 514 809 842 878 21
658 26 690 634 983 671 594 240 38 638 798 948 542 124 844 228 125 272 761 279
24 711 706 819 74 250 172 442 980 254 27 576 160 400 958 511 586 625 100 522
246 365 132 665 715 444 300 950 476 576 874 111 475 478 470 20 247 350 346 795
464 709 628 136 530 951 94 645 286 468 601 53 223 488 933 266 479 452 458 703
584 775 165 114 549 607 944 923 23 786 917 697 901 649 706 295 797 497 903 694
306 957 936 964 88 103 384 87 850 540 353 102 745 622 193 781 197 903 29 151
433 498 117 382 887 775 522 21 671 115 305 46 812 997 711 373 479 986 976 547
478 526 963 46 245 498 180 812 775 965 445 685 290 432 709 436 965 429 80 321
945 236 702 816 580 379 631 231 739 889 490 548 294 35 237 575 578 928 128 408
72 356 756 592 180 710 750 622 925 705 173 476 310 287 318 694 213 461 863 711
417 185 593 957 599 363 487 132 115 211 776 487 55 847 406 48 456 653 151 402
218 577 257 880 958 921 476 991 810 337 173 459 925 2 688 547 543 469 948 159
361 762 567 995 810 85 128 754 479 936 895 612 643 586 94 815 123 710 820 246
567 159 597 252 245 163 427 836 492 231 193 855 47 601 135 631 465 187 770 954
851 475 478 872 421 177 470 311 143 297 923 120 833 675 275 121 665 528 696 899
470 362 883 829 302 459 502 998 651 602 693 16 793 4 592 553 192 345 706 519
813 625 674 19 749 290 971 720 532 815 477 330 395 896 807 553 506 234 286 748
842 616 803 872 606 714 720 246 973 16 324 305 544 248 924 661 722 998 121 545
372 915 253 803 413 267 562 682 497 617 851 8 906 815 461 267 364 979 875 675
456 785 106 314 620 611 833 239 55 827 544 487 656 407 666 614 523 532 681 383
653 285 784 163 103 687 997 161 819 827 101 946 825 952 210 205 556 989 411 601
641 726 893 312 551 69 318 255 709 547 589 882 959 729 997 576 642 417 278 108
833 432 985 716 782 766 805 802 347 91 610 739 344 320 504 605 181 713 791 899
776 839 89 583 300 641 190 988 770 23 891 300 140 342 509 374 599 155 377 992
241 832 500 691 747 515 968 494 109 216 182 581 692 621 581 858 237 715 573 823
407 603 174 839 385 844 974 439 876 994 289 664 453 611 382 320 543 37 279 361
726 40 879 700 978 987 260 623 850 873 461 88 586 187 954 277 159 115 572 510
109 400 213 199 49 960 581 823 120 390 361 87 101 552 523 293 111 261 801 780
888 230 820 922 96 683 320 979 795 200 670 870 589 46 965 411 189 749 939 540
724 59 779 965 636 283 14 996 390 361 713 657 634 18 920 585 177 886 746 830
13 988 948 18 582 976 565 183 854 318 376 991 103 100 285 414 318 700 250 754
292 970 277 572 685 978 570 138 30 516 963 416 78 625 74 83 964 158 90 661
234 829 271 463 598 832 126 920 297 601 476 676 984 408 296 144 508 833 321 897
290 512 874 878 958 584 205 58 957 128 791 382 23 287 792 993 931 750 675 217
900 336 242 3 787 318 703 366 86 997 599 5 826 934 808 554 598 636 874 867
541 870 394 647 461 643 547 87 533 649 258 982 196 636 667 583 440 1000 292 479
949 883 771 829 207 177 56 604 589 414 225 892 648 182 555 898 853 654 170 439
612 53 971 724 578 301 937 90 640 612 1000 249 900 881 218 405 659 457 377 955
897 217 709 813 694 601 776 65 575 266 971 207 788 668 83 529 531 708 529 471
621 989 616 208 172 743 327 226 707 655 417 105 705 229 402 89 430 686 258 52
980 566 988 966 370 151 939 520 313 130 539 404 410 945 25 362 164 85 727 904
