100 19
233 64 491 701 71 589 361 644 726 60 115 895 255 755 277 150 714 232 775
184 913 54 366 842 852 518 370 863 25 639 22 135 699 564 237 836 592 766
748 609 155 108 959 567 136 986 617 831 990 183 324 551 163 926 510 703 153
588 314 697 659 255 59 463 162 324 232 382 753 459 836 143 777 166 764 407
833 189 134 610 465 872 494 55 885 917 154 968 515 44 599 649 152 969 73
706 781 943 368 237 970 166 123 143 129 995 25 742 760 608 273 941 146 771
589 27 834 357 949 904 224 470 32 803 516 475 793 275 792 646 999 105 182
180 982 269 294 724 102 391 517 912 733 553 970 93 219 370 468 526 539 499
424 666 788 926 657 144 105 437 654 465 907 963 529 437 103 197 642 204 706
43 903 266 682 111 125 349 49 28 613 855 88 736 272 290 493 909 493 217
785 641 905 130 667 990 96 309 82 378 874 585 871 908 690 588 483 917 207
449 891 132 933 142 920 392 760 235 305 49 385 533 901 400 32 880 281 344
387 814 33 237 895 814 975 501 185 439 551 174 231 800 132 341 192 847 651
409 839 136 149 898 763 85 700 703 971 338 897 942 573 491 647 749 223 404
949 928 505 819 738 766 671 881 57 748 847 714 618 30 112 42 513 446 635
447 87 282 994 235 682 739 455 767 229 258 874 747 610 761 256 415 729 443
220 697 951 193 308 116 824 980 19 688 226 567 396 862 547 543 932 620 330
593 577 551 444 495 38 802 492 584 793 563 136 84 660 25 611 439 115 400
546 943 692 820 221 277 345 931 48 818 689 271 307 687 822 994 448 136 911
331 98 380 414 235 414 554 518 146 913 480 584 650 849 756 15 177 279 692
345 484 450 721 697 35 863 579 280 732 955 402 369 417 36 274 140 789 951
917 96 499 14 664 118 787 312 976 710 755 874 102 923 837 524 966 187 613
382 140 403 137 23 691 358 272 504 436 178 174 668 704 499 930 66 476 691
388 847 582 700 724 368 469 438 173 251 291 248 564 115 862 354 625 695 957
774 850 773 869 527 683 493 436 381 416 324 664 364 694 981 900 228 967 95
54 239 995 552 499 360 118 288 49 37 675 166 201 235 385 467 983 298 801
448 964 347 718 471 834 728 312 191 261 48 726 17 275 697 187 433 959 643
820 656 153 285 383 775 96 52 760 204 37 158 658 76 906 868 873 729 560
650 644 634 556 462 428 895 910 406 986 161 565 784 465 855 254 966 624 418
480 174 33 899 602 363 188 515 92 37 186 864 511 953 321 700 189 940 506
142 158 456 46 558 816 448 428 777 167 236 898 902 80 698 184 965 848 522
267 27 369 57 904 765 642 676 788 995 258 108 529 968 713 772 757 860 871
604 651 932 435 317 503 419 337 542 880 795 872 950 71 12 902 615 747 719
735 364 707 691 519 896 897 633 829 432 515 963 246 70 541 639 466 955 667
829 807 35 529 622 122 572 215 721 872 4 335 674 164 654 296 671 430 695
520 758 856 698 894 620 434 206 967 829 196 394 337 875 147 602 580 892 282
725 425 191 621 395 691 458 780 960 149 518 517 567 853 587 69 552 518 509
517 274 309 527 840 373 152 250 702 992 173 99 582 8 716 724 28 134 752
504 752 268 761 177 178 207 931 939 72 730 81 651 124 820 668 466 975 762
388 403 95 422 145 840 250 955 595 132 353 670 207 555 668 661 70 750 939
230 921 322 561 547 340 669 915 978 10 443 226 953 662 851 432 998 210 48
386 45 539 485 624 754 406 31 260 468 682 392 233 477 220 898 929 450 28
75 334 54 293 483 197 614 991 395 798 659 852 104 15 112 452 92 161 221
692 803 822 456 739 881 272 102 317 285 342 523 195 664 220 421 11 9 12
962 218 59 440 754 410 785 647 102 601 523 118 465 652 992 822 823 86 985
637 660 417 402 101 384 367 640 951 660 506 561 470 27 632 504 571 163 32
402 253 822 851 584 396 643 631 171 430 161 866 594 354 152 831 436 987 639
249 816 780 318 863 441 596 328 538 686 858 86 992 865 69 717 96 968 549
446 486 9 424 504 637 800 140 16 96 996 608 13 359 888 638 480 74 832
399 598 194 566 125 568 588 61 733 137 116 432 571 82 129 813 955 926 178
968 640 950 219 745 877 172 404 985 445 236 400 488 177 807 702 619 252 34
426 267 385 864 305 969 290 293 948 654 892 948 855 449 937 476 867 755 996
99 479 712 189 437 1000 378 483 464 162 73 875 77 157 225 333 842 136 791
113 237 514 854 199 540 99 386 177 510 245 878 28 582 91 392 478 612 58
293 469 715 389 82 638 785 774 39 777 726 815 479 361 726 706 908 182 826
279 296 430 127 690 637 209 312 363 16 310 437 385 138 755 718 559 964 399
871 341 665 793 323 517 205 156 489 596 504 902 321 320 303 454 914 921 18
865 350 377 940 657 361 953 725 67 822 354 601 853 619 445 88 948 577 668
759 779 186 260 139 445 979 301 466 4 211 764 21 53 955 24 445 555 827
130 711 38 303 588 564 140 483 17 647 878 794 819 872 345 808 882 566 911
122 534 328 514 517 626 126 492 622 344 121 827 602 946 419 489 712 241 96
205 702 395 313 266 101 984 284 686 882 748 823 141 242 499 917 977 296 525
460 891 273 8 221 370 400 437 644 502 222 273 842 255 177 432 233 153 883
116 22 611 737 727 469 237 228 355 53 904 219 713 873 729 448 548 399 883
529 912 368 794 858 885 411 40 281 432 269 153 892 65 90 203 199 83 453
361 56 635 271 437 510 897 23 910 67 594 266 821 19 832 206 388 319 784
49 627 102 759 327 732 610 400 957 203 352 744 715 544 201 387 629 649 582
944 414 297 69 16 930 653 236 103 418 483 920 329 714 516 833 17 929 239
486 490 244 448 593 634 170 191 425 76 666 324 347 194 651 256 139 669 917
570 319 640 585 495 617 71 499 266 270 396 562 906 847 100 96 152 240 58
130 462 879 853 430 399 8 757 775 492 865 431 934 629 309 695 960 443 83
567 871 146 472 285 430 813 299 713 285 898 793 15 533 800 567 863 485 877
473 481 943 31 67 14 207 763 727 536 232 461 484 278 739 13 625 557 268
592 880 393 938 128 644 362 835 311 7 584 876 556 149 239 481 770 785 774
963 621 45 674 644 287 376 886 454 801 534 159 216 267 163 795 547 469 745
942 568 698 20 328 433 298 38 564 33 307 733 898 818 948 158 424 592 909
516 545 621 754 743 460 572 745 499 307 277 21 112 695 53 835 867 225 693
935 766 374 920 628 360 528 196 289 836 735 867 83 404 928 448 358 42 774
633 238 381 14 584 921 496 106 297 975 843 513 250 690 867 521 170 413 433
197 394 753 468 144 441 159 935 128 982 657 14 146 992 889 449 496 901 444
238 295 824 523 23 262 540 778 877 601 903 297 123 78 450 498 155 837 645
898 672 61 316 256 283 563 724 553 30 109 826 411 115 622 658 115 890 107
857 560 24 969 291 955 867 575 449 569 38 199 454 391 586 715 588 113 118
786 874 232 194 498 602 860 153 971 386 565 239 940 301 392 678 394 94 734
694 789 825 552 680 850 610 680 934 352 564 151 671 533 687 80 33 104 771
235 535 256 564 90 764 432 208 17 153 844 302 521 451 944 960 384 171 821
959 718 874 627 743 307 211 717 450 96 864 354 378 535 691 874 218 13 648
350 513 809 377 143 201 996 422 919 445 971 15 866 692 13 709 817 418 677
952 238 556 148 180 503 246 799 450 514 372 856 855 481 587 860 446 327 451
306 178 736 985 243 400 427 360 21 547 640 913 939 955 602 168 929 363 214
93 695 932 401 641 868 514 899 251 149 320 918 931 674 405 297 356 118 784
197 287 530 972 208 596 912 369 25 308 474 595 595 713 694 822 981 757 74
724 583 39 836 796 235 99 361 690 79 28 512 898 463 353 922 241 640 534
864 3 739 46 856 579 25 641 246 909 731 715 379 892 347 868 341 487 765
533 618 439 788 985 54 180 300 881 640 719 738 265 690 894 851 262 55 285
881 271 303 136 945 779 403 889 595 810 904 139 571 582 353 576 818 702 958
205 374 377 294 832 172 712 663 745 336 617 159 780 529 744 429 726 426 968
4 200 410 705 169 949 848 418 839 750 759 450 783 140 817 299 410 697 484
961 890 100 486 441 744 204 48 306 25 118 58 416 342 906 646 936 226 652
214 184 603 588 607 470 692 933 100 447 304 730 390 646 708 881 401 85 705
