14 59
234 702 15 396 692 149 168 819 911 93 9 219 105 662 600 308 593 725 397 244 437 170 514 987 599 929 572 473 183 465 491 675 345 989 732 403 23 729 161 551 629 569 535 889 14 317 943 21 594 815 493 636 186 939 119 10 79 243 877
607 319 798 215 42 540 101 109 214 110 779 359 141 593 160 86 35 798 197 909 202 304 985 665 959 379 754 76 364 962 371 503 866 125 924 762 708 489 358 382 542 108 463 749 961 915 777 844 535 33 49 169 392 202 736 208 568 221 376
828 519 148 210 344 139 34 295 503 720 210 391 649 993 873 819 785 105 399 266 98 516 789 328 64 231 203 292 159 54 572 222 926 417 683 583 399 543 978 200 440 963 548 877 101 96 88 974 324 629 695 549 606 54 238 729 452 234 451
81 709 212 185 721 789 860 681 678 247 826 408 561 4 821 429 360 664 485 400 117 242 655 180 517 954 415 418 553 368 21 871 634 321 244 230 618 338 793 834 957 858 732 129 820 552 500 987 97 287 52 5 366 121 307 145 367 365 900
684 27 673 113 8 943 170 250 701 834 942 461 900 93 373 722 755 72 972 832 91 9 284 987 661 665 406 258 304 895 356 138 948 905 938 543 657 395 838 776 290 323 839 760 385 702 929 238 242 872 443 997 555 945 870 368 250 172 285
526 596 682 771 337 834 545 556 348 709 389 948 800 391 528 675 731 416 846 167 259 337 519 413 371 679 252 735 839 551 200 107 452 934 366 421 414 58 356 637 943 846 891 626 897 990 208 887 107 358 606 948 380 843 710 374 999 287 285
699 22 866 406 255 561 792 24 218 656 902 254 315 375 492 685 135 46 541 381 267 322 76 976 333 142 742 499 731 634 942 212 817 199 906 488 862 786 262 719 173 850 912 874 948 585 721 198 217 421 779 589 670 46 941 787 7 356 248
424 767 944 2 439 690 598 35 321 914 168 766 580 693 746 203 903 132 506 816 699 979 492 860 31 675 822 437 108 418 347 475 164 506 199 692 11 940 879 958 399 584 249 782 173 138 532 702 555 380 928 679 712 912 148 369 702 321 23
926 342 394 655 598 990 255 29 642 251 825 913 337 16 554 604 392 149 275 182 857 727 704 650 488 986 527 783 398 44 488 483 503 762 452 693 545 815 930 747 79 396 402 5 123 945 110 276 887 6 129 386 743 467 703 154 2 286 735
717 113 3 296 121 42 195 460 578 744 270 537 444 567 580 819 237 426 107 147 514 398 891 34 626 797 256 231 228 372 99 210 233 202 683 269 80 143 220 941 904 333 795 317 592 554 40 173 783 789 858 521 635 598 958 642 569 660 667
102 993 243 548 864 621 278 139 777 200 989 18 318 687 254 39 591 703 212 179 276 884 656 605 910 158 43 426 253 736 71 975 72 799 637 509 784 108 548 28 225 58 183 960 316 266 180 530 425 818 19 531 372 322 388 242 488 801 65
470 380 890 875 586 763 842 454 409 355 302 810 11 117 758 182 323 128 528 134 27 258 57 192 798 573 947 585 531 994 19 973 11 849 405 121 84 81 396 879 773 944 745 669 41 408 289 247 676 567 657 585 329 74 165 305 476 562 260
588 918 174 488 852 990 40 95 262 204 932 895 279 221 458 54 447 724 212 67 240 871 469 363 924 827 570 212 485 103 512 528 467 185 705 67 529 598 251 846 472 636 664 621 452 610 137 269 938 886 136 529 304 253 952 547 473 275 574
806 526 643 771 435 786 823 470 612 540 103 645 548 173 960 924 159 534 80 463 793 575 512 360 988 492 276 154 709 493 359 358 327 331 496 90 847 348 234 276 148 384 626 920 726 846 958 92 351 196 133 181 268 591 20 544 198 312 557
