53 52
930 219 619 445 197 800 210 657 709 376 289 556 203 604 383 43 247 723 341 624 447 104 661 323 838 213 567 966 197 557 431 982 335 291 784 593 716 444 898 767 44 542 174 196 182 872 453 974 638 919 437 448
469 976 66 940 397 458 770 183 229 535 420 934 280 403 586 49 312 333 573 252 950 815 2 861 754 134 603 151 736 633 582 584 317 66 707 237 197 647 727 292 72 971 374 966 319 199 366 829 738 830 597 818
776 180 588 711 68 900 428 629 963 6 992 508 687 52 646 837 979 985 914 170 219 406 736 65 272 378 106 406 157 535 1000 255 70 628 330 898 314 606 758 828 238 742 282 666 915 13 740 317 911 363 81 765
991 753 58 49 910 762 400 576 956 439 2 384 588 418 27 559 679 184 746 126 398 908 933 467 960 168 316 479 758 654 751 599 500 512 896 220 949 487 858 823 753 794 802 730 980 390 512 483 459 413 484 748
515 923 441 592 534 107 497 283 912 188 50 616 335 227 409 588 427 179 929 916 383 418 687 927 261 289 357 728 77 891 486 914 993 384 221 547 767 517 919 839 560 18 951 515 900 202 761 945 757 535 367 79
683 633 62 27 871 756 292 798 424 479 192 304 409 700 433 698 238 861 929 854 747 35 454 497 398 791 406 288 212 678 376 971 465 445 146 45 98 839 588 461 968 142 960 155 882 510 639 965 558 660 579 235
323 106 711 69 523 201 896 793 64 73 296 725 70 585 543 899 129 496 285 985 93 46 398 815 755 909 24 832 173 358 586 938 163 19 651 235 509 596 216 483 287 226 796 793 535 884 711 492 553 868 759 82
232 192 448 916 244 633 654 429 994 794 419 959 3 481 312 167 990 915 496 436 711 770 334 319 866 387 512 617 832 716 944 993 639 143 808 450 269 817 349 742 807 681 630 839 402 862 636 828 808 956 488 260
922 857 908 888 115 430 734 492 741 103 253 578 901 824 455 959 982 236 541 100 764 840 322 321 212 696 148 567 325 542 466 17 983 644 667 739 207 622 956 78 815 272 468 42 524 840 146 364 651 95 637 14
335 674 17 553 331 177 76 441 341 173 444 179 120 807 645 654 781 681 386 785 283 341 182 491 817 948 18 349 587 635 174 516 234 333 284 182 11 730 559 848 527 521 379 221 347 266 397 153 300 920 313 944
691 315 463 578 737 994 60 173 157 158 788 835 518 459 119 618 330 222 664 911 641 880 203 901 987 973 695 583 441 403 692 6 265 299 624 223 222 866 266 358 915 205 908 604 323 82 484 9 795 916 131 642
764 632 672 714 679 403 640 875 328 614 758 648 834 541 264 827 109 692 559 859 962 315 596 987 43 609 885 506 436 812 301 805 179 155 888 791 21 409 305 289 567 750 423 277 92 648 950 482 462 598 586 580
349 477 227 430 303 954 548 264 143 798 949 250 176 166 644 576 623 393 150 740 380 783 616 228 955 630 679 30 75 648 534 535 637 397 538 72 398 951 990 82 395 704 824 405 907 918 450 598 935 962 870 740
449 692 957 276 468 273 849 468 485 781 882 955 289 755 525 276 604 57 554 229 621 996 680 991 847 925 843 582 683 661 980 602 241 502 530 661 208 418 715 865 951 647 897 474 289 143 497 466 543 63 920 861
616 962 92 721 832 953 251 716 681 182 408 124 822 853 135 855 653 609 650 966 986 27 558 198 975 822 354 556 150 937 702 288 892 810 251 922 316 251 61 669 997 950 352 919 445 724 487 153 420 119 459 663
453 995 307 97 271 626 240 505 358 926 860 204 467 690 110 595 826 245 195 204 427 587 64 364 44 677 690 795 832 99 909 141 277 436 785 419 905 599 455 821 267 583 208 26 533 566 870 662 743 704 562 208
546 573 472 443 894 157 523 387 793 515 316 152 300 123 354 219 794 84 68 984 595 568 337 394 83 91 609 815 692 942 437 131 125 125 436 323 65 685 464 911 411 913 159 26 461 89 677 875 720 216 499 978
73 664 455 987 539 268 453 360 330 275 442 172 595 22 832 398 670 50 785 538 163 169 169 335 283 442 628 25 201 24 874 318 432 792 954 449 172 908 976 260 420 163 525 802 719 246 570 305 128 534 247 973
469 875 188 506 115 360 725 835 162 366 595 798 945 647 808 391 721 832 891 945 80 829 127 703 911 55 296 961 447 922 575 3 380 646 144 455 475 947 591 356 51 474 268 699 267 455 137 818 215 184 482 17
280 75 152 201 522 635 756 135 862 854 141 525 863 596 414 634 196 376 311 798 579 705 159 687 94 707 128 816 598 178 920 183 291 579 829 164 297 110 18 577 813 20 568 62 502 399 84 848 520 730 927 364
364 214 398 823 976 359 681 652 483 526 649 664 765 177 754 99 485 722 230 772 681 433 761 685 168 12 433 391 494 572 805 73 686 151 839 259 528 607 910 838 779 122 387 317 895 265 570 161 565 900 712 524
52 317 642 808 801 56 950 920 358 975 27 837 949 691 277 539 778 190 86 407 233 531 845 784 355 311 675 134 188 898 667 486 586 183 406 448 582 383 730 891 421 803 916 621 863 75 432 562 792 254 558 713
551 610 400 55 60 493 832 691 219 991 44 536 13 732 209 755 167 207 454 521 613 269 539 224 967 689 727 16 655 45 421 393 983 486 529 548 43 924 160 120 155 276 941 394 426 467 575 188 14 316 469 254
217 535 188 255 564 199 990 344 435 690 478 867 640 367 447 358 78 874 728 567 957 573 929 515 64 387 288 327 801 248 956 887 765 400 173 556 123 105 541 825 639 385 918 720 254 218 466 456 36 336 657 113
654 39 182 212 398 88 564 328 761 996 85 357 235 822 296 927 132 772 432 97 646 714 830 265 465 130 14 173 643 482 41 721 509 225 213 907 258 881 484 576 60 129 805 469 279 374 207 36 968 474 605 869
564 646 427 801 91 581 779 112 348 119 781 86 202 184 713 888 472 180 275 578 20 349 826 961 435 871 829 977 851 806 456 679 610 426 820 716 338 920 332 167 392 814 563 973 258 323 731 959 281 337 886 353
900 86 625 321 811 754 400 325 28 625 6 230 91 480 753 719 218 91 636 95 68 448 235 949 131 329 557 131 949 666 808 253 537 907 485 840 847 665 736 230 137 69 956 755 429 691 902 337 888 22 831 733
237 177 159 261 171 694 835 491 746 876 566 312 29 152 503 782 847 283 362 763 865 640 496 571 434 943 831 378 794 619 573 200 389 873 386 707 158 18 426 938 808 135 624 565 122 73 188 476 735 708 917 830
231 547 152 80 76 160 267 723 740 532 584 13 33 526 861 205 172 771 633 177 738 333 654 848 838 195 273 537 227 969 729 472 750 869 901 921 864 995 657 520 304 466 333 357 779 490 396 768 709 206 36 298
433 183 301 202 71 487 492 550 200 273 846 906 431 157 563 127 96 244 344 406 485 106 950 760 976 529 105 860 484 660 555 763 105 949 337 870 81 17 761 633 414 872 360 648 349 273 779 659 967 364 36 110
676 980 745 167 754 603 977 85 990 42 856 865 226 920 699 740 979 982 775 432 194 307 677 613 729 837 715 644 11 33 20 364 430 292 887 549 907 694 304 35 516 698 445 315 47 37 169 320 707 502 670 492
734 232 192 625 825 591 958 513 225 466 980 983 563 444 203 356 673 505 255 320 670 663 697 933 294 549 375 851 118 367 827 476 470 381 368 658 627 51 932 497 927 887 74 262 549 454 627 392 685 171 267 148
851 400 533 88 74 676 539 882 442 504 498 169 896 266 842 831 721 18 271 68 16 618 810 231 998 742 790 899 646 859 853 66 798 648 297 111 295 530 779 794 591 56 563 551 969 113 830 947 139 700 235 141
124 83 481 697 214 622 987 826 301 499 352 734 908 343 820 344 333 945 828 717 958 858 674 306 534 692 634 155 68 814 782 855 446 466 119 509 148 780 672 8 417 568 770 709 231 686 230 718 374 98 171 287
856 427 494 235 894 277 480 340 230 916 824 632 239 133 12 255 933 666 971 712 226 206 882 234 53 29 369 477 117 421 766 79 792 641 995 110 664 673 233 659 489 78 732 308 129 46 649 257 808 767 487 539
140 936 471 559 674 738 603 689 196 962 749 390 232 183 7 330 258 894 540 988 832 256 372 350 11 302 614 545 181 915 484 779 151 115 953 491 750 432 525 563 545 398 899 722 516 949 723 588 119 827 205 767
812 536 812 810 340 253 569 219 553 838 840 926 16 106 345 713 522 227 491 950 249 477 416 855 383 789 275 210 318 497 789 463 277 801 702 313 109 969 250 964 365 949 109 406 796 335 663 911 92 471 346 28
517 33 762 833 219 832 420 691 604 827 415 348 598 100 964 68 157 11 217 230 707 908 59 85 903 711 538 742 261 413 674 679 235 363 949 581 966 114 181 86 579 837 545 156 574 132 859 175 471 521 870 570
543 955 74 262 506 808 667 870 282 647 881 445 677 280 144 91 288 252 192 479 953 865 666 284 253 728 277 759 288 953 221 328 247 396 511 226 465 193 108 745 456 699 556 203 948 632 54 233 572 921 524 443
716 479 386 425 618 101 540 661 86 366 181 806 813 865 99 559 111 653 15 526 985 725 450 90 714 168 233 125 748 529 436 686 372 401 70 858 282 290 379 970 991 27 431 760 842 593 790 671 682 857 408 74
206 780 830 819 963 137 126 891 442 786 773 889 493 481 80 322 862 475 294 794 212 662 360 240 291 639 313 845 702 880 12 272 708 349 905 403 540 414 763 422 471 454 969 288 820 986 767 516 746 537 575 439
426 763 853 123 139 960 278 832 455 516 940 54 771 336 238 580 580 13 839 176 164 453 928 482 919 863 666 540 756 540 581 501 704 851 178 536 892 478 234 4 30 733 113 187 869 131 843 218 506 340 942 117
589 545 956 600 595 275 660 150 568 803 489 35 223 636 714 602 952 443 105 441 677 992 949 567 919 661 688 320 476 980 583 924 274 83 15 319 138 556 439 314 226 698 353 82 179 439 832 917 777 63 296 116
182 244 587 431 135 82 533 131 408 327 241 775 376 473 554 884 616 541 250 288 28 928 592 465 643 529 959 510 33 802 676 152 258 742 806 894 111 448 767 107 358 19 830 462 541 595 846 619 232 173 719 461
839 515 99 889 305 523 541 83 291 351 355 919 633 622 187 389 496 878 932 806 140 715 432 558 25 799 534 30 125 340 655 769 668 897 782 993 607 872 347 781 994 998 791 707 124 139 776 748 493 434 275 706
824 934 624 589 786 241 293 175 363 374 793 897 554 133 798 661 787 626 660 989 182 368 533 4 972 642 8 288 348 369 625 73 150 453 607 857 70 996 421 35 35 22 419 696 145 55 887 940 980 12 568 562
636 575 679 247 697 446 627 847 2 300 469 540 333 548 310 277 249 210 133 207 172 932 648 973 917 292 947 802 136 220 852 866 728 839 37 373 151 835 125 9 204 77 386 935 605 347 616 677 835 404 970 892
958 644 878 749 809 371 50 662 16 27 249 530 139 262 309 764 978 54 482 42 99 24 536 595 853 206 397 229 610 936 859 445 369 386 694 177 977 746 781 591 258 97 951 746 819 884 137 803 230 278 890 504
33 132 97 73 218 750 490 736 494 177 569 770 830 768 219 518 320 55 946 124 6 251 533 696 635 682 51 374 62 276 178 979 89 703 198 100 296 484 206 229 962 254 429 872 795 371 277 846 172 138 655 652
660 557 426 863 16 698 372 405 587 602 581 258 493 838 789 635 46 986 92 83 425 818 751 540 235 86 122 462 359 162 340 590 516 913 501 385 107 89 35 681 455 513 697 211 591 292 726 898 113 483 858 505
311 942 62 738 337 408 745 542 803 651 413 499 503 921 970 441 175 673 757 481 542 37 765 672 417 897 620 466 949 483 178 160 863 792 676 312 765 550 691 345 580 291 40 69 727 140 574 150 748 42 487 968
849 143 106 172 844 452 831 302 755 723 524 75 315 250 491 937 723 327 915 980 579 855 629 795 977 441 259 632 512 175 1000 506 411 158 215 931 293 995 677 651 734 161 38 108 144 831 338 218 241 278 697 259
914 1000 374 213 23 551 871 31 207 535 504 63 21 224 355 114 73 356 749 561 754 64 210 86 732 695 155 832 640 17 98 551 25 345 376 957 544 543 239 476 774 15 137 586 978 850 63 155 320 707 486 408
